{"00ebbf3782c64d74aaf7dd39cd561175_d0_0.png": {"intrinsics": {"fx": 1075.72, "fy": 1075.66, "cx": 636.877, "cy": 515.013}, "camera_to_world_matrix": [-0.73677, -0.438446, -0.514718, 3.52064, -0.675941, 0.496262, 0.544819, -0.501891, 0.0165615, 0.749326, -0.661995, 1.54282, 0.0, 0.0, 0.0, 1.0]}, "00ebbf3782c64d74aaf7dd39cd561175_d0_1.png": {"intrinsics": {"fx": 1075.72, "fy": 1075.66, "cx": 636.877, "cy": 515.013}, "camera_to_world_matrix": [-0.953749, 0.211332, 0.213781, 3.50647, 0.300171, 0.631344, 0.715054, -0.505191, 0.0161444, 0.746152, -0.665579, 1.54289, 0.0, 0.0, 0.0, 1.0]}, "00ebbf3782c64d74aaf7dd39cd561175_d0_2.png": {"intrinsics": {"fx": 1075.72, "fy": 1075.66, "cx": 636.877, "cy": 515.013}, "camera_to_world_matrix": [-0.216901, 0.653201, 0.725453, 3.49653, 0.976122, 0.136149, 0.169259, -0.494569, 0.0117899, 0.744843, -0.667135, 1.54292, 0.0, 0.0, 0.0, 1.0]}, "00ebbf3782c64d74aaf7dd39cd561175_d0_3.png": {"intrinsics": {"fx": 1075.72, "fy": 1075.66, "cx": 636.877, "cy": 515.013}, "camera_to_world_matrix": [0.736908, 0.445283, 0.508615, 3.50076, 0.675947, -0.494116, -0.546758, -0.480646, 0.00785256, 0.746707, -0.665106, 1.54288, 0.0, 0.0, 0.0, 1.0]}, "00ebbf3782c64d74aaf7dd39cd561175_d0_4.png": {"intrinsics": {"fx": 1075.72, "fy": 1075.66, "cx": 636.877, "cy": 515.013}, "camera_to_world_matrix": [0.953849, -0.2045, -0.219891, 3.51493, -0.300173, -0.629173, -0.716964, -0.477347, 0.00826982, 0.749881, -0.661521, 1.54281, 0.0, 0.0, 0.0, 1.0]}, "00ebbf3782c64d74aaf7dd39cd561175_d0_5.png": {"intrinsics": {"fx": 1075.72, "fy": 1075.66, "cx": 636.877, "cy": 515.013}, "camera_to_world_matrix": [0.216975, -0.64635, -0.731542, 3.52487, -0.976096, -0.133961, -0.171149, -0.48797, 0.0126244, 0.75119, -0.659965, 1.54278, 0.0, 0.0, 0.0, 1.0]}, "00ebbf3782c64d74aaf7dd39cd561175_d1_0.png": {"intrinsics": {"fx": 1075.94, "fy": 1076.09, "cx": 629.693, "cy": 501.638}, "camera_to_world_matrix": [-0.729995, 0.00798594, -0.683406, 3.51324, -0.683354, 0.00847387, 0.730038, -0.493776, 0.011621, 0.999932, -0.000728289, 1.57609, 0.0, 0.0, 0.0, 1.0]}, "00ebbf3782c64d74aaf7dd39cd561175_d1_1.png": {"intrinsics": {"fx": 1075.94, "fy": 1076.09, "cx": 629.693, "cy": 501.638}, "camera_to_world_matrix": [-0.956787, 0.0123707, 0.290529, 3.50983, 0.290574, 0.00201265, 0.956851, -0.49457, 0.011252, 0.999922, -0.00551992, 1.5761, 0.0, 0.0, 0.0, 1.0]}, "00ebbf3782c64d74aaf7dd39cd561175_d1_2.png": {"intrinsics": {"fx": 1075.94, "fy": 1076.09, "cx": 629.693, "cy": 501.638}, "camera_to_world_matrix": [-0.226736, 0.0089675, 0.973915, 3.50744, 0.973932, -0.00501523, 0.226786, -0.492015, 0.00691798, 0.999948, -0.00759623, 1.57611, 0.0, 0.0, 0.0, 1.0]}, "00ebbf3782c64d74aaf7dd39cd561175_d1_3.png": {"intrinsics": {"fx": 1075.94, "fy": 1076.09, "cx": 629.693, "cy": 501.638}, "camera_to_world_matrix": [0.730089, 0.00117961, 0.683352, 3.50846, 0.683346, -0.00558174, -0.730073, -0.488665, 0.00295295, 0.999984, -0.00488087, 1.5761, 0.0, 0.0, 0.0, 1.0]}, "00ebbf3782c64d74aaf7dd39cd561175_d1_4.png": {"intrinsics": {"fx": 1075.94, "fy": 1076.09, "cx": 629.693, "cy": 501.638}, "camera_to_world_matrix": [0.956842, -0.00320491, -0.290592, 3.51187, -0.29059, 0.000879651, -0.956847, -0.487872, 0.00332209, 0.999995, -8.92584e-05, 1.57609, 0.0, 0.0, 0.0, 1.0]}, "00ebbf3782c64d74aaf7dd39cd561175_d1_5.png": {"intrinsics": {"fx": 1075.94, "fy": 1076.09, "cx": 629.693, "cy": 501.638}, "camera_to_world_matrix": [0.226765, 0.000198574, -0.97395, 3.51426, -0.97392, 0.0079074, -0.226756, -0.490427, 0.00765625, 0.999969, 0.00198689, 1.57608, 0.0, 0.0, 0.0, 1.0]}, "00ebbf3782c64d74aaf7dd39cd561175_d2_0.png": {"intrinsics": {"fx": 1074.61, "fy": 1074.93, "cx": 630.692, "cy": 523.124}, "camera_to_world_matrix": [-0.728354, 0.466698, -0.50169, 3.52095, -0.68513, -0.485575, 0.542967, -0.501795, 0.00979302, 0.739196, 0.673419, 1.60931, 0.0, 0.0, 0.0, 1.0]}, "00ebbf3782c64d74aaf7dd39cd561175_d2_1.png": {"intrinsics": {"fx": 1074.61, "fy": 1074.93, "cx": 630.692, "cy": 523.124}, "camera_to_world_matrix": [-0.957507, -0.186404, 0.220078, 3.50678, 0.288256, -0.643483, 0.709111, -0.505095, 0.00943564, 0.742417, 0.669871, 1.60938, 0.0, 0.0, 0.0, 1.0]}, "00ebbf3782c64d74aaf7dd39cd561175_d2_2.png": {"intrinsics": {"fx": 1074.61, "fy": 1074.93, "cx": 630.692, "cy": 523.124}, "camera_to_world_matrix": [-0.229106, -0.649703, 0.724843, 3.49683, 0.973388, -0.156822, 0.167099, -0.494473, 0.00510657, 0.743837, 0.668342, 1.60941, 0.0, 0.0, 0.0, 1.0]}, "00ebbf3782c64d74aaf7dd39cd561175_d2_3.png": {"intrinsics": {"fx": 1074.61, "fy": 1074.93, "cx": 630.692, "cy": 523.124}, "camera_to_world_matrix": [0.728431, -0.45989, 0.507828, 3.50106, 0.685118, 0.487735, -0.541043, -0.48055, 0.00113495, 0.742035, 0.67036, 1.60938, 0.0, 0.0, 0.0, 1.0]}, "00ebbf3782c64d74aaf7dd39cd561175_d2_4.png": {"intrinsics": {"fx": 1074.61, "fy": 1074.93, "cx": 630.692, "cy": 523.124}, "camera_to_world_matrix": [0.957545, 0.193218, -0.213947, 3.51523, -0.288278, 0.645618, -0.707159, -0.477251, 0.00149246, 0.738813, 0.673908, 1.60931, 0.0, 0.0, 0.0, 1.0]}, "00ebbf3782c64d74aaf7dd39cd561175_d2_5.png": {"intrinsics": {"fx": 1074.61, "fy": 1074.93, "cx": 630.692, "cy": 523.124}, "camera_to_world_matrix": [0.229118, 0.656498, -0.718691, 3.52517, -0.973381, 0.158939, -0.165128, -0.487873, 0.00582165, 0.737394, 0.675438, 1.60928, 0.0, 0.0, 0.0, 1.0]}, "08115b08da534f1aafff2fa81fc73512_d0_0.png": {"intrinsics": {"fx": 1075.72, "fy": 1075.66, "cx": 636.877, "cy": 515.013}, "camera_to_world_matrix": [0.607892, -0.529561, -0.591636, 0.482987, -0.794019, -0.406778, -0.451736, 3.05225, -0.00144271, 0.744377, -0.667758, 0.650183, 0.0, 0.0, 0.0, 1.0]}, "08115b08da534f1aafff2fa81fc73512_d0_1.png": {"intrinsics": {"fx": 1075.72, "fy": 1075.66, "cx": 636.877, "cy": 515.013}, "camera_to_world_matrix": [-0.383626, -0.606401, -0.696498, 0.485015, -0.923488, 0.252365, 0.288931, 3.03785, 0.000564185, 0.754049, -0.656818, 0.64997, 0.0, 0.0, 0.0, 1.0]}, "08115b08da534f1aafff2fa81fc73512_d0_2.png": {"intrinsics": {"fx": 1075.72, "fy": 1075.66, "cx": 636.877, "cy": 515.013}, "camera_to_world_matrix": [-0.991462, -0.0739235, -0.107421, 0.473552, -0.129623, 0.648501, 0.750096, 3.02889, 0.014213, 0.757616, -0.652546, 0.649887, 0.0, 0.0, 0.0, 1.0]}, "08115b08da534f1aafff2fa81fc73512_d0_3.png": {"intrinsics": {"fx": 1075.72, "fy": 1075.66, "cx": 636.877, "cy": 515.013}, "camera_to_world_matrix": [-0.607766, 0.535382, 0.586504, 0.46006, 0.793695, 0.385484, 0.470585, 3.03433, 0.0258547, 0.751511, -0.659214, 0.650017, 0.0, 0.0, 0.0, 1.0]}, "08115b08da534f1aafff2fa81fc73512_d0_4.png": {"intrinsics": {"fx": 1075.72, "fy": 1075.66, "cx": 636.877, "cy": 515.013}, "camera_to_world_matrix": [0.383757, 0.612196, 0.691337, 0.458032, 0.923126, -0.273663, -0.270086, 3.04874, 0.0238472, 0.741839, -0.670154, 0.65023, 0.0, 0.0, 0.0, 1.0]}, "08115b08da534f1aafff2fa81fc73512_d0_5.png": {"intrinsics": {"fx": 1075.72, "fy": 1075.66, "cx": 636.877, "cy": 515.013}, "camera_to_world_matrix": [0.991562, 0.0797032, 0.102242, 0.469496, 0.129236, -0.669778, -0.731229, 3.0577, 0.0101982, 0.738272, -0.674426, 0.650313, 0.0, 0.0, 0.0, 1.0]}, "08115b08da534f1aafff2fa81fc73512_d1_0.png": {"intrinsics": {"fx": 1075.94, "fy": 1076.09, "cx": 629.693, "cy": 501.638}, "camera_to_world_matrix": [0.615853, -0.00281733, -0.787856, 0.47441, -0.787836, -0.0102063, -0.615801, 3.04498, -0.00630633, 0.999944, -0.00850481, 0.683366, 0.0, 0.0, 0.0, 1.0]}, "08115b08da534f1aafff2fa81fc73512_d1_1.png": {"intrinsics": {"fx": 1075.94, "fy": 1076.09, "cx": 629.693, "cy": 501.638}, "camera_to_world_matrix": [-0.374361, 0.00400772, -0.927275, 0.474898, -0.927273, -0.0064127, 0.374332, 3.04151, -0.00444625, 0.999972, 0.00611728, 0.683315, 0.0, 0.0, 0.0, 1.0]}, "08115b08da534f1aafff2fa81fc73512_d1_2.png": {"intrinsics": {"fx": 1075.94, "fy": 1076.09, "cx": 629.693, "cy": 501.638}, "camera_to_world_matrix": [-0.990178, 0.0107055, -0.139408, 0.47214, -0.139519, -0.0104259, 0.990165, 3.03935, 0.00914665, 0.999889, 0.0118175, 0.683295, 0.0, 0.0, 0.0, 1.0]}, "08115b08da534f1aafff2fa81fc73512_d1_3.png": {"intrinsics": {"fx": 1075.94, "fy": 1076.09, "cx": 629.693, "cy": 501.638}, "camera_to_world_matrix": [-0.615766, 0.0105782, 0.787858, 0.468895, 0.787653, -0.0182327, 0.61585, 3.04066, 0.0208792, 0.999778, 0.0028955, 0.683326, 0.0, 0.0, 0.0, 1.0]}, "08115b08da534f1aafff2fa81fc73512_d1_4.png": {"intrinsics": {"fx": 1075.94, "fy": 1076.09, "cx": 629.693, "cy": 501.638}, "camera_to_world_matrix": [0.374454, 0.00375296, 0.927238, 0.468407, 0.927051, -0.022026, -0.374289, 3.04413, 0.0190185, 0.999751, -0.0117265, 0.683378, 0.0, 0.0, 0.0, 1.0]}, "08115b08da534f1aafff2fa81fc73512_d1_5.png": {"intrinsics": {"fx": 1075.94, "fy": 1076.09, "cx": 629.693, "cy": 501.638}, "camera_to_world_matrix": [0.99024, -0.00294471, 0.139348, 0.471165, 0.139273, -0.0180125, -0.99009, 3.04629, 0.00542539, 0.999834, -0.0174262, 0.683397, 0.0, 0.0, 0.0, 1.0]}, "08115b08da534f1aafff2fa81fc73512_d2_0.png": {"intrinsics": {"fx": 1074.61, "fy": 1074.93, "cx": 630.692, "cy": 523.124}, "camera_to_world_matrix": [0.61776, 0.52874, -0.582071, 0.483245, -0.786325, 0.40771, -0.464182, 3.05131, -0.00811544, 0.74445, 0.667628, 0.716676, 0.0, 0.0, 0.0, 1.0]}, "08115b08da534f1aafff2fa81fc73512_d2_1.png": {"intrinsics": {"fx": 1074.61, "fy": 1074.93, "cx": 630.692, "cy": 523.124}, "camera_to_world_matrix": [-0.372125, 0.62802, -0.683457, 0.485273, -0.928161, -0.25677, 0.269418, 3.0369, -0.0062908, 0.734615, 0.678455, 0.716463, 0.0, 0.0, 0.0, 1.0]}, "08115b08da534f1aafff2fa81fc73512_d2_2.png": {"intrinsics": {"fx": 1074.61, "fy": 1074.93, "cx": 630.692, "cy": 523.124}, "camera_to_world_matrix": [-0.989855, 0.10214, -0.0987626, 0.47381, -0.141893, -0.675006, 0.72404, 3.02794, 0.00728842, 0.730708, 0.682651, 0.71638, 0.0, 0.0, 0.0, 1.0]}, "08115b08da534f1aafff2fa81fc73512_d2_3.png": {"intrinsics": {"fx": 1074.61, "fy": 1074.93, "cx": 630.692, "cy": 523.124}, "camera_to_world_matrix": [-0.617686, -0.523008, 0.587304, 0.460318, 0.786194, -0.428753, 0.445051, 3.03339, 0.0190427, 0.736637, 0.67602, 0.71651, 0.0, 0.0, 0.0, 1.0]}, "08115b08da534f1aafff2fa81fc73512_d2_4.png": {"intrinsics": {"fx": 1074.61, "fy": 1074.93, "cx": 630.692, "cy": 523.124}, "camera_to_world_matrix": [0.372204, -0.622263, 0.688661, 0.45829, 0.927991, 0.235731, -0.288553, 3.04779, 0.0172174, 0.746472, 0.665194, 0.716722, 0.0, 0.0, 0.0, 1.0]}, "08115b08da534f1aafff2fa81fc73512_d2_5.png": {"intrinsics": {"fx": 1074.61, "fy": 1074.93, "cx": 630.692, "cy": 523.124}, "camera_to_world_matrix": [0.989903, -0.0963661, 0.103949, 0.469754, 0.141699, 0.653947, -0.743152, 3.05675, 0.00363798, 0.750378, 0.660998, 0.716805, 0.0, 0.0, 0.0, 1.0]}, "08c774f20c984008882da2b8547850eb_d0_0.png": {"intrinsics": {"fx": 1075.72, "fy": 1075.66, "cx": 636.877, "cy": 515.013}, "camera_to_world_matrix": [0.819158, 0.365174, 0.442299, -1.66571, 0.572931, -0.557295, -0.600977, 1.40077, 0.02703, 0.745702, -0.665731, 1.49767, 0.0, 0.0, 0.0, 1.0]}, "08c774f20c984008882da2b8547850eb_d0_1.png": {"intrinsics": {"fx": 1075.72, "fy": 1075.66, "cx": 636.877, "cy": 515.013}, "camera_to_world_matrix": [0.905886, -0.296697, -0.302228, -1.65123, -0.423186, -0.605679, -0.673845, 1.40217, 0.0168749, 0.738325, -0.674233, 1.49784, 0.0, 0.0, 0.0, 1.0]}, "08c774f20c984008882da2b8547850eb_d0_2.png": {"intrinsics": {"fx": 1075.72, "fy": 1075.66, "cx": 636.877, "cy": 515.013}, "camera_to_world_matrix": [0.0865814, -0.669594, -0.737664, -1.64277, -0.996243, -0.0566687, -0.065492, 1.39033, 0.00205054, 0.740563, -0.671984, 1.49779, 0.0, 0.0, 0.0, 1.0]}, "08c774f20c984008882da2b8547850eb_d0_3.png": {"intrinsics": {"fx": 1075.72, "fy": 1075.66, "cx": 636.877, "cy": 515.013}, "camera_to_world_matrix": [-0.819433, -0.380611, -0.428563, -1.64879, -0.57317, 0.540713, 0.615716, 1.37709, -0.00261825, 0.750177, -0.661232, 1.49758, 0.0, 0.0, 0.0, 1.0]}, "08c774f20c984008882da2b8547850eb_d0_4.png": {"intrinsics": {"fx": 1075.72, "fy": 1075.66, "cx": 636.877, "cy": 515.013}, "camera_to_world_matrix": [-0.906122, 0.281263, 0.315968, -1.66327, 0.422951, 0.589071, 0.688555, 1.37568, 0.00753731, 0.757553, -0.65273, 1.49742, 0.0, 0.0, 0.0, 1.0]}, "08c774f20c984008882da2b8547850eb_d0_5.png": {"intrinsics": {"fx": 1075.72, "fy": 1075.66, "cx": 636.877, "cy": 515.013}, "camera_to_world_matrix": [-0.0867946, 0.654137, 0.75138, -1.67173, 0.995976, 0.0400467, 0.0801847, 1.38752, 0.0223615, 0.755315, -0.65498, 1.49746, 0.0, 0.0, 0.0, 1.0]}, "08c774f20c984008882da2b8547850eb_d1_0.png": {"intrinsics": {"fx": 1075.94, "fy": 1076.09, "cx": 629.693, "cy": 501.638}, "camera_to_world_matrix": [0.813445, -0.0146298, 0.581459, -1.65963, 0.581221, -0.0176113, -0.813555, 1.39141, 0.0221422, 0.999738, -0.00582228, 1.53088, 0.0, 0.0, 0.0, 1.0]}, "08c774f20c984008882da2b8547850eb_d1_1.png": {"intrinsics": {"fx": 1075.94, "fy": 1076.09, "cx": 629.693, "cy": 501.638}, "camera_to_world_matrix": [0.910187, -0.0181267, -0.413802, -1.65614, -0.414023, -0.0106296, -0.910205, 1.39175, 0.0121003, 0.999779, -0.0171794, 1.53092, 0.0, 0.0, 0.0, 1.0]}, "08c774f20c984008882da2b8547850eb_d1_2.png": {"intrinsics": {"fx": 1075.94, "fy": 1076.09, "cx": 629.693, "cy": 501.638}, "camera_to_world_matrix": [0.0966462, -0.013829, -0.995223, -1.65411, -0.995316, -0.00411117, -0.0965981, 1.3889, -0.00275581, 0.999896, -0.0141612, 1.53091, 0.0, 0.0, 0.0, 1.0]}, "08c774f20c984008882da2b8547850eb_d1_3.png": {"intrinsics": {"fx": 1075.94, "fy": 1076.09, "cx": 629.693, "cy": 501.638}, "camera_to_world_matrix": [-0.813618, -0.00603456, -0.58137, -1.65556, -0.581351, -0.00457455, 0.81364, 1.38571, -0.00756961, 0.999972, 0.000214105, 1.53086, 0.0, 0.0, 0.0, 1.0]}, "08c774f20c984008882da2b8547850eb_d1_4.png": {"intrinsics": {"fx": 1075.94, "fy": 1076.09, "cx": 629.693, "cy": 501.638}, "camera_to_world_matrix": [-0.910321, -0.00253797, 0.413896, -1.65904, 0.413896, -0.0115564, 0.910251, 1.38537, 0.0024728, 0.99993, 0.0115708, 1.53082, 0.0, 0.0, 0.0, 1.0]}, "08c774f20c984008882da2b8547850eb_d1_5.png": {"intrinsics": {"fx": 1075.94, "fy": 1076.09, "cx": 629.693, "cy": 501.638}, "camera_to_world_matrix": [-0.0967578, -0.0068359, 0.995285, -1.66108, 0.995158, -0.0180746, 0.0966213, 1.38822, 0.0173288, 0.999814, 0.00855203, 1.53083, 0.0, 0.0, 0.0, 1.0]}, "08c774f20c984008882da2b8547850eb_d2_0.png": {"intrinsics": {"fx": 1074.61, "fy": 1074.93, "cx": 630.692, "cy": 523.124}, "camera_to_world_matrix": [0.812062, -0.40292, 0.422151, -1.6664, 0.583217, 0.535141, -0.611132, 1.40003, 0.0203269, 0.742482, 0.669557, 1.56416, 0.0, 0.0, 0.0, 1.0]}, "08c774f20c984008882da2b8547850eb_d2_1.png": {"intrinsics": {"fx": 1074.61, "fy": 1074.93, "cx": 630.692, "cy": 523.124}, "camera_to_world_matrix": [0.911216, 0.265247, -0.315167, -1.65191, -0.411801, 0.605714, -0.680831, 1.40143, 0.0103123, 0.75017, 0.661165, 1.56433, 0.0, 0.0, 0.0, 1.0]}, "08c774f20c984008882da2b8547850eb_d2_2.png": {"intrinsics": {"fx": 1074.61, "fy": 1074.93, "cx": 630.692, "cy": 523.124}, "camera_to_world_matrix": [0.0990766, 0.660508, -0.744253, -1.64345, -0.995069, 0.0623429, -0.0771378, 1.3896, -0.0045512, 0.748226, 0.663428, 1.56428, 0.0, 0.0, 0.0, 1.0]}, "08c774f20c984008882da2b8547850eb_d2_3.png": {"intrinsics": {"fx": 1074.61, "fy": 1074.93, "cx": 630.692, "cy": 523.124}, "camera_to_world_matrix": [-0.812198, 0.387593, -0.436012, -1.64948, -0.583307, -0.551588, 0.596241, 1.37635, -0.00939984, 0.738595, 0.674084, 1.56408, 0.0, 0.0, 0.0, 1.0]}, "08c774f20c984008882da2b8547850eb_d2_4.png": {"intrinsics": {"fx": 1074.61, "fy": 1074.93, "cx": 630.692, "cy": 523.124}, "camera_to_world_matrix": [-0.911313, -0.280577, 0.301308, -1.66396, 0.411715, -0.622135, 0.665912, 1.37495, 0.000615111, 0.730907, 0.682476, 1.56391, 0.0, 0.0, 0.0, 1.0]}, "08c774f20c984008882da2b8547850eb_d2_5.png": {"intrinsics": {"fx": 1074.61, "fy": 1074.93, "cx": 630.692, "cy": 523.124}, "camera_to_world_matrix": [-0.0991505, -0.675816, 0.730371, -1.67242, 0.994952, -0.0787484, 0.062202, 1.38679, 0.0154786, 0.732851, 0.680212, 1.56395, 0.0, 0.0, 0.0, 1.0]}, "0e92a69a50414253a23043758f111cec_d0_0.png": {"intrinsics": {"fx": 1075.72, "fy": 1075.66, "cx": 636.877, "cy": 515.013}, "camera_to_world_matrix": [0.856281, 0.320562, 0.404999, -2.22022, 0.515729, -0.57375, -0.636266, -0.48064, 0.0284057, 0.753692, -0.656614, 1.55139, 0.0, 0.0, 0.0, 1.0]}, "0e92a69a50414253a23043758f111cec_d0_1.png": {"intrinsics": {"fx": 1075.72, "fy": 1075.66, "cx": 636.877, "cy": 515.013}, "camera_to_world_matrix": [0.874596, -0.342996, -0.342689, -2.20568, -0.48404, -0.576769, -0.658061, -0.480227, 0.0280599, 0.741412, -0.670463, 1.55166, 0.0, 0.0, 0.0, 1.0]}, "0e92a69a50414253a23043758f111cec_d0_2.png": {"intrinsics": {"fx": 1075.72, "fy": 1075.66, "cx": 636.877, "cy": 515.013}, "camera_to_world_matrix": [0.0180698, -0.677388, -0.735404, -2.19805, -0.999767, -0.0035174, -0.0213256, -0.492616, 0.011859, 0.735618, -0.677293, 1.55179, 0.0, 0.0, 0.0, 1.0]}, "0e92a69a50414253a23043758f111cec_d0_3.png": {"intrinsics": {"fx": 1075.72, "fy": 1075.66, "cx": 636.877, "cy": 515.013}, "camera_to_world_matrix": [-0.856753, -0.348215, -0.380423, -2.20497, -0.515713, 0.572739, 0.63719, -0.505418, -0.00399576, 0.742103, -0.670274, 1.55166, 0.0, 0.0, 0.0, 1.0]}, "0e92a69a50414253a23043758f111cec_d0_4.png": {"intrinsics": {"fx": 1075.72, "fy": 1075.66, "cx": 636.877, "cy": 515.013}, "camera_to_world_matrix": [-0.875029, 0.315343, 0.367265, -2.21951, 0.484057, 0.575732, 0.658955, -0.50583, -0.0036493, 0.754382, -0.656425, 1.55139, 0.0, 0.0, 0.0, 1.0]}, "0e92a69a50414253a23043758f111cec_d0_5.png": {"intrinsics": {"fx": 1075.72, "fy": 1075.66, "cx": 636.877, "cy": 515.013}, "camera_to_world_matrix": [-0.0184823, 0.649713, 0.759956, -2.22714, 0.999751, 0.00246706, 0.0222049, -0.493441, 0.012552, 0.760176, -0.649596, 1.55125, 0.0, 0.0, 0.0, 1.0]}, "0e92a69a50414253a23043758f111cec_d1_0.png": {"intrinsics": {"fx": 1075.94, "fy": 1076.09, "cx": 629.693, "cy": 501.638}, "camera_to_world_matrix": [0.851186, -0.0232318, 0.524351, -2.21504, 0.524344, -0.00689436, -0.851479, -0.490071, 0.0233963, 0.999707, 0.00631345, 1.58474, 0.0, 0.0, 0.0, 1.0]}, "0e92a69a50414253a23043758f111cec_d1_1.png": {"intrinsics": {"fx": 1075.94, "fy": 1076.09, "cx": 629.693, "cy": 501.638}, "camera_to_world_matrix": [0.87955, -0.0262421, -0.475082, -2.21155, -0.475239, 0.000310459, -0.879857, -0.489972, 0.0232366, 0.999656, -0.0121978, 1.5848, 0.0, 0.0, 0.0, 1.0]}, "0e92a69a50414253a23043758f111cec_d1_2.png": {"intrinsics": {"fx": 1075.94, "fy": 1076.09, "cx": 629.693, "cy": 501.638}, "camera_to_world_matrix": [0.02821, -0.0215087, -0.999371, -2.20971, -0.999577, 0.00652014, -0.0283563, -0.492952, 0.0071258, 0.999748, -0.0213153, 1.58483, 0.0, 0.0, 0.0, 1.0]}, "0e92a69a50414253a23043758f111cec_d1_3.png": {"intrinsics": {"fx": 1075.94, "fy": 1076.09, "cx": 629.693, "cy": 501.638}, "camera_to_world_matrix": [-0.851476, -0.0137651, -0.524214, -2.21137, -0.524321, 0.00552487, 0.851503, -0.496032, -0.00882498, 0.99989, -0.0119213, 1.5848, 0.0, 0.0, 0.0, 1.0]}, "0e92a69a50414253a23043758f111cec_d1_4.png": {"intrinsics": {"fx": 1075.94, "fy": 1076.09, "cx": 629.693, "cy": 501.638}, "camera_to_world_matrix": [-0.879802, -0.0107551, 0.475221, -2.21487, 0.475264, -0.00168006, 0.879843, -0.496131, -0.00866456, 0.999941, 0.00659001, 1.58473, 0.0, 0.0, 0.0, 1.0]}, "0e92a69a50414253a23043758f111cec_d1_5.png": {"intrinsics": {"fx": 1075.94, "fy": 1076.09, "cx": 629.693, "cy": 501.638}, "camera_to_world_matrix": [-0.0284404, -0.0154888, 0.999476, -2.21671, 0.999568, -0.00788956, 0.0283209, -0.493151, 0.00744663, 0.999849, 0.0157068, 1.5847, 0.0, 0.0, 0.0, 1.0]}, "0e92a69a50414253a23043758f111cec_d2_0.png": {"intrinsics": {"fx": 1074.61, "fy": 1074.93, "cx": 630.692, "cy": 523.124}, "camera_to_world_matrix": [0.849957, -0.370796, 0.374278, -2.22145, 0.526412, 0.568634, -0.632097, -0.480685, 0.0215517, 0.73428, 0.678505, 1.61788, 0.0, 0.0, 0.0, 1.0]}, "0e92a69a50414253a23043758f111cec_d2_1.png": {"intrinsics": {"fx": 1074.61, "fy": 1074.93, "cx": 630.692, "cy": 523.124}, "camera_to_world_matrix": [0.880742, 0.300562, -0.366, -2.20691, -0.473111, 0.593359, -0.651223, -0.480272, 0.0214368, 0.746718, 0.664795, 1.61815, 0.0, 0.0, 0.0, 1.0]}, "0e92a69a50414253a23043758f111cec_d2_2.png": {"intrinsics": {"fx": 1074.61, "fy": 1074.93, "cx": 630.692, "cy": 523.124}, "camera_to_world_matrix": [0.0306649, 0.657649, -0.7527, -2.19928, -0.999515, 0.024205, -0.0195716, -0.492662, 0.00534792, 0.752935, 0.658073, 1.61828, 0.0, 0.0, 0.0, 1.0]}, "0e92a69a50414253a23043758f111cec_d2_3.png": {"intrinsics": {"fx": 1074.61, "fy": 1074.93, "cx": 630.692, "cy": 523.124}, "camera_to_world_matrix": [-0.850179, 0.343372, -0.399113, -2.2062, -0.526386, -0.569662, 0.631192, -0.505464, -0.0106257, 0.746714, 0.66506, 1.61814, 0.0, 0.0, 0.0, 1.0]}, "0e92a69a50414253a23043758f111cec_d2_4.png": {"intrinsics": {"fx": 1074.61, "fy": 1074.93, "cx": 630.692, "cy": 523.124}, "camera_to_world_matrix": [-0.880926, -0.327987, 0.341166, -2.22074, 0.473137, -0.594361, 0.650289, -0.505876, -0.0105102, 0.734275, 0.67877, 1.61788, 0.0, 0.0, 0.0, 1.0]}, "0e92a69a50414253a23043758f111cec_d2_5.png": {"intrinsics": {"fx": 1074.61, "fy": 1074.93, "cx": 630.692, "cy": 523.124}, "camera_to_world_matrix": [-0.0308278, -0.685052, 0.727842, -2.22837, 0.999509, -0.0251928, 0.0186225, -0.493486, 0.00557909, 0.728058, 0.685492, 1.61774, 0.0, 0.0, 0.0, 1.0]}, "0f37bd0737e349de9d536263a4bdd60d_d0_0.png": {"intrinsics": {"fx": 1075.72, "fy": 1075.66, "cx": 636.877, "cy": 515.013}, "camera_to_world_matrix": [-0.19536, -0.650036, -0.734362, -6.40535, -0.98017, 0.154741, 0.12378, 1.3788, 0.0331739, 0.743982, -0.667376, 1.49428, 0.0, 0.0, 0.0, 1.0]}, "0f37bd0737e349de9d536263a4bdd60d_d0_1.png": {"intrinsics": {"fx": 1075.72, "fy": 1075.66, "cx": 636.877, "cy": 515.013}, "camera_to_world_matrix": [-0.946967, -0.20548, -0.247044, -6.41484, -0.320832, 0.647424, 0.69131, 1.36777, 0.017892, 0.733907, -0.679014, 1.4945, 0.0, 0.0, 0.0, 1.0]}, "0f37bd0737e349de9d536263a4bdd60d_d0_2.png": {"intrinsics": {"fx": 1075.72, "fy": 1075.66, "cx": 636.877, "cy": 515.013}, "camera_to_world_matrix": [-0.751602, 0.443561, 0.48821, -6.42914, 0.65961, 0.508864, 0.553148, 1.37047, -0.00307775, 0.737775, -0.67504, 1.49443, 0.0, 0.0, 0.0, 1.0]}, "0f37bd0737e349de9d536263a4bdd60d_d0_3.png": {"intrinsics": {"fx": 1075.72, "fy": 1075.66, "cx": 636.877, "cy": 515.013}, "camera_to_world_matrix": [0.195366, 0.648032, 0.73613, -6.43395, 0.980691, -0.122378, -0.15254, 1.38419, -0.00876503, 0.751717, -0.659427, 1.49412, 0.0, 0.0, 0.0, 1.0]}, "0f37bd0737e349de9d536263a4bdd60d_d0_4.png": {"intrinsics": {"fx": 1075.72, "fy": 1075.66, "cx": 636.877, "cy": 515.013}, "camera_to_world_matrix": [0.946947, 0.203457, 0.24879, -6.42446, 0.321323, -0.615044, -0.72005, 1.39522, 0.00651749, 0.761791, -0.647789, 1.4939, 0.0, 0.0, 0.0, 1.0]}, "0f37bd0737e349de9d536263a4bdd60d_d0_5.png": {"intrinsics": {"fx": 1075.72, "fy": 1075.66, "cx": 636.877, "cy": 515.013}, "camera_to_world_matrix": [0.751543, -0.445579, -0.486459, -6.41016, -0.659111, -0.476458, -0.58186, 1.39253, 0.027487, 0.757923, -0.651765, 1.49397, 0.0, 0.0, 0.0, 1.0]}, "0f37bd0737e349de9d536263a4bdd60d_d1_0.png": {"intrinsics": {"fx": 1075.94, "fy": 1076.09, "cx": 629.693, "cy": 501.638}, "camera_to_world_matrix": [-0.185494, -0.00274076, -0.982642, -6.41625, -0.982238, 0.0293278, 0.185336, 1.38157, 0.0283106, 0.999566, -0.00813185, 1.52746, 0.0, 0.0, 0.0, 1.0]}, "0f37bd0737e349de9d536263a4bdd60d_d1_1.png": {"intrinsics": {"fx": 1075.94, "fy": 1076.09, "cx": 629.693, "cy": 501.638}, "camera_to_world_matrix": [-0.94373, 0.00461369, -0.330686, -6.41854, -0.330455, 0.0267046, 0.943444, 1.37891, 0.0131834, 0.999633, -0.0236769, 1.52752, 0.0, 0.0, 0.0, 1.0]}, "0f37bd0737e349de9d536263a4bdd60d_d1_2.png": {"intrinsics": {"fx": 1075.94, "fy": 1076.09, "cx": 629.693, "cy": 501.638}, "camera_to_world_matrix": [-0.758224, 0.00601831, 0.651967, -6.42198, 0.651948, 0.0190252, 0.758026, 1.37956, -0.00784192, 0.999801, -0.0183486, 1.5275, 0.0, 0.0, 0.0, 1.0]}, "0f37bd0737e349de9d536263a4bdd60d_d1_3.png": {"intrinsics": {"fx": 1075.94, "fy": 1076.09, "cx": 629.693, "cy": 501.638}, "camera_to_world_matrix": [0.185513, 6.84593e-05, 0.982642, -6.42313, 0.982546, 0.0139693, -0.185496, 1.38286, -0.0137396, 0.999903, 0.00252459, 1.52742, 0.0, 0.0, 0.0, 1.0]}, "0f37bd0737e349de9d536263a4bdd60d_d1_4.png": {"intrinsics": {"fx": 1075.94, "fy": 1076.09, "cx": 629.693, "cy": 501.638}, "camera_to_world_matrix": [0.943723, -0.00728588, 0.330657, -6.42085, 0.330734, 0.0165928, -0.943578, 1.38552, 0.00138815, 0.999836, 0.0180691, 1.52737, 0.0, 0.0, 0.0, 1.0]}, "0f37bd0737e349de9d536263a4bdd60d_d1_5.png": {"intrinsics": {"fx": 1075.94, "fy": 1076.09, "cx": 629.693, "cy": 501.638}, "camera_to_world_matrix": [0.758179, -0.00869021, -0.651989, -6.41741, -0.651662, 0.0242722, -0.758122, 1.38487, 0.0224133, 0.999668, 0.01274, 1.52739, 0.0, 0.0, 0.0, 1.0]}, "0f37bd0737e349de9d536263a4bdd60d_d2_0.png": {"intrinsics": {"fx": 1074.61, "fy": 1074.93, "cx": 630.692, "cy": 523.124}, "camera_to_world_matrix": [-0.183113, 0.660298, -0.728337, -6.40544, -0.982734, -0.102973, 0.153719, 1.38024, 0.0265011, 0.74391, 0.667754, 1.56076, 0.0, 0.0, 0.0, 1.0]}, "0f37bd0737e349de9d536263a4bdd60d_d2_1.png": {"intrinsics": {"fx": 1074.61, "fy": 1074.93, "cx": 630.692, "cy": 523.124}, "camera_to_world_matrix": [-0.942934, 0.226543, -0.244035, -6.41493, -0.332783, -0.616034, 0.713973, 1.36921, 0.0114114, 0.754441, 0.656269, 1.56099, 0.0, 0.0, 0.0, 1.0]}, "0f37bd0737e349de9d536263a4bdd60d_d2_2.png": {"intrinsics": {"fx": 1074.61, "fy": 1074.93, "cx": 630.692, "cy": 523.124}, "camera_to_world_matrix": [-0.759807, -0.434751, 0.48341, -6.42922, 0.650077, -0.497013, 0.574785, 1.3719, -0.00962699, 0.75098, 0.660255, 1.56091, 0.0, 0.0, 0.0, 1.0]}, "0f37bd0737e349de9d536263a4bdd60d_d2_3.png": {"intrinsics": {"fx": 1074.61, "fy": 1074.93, "cx": 630.692, "cy": 523.124}, "camera_to_world_matrix": [0.183137, -0.662273, 0.726537, -6.43404, 0.982964, 0.135067, -0.124655, 1.38563, -0.0155753, 0.736988, 0.675726, 1.56061, 0.0, 0.0, 0.0, 1.0]}, "0f37bd0737e349de9d536263a4bdd60d_d2_4.png": {"intrinsics": {"fx": 1074.61, "fy": 1074.93, "cx": 630.692, "cy": 523.124}, "camera_to_world_matrix": [0.942933, -0.228497, 0.242212, -6.42455, 0.332983, 0.648111, -0.684891, 1.39666, -0.000485071, 0.726458, 0.68721, 1.56038, 0.0, 0.0, 0.0, 1.0]}, "0f37bd0737e349de9d536263a4bdd60d_d2_5.png": {"intrinsics": {"fx": 1074.61, "fy": 1074.93, "cx": 630.692, "cy": 523.124}, "camera_to_world_matrix": [0.759767, 0.432792, -0.485227, -6.41025, -0.64987, 0.529064, -0.545674, 1.39397, 0.0205532, 0.72992, 0.683223, 1.56046, 0.0, 0.0, 0.0, 1.0]}, "10c252c90fa24ef3b698c6f54d984c5c_d0_0.png": {"intrinsics": {"fx": 1075.72, "fy": 1075.66, "cx": 636.877, "cy": 515.013}, "camera_to_world_matrix": [0.148326, -0.662341, -0.734373, -5.47308, -0.988389, -0.0745339, -0.132408, 1.45331, 0.0329636, 0.745485, -0.665706, 1.50183, 0.0, 0.0, 0.0, 1.0]}, "10c252c90fa24ef3b698c6f54d984c5c_d0_1.png": {"intrinsics": {"fx": 1075.72, "fy": 1075.66, "cx": 636.877, "cy": 515.013}, "camera_to_world_matrix": [-0.782237, -0.411007, -0.468165, -5.47827, -0.622668, 0.53962, 0.566652, 1.43972, 0.0197328, 0.734767, -0.678032, 1.50207, 0.0, 0.0, 0.0, 1.0]}, "10c252c90fa24ef3b698c6f54d984c5c_d0_2.png": {"intrinsics": {"fx": 1075.72, "fy": 1075.66, "cx": 636.877, "cy": 515.013}, "camera_to_world_matrix": [-0.930622, 0.246602, 0.270424, -5.49263, 0.365979, 0.629134, 0.685748, 1.43741, -0.00102645, 0.737142, -0.675737, 1.50203, 0.0, 0.0, 0.0, 1.0]}, "10c252c90fa24ef3b698c6f54d984c5c_d0_3.png": {"intrinsics": {"fx": 1075.72, "fy": 1075.66, "cx": 636.877, "cy": 515.013}, "camera_to_world_matrix": [-0.148442, 0.652862, 0.742789, -5.50181, 0.988884, 0.104492, 0.105782, 1.4487, -0.00855439, 0.750235, -0.661116, 1.50174, 0.0, 0.0, 0.0, 1.0]}, "10c252c90fa24ef3b698c6f54d984c5c_d0_4.png": {"intrinsics": {"fx": 1075.72, "fy": 1075.66, "cx": 636.877, "cy": 515.013}, "camera_to_world_matrix": [0.782107, 0.401505, 0.476554, -5.49662, 0.623127, -0.509652, -0.593268, 1.46229, 0.00467699, 0.760952, -0.648791, 1.5015, 0.0, 0.0, 0.0, 1.0]}, "10c252c90fa24ef3b698c6f54d984c5c_d0_5.png": {"intrinsics": {"fx": 1075.72, "fy": 1075.66, "cx": 636.877, "cy": 515.013}, "camera_to_world_matrix": [0.930453, -0.256108, -0.26204, -5.48226, -0.365526, -0.59914, -0.712335, 1.4646, 0.0254361, 0.758577, -0.651086, 1.50155, 0.0, 0.0, 0.0, 1.0]}, "10c252c90fa24ef3b698c6f54d984c5c_d1_0.png": {"intrinsics": {"fx": 1075.94, "fy": 1076.09, "cx": 629.693, "cy": 501.638}, "camera_to_world_matrix": [0.158298, -0.0102617, -0.987338, -5.4842, -0.986992, 0.0267902, -0.158521, 1.45223, 0.0280776, 0.999589, -0.00588705, 1.53504, 0.0, 0.0, 0.0, 1.0]}, "10c252c90fa24ef3b698c6f54d984c5c_d1_1.png": {"intrinsics": {"fx": 1075.94, "fy": 1076.09, "cx": 629.693, "cy": 501.638}, "camera_to_world_matrix": [-0.775941, -0.00245337, -0.630801, -5.48545, -0.630627, 0.0268136, 0.775623, 1.44896, 0.015011, 0.999638, -0.0223526, 1.5351, 0.0, 0.0, 0.0, 1.0]}, "10c252c90fa24ef3b698c6f54d984c5c_d1_2.png": {"intrinsics": {"fx": 1075.94, "fy": 1076.09, "cx": 629.693, "cy": 501.638}, "camera_to_world_matrix": [-0.934268, 0.00147015, 0.35657, -5.48891, 0.356526, 0.0200643, 0.93407, 1.4484, -0.00578122, 0.999798, -0.0192692, 1.53509, 0.0, 0.0, 0.0, 1.0]}, "10c252c90fa24ef3b698c6f54d984c5c_d1_3.png": {"intrinsics": {"fx": 1075.94, "fy": 1076.09, "cx": 629.693, "cy": 501.638}, "camera_to_world_matrix": [-0.158352, -0.00241479, 0.98738, -5.49111, 0.987291, 0.0132916, 0.15837, 1.45112, -0.0135065, 0.999909, 0.000279706, 1.53502, 0.0, 0.0, 0.0, 1.0]}, "10c252c90fa24ef3b698c6f54d984c5c_d1_4.png": {"intrinsics": {"fx": 1075.94, "fy": 1076.09, "cx": 629.693, "cy": 501.638}, "camera_to_world_matrix": [0.775874, -0.0102232, 0.630806, -5.48987, 0.630889, 0.0132685, -0.77576, 1.45439, -0.000439291, 0.99986, 0.0167447, 1.53496, 0.0, 0.0, 0.0, 1.0]}, "10c252c90fa24ef3b698c6f54d984c5c_d1_5.png": {"intrinsics": {"fx": 1075.94, "fy": 1076.09, "cx": 629.693, "cy": 501.638}, "camera_to_world_matrix": [0.934162, -0.0141464, -0.356571, -5.48641, -0.35627, 0.0200181, -0.934169, 1.45494, 0.0203529, 0.9997, 0.0136605, 1.53497, 0.0, 0.0, 0.0, 1.0]}, "10c252c90fa24ef3b698c6f54d984c5c_d2_0.png": {"intrinsics": {"fx": 1074.61, "fy": 1074.93, "cx": 630.692, "cy": 523.124}, "camera_to_world_matrix": [0.160702, 0.657812, -0.735838, -5.4735, -0.986653, 0.126903, -0.102032, 1.45464, 0.0262626, 0.742414, 0.669426, 1.56832, 0.0, 0.0, 0.0, 1.0]}, "10c252c90fa24ef3b698c6f54d984c5c_d2_1.png": {"intrinsics": {"fx": 1074.61, "fy": 1074.93, "cx": 630.692, "cy": 523.124}, "camera_to_world_matrix": [-0.774408, 0.423544, -0.470002, -5.47869, -0.632547, -0.502764, 0.589162, 1.44105, 0.0132358, 0.753551, 0.657256, 1.56856, 0.0, 0.0, 0.0, 1.0]}, "10c252c90fa24ef3b698c6f54d984c5c_d2_2.png": {"intrinsics": {"fx": 1074.61, "fy": 1074.93, "cx": 630.692, "cy": 523.124}, "camera_to_world_matrix": [-0.935128, -0.238973, 0.261587, -5.49306, 0.35423, -0.614812, 0.704647, 1.43875, -0.00756407, 0.751597, 0.659579, 1.56851, 0.0, 0.0, 0.0, 1.0]}, "10c252c90fa24ef3b698c6f54d984c5c_d2_3.png": {"intrinsics": {"fx": 1074.61, "fy": 1074.93, "cx": 630.692, "cy": 523.124}, "camera_to_world_matrix": [-0.160733, -0.667205, 0.727325, -5.50223, 0.986878, -0.0971909, 0.128935, 1.45003, -0.0153367, 0.738506, 0.674072, 1.56823, 0.0, 0.0, 0.0, 1.0]}, "10c252c90fa24ef3b698c6f54d984c5c_d2_4.png": {"intrinsics": {"fx": 1074.61, "fy": 1074.93, "cx": 630.692, "cy": 523.124}, "camera_to_world_matrix": [0.774364, -0.432912, 0.461462, -5.49705, 0.632736, 0.532467, -0.562248, 1.46362, -0.00230935, 0.727369, 0.686242, 1.56799, 0.0, 0.0, 0.0, 1.0]}, "10c252c90fa24ef3b698c6f54d984c5c_d2_5.png": {"intrinsics": {"fx": 1074.61, "fy": 1074.93, "cx": 630.692, "cy": 523.124}, "camera_to_world_matrix": [0.935045, 0.229609, -0.270132, -5.48268, -0.354047, 0.64449, -0.677705, 1.46593, 0.0184905, 0.729324, 0.683919, 1.56803, 0.0, 0.0, 0.0, 1.0]}, "194bef4cbba641dc9860ba7f43a0c16a_d0_0.png": {"intrinsics": {"fx": 1075.72, "fy": 1075.66, "cx": 636.877, "cy": 515.013}, "camera_to_world_matrix": [0.0760131, -0.642913, -0.762158, 2.40918, -0.997035, -0.0398051, -0.0658609, 1.37618, 0.0120051, 0.764904, -0.644032, 1.54535, 0.0, 0.0, 0.0, 1.0]}, "194bef4cbba641dc9860ba7f43a0c16a_d0_1.png": {"intrinsics": {"fx": 1075.72, "fy": 1075.66, "cx": 636.877, "cy": 515.013}, "camera_to_world_matrix": [-0.825032, -0.347443, -0.445652, 2.40301, -0.564035, 0.554409, 0.611959, 1.36301, 0.0344528, 0.756249, -0.653376, 1.54553, 0.0, 0.0, 0.0, 1.0]}, "194bef4cbba641dc9860ba7f43a0c16a_d0_2.png": {"intrinsics": {"fx": 1075.72, "fy": 1075.66, "cx": 636.877, "cy": 515.013}, "camera_to_world_matrix": [-0.900712, 0.314739, 0.299429, 2.38852, 0.433033, 0.595516, 0.676641, 1.36176, 0.0346503, 0.739121, -0.67268, 1.54591, 0.0, 0.0, 0.0, 1.0]}, "194bef4cbba641dc9860ba7f43a0c16a_d0_3.png": {"intrinsics": {"fx": 1075.72, "fy": 1075.66, "cx": 636.877, "cy": 515.013}, "camera_to_world_matrix": [-0.0753456, 0.681436, 0.727989, 2.3802, 0.997081, 0.0424068, 0.063501, 1.37369, 0.0124002, 0.730648, -0.682642, 1.5461, 0.0, 0.0, 0.0, 1.0]}, "194bef4cbba641dc9860ba7f43a0c16a_d0_4.png": {"intrinsics": {"fx": 1075.72, "fy": 1075.66, "cx": 636.877, "cy": 515.013}, "camera_to_world_matrix": [0.825682, 0.385943, 0.411457, 2.38636, 0.564046, -0.551796, -0.614307, 1.38687, -0.010047, 0.739303, -0.673298, 1.54592, 0.0, 0.0, 0.0, 1.0]}, "194bef4cbba641dc9860ba7f43a0c16a_d0_5.png": {"intrinsics": {"fx": 1075.72, "fy": 1075.66, "cx": 636.877, "cy": 515.013}, "camera_to_world_matrix": [0.901324, -0.276241, -0.333627, 2.40085, -0.433026, -0.592877, -0.678959, 1.38811, -0.0102436, 0.756431, -0.653993, 1.54554, 0.0, 0.0, 0.0, 1.0]}, "194bef4cbba641dc9860ba7f43a0c16a_d1_0.png": {"intrinsics": {"fx": 1075.94, "fy": 1076.09, "cx": 629.693, "cy": 501.638}, "camera_to_world_matrix": [0.0859067, 0.0223293, -0.996053, 2.39903, -0.99628, 0.00877623, -0.0857295, 1.3753, 0.00682717, 0.999712, 0.0230006, 1.57887, 0.0, 0.0, 0.0, 1.0]}, "194bef4cbba641dc9860ba7f43a0c16a_d1_1.png": {"intrinsics": {"fx": 1075.94, "fy": 1076.09, "cx": 629.693, "cy": 501.638}, "camera_to_world_matrix": [-0.819487, 0.030116, -0.572306, 2.39755, -0.572343, 0.00822744, 0.819973, 1.37213, 0.0294028, 0.999513, 0.0104948, 1.57892, 0.0, 0.0, 0.0, 1.0]}, "194bef4cbba641dc9860ba7f43a0c16a_d1_2.png": {"intrinsics": {"fx": 1075.94, "fy": 1076.09, "cx": 629.693, "cy": 501.638}, "camera_to_world_matrix": [-0.905188, 0.0335345, 0.423688, 2.39406, 0.423963, 0.00120733, 0.905679, 1.37183, 0.0298598, 0.999437, -0.0153098, 1.57901, 0.0, 0.0, 0.0, 1.0]}, "194bef4cbba641dc9860ba7f43a0c16a_d1_3.png": {"intrinsics": {"fx": 1075.94, "fy": 1076.09, "cx": 629.693, "cy": 501.638}, "camera_to_world_matrix": [-0.0854926, 0.0291662, 0.995912, 2.39206, 0.996309, -0.00526385, 0.0856809, 1.3747, 0.00774117, 0.999561, -0.0286081, 1.57905, 0.0, 0.0, 0.0, 1.0]}, "194bef4cbba641dc9860ba7f43a0c16a_d1_4.png": {"intrinsics": {"fx": 1075.94, "fy": 1076.09, "cx": 629.693, "cy": 501.638}, "camera_to_world_matrix": [0.819885, 0.0213795, 0.57213, 2.39354, 0.572337, -0.00471476, -0.820005, 1.37787, -0.014834, 0.999761, -0.0161015, 1.57901, 0.0, 0.0, 0.0, 1.0]}, "194bef4cbba641dc9860ba7f43a0c16a_d1_5.png": {"intrinsics": {"fx": 1075.94, "fy": 1076.09, "cx": 629.693, "cy": 501.638}, "camera_to_world_matrix": [0.905547, 0.0179613, -0.423868, 2.39703, -0.423972, 0.0023055, -0.905672, 1.37817, -0.01529, 0.999836, 0.0097032, 1.57892, 0.0, 0.0, 0.0, 1.0]}, "194bef4cbba641dc9860ba7f43a0c16a_d2_0.png": {"intrinsics": {"fx": 1074.61, "fy": 1074.93, "cx": 630.692, "cy": 523.124}, "camera_to_world_matrix": [0.088273, 0.687783, -0.720529, 2.41089, -0.996084, 0.0645387, -0.0604258, 1.3763, 0.00494226, 0.723042, 0.690786, 1.61183, 0.0, 0.0, 0.0, 1.0]}, "194bef4cbba641dc9860ba7f43a0c16a_d2_1.png": {"intrinsics": {"fx": 1074.61, "fy": 1074.93, "cx": 630.692, "cy": 523.124}, "camera_to_world_matrix": [-0.818155, 0.408193, -0.40497, 2.40473, -0.574337, -0.546401, 0.609575, 1.36312, 0.0275484, 0.731317, 0.681481, 1.61201, 0.0, 0.0, 0.0, 1.0]}, "194bef4cbba641dc9860ba7f43a0c16a_d2_2.png": {"intrinsics": {"fx": 1074.61, "fy": 1074.93, "cx": 630.692, "cy": 523.124}, "camera_to_world_matrix": [-0.906269, -0.260528, 0.332869, 2.39023, 0.421769, -0.609627, 0.671167, 1.36188, 0.0280679, 0.748652, 0.662368, 1.61239, 0.0, 0.0, 0.0, 1.0]}, "194bef4cbba641dc9860ba7f43a0c16a_d2_3.png": {"intrinsics": {"fx": 1074.61, "fy": 1074.93, "cx": 630.692, "cy": 523.124}, "camera_to_world_matrix": [-0.0879528, -0.649645, 0.755133, 2.38191, 0.996107, -0.0619112, 0.0627572, 1.37381, 0.00598127, 0.757712, 0.652561, 1.61258, 0.0, 0.0, 0.0, 1.0]}, "194bef4cbba641dc9860ba7f43a0c16a_d2_4.png": {"intrinsics": {"fx": 1074.61, "fy": 1074.93, "cx": 630.692, "cy": 523.124}, "camera_to_world_matrix": [0.818459, -0.370032, 0.439547, 2.38807, 0.574325, 0.549018, -0.607232, 1.38699, -0.0166244, 0.749437, 0.661867, 1.6124, 0.0, 0.0, 0.0, 1.0]}, "194bef4cbba641dc9860ba7f43a0c16a_d2_5.png": {"intrinsics": {"fx": 1074.61, "fy": 1074.93, "cx": 630.692, "cy": 523.124}, "camera_to_world_matrix": [0.906533, 0.298693, -0.298295, 2.40257, -0.421785, 0.612217, -0.668795, 1.38823, -0.0171429, 0.732101, 0.68098, 1.61202, 0.0, 0.0, 0.0, 1.0]}, "1a41339ece1846eda6a924cdb4c417dd_d0_0.png": {"intrinsics": {"fx": 1075.72, "fy": 1075.66, "cx": 636.877, "cy": 515.013}, "camera_to_world_matrix": [0.993963, -0.089662, -0.0632431, -0.675027, -0.106966, -0.663459, -0.740527, 1.16086, 0.0244379, 0.742821, -0.669044, 1.48677, 0.0, 0.0, 0.0, 1.0]}, "1a41339ece1846eda6a924cdb4c417dd_d0_1.png": {"intrinsics": {"fx": 1075.72, "fy": 1075.66, "cx": 636.877, "cy": 515.013}, "camera_to_world_matrix": [0.404396, -0.620206, -0.672168, -0.663191, -0.914509, -0.264745, -0.305916, 1.1524, 0.0117773, 0.738414, -0.674245, 1.48687, 0.0, 0.0, 0.0, 1.0]}, "1a41339ece1846eda6a924cdb4c417dd_d0_2.png": {"intrinsics": {"fx": 1075.72, "fy": 1075.66, "cx": 636.877, "cy": 515.013}, "camera_to_world_matrix": [-0.589734, -0.540232, -0.600303, -0.664599, -0.807597, 0.394077, 0.438737, 1.13792, -0.000454737, 0.743541, -0.66869, 1.48677, 0.0, 0.0, 0.0, 1.0]}, "1a41339ece1846eda6a924cdb4c417dd_d0_3.png": {"intrinsics": {"fx": 1075.72, "fy": 1075.66, "cx": 636.877, "cy": 515.013}, "camera_to_world_matrix": [-0.994275, 0.0702832, 0.0804854, -0.677844, 0.106853, 0.65417, 0.748762, 1.1319, -2.57483e-05, 0.753075, -0.657935, 1.48656, 0.0, 0.0, 0.0, 1.0]}, "1a41339ece1846eda6a924cdb4c417dd_d0_4.png": {"intrinsics": {"fx": 1075.72, "fy": 1075.66, "cx": 636.877, "cy": 515.013}, "camera_to_world_matrix": [-0.404677, 0.600811, 0.689393, -0.68968, 0.914373, 0.255436, 0.314127, 1.14036, 0.0126352, 0.757482, -0.652734, 1.48646, 0.0, 0.0, 0.0, 1.0]}, "1a41339ece1846eda6a924cdb4c417dd_d0_5.png": {"intrinsics": {"fx": 1075.72, "fy": 1075.66, "cx": 636.877, "cy": 515.013}, "camera_to_world_matrix": [0.589449, 0.520812, 0.617499, -0.688271, 0.807423, -0.403383, -0.430524, 1.15484, 0.0248669, 0.752354, -0.658289, 1.48656, 0.0, 0.0, 0.0, 1.0]}, "1a41339ece1846eda6a924cdb4c417dd_d1_0.png": {"intrinsics": {"fx": 1075.94, "fy": 1076.09, "cx": 629.693, "cy": 501.638}, "camera_to_world_matrix": [0.995098, -0.020494, -0.0967542, -0.676528, -0.0969406, -0.00829258, -0.995256, 1.14966, 0.0195943, 0.999756, -0.0102382, 1.51994, 0.0, 0.0, 0.0, 1.0]}, "1a41339ece1846eda6a924cdb4c417dd_d1_1.png": {"intrinsics": {"fx": 1075.94, "fy": 1076.09, "cx": 629.693, "cy": 501.638}, "camera_to_world_matrix": [0.413651, -0.0185387, -0.910247, -0.673681, -0.910409, -0.000733136, -0.413709, 1.14762, 0.00700216, 0.999828, -0.0171807, 1.51996, 0.0, 0.0, 0.0, 1.0]}, "1a41339ece1846eda6a924cdb4c417dd_d1_2.png": {"intrinsics": {"fx": 1075.94, "fy": 1076.09, "cx": 629.693, "cy": 501.638}, "camera_to_world_matrix": [-0.581551, -0.0110146, -0.813436, -0.674019, -0.813493, 0.00135251, 0.581573, 1.14414, -0.00530577, 0.999939, -0.00974652, 1.51994, 0.0, 0.0, 0.0, 1.0]}, "1a41339ece1846eda6a924cdb4c417dd_d1_3.png": {"intrinsics": {"fx": 1075.94, "fy": 1076.09, "cx": 6