{"03a8325e3b054e3fad7e1e7091f9d283_d0_0.png": {"intrinsics": {"fx": 1076.45, "fy": 1077.19, "cx": 631.116, "cy": 509.202}, "camera_to_world_matrix": [0.90525, 0.275848, 0.323155, -2.99825, 0.42464, -0.612795, -0.666455, -14.4532, 0.0141878, 0.740533, -0.67187, 1.33124, 0.0, 0.0, 0.0, 1.0]}, "03a8325e3b054e3fad7e1e7091f9d283_d0_1.png": {"intrinsics": {"fx": 1076.45, "fy": 1077.19, "cx": 631.116, "cy": 509.202}, "camera_to_world_matrix": [0.820534, -0.381542, -0.425615, -2.98374, -0.571596, -0.547236, -0.6114, -14.4543, 0.000362848, 0.744955, -0.667115, 1.33115, 0.0, 0.0, 0.0, 1.0]}, "03a8325e3b054e3fad7e1e7091f9d283_d0_2.png": {"intrinsics": {"fx": 1076.45, "fy": 1077.19, "cx": 631.116, "cy": 509.202}, "camera_to_world_matrix": [-0.0846661, -0.653405, -0.752259, -2.97748, -0.996408, 0.0548167, 0.0645317, -14.4674, -0.000928868, 0.755021, -0.6557, 1.33093, 0.0, 0.0, 0.0, 1.0]}, "03a8325e3b054e3fad7e1e7091f9d283_d0_3.png": {"intrinsics": {"fx": 1076.45, "fy": 1077.19, "cx": 631.116, "cy": 509.202}, "camera_to_world_matrix": [-0.90513, -0.267872, -0.330125, -2.98573, -0.424975, 0.591297, 0.685393, -14.4794, 0.0116044, 0.760665, -0.649041, 1.3308, 0.0, 0.0, 0.0, 1.0]}, "03a8325e3b054e3fad7e1e7091f9d283_d0_4.png": {"intrinsics": {"fx": 1076.45, "fy": 1077.19, "cx": 631.116, "cy": 509.202}, "camera_to_world_matrix": [-0.820375, 0.389515, 0.418642, -3.00023, 0.571259, 0.525712, 0.630309, -14.4783, 0.0254291, 0.756243, -0.653796, 1.33089, 0.0, 0.0, 0.0, 1.0]}, "03a8325e3b054e3fad7e1e7091f9d283_d0_5.png": {"intrinsics": {"fx": 1076.45, "fy": 1077.19, "cx": 631.116, "cy": 509.202}, "camera_to_world_matrix": [0.0848417, 0.661354, 0.74526, -3.00649, 0.996035, -0.076351, -0.0456356, -14.4651, 0.0267202, 0.746177, -0.665211, 1.33112, 0.0, 0.0, 0.0, 1.0]}, "03a8325e3b054e3fad7e1e7091f9d283_d1_0.png": {"intrinsics": {"fx": 1076.01, "fy": 1076.38, "cx": 635.509, "cy": 511.999}, "camera_to_world_matrix": [0.902625, -0.00853222, 0.430341, -2.99332, 0.430149, -0.017951, -0.902578, -14.4636, 0.0154264, 0.999802, -0.0125343, 1.36432, 0.0, 0.0, 0.0, 1.0]}, "03a8325e3b054e3fad7e1e7091f9d283_d1_1.png": {"intrinsics": {"fx": 1076.01, "fy": 1076.38, "cx": 635.509, "cy": 511.999}, "camera_to_world_matrix": [0.82401, -0.00475809, -0.566553, -2.98983, -0.56657, -0.00416342, -0.824001, -14.4639, 0.00156227, 0.999979, -0.00612788, 1.3643, 0.0, 0.0, 0.0, 1.0]}, "03a8325e3b054e3fad7e1e7091f9d283_d1_2.png": {"intrinsics": {"fx": 1076.01, "fy": 1076.38, "cx": 635.509, "cy": 511.999}, "camera_to_world_matrix": [-0.0785585, 0.00907021, -0.996867, -2.98832, -0.996908, -0.000537117, 0.0785572, -14.467, 0.000177485, 0.999958, 0.009083, 1.36425, 0.0, 0.0, 0.0, 1.0]}, "03a8325e3b054e3fad7e1e7091f9d283_d1_3.png": {"intrinsics": {"fx": 1076.01, "fy": 1076.38, "cx": 635.509, "cy": 511.999}, "camera_to_world_matrix": [-0.902493, 0.0191241, -0.430278, -2.99031, -0.430517, -0.0106985, 0.902519, -14.4699, 0.0126569, 0.999759, 0.0178871, 1.36422, 0.0, 0.0, 0.0, 1.0]}, "03a8325e3b054e3fad7e1e7091f9d283_d1_4.png": {"intrinsics": {"fx": 1076.01, "fy": 1076.38, "cx": 635.509, "cy": 511.999}, "camera_to_world_matrix": [-0.823839, 0.0153494, 0.566614, -2.99379, 0.5662, -0.0244859, 0.823903, -14.4697, 0.0265208, 0.999582, 0.0114802, 1.36424, 0.0, 0.0, 0.0, 1.0]}, "03a8325e3b054e3fad7e1e7091f9d283_d1_5.png": {"intrinsics": {"fx": 1076.01, "fy": 1076.38, "cx": 635.509, "cy": 511.999}, "camera_to_world_matrix": [0.0787463, 0.00152096, 0.996893, -2.9953, 0.996503, -0.0281116, -0.078673, -14.4665, 0.027905, 0.999603, -0.00373071, 1.36429, 0.0, 0.0, 0.0, 1.0]}, "03a8325e3b054e3fad7e1e7091f9d283_d2_0.png": {"intrinsics": {"fx": 1074.56, "fy": 1074.73, "cx": 639.97, "cy": 508.007}, "camera_to_world_matrix": [0.903099, -0.28773, 0.318784, -2.9979, 0.429336, 0.589254, -0.684435, -14.4541, 0.0090875, 0.754978, 0.655687, 1.39774, 0.0, 0.0, 0.0, 1.0]}, "03a8325e3b054e3fad7e1e7091f9d283_d2_1.png": {"intrinsics": {"fx": 1074.56, "fy": 1074.73, "cx": 639.97, "cy": 508.007}, "camera_to_world_matrix": [0.823448, 0.377731, -0.423383, -2.98339, -0.567372, 0.541901, -0.620026, -14.4553, -0.00477103, 0.750774, 0.660541, 1.39764, 0.0, 0.0, 0.0, 1.0]}, "03a8325e3b054e3fad7e1e7091f9d283_d2_2.png": {"intrinsics": {"fx": 1074.56, "fy": 1074.73, "cx": 639.97, "cy": 508.007}, "camera_to_world_matrix": [-0.0796293, 0.669398, -0.738624, -2.97713, -0.996806, -0.0580366, 0.0548659, -14.4684, -0.00614017, 0.740634, 0.671881, 1.39742, 0.0, 0.0, 0.0, 1.0]}, "03a8325e3b054e3fad7e1e7091f9d283_d2_3.png": {"intrinsics": {"fx": 1074.56, "fy": 1074.73, "cx": 639.97, "cy": 508.007}, "camera_to_world_matrix": [-0.903034, 0.295597, -0.311691, -2.98537, -0.429522, -0.610609, 0.665333, -14.4804, 0.00634922, 0.734697, 0.678366, 1.39729, 0.0, 0.0, 0.0, 1.0]}, "03a8325e3b054e3fad7e1e7091f9d283_d2_4.png": {"intrinsics": {"fx": 1074.56, "fy": 1074.73, "cx": 639.97, "cy": 508.007}, "camera_to_world_matrix": [-0.823344, -0.369862, 0.430474, -2.99988, 0.567183, -0.56323, 0.600895, -14.4792, 0.0202075, 0.738901, 0.673511, 1.39739, 0.0, 0.0, 0.0, 1.0]}, "03a8325e3b054e3fad7e1e7091f9d283_d2_5.png": {"intrinsics": {"fx": 1074.56, "fy": 1074.73, "cx": 639.97, "cy": 508.007}, "camera_to_world_matrix": [0.0797502, -0.661505, 0.745688, -3.00614, 0.996581, 0.0367193, -0.0740088, -14.4661, 0.021576, 0.749041, 0.662172, 1.39761, 0.0, 0.0, 0.0, 1.0]}, "04e0d7506a0849009fabf4c10fa74a40_d0_0.png": {"intrinsics": {"fx": 1076.45, "fy": 1077.19, "cx": 631.116, "cy": 509.202}, "camera_to_world_matrix": [0.850173, -0.370253, -0.374322, 1.32069, -0.525592, -0.555036, -0.644739, -2.4959, 0.0309546, 0.74488, -0.666479, 0.405217, 0.0, 0.0, 0.0, 1.0]}, "04e0d7506a0849009fabf4c10fa74a40_d0_1.png": {"intrinsics": {"fx": 1076.45, "fy": 1077.19, "cx": 631.116, "cy": 509.202}, "camera_to_world_matrix": [-0.0302047, -0.674681, -0.73749, 1.32766, -0.999434, 0.0312638, 0.0123318, -2.50867, 0.0147369, 0.737446, -0.675245, 0.405386, 0.0, 0.0, 0.0, 1.0]}, "04e0d7506a0849009fabf4c10fa74a40_d0_2.png": {"intrinsics": {"fx": 1076.45, "fy": 1077.19, "cx": 631.116, "cy": 509.202}, "camera_to_world_matrix": [-0.880632, -0.319222, -0.35012, 1.32009, -0.473789, 0.588126, 0.655463, -2.52109, -0.00332313, 0.743104, -0.669167, 0.405267, 0.0, 0.0, 0.0, 1.0]}, "04e0d7506a0849009fabf4c10fa74a40_d0_3.png": {"intrinsics": {"fx": 1076.45, "fy": 1077.19, "cx": 631.116, "cy": 509.202}, "camera_to_world_matrix": [-0.850661, 0.340656, 0.400409, 1.30555, 0.525688, 0.558676, 0.641508, -2.52075, -0.00516484, 0.756197, -0.654324, 0.404979, 0.0, 0.0, 0.0, 1.0]}, "04e0d7506a0849009fabf4c10fa74a40_d0_4.png": {"intrinsics": {"fx": 1076.45, "fy": 1077.19, "cx": 631.116, "cy": 509.202}, "camera_to_world_matrix": [0.0297349, 0.645061, 0.763552, 1.29858, 0.999496, -0.0276354, -0.0155765, -2.50798, 0.0110534, 0.76363, -0.645559, 0.40481, 0.0, 0.0, 0.0, 1.0]}, "04e0d7506a0849009fabf4c10fa74a40_d0_5.png": {"intrinsics": {"fx": 1076.45, "fy": 1077.19, "cx": 631.116, "cy": 509.202}, "camera_to_world_matrix": [0.880141, 0.28958, 0.376156, 1.30615, 0.473817, -0.584484, -0.658692, -2.49555, 0.0291131, 0.757972, -0.651637, 0.40493, 0.0, 0.0, 0.0, 1.0]}, "04e0d7506a0849009fabf4c10fa74a40_d1_0.png": {"intrinsics": {"fx": 1076.01, "fy": 1076.38, "cx": 635.509, "cy": 511.999}, "camera_to_world_matrix": [0.853338, -0.0303201, -0.520474, 1.31429, -0.520364, 0.0120291, -0.853859, -2.50525, 0.0321503, 0.999467, -0.00551398, 0.43837, 0.0, 0.0, 0.0, 1.0]}, "04e0d7506a0849009fabf4c10fa74a40_d1_1.png": {"intrinsics": {"fx": 1076.01, "fy": 1076.38, "cx": 635.509, "cy": 511.999}, "camera_to_world_matrix": [-0.0241095, -0.0167139, -0.999569, 1.31596, -0.99958, 0.0164085, 0.0238358, -2.50833, 0.0160034, 0.999725, -0.0171039, 0.438411, 0.0, 0.0, 0.0, 1.0]}, "04e0d7506a0849009fabf4c10fa74a40_d1_2.png": {"intrinsics": {"fx": 1076.01, "fy": 1076.38, "cx": 635.509, "cy": 511.999}, "camera_to_world_matrix": [-0.877724, -0.00611966, -0.479125, 1.31414, -0.47916, 0.00681266, 0.877701, -2.51131, -0.00210672, 0.999957, -0.00891331, 0.438382, 0.0, 0.0, 0.0, 1.0]}, "04e0d7506a0849009fabf4c10fa74a40_d1_3.png": {"intrinsics": {"fx": 1076.01, "fy": 1076.38, "cx": 635.509, "cy": 511.999}, "camera_to_world_matrix": [-0.853872, -0.00913176, 0.520402, 1.31064, 0.520465, -0.00716229, 0.853852, -2.51123, -0.00406951, 0.999932, 0.0108671, 0.438313, 0.0, 0.0, 0.0, 1.0]}, "04e0d7506a0849009fabf4c10fa74a40_d1_4.png": {"intrinsics": {"fx": 1076.01, "fy": 1076.38, "cx": 635.509, "cy": 511.999}, "camera_to_world_matrix": [0.0235945, -0.0227381, 0.999462, 1.30897, 0.999647, -0.0115411, -0.0238619, -2.50816, 0.0120779, 0.999674, 0.0224564, 0.438272, 0.0, 0.0, 0.0, 1.0]}, "04e0d7506a0849009fabf4c10fa74a40_d1_5.png": {"intrinsics": {"fx": 1076.01, "fy": 1076.38, "cx": 635.509, "cy": 511.999}, "camera_to_world_matrix": [0.877188, -0.033332, 0.478985, 1.31079, 0.479193, -0.00194489, -0.877706, -2.50517, 0.0301877, 0.999442, 0.0142651, 0.438301, 0.0, 0.0, 0.0, 1.0]}, "04e0d7506a0849009fabf4c10fa74a40_d2_0.png": {"intrinsics": {"fx": 1074.56, "fy": 1074.73, "cx": 639.97, "cy": 508.007}, "camera_to_world_matrix": [0.852983, 0.328153, -0.405875, 1.31938, -0.521299, 0.574101, -0.631392, -2.49574, 0.0258203, 0.750149, 0.660765, 0.471704, 0.0, 0.0, 0.0, 1.0]}, "04e0d7506a0849009fabf4c10fa74a40_d2_1.png": {"intrinsics": {"fx": 1074.56, "fy": 1074.73, "cx": 639.97, "cy": 508.007}, "camera_to_world_matrix": [-0.025021, 0.652235, -0.757603, 1.32635, -0.99964, -0.00900073, 0.0252658, -2.50851, 0.00966025, 0.757963, 0.652226, 0.471873, 0.0, 0.0, 0.0, 1.0]}, "04e0d7506a0849009fabf4c10fa74a40_d2_2.png": {"intrinsics": {"fx": 1074.56, "fy": 1074.73, "cx": 639.97, "cy": 508.007}, "camera_to_world_matrix": [-0.878156, 0.309371, -0.364872, 1.31878, -0.4783, -0.581288, 0.65828, -2.52093, -0.00844265, 0.752591, 0.658434, 0.471754, 0.0, 0.0, 0.0, 1.0]}, "04e0d7506a0849009fabf4c10fa74a40_d2_3.png": {"intrinsics": {"fx": 1074.56, "fy": 1074.73, "cx": 639.97, "cy": 508.007}, "camera_to_world_matrix": [-0.853268, -0.357567, 0.379579, 1.30424, 0.52137, -0.570462, 0.634623, -2.52058, -0.0103851, 0.739405, 0.673181, 0.471466, 0.0, 0.0, 0.0, 1.0]}, "04e0d7506a0849009fabf4c10fa74a40_d2_4.png": {"intrinsics": {"fx": 1074.56, "fy": 1074.73, "cx": 639.97, "cy": 508.007}, "camera_to_world_matrix": [0.0247555, -0.681626, 0.731282, 1.29727, 0.999677, 0.0126528, -0.0220476, -2.50781, 0.00577537, 0.731591, 0.681719, 0.471297, 0.0, 0.0, 0.0, 1.0]}, "04e0d7506a0849009fabf4c10fa74a40_d2_5.png": {"intrinsics": {"fx": 1074.56, "fy": 1074.73, "cx": 639.97, "cy": 508.007}, "camera_to_world_matrix": [0.87787, -0.33874, 0.338525, 1.30484, 0.478303, 0.584927, -0.655047, -2.49539, 0.023878, 0.736964, 0.67551, 0.471416, 0.0, 0.0, 0.0, 1.0]}, "0927e4d3dc3e4c8590fd3f7dc512a130_d0_0.png": {"intrinsics": {"fx": 1076.45, "fy": 1077.19, "cx": 631.116, "cy": 509.202}, "camera_to_world_matrix": [-0.999585, 0.0153631, -0.0243484, -7.07813, -0.00780211, 0.669522, 0.742751, -7.59182, 0.0277129, 0.742633, -0.669125, 1.28775, 0.0, 0.0, 0.0, 1.0]}, "0927e4d3dc3e4c8590fd3f7dc512a130_d0_1.png": {"intrinsics": {"fx": 1076.45, "fy": 1077.19, "cx": 631.116, "cy": 509.202}, "camera_to_world_matrix": [-0.506727, 0.585284, 0.632984, -7.09083, 0.862046, 0.335384, 0.37999, -7.58473, 0.01011, 0.738213, -0.674491, 1.28786, 0.0, 0.0, 0.0, 1.0]}, "0927e4d3dc3e4c8590fd3f7dc512a130_d0_2.png": {"intrinsics": {"fx": 1076.45, "fy": 1077.19, "cx": 631.116, "cy": 509.202}, "camera_to_world_matrix": [0.493059, 0.580961, 0.647592, -7.09103, 0.869982, -0.32522, -0.370623, -7.57018, -0.00470781, 0.746133, -0.66578, 1.28769, 0.0, 0.0, 0.0, 1.0]}, "0927e4d3dc3e4c8590fd3f7dc512a130_d0_3.png": {"intrinsics": {"fx": 1076.45, "fy": 1077.19, "cx": 631.116, "cy": 509.202}, "camera_to_world_matrix": [0.999965, 0.00671733, 0.00486788, -7.07854, 0.00806986, -0.65167, -0.758459, -7.56273, -0.00192244, 0.758472, -0.651702, 1.28741, 0.0, 0.0, 0.0, 1.0]}, "0927e4d3dc3e4c8590fd3f7dc512a130_d0_4.png": {"intrinsics": {"fx": 1076.45, "fy": 1077.19, "cx": 631.116, "cy": 509.202}, "camera_to_world_matrix": [0.507073, -0.563191, -0.65245, -7.06584, -0.861759, -0.317509, -0.395673, -7.56982, 0.0156807, 0.762891, -0.646337, 1.28731, 0.0, 0.0, 0.0, 1.0]}, "0927e4d3dc3e4c8590fd3f7dc512a130_d0_5.png": {"intrinsics": {"fx": 1076.45, "fy": 1077.19, "cx": 631.116, "cy": 509.202}, "camera_to_world_matrix": [-0.492713, -0.558842, -0.667029, -7.06563, -0.869656, 0.343094, 0.354941, -7.58437, 0.0304981, 0.754971, -0.655049, 1.28748, 0.0, 0.0, 0.0, 1.0]}, "0927e4d3dc3e4c8590fd3f7dc512a130_d1_0.png": {"intrinsics": {"fx": 1076.01, "fy": 1076.38, "cx": 635.509, "cy": 511.999}, "camera_to_world_matrix": [-0.999483, 0.0288002, -0.0141737, -7.07779, -0.0139082, 0.00940899, 0.999858, -7.58038, 0.0289299, 0.99954, -0.00900496, 1.32087, 0.0, 0.0, 0.0, 1.0]}, "0927e4d3dc3e4c8590fd3f7dc512a130_d1_1.png": {"intrinsics": {"fx": 1076.01, "fy": 1076.38, "cx": 635.509, "cy": 511.999}, "camera_to_world_matrix": [-0.511968, 0.0196154, 0.85878, -7.08085, 0.858928, -0.00154278, 0.512092, -7.57867, 0.0113702, 0.999806, -0.0160598, 1.32089, 0.0, 0.0, 0.0, 1.0]}, "0927e4d3dc3e4c8590fd3f7dc512a130_d1_2.png": {"intrinsics": {"fx": 1076.01, "fy": 1076.38, "cx": 635.509, "cy": 511.999}, "camera_to_world_matrix": [0.487734, 0.0055375, 0.872973, -7.0809, 0.872984, 0.000937766, -0.487746, -7.57517, -0.00351915, 0.999983, -0.00437814, 1.32085, 0.0, 0.0, 0.0, 1.0]}, "0927e4d3dc3e4c8590fd3f7dc512a130_d1_3.png": {"intrinsics": {"fx": 1076.01, "fy": 1076.38, "cx": 635.509, "cy": 511.999}, "camera_to_world_matrix": [0.999897, 0.000644713, 0.0142136, -7.07789, 0.0142032, 0.01437, -0.999795, -7.57338, -0.000848444, 0.999896, 0.014358, 1.32079, 0.0, 0.0, 0.0, 1.0]}, "0927e4d3dc3e4c8590fd3f7dc512a130_d1_4.png": {"intrinsics": {"fx": 1076.01, "fy": 1076.38, "cx": 635.509, "cy": 511.999}, "camera_to_world_matrix": [0.512348, 0.00982996, -0.858721, -7.07484, -0.858614, 0.0253214, -0.511994, -7.57509, 0.0167115, 0.99963, 0.0214122, 1.32076, 0.0, 0.0, 0.0, 1.0]}, "0927e4d3dc3e4c8590fd3f7dc512a130_d1_5.png": {"intrinsics": {"fx": 1076.01, "fy": 1076.38, "cx": 635.509, "cy": 511.999}, "camera_to_world_matrix": [-0.487355, 0.0239078, -0.872876, -7.07479, -0.872631, 0.0228403, 0.487844, -7.57859, 0.0316004, 0.999452, 0.00972995, 1.3208, 0.0, 0.0, 0.0, 1.0]}, "0927e4d3dc3e4c8590fd3f7dc512a130_d2_0.png": {"intrinsics": {"fx": 1074.56, "fy": 1074.73, "cx": 639.97, "cy": 508.007}, "camera_to_world_matrix": [-0.999661, 0.0255342, 0.0051255, -7.07715, -0.0129495, -0.658088, 0.75283, -7.59103, 0.0225959, 0.752508, 0.658195, 1.35424, 0.0, 0.0, 0.0, 1.0]}, "0927e4d3dc3e4c8590fd3f7dc512a130_d2_1.png": {"intrinsics": {"fx": 1074.56, "fy": 1074.73, "cx": 639.97, "cy": 508.007}, "camera_to_world_matrix": [-0.511208, -0.559321, 0.652554, -7.08985, 0.859443, -0.337122, 0.384327, -7.58393, 0.0050277, 0.757304, 0.653043, 1.35434, 0.0, 0.0, 0.0, 1.0]}, "0927e4d3dc3e4c8590fd3f7dc512a130_d2_2.png": {"intrinsics": {"fx": 1074.56, "fy": 1074.73, "cx": 639.97, "cy": 508.007}, "camera_to_world_matrix": [0.488578, -0.573874, 0.657236, -7.09005, 0.872465, 0.329832, -0.360579, -7.56939, -0.00985059, 0.749586, 0.661833, 1.35417, 0.0, 0.0, 0.0, 1.0]}, "0927e4d3dc3e4c8590fd3f7dc512a130_d2_3.png": {"intrinsics": {"fx": 1074.56, "fy": 1074.73, "cx": 639.97, "cy": 508.007}, "camera_to_world_matrix": [0.999889, -0.00357186, 0.0144903, -7.07756, 0.0130942, 0.675803, -0.736966, -7.56194, -0.00716033, 0.737073, 0.675775, 1.3539, 0.0, 0.0, 0.0, 1.0]}, "0927e4d3dc3e4c8590fd3f7dc512a130_d2_4.png": {"intrinsics": {"fx": 1074.56, "fy": 1074.73, "cx": 639.97, "cy": 508.007}, "camera_to_world_matrix": [0.511401, 0.581271, -0.632924, -7.06486, -0.859279, 0.354814, -0.368438, -7.56903, 0.0104082, 0.732278, 0.680926, 1.3538, 0.0, 0.0, 0.0, 1.0]}, "0927e4d3dc3e4c8590fd3f7dc512a130_d2_5.png": {"intrinsics": {"fx": 1074.56, "fy": 1074.73, "cx": 639.97, "cy": 508.007}, "camera_to_world_matrix": [-0.488385, 0.595798, -0.637577, -7.06465, -0.872262, -0.312139, 0.376468, -7.58358, 0.025286, 0.739996, 0.672136, 1.35397, 0.0, 0.0, 0.0, 1.0]}, "0993008242df4171b26c1bf92ff5e845_d0_0.png": {"intrinsics": {"fx": 1076.45, "fy": 1077.19, "cx": 631.116, "cy": 509.202}, "camera_to_world_matrix": [0.694964, 0.469176, 0.544885, 2.90119, 0.71882, -0.472251, -0.510172, -11.1006, 0.0179622, 0.746225, -0.665451, 1.30791, 0.0, 0.0, 0.0, 1.0]}, "0993008242df4171b26c1bf92ff5e845_d0_1.png": {"intrinsics": {"fx": 1076.45, "fy": 1077.19, "cx": 631.116, "cy": 509.202}, "camera_to_world_matrix": [0.97011, -0.168581, -0.174547, 2.91515, -0.242471, -0.644717, -0.724947, -11.0966, 0.00967936, 0.7456, -0.666323, 1.30793, 0.0, 0.0, 0.0, 1.0]}, "0993008242df4171b26c1bf92ff5e845_d0_2.png": {"intrinsics": {"fx": 1076.45, "fy": 1077.19, "cx": 631.116, "cy": 509.202}, "camera_to_world_matrix": [0.275141, -0.636812, -0.720255, 2.92567, -0.961393, -0.17865, -0.209304, -11.1066, 0.00461403, 0.750036, -0.661381, 1.30783, 0.0, 0.0, 0.0, 1.0]}, "0993008242df4171b26c1bf92ff5e845_d0_3.png": {"intrinsics": {"fx": 1076.45, "fy": 1077.19, "cx": 631.116, "cy": 509.202}, "camera_to_world_matrix": [-0.694959, -0.467276, -0.546521, 2.92223, -0.719006, 0.459872, 0.521102, -11.1207, 0.00783172, 0.755096, -0.655567, 1.30772, 0.0, 0.0, 0.0, 1.0]}, "0993008242df4171b26c1bf92ff5e845_d0_4.png": {"intrinsics": {"fx": 1076.45, "fy": 1077.19, "cx": 631.116, "cy": 509.202}, "camera_to_world_matrix": [-0.970068, 0.170488, 0.172919, 2.90827, 0.242296, 0.632313, 0.735848, -11.1248, 0.0161146, 0.75572, -0.654696, 1.3077, 0.0, 0.0, 0.0, 1.0]}, "0993008242df4171b26c1bf92ff5e845_d0_5.png": {"intrinsics": {"fx": 1076.45, "fy": 1077.19, "cx": 631.116, "cy": 509.202}, "camera_to_world_matrix": [-0.275071, 0.638701, 0.718608, 2.89775, 0.96119, 0.166227, 0.220184, -11.1148, 0.0211797, 0.751285, -0.659638, 1.3078, 0.0, 0.0, 0.0, 1.0]}, "0993008242df4171b26c1bf92ff5e845_d1_0.png": {"intrinsics": {"fx": 1076.01, "fy": 1076.38, "cx": 635.509, "cy": 511.999}, "camera_to_world_matrix": [0.69054, -0.0103813, 0.723219, 2.90922, 0.723039, -0.0165629, -0.690607, -11.1085, 0.0191484, 0.999808, -0.00393259, 1.34109, 0.0, 0.0, 0.0, 1.0]}, "0993008242df4171b26c1bf92ff5e845_d1_1.png": {"intrinsics": {"fx": 1076.01, "fy": 1076.38, "cx": 635.509, "cy": 511.999}, "camera_to_world_matrix": [0.971561, -0.0117575, -0.236492, 2.91258, -0.236534, -0.00233385, -0.97162, -11.1076, 0.0108723, 0.999927, -0.00504993, 1.34109, 0.0, 0.0, 0.0, 1.0]}, "0993008242df4171b26c1bf92ff5e845_d1_2.png": {"intrinsics": {"fx": 1076.01, "fy": 1076.38, "cx": 635.509, "cy": 511.999}, "camera_to_world_matrix": [0.281017, -0.000122439, -0.959702, 2.91511, -0.959684, 0.00597242, -0.281013, -11.11, 0.00576654, 0.999981, 0.00155947, 1.34107, 0.0, 0.0, 0.0, 1.0]}, "0993008242df4171b26c1bf92ff5e845_d1_3.png": {"intrinsics": {"fx": 1076.01, "fy": 1076.38, "cx": 635.509, "cy": 511.999}, "camera_to_world_matrix": [-0.690533, 0.0128886, -0.723185, 2.91428, -0.723244, 4.9511e-05, 0.690591, -11.1134, 0.00893695, 0.999916, 0.00928606, 1.34104, 0.0, 0.0, 0.0, 1.0]}, "0993008242df4171b26c1bf92ff5e845_d1_4.png": {"intrinsics": {"fx": 1076.01, "fy": 1076.38, "cx": 635.509, "cy": 511.999}, "camera_to_world_matrix": [-0.971517, 0.0142643, 0.236537, 2.91092, 0.23634, -0.0141795, 0.971566, -11.1144, 0.0172131, 0.999797, 0.0104031, 1.34104, 0.0, 0.0, 0.0, 1.0]}, "0993008242df4171b26c1bf92ff5e845_d1_5.png": {"intrinsics": {"fx": 1076.01, "fy": 1076.38, "cx": 635.509, "cy": 511.999}, "camera_to_world_matrix": [-0.280944, 0.00262885, 0.95972, 2.90839, 0.959463, -0.0224854, 0.280931, -11.1119, 0.0223186, 0.999743, 0.00379347, 1.34106, 0.0, 0.0, 0.0, 1.0]}, "0993008242df4171b26c1bf92ff5e845_d2_0.png": {"intrinsics": {"fx": 1074.56, "fy": 1074.73, "cx": 639.97, "cy": 508.007}, "camera_to_world_matrix": [0.691329, -0.485058, 0.535522, 2.90127, 0.722427, 0.450883, -0.524217, -11.1012, 0.0128181, 0.749282, 0.662128, 1.37441, 0.0, 0.0, 0.0, 1.0]}, "0993008242df4171b26c1bf92ff5e845_d2_1.png": {"intrinsics": {"fx": 1074.56, "fy": 1074.73, "cx": 639.97, "cy": 508.007}, "camera_to_world_matrix": [0.971376, 0.153767, -0.181065, 2.91523, -0.237504, 0.643236, -0.727901, -11.0971, 0.00454025, 0.750069, 0.661344, 1.37443, 0.0, 0.0, 0.0, 1.0]}, "0993008242df4171b26c1bf92ff5e845_d2_2.png": {"intrinsics": {"fx": 1074.56, "fy": 1074.73, "cx": 639.97, "cy": 508.007}, "camera_to_world_matrix": [0.280035, 0.639756, -0.715747, 2.92576, -0.95999, 0.186187, -0.209176, -11.1072, -0.000559025, 0.745686, 0.666298, 1.37433, 0.0, 0.0, 0.0, 1.0]}, "0993008242df4171b26c1bf92ff5e845_d2_3.png": {"intrinsics": {"fx": 1074.56, "fy": 1074.73, "cx": 639.97, "cy": 508.007}, "camera_to_world_matrix": [-0.691338, 0.486908, -0.533829, 2.92232, -0.722528, -0.463204, 0.513221, -11.1213, 0.00261959, 0.740515, 0.672035, 1.37422, 0.0, 0.0, 0.0, 1.0]}, "0993008242df4171b26c1bf92ff5e845_d2_4.png": {"intrinsics": {"fx": 1074.56, "fy": 1074.73, "cx": 639.97, "cy": 508.007}, "camera_to_world_matrix": [-0.971348, -0.151925, 0.182766, 2.90835, 0.237415, -0.655532, 0.716877, -11.1254, 0.0108974, 0.739728, 0.672818, 1.3742, 0.0, 0.0, 0.0, 1.0]}, "0993008242df4171b26c1bf92ff5e845_d2_5.png": {"intrinsics": {"fx": 1074.56, "fy": 1074.73, "cx": 639.97, "cy": 508.007}, "camera_to_world_matrix": [-0.279978, -0.637896, 0.717427, 2.89783, 0.959873, -0.198464, 0.198131, -11.1153, 0.0159964, 0.744111, 0.667864, 1.3743, 0.0, 0.0, 0.0, 1.0]}, "0b22fa63d0f54a529c525afbf2e8bb25_d0_0.png": {"intrinsics": {"fx": 1076.45, "fy": 1077.19, "cx": 631.116, "cy": 509.202}, "camera_to_world_matrix": [0.00554551, -0.658437, -0.752614, 3.54856, -0.998246, 0.0407085, -0.0429699, -0.922544, 0.0589309, 0.751533, -0.657058, 1.26857, 0.0, 0.0, 0.0, 1.0]}, "0b22fa63d0f54a529c525afbf2e8bb25_d0_1.png": {"intrinsics": {"fx": 1076.45, "fy": 1077.19, "cx": 631.116, "cy": 509.202}, "camera_to_world_matrix": [-0.863151, -0.322883, -0.388222, 3.54143, -0.503463, 0.609164, 0.612734, -0.935214, 0.0386497, 0.724338, -0.688361, 1.26918, 0.0, 0.0, 0.0, 1.0]}, "0b22fa63d0f54a529c525afbf2e8bb25_d0_2.png": {"intrinsics": {"fx": 1076.45, "fy": 1077.19, "cx": 631.116, "cy": 509.202}, "camera_to_world_matrix": [-0.86864, 0.337752, 0.362475, 3.52688, 0.495388, 0.603025, 0.62526, -0.93538, -0.00739833, 0.722692, -0.691131, 1.26923, 0.0, 0.0, 0.0, 1.0]}, "0b22fa63d0f54a529c525afbf2e8bb25_d0_3.png": {"intrinsics": {"fx": 1076.45, "fy": 1077.19, "cx": 631.116, "cy": 509.202}, "camera_to_world_matrix": [-0.00543131, 0.662817, 0.748761, 3.51946, 0.999435, 0.0284308, -0.0179178, -0.922877, -0.033164, 0.748241, -0.662597, 1.26868, 0.0, 0.0, 0.0, 1.0]}, "0b22fa63d0f54a529c525afbf2e8bb25_d0_4.png": {"intrinsics": {"fx": 1076.45, "fy": 1077.19, "cx": 631.116, "cy": 509.202}, "camera_to_world_matrix": [0.863246, 0.327239, 0.384343, 3.52659, 0.504618, -0.540012, -0.673608, -0.910207, -0.0128811, 0.775436, -0.631295, 1.26807, 0.0, 0.0, 0.0, 1.0]}, "0b22fa63d0f54a529c525afbf2e8bb25_d0_5.png": {"intrinsics": {"fx": 1076.45, "fy": 1077.19, "cx": 631.116, "cy": 509.202}, "camera_to_world_matrix": [0.868695, -0.333395, -0.366354, 3.54114, -0.494234, -0.533847, -0.686104, -0.910041, 0.0331671, 0.777081, -0.628526, 1.26802, 0.0, 0.0, 0.0, 1.0]}, "0b22fa63d0f54a529c525afbf2e8bb25_d1_0.png": {"intrinsics": {"fx": 1076.01, "fy": 1076.38, "cx": 635.509, "cy": 511.999}, "camera_to_world_matrix": [0.0116692, 0.00543146, -0.999917, 3.53761, -0.998126, 0.0601206, -0.0113214, -0.921139, 0.0600545, 0.998176, 0.00612144, 1.30183, 0.0, 0.0, 0.0, 1.0]}, "0b22fa63d0f54a529c525afbf2e8bb25_d1_1.png": {"intrinsics": {"fx": 1076.01, "fy": 1076.38, "cx": 635.509, "cy": 511.999}, "camera_to_world_matrix": [-0.860028, 0.0163614, -0.509982, 3.53589, -0.508672, 0.0509144, 0.859453, -0.924186, 0.0400277, 0.998568, -0.0354666, 1.30197, 0.0, 0.0, 0.0, 1.0]}, "0b22fa63d0f54a529c525afbf2e8bb25_d1_2.png": {"intrinsics": {"fx": 1076.01, "fy": 1076.38, "cx": 635.509, "cy": 511.999}, "camera_to_world_matrix": [-0.871637, 0.0138463, 0.489954, 3.53239, 0.490113, 0.0368567, 0.870878, -0.924226, -0.00599932, 0.999224, -0.0389133, 1.30199, 0.0, 0.0, 0.0, 1.0]}, "0b22fa63d0f54a529c525afbf2e8bb25_d1_3.png": {"intrinsics": {"fx": 1076.01, "fy": 1076.38, "cx": 635.509, "cy": 511.999}, "camera_to_world_matrix": [-0.0115483, 0.00040117, 0.999933, 3.53061, 0.99942, 0.0320057, 0.0115291, -0.921219, -0.0319985, 0.999487, -0.000771904, 1.30185, 0.0, 0.0, 0.0, 1.0]}, "0b22fa63d0f54a529c525afbf2e8bb25_d1_4.png": {"intrinsics": {"fx": 1076.01, "fy": 1076.38, "cx": 635.509, "cy": 511.999}, "camera_to_world_matrix": [0.86013, -0.0105284, 0.509964, 3.53232, 0.509932, 0.0412123, -0.859226, -0.918171, -0.0119701, 0.999094, 0.0408154, 1.30171, 0.0, 0.0, 0.0, 1.0]}, "0b22fa63d0f54a529c525afbf2e8bb25_d1_5.png": {"intrinsics": {"fx": 1076.01, "fy": 1076.38, "cx": 635.509, "cy": 511.999}, "camera_to_world_matrix": [0.8717, -0.00801271, -0.489973, 3.53582, -0.488853, 0.0552698, -0.870613, -0.918131, 0.034057, 0.998439, 0.0442603, 1.30169, 0.0, 0.0, 0.0, 1.0]}, "0b22fa63d0f54a529c525afbf2e8bb25_d2_0.png": {"intrinsics": {"fx": 1074.56, "fy": 1074.73, "cx": 639.97, "cy": 508.007}, "camera_to_world_matrix": [0.0106166, 0.669196, -0.74301, 3.54875, -0.998498, 0.0470315, 0.028092, -0.919481, 0.0537439, 0.741596, 0.66869, 1.335, 0.0, 0.0, 0.0, 1.0]}, "0b22fa63d0f54a529c525afbf2e8bb25_d2_1.png": {"intrinsics": {"fx": 1074.56, "fy": 1074.73, "cx": 639.97, "cy": 508.007}, "camera_to_world_matrix": [-0.860634, 0.346777, -0.372899, 3.54162, -0.508109, -0.53638, 0.673886, -0.93215, 0.0336727, 0.769443, 0.637828, 1.33561, 0.0, 0.0, 0.0, 1.0]}, "0b22fa63d0f54a529c525afbf2e8bb25_d2_2.png": {"intrinsics": {"fx": 1074.56, "fy": 1074.73, "cx": 639.97, "cy": 508.007}, "camera_to_world_matrix": [-0.871209, -0.320253, 0.372065, 3.52708, 0.490757, -0.549082, 0.676511, -0.932317, -0.0123611, 0.771976, 0.635531, 1.33566, 0.0, 0.0, 0.0, 1.0]}, "0b22fa63d0f54a529c525afbf2e8bb25_d2_3.png": {"intrinsics": {"fx": 1074.56, "fy": 1074.73, "cx": 639.97, "cy": 508.007}, "camera_to_world_matrix": [-0.0105326, -0.664851, 0.746902, 3.51966, 0.99921, 0.0216284, 0.0333431, -0.919813, -0.0383226, 0.746663, 0.664098, 1.3351, 0.0, 0.0, 0.0, 1.0]}, "0b22fa63d0f54a529c525afbf2e8bb25_d2_4.png": {"intrinsics": {"fx": 1074.56, "fy": 1074.73, "cx": 639.97, "cy": 508.007}, "camera_to_world_matrix": [0.8607, -0.342409, 0.376766, 3.52678, 0.508787, 0.605027, -0.612437, -0.907143, -0.0182498, 0.718817, 0.69496, 1.3345, 0.0, 0.0, 0.0, 1.0]}, "0b22fa63d0f54a529c525afbf2e8bb25_d2_5.png": {"intrinsics": {"fx": 1074.56, "fy": 1074.73, "cx": 639.97, "cy": 508.007}, "camera_to_world_matrix": [0.871235, 0.324622, -0.368199, 3.54133, -0.49008, 0.617703, -0.615033, -0.906978, 0.0277842, 0.716285, 0.697255, 1.33445, 0.0, 0.0, 0.0, 1.0]}, "0b302846f0994ec9851862b1d317d7f2_d0_0.png": {"intrinsics": {"fx": 1076.45, "fy": 1077.19, "cx": 631.116, "cy": 509.202}, "camera_to_world_matrix": [0.915855, 0.255321, 0.30987, -1.00928, 0.400933, -0.622825, -0.671819, -9.17368, 0.021466, 0.739526, -0.672785, -1.69299, 0.0, 0.0, 0.0, 1.0]}, "0b302846f0994ec9851862b1d317d7f2_d0_1.png": {"intrinsics": {"fx": 1076.45, "fy": 1077.19, "cx": 631.116, "cy": 509.202}, "camera_to_world_matrix": [0.805416, -0.400162, -0.437235, -0.994805, -0.592702, -0.540241, -0.597363, -9.1752, 0.00283032, 0.740276, -0.672296, -1.69301, 0.0, 0.0, 0.0, 1.0]}, "0b302846f0994ec9851862b1d317d7f2_d0_2.png": {"intrinsics": {"fx": 1076.45, "fy": 1077.19, "cx": 631.116, "cy": 509.202}, "camera_to_world_matrix": [-0.110473, -0.656376, -0.746302, -0.988885, -0.993862, 0.0686201, 0.0867671, -9.18849, -0.00574042, 0.751306, -0.659928, -1.69325, 0.0, 0.0, 0.0, 1.0]}, "0b302846f0994ec9851862b1d317d7f2_d0_3.png": {"intrinsics": {"fx": 1076.45, "fy": 1077.19, "cx": 631.116, "cy": 509.202}, "camera_to_world_matrix": [-0.915902, -0.257101, -0.308256, -0.997436, -0.401378, 0.594882, 0.696427, -9.20026, 0.00432475, 0.761586, -0.648049, -1.69348, 0.0, 0.0, 0.0, 1.0]}, "0b302846f0994ec9851862b1d317d7f2_d0_4.png": {"intrinsics": {"fx": 1076.45, "fy": 1077.19, "cx": 631.116, "cy": 509.202}, "camera_to_world_matrix": [-0.805424, 0.398379, 0.438846, -1.01191, 0.592254, 0.512272, 0.621942, -9.19874, 0.0229604, 0.760835, -0.648538, -1.69346, 0.0, 0.0, 0.0, 1.0]}, "0b302846f0994ec9851862b1d317d7f2_d0_5.png": {"intrinsics": {"fx": 1076.45, "fy": 1077.19, "cx": 631.116, "cy": 509.202}, "camera_to_world_matrix": [0.110481, 0.654569, 0.747886, -1.01783, 0.993377, -0.0965987, -0.0622005, -9.18545, 0.0315305, 0.749805, -0.660907, -1.69322, 0.0, 0.0, 0.0, 1.0]}, "0b302846f0994ec9851862b1d317d7f2_d1_0.png": {"intrinsics": {"fx": 1076.01, "fy": 1076.38, "cx": 635.509, "cy": 511.999}, "camera_to_world_matrix": [0.913366, -0.0151186, 0.406856, -1.00482, 0.406503, -0.0218827, -0.913387, -9.1844, 0.0227126, 0.999646, -0.0138426, -1.65993, 0.0, 0.0, 0.0, 1.0]}, "0b302846f0994ec9851862b1d317d7f2_d1_1.png": {"intrinsics": {"fx": 1076.01, "fy": 1076.38, "cx": 635.509, "cy": 511.999}, "camera_to_world_matrix": [0.809014, -0.0109893, -0.587686, -1.00134, -0.587774, -0.00819865, -0.808983, -9.18476, 0.00407232, 0.999905, -0.0130934, -1.65994, 0.0, 0.0, 0.0, 1.0]}, "0b302846f0994ec9851862b1d317d7f2_d1_2.png": {"intrinsics": {"fx": 1076.01, "fy": 1076.38, "cx": 635.509, "cy": 511.999}, "camera_to_world_matrix": [-0.104387, 0.00292828, -0.994532, -0.999915, -0.994525, -0.00493251, 0.104373, -9.18796, -0.00459952, 0.999983, 0.00342577, -1.65999, 0.0, 0.0, 0.0, 1.0]}, "0b302846f0994ec9851862b1d317d7f2_d1_3.png": {"intrinsics": {"fx": 1076.01, "fy": 1076.38, "cx": 635.509, "cy": 511.999}, "camera_to_world_matrix": [-0.913415, 0.0127162, -0.406827, -1.00197, -0.40699, -0.0153505, 0.913303, -9.19079, 0.00536916, 0.999801, 0.0191954, -1.66005, 0.0, 0.0, 0.0, 1.0]}, "0b302846f0994ec9851862b1d317d7f2_d1_4.png": {"intrinsics": {"fx": 1076.01, "fy": 1076.38, "cx": 635.509, "cy": 511.999}, "camera_to_world_matrix": [-0.809024, 0.00858641, 0.587711, -1.00545, 0.587282, -0.0290344, 0.80886, -9.19042, 0.0240094, 0.999541, 0.0184456, -1.66005, 0.0, 0.0, 0.0, 1.0]}, "0b302846f0994ec9851862b1d317d7f2_d1_5.png": {"intrinsics": {"fx": 1076.01, "fy": 1076.38, "cx": 635.509, "cy": 511.999}, "camera_to_world_matrix": [0.104393, -0.00533129, 0.994521, -1.00688, 0.993998, -0.0323, -0.104511, -9.18723, 0.0326806, 0.999463, 0.00192602, -1.65999, 0.0, 0.0, 0.0, 1.0]}, "0b302846f0994ec9851862b1d317d7f2_d2_0.png": {"intrinsics": {"fx": 1074.56, "fy": 1074.73, "cx": 639.97, "cy": 508.007}, "camera_to_world_matrix": [0.913858, -0.276969, 0.296903, -1.00936, 0.405704, 0.593379, -0.695202, -9.17492, 0.0163732, 0.755771, 0.654632, -1.62651, 0.0, 0.0, 0.0, 1.0]}, "0b302846f0994ec9851862b1d317d7f2_d2_1.png": {"intrinsics": {"fx": 1074.56, "fy": 1074.73, "cx": 639.97, "cy": 508.007}, "camera_to_world_matrix": [0.808469, 0.387053, -0.44336, -0.994885, -0.588534, 0.528784, -0.611568, -9.17644, -0.00226766, 0.755366, 0.655299, -1.62652, 0.0, 0.0, 0.0, 1.0]}, "0b302846f0994ec9851862b1d317d7f2_d2_2.png": {"intrinsics": {"fx": 1074.56, "fy": 1074.73, "cx": 639.97, "cy": 508.007}, "camera_to_world_matrix": [-0.105416, 0.663118, -0.741054, -0.988965, -0.994368, -0.0784764, 0.0712276, -9.18973, -0.010923, 0.744389, 0.667656, -1.62676, 0.0, 0.0, 0.0, 1.0]}, "0b302846f0994ec9851862b1d317d7f2_d2_3.png": {"intrinsics": {"fx": 1074.56, "fy": 1074.73, "cx": 639.97, "cy": 508.007}, "camera_to_world_matrix": [-0.913893, 0.275156, -0.29848, -0.997516, -0.405955, -0.621128, 0.670373, -9.2015, -0.000937317, 0.733818, 0.679345, -1.62699, 0.0, 0.0, 0.0, 1.0]}, "0b302846f0994ec9851862b1d317d7f2_d2_4.png": {"intrinsics": {"fx": 1074.56, "fy": 1074.73, "cx": 639.97, "cy": 508.007}, "camera_to_world_matrix": [-0.808465, -0.388864, 0.44178, -1.01199, 0.588278, -0.556507, 0.58671, -9.19998, 0.0177035, 0.734224, 0.678677, -1.62698, 0.0, 0.0, 0.0, 1.0]}, "0b302846f0994ec9851862b1d317d7f2_d2_5.png": {"intrinsics": {"fx": 1074.56, "fy": 1074.73, "cx": 639.97, "cy": 508.007}, "camera_to_world_matrix": [0.105437, -0.664906, 0.739448, -1.01791, 0.994077, 0.0507641, -0.0960973, -9.18669, 0.0263582, 0.7452, 0.666319, -1.62674, 0.0, 0.0, 0.0, 1.0]}, "0f1ba9e425a0452eade2a180cfa41e32_d0_0.png": {"intrinsics": {"fx": 1076.45, "fy": 1077.19, "cx": 631.116, "cy": 509.202}, "camera_to_world_matrix": [0.365148, -0.603393, -0.708931, -2.26058, -0.930943, -0.233905, -0.280416, -9.09289, 0.00337842, 0.762367, -0.647136, 4.63929, 0.0, 0.0, 0.0, 1.0]}, "0f1ba9e425a0452eade2a180cfa41e32_d0_1.png": {"intrinsics": {"fx": 1076.45, "fy": 1077.19, "cx": 631.116, "cy": 509.202}, "camera_to_world_matrix": [-0.623356, -0.495137, -0.605199, -2.26267, -0.781583, 0.41783, 0.46319, -9.10729, 0.0235278, 0.761746, -0.647448, 4.6393, 0.0, 0.0, 0.0, 1.0]}, "0f1ba9e425a0452eade2a180cfa41e32_d0_2.png": {"intrinsics": {"fx": 1076.45, "fy": 1077.19, "cx": 631.116, "cy": 509.202}, "camera_to_world_matrix": [-0.988232, 0.123298, 0.0905203, -2.27618, 0.149346, 0.649944, 0.745163, -9.11269, 0.0330438, 0.749913, -0.660711, 4.63956, 0.0, 0.0, 0.0, 1.0]}, "0f1ba9e425a0452eade2a180cfa41e32_d0_3.png": {"intrinsics": {"fx": 1076.45, "fy": 1077.19, "cx": 631.116, "cy": 509.202}, "camera_to_world_matrix": [-0.364595, 0.633462, 0.682492, -2.2876, 0.930896, 0.230319, 0.283523, -9.10368, 0.0224102, 0.738701, -0.673661, 4.63981, 0.0, 0.0, 0.0, 1.0]}, "0f1ba9e425a0452eade2a180cfa41e32_d0_4.png": {"intrinsics": {"fx": 1076.45, "fy": 1077.19, "cx": 631.116, "cy": 509.202}, "camera_to_world_matrix": [0.623903, 0.525179, 0.578732, -2.28552, 0.781498, -0.421412, -0.460079, -9.08928, 0.00226088, 0.739322, -0.673348, 4.6398, 0.0, 0.0, 0.0, 1.0]}, "0f1ba9e425a0452eade2a180cfa41e32_d0_5.png": {"intrinsics": {"fx": 1076.45, "fy": 1077.19, "cx": 631.116, "cy": 509.202}, "camera_to_world_matrix": [0.988743, -0.0932642, -0.116999, -2.27201, -0.149446, -0.653502, -0.742024, -9.08389, -0.00725442, 0.751156, -0.660085, 4.63954, 0.0, 0.0, 0.0, 1.0]}, "0f1ba9e425a0452eade2a180cfa41e32_d1_0.png": {"intrinsics": {"fx": 1076.01, "fy": 1076.38, "cx": 635.509, "cy": 511.999}, "camera_to_world_matrix": [0.370856, 0.0173017, -0.928529, -2.27018, -0.928679, 0.0116623, -0.370698, -9.09707, 0.00441545, 0.999782, 0.0203914, 4.67273, 0.0, 0.0, 0.0, 1.0]}, "0f1ba9e425a0452eade2a180cfa41e32_d1_1.png": {"intrinsics": {"fx": 1076.01, "fy": 1076.38, "cx": 635.509, "cy": 511.999}, "camera_to_world_matrix": [-0.618529, 0.0308127, -0.785157, -2.27068, -0.785377, 0.00699902, 0.618977, -9.10053, 0.0245681, 0.9995, 0.0198691, 4.67273, 0.0, 0.0, 0.0, 1.0]}, "0f1ba9e425a0452eade2a180cfa41e32_d1_2.png": {"intrinsics": {"fx": 1076.01, "fy": 1076.38, "cx": 635.509, "cy": 511.999}, "camera_to_world_matrix": [-0.989089, 0.0335297, 0.143443, -2.27393, 0.143287, -0.00703603, 0.989655, -9.10183, 0.0341925, 0.999412, 0.00215351, 4.6728, 0.0, 0.0, 0.0, 1.0]}, "0f1ba9e425a0452eade2a180cfa41e32_d1_3.png": {"intrinsics": {"fx": 1076.01, "fy": 1076.38, "cx": 635.509, "cy": 511.999}, "camera_to_world_matrix": [-0.370257, 0.0227357, 0.92865, -2.27668, 0.928627, -0.0164075, 0.37065, -9.09966, 0.0236642, 0.999606, -0.0150394, 4.67286, 0.0, 0.0, 0.0, 1.0]}, "0f1ba9e425a0452eade2a180cfa41e32_d1_4.png": {"intrinsics": {"fx": 1076.01, "fy": 1076.38, "cx": 635.509, "cy": 511.999}, "camera_to_world_matrix": [0.619122, 0.00922489, 0.785239, -2.27618, 0.785286, -0.0117437, -0.619021, -9.0962, 0.00351159, 0.999888, -0.0145163, 4.67285, 0.0, 0.0, 0.0, 1.0]}, "0f1ba9e425a0452eade2a180cfa41e32_d1_5.png": {"intrinsics": {"fx": 1076.01, "fy": 1076.38, "cx": 635.509, "cy": 511.999}, "camera_to_world_matrix": [0.989646, 0.0065084, -0.143375, -2.27292, -0.143392, 0.00229148, -0.989663, -9.0949, -0.00611219, 0.999975, 0.00319964, 4.67279, 0.0, 0.0, 0.0, 1.0]}, "0f1ba9e425a0452eade2a180cfa41e32_d2_0.png": {"intrinsics": {"fx": 1074.56, "fy": 1074.73, "cx": 639.97, "cy": 508.007}, "camera_to_world_matrix": [0.369794, 0.632517, -0.680569, -2.25925, -0.929112, 0.250256, -0.272255, -9.09305, -0.00188963, 0.733003, 0.680222, 4.70578, 0.0, 0.0, 0.0, 1.0]}, "0f1ba9e425a0452eade2a180cfa41e32_d2_1.png": {"intrinsics": {"fx": 1074.56, "fy": 1074.73, "cx": 639.97, "cy": 508.007}, "camera_to_world_matrix": [-0.619511, 0.541901, -0.567935, -2.26134, -0.784776, -0.410718, 0.464153, -9.10745, 0.0182638, 0.733249, 0.679715, 4.70579, 0.0, 0.0, 0.0, 1.0]}, "0f1ba9e425a0452eade2a180cfa41e32_d2_2.png": {"intrinsics": {"fx": 1074.56, "fy": 1074.73, "cx": 639.97, "cy": 508.007}, "camera_to_world_matrix": [-0.989136, -0.0757144, 0.126004, -2.27485, 0.144336, -0.662732, 0.734815, -9.11284, 0.0278706, 0.745019, 0.666461, 4.70604, 0.0, 0.0, 0.0, 1.0]}, "0f1ba9e425a0452eade2a180cfa41e32_d2_3.png": {"intrinsics": {"fx": 1074.56, "fy": 1074.73, "cx": 639.97, "cy": 508.007}, "camera_to_world_matrix": [-0.369448, -0.602699, 0.707292, -2.28627, 0.92909, -0.253767, 0.269062, -9.10384, 0.0173237, 0.756543, 0.653715, 4.70629, 0.0, 0.0, 0.0, 1.0]}, "0f1ba9e425a0452eade2a180cfa41e32_d2_4.png": {"intrinsics": {"fx": 1074.56, "fy": 1074.73, "cx": 639.97, "cy": 508.007}, "camera_to_world_matrix": [0.619851, -0.512056, 0.594629, -2.28419, 0.784715, 0.407204, -0.467342, -9.08944, -0.00282974, 0.756296, 0.654223, 4.70629, 0.0, 0.0, 0.0, 1.0]}, "0f1ba9e425a0452eade2a180cfa41e32_d2_5.png": {"intrinsics": {"fx": 1074.56, "fy": 1074.73, "cx": 639.97, "cy": 508.007}, "camera_to_world_matrix": [0.98944, 0.105569, -0.0993204, -2.27067, -0.144411, 0.659194, -0.737976, -9.08405, -0.0124358, 0.744526, 0.667477, 4.70603, 0.0, 0.0, 0.0, 1.0]}, "0f7e0af0cb3b4c2abf62bba2fd955702_d0_0.png": {"intrinsics": {"fx": 1076.45, "fy": 1077.19, "cx": 631.116, "cy": 509.202}, "camera_to_world_matrix": [-0.249896, 0.639676, 0.726887, -2.96401, 0.967113, 0.128179, 0.219683, 2.8123, 0.0473541, 0.757881, -0.650672, 1.92359, 0.0, 0.0, 0.0, 1.0]}, "0f7e0af0cb3b4c2abf62bba2fd955702_d0_1.png": {"intrinsics": {"fx": 1076.45, "fy": 1077.19, "cx": 631.116, "cy": 509.202}, "camera_to_world_matrix": [0.713519, 0.453477, 0.534085, -2.9602, 0.699455, -0.505262, -0.505442, 2.82633, 0.0406466, 0.734212, -0.677702, 1.92411, 0.0, 0.0, 0.0, 1.0]}, "0f7e0af0cb3b4c2abf62bba2fd955702_d0_2.png": {"intrinsics": {"fx": 1076.45, "fy": 1077.19, "cx": 631.116, "cy": 509.202}, "camera_to_world_matrix": [0.963358, -0.18858, -0.190728, -2.94613, -0.268144, -0.660765, -0.701062, 2.83005, 0.0061805, 0.726517, -0.687121, 1.92429, 0.0, 0.0, 0.0, 1.0]}, "0f7e0af0cb3b4c2abf62bba2fd955702_d0_3.png": {"intrinsics": {"fx": 1076.45, "fy": 1077.19, "cx": 631.116, "cy": 509.202}, "camera_to_world_matrix": [0.249777, -0.644424, -0.722722, -2.93588, -0.968062, -0.182822, -0.171552, 2.81973, -0.0215772, 0.742491, -0.669509, 1.92395, 0.0, 0.0, 0.0, 1.0]}, "0f7e0af0cb3b4c2abf62bba2fd955702_d0_4.png": {"intrinsics": {"fx": 1076.45, "fy": 1077.19, "cx": 631.116, "cy": 509.202}, "camera_to_world_matrix": [-0.713628, -0.458201, -0.529892, -2.93969, -0.700366, 0.450612, 0.553566, 2.8057, -0.0148683, 0.766159, -0.642479, 1.92342, 0.0, 0.0, 0.0, 1.0]}, "0f7e0af0cb3b4c2abf62bba2fd955702_d0_5.png": {"intrinsics": {"fx": 1076.45, "fy": 1077.19, "cx": 631.116, "cy": 509.202}, "camera_to_world_matrix": [-0.963429, 0.183863, 0.194929, -2.95376, 0.267243, 0.606089, 0.749157, 2.80199, 0.0195983, 0.773853, -0.633061, 1.92324, 0.0, 0.0, 0.0, 1.0]}, "0f7e0af0cb3b4c2abf62bba2fd955702_d1_0.png": {"intrinsics": {"fx": 1076.01, "fy": 1076.38, "cx": 635.509, "cy": 511.999}, "camera_to_world_matrix": [-0.255817, -0.0021553, 0.966722, -2.95343, 0.96551, -0.0506593, 0.255384, 2.81391, 0.0484235, 0.998713, 0.0150391, 1.95695, 0.0, 0.0, 0.0, 1.0]}, "0f7e0af0cb3b4c2abf62bba2fd955702_d1_1.png": {"intrinsics": {"fx": 1076.01, "fy": 1076.38, "cx": 635.509, "cy": 511.999}, "camera_to_world_matrix": [0.709203, -0.0150067, 0.704843, -2.95252, 0.703754, -0.0444001, -0.709054, 2.81729, 0.041936, 0.9989, -0.020929, 1.95708, 0.0, 0.0, 0.0, 1.0]}, "0f7e0af0cb3b4c2abf62bba2fd955702_d1_2.png": {"intrinsics": {"fx": 1076.01, "fy": 1076.38, "cx": 635.509, "cy": 511.999}, "camera_to_world_matrix": [0.96496, -0.0160093, -0.261904, -2.94913, -0.262283, -0.0301487, -0.964519, 2.81818, 0.0075456, 0.999416, -0.0332927, 1.95712, 0.0, 0.0, 0.0, 1.0]}, "0f7e0af0cb3b4c2abf62bba2fd955702_d1_3.png": {"intrinsics": {"fx": 1076.01,