{"0d3a3b42009441e2a02200423049d804_d0_0.png": {"intrinsics": {"fx": 1072.25, "fy": 1072.15, "cx": 638.382, "cy": 521.447}, "camera_to_world_matrix": [-0.830615, -0.360455, -0.424442, 3.50074, -0.556726, 0.553466, 0.61946, -5.64571, 0.0116269, 0.750831, -0.660392, 1.29294, 0.0, 0.0, 0.0, 1.0]}, "0d3a3b42009441e2a02200423049d804_d0_1.png": {"intrinsics": {"fx": 1072.25, "fy": 1072.15, "cx": 638.382, "cy": 521.447}, "camera_to_world_matrix": [-0.89744, 0.299478, 0.323902, 3.48624, 0.441029, 0.593024, 0.673658, -5.64685, 0.00966378, 0.747419, -0.664283, 1.29301, 0.0, 0.0, 0.0, 1.0]}, "0d3a3b42009441e2a02200423049d804_d0_2.png": {"intrinsics": {"fx": 1072.25, "fy": 1072.15, "cx": 638.382, "cy": 521.447}, "camera_to_world_matrix": [-0.0667747, 0.663702, 0.74501, 3.478, 0.997759, 0.0412736, 0.0526592, -5.63486, 0.00420072, 0.746857, -0.664971, 1.29303, 0.0, 0.0, 0.0, 1.0]}, "0d3a3b42009441e2a02200423049d804_d0_3.png": {"intrinsics": {"fx": 1072.25, "fy": 1072.15, "cx": 638.382, "cy": 521.447}, "camera_to_world_matrix": [0.830698, 0.367984, 0.417765, 3.48427, 0.556722, -0.550022, -0.622523, -5.62173, 0.000700974, 0.749708, -0.661768, 1.29296, 0.0, 0.0, 0.0, 1.0]}, "0d3a3b42009441e2a02200423049d804_d0_4.png": {"intrinsics": {"fx": 1072.25, "fy": 1072.15, "cx": 638.382, "cy": 521.447}, "camera_to_world_matrix": [0.897485, -0.29195, -0.330582, 3.49877, -0.441036, -0.589555, -0.676692, -5.62059, 0.00266434, 0.75312, -0.657878, 1.29289, 0.0, 0.0, 0.0, 1.0]}, "0d3a3b42009441e2a02200423049d804_d0_5.png": {"intrinsics": {"fx": 1072.25, "fy": 1072.15, "cx": 638.382, "cy": 521.447}, "camera_to_world_matrix": [0.0667976, -0.656152, -0.751666, 3.50701, -0.997733, -0.0377896, -0.0556769, -5.63258, 0.00812744, 0.753681, -0.65719, 1.29287, 0.0, 0.0, 0.0, 1.0]}, "0d3a3b42009441e2a02200423049d804_d1_0.png": {"intrinsics": {"fx": 1070.2, "fy": 1070.32, "cx": 630.862, "cy": 517.885}, "camera_to_world_matrix": [-0.824135, 0.0119738, -0.566269, 3.49465, -0.566183, 0.00998786, 0.82422, -5.63653, 0.0155246, 0.999879, -0.00145079, 1.3262, 0.0, 0.0, 0.0, 1.0]}, "0d3a3b42009441e2a02200423049d804_d1_1.png": {"intrinsics": {"fx": 1070.2, "fy": 1070.32, "cx": 630.862, "cy": 517.885}, "camera_to_world_matrix": [-0.902389, 0.0151568, 0.430658, 3.49116, 0.43071, 0.000133897, 0.902491, -5.6368, 0.0136209, 0.999886, -0.00664781, 1.32621, 0.0, 0.0, 0.0, 1.0]}, "0d3a3b42009441e2a02200423049d804_d1_2.png": {"intrinsics": {"fx": 1070.2, "fy": 1070.32, "cx": 630.862, "cy": 517.885}, "camera_to_world_matrix": [-0.078183, 0.00821449, 0.996906, 3.48918, 0.996907, -0.00754945, 0.0782454, -5.63392, 0.00816852, 0.999938, -0.00759765, 1.32622, 0.0, 0.0, 0.0, 1.0]}, "0d3a3b42009441e2a02200423049d804_d1_3.png": {"intrinsics": {"fx": 1070.2, "fy": 1070.32, "cx": 630.862, "cy": 517.885}, "camera_to_world_matrix": [0.824258, -0.0019106, 0.566213, 3.49069, 0.566197, -0.00537866, -0.824253, -5.63076, 0.00461997, 0.999984, -0.00335044, 1.3262, 0.0, 0.0, 0.0, 1.0]}, "0d3a3b42009441e2a02200423049d804_d1_4.png": {"intrinsics": {"fx": 1070.2, "fy": 1070.32, "cx": 630.862, "cy": 517.885}, "camera_to_world_matrix": [0.902473, -0.00509318, -0.430718, 3.49418, -0.430699, 0.00447543, -0.902485, -5.63049, 0.00652386, 0.999978, 0.00184651, 1.32618, 0.0, 0.0, 0.0, 1.0]}, "0d3a3b42009441e2a02200423049d804_d1_5.png": {"intrinsics": {"fx": 1070.2, "fy": 1070.32, "cx": 630.862, "cy": 517.885}, "camera_to_world_matrix": [0.0782452, 0.00184941, -0.996933, 3.49616, -0.996863, 0.0121585, -0.0782174, -5.63337, 0.0119763, 0.999925, 0.00279613, 1.32618, 0.0, 0.0, 0.0, 1.0]}, "0d3a3b42009441e2a02200423049d804_d2_0.png": {"intrinsics": {"fx": 1070.15, "fy": 1069.96, "cx": 639.08, "cy": 516.04}, "camera_to_world_matrix": [-0.823179, 0.382514, -0.419597, 3.50108, -0.567754, -0.546976, 0.615202, -5.64556, 0.00581398, 0.744648, 0.667433, 1.35943, 0.0, 0.0, 0.0, 1.0]}, "0d3a3b42009441e2a02200423049d804_d2_1.png": {"intrinsics": {"fx": 1070.15, "fy": 1069.96, "cx": 639.08, "cy": 516.04}, "camera_to_world_matrix": [-0.903276, -0.282049, 0.323328, 3.48657, 0.429044, -0.600642, 0.674649, -5.6467, 0.00391978, 0.748116, 0.663558, 1.35951, 0.0, 0.0, 0.0, 1.0]}, "0d3a3b42009441e2a02200423049d804_d2_2.png": {"intrinsics": {"fx": 1070.15, "fy": 1069.96, "cx": 639.08, "cy": 516.04}, "camera_to_world_matrix": [-0.0800752, -0.660807, 0.746273, 3.47833, 0.996789, -0.0519351, 0.0609688, -5.63471, -0.00153106, 0.748757, 0.662844, 1.35952, 0.0, 0.0, 0.0, 1.0]}, "0d3a3b42009441e2a02200423049d804_d2_3.png": {"intrinsics": {"fx": 1070.15, "fy": 1069.96, "cx": 639.08, "cy": 516.04}, "camera_to_world_matrix": [0.823205, -0.374992, 0.426283, 3.4846, 0.567723, 0.550426, -0.612145, -5.62158, -0.00508764, 0.745931, 0.666005, 1.35946, 0.0, 0.0, 0.0, 1.0]}, "0d3a3b42009441e2a02200423049d804_d2_4.png": {"intrinsics": {"fx": 1070.15, "fy": 1069.96, "cx": 639.08, "cy": 516.04}, "camera_to_world_matrix": [0.903263, 0.289574, -0.316645, 3.49911, -0.429077, 0.604066, -0.671564, -5.62044, -0.00319327, 0.742463, 0.66988, 1.35939, 0.0, 0.0, 0.0, 1.0]}, "0d3a3b42009441e2a02200423049d804_d2_5.png": {"intrinsics": {"fx": 1070.15, "fy": 1069.96, "cx": 639.08, "cy": 516.04}, "camera_to_world_matrix": [0.0800397, 0.668309, -0.739565, 3.50734, -0.99679, 0.0553442, -0.0578666, -5.63243, 0.00225767, 0.741822, 0.670594, 1.35937, 0.0, 0.0, 0.0, 1.0]}, "0f42320ef887416fb8ed9b91b6641cfc_d0_0.png": {"intrinsics": {"fx": 1072.25, "fy": 1072.15, "cx": 638.382, "cy": 521.447}, "camera_to_world_matrix": [0.465627, -0.586667, -0.66258, 11.2696, -0.884977, -0.306579, -0.350462, 5.37114, 0.0024717, 0.749553, -0.661939, 4.77431, 0.0, 0.0, 0.0, 1.0]}, "0f42320ef887416fb8ed9b91b6641cfc_d0_1.png": {"intrinsics": {"fx": 1072.25, "fy": 1072.15, "cx": 638.382, "cy": 521.447}, "camera_to_world_matrix": [-0.533594, -0.556099, -0.637205, 11.2692, -0.845734, 0.353836, 0.399418, 5.35659, 0.00334999, 0.752033, -0.659117, 4.77425, 0.0, 0.0, 0.0, 1.0]}, "0f42320ef887416fb8ed9b91b6641cfc_d0_2.png": {"intrinsics": {"fx": 1072.25, "fy": 1072.15, "cx": 638.382, "cy": 521.447}, "camera_to_world_matrix": [-0.999205, 0.0311284, 0.0249069, 11.2564, 0.0392395, 0.657565, 0.752375, 5.34967, 0.00704237, 0.752755, -0.658263, 4.77424, 0.0, 0.0, 0.0, 1.0]}, "0f42320ef887416fb8ed9b91b6641cfc_d0_3.png": {"intrinsics": {"fx": 1072.25, "fy": 1072.15, "cx": 638.382, "cy": 521.447}, "camera_to_world_matrix": [-0.465583, 0.587775, 0.661628, 11.244, 0.884949, 0.300872, 0.355445, 5.35729, 0.00985639, 0.750997, -0.660232, 4.77427, 0.0, 0.0, 0.0, 1.0]}, "0f42320ef887416fb8ed9b91b6641cfc_d0_4.png": {"intrinsics": {"fx": 1072.25, "fy": 1072.15, "cx": 638.382, "cy": 521.447}, "camera_to_world_matrix": [0.533637, 0.557181, 0.636224, 11.2444, 0.845666, -0.359542, -0.394434, 5.37184, 0.00897796, 0.748518, -0.663054, 4.77433, 0.0, 0.0, 0.0, 1.0]}, "0f42320ef887416fb8ed9b91b6641cfc_d0_5.png": {"intrinsics": {"fx": 1072.25, "fy": 1072.15, "cx": 638.382, "cy": 521.447}, "camera_to_world_matrix": [0.999212, -0.0300586, -0.0259018, 11.2572, -0.0393254, -0.663248, -0.747366, 5.37876, 0.00528555, 0.747796, -0.663908, 4.77435, 0.0, 0.0, 0.0, 1.0]}, "0f42320ef887416fb8ed9b91b6641cfc_d1_0.png": {"intrinsics": {"fx": 1070.2, "fy": 1070.32, "cx": 630.862, "cy": 517.885}, "camera_to_world_matrix": [0.475727, -0.0061747, -0.879572, 11.2599, -0.879571, 0.00392904, -0.475754, 5.36575, 0.0063932, 0.999974, -0.00356075, 4.80755, 0.0, 0.0, 0.0, 1.0]}, "0f42320ef887416fb8ed9b91b6641cfc_d1_1.png": {"intrinsics": {"fx": 1070.2, "fy": 1070.32, "cx": 630.862, "cy": 517.885}, "camera_to_world_matrix": [-0.523848, 0.00396099, -0.851803, 11.2598, -0.851782, 0.00605027, 0.523863, 5.36225, 0.00722835, 0.999975, 0.000205667, 4.80753, 0.0, 0.0, 0.0, 1.0]}, "0f42320ef887416fb8ed9b91b6641cfc_d1_2.png": {"intrinsics": {"fx": 1070.2, "fy": 1070.32, "cx": 630.862, "cy": 517.885}, "camera_to_world_matrix": [-0.999556, 0.0108658, 0.027786, 11.2567, 0.0277698, -0.00166692, 0.999614, 5.36059, 0.0109076, 0.99994, 0.00136562, 4.80753, 0.0, 0.0, 0.0, 1.0]}, "0f42320ef887416fb8ed9b91b6641cfc_d1_3.png": {"intrinsics": {"fx": 1070.2, "fy": 1070.32, "cx": 630.862, "cy": 517.885}, "camera_to_world_matrix": [-0.475678, 0.00763468, 0.879587, 11.2538, 0.879513, -0.0115051, 0.475738, 5.36242, 0.0137516, 0.999905, -0.00124087, 4.80754, 0.0, 0.0, 0.0, 1.0]}, "0f42320ef887416fb8ed9b91b6641cfc_d1_4.png": {"intrinsics": {"fx": 1070.2, "fy": 1070.32, "cx": 630.862, "cy": 517.885}, "camera_to_world_matrix": [0.523896, -0.0025011, 0.85178, 11.2539, 0.851686, -0.013626, -0.523878, 5.36592, 0.0129163, 0.999905, -0.00500725, 4.80755, 0.0, 0.0, 0.0, 1.0]}, "0f42320ef887416fb8ed9b91b6641cfc_d1_5.png": {"intrinsics": {"fx": 1070.2, "fy": 1070.32, "cx": 630.862, "cy": 517.885}, "camera_to_world_matrix": [0.99957, -0.00940556, -0.0278287, 11.2569, -0.0278853, -0.00590852, -0.999594, 5.36759, 0.00923701, 0.999939, -0.00616706, 4.80755, 0.0, 0.0, 0.0, 1.0]}, "0f42320ef887416fb8ed9b91b6641cfc_d2_0.png": {"intrinsics": {"fx": 1070.15, "fy": 1069.96, "cx": 639.08, "cy": 516.04}, "camera_to_world_matrix": [0.477366, 0.586272, -0.654528, 11.2697, -0.878699, 0.315687, -0.358093, 5.37088, -0.003314, 0.746074, 0.665856, 4.84081, 0.0, 0.0, 0.0, 1.0]}, "0f42320ef887416fb8ed9b91b6641cfc_d2_1.png": {"intrinsics": {"fx": 1070.15, "fy": 1069.96, "cx": 639.08, "cy": 516.04}, "camera_to_world_matrix": [-0.522309, 0.569242, -0.634947, 11.2693, -0.852754, -0.350826, 0.386954, 5.35634, -0.00248578, 0.743562, 0.668664, 4.84075, 0.0, 0.0, 0.0, 1.0]}, "0f42320ef887416fb8ed9b91b6641cfc_d2_2.png": {"intrinsics": {"fx": 1070.15, "fy": 1069.96, "cx": 639.08, "cy": 516.04}, "camera_to_world_matrix": [-0.999663, -0.0164981, 0.0200824, 11.2565, 0.0259634, -0.669329, 0.742513, 5.34942, 0.00119151, 0.742783, 0.669532, 4.84074, 0.0, 0.0, 0.0, 1.0]}, "0f42320ef887416fb8ed9b91b6641cfc_d2_3.png": {"intrinsics": {"fx": 1070.15, "fy": 1069.96, "cx": 639.08, "cy": 516.04}, "camera_to_world_matrix": [-0.477331, -0.585196, 0.655516, 11.2441, 0.878715, -0.321311, 0.353017, 5.35704, 0.00404043, 0.744517, 0.667593, 4.84077, 0.0, 0.0, 0.0, 1.0]}, "0f42320ef887416fb8ed9b91b6641cfc_d2_4.png": {"intrinsics": {"fx": 1070.15, "fy": 1069.96, "cx": 639.08, "cy": 516.04}, "camera_to_world_matrix": [0.522343, -0.56814, 0.635905, 11.2445, 0.852731, 0.345202, -0.39203, 5.37158, 0.00321204, 0.747029, 0.664785, 4.84083, 0.0, 0.0, 0.0, 1.0]}, "0f42320ef887416fb8ed9b91b6641cfc_d2_5.png": {"intrinsics": {"fx": 1070.15, "fy": 1069.96, "cx": 639.08, "cy": 516.04}, "camera_to_world_matrix": [0.999663, 0.0176127, -0.019138, 11.2573, -0.0260054, 0.663682, -0.747563, 5.37851, -0.000465241, 0.747808, 0.663916, 4.84085, 0.0, 0.0, 0.0, 1.0]}, "1239dba1b6234964b420a56d82d79d7a_d0_0.png": {"intrinsics": {"fx": 1072.25, "fy": 1072.15, "cx": 638.382, "cy": 521.447}, "camera_to_world_matrix": [0.49145, -0.574316, -0.654704, 9.9402, -0.870855, -0.315934, -0.37656, 3.78822, 0.00942089, 0.755213, -0.655412, 3.84463, 0.0, 0.0, 0.0, 1.0]}, "1239dba1b6234964b420a56d82d79d7a_d0_1.png": {"intrinsics": {"fx": 1072.25, "fy": 1072.15, "cx": 638.382, "cy": 521.447}, "camera_to_world_matrix": [-0.508481, -0.563167, -0.651375, 9.94022, -0.860954, 0.345084, 0.373731, 3.77367, 0.0143059, 0.750839, -0.66033, 3.84473, 0.0, 0.0, 0.0, 1.0]}, "1239dba1b6234964b420a56d82d79d7a_d0_2.png": {"intrinsics": {"fx": 1072.25, "fy": 1072.15, "cx": 638.382, "cy": 521.447}, "camera_to_world_matrix": [-0.999889, 0.0148754, 7.19104e-05, 9.92763, 0.00996052, 0.665912, 0.745964, 3.76638, 0.0110487, 0.745882, -0.665986, 3.84484, 0.0, 0.0, 0.0, 1.0]}, "1239dba1b6234964b420a56d82d79d7a_d0_3.png": {"intrinsics": {"fx": 1072.25, "fy": 1072.15, "cx": 638.382, "cy": 521.447}, "camera_to_world_matrix": [-0.491355, 0.581756, 0.648174, 9.91502, 0.870954, 0.325714, 0.367897, 3.77363, 0.00290654, 0.745298, -0.666725, 3.84485, 0.0, 0.0, 0.0, 1.0]}, "1239dba1b6234964b420a56d82d79d7a_d0_4.png": {"intrinsics": {"fx": 1072.25, "fy": 1072.15, "cx": 638.382, "cy": 521.447}, "camera_to_world_matrix": [0.508576, 0.570581, 0.644816, 9.915, 0.861015, -0.335303, -0.382394, 3.78818, -0.00197822, 0.749672, -0.661806, 3.84476, 0.0, 0.0, 0.0, 1.0]}, "1239dba1b6234964b420a56d82d79d7a_d0_5.png": {"intrinsics": {"fx": 1072.25, "fy": 1072.15, "cx": 638.382, "cy": 521.447}, "camera_to_world_matrix": [0.99995, -0.0074738, -0.00664595, 9.92759, -0.00991919, -0.656108, -0.754601, 3.79548, 0.00127931, 0.754629, -0.65615, 3.84465, 0.0, 0.0, 0.0, 1.0]}, "1239dba1b6234964b420a56d82d79d7a_d1_0.png": {"intrinsics": {"fx": 1070.2, "fy": 1070.32, "cx": 630.862, "cy": 517.885}, "camera_to_world_matrix": [0.501403, -0.00217893, -0.865212, 9.9308, -0.865114, 0.0140433, -0.501381, 3.7829, 0.0132426, 0.9999, 0.00515751, 3.87797, 0.0, 0.0, 0.0, 1.0]}, "1239dba1b6234964b420a56d82d79d7a_d1_1.png": {"intrinsics": {"fx": 1070.2, "fy": 1070.32, "cx": 630.862, "cy": 517.885}, "camera_to_world_matrix": [-0.498546, 0.00788994, -0.866829, 9.93081, -0.866674, 0.0164611, 0.498606, 3.7794, 0.0182026, 0.999834, -0.00136741, 3.87799, 0.0, 0.0, 0.0, 1.0]}, "1239dba1b6234964b420a56d82d79d7a_d1_2.png": {"intrinsics": {"fx": 1070.2, "fy": 1070.32, "cx": 630.862, "cy": 517.885}, "camera_to_world_matrix": [-0.999887, 0.0150184, -0.00160882, 9.92778, -0.00147416, 0.00894997, 0.99996, 3.77765, 0.0150319, 0.999848, -0.00892562, 3.87802, 0.0, 0.0, 0.0, 1.0]}, "1239dba1b6234964b420a56d82d79d7a_d1_3.png": {"intrinsics": {"fx": 1070.2, "fy": 1070.32, "cx": 630.862, "cy": 517.885}, "camera_to_world_matrix": [-0.501269, 0.0120778, 0.865208, 9.92475, 0.865265, -0.00097871, 0.501316, 3.77939, 0.00690129, 0.999927, -0.00995874, 3.87802, 0.0, 0.0, 0.0, 1.0]}, "1239dba1b6234964b420a56d82d79d7a_d1_4.png": {"intrinsics": {"fx": 1070.2, "fy": 1070.32, "cx": 630.862, "cy": 517.885}, "camera_to_world_matrix": [0.498679, 0.00200888, 0.866785, 9.92474, 0.866786, -0.00339606, -0.498671, 3.78289, 0.00194158, 0.999993, -0.00343363, 3.878, 0.0, 0.0, 0.0, 1.0]}, "1239dba1b6234964b420a56d82d79d7a_d1_5.png": {"intrinsics": {"fx": 1070.2, "fy": 1070.32, "cx": 630.862, "cy": 517.885}, "camera_to_world_matrix": [0.999987, -0.00511929, 0.00154583, 9.92777, 0.00156655, 0.00411532, -0.999991, 3.78465, 0.00511258, 0.999979, 0.00412446, 3.87797, 0.0, 0.0, 0.0, 1.0]}, "1239dba1b6234964b420a56d82d79d7a_d2_0.png": {"intrinsics": {"fx": 1070.15, "fy": 1069.96, "cx": 639.08, "cy": 516.04}, "camera_to_world_matrix": [0.502975, 0.579798, -0.640976, 9.94053, -0.864295, 0.340428, -0.370278, 3.78866, 0.00351992, 0.740232, 0.672343, 3.91113, 0.0, 0.0, 0.0, 1.0]}, "1239dba1b6234964b420a56d82d79d7a_d2_1.png": {"intrinsics": {"fx": 1070.15, "fy": 1069.96, "cx": 639.08, "cy": 516.04}, "camera_to_world_matrix": [-0.497019, 0.582361, -0.643296, 9.94055, -0.867699, -0.326289, 0.375013, 3.77411, 0.00849215, 0.744575, 0.667486, 3.91123, 0.0, 0.0, 0.0, 1.0]}, "1239dba1b6234964b420a56d82d79d7a_d2_2.png": {"intrinsics": {"fx": 1070.15, "fy": 1069.96, "cx": 639.08, "cy": 516.04}, "camera_to_world_matrix": [-0.999981, 0.00623896, 0.000994957, 9.92796, -0.00338283, -0.66184, 0.749638, 3.76681, 0.00533526, 0.749619, 0.661849, 3.91134, 0.0, 0.0, 0.0, 1.0]}, "1239dba1b6234964b420a56d82d79d7a_d2_3.png": {"intrinsics": {"fx": 1070.15, "fy": 1069.96, "cx": 639.08, "cy": 516.04}, "camera_to_world_matrix": [-0.502938, -0.572433, 0.647591, 9.91535, 0.864319, -0.330668, 0.378964, 3.77407, -0.00279385, 0.75032, 0.66107, 3.91135, 0.0, 0.0, 0.0, 1.0]}, "1239dba1b6234964b420a56d82d79d7a_d2_4.png": {"intrinsics": {"fx": 1070.15, "fy": 1069.96, "cx": 639.08, "cy": 516.04}, "camera_to_world_matrix": [0.497056, -0.574969, 0.649882, 9.91533, 0.867685, 0.336049, -0.366327, 3.78862, -0.00776585, 0.745977, 0.665928, 3.91126, 0.0, 0.0, 0.0, 1.0]}, "1239dba1b6234964b420a56d82d79d7a_d2_5.png": {"intrinsics": {"fx": 1070.15, "fy": 1069.96, "cx": 639.08, "cy": 516.04}, "camera_to_world_matrix": [0.999985, 0.00116548, 0.00557623, 9.92792, 0.00334839, 0.671578, -0.740926, 3.79591, -0.00460861, 0.740933, 0.671564, 3.91115, 0.0, 0.0, 0.0, 1.0]}, "12a0b0641a9a4794bb49bbcf13cea981_d0_0.png": {"intrinsics": {"fx": 1072.25, "fy": 1072.15, "cx": 638.382, "cy": 521.447}, "camera_to_world_matrix": [-0.367162, 0.613464, 0.699181, 13.0874, 0.930094, 0.250864, 0.268314, 7.35013, -0.0107985, 0.748818, -0.662687, 4.76074, 0.0, 0.0, 0.0, 1.0]}, "12a0b0641a9a4794bb49bbcf13cea981_d0_1.png": {"intrinsics": {"fx": 1072.25, "fy": 1072.15, "cx": 638.382, "cy": 521.447}, "camera_to_world_matrix": [0.621938, 0.511621, 0.592821, 13.0893, 0.783055, -0.402289, -0.47433, 7.36454, -0.00419226, 0.759215, -0.650827, 4.76051, 0.0, 0.0, 0.0, 1.0]}, "12a0b0641a9a4794bb49bbcf13cea981_d0_2.png": {"intrinsics": {"fx": 1072.25, "fy": 1072.15, "cx": 638.382, "cy": 521.447}, "camera_to_world_matrix": [0.989061, -0.105016, -0.103587, 13.1028, -0.146955, -0.640709, -0.753588, 7.37004, 0.0127697, 0.760567, -0.649133, 4.76047, 0.0, 0.0, 0.0, 1.0]}, "12a0b0641a9a4794bb49bbcf13cea981_d0_3.png": {"intrinsics": {"fx": 1072.25, "fy": 1072.15, "cx": 638.382, "cy": 521.447}, "camera_to_world_matrix": [0.367074, -0.619797, -0.693619, 13.1143, -0.929904, -0.225973, -0.290198, 7.36112, 0.023125, 0.751523, -0.659301, 4.76067, 0.0, 0.0, 0.0, 1.0]}, "12a0b0641a9a4794bb49bbcf13cea981_d0_4.png": {"intrinsics": {"fx": 1072.25, "fy": 1072.15, "cx": 638.382, "cy": 521.447}, "camera_to_world_matrix": [-0.622021, -0.517929, -0.58723, 13.1123, -0.782826, 0.427176, 0.452441, 7.34671, 0.0165181, 0.741127, -0.671161, 4.7609, 0.0, 0.0, 0.0, 1.0]}, "12a0b0641a9a4794bb49bbcf13cea981_d0_5.png": {"intrinsics": {"fx": 1072.25, "fy": 1072.15, "cx": 638.382, "cy": 521.447}, "camera_to_world_matrix": [-0.989107, 0.0987177, 0.109189, 13.0989, 0.147198, 0.665573, 0.731673, 7.34121, -0.000443934, 0.739775, -0.672854, 4.76093, 0.0, 0.0, 0.0, 1.0]}, "12a0b0641a9a4794bb49bbcf13cea981_d1_0.png": {"intrinsics": {"fx": 1070.2, "fy": 1070.32, "cx": 630.862, "cy": 517.885}, "camera_to_world_matrix": [-0.377803, 0.00181504, 0.925885, 13.0974, 0.925862, 0.00815402, 0.377778, 7.35486, -0.0068643, 0.999966, -0.00475991, 4.79396, 0.0, 0.0, 0.0, 1.0]}, "12a0b0641a9a4794bb49bbcf13cea981_d1_1.png": {"intrinsics": {"fx": 1070.2, "fy": 1070.32, "cx": 630.862, "cy": 517.885}, "camera_to_world_matrix": [0.612889, -0.00849057, 0.790125, 13.0979, 0.790171, 0.00714132, -0.612846, 7.35832, -0.000439423, 0.999939, 0.011087, 4.7939, 0.0, 0.0, 0.0, 1.0]}, "12a0b0641a9a4794bb49bbcf13cea981_d1_2.png": {"intrinsics": {"fx": 1070.2, "fy": 1070.32, "cx": 630.862, "cy": 517.885}, "camera_to_world_matrix": [0.990636, -0.0145198, -0.135767, 13.1012, -0.135542, 0.0155588, -0.99065, 7.35965, 0.0164961, 0.999774, 0.0134462, 4.79389, 0.0, 0.0, 0.0, 1.0]}, "12a0b0641a9a4794bb49bbcf13cea981_d1_3.png": {"intrinsics": {"fx": 1070.2, "fy": 1070.32, "cx": 630.862, "cy": 517.885}, "camera_to_world_matrix": [0.377682, -0.0102432, -0.925879, 13.1039, -0.925543, 0.0249887, -0.377821, 7.3575, 0.0270063, 0.999636, -4.15638e-05, 4.79394, 0.0, 0.0, 0.0, 1.0]}, "12a0b0641a9a4794bb49bbcf13cea981_d1_4.png": {"intrinsics": {"fx": 1070.2, "fy": 1070.32, "cx": 630.862, "cy": 517.885}, "camera_to_world_matrix": [-0.613004, 6.24149e-05, -0.790081, 13.1035, -0.789813, 0.026001, 0.612798, 7.35403, 0.0205808, 0.999663, -0.0158882, 4.794, 0.0, 0.0, 0.0, 1.0]}, "12a0b0641a9a4794bb49bbcf13cea981_d1_5.png": {"intrinsics": {"fx": 1070.2, "fy": 1070.32, "cx": 630.862, "cy": 517.885}, "camera_to_world_matrix": [-0.990715, 0.00609129, 0.135826, 13.1002, 0.135914, 0.0175833, 0.990565, 7.35271, 0.00364523, 0.999828, -0.0182468, 4.794, 0.0, 0.0, 0.0, 1.0]}, "12a0b0641a9a4794bb49bbcf13cea981_d2_0.png": {"intrinsics": {"fx": 1070.15, "fy": 1069.96, "cx": 639.08, "cy": 516.04}, "camera_to_world_matrix": [-0.379489, -0.619887, 0.686825, 13.0871, 0.925049, -0.240925, 0.29367, 7.35123, -0.0165686, 0.74679, 0.664854, 4.82723, 0.0, 0.0, 0.0, 1.0]}, "12a0b0641a9a4794bb49bbcf13cea981_d2_1.png": {"intrinsics": {"fx": 1070.15, "fy": 1069.96, "cx": 639.08, "cy": 516.04}, "camera_to_world_matrix": [0.611501, -0.530843, 0.586748, 13.0891, 0.791179, 0.419753, -0.444796, 7.36565, -0.0101727, 0.736215, 0.676672, 4.827, 0.0, 0.0, 0.0, 1.0]}, "12a0b0641a9a4794bb49bbcf13cea981_d2_2.png": {"intrinsics": {"fx": 1070.15, "fy": 1069.96, "cx": 639.08, "cy": 516.04}, "camera_to_world_matrix": [0.990975, 0.0859143, -0.1029, 13.1025, -0.133881, 0.673021, -0.727406, 7.37114, 0.00675935, 0.734617, 0.67845, 4.82696, 0.0, 0.0, 0.0, 1.0]}, "12a0b0641a9a4794bb49bbcf13cea981_d2_3.png": {"intrinsics": {"fx": 1070.15, "fy": 1069.96, "cx": 639.08, "cy": 516.04}, "camera_to_world_matrix": [0.37945, 0.613614, -0.692456, 13.114, -0.925052, 0.265604, -0.271545, 7.36223, 0.017295, 0.743594, 0.668409, 4.82716, 0.0, 0.0, 0.0, 1.0]}, "12a0b0641a9a4794bb49bbcf13cea981_d2_4.png": {"intrinsics": {"fx": 1070.15, "fy": 1069.96, "cx": 639.08, "cy": 516.04}, "camera_to_world_matrix": [-0.611535, 0.524545, -0.59235, 13.112, -0.791143, -0.395072, 0.466917, 7.34781, 0.0108984, 0.754169, 0.656591, 4.82739, 0.0, 0.0, 0.0, 1.0]}, "12a0b0641a9a4794bb49bbcf13cea981_d2_5.png": {"intrinsics": {"fx": 1070.15, "fy": 1069.96, "cx": 639.08, "cy": 516.04}, "camera_to_world_matrix": [-0.990973, -0.0922223, 0.0973096, 13.0986, 0.133932, -0.648315, 0.7495, 7.34232, -0.00603366, 0.755767, 0.654814, 4.82742, 0.0, 0.0, 0.0, 1.0]}, "138030a069484c288b3b77f8a7cbd7be_d0_0.png": {"intrinsics": {"fx": 1072.25, "fy": 1072.15, "cx": 638.382, "cy": 521.447}, "camera_to_world_matrix": [-0.946421, -0.192218, -0.259496, 2.36987, -0.321667, 0.632228, 0.704853, -9.67558, 0.0285754, 0.750559, -0.660185, 4.83591, 0.0, 0.0, 0.0, 1.0]}, "138030a069484c288b3b77f8a7cbd7be_d0_1.png": {"intrinsics": {"fx": 1072.25, "fy": 1072.15, "cx": 638.382, "cy": 521.447}, "camera_to_world_matrix": [-0.751795, 0.455194, 0.477076, 2.35557, 0.659147, 0.498906, 0.562688, -9.67291, 0.0181165, 0.73749, -0.675115, 4.8362, 0.0, 0.0, 0.0, 1.0]}, "138030a069484c288b3b77f8a7cbd7be_d0_2.png": {"intrinsics": {"fx": 1072.25, "fy": 1072.15, "cx": 638.382, "cy": 521.447}, "camera_to_world_matrix": [0.194775, 0.663532, 0.722348, 2.35073, 0.980838, -0.128536, -0.146405, -9.65919, -0.00429672, 0.737023, -0.675854, 4.83621, 0.0, 0.0, 0.0, 1.0]}, "138030a069484c288b3b77f8a7cbd7be_d0_3.png": {"intrinsics": {"fx": 1072.25, "fy": 1072.15, "cx": 638.382, "cy": 521.447}, "camera_to_world_matrix": [0.946699, 0.224454, 0.231043, 2.36019, 0.321709, -0.622641, -0.713317, -9.64814, -0.0162504, 0.749625, -0.661663, 4.83594, 0.0, 0.0, 0.0, 1.0]}, "138030a069484c288b3b77f8a7cbd7be_d0_4.png": {"intrinsics": {"fx": 1072.25, "fy": 1072.15, "cx": 638.382, "cy": 521.447}, "camera_to_world_matrix": [0.752035, -0.422953, -0.505524, 2.37449, -0.659098, -0.489293, -0.571124, -9.65081, -0.0057907, 0.762695, -0.646733, 4.83565, 0.0, 0.0, 0.0, 1.0]}, "138030a069484c288b3b77f8a7cbd7be_d0_5.png": {"intrinsics": {"fx": 1072.25, "fy": 1072.15, "cx": 638.382, "cy": 521.447}, "camera_to_world_matrix": [-0.194549, -0.631267, -0.750768, 2.37933, -0.980752, 0.138157, 0.137979, -9.66453, 0.0166226, 0.763161, -0.645994, 4.83563, 0.0, 0.0, 0.0, 1.0]}, "138030a069484c288b3b77f8a7cbd7be_d1_0.png": {"intrinsics": {"fx": 1070.2, "fy": 1070.32, "cx": 630.862, "cy": 517.885}, "camera_to_world_matrix": [-0.942559, 0.0301958, -0.332676, 2.3669, -0.332461, 0.0120093, 0.943041, -9.66495, 0.0324708, 0.999472, -0.00127937, 4.86916, 0.0, 0.0, 0.0, 1.0]}, "138030a069484c288b3b77f8a7cbd7be_d1_1.png": {"intrinsics": {"fx": 1070.2, "fy": 1070.32, "cx": 630.862, "cy": 517.885}, "camera_to_world_matrix": [-0.75919, 0.0307095, 0.650145, 2.36346, 0.650491, 0.00166694, 0.759514, -9.66431, 0.0222402, 0.999528, -0.0212405, 4.86923, 0.0, 0.0, 0.0, 1.0]}, "138030a069484c288b3b77f8a7cbd7be_d1_2.png": {"intrinsics": {"fx": 1070.2, "fy": 1070.32, "cx": 630.862, "cy": 517.885}, "camera_to_world_matrix": [0.183602, 0.0220114, 0.982755, 2.3623, 0.983002, -0.00394786, -0.18356, -9.66101, -0.000160945, 0.999751, -0.0223609, 4.86923, 0.0, 0.0, 0.0, 1.0]}, "138030a069484c288b3b77f8a7cbd7be_d1_3.png": {"intrinsics": {"fx": 1070.2, "fy": 1070.32, "cx": 630.862, "cy": 517.885}, "camera_to_world_matrix": [0.943005, 0.0127999, 0.332536, 2.36458, 0.332553, 0.00077985, -0.943085, -9.65835, -0.012331, 0.999919, -0.00352007, 4.86917, 0.0, 0.0, 0.0, 1.0]}, "138030a069484c288b3b77f8a7cbd7be_d1_4.png": {"intrinsics": {"fx": 1070.2, "fy": 1070.32, "cx": 630.862, "cy": 517.885}, "camera_to_world_matrix": [0.759598, 0.0122866, -0.650278, 2.36802, -0.650391, 0.0111223, -0.759519, -9.65899, -0.00209966, 0.999863, 0.0164407, 4.8691, 0.0, 0.0, 0.0, 1.0]}, "138030a069484c288b3b77f8a7cbd7be_d1_5.png": {"intrinsics": {"fx": 1070.2, "fy": 1070.32, "cx": 630.862, "cy": 517.885}, "camera_to_world_matrix": [-0.183208, 0.0209849, -0.982851, 2.36918, -0.982866, 0.0167367, 0.183568, -9.66229, 0.0203015, 0.99964, 0.0175602, 4.86909, 0.0, 0.0, 0.0, 1.0]}, "138030a069484c288b3b77f8a7cbd7be_d2_0.png": {"intrinsics": {"fx": 1070.15, "fy": 1069.96, "cx": 639.08, "cy": 516.04}, "camera_to_world_matrix": [-0.9422, 0.239193, -0.234623, 2.37129, -0.33428, -0.623502, 0.706755, -9.67516, 0.022763, 0.744333, 0.667422, 4.90239, 0.0, 0.0, 0.0, 1.0]}, "138030a069484c288b3b77f8a7cbd7be_d2_1.png": {"intrinsics": {"fx": 1070.15, "fy": 1069.96, "cx": 639.08, "cy": 516.04}, "camera_to_world_matrix": [-0.760636, -0.416353, 0.49808, 2.357, 0.649059, -0.502599, 0.571067, -9.67249, 0.0125688, 0.757657, 0.652533, 4.90268, 0.0, 0.0, 0.0, 1.0]}, "138030a069484c288b3b77f8a7cbd7be_d2_2.png": {"intrinsics": {"fx": 1070.15, "fy": 1069.96, "cx": 639.08, "cy": 516.04}, "camera_to_world_matrix": [0.181589, -0.639514, 0.747026, 2.35216, 0.983326, 0.12568, -0.131436, -9.65877, -0.0098314, 0.758437, 0.651673, 4.9027, 0.0, 0.0, 0.0, 1.0]}, "138030a069484c288b3b77f8a7cbd7be_d2_3.png": {"intrinsics": {"fx": 1070.15, "fy": 1069.96, "cx": 639.08, "cy": 516.04}, "camera_to_world_matrix": [0.942229, -0.207122, 0.263264, 2.36162, 0.334248, 0.633043, -0.698237, -9.64772, -0.0220368, 0.745893, 0.665702, 4.90242, 0.0, 0.0, 0.0, 1.0]}, "138030a069484c288b3b77f8a7cbd7be_d2_4.png": {"intrinsics": {"fx": 1070.15, "fy": 1069.96, "cx": 639.08, "cy": 516.04}, "camera_to_world_matrix": [0.760626, 0.44842, -0.469434, 2.37592, -0.649084, 0.512114, -0.562521, -9.65039, -0.0118418, 0.73257, 0.68059, 4.90213, 0.0, 0.0, 0.0, 1.0]}, "138030a069484c288b3b77f8a7cbd7be_d2_5.png": {"intrinsics": {"fx": 1070.15, "fy": 1069.96, "cx": 639.08, "cy": 516.04}, "camera_to_world_matrix": [-0.181612, 0.671556, -0.718353, 2.38076, -0.983314, -0.116174, 0.139992, -9.66411, 0.0105584, 0.73179, 0.681449, 4.90212, 0.0, 0.0, 0.0, 1.0]}, "1407cf2da95e4f73951798295db82ab6_d0_0.png": {"intrinsics": {"fx": 1072.25, "fy": 1072.15, "cx": 638.382, "cy": 521.447}, "camera_to_world_matrix": [-0.234538, 0.642183, 0.729789, 9.2982, 0.972106, 0.153872, 0.177013, -7.77345, 0.00138065, 0.750949, -0.660359, 1.29184, 0.0, 0.0, 0.0, 1.0]}, "1407cf2da95e4f73951798295db82ab6_d0_1.png": {"intrinsics": {"fx": 1072.25, "fy": 1072.15, "cx": 638.382, "cy": 521.447}, "camera_to_world_matrix": [0.724587, 0.450685, 0.521399, 9.30216, 0.689168, -0.478909, -0.543777, -7.75945, 0.00463025, 0.753345, -0.657609, 1.29179, 0.0, 0.0, 0.0, 1.0]}, "1407cf2da95e4f73951798295db82ab6_d0_2.png": {"intrinsics": {"fx": 1072.25, "fy": 1072.15, "cx": 638.382, "cy": 521.447}, "camera_to_world_matrix": [0.959095, -0.193072, -0.207024, 9.31627, -0.282926, -0.629455, -0.723698, -7.75587, 0.00941361, 0.752668, -0.658333, 1.2918, 0.0, 0.0, 0.0, 1.0]}, "1407cf2da95e4f73951798295db82ab6_d0_3.png": {"intrinsics": {"fx": 1072.25, "fy": 1072.15, "cx": 638.382, "cy": 521.447}, "camera_to_world_matrix": [0.234474, -0.645317, -0.72704, 9.32641, -0.972061, -0.147217, -0.182825, -7.7663, 0.0109473, 0.749595, -0.661806, 1.29187, 0.0, 0.0, 0.0, 1.0]}, "1407cf2da95e4f73951798295db82ab6_d0_4.png": {"intrinsics": {"fx": 1072.25, "fy": 1072.15, "cx": 638.382, "cy": 521.447}, "camera_to_world_matrix": [-0.724639, -0.453795, -0.518621, 9.32246, -0.689085, 0.485556, 0.537957, -7.7803, 0.00769757, 0.747199, -0.664556, 1.29193, 0.0, 0.0, 0.0, 1.0]}, "1407cf2da95e4f73951798295db82ab6_d0_5.png": {"intrinsics": {"fx": 1072.25, "fy": 1072.15, "cx": 638.382, "cy": 521.447}, "camera_to_world_matrix": [-0.95911, 0.189969, 0.209809, 9.30835, 0.283018, 0.636077, 0.717849, -7.78388, 0.00291425, 0.747876, -0.663832, 1.29191, 0.0, 0.0, 0.0, 1.0]}, "1407cf2da95e4f73951798295db82ab6_d1_0.png": {"intrinsics": {"fx": 1070.2, "fy": 1070.32, "cx": 630.862, "cy": 517.885}, "camera_to_world_matrix": [-0.245664, 0.00271815, 0.969352, 9.30885, 0.969342, -0.00475639, 0.245675, -7.77059, 0.00527808, 0.999986, -0.00146516, 1.3251, 0.0, 0.0, 0.0, 1.0]}, "1407cf2da95e4f73951798295db82ab6_d1_1.png": {"intrinsics": {"fx": 1070.2, "fy": 1070.32, "cx": 630.862, "cy": 517.885}, "camera_to_world_matrix": [0.716611, -0.00762828, 0.697433, 9.3098, 0.697423, -0.00432884, -0.716648, -7.76722, 0.00848555, 0.999962, 0.00221922, 1.32509, 0.0, 0.0, 0.0, 1.0]}, "1407cf2da95e4f73951798295db82ab6_d1_2.png": {"intrinsics": {"fx": 1070.2, "fy": 1070.32, "cx": 630.862, "cy": 517.885}, "camera_to_world_matrix": [0.962238, -0.012431, -0.27193, 9.31319, -0.27189, 0.0048452, -0.962317, -7.76636, 0.0132798, 0.999912, 0.00128355, 1.32509, 0.0, 0.0, 0.0, 1.0]}, "1407cf2da95e4f73951798295db82ab6_d1_3.png": {"intrinsics": {"fx": 1070.2, "fy": 1070.32, "cx": 630.862, "cy": 517.885}, "camera_to_world_matrix": [0.245584, -0.00688722, -0.969352, 9.31563, -0.969263, 0.0135915, -0.245658, -7.76887, 0.0148665, 0.999885, -0.00333649, 1.32511, 0.0, 0.0, 0.0, 1.0]}, "1407cf2da95e4f73951798295db82ab6_d1_4.png": {"intrinsics": {"fx": 1070.2, "fy": 1070.32, "cx": 630.862, "cy": 517.885}, "camera_to_world_matrix": [-0.716681, 0.00345919, -0.697395, 9.31468, -0.697306, 0.0131635, 0.716654, -7.77224, 0.0116589, 0.999908, -0.00702074, 1.32512, 0.0, 0.0, 0.0, 1.0]}, "1407cf2da95e4f73951798295db82ab6_d1_5.png": {"intrinsics": {"fx": 1070.2, "fy": 1070.32, "cx": 630.862, "cy": 517.885}, "camera_to_world_matrix": [-0.962269, 0.00826157, 0.271978, 9.31129, 0.272017, 0.0039893, 0.962285, -7.7731, 0.00686467, 0.999959, -0.00608488, 1.32512, 0.0, 0.0, 0.0, 1.0]}, "1407cf2da95e4f73951798295db82ab6_d2_0.png": {"intrinsics": {"fx": 1070.15, "fy": 1069.96, "cx": 639.08, "cy": 516.04}, "camera_to_world_matrix": [-0.247444, -0.64748, 0.720792, 9.29807, 0.968893, -0.161952, 0.187136, -7.77316, -0.004433, 0.744675, 0.667413, 1.35834, 0.0, 0.0, 0.0, 1.0]}, "1407cf2da95e4f73951798295db82ab6_d2_1.png": {"intrinsics": {"fx": 1070.15, "fy": 1069.96, "cx": 639.08, "cy": 516.04}, "camera_to_world_matrix": [0.715379, -0.467613, 0.519203, 9.30202, 0.698736, 0.480059, -0.530388, -7.75915, -0.00123219, 0.742214, 0.670163, 1.35829, 0.0, 0.0, 0.0, 1.0]}, "1407cf2da95e4f73951798295db82ab6_d2_2.png": {"intrinsics": {"fx": 1070.15, "fy": 1069.96, "cx": 639.08, "cy": 516.04}, "camera_to_world_matrix": [0.962807, 0.178324, -0.202991, 9.31613, -0.270171, 0.645293, -0.714567, -7.75558, 0.00356407, 0.742831, 0.669471, 1.3583, 0.0, 0.0, 0.0, 1.0]}, "1407cf2da95e4f73951798295db82ab6_d2_3.png": {"intrinsics": {"fx": 1070.15, "fy": 1069.96, "cx": 639.08, "cy": 516.04}, "camera_to_world_matrix": [0.247405, 0.644379, -0.72358, 9.32627, -0.968899, 0.168512, -0.181217, -7.76601, 0.00515934, 0.745909, 0.666029, 1.35837, 0.0, 0.0, 0.0, 1.0]}, "1407cf2da95e4f73951798295db82ab6_d2_4.png": {"intrinsics": {"fx": 1070.15, "fy": 1069.96, "cx": 639.08, "cy": 516.04}, "camera_to_world_matrix": [-0.715408, 0.464486, -0.521963, 9.32232, -0.698705, -0.473492, 0.536299, -7.78001, 0.00195836, 0.74837, 0.66328, 1.35842, 0.0, 0.0, 0.0, 1.0]}, "1407cf2da95e4f73951798295db82ab6_d2_5.png": {"intrinsics": {"fx": 1070.15, "fy": 1069.96, "cx": 639.08, "cy": 516.04}, "camera_to_world_matrix": [-0.962798, -0.181457, 0.200239, 9.30821, 0.270212, -0.638701, 0.72045, -7.78358, -0.00283781, 0.747753, 0.663972, 1.35841, 0.0, 0.0, 0.0, 1.0]}, "148a81e548314c67b6f5f226601a27de_d0_0.png": {"intrinsics": {"fx": 1072.25, "fy": 1072.15, "cx": 638.382, "cy": 521.447}, "camera_to_world_matrix": [-0.138417, -0.647756, -0.749168, 6.33161, -0.990314, 0.0988403, 0.0975107, -6.10986, 0.0108849, 0.755408, -0.655164, 4.83541, 0.0, 0.0, 0.0, 1.0]}, "148a81e548314c67b6f5f226601a27de_d0_1.png": {"intrinsics": {"fx": 1072.25, "fy": 1072.15, "cx": 638.382, "cy": 521.447}, "camera_to_world_matrix": [-0.926822, -0.237467, -0.290876, 6.32279, -0.375187, 0.617225, 0.691569, -6.12144, 0.0153112, 0.750094, -0.661153, 4.83553, 0.0, 0.0, 0.0, 1.0]}, "148a81e548314c67b6f5f226601a27de_d0_2.png": {"intrinsics": {"fx": 1072.25, "fy": 1072.15, "cx": 638.382, "cy": 521.447}, "camera_to_world_matrix": [-0.788333, 0.416608, 0.452735, 6.30836, 0.615158, 0.521065, 0.591669, -6.11959, 0.0105899, 0.744935, -0.667053, 4.83564, 0.0, 0.0, 0.0, 1.0]}, "148a81e548314c67b6f5f226601a27de_d0_3.png": {"intrinsics": {"fx": 1072.25, "fy": 1072.15, "cx": 638.382, "cy": 521.447}, "camera_to_world_matrix": [0.138559, 0.66038, 0.738037, 6.30274, 0.990353, -0.0934784, -0.102287, -6.10616, 0.00144246, 0.74509, -0.666962, 4.83564, 0.0, 0.0, 0.0, 1.0]}, "148a81e548314c67b6f5f226601a27de_d0_4.png": {"intrinsics": {"fx": 1072.25, "fy": 1072.15, "cx": 638.382, "cy": 521.447}, "camera_to_world_matrix": [0.926941, 0.250071, 0.279723, 6.31156, 0.375195, -0.611847, -0.696327, -6.09459, -0.00298354, 0.750405, -0.660972, 4.83552, 0.0, 0.0, 0.0, 1.0]}, "148a81e548314c67b6f5f226601a27de_d0_5.png": {"intrinsics": {"fx": 1072.25, "fy": 1072.15, "cx": 638.382, "cy": 521.447}, "camera_to_world_matrix": [0.788412, -0.404001, -0.463885, 6.32599, -0.615144, -0.515661, -0.596398, -6.09644, 0.00173805, 0.755563, -0.655073, 4.83541, 0.0, 0.0, 0.0, 1.0]}, "148a81e548314c67b6f5f226601a27de_d1_0.png": {"intrinsics": {"fx": 1070.2, "fy": 1070.32, "cx": 630.862, "cy": 517.885}, "camera_to_world_matrix": [-0.127022, 0.00731264, -0.991874, 6.32093, -0.991792, 0.0138864, 0.127113, -6.10834, 0.0147028, 0.999878, 0.00548993, 4.86874, 0.0, 0.0, 0.0, 1.0]}, "148a81e548314c67b6f5f226601a27de_d1_1.png": {"intrinsics": {"fx": 1070.2, "fy": 1070.32, "cx": 630.862, "cy": 517.885}, "camera_to_world_matrix": [-0.9224, 0.0167804, -0.385873, 6.31881, -0.38576, 0.00969239, 0.922549, -6.11112, 0.0192204, 0.999813, -0.00246589, 4.86877, 0.0, 0.0, 0.0, 1.0]}, "148a81e548314c67b6f5f226601a27de_d1_2.png": {"intrinsics": {"fx": 1070.2, "fy": 1070.32, "cx": 630.862, "cy": 517.885}, "camera_to_world_matrix": [-0.795273, 0.0178823, 0.605989, 6.31534, 0.606078, -0.000604061, 0.795407, -6.11068, 0.0145894, 0.999841, -0.0103565, 4.8688, 0.0, 0.0, 0.0, 1.0]}, "148a81e548314c67b6f5f226601a27de_d1_3.png": {"intrinsics": {"fx": 1070.2, "fy": 1070.32, "cx": 630.862, "cy": 517.885}, "camera_to_world_matrix": [0.12723, 0.00951649, 0.991828, 6.31398, 0.99186, -0.00670624, -0.127169, -6.10745, 0.00544092, 0.999933, -0.0102911, 4.8688, 0.0, 0.0, 0.0, 1.0]}, "148a81e548314c67b6f5f226601a27de_d1_4.png": {"intrinsics": {"fx": 1070.2, "fy": 1070.32, "cx": 630.862, "cy": 517.885}, "camera_to_world_matrix": [0.922585, 4.89326e-05, 0.385797, 6.31611, 0.385796, -0.00251183, -0.922582, -6.10467, 0.000923605, 0.999998, -0.00233507, 4.86877, 0.0, 0.0, 0.0, 1.0]}, "148a81e548314c67b6f5f226601a27de_d1_5.png": {"intrinsics": {"fx": 1070.2, "fy": 1070.32, "cx": 630.862, "cy": 517.885}, "camera_to_world_matrix": [0.795419, -0.0010526, -0.60606, 6.31958, -0.606036, 0.00778466, -0.7954, -6.10511, 0.00555491, 0.99997, 0.00555533, 4.86874, 0.0, 0.0, 0.0, 1.0]}, "148a81e548314c67b6f5f226601a27de_d2_0.png": {"intrinsics": {"fx": 1070.15, "fy": 1069.96, "cx": 639.08, "cy": 516.04}, "camera_to_world_matrix": [-0.125279, 0.667757, -0.733761, 6.33217, -0.99211, -0.0806067, 0.0960318, -6.10962, 0.00497964, 0.740002, 0.672587, 4.90191, 0.0, 0.0, 0.0, 1.0]}, "148a81e548314c67b6f5f226601a27de_d2_1.png": {"intrinsics": {"fx": 1070.15, "fy": 1069.96, "cx": 639.08, "cy": 516.04}, "camera_to_world_matrix": [-0.921815, 0.264901, -0.282995, 6.32335, -0.387516, -0.611846, 0.689548, -6.1212, 0.00951215, 0.7453, 0.666663, 4.90202, 0.0, 0.0, 0.0, 1.0]}, "148a81e548314c67b6f5f226601a27de_d2_2.png": {"intrinsics": {"fx": 1070.15, "fy": 1069.96, "cx": 639.08, "cy": 516.04}, "camera_to_world_matrix": [-0.796512, -0.39659, 0.456383, 6.30892, 0.604605, -0.52855, 0.595894, -6.11935, 0.00489552, 0.750568, 0.660777, 4.90214, 0.0, 0.0, 0.0, 1.0]}, "148a81e548314c67b6f5f226601a27de_d2_3.png": {"intrinsics": {"fx": 1070.15, "fy": 1069.96, "cx": 639.08, "cy": 516.04}, "camera_to_world_matrix": [0.125324, -0.65521, 0.744979, 6.3033, 0.992108, 0.0859842, -0.0912731, -6.10593, -0.00425359, 0.750537, 0.660815, 4.90214, 0.0, 0.0, 0.0, 1.0]}, "148a81e548314c67b6f5f226601a27de_d2_4.png": {"intrinsics": {"fx": 1070.15, "fy": 1069.96, "cx": 639.08, "cy": 516.04}, "camera_to_world_matrix": [0.921836, -0.252333, 0.29419, 6.31212, 0.387482, 0.617208, -0.684771, -6.09435, -0.00878582, 0.74524, 0.66674, 4.90202, 0.0, 0.0, 0.0, 1.0]}, "148a81e548314c67b6f5f226601a27de_d2_5.png": {"intrinsics": {"fx": 1070.15, "fy": 1069.96, "cx": 639.08, "cy": 516.04}, "camera_to_world_matrix": [0.796494, 0.409155, -0.445185, 6.32655, -0.604633, 0.533886, -0.591089, -6.0962, -0.00416882, 0.739972, 0.672626, 4.90191, 0.0, 0.0, 0.0, 1.0]}, "159bf39081724055a73e686a6577096b_d0_0.png": {"intrinsics": {"fx": 1072.25, "fy": 1072.15, "cx": 638.382, "cy": 521.447}, "camera_to_world_matrix": [0.576492, 0.535783, 0.616922, 11.3997, 0.817092, -0.381823, -0.431939, 3.74216, 0.00412922, 0.753092, -0.657902, 3.11204, 0.0, 0.0, 0.0, 1.0]}, "159bf39081724055a73e686a6577096b_d0_1.png": {"intrinsics": {"fx": 1072.25, "fy": 1072.15, "cx": 638.382, "cy": 521.447}, "camera_to_world_matrix": [0.995838, -0.0663271, -0.0625112, 11.4128, -0.0907138, -0.654864, -0.750282, 3.74841, 0.00882778, 0.75283, -0.658156, 3.11205, 0.0, 0.0, 0.0, 1.0]}, "159bf39081724055a73e686a6577096b_d0_2.png": {"intrinsics": {"fx": 1072.25, "fy": 1072.15, "cx": 638.382, "cy": 521.447}, "camera_to_world_matrix": [0.419309, -0.603834, -0.677911, 11.4248, -0.907779, -0.26994, -0.321045, 3.74016, 0.0108625, 0.750011, -0.661336, 3.11211, 0.0, 0.0, 0.0, 1.0]}, "159bf39081724055a73e686a6577096b_d0_3.png": {"intrinsics": {"fx": 1072.25, "fy": 1072.15, "cx": 638.382, "cy": 521.447}, "camera_to_world_matrix": [-0.576552, -0.539219, -0.613865, 11.4236, -0.817019, 0.388016, 0.426525, 3.72566, 0.00819862, 0.747453, -0.664264, 3.11217, 0.0, 0.0, 0.0, 1.0]}, "159bf39081724055a73e686a6577096b_d0_4.png": {"intrinsics": {"fx": 1072.25, "fy": 1072.15, "cx": 638.382, "cy": 521.447}, "camera_to_world_matrix": [-0.995863, 0.0629015, 0.0655814, 11.4105, 0.0908035, 0.661034, 0.744842, 3.71941, 0.00350007, 0.747715, -0.664011, 3.11216, 0.0, 0.0, 0.0, 1.0]}, "159bf39081724055a73e686a6577096b_d0_5.png": {"intrinsics": {"fx": 1072.25, "fy": 1072.15, "cx": 638.382, "cy": 521.447}, "camera_to_world_matrix": [-0.419302, 0.600394, 0.680965, 11.3985, 0.907846, 0.276089, 0.31558, 3.72766, 0.00146554, 0.750534, -0.66083, 3.1121, 0.0, 0.0, 0.0, 1.0]}, "159bf39081724055a73e686a6577096b_d1_0.png": {"intrinsics": {"fx": 1070.2, "fy": 1070.32, "cx": 630.862, "cy": 517.885}, "camera_to_world_matrix": [0.567064, -0.00603389, 0.823653, 11.4087, 0.823637, -0.00554549, -0.567093, 3.73603, 0.00798903, 0.999967, 0.00182626, 3.14534, 0.0, 0.0, 0.0, 1.0]}, "159bf39081724055a73e686a6577096b_d1_1.png": {"intrinsics": {"fx": 1070.2, "fy": 1070.32, "cx": 630.862, "cy": 517.885}, "camera_to_world_matrix": [0.996773, -0.0125314, -0.0793015, 11.4118, -0.0792763, 0.00251749, -0.99685, 3.73754, 0.0126913, 0.999919, 0.0015171, 3.14534, 0.0, 0.0, 0.0, 1.0]}, "159bf39081724055a73e686a6577096b_d1_2.png": {"intrinsics": {"fx": 1070.2, "fy": 1070.32, "cx": 630.862, "cy": 517.885}, "camera_to_world_matrix": [0.429664, -0.00879723, -0.902947, 11.4147, -0.90287, 0.012176, -0.429745, 3.73555, 0.0147745, 0.999888, -0.00270998, 3.14536, 0.0, 0.0, 0.0, 1.0]}, "159bf39081724055a73e686a6577096b_d1_3.png": {"intrinsics": {"fx": 1070.2, "fy": 1070.32, "cx": 630.862, "cy": 517.885}, "camera_to_world_matrix": [-0.567142, 0.00143442, -0.82362, 11.4144, -0.823532, 0.0137713, 0.567105, 3.73206, 0.0121555, 0.999905, -0.00662781, 3.14537, 0.0, 0.0, 0.0, 1.0]}