{"009a121be20f46a6a41981c3974ab276_d0_0.png": {"intrinsics": {"fx": 1074.8, "fy": 1075.18, "cx": 628.663, "cy": 509.551}, "camera_to_world_matrix": [-0.872426, 0.324973, 0.365055, -0.00678005, 0.488739, 0.576213, 0.655067, -0.0126797, 0.00252996, 0.749914, -0.661531, 1.19356, 0.0, 0.0, 0.0, 1.0]}, "009a121be20f46a6a41981c3974ab276_d0_1.png": {"intrinsics": {"fx": 1074.8, "fy": 1075.18, "cx": 628.663, "cy": 509.551}, "camera_to_world_matrix": [-0.0129818, 0.659667, 0.751446, -0.0142895, 0.999866, 0.00102531, 0.0163736, -0.000217176, 0.0100306, 0.751558, -0.659591, 1.19353, 0.0, 0.0, 0.0, 1.0]}, "009a121be20f46a6a41981c3974ab276_d0_2.png": {"intrinsics": {"fx": 1074.8, "fy": 1075.18, "cx": 628.663, "cy": 509.551}, "camera_to_world_matrix": [0.859379, 0.328896, 0.391529, -0.00725151, 0.51109, -0.576419, -0.637596, 0.0125174, 0.0159822, 0.748043, -0.663458, 1.1936, 0.0, 0.0, 0.0, 1.0]}, "009a121be20f46a6a41981c3974ab276_d0_3.png": {"intrinsics": {"fx": 1074.8, "fy": 1075.18, "cx": 628.663, "cy": 509.551}, "camera_to_world_matrix": [0.872276, -0.33656, -0.354771, 0.00729567, -0.488801, -0.578663, -0.652858, 0.0127891, 0.0144329, 0.742885, -0.669264, 1.19371, 0.0, 0.0, 0.0, 1.0]}, "009a121be20f46a6a41981c3974ab276_d0_4.png": {"intrinsics": {"fx": 1074.8, "fy": 1075.18, "cx": 628.663, "cy": 509.551}, "camera_to_world_matrix": [0.0128114, -0.67123, -0.741138, 0.0148046, -0.999894, -0.0034614, -0.0141495, 0.000326285, 0.0069321, 0.741241, -0.671204, 1.19375, 0.0, 0.0, 0.0, 1.0]}, "009a121be20f46a6a41981c3974ab276_d0_5.png": {"intrinsics": {"fx": 1074.8, "fy": 1075.18, "cx": 628.663, "cy": 509.551}, "camera_to_world_matrix": [-0.85953, -0.340438, -0.381195, 0.00776614, -0.511084, 0.57397, 0.639806, -0.012408, 0.000980772, 0.744756, -0.667337, 1.19368, 0.0, 0.0, 0.0, 1.0]}, "009a121be20f46a6a41981c3974ab276_d1_0.png": {"intrinsics": {"fx": 1074.63, "fy": 1075.42, "cx": 630.069, "cy": 513.865}, "camera_to_world_matrix": [-0.875237, 0.00280859, 0.483689, -0.0016929, 0.483662, -0.00697736, 0.875228, -0.00306329, 0.00583261, 0.999973, 0.00474995, 1.22687, 0.0, 0.0, 0.0, 1.0]}, "009a121be20f46a6a41981c3974ab276_d1_1.png": {"intrinsics": {"fx": 1074.63, "fy": 1075.42, "cx": 630.069, "cy": 513.865}, "camera_to_world_matrix": [-0.0187921, -0.00708278, 0.999799, -0.00349928, 0.999736, -0.0134538, 0.0186961, -6.54334e-05, 0.0133182, 0.999885, 0.00733525, 1.22686, 0.0, 0.0, 0.0, 1.0]}, "009a121be20f46a6a41981c3974ab276_d1_2.png": {"intrinsics": {"fx": 1074.63, "fy": 1075.42, "cx": 630.069, "cy": 513.865}, "camera_to_world_matrix": [0.856354, -0.0176371, 0.516091, -0.00180631, 0.516032, -0.00812533, -0.856532, 0.00299786, 0.0192997, 0.999812, 0.00214466, 1.22688, 0.0, 0.0, 0.0, 1.0]}, "009a121be20f46a6a41981c3974ab276_d1_3.png": {"intrinsics": {"fx": 1074.63, "fy": 1075.42, "cx": 630.069, "cy": 513.865}, "camera_to_world_matrix": [0.875035, -0.0182997, -0.483716, 0.00169302, -0.483735, 0.00367938, -0.875208, 0.00306323, 0.0177954, 0.999827, -0.00563111, 1.22691, 0.0, 0.0, 0.0, 1.0]}, "009a121be20f46a6a41981c3974ab276_d1_4.png": {"intrinsics": {"fx": 1074.63, "fy": 1075.42, "cx": 630.069, "cy": 513.865}, "camera_to_world_matrix": [0.01857, -0.00840812, -0.999793, 0.00349929, -0.999776, 0.0101554, -0.0186555, 6.52964e-05, 0.0103097, 0.999914, -0.00821612, 1.22691, 0.0, 0.0, 0.0, 1.0]}, "009a121be20f46a6a41981c3974ab276_d1_5.png": {"intrinsics": {"fx": 1074.63, "fy": 1075.42, "cx": 630.069, "cy": 513.865}, "camera_to_world_matrix": [-0.856557, 0.00214596, -0.516051, 0.00180619, -0.516037, 0.00482655, 0.856554, -0.00299793, 0.00432844, 0.999987, -0.00302529, 1.2269, 0.0, 0.0, 0.0, 1.0]}, "009a121be20f46a6a41981c3974ab276_d2_0.png": {"intrinsics": {"fx": 1075.01, "fy": 1075.15, "cx": 635.139, "cy": 516.938}, "camera_to_world_matrix": [-0.875955, -0.328669, 0.353097, -0.00729518, 0.482376, -0.591404, 0.646183, -0.0127894, -0.00355672, 0.736354, 0.676584, 1.26006, 0.0, 0.0, 0.0, 1.0]}, "009a121be20f46a6a41981c3974ab276_d2_1.png": {"intrinsics": {"fx": 1075.01, "fy": 1075.15, "cx": 635.139, "cy": 516.938}, "camera_to_world_matrix": [-0.0202419, -0.678303, 0.734503, -0.0148046, 0.999785, -0.0166164, 0.0122067, -0.000326856, 0.00392542, 0.734594, 0.678493, 1.26002, 0.0, 0.0, 0.0, 1.0]}, "009a121be20f46a6a41981c3974ab276_d2_2.png": {"intrinsics": {"fx": 1075.01, "fy": 1075.15, "cx": 635.139, "cy": 516.938}, "camera_to_world_matrix": [0.855694, -0.35535, 0.376178, -0.00776663, 0.517383, 0.573568, -0.635086, 0.0124077, 0.00991518, 0.738069, 0.67465, 1.2601, 0.0, 0.0, 0.0, 1.0]}, "009a121be20f46a6a41981c3974ab276_d2_3.png": {"intrinsics": {"fx": 1075.01, "fy": 1075.15, "cx": 635.139, "cy": 516.938}, "camera_to_world_matrix": [0.875898, 0.31723, -0.363545, 0.00678055, -0.482418, 0.588951, -0.648388, 0.0126794, 0.00842266, 0.743304, 0.668898, 1.26021, 0.0, 0.0, 0.0, 1.0]}, "009a121be20f46a6a41981c3974ab276_d2_4.png": {"intrinsics": {"fx": 1075.01, "fy": 1075.15, "cx": 635.139, "cy": 516.938}, "camera_to_world_matrix": [0.0201651, 0.666842, -0.744926, 0.0142895, -0.999794, 0.0141496, -0.0143969, 0.000216608, 0.000940389, 0.745065, 0.666989, 1.26025, 0.0, 0.0, 0.0, 1.0]}, "009a121be20f46a6a41981c3974ab276_d2_5.png": {"intrinsics": {"fx": 1075.01, "fy": 1075.15, "cx": 635.139, "cy": 516.938}, "camera_to_world_matrix": [-0.855752, 0.343865, -0.386575, 0.00725102, -0.517357, -0.576022, 0.632882, -0.0125177, -0.00504914, 0.741589, 0.670833, 1.26017, 0.0, 0.0, 0.0, 1.0]}, "06d28e95541746838c132c796ece97a3_d0_0.png": {"intrinsics": {"fx": 1074.8, "fy": 1075.18, "cx": 628.663, "cy": 509.551}, "camera_to_world_matrix": [-0.999594, -0.0241625, -0.0151387, 0.479819, -0.0274189, 0.668875, 0.742869, 1.4434, -0.00782363, 0.742982, -0.669266, 1.19025, 0.0, 0.0, 0.0, 1.0]}, "06d28e95541746838c132c796ece97a3_d0_1.png": {"intrinsics": {"fx": 1074.8, "fy": 1075.18, "cx": 628.663, "cy": 509.551}, "camera_to_world_matrix": [-0.523565, 0.557934, 0.643886, 0.466986, 0.851976, 0.346533, 0.392496, 1.45025, -0.0041414, 0.754072, -0.656778, 1.19001, 0.0, 0.0, 0.0, 1.0]}, "06d28e95541746838c132c796ece97a3_d0_2.png": {"intrinsics": {"fx": 1074.8, "fy": 1075.18, "cx": 628.663, "cy": 509.551}, "camera_to_world_matrix": [0.475901, 0.569812, 0.66995, 0.466503, 0.879415, -0.318832, -0.353518, 1.46479, 0.0121631, 0.757404, -0.652834, 1.18993, 0.0, 0.0, 0.0, 1.0]}, "06d28e95541746838c132c796ece97a3_d0_3.png": {"intrinsics": {"fx": 1074.8, "fy": 1075.18, "cx": 628.663, "cy": 509.551}, "camera_to_world_matrix": [0.999316, -0.000406132, 0.0369889, 0.478854, 0.0274599, -0.661841, -0.749142, 1.47248, 0.024785, 0.749645, -0.661376, 1.1901, 0.0, 0.0, 0.0, 1.0]}, "06d28e95541746838c132c796ece97a3_d0_4.png": {"intrinsics": {"fx": 1074.8, "fy": 1075.18, "cx": 628.663, "cy": 509.551}, "camera_to_world_matrix": [0.523253, -0.58249, -0.622023, 0.491688, -0.851916, -0.339475, -0.398743, 1.46563, 0.021102, 0.738554, -0.673864, 1.19034, 0.0, 0.0, 0.0, 1.0]}, "06d28e95541746838c132c796ece97a3_d0_5.png": {"intrinsics": {"fx": 1074.8, "fy": 1075.18, "cx": 628.663, "cy": 509.551}, "camera_to_world_matrix": [-0.476214, -0.594342, -0.648057, 0.492169, -0.879317, 0.325891, 0.347272, 1.45109, 0.00479736, 0.735223, -0.677808, 1.19042, 0.0, 0.0, 0.0, 1.0]}, "06d28e95541746838c132c796ece97a3_d1_0.png": {"intrinsics": {"fx": 1074.63, "fy": 1075.42, "cx": 630.069, "cy": 513.865}, "camera_to_world_matrix": [-0.999441, -0.0046469, -0.0331601, 0.478906, -0.0331853, 0.00554689, 0.999435, 1.4546, -0.00446077, 0.999975, -0.00569647, 1.22344, 0.0, 0.0, 0.0, 1.0]}, "06d28e95541746838c132c796ece97a3_d1_1.png": {"intrinsics": {"fx": 1074.63, "fy": 1075.42, "cx": 630.069, "cy": 513.865}, "camera_to_world_matrix": [-0.528523, -0.00982125, 0.848863, 0.475819, 0.84892, -0.00508399, 0.5285, 1.45625, -0.000875335, 0.99994, 0.011026, 1.22338, 0.0, 0.0, 0.0, 1.0]}, "06d28e95541746838c132c796ece97a3_d1_2.png": {"intrinsics": {"fx": 1074.63, "fy": 1075.42, "cx": 630.069, "cy": 513.865}, "camera_to_world_matrix": [0.470735, -0.0216135, 0.882011, 0.475703, 0.882142, -0.00591832, -0.470949, 1.45975, 0.0153985, 0.99975, 0.0162818, 1.22336, 0.0, 0.0, 0.0, 1.0]}, "06d28e95541746838c132c796ece97a3_d1_3.png": {"intrinsics": {"fx": 1074.63, "fy": 1075.42, "cx": 630.069, "cy": 513.865}, "camera_to_world_matrix": [0.999054, -0.0282312, 0.0331356, 0.478674, 0.0332577, 0.00387824, -0.99944, 1.4616, 0.0280865, 0.999595, 0.004815, 1.2234, 0.0, 0.0, 0.0, 1.0]}, "06d28e95541746838c132c796ece97a3_d1_4.png": {"intrinsics": {"fx": 1074.63, "fy": 1075.42, "cx": 630.069, "cy": 513.865}, "camera_to_world_matrix": [0.528102, -0.0230565, -0.848869, 0.481761, -0.84883, 0.0145089, -0.528471, 1.45995, 0.0245004, 0.99963, -0.0119073, 1.22346, 0.0, 0.0, 0.0, 1.0]}, "06d28e95541746838c132c796ece97a3_d1_5.png": {"intrinsics": {"fx": 1074.63, "fy": 1075.42, "cx": 630.069, "cy": 513.865}, "camera_to_world_matrix": [-0.471158, -0.0112641, -0.881978, 0.481877, -0.882012, 0.0153428, 0.470979, 1.45645, 0.00822639, 0.99982, -0.0171624, 1.22348, 0.0, 0.0, 0.0, 1.0]}, "06d28e95541746838c132c796ece97a3_d2_0.png": {"intrinsics": {"fx": 1075.01, "fy": 1075.15, "cx": 635.139, "cy": 516.938}, "camera_to_world_matrix": [-0.999298, 0.0129676, -0.035084, 0.478726, -0.0347523, -0.668803, 0.742626, 1.44371, -0.0138338, 0.743326, 0.668783, 1.25674, 0.0, 0.0, 0.0, 1.0]}, "06d28e95541746838c132c796ece97a3_d2_1.png": {"intrinsics": {"fx": 1075.01, "fy": 1075.15, "cx": 635.139, "cy": 516.938}, "camera_to_world_matrix": [-0.529694, -0.581752, 0.617243, 0.465892, 0.848124, -0.354463, 0.393748, 1.45057, -0.0102735, 0.732066, 0.681154, 1.2565, 0.0, 0.0, 0.0, 1.0]}, "06d28e95541746838c132c796ece97a3_d2_2.png": {"intrinsics": {"fx": 1075.01, "fy": 1075.15, "cx": 635.139, "cy": 516.938}, "camera_to_world_matrix": [0.469577, -0.60687, 0.641252, 0.46541, 0.882869, 0.317835, -0.345717, 1.46511, 0.00599329, 0.728484, 0.685034, 1.25642, 0.0, 0.0, 0.0, 1.0]}, "06d28e95541746838c132c796ece97a3_d2_3.png": {"intrinsics": {"fx": 1075.01, "fy": 1075.15, "cx": 635.139, "cy": 516.938}, "camera_to_world_matrix": [0.999219, -0.0372681, 0.0129345, 0.477761, 0.0347364, 0.675777, -0.736286, 1.4728, 0.0186995, 0.736163, 0.676544, 1.25659, 0.0, 0.0, 0.0, 1.0]}, "06d28e95541746838c132c796ece97a3_d2_4.png": {"intrinsics": {"fx": 1075.01, "fy": 1075.15, "cx": 635.139, "cy": 516.938}, "camera_to_world_matrix": [0.52958, 0.557439, -0.639379, 0.490594, -0.848122, 0.361414, -0.387382, 1.46594, 0.0151387, 0.747423, 0.664173, 1.25683, 0.0, 0.0, 0.0, 1.0]}, "06d28e95541746838c132c796ece97a3_d2_5.png": {"intrinsics": {"fx": 1075.01, "fy": 1075.15, "cx": 635.139, "cy": 516.938}, "camera_to_world_matrix": [-0.469691, 0.582531, -0.663359, 0.491076, -0.882828, -0.310885, 0.352084, 1.4514, -0.00112836, 0.751004, 0.660294, 1.25691, 0.0, 0.0, 0.0, 1.0]}, "07e011fca68e4d6bbda2c6083c8a134c_d0_0.png": {"intrinsics": {"fx": 1074.8, "fy": 1075.18, "cx": 628.663, "cy": 509.551}, "camera_to_world_matrix": [-0.259863, 0.65152, 0.712736, -6.03155, 0.965552, 0.16505, 0.201166, 4.50816, 0.0134273, 0.74046, -0.671967, 4.25254, 0.0, 0.0, 0.0, 1.0]}, "07e011fca68e4d6bbda2c6083c8a134c_d0_1.png": {"intrinsics": {"fx": 1074.8, "fy": 1075.18, "cx": 628.663, "cy": 509.551}, "camera_to_world_matrix": [0.706298, 0.473941, 0.525855, -6.02788, 0.707908, -0.4763, -0.521542, 4.52224, 0.00328461, 0.74062, -0.671916, 4.25253, 0.0, 0.0, 0.0, 1.0]}, "07e011fca68e4d6bbda2c6083c8a134c_d0_2.png": {"intrinsics": {"fx": 1074.8, "fy": 1075.18, "cx": 628.663, "cy": 509.551}, "camera_to_world_matrix": [0.966229, -0.170246, -0.193439, -6.01385, -0.257682, -0.643185, -0.72105, 4.5261, -0.00166119, 0.746545, -0.665333, 4.25241, 0.0, 0.0, 0.0, 1.0]}, "07e011fca68e4d6bbda2c6083c8a134c_d0_3.png": {"intrinsics": {"fx": 1074.8, "fy": 1075.18, "cx": 628.663, "cy": 509.551}, "camera_to_world_matrix": [0.259993, -0.636841, -0.725836, -6.00349, -0.965604, -0.168717, -0.197847, 4.51588, 0.0035358, 0.752309, -0.658801, 4.25228, 0.0, 0.0, 0.0, 1.0]}, "07e011fca68e4d6bbda2c6083c8a134c_d0_4.png": {"intrinsics": {"fx": 1074.8, "fy": 1075.18, "cx": 628.663, "cy": 509.551}, "camera_to_world_matrix": [-0.706159, -0.459237, -0.538927, -6.00716, -0.707922, 0.472626, 0.524854, 4.5018, 0.0136784, 0.752148, -0.658852, 4.25228, 0.0, 0.0, 0.0, 1.0]}, "07e011fca68e4d6bbda2c6083c8a134c_d0_5.png": {"intrinsics": {"fx": 1074.8, "fy": 1075.18, "cx": 628.663, "cy": 509.551}, "camera_to_world_matrix": [-0.966052, 0.184958, 0.180375, -6.02119, 0.257678, 0.639485, 0.724335, 4.49794, 0.0186239, 0.746223, -0.665435, 4.25241, 0.0, 0.0, 0.0, 1.0]}, "07e011fca68e4d6bbda2c6083c8a134c_d1_0.png": {"intrinsics": {"fx": 1074.63, "fy": 1075.42, "cx": 630.069, "cy": 513.865}, "camera_to_world_matrix": [-0.265404, 0.0134005, 0.964045, -6.02057, 0.963992, -0.0137466, 0.265581, 4.51101, 0.0168108, 0.999817, -0.00926806, 4.28569, 0.0, 0.0, 0.0, 1.0]}, "07e011fca68e4d6bbda2c6083c8a134c_d1_1.png": {"intrinsics": {"fx": 1074.63, "fy": 1075.42, "cx": 630.069, "cy": 513.865}, "camera_to_world_matrix": [0.7022, 0.00185616, 0.711979, -6.01968, 0.711951, -0.0111963, -0.702142, 4.5144, 0.0066678, 0.999936, -0.00918199, 4.28569, 0.0, 0.0, 0.0, 1.0]}, "07e011fca68e4d6bbda2c6083c8a134c_d1_2.png": {"intrinsics": {"fx": 1074.63, "fy": 1075.42, "cx": 630.069, "cy": 513.865}, "camera_to_world_matrix": [0.967705, -0.00170712, -0.252086, -6.01631, -0.252087, 7.713e-05, -0.967706, 4.51532, 0.001671, 0.999999, -0.000354182, 4.28566, 0.0, 0.0, 0.0, 1.0]}, "07e011fca68e4d6bbda2c6083c8a134c_d1_3.png": {"intrinsics": {"fx": 1074.63, "fy": 1075.42, "cx": 630.069, "cy": 513.865}, "camera_to_world_matrix": [0.265599, 0.00627404, -0.964064, -6.01382, -0.964061, 0.00879999, -0.265541, 4.51287, 0.00681732, 0.999942, 0.00838734, 4.28562, 0.0, 0.0, 0.0, 1.0]}, "07e011fca68e4d6bbda2c6083c8a134c_d1_4.png": {"intrinsics": {"fx": 1074.63, "fy": 1075.42, "cx": 630.069, "cy": 513.865}, "camera_to_world_matrix": [-0.701996, 0.0178183, -0.711961, -6.0147, -0.711982, 0.00624926, 0.702172, 4.50948, 0.0169603, 0.999823, 0.00830087, 4.28563, 0.0, 0.0, 0.0, 1.0]}, "07e011fca68e4d6bbda2c6083c8a134c_d1_5.png": {"intrinsics": {"fx": 1074.63, "fy": 1075.42, "cx": 630.069, "cy": 513.865}, "camera_to_world_matrix": [-0.967463, 0.0213811, 0.252115, -6.01807, 0.252066, -0.00502429, 0.967698, 4.50855, 0.0219568, 0.99976, -0.000527128, 4.28566, 0.0, 0.0, 0.0, 1.0]}, "07e011fca68e4d6bbda2c6083c8a134c_d2_0.png": {"intrinsics": {"fx": 1075.01, "fy": 1075.15, "cx": 635.139, "cy": 516.938}, "camera_to_world_matrix": [-0.26698, -0.640549, 0.720013, -6.03089, 0.963671, -0.18322, 0.194329, 4.50799, 0.00744367, 0.745739, 0.666194, 4.31903, 0.0, 0.0, 0.0, 1.0]}, "07e011fca68e4d6bbda2c6083c8a134c_d2_1.png": {"intrinsics": {"fx": 1075.01, "fy": 1075.15, "cx": 635.139, "cy": 516.938}, "camera_to_world_matrix": [0.701068, -0.473697, 0.533022, -6.02722, 0.713087, 0.468538, -0.521516, 4.52207, -0.00270009, 0.74571, 0.666263, 4.31903, 0.0, 0.0, 0.0, 1.0]}, "07e011fca68e4d6bbda2c6083c8a134c_d2_2.png": {"intrinsics": {"fx": 1075.01, "fy": 1075.15, "cx": 635.139, "cy": 516.938}, "camera_to_world_matrix": [0.968056, 0.174142, -0.180385, -6.0132, -0.250607, 0.649917, -0.717497, 4.52594, -0.00771061, 0.739785, 0.672797, 4.3189, 0.0, 0.0, 0.0, 1.0]}, "07e011fca68e4d6bbda2c6083c8a134c_d2_3.png": {"intrinsics": {"fx": 1075.01, "fy": 1075.15, "cx": 635.139, "cy": 516.938}, "camera_to_world_matrix": [0.26699, 0.655113, -0.706783, -6.00284, -0.963694, 0.179535, -0.19763, 4.51572, -0.00257728, 0.733889, 0.679261, 4.31878, 0.0, 0.0, 0.0, 1.0]}, "07e011fca68e4d6bbda2c6083c8a134c_d2_4.png": {"intrinsics": {"fx": 1075.01, "fy": 1075.15, "cx": 635.139, "cy": 516.938}, "camera_to_world_matrix": [-0.701048, 0.488235, -0.519764, -6.00651, -0.713071, -0.472217, 0.518208, 4.50164, 0.00756645, 0.733919, 0.679192, 4.31878, 0.0, 0.0, 0.0, 1.0]}, "07e011fca68e4d6bbda2c6083c8a134c_d2_5.png": {"intrinsics": {"fx": 1075.01, "fy": 1075.15, "cx": 635.139, "cy": 516.938}, "camera_to_world_matrix": [-0.967999, -0.15961, 0.19365, -6.02053, 0.250633, -0.653571, 0.714162, 4.49778, 0.0125767, 0.739844, 0.672658, 4.31891, 0.0, 0.0, 0.0, 1.0]}, "0836acc78091475dbba186b98e05792a_d0_0.png": {"intrinsics": {"fx": 1074.8, "fy": 1075.18, "cx": 628.663, "cy": 509.551}, "camera_to_world_matrix": [0.515429, -0.567634, -0.641969, -3.16686, -0.856919, -0.337219, -0.389838, -0.875205, 0.00480116, 0.751049, -0.660229, 2.45411, 0.0, 0.0, 0.0, 1.0]}, "0836acc78091475dbba186b98e05792a_d0_1.png": {"intrinsics": {"fx": 1074.8, "fy": 1075.18, "cx": 628.663, "cy": 509.551}, "camera_to_world_matrix": [-0.484356, -0.573192, -0.660947, -3.16651, -0.87478, 0.328237, 0.3564, -0.889751, 0.0126621, 0.750807, -0.6604, 2.45411, 0.0, 0.0, 0.0, 1.0]}, "0836acc78091475dbba186b98e05792a_d0_2.png": {"intrinsics": {"fx": 1074.8, "fy": 1075.18, "cx": 628.663, "cy": 509.551}, "camera_to_world_matrix": [-0.999707, 0.000318427, -0.0241899, -3.17894, -0.0178375, 0.66577, 0.745944, -0.897322, 0.0163424, 0.746158, -0.665569, 2.45422, 0.0, 0.0, 0.0, 1.0]}, "0836acc78091475dbba186b98e05792a_d0_3.png": {"intrinsics": {"fx": 1074.8, "fy": 1075.18, "cx": 628.663, "cy": 509.551}, "camera_to_world_matrix": [-0.515263, 0.579373, 0.631531, -3.19171, 0.856946, 0.337837, 0.389242, -0.890347, 0.0121617, 0.74175, -0.670566, 2.45431, 0.0, 0.0, 0.0, 1.0]}, "0836acc78091475dbba186b98e05792a_d0_4.png": {"intrinsics": {"fx": 1074.8, "fy": 1075.18, "cx": 628.663, "cy": 509.551}, "camera_to_world_matrix": [0.484523, 0.584905, 0.65048, -3.19205, 0.874768, -0.327619, -0.356997, -0.875801, 0.00430066, 0.741992, -0.670395, 2.45431, 0.0, 0.0, 0.0, 1.0]}, "0836acc78091475dbba186b98e05792a_d0_5.png": {"intrinsics": {"fx": 1074.8, "fy": 1075.18, "cx": 628.663, "cy": 509.551}, "camera_to_world_matrix": [0.999841, 0.0113814, 0.0137072, -3.17962, 0.0178056, -0.665129, -0.746516, -0.86823, 0.000620655, 0.746642, -0.665226, 2.45421, 0.0, 0.0, 0.0, 1.0]}, "0836acc78091475dbba186b98e05792a_d1_0.png": {"intrinsics": {"fx": 1074.63, "fy": 1075.42, "cx": 630.069, "cy": 513.865}, "camera_to_world_matrix": [0.520388, 0.00132909, -0.85393, -3.17603, -0.853893, 0.0102886, -0.520349, -0.880941, 0.0080937, 0.999947, 0.00649045, 2.48744, 0.0, 0.0, 0.0, 1.0]}, "0836acc78091475dbba186b98e05792a_d1_1.png": {"intrinsics": {"fx": 1074.63, "fy": 1075.42, "cx": 630.069, "cy": 513.865}, "camera_to_world_matrix": [-0.479244, 0.01313, -0.877585, -3.17595, -0.877538, 0.0110099, 0.479383, -0.88444, 0.015956, 0.999854, 0.00624718, 2.48744, 0.0, 0.0, 0.0, 1.0]}, "0836acc78091475dbba186b98e05792a_d1_2.png": {"intrinsics": {"fx": 1074.63, "fy": 1075.42, "cx": 630.069, "cy": 513.865}, "camera_to_world_matrix": [-0.999529, 0.019655, -0.0236384, -3.17894, -0.02362, 0.00115021, 0.999721, -0.886261, 0.0196763, 0.999807, -0.000683888, 2.48746, 0.0, 0.0, 0.0, 1.0]}, "0836acc78091475dbba186b98e05792a_d1_3.png": {"intrinsics": {"fx": 1074.63, "fy": 1075.42, "cx": 630.069, "cy": 513.865}, "camera_to_world_matrix": [-0.520169, 0.0143789, 0.853943, -3.18201, 0.853924, -0.00943051, 0.520316, -0.884583, 0.0155343, 0.999853, -0.00737153, 2.48748, 0.0, 0.0, 0.0, 1.0]}, "0836acc78091475dbba186b98e05792a_d1_4.png": {"intrinsics": {"fx": 1074.63, "fy": 1075.42, "cx": 630.069, "cy": 513.865}, "camera_to_world_matrix": [0.479464, 0.00257801, 0.877559, -3.18209, 0.87753, -0.0101513, -0.479418, -0.881084, 0.00767204, 0.999946, -0.00712795, 2.48748, 0.0, 0.0, 0.0, 1.0]}, "0836acc78091475dbba186b98e05792a_d1_5.png": {"intrinsics": {"fx": 1074.63, "fy": 1075.42, "cx": 630.069, "cy": 513.865}, "camera_to_world_matrix": [0.999715, -0.00394661, 0.0235923, -3.1791, 0.0235909, -0.000291443, -0.999722, -0.879263, 0.00395197, 0.999993, -0.000196734, 2.48746, 0.0, 0.0, 0.0, 1.0]}, "0836acc78091475dbba186b98e05792a_d2_0.png": {"intrinsics": {"fx": 1075.01, "fy": 1075.15, "cx": 635.139, "cy": 516.938}, "camera_to_world_matrix": [0.521646, 0.578834, -0.626766, -3.16633, -0.853159, 0.352796, -0.384254, -0.875176, -0.00129814, 0.735177, 0.677871, 2.52061, 0.0, 0.0, 0.0, 1.0]}, "0836acc78091475dbba186b98e05792a_d2_1.png": {"intrinsics": {"fx": 1075.01, "fy": 1075.15, "cx": 635.139, "cy": 516.938}, "camera_to_world_matrix": [-0.478013, 0.597566, -0.643752, -3.16599, -0.878326, -0.319719, 0.355416, -0.889723, 0.00656498, 0.735319, 0.677687, 2.52061, 0.0, 0.0, 0.0, 1.0]}, "0836acc78091475dbba186b98e05792a_d2_2.png": {"intrinsics": {"fx": 1075.01, "fy": 1075.15, "cx": 635.139, "cy": 516.938}, "camera_to_world_matrix": [-0.999629, 0.0245304, -0.0116865, -3.17841, -0.0251467, -0.672191, 0.73995, -0.897293, 0.0102961, 0.739971, 0.672557, 2.52071, 0.0, 0.0, 0.0, 1.0]}, "0836acc78091475dbba186b98e05792a_d2_3.png": {"intrinsics": {"fx": 1075.01, "fy": 1075.15, "cx": 635.139, "cy": 516.938}, "camera_to_world_matrix": [-0.521574, -0.567225, 0.63735, -3.19118, 0.853181, -0.352139, 0.384807, -0.890318, 0.00616402, 0.744482, 0.667611, 2.52081, 0.0, 0.0, 0.0, 1.0]}, "0836acc78091475dbba186b98e05792a_d2_4.png": {"intrinsics": {"fx": 1075.01, "fy": 1075.15, "cx": 635.139, "cy": 516.938}, "camera_to_world_matrix": [0.478085, -0.585931, 0.654307, -3.19153, 0.87831, 0.320377, -0.354863, -0.875772, -0.00169912, 0.74434, 0.667796, 2.52081, 0.0, 0.0, 0.0, 1.0]}, "0836acc78091475dbba186b98e05792a_d2_5.png": {"intrinsics": {"fx": 1075.01, "fy": 1075.15, "cx": 635.139, "cy": 516.938}, "camera_to_world_matrix": [0.999668, -0.0128813, 0.0222263, -3.1791, 0.0251095, 0.672826, -0.739374, -0.868202, -0.00542994, 0.739688, 0.672926, 2.52071, 0.0, 0.0, 0.0, 1.0]}, "0896e14268a54c1faa6a5648eb8eb63b_d0_0.png": {"intrinsics": {"fx": 1074.8, "fy": 1075.18, "cx": 628.663, "cy": 509.551}, "camera_to_world_matrix": [-0.890306, -0.281355, -0.358043, -4.09954, -0.454362, 0.600978, 0.657556, -1.9004, 0.0301693, 0.748108, -0.662891, 1.31002, 0.0, 0.0, 0.0, 1.0]}, "0896e14268a54c1faa6a5648eb8eb63b_d0_1.png": {"intrinsics": {"fx": 1074.8, "fy": 1075.18, "cx": 628.663, "cy": 509.551}, "camera_to_world_matrix": [-0.838641, 0.382737, 0.38755, -4.11408, 0.544244, 0.560169, 0.624508, -1.89973, 0.0219285, 0.734659, -0.678082, 1.31031, 0.0, 0.0, 0.0, 1.0]}, "0896e14268a54c1faa6a5648eb8eb63b_d0_2.png": {"intrinsics": {"fx": 1074.8, "fy": 1075.18, "cx": 628.663, "cy": 509.551}, "camera_to_world_matrix": [0.0518601, 0.679524, 0.731818, -4.12076, 0.998655, -0.0354628, -0.0378407, -1.88681, 0.000238648, 0.732796, -0.680449, 1.31036, 0.0, 0.0, 0.0, 1.0]}, "0896e14268a54c1faa6a5648eb8eb63b_d0_3.png": {"intrinsics": {"fx": 1074.8, "fy": 1075.18, "cx": 628.663, "cy": 509.551}, "camera_to_world_matrix": [0.890675, 0.312214, 0.330486, -4.11292, 0.454449, -0.590271, -0.667125, -1.87455, -0.0132099, 0.744381, -0.667625, 1.31011, 0.0, 0.0, 0.0, 1.0]}, "0896e14268a54c1faa6a5648eb8eb63b_d0_4.png": {"intrinsics": {"fx": 1074.8, "fy": 1075.18, "cx": 628.663, "cy": 509.551}, "camera_to_world_matrix": [0.83897, -0.351875, -0.415106, -4.09839, -0.544155, -0.549436, -0.634047, -1.87522, -0.00496833, 0.757829, -0.652435, 1.30981, 0.0, 0.0, 0.0, 1.0]}, "0896e14268a54c1faa6a5648eb8eb63b_d0_5.png": {"intrinsics": {"fx": 1074.8, "fy": 1075.18, "cx": 628.663, "cy": 509.551}, "camera_to_world_matrix": [-0.0515484, -0.64864, -0.759348, -4.0917, -0.998531, 0.0462075, 0.0283145, -1.88815, 0.0167217, 0.759692, -0.650068, 1.30977, 0.0, 0.0, 0.0, 1.0]}, "0896e14268a54c1faa6a5648eb8eb63b_d1_0.png": {"intrinsics": {"fx": 1074.63, "fy": 1075.42, "cx": 630.069, "cy": 513.865}, "camera_to_world_matrix": [-0.887564, 0.0309727, -0.459645, -4.10394, -0.459469, 0.0130021, 0.888099, -1.89035, 0.0334827, 0.999436, 0.00269238, 1.3433, 0.0, 0.0, 0.0, 1.0]}, "0896e14268a54c1faa6a5648eb8eb63b_d1_1.png": {"intrinsics": {"fx": 1074.63, "fy": 1075.42, "cx": 630.069, "cy": 513.865}, "camera_to_world_matrix": [-0.841678, 0.030872, 0.539099, -4.10743, 0.539387, 0.0011795, 0.842058, -1.89018, 0.0253597, 0.999523, -0.0176432, 1.34337, 0.0, 0.0, 0.0, 1.0]}, "0896e14268a54c1faa6a5648eb8eb63b_d1_2.png": {"intrinsics": {"fx": 1074.63, "fy": 1075.42, "cx": 630.069, "cy": 513.865}, "camera_to_world_matrix": [0.0461498, 0.0205849, 0.998723, -4.10904, 0.998929, -0.0046429, -0.0460631, -1.88708, 0.00368833, 0.999778, -0.0207755, 1.34338, 0.0, 0.0, 0.0, 1.0]}, "0896e14268a54c1faa6a5648eb8eb63b_d1_3.png": {"intrinsics": {"fx": 1074.63, "fy": 1075.42, "cx": 630.069, "cy": 513.865}, "camera_to_world_matrix": [0.888071, 0.0103986, 0.459593, -4.10715, 0.459604, 0.00135739, -0.888124, -1.88413, -0.00985955, 0.999946, -0.00357228, 1.34332, 0.0, 0.0, 0.0, 1.0]}, "0896e14268a54c1faa6a5648eb8eb63b_d1_4.png": {"intrinsics": {"fx": 1074.63, "fy": 1075.42, "cx": 630.069, "cy": 513.865}, "camera_to_world_matrix": [0.842146, 0.0104998, -0.53915, -4.10366, -0.539251, 0.0131799, -0.842044, -1.88429, -0.00173574, 0.999859, 0.0167629, 1.34325, 0.0, 0.0, 0.0, 1.0]}, "0896e14268a54c1faa6a5648eb8eb63b_d1_5.png": {"intrinsics": {"fx": 1074.63, "fy": 1075.42, "cx": 630.069, "cy": 513.865}, "camera_to_world_matrix": [-0.0457001, 0.0207872, -0.99874, -4.10205, -0.998758, 0.0190019, 0.046096, -1.8874, 0.0199358, 0.999604, 0.0198945, 1.34324, 0.0, 0.0, 0.0, 1.0]}, "0896e14268a54c1faa6a5648eb8eb63b_d2_0.png": {"intrinsics": {"fx": 1075.01, "fy": 1075.15, "cx": 635.139, "cy": 516.938}, "camera_to_world_matrix": [-0.887114, 0.327034, -0.325689, -4.09817, -0.460916, -0.590874, 0.662135, -1.89992, 0.0241002, 0.737506, 0.674907, 1.3765, 0.0, 0.0, 0.0, 1.0]}, "0896e14268a54c1faa6a5648eb8eb63b_d2_1.png": {"intrinsics": {"fx": 1075.01, "fy": 1075.15, "cx": 635.139, "cy": 516.938}, "camera_to_world_matrix": [-0.842744, -0.345013, 0.413214, -4.1127, 0.538072, -0.562716, 0.627556, -1.89925, 0.0160076, 0.75121, 0.659866, 1.3768, 0.0, 0.0, 0.0, 1.0]}, "0896e14268a54c1faa6a5648eb8eb63b_d2_2.png": {"intrinsics": {"fx": 1075.01, "fy": 1075.15, "cx": 635.139, "cy": 516.938}, "camera_to_world_matrix": [0.0444389, -0.656733, 0.752812, -4.11939, 0.998994, 0.0334834, -0.0297624, -1.88633, -0.00566032, 0.753379, 0.65756, 1.37684, 0.0, 0.0, 0.0, 1.0]}, "0896e14268a54c1faa6a5648eb8eb63b_d2_3.png": {"intrinsics": {"fx": 1075.01, "fy": 1075.15, "cx": 635.139, "cy": 516.938}, "camera_to_world_matrix": [0.887232, -0.2964, 0.353499, -4.11154, 0.460917, 0.60151, -0.652488, -1.87408, -0.0192352, 0.741843, 0.670295, 1.37659, 0.0, 0.0, 0.0, 1.0]}, "0896e14268a54c1faa6a5648eb8eb63b_d2_4.png": {"intrinsics": {"fx": 1075.01, "fy": 1075.15, "cx": 635.139, "cy": 516.938}, "camera_to_world_matrix": [0.842824, 0.375646, -0.385403, -4.09701, -0.53807, 0.573326, -0.61788, -1.87475, -0.0111419, 0.728139, 0.685336, 1.3763, 0.0, 0.0, 0.0, 1.0]}, "0896e14268a54c1faa6a5648eb8eb63b_d2_5.png": {"intrinsics": {"fx": 1075.01, "fy": 1075.15, "cx": 635.139, "cy": 516.938}, "camera_to_world_matrix": [-0.0443774, 0.687343, -0.724975, -4.09033, -0.998957, -0.0228855, 0.0394523, -1.88767, 0.0105262, 0.725972, 0.687642, 1.37625, 0.0, 0.0, 0.0, 1.0]}, "092882e07ed14b5c94025aacb5469dc9_d0_0.png": {"intrinsics": {"fx": 1074.8, "fy": 1075.18, "cx": 628.663, "cy": 509.551}, "camera_to_world_matrix": [0.815015, 0.373935, 0.442634, -3.14923, 0.579228, -0.54647, -0.604868, 6.22813, 0.0157045, 0.749362, -0.661974, 3.35083, 0.0, 0.0, 0.0, 1.0]}, "092882e07ed14b5c94025aacb5469dc9_d0_1.png": {"intrinsics": {"fx": 1074.8, "fy": 1075.18, "cx": 628.663, "cy": 509.551}, "camera_to_world_matrix": [0.909081, -0.289135, -0.299957, -3.13475, -0.416313, -0.602764, -0.680705, 6.22958, 0.0160127, 0.743691, -0.668332, 3.35096, 0.0, 0.0, 0.0, 1.0]}, "092882e07ed14b5c94025aacb5469dc9_d0_2.png": {"intrinsics": {"fx": 1074.8, "fy": 1075.18, "cx": 628.663, "cy": 509.551}, "camera_to_world_matrix": [0.0939734, -0.669416, -0.736921, -3.12625, -0.995536, -0.0566495, -0.0754923, 6.21777, 0.00878956, 0.740725, -0.671751, 3.35102, 0.0, 0.0, 0.0, 1.0]}, "092882e07ed14b5c94025aacb5469dc9_d0_3.png": {"intrinsics": {"fx": 1074.8, "fy": 1075.18, "cx": 628.663, "cy": 509.551}, "camera_to_world_matrix": [-0.815182, -0.386618, -0.431285, -3.13224, -0.579205, 0.545747, 0.605543, 6.20451, 0.00125834, 0.74343, -0.668813, 3.35097, 0.0, 0.0, 0.0, 1.0]}, "092882e07ed14b5c94025aacb5469dc9_d0_4.png": {"intrinsics": {"fx": 1074.8, "fy": 1075.18, "cx": 628.663, "cy": 509.551}, "camera_to_world_matrix": [-0.909209, 0.276455, 0.311308, -3.14671, 0.41634, 0.602015, 0.681351, 6.20305, 0.000950397, 0.7491, -0.662456, 3.35084, 0.0, 0.0, 0.0, 1.0]}, "092882e07ed14b5c94025aacb5469dc9_d0_5.png": {"intrinsics": {"fx": 1074.8, "fy": 1075.18, "cx": 628.663, "cy": 509.551}, "camera_to_world_matrix": [-0.0940786, 0.656714, 0.748249, -3.15521, 0.995532, 0.0558853, 0.0761212, 6.21487, 0.00817374, 0.752066, -0.659037, 3.35078, 0.0, 0.0, 0.0, 1.0]}, "092882e07ed14b5c94025aacb5469dc9_d1_0.png": {"intrinsics": {"fx": 1074.63, "fy": 1075.42, "cx": 630.069, "cy": 513.865}, "camera_to_world_matrix": [0.811595, -0.017842, 0.583951, -3.14306, 0.583914, -0.0077527, -0.81178, 6.21914, 0.0190105, 0.999812, 0.00412764, 3.38413, 0.0, 0.0, 0.0, 1.0]}, "092882e07ed14b5c94025aacb5469dc9_d1_1.png": {"intrinsics": {"fx": 1074.63, "fy": 1075.42, "cx": 630.069, "cy": 513.865}, "camera_to_world_matrix": [0.911416, -0.0194612, -0.411029, -3.13958, -0.411034, 0.0039592, -0.911613, 6.21949, 0.019368, 0.999804, -0.00438922, 3.38416, 0.0, 0.0, 0.0, 1.0]}, "092882e07ed14b5c94025aacb5469dc9_d1_2.png": {"intrinsics": {"fx": 1074.63, "fy": 1075.42, "cx": 630.069, "cy": 513.865}, "camera_to_world_matrix": [0.0997002, -0.0101283, -0.994967, -3.13753, -0.994945, 0.0112174, -0.0998125, 6.21665, 0.0121714, 0.999887, -0.00895723, 3.38418, 0.0, 0.0, 0.0, 1.0]}, "092882e07ed14b5c94025aacb5469dc9_d1_3.png": {"intrinsics": {"fx": 1074.63, "fy": 1075.42, "cx": 630.069, "cy": 513.865}, "camera_to_world_matrix": [-0.811819, 0.000823604, -0.583912, -3.13897, -0.583894, 0.00676347, 0.811803, 6.21346, 0.00461744, 0.999978, -0.00500829, 3.38416, 0.0, 0.0, 0.0, 1.0]}, "092882e07ed14b5c94025aacb5469dc9_d1_4.png": {"intrinsics": {"fx": 1074.63, "fy": 1075.42, "cx": 630.069, "cy": 513.865}, "camera_to_world_matrix": [-0.911601, 0.00244242, 0.411072, -3.14245, 0.411058, -0.00494849, 0.911597, 6.21311, 0.00426026, 0.999986, 0.00350858, 3.38413, 0.0, 0.0, 0.0, 1.0]}, "092882e07ed14b5c94025aacb5469dc9_d1_5.png": {"intrinsics": {"fx": 1074.63, "fy": 1075.42, "cx": 630.069, "cy": 513.865}, "camera_to_world_matrix": [-0.0998623, -0.00689075, 0.994979, -3.1445, 0.994937, -0.0122063, 0.0997739, 6.21595, 0.0114571, 0.999903, 0.00807632, 3.38412, 0.0, 0.0, 0.0, 1.0]}, "092882e07ed14b5c94025aacb5469dc9_d2_0.png": {"intrinsics": {"fx": 1075.01, "fy": 1075.15, "cx": 635.139, "cy": 516.938}, "camera_to_world_matrix": [0.810837, -0.401442, 0.425893, -3.14979, 0.58519, 0.544123, -0.601234, 6.2281, 0.00962299, 0.736732, 0.676114, 3.41733, 0.0, 0.0, 0.0, 1.0]}, "092882e07ed14b5c94025aacb5469dc9_d2_1.png": {"intrinsics": {"fx": 1075.01, "fy": 1075.15, "cx": 635.139, "cy": 516.938}, "camera_to_world_matrix": [0.912178, 0.267661, -0.3103, -3.13532, -0.409668, 0.614092, -0.674583, 6.22955, 0.00999348, 0.742461, 0.669812, 3.41745, 0.0, 0.0, 0.0, 1.0]}, "092882e07ed14b5c94025aacb5469dc9_d2_2.png": {"intrinsics": {"fx": 1075.01, "fy": 1075.15, "cx": 635.139, "cy": 516.938}, "camera_to_world_matrix": [0.1013, 0.662801, -0.741911, -3.12682, -0.99485, 0.0695895, -0.0736665, 6.21774, 0.00280339, 0.745554, 0.666436, 3.41752, 0.0, 0.0, 0.0, 1.0]}, "092882e07ed14b5c94025aacb5469dc9_d2_3.png": {"intrinsics": {"fx": 1075.01, "fy": 1075.15, "cx": 635.139, "cy": 516.938}, "camera_to_world_matrix": [-0.810901, 0.388829, -0.43732, -3.1328, -0.585161, -0.54487, 0.600585, 6.20447, -0.00475704, 0.742919, 0.669362, 3.41746, 0.0, 0.0, 0.0, 1.0]}, "092882e07ed14b5c94025aacb5469dc9_d2_4.png": {"intrinsics": {"fx": 1075.01, "fy": 1075.15, "cx": 635.139, "cy": 516.938}, "camera_to_world_matrix": [-0.912203, -0.280277, 0.298876, -3.14728, 0.409701, -0.614813, 0.673906, 6.20302, -0.00512724, 0.73719, 0.675663, 3.41734, 0.0, 0.0, 0.0, 1.0]}, "092882e07ed14b5c94025aacb5469dc9_d2_5.png": {"intrinsics": {"fx": 1075.01, "fy": 1075.15, "cx": 635.139, "cy": 516.938}, "camera_to_world_matrix": [-0.101303, -0.675396, 0.730464, -3.15577, 0.994852, -0.0702949, 0.0729723, 6.21483, 0.00206307, 0.734097, 0.679039, 3.41727, 0.0, 0.0, 0.0, 1.0]}, "09f015ea8ca94df8841bcea7030bca99_d0_0.png": {"intrinsics": {"fx": 1074.8, "fy": 1075.18, "cx": 628.663, "cy": 509.551}, "camera_to_world_matrix": [0.828956, -0.385092, -0.405632, -3.55141, -0.558987, -0.545569, -0.624411, 5.70743, 0.0191554, 0.744352, -0.667513, 1.17746, 0.0, 0.0, 0.0, 1.0]}, "09f015ea8ca94df8841bcea7030bca99_d0_1.png": {"intrinsics": {"fx": 1074.8, "fy": 1075.18, "cx": 628.663, "cy": 509.551}, "camera_to_world_matrix": [-0.0697051, -0.671184, -0.738007, -3.54496, -0.997504, 0.0552545, 0.0439631, 5.69439, 0.0112709, 0.739229, -0.67336, 1.17757, 0.0, 0.0, 0.0, 1.0]}, "09f015ea8ca94df8841bcea7030bca99_d0_2.png": {"intrinsics": {"fx": 1074.8, "fy": 1075.18, "cx": 628.663, "cy": 509.551}, "camera_to_world_matrix": [-0.898748, -0.293911, -0.325374, -3.55302, -0.438465, 0.603456, 0.666025, 5.68228, 0.000596692, 0.741254, -0.671224, 1.17753, 0.0, 0.0, 0.0, 1.0]}, "09f015ea8ca94df8841bcea7030bca99_d0_3.png": {"intrinsics": {"fx": 1074.8, "fy": 1075.18, "cx": 628.663, "cy": 509.551}, "camera_to_world_matrix": [-0.829112, 0.369445, 0.419623, -3.56754, 0.559079, 0.550822, 0.619699, 5.68321, -0.00219273, 0.748402, -0.663242, 1.17737, 0.0, 0.0, 0.0, 1.0]}, "09f015ea8ca94df8841bcea7030bca99_d0_4.png": {"intrinsics": {"fx": 1074.8, "fy": 1075.18, "cx": 628.663, "cy": 509.551}, "camera_to_world_matrix": [0.069566, 0.655514, 0.751972, -3.574, 0.997561, -0.0500126, -0.0486884, 5.69625, 0.00569206, 0.753525, -0.657395, 1.17726, 0.0, 0.0, 0.0, 1.0]}, "09f015ea8ca94df8841bcea7030bca99_d0_5.png": {"intrinsics": {"fx": 1074.8, "fy": 1075.18, "cx": 628.663, "cy": 509.551}, "camera_to_world_matrix": [0.898587, 0.27822, 0.339315, -3.56593, 0.43849, -0.598199, -0.670734, 5.70836, 0.0163661, 0.7515, -0.659531, 1.1773, 0.0, 0.0, 0.0, 1.0]}, "09f015ea8ca94df8841bcea7030bca99_d1_0.png": {"intrinsics": {"fx": 1074.63, "fy": 1075.42, "cx": 630.069, "cy": 513.865}, "camera_to_world_matrix": [0.832115, -0.0205728, -0.554224, -3.55789, -0.55415, 0.00970876, -0.832362, 5.69835, 0.0225044, 0.999742, -0.00332007, 1.21067, 0.0, 0.0, 0.0, 1.0]}, "09f015ea8ca94df8841bcea7030bca99_d1_1.png": {"intrinsics": {"fx": 1074.63, "fy": 1075.42, "cx": 630.069, "cy": 513.865}, "camera_to_world_matrix": [-0.0639653, -0.0101811, -0.997901, -3.55633, -0.997846, 0.0153475, 0.0638046, 5.69521, 0.0146652, 0.999831, -0.0111393, 1.2107, 0.0, 0.0, 0.0, 1.0]}, "09f015ea8ca94df8841bcea7030bca99_d1_2.png": {"intrinsics": {"fx": 1074.63, "fy": 1075.42, "cx": 630.069, "cy": 513.865}, "camera_to_world_matrix": [-0.896202, -0.000102595, -0.44365, -3.55827, -0.443632, 0.00916697, 0.896163, 5.6923, 0.00397455, 0.999959, -0.00825944, 1.21069, 0.0, 0.0, 0.0, 1.0]}, "09f015ea8ca94df8841bcea7030bca99_d1_3.png": {"intrinsics": {"fx": 1074.63, "fy": 1075.42, "cx": 630.069, "cy": 513.865}, "camera_to_world_matrix": [-0.832341, -0.000416052, 0.554266, -3.56177, 0.554266, -0.00265211, 0.832337, 5.69252, 0.00112326, 0.999997, 0.00243958, 1.21065, 0.0, 0.0, 0.0, 1.0]}, "09f015ea8ca94df8841bcea7030bca99_d1_4.png": {"intrinsics": {"fx": 1074.63, "fy": 1075.42, "cx": 630.069, "cy": 513.865}, "camera_to_world_matrix": [0.0637562, -0.010808, 0.997908, -3.56332, 0.997927, -0.00829043, -0.0638467, 5.69566, 0.00896272, 0.999908, 0.0102585, 1.21062, 0.0, 0.0, 0.0, 1.0]}, "09f015ea8ca94df8841bcea7030bca99_d1_5.png": {"intrinsics": {"fx": 1074.63, "fy": 1075.42, "cx": 630.069, "cy": 513.865}, "camera_to_world_matrix": [0.895972, -0.0208862, 0.443624, -3.56138, 0.44368, -0.00210953, -0.896184, 5.69857, 0.0196533, 0.999781, 0.00737823, 1.21063, 0.0, 0.0, 0.0, 1.0]}, "09f015ea8ca94df8841bcea7030bca99_d2_0.png": {"intrinsics": {"fx": 1075.01, "fy": 1075.15, "cx": 635.139, "cy": 516.938}, "camera_to_world_matrix": [0.833108, 0.362753, -0.417539, -3.55211, -0.552951, 0.564154, -0.613166, 5.70766, 0.0131287, 0.741714, 0.670585, 1.24395, 0.0, 0.0, 0.0, 1.0]}, "09f015ea8ca94df8841bcea7030bca99_d2_1.png": {"intrinsics": {"fx": 1075.01, "fy": 1075.15, "cx": 635.139, "cy": 516.938}, "camera_to_world_matrix": [-0.0623523, 0.663769, -0.745334, -3.54566, -0.998038, -0.0375022, 0.050096, 5.69463, 0.00530092, 0.746997, 0.664804, 1.24407, 0.0, 0.0, 0.0, 1.0]}, "09f015ea8ca94df8841bcea7030bca99_d2_2.png": {"intrinsics": {"fx": 1075.01, "fy": 1075.15, "cx": 635.139, "cy": 516.938}, "camera_to_world_matrix": [-0.895484, 0.293235, -0.334839, -3.55372, -0.445056, -0.599044, 0.665635, 5.68251, -0.0053948, 0.745089, 0.66694, 1.24402, 0.0, 0.0, 0.0, 1.0]}, "09f015ea8ca94df8841bcea7030bca99_d2_3.png": {"intrinsics": {"fx": 1075.01, "fy": 1075.15, "cx": 635.139, "cy": 516.938}, "camera_to_world_matrix": [-0.833137, -0.378305, 0.403442, -3.56824, 0.553001, -0.558918, 0.617899, 5.68344, -0.00826255, 0.7379, 0.674857, 1.24387, 0.0, 0.0, 0.0, 1.0]}, "09f015ea8ca94df8841bcea7030bca99_d2_4.png": {"intrinsics": {"fx": 1075.01, "fy": 1075.15, "cx": 635.139, "cy": 516.938}, "camera_to_world_matrix": [0.0623402, -0.679296, 0.731211, -3.5747, 0.998053, 0.04275, -0.0453768, 5.69648, -0.000434531, 0.732617, 0.680638, 1.24375, 0.0, 0.0, 0.0, 1.0]}, "09f015ea8ca94df8841bcea7030bca99_d2_5.png": {"intrinsics": {"fx": 1075.01, "fy": 1075.15, "cx": 635.139, "cy": 516.938}, "camera_to_world_matrix": [0.895451, -0.308741, 0.320691, -3.56663, 0.445038, 0.604277, -0.6609, 5.70859, 0.0102611, 0.734525, 0.678502, 1.2438, 0.0, 0.0, 0.0, 1.0]}, "0eefd4bea0874786ab4946ca120bff73_d0_0.png": {"intrinsics": {"fx": 1074.8, "fy": 1075.18, "cx": 628.663, "cy": 509.551}, "camera_to_world_matrix": [0.978899, -0.141891, -0.147053, -6.42219, -0.204154, -0.647733, -0.734006, 6.21042, 0.00889791, 0.748538, -0.663032, 1.2027, 0.0, 0.0, 0.0, 1.0]}, "0eefd4bea0874786ab4946ca120bff73_d0_1.png": {"intrinsics": {"fx": 1074.8, "fy": 1075.18, "cx": 628.663, "cy": 509.551}, "camera_to_world_matrix": [0.312612, -0.633886, -0.707434, -6.41128, -0.949812, -0.199622, -0.240849, 6.20079, 0.0114513, 0.747221, -0.664477, 1.20273, 0.0, 0.0, 0.0, 1.0]}, "0eefd4bea0874786ab4946ca120bff73_d0_2.png": {"intrinsics": {"fx": 1074.8, "fy": 1075.18, "cx": 628.663, "cy": 509.551}, "camera_to_world_matrix": [-0.666292, -0.491799, -0.560527, -6.41417, -0.74561, 0.450508, 0.491028, 6.18653, 0.0110351, 0.745102, -0.66686, 1.20278, 0.0, 0.0, 0.0, 1.0]}, "0eefd4bea0874786ab4946ca120bff73_d0_3.png": {"intrinsics": {"fx": 1074.8, "fy": 1075.18, "cx": 628.663, "cy": 509.551}, "camera_to_world_matrix": [-0.978887, 0.142281, 0.146757, -6.42797, 0.204246, 0.652514, 0.729732, 6.1819, 0.00806549, 0.7443, -0.667797, 1.20279, 0.0, 0.0, 0.0, 1.0]}, "0eefd4bea0874786ab4946ca120bff73_d0_4.png": {"intrinsics": {"fx": 1074.8, "fy": 1075.18, "cx": 628.663, "cy": 509.551}, "camera_to_world_matrix": [-0.312571, 0.634258, 0.707119, -6.43887, 0.949879, 0.204385, 0.236554, 6.19153, 0.00551211, 0.745617, -0.666352, 1.20277, 0.0, 0.0, 0.0, 1.0]}, "0eefd4bea0874786ab4946ca120bff73_d0_5.png": {"intrinsics": {"fx": 1074.8, "fy": 1075.18, "cx": 628.663, "cy": 509.551}, "camera_to_world_matrix": [0.666325, 0.492145, 0.560183, -6.43598, 0.745638, -0.445741, -0.495317, 6.2058, 0.00592846, 0.747736, -0.66397, 1.20272, 0.0, 0.0, 0.0, 1.0]}, "0eefd4bea0874786ab4946ca120bff73_d1_0.png": {"intrinsics": {"fx": 1074.63, "fy": 1075.42, "cx": 630.069, "cy": 513.865}, "camera_to_world_matrix": [0.980033, -0.0114238, -0.198515, -6.42438, -0.198469, 0.00511864, -0.980095, 6.1997, 0.0122121, 0.999923, 0.00275068, 1.23599, 0.0, 0.0, 0.0, 1.0]}, "0eefd4bea0874786ab4946ca120bff73_d1_1.png": {"intrinsics": {"fx": 1074.63, "fy": 1075.42, "cx": 630.069, "cy": 513.865}, "camera_to_world_matrix": [0.318093, -0.00393383, -0.948052, -6.42175, -0.947946, 0.0142669, -0.318117, 6.19738, 0.0147767, 0.999891, 0.000810657, 1.23599, 0.0, 0.0, 0.0, 1.0]}, "0eefd4bea0874786ab4946ca120bff73_d1_2.png": {"intrinsics": {"fx": 1074.63, "fy": 1075.42, "cx": 630.069, "cy": 513.865}, "camera_to_world_matrix": [-0.661944, 0.00773377, -0.749516, -6.42245, -0.749418, 0.0123543, 0.661984, 6.19395, 0.014379, 0.999895, -0.00238053, 1.23601, 0.0, 0.0, 0.0, 1.0]}, "0eefd4bea