{"00c6dc6b90a947a48c378f08b061234e_d0_0.png": {"intrinsics": {"fx": 1069.12, "fy": 1069.6, "cx": 629.037, "cy": 520.428}, "camera_to_world_matrix": [-0.413105, -0.592623, -0.691478, 20.3843, -0.910682, 0.269751, 0.312876, -5.61942, 0.00110876, 0.758968, -0.651127, 1.48149, 0.0, 0.0, 0.0, 1.0]}, "00c6dc6b90a947a48c378f08b061234e_d0_1.png": {"intrinsics": {"fx": 1069.12, "fy": 1069.6, "cx": 629.037, "cy": 520.428}, "camera_to_world_matrix": [-0.994897, -0.0451289, -0.0902385, 20.3724, -0.0977377, 0.653048, 0.750982, -5.62789, 0.0250391, 0.75597, -0.654127, 1.48155, 0.0, 0.0, 0.0, 1.0]}, "00c6dc6b90a947a48c378f08b061234e_d0_2.png": {"intrinsics": {"fx": 1069.12, "fy": 1069.6, "cx": 629.037, "cy": 520.428}, "camera_to_world_matrix": [-0.581606, 0.560418, 0.589632, 20.3592, 0.812787, 0.37064, 0.449447, -5.62188, 0.0333367, 0.740646, -0.671067, 1.48188, 0.0, 0.0, 0.0, 1.0]}, "00c6dc6b90a947a48c378f08b061234e_d0_3.png": {"intrinsics": {"fx": 1069.12, "fy": 1069.6, "cx": 629.037, "cy": 520.428}, "camera_to_world_matrix": [0.413467, 0.618457, 0.668248, 20.3578, 0.910347, -0.295059, -0.290188, -5.6074, 0.0177037, 0.72832, -0.685008, 1.48215, 0.0, 0.0, 0.0, 1.0]}, "00c6dc6b90a947a48c378f08b061234e_d0_4.png": {"intrinsics": {"fx": 1069.12, "fy": 1069.6, "cx": 629.037, "cy": 520.428}, "camera_to_world_matrix": [0.995228, 0.0709478, 0.0669914, 20.3696, 0.097379, -0.678335, -0.728271, -5.59893, -0.00622644, 0.731319, -0.682007, 1.48209, 0.0, 0.0, 0.0, 1.0]}, "00c6dc6b90a947a48c378f08b061234e_d0_5.png": {"intrinsics": {"fx": 1069.12, "fy": 1069.6, "cx": 629.037, "cy": 520.428}, "camera_to_world_matrix": [0.581901, -0.534588, -0.612867, 20.3829, -0.81313, -0.395904, -0.426708, -5.60494, -0.0145232, 0.746643, -0.665067, 1.48176, 0.0, 0.0, 0.0, 1.0]}, "00c6dc6b90a947a48c378f08b061234e_d1_0.png": {"intrinsics": {"fx": 1071.65, "fy": 1072.26, "cx": 630.843, "cy": 518.682}, "camera_to_world_matrix": [-0.412989, 0.0210884, -0.910492, 20.3748, -0.910736, -0.00805477, 0.412913, -5.61542, 0.0013737, 0.999746, 0.0225332, 1.51498, 0.0, 0.0, 0.0, 1.0]}, "00c6dc6b90a947a48c378f08b061234e_d1_1.png": {"intrinsics": {"fx": 1071.65, "fy": 1072.26, "cx": 630.843, "cy": 518.682}, "camera_to_world_matrix": [-0.994879, 0.026971, -0.0974167, 20.3719, -0.0978626, -0.0157418, 0.995076, -5.61746, 0.0253045, 0.999513, 0.0183013, 1.515, 0.0, 0.0, 0.0, 1.0]}, "00c6dc6b90a947a48c378f08b061234e_d1_2.png": {"intrinsics": {"fx": 1071.65, "fy": 1072.26, "cx": 630.843, "cy": 518.682}, "camera_to_world_matrix": [-0.581699, 0.0232536, 0.813072, 20.3688, 0.812711, -0.0246817, 0.582146, -5.61601, 0.0336048, 0.999425, -0.00454041, 1.51508, 0.0, 0.0, 0.0, 1.0]}, "00c6dc6b90a947a48c378f08b061234e_d1_3.png": {"intrinsics": {"fx": 1071.65, "fy": 1072.26, "cx": 630.843, "cy": 518.682}, "camera_to_world_matrix": [0.413361, 0.0136536, 0.910465, 20.3684, 0.910391, -0.0259345, -0.412938, -5.61253, 0.0179741, 0.999571, -0.0231497, 1.51514, 0.0, 0.0, 0.0, 1.0]}, "00c6dc6b90a947a48c378f08b061234e_d1_4.png": {"intrinsics": {"fx": 1071.65, "fy": 1072.26, "cx": 630.843, "cy": 518.682}, "camera_to_world_matrix": [0.995219, 0.00777133, 0.0973672, 20.3713, 0.0974948, -0.0182472, -0.995069, -5.61049, -0.00595653, 0.999804, -0.0189169, 1.51513, 0.0, 0.0, 0.0, 1.0]}, "00c6dc6b90a947a48c378f08b061234e_d1_5.png": {"intrinsics": {"fx": 1071.65, "fy": 1072.26, "cx": 630.843, "cy": 518.682}, "camera_to_world_matrix": [0.582003, 0.0114891, -0.813106, 20.3745, -0.813062, -0.00930741, -0.582103, -5.61194, -0.0142559, 0.999891, 0.0039251, 1.51505, 0.0, 0.0, 0.0, 1.0]}, "00c6dc6b90a947a48c378f08b061234e_d2_0.png": {"intrinsics": {"fx": 1067.16, "fy": 1066.29, "cx": 633.227, "cy": 521.482}, "camera_to_world_matrix": [-0.405292, 0.622054, -0.669916, 20.3854, -0.914185, -0.277503, 0.295395, -5.62055, -0.00215212, 0.732148, 0.681142, 1.54797, 0.0, 0.0, 0.0, 1.0]}, "00c6dc6b90a947a48c378f08b061234e_d2_1.png": {"intrinsics": {"fx": 1067.16, "fy": 1066.29, "cx": 633.227, "cy": 521.482}, "camera_to_world_matrix": [-0.994097, 0.0880335, -0.0634092, 20.3736, -0.106277, -0.672645, 0.732294, -5.62902, 0.0218145, 0.734711, 0.67803, 1.54803, 0.0, 0.0, 0.0, 1.0]}, "00c6dc6b90a947a48c378f08b061234e_d2_2.png": {"intrinsics": {"fx": 1067.16, "fy": 1066.29, "cx": 633.227, "cy": 521.482}, "camera_to_world_matrix": [-0.588673, -0.521037, 0.618048, 20.3604, 0.807803, -0.40783, 0.425593, -5.62301, 0.0303092, 0.749796, 0.660974, 1.54836, 0.0, 0.0, 0.0, 1.0]}, "00c6dc6b90a947a48c378f08b061234e_d2_3.png": {"intrinsics": {"fx": 1067.16, "fy": 1066.29, "cx": 633.227, "cy": 521.482}, "camera_to_world_matrix": [0.405548, -0.596074, 0.692984, 20.3589, 0.913954, 0.25212, -0.318001, -5.60853, 0.0148371, 0.76232, 0.647031, 1.54863, 0.0, 0.0, 0.0, 1.0]}, "00c6dc6b90a947a48c378f08b061234e_d2_4.png": {"intrinsics": {"fx": 1067.16, "fy": 1066.29, "cx": 633.227, "cy": 521.482}, "camera_to_world_matrix": [0.994322, -0.0620381, 0.08646, 20.3708, 0.106022, 0.647241, -0.754877, -5.60006, -0.0091294, 0.759757, 0.650143, 1.54857, 0.0, 0.0, 0.0, 1.0]}, "00c6dc6b90a947a48c378f08b061234e_d2_5.png": {"intrinsics": {"fx": 1067.16, "fy": 1066.29, "cx": 633.227, "cy": 521.482}, "camera_to_world_matrix": [0.588862, 0.547023, -0.594986, 20.384, -0.808042, 0.382403, -0.448149, -5.60607, -0.0176232, 0.744671, 0.667199, 1.54824, 0.0, 0.0, 0.0, 1.0]}, "02ee4a5177f844c0867d3e174a1080e2_d0_0.png": {"intrinsics": {"fx": 1069.12, "fy": 1069.6, "cx": 629.037, "cy": 520.428}, "camera_to_world_matrix": [0.747193, 0.394827, 0.534616, 4.93475, 0.660951, -0.525714, -0.535508, 9.0143, 0.069622, 0.753483, -0.653771, 1.4698, 0.0, 0.0, 0.0, 1.0]}, "02ee4a5177f844c0867d3e174a1080e2_d0_1.png": {"intrinsics": {"fx": 1069.12, "fy": 1069.6, "cx": 629.037, "cy": 520.428}, "camera_to_world_matrix": [0.946229, -0.260405, -0.191938, 4.94898, -0.31889, -0.651039, -0.688808, 9.01718, 0.0544099, 0.712977, -0.699073, 1.47068, 0.0, 0.0, 0.0, 1.0]}, "02ee4a5177f844c0867d3e174a1080e2_d0_2.png": {"intrinsics": {"fx": 1069.12, "fy": 1069.6, "cx": 629.037, "cy": 520.428}, "camera_to_world_matrix": [0.198483, -0.697283, -0.688768, 4.95861, -0.980087, -0.14538, -0.135255, 9.00627, -0.0058221, 0.701898, -0.712253, 1.47093, 0.0, 0.0, 0.0, 1.0]}, "02ee4a5177f844c0867d3e174a1080e2_d0_3.png": {"intrinsics": {"fx": 1069.12, "fy": 1069.6, "cx": 629.037, "cy": 520.428}, "camera_to_world_matrix": [-0.748282, -0.478919, -0.459031, 4.954, -0.661429, 0.485593, 0.571586, 8.99248, -0.0508407, 0.731324, -0.680132, 1.4703, 0.0, 0.0, 0.0, 1.0]}, "02ee4a5177f844c0867d3e174a1080e2_d0_4.png": {"intrinsics": {"fx": 1069.12, "fy": 1069.6, "cx": 629.037, "cy": 520.428}, "camera_to_world_matrix": [-0.94728, 0.176318, 0.267529, 4.93976, 0.318419, 0.610893, 0.724858, 8.9896, -0.0356262, 0.771829, -0.63483, 1.46941, 0.0, 0.0, 0.0, 1.0]}, "02ee4a5177f844c0867d3e174a1080e2_d0_5.png": {"intrinsics": {"fx": 1069.12, "fy": 1069.6, "cx": 629.037, "cy": 520.428}, "camera_to_world_matrix": [-0.199508, 0.613176, 0.764337, 4.93014, 0.979587, 0.105217, 0.171285, 9.00051, 0.0246064, 0.782907, -0.621651, 1.46916, 0.0, 0.0, 0.0, 1.0]}, "02ee4a5177f844c0867d3e174a1080e2_d1_0.png": {"intrinsics": {"fx": 1071.65, "fy": 1072.26, "cx": 630.843, "cy": 518.682}, "camera_to_world_matrix": [0.747096, -0.0635656, 0.661671, 4.94018, 0.661033, -0.0336092, -0.749604, 9.00512, 0.069887, 0.997412, 0.0169103, 1.50317, 0.0, 0.0, 0.0, 1.0]}, "02ee4a5177f844c0867d3e174a1080e2_d1_1.png": {"intrinsics": {"fx": 1071.65, "fy": 1072.26, "cx": 630.843, "cy": 518.682}, "camera_to_world_matrix": [0.94625, -0.0657952, -0.316674, 4.9436, -0.318782, -0.0241878, -0.94752, 9.00581, 0.0546824, 0.99754, -0.0438613, 1.50338, 0.0, 0.0, 0.0, 1.0]}, "02ee4a5177f844c0867d3e174a1080e2_d1_2.png": {"intrinsics": {"fx": 1071.65, "fy": 1072.26, "cx": 630.843, "cy": 518.682}, "camera_to_world_matrix": [0.198586, -0.0587638, -0.978321, 4.94592, -0.980069, -0.0175564, -0.197886, 9.00319, -0.00554747, 0.998118, -0.0610783, 1.50344, 0.0, 0.0, 0.0, 1.0]}, "02ee4a5177f844c0867d3e174a1080e2_d1_3.png": {"intrinsics": {"fx": 1071.65, "fy": 1072.26, "cx": 630.843, "cy": 518.682}, "camera_to_world_matrix": [-0.748216, -0.0495029, -0.661607, 4.94481, -0.661526, -0.0203465, 0.749647, 8.99987, -0.0505713, 0.998567, -0.0175232, 1.50329, 0.0, 0.0, 0.0, 1.0]}, "02ee4a5177f844c0867d3e174a1080e2_d1_4.png": {"intrinsics": {"fx": 1071.65, "fy": 1072.26, "cx": 630.843, "cy": 518.682}, "camera_to_world_matrix": [-0.947332, -0.0472737, 0.316746, 4.94138, 0.318296, -0.029768, 0.947524, 8.99918, -0.0353643, 0.998439, 0.0432478, 1.50308, 0.0, 0.0, 0.0, 1.0]}, "02ee4a5177f844c0867d3e174a1080e2_d1_5.png": {"intrinsics": {"fx": 1071.65, "fy": 1072.26, "cx": 630.843, "cy": 518.682}, "camera_to_world_matrix": [-0.199642, -0.0543053, 0.978363, 4.93907, 0.979554, -0.0363991, 0.197864, 9.0018, 0.0248663, 0.997861, 0.0604624, 1.50302, 0.0, 0.0, 0.0, 1.0]}, "02ee4a5177f844c0867d3e174a1080e2_d2_0.png": {"intrinsics": {"fx": 1067.16, "fy": 1066.29, "cx": 633.227, "cy": 521.482}, "camera_to_world_matrix": [0.741644, -0.489523, 0.45862, 4.93099, 0.667498, 0.470875, -0.576821, 9.0125, 0.066414, 0.733924, 0.675977, 1.53617, 0.0, 0.0, 0.0, 1.0]}, "02ee4a5177f844c0867d3e174a1080e2_d2_1.png": {"intrinsics": {"fx": 1067.16, "fy": 1066.29, "cx": 633.227, "cy": 521.482}, "camera_to_world_matrix": [0.949125, 0.158254, -0.272244, 4.94522, -0.310621, 0.612524, -0.726862, 9.01538, 0.0517269, 0.774448, 0.630519, 1.53705, 0.0, 0.0, 0.0, 1.0]}, "02ee4a5177f844c0867d3e174a1080e2_d2_2.png": {"intrinsics": {"fx": 1067.16, "fy": 1066.29, "cx": 633.227, "cy": 521.482}, "camera_to_world_matrix": [0.207102, 0.605514, -0.768415, 4.95485, -0.978284, 0.121469, -0.167947, 9.00448, -0.0083558, 0.78651, 0.617521, 1.5373, 0.0, 0.0, 0.0, 1.0]}, "02ee4a5177f844c0867d3e174a1080e2_d2_3.png": {"intrinsics": {"fx": 1067.16, "fy": 1066.29, "cx": 633.227, "cy": 521.482}, "camera_to_world_matrix": [-0.742387, 0.404986, -0.533711, 4.95024, -0.667812, -0.511224, 0.540997, 8.99069, -0.05375, 0.758048, 0.64998, 1.53667, 0.0, 0.0, 0.0, 1.0]}, "02ee4a5177f844c0867d3e174a1080e2_d2_4.png": {"intrinsics": {"fx": 1067.16, "fy": 1066.29, "cx": 633.227, "cy": 521.482}, "camera_to_world_matrix": [-0.949831, -0.242797, 0.197159, 4.936, 0.310316, -0.652847, 0.69101, 8.98781, -0.0390605, 0.717524, 0.695438, 1.53578, 0.0, 0.0, 0.0, 1.0]}, "02ee4a5177f844c0867d3e174a1080e2_d2_5.png": {"intrinsics": {"fx": 1067.16, "fy": 1066.29, "cx": 633.227, "cy": 521.482}, "camera_to_world_matrix": [-0.207781, -0.690037, 0.693308, 4.92638, 0.97795, -0.161774, 0.132075, 8.99872, 0.0210228, 0.705463, 0.708435, 1.53553, 0.0, 0.0, 0.0, 1.0]}, "04dbf54474354ec099ca16cf0d7f1686_d0_0.png": {"intrinsics": {"fx": 1069.12, "fy": 1069.6, "cx": 629.037, "cy": 520.428}, "camera_to_world_matrix": [0.516107, 0.546553, 0.659479, 5.82285, 0.853392, -0.393913, -0.341402, -5.52671, 0.0731839, 0.738994, -0.669725, 4.87865, 0.0, 0.0, 0.0, 1.0]}, "04dbf54474354ec099ca16cf0d7f1686_d0_1.png": {"intrinsics": {"fx": 1069.12, "fy": 1069.6, "cx": 629.037, "cy": 520.428}, "camera_to_world_matrix": [0.999065, -0.0416892, 0.0114914, 5.83558, -0.0214884, -0.709202, -0.704677, -5.51971, 0.0375272, 0.703771, -0.709435, 4.87943, 0.0, 0.0, 0.0, 1.0]}, "04dbf54474354ec099ca16cf0d7f1686_d0_2.png": {"intrinsics": {"fx": 1069.12, "fy": 1069.6, "cx": 629.037, "cy": 520.428}, "camera_to_world_matrix": [0.482659, -0.610029, -0.628415, 5.84803, -0.875414, -0.357556, -0.325274, -5.52724, -0.0262671, 0.707119, -0.706606, 4.87936, 0.0, 0.0, 0.0, 1.0]}, "04dbf54474354ec099ca16cf0d7f1686_d0_3.png": {"intrinsics": {"fx": 1069.12, "fy": 1069.6, "cx": 629.037, "cy": 520.428}, "camera_to_world_matrix": [-0.516692, -0.590114, -0.620318, 5.84775, -0.854441, 0.309371, 0.417397, -5.54176, -0.0544033, 0.745691, -0.664067, 4.87853, 0.0, 0.0, 0.0, 1.0]}, "04dbf54474354ec099ca16cf0d7f1686_d0_4.png": {"intrinsics": {"fx": 1069.12, "fy": 1069.6, "cx": 629.037, "cy": 520.428}, "camera_to_world_matrix": [-0.999615, -0.00185998, 0.0276843, 5.83502, 0.0204577, 0.624637, 0.780647, -5.54876, -0.0187446, 0.780913, -0.624358, 4.87776, 0.0, 0.0, 0.0, 1.0]}, "04dbf54474354ec099ca16cf0d7f1686_d0_5.png": {"intrinsics": {"fx": 1069.12, "fy": 1069.6, "cx": 629.037, "cy": 520.428}, "camera_to_world_matrix": [-0.483176, 0.566466, 0.667576, 5.82257, 0.874364, 0.272969, 0.401219, -5.54123, 0.0450496, 0.777563, -0.627189, 4.87782, 0.0, 0.0, 0.0, 1.0]}, "04dbf54474354ec099ca16cf0d7f1686_d1_0.png": {"intrinsics": {"fx": 1071.65, "fy": 1072.26, "cx": 630.843, "cy": 518.682}, "camera_to_world_matrix": [0.515995, -0.0340205, 0.855917, 5.83133, 0.853438, -0.0652633, -0.517094, -5.53432, 0.0734515, 0.997288, -0.00464044, 4.91179, 0.0, 0.0, 0.0, 1.0]}, "04dbf54474354ec099ca16cf0d7f1686_d1_1.png": {"intrinsics": {"fx": 1071.65, "fy": 1072.26, "cx": 630.843, "cy": 518.682}, "camera_to_world_matrix": [0.999057, -0.0389658, -0.0191789, 5.83439, -0.0213827, -0.0569455, -0.998149, -5.53263, 0.0378014, 0.997617, -0.0577243, 4.91197, 0.0, 0.0, 0.0, 1.0]}, "04dbf54474354ec099ca16cf0d7f1686_d1_2.png": {"intrinsics": {"fx": 1071.65, "fy": 1072.26, "cx": 630.843, "cy": 518.682}, "camera_to_world_matrix": [0.482756, -0.0342336, -0.875086, 5.83739, -0.87537, -0.048521, -0.481015, -5.53444, -0.0259934, 0.998236, -0.0533901, 4.91196, 0.0, 0.0, 0.0, 1.0]}, "04dbf54474354ec099ca16cf0d7f1686_d1_3.png": {"intrinsics": {"fx": 1071.65, "fy": 1072.26, "cx": 630.843, "cy": 518.682}, "camera_to_world_matrix": [-0.516595, -0.0245561, -0.855878, 5.83732, -0.854518, -0.0484145, 0.517163, -5.53794, -0.0541365, 0.998526, 0.00402775, 4.91176, 0.0, 0.0, 0.0, 1.0]}, "04dbf54474354ec099ca16cf0d7f1686_d1_4.png": {"intrinsics": {"fx": 1071.65, "fy": 1072.26, "cx": 630.843, "cy": 518.682}, "camera_to_world_matrix": [-0.999624, -0.0196111, 0.019236, 5.83426, 0.0203215, -0.0567324, 0.998183, -5.53962, -0.0184843, 0.998197, 0.0571102, 4.91157, 0.0, 0.0, 0.0, 1.0]}, "04dbf54474354ec099ca16cf0d7f1686_d1_5.png": {"intrinsics": {"fx": 1071.65, "fy": 1072.26, "cx": 630.843, "cy": 518.682}, "camera_to_world_matrix": [-0.483289, -0.0243437, 0.875123, 5.83126, 0.874289, -0.0651567, 0.481015, -5.53781, 0.0453103, 0.997578, 0.0527736, 4.91159, 0.0, 0.0, 0.0, 1.0]}, "04dbf54474354ec099ca16cf0d7f1686_d2_0.png": {"intrinsics": {"fx": 1067.16, "fy": 1066.29, "cx": 633.227, "cy": 521.482}, "camera_to_world_matrix": [0.5088, -0.595781, 0.621424, 5.8209, 0.858021, 0.292117, -0.422455, -5.53049, 0.0701622, 0.74814, 0.659822, 4.94502, 0.0, 0.0, 0.0, 1.0]}, "04dbf54474354ec099ca16cf0d7f1686_d2_1.png": {"intrinsics": {"fx": 1067.16, "fy": 1066.29, "cx": 633.227, "cy": 521.482}, "camera_to_world_matrix": [0.999308, -0.0195372, -0.0316538, 5.83363, -0.012695, 0.620744, -0.783911, -5.52349, 0.0349643, 0.78377, 0.620066, 4.94579, 0.0, 0.0, 0.0, 1.0]}, "04dbf54474354ec099ca16cf0d7f1686_d2_2.png": {"intrinsics": {"fx": 1067.16, "fy": 1066.29, "cx": 633.227, "cy": 521.482}, "camera_to_world_matrix": [0.490299, 0.554351, -0.672534, 5.84609, -0.871076, 0.286125, -0.399198, -5.53102, -0.0288667, 0.781555, 0.623169, 4.94573, 0.0, 0.0, 0.0, 1.0]}, "04dbf54474354ec099ca16cf0d7f1686_d2_3.png": {"intrinsics": {"fx": 1067.16, "fy": 1066.29, "cx": 633.227, "cy": 521.482}, "camera_to_world_matrix": [-0.509206, 0.551982, -0.660322, 5.84581, -0.858722, -0.377112, 0.346963, -5.54554, -0.0574984, 0.743708, 0.666027, 4.94489, 0.0, 0.0, 0.0, 1.0]}, "04dbf54474354ec099ca16cf0d7f1686_d2_4.png": {"intrinsics": {"fx": 1067.16, "fy": 1066.29, "cx": 633.227, "cy": 521.482}, "camera_to_world_matrix": [-0.999679, -0.0242743, -0.00723043, 5.83307, 0.0120127, -0.705716, 0.708393, -5.55254, -0.0222985, 0.708079, 0.705781, 4.94412, 0.0, 0.0, 0.0, 1.0]}, "04dbf54474354ec099ca16cf0d7f1686_d2_5.png": {"intrinsics": {"fx": 1067.16, "fy": 1066.29, "cx": 633.227, "cy": 521.482}, "camera_to_world_matrix": [-0.490637, -0.598149, 0.633635, 5.82062, 0.870374, -0.371075, 0.323655, -5.54501, 0.0415324, 0.710296, 0.702677, 4.94418, 0.0, 0.0, 0.0, 1.0]}, "06257b2442c84a7d9a494429e42d3d6f_d0_0.png": {"intrinsics": {"fx": 1069.12, "fy": 1069.6, "cx": 629.037, "cy": 520.428}, "camera_to_world_matrix": [0.919465, 0.228677, 0.319829, 16.7541, 0.390835, -0.620147, -0.680195, 1.05952, 0.0427958, 0.750416, -0.659578, 1.48713, 0.0, 0.0, 0.0, 1.0]}, "06257b2442c84a7d9a494429e42d3d6f_d0_1.png": {"intrinsics": {"fx": 1069.12, "fy": 1069.6, "cx": 629.037, "cy": 520.428}, "camera_to_world_matrix": [0.797939, -0.433408, -0.418868, 16.7685, -0.601692, -0.531859, -0.595895, 1.05775, 0.0354871, 0.727518, -0.68517, 1.48763, 0.0, 0.0, 0.0, 1.0]}, "06257b2442c84a7d9a494429e42d3d6f_d0_2.png": {"intrinsics": {"fx": 1069.12, "fy": 1069.6, "cx": 629.037, "cy": 520.428}, "camera_to_world_matrix": [-0.121873, -0.688092, -0.715315, 16.7742, -0.992543, 0.0860104, 0.0863694, 1.04436, 0.00209443, 0.720507, -0.693444, 1.48779, 0.0, 0.0, 0.0, 1.0]}, "06257b2442c84a7d9a494429e42d3d6f_d0_3.png": {"intrinsics": {"fx": 1069.12, "fy": 1069.6, "cx": 629.037, "cy": 520.428}, "camera_to_world_matrix": [-0.920138, -0.280685, -0.273059, 16.7655, -0.390857, 0.615579, 0.684319, 1.03274, -0.0239889, 0.736395, -0.676126, 1.48745, 0.0, 0.0, 0.0, 1.0]}, "06257b2442c84a7d9a494429e42d3d6f_d0_4.png": {"intrinsics": {"fx": 1069.12, "fy": 1069.6, "cx": 629.037, "cy": 520.428}, "camera_to_world_matrix": [-0.798573, 0.381397, 0.465635, 16.751, 0.601666, 0.527266, 0.59999, 1.03451, -0.0166789, 0.759293, -0.650535, 1.48695, 0.0, 0.0, 0.0, 1.0]}, "06257b2442c84a7d9a494429e42d3d6f_d0_5.png": {"intrinsics": {"fx": 1069.12, "fy": 1069.6, "cx": 629.037, "cy": 520.428}, "camera_to_world_matrix": [0.121254, 0.636057, 0.762056, 16.7454, 0.992481, -0.0906139, -0.0822861, 1.0479, 0.0167142, 0.766303, -0.642262, 1.48679, 0.0, 0.0, 0.0, 1.0]}, "06257b2442c84a7d9a494429e42d3d6f_d1_0.png": {"intrinsics": {"fx": 1071.65, "fy": 1072.26, "cx": 630.843, "cy": 518.682}, "camera_to_world_matrix": [0.919407, -0.0437528, 0.390869, 16.7573, 0.390945, -0.00714482, -0.920386, 1.04925, 0.043062, 0.999017, 0.0105366, 1.52048, 0.0, 0.0, 0.0, 1.0]}, "06257b2442c84a7d9a494429e42d3d6f_d1_1.png": {"intrinsics": {"fx": 1071.65, "fy": 1072.26, "cx": 630.843, "cy": 518.682}, "camera_to_world_matrix": [0.798001, -0.0428843, -0.601129, 16.7607, -0.601596, 0.00249839, -0.798798, 1.04883, 0.0357575, 0.999077, -0.0238046, 1.5206, 0.0, 0.0, 0.0, 1.0]}, "06257b2442c84a7d9a494429e42d3d6f_d1_2.png": {"intrinsics": {"fx": 1071.65, "fy": 1072.26, "cx": 630.843, "cy": 518.682}, "camera_to_world_matrix": [-0.121762, -0.0341037, -0.991974, 16.7621, -0.992557, 0.00656638, 0.121608, 1.0456, 0.00236621, 0.999397, -0.0346487, 1.52064, 0.0, 0.0, 0.0, 1.0]}, "06257b2442c84a7d9a494429e42d3d6f_d1_3.png": {"intrinsics": {"fx": 1071.65, "fy": 1072.26, "cx": 630.843, "cy": 518.682}, "camera_to_world_matrix": [-0.920099, -0.0261918, -0.390811, 16.76, -0.390969, 0.000991065, 0.920404, 1.04281, -0.0237199, 0.999657, -0.0111514, 1.52056, 0.0, 0.0, 0.0, 1.0]}, "06257b2442c84a7d9a494429e42d3d6f_d1_4.png": {"intrinsics": {"fx": 1071.65, "fy": 1072.26, "cx": 630.843, "cy": 518.682}, "camera_to_world_matrix": [-0.798654, -0.0270607, 0.601182, 16.7565, 0.601567, -0.00865212, 0.798776, 1.04323, -0.0164141, 0.999597, 0.0231895, 1.52044, 0.0, 0.0, 0.0, 1.0]}, "06257b2442c84a7d9a494429e42d3d6f_d1_5.png": {"intrinsics": {"fx": 1071.65, "fy": 1072.26, "cx": 630.843, "cy": 518.682}, "camera_to_world_matrix": [0.121124, -0.0358415, 0.99199, 16.7552, 0.992493, -0.0127198, -0.121645, 1.04646, 0.0169776, 0.999277, 0.0340324, 1.5204, 0.0, 0.0, 0.0, 1.0]}, "06257b2442c84a7d9a494429e42d3d6f_d2_0.png": {"intrinsics": {"fx": 1067.16, "fy": 1066.29, "cx": 633.227, "cy": 521.482}, "camera_to_world_matrix": [0.916186, -0.295324, 0.2709, 16.7518, 0.398788, 0.604986, -0.689174, 1.05932, 0.039639, 0.739443, 0.672051, 1.55359, 0.0, 0.0, 0.0, 1.0]}, "06257b2442c84a7d9a494429e42d3d6f_d2_1.png": {"intrinsics": {"fx": 1067.16, "fy": 1066.29, "cx": 633.227, "cy": 521.482}, "camera_to_world_matrix": [0.803227, 0.364854, -0.470858, 16.7662, -0.594779, 0.534541, -0.60042, 1.05755, 0.032627, 0.76233, 0.646366, 1.55409, 0.0, 0.0, 0.0, 1.0]}, "06257b2442c84a7d9a494429e42d3d6f_d2_2.png": {"intrinsics": {"fx": 1067.16, "fy": 1066.29, "cx": 633.227, "cy": 521.482}, "camera_to_world_matrix": [-0.113199, 0.634028, -0.76498, 16.7719, -0.993572, -0.072756, 0.0867237, 1.04416, -0.00067171, 0.76988, 0.638188, 1.55425, 0.0, 0.0, 0.0, 1.0]}, "06257b2442c84a7d9a494429e42d3d6f_d2_3.png": {"intrinsics": {"fx": 1067.16, "fy": 1066.29, "cx": 633.227, "cy": 521.482}, "camera_to_world_matrix": [-0.916646, 0.243017, -0.317338, 16.7632, -0.398791, -0.609596, 0.685098, 1.03254, -0.0269576, 0.754543, 0.655696, 1.55391, 0.0, 0.0, 0.0, 1.0]}, "06257b2442c84a7d9a494429e42d3d6f_d2_4.png": {"intrinsics": {"fx": 1067.16, "fy": 1066.29, "cx": 633.227, "cy": 521.482}, "camera_to_world_matrix": [-0.803648, -0.417158, 0.424416, 16.7487, 0.594771, -0.539126, 0.596315, 1.03431, -0.0199443, 0.731657, 0.681381, 1.55341, 0.0, 0.0, 0.0, 1.0]}, "06257b2442c84a7d9a494429e42d3d6f_d2_5.png": {"intrinsics": {"fx": 1067.16, "fy": 1066.29, "cx": 633.227, "cy": 521.482}, "camera_to_world_matrix": [0.112794, -0.686308, 0.718511, 16.743, 0.993529, 0.0681823, -0.0908406, 1.0477, 0.0133548, 0.724108, 0.689558, 1.55325, 0.0, 0.0, 0.0, 1.0]}, "070acf1514684f28824de7469a73d7bc_d0_0.png": {"intrinsics": {"fx": 1069.12, "fy": 1069.6, "cx": 629.037, "cy": 520.428}, "camera_to_world_matrix": [-0.884955, -0.272533, -0.377598, 3.87727, -0.462459, 0.609477, 0.643948, 7.11692, 0.0546402, 0.744488, -0.665395, 1.46288, 0.0, 0.0, 0.0, 1.0]}, "070acf1514684f28824de7469a73d7bc_d0_1.png": {"intrinsics": {"fx": 1069.12, "fy": 1069.6, "cx": 629.037, "cy": 520.428}, "camera_to_world_matrix": [-0.843251, 0.394325, 0.365288, 3.86274, 0.536429, 0.574078, 0.618609, 7.11753, 0.0342294, 0.717594, -0.69562, 1.46346, 0.0, 0.0, 0.0, 1.0]}, "070acf1514684f28824de7469a73d7bc_d0_2.png": {"intrinsics": {"fx": 1069.12, "fy": 1069.6, "cx": 629.037, "cy": 520.428}, "camera_to_world_matrix": [0.0421114, 0.697557, 0.71529, 3.85601, 0.999052, -0.0215091, -0.0378417, 7.13043, -0.0110115, 0.716206, -0.697802, 1.4635, 0.0, 0.0, 0.0, 1.0]}, "070acf1514684f28824de7469a73d7bc_d0_3.png": {"intrinsics": {"fx": 1069.12, "fy": 1069.6, "cx": 629.037, "cy": 520.428}, "camera_to_world_matrix": [0.88575, 0.333925, 0.322399, 3.86379, 0.462777, -0.581685, -0.66894, 7.14271, -0.0358407, 0.741712, -0.66976, 1.46295, 0.0, 0.0, 0.0, 1.0]}, "070acf1514684f28824de7469a73d7bc_d0_4.png": {"intrinsics": {"fx": 1069.12, "fy": 1069.6, "cx": 629.037, "cy": 520.428}, "camera_to_world_matrix": [0.844007, -0.332932, -0.420486, 3.87832, -0.53611, -0.54626, -0.643572, 7.14209, -0.0154284, 0.768606, -0.639536, 1.46236, 0.0, 0.0, 0.0, 1.0]}, "070acf1514684f28824de7469a73d7bc_d0_5.png": {"intrinsics": {"fx": 1069.12, "fy": 1069.6, "cx": 629.037, "cy": 520.428}, "camera_to_world_matrix": [-0.0413738, -0.636141, -0.770462, 3.88506, -0.998699, 0.0493393, 0.0128925, 7.1292, 0.0298127, 0.769993, -0.637355, 1.46232, 0.0, 0.0, 0.0, 1.0]}, "070acf1514684f28824de7469a73d7bc_d1_0.png": {"intrinsics": {"fx": 1071.65, "fy": 1072.26, "cx": 630.843, "cy": 518.682}, "camera_to_world_matrix": [-0.884886, 0.0497036, -0.463149, 3.87352, -0.462561, 0.0234402, 0.886278, 7.12733, 0.0549073, 0.998489, 0.0022497, 1.49612, 0.0, 0.0, 0.0, 1.0]}, "070acf1514684f28824de7469a73d7bc_d1_1.png": {"intrinsics": {"fx": 1071.65, "fy": 1072.26, "cx": 630.843, "cy": 518.682}, "camera_to_world_matrix": [-0.843303, 0.0496095, 0.535144, 3.87003, 0.536331, 0.01376, 0.843896, 7.12748, 0.0345015, 0.998674, -0.0382102, 1.49626, 0.0, 0.0, 0.0, 1.0]}, "070acf1514684f28824de7469a73d7bc_d1_2.png": {"intrinsics": {"fx": 1071.65, "fy": 1072.26, "cx": 630.843, "cy": 518.682}, "camera_to_world_matrix": [0.0420015, 0.0411847, 0.998269, 3.86841, 0.999061, 0.00900798, -0.0424062, 7.13058, -0.0107391, 0.999111, -0.040767, 1.49627, 0.0, 0.0, 0.0, 1.0]}, "070acf1514684f28824de7469a73d7bc_d1_3.png": {"intrinsics": {"fx": 1071.65, "fy": 1072.26, "cx": 630.843, "cy": 518.682}, "camera_to_world_matrix": [0.885703, 0.0328542, 0.463089, 3.87028, 0.462888, 0.0139363, -0.886307, 7.13354, -0.0355728, 0.999363, -0.00286374, 1.49614, 0.0, 0.0, 0.0, 1.0]}, "070acf1514684f28824de7469a73d7bc_d1_4.png": {"intrinsics": {"fx": 1071.65, "fy": 1072.26, "cx": 630.843, "cy": 518.682}, "camera_to_world_matrix": [0.844081, 0.0329486, -0.535203, 3.87378, -0.536002, 0.0236165, -0.843887, 7.13339, -0.0151655, 0.999178, 0.0375954, 1.496, 0.0, 0.0, 0.0, 1.0]}, "070acf1514684f28824de7469a73d7bc_d1_5.png": {"intrinsics": {"fx": 1071.65, "fy": 1072.26, "cx": 630.843, "cy": 518.682}, "camera_to_world_matrix": [-0.0412417, 0.0413736, -0.998293, 3.8754, -0.998697, 0.0283682, 0.0424338, 7.13029, 0.0300752, 0.998741, 0.0401504, 1.49599, 0.0, 0.0, 0.0, 1.0]}, "070acf1514684f28824de7469a73d7bc_d2_0.png": {"intrinsics": {"fx": 1067.16, "fy": 1066.29, "cx": 633.227, "cy": 521.482}, "camera_to_world_matrix": [-0.881072, 0.347689, -0.320663, 3.88001, -0.470164, -0.569917, 0.673899, 7.11816, 0.0515561, 0.744518, 0.665609, 1.52931, 0.0, 0.0, 0.0, 1.0]}, "070acf1514684f28824de7469a73d7bc_d2_1.png": {"intrinsics": {"fx": 1067.16, "fy": 1066.29, "cx": 633.227, "cy": 521.482}, "camera_to_world_matrix": [-0.847989, -0.315841, 0.425629, 3.86549, 0.529078, -0.552151, 0.644364, 7.11878, 0.031495, 0.771605, 0.635323, 1.5299, 0.0, 0.0, 0.0, 1.0]}, "070acf1514684f28824de7469a73d7bc_d2_2.png": {"intrinsics": {"fx": 1067.16, "fy": 1066.29, "cx": 633.227, "cy": 521.482}, "camera_to_world_matrix": [0.0333644, -0.632667, 0.773705, 3.85875, 0.999349, 0.031748, -0.0171342, 7.13167, -0.0137234, 0.773773, 0.633314, 1.52993, 0.0, 0.0, 0.0, 1.0]}, "070acf1514684f28824de7469a73d7bc_d2_3.png": {"intrinsics": {"fx": 1067.16, "fy": 1066.29, "cx": 633.227, "cy": 521.482}, "camera_to_world_matrix": [0.881614, -0.285955, 0.375481, 3.86654, 0.470367, 0.597868, -0.649083, 7.14395, -0.0388796, 0.748855, 0.661593, 1.52938, 0.0, 0.0, 0.0, 1.0]}, "070acf1514684f28824de7469a73d7bc_d2_4.png": {"intrinsics": {"fx": 1067.16, "fy": 1066.29, "cx": 633.227, "cy": 521.482}, "camera_to_world_matrix": [0.848492, 0.377574, -0.370809, 3.88106, -0.528874, 0.580076, -0.619519, 7.14333, -0.0188169, 0.721768, 0.691879, 1.52879, 0.0, 0.0, 0.0, 1.0]}, "070acf1514684f28824de7469a73d7bc_d2_5.png": {"intrinsics": {"fx": 1067.16, "fy": 1066.29, "cx": 633.227, "cy": 521.482}, "camera_to_world_matrix": [-0.0328798, 0.694377, -0.71886, 3.8878, -0.999111, -0.00383575, 0.041993, 7.13044, 0.0264015, 0.719601, 0.693886, 1.52876, 0.0, 0.0, 0.0, 1.0]}, "070b40c1eeb04680a0dc335c5ea121cf_d0_0.png": {"intrinsics": {"fx": 1069.12, "fy": 1069.6, "cx": 629.037, "cy": 520.428}, "camera_to_world_matrix": [-0.32631, -0.618584, -0.714756, 7.50879, -0.944889, 0.234716, 0.228239, -2.69342, 0.0265796, 0.749841, -0.661083, 4.91346, 0.0, 0.0, 0.0, 1.0]}, "070b40c1eeb04680a0dc335c5ea121cf_d0_1.png": {"intrinsics": {"fx": 1069.12, "fy": 1069.6, "cx": 629.037, "cy": 520.428}, "camera_to_world_matrix": [-0.981534, -0.109244, -0.157021, 7.4978, -0.189499, 0.667242, 0.720332, -2.70295, 0.0260792, 0.736786, -0.675623, 4.91374, 0.0, 0.0, 0.0, 1.0]}, "070b40c1eeb04680a0dc335c5ea121cf_d0_2.png": {"intrinsics": {"fx": 1069.12, "fy": 1069.6, "cx": 629.037, "cy": 520.428}, "camera_to_world_matrix": [-0.655066, 0.520079, 0.548092, 7.48405, 0.755518, 0.442317, 0.483267, -2.6982, 0.00890687, 0.730666, -0.682676, 4.91388, 0.0, 0.0, 0.0, 1.0]}, "070b40c1eeb04680a0dc335c5ea121cf_d0_3.png": {"intrinsics": {"fx": 1069.12, "fy": 1069.6, "cx": 629.037, "cy": 520.428}, "camera_to_world_matrix": [0.326618, 0.640048, 0.695456, 7.48128, 0.945124, -0.21513, -0.245884, -2.68392, -0.00776471, 0.737603, -0.67519, 4.91373, 0.0, 0.0, 0.0, 1.0]}, "070b40c1eeb04680a0dc335c5ea121cf_d0_4.png": {"intrinsics": {"fx": 1069.12, "fy": 1069.6, "cx": 629.037, "cy": 520.428}, "camera_to_world_matrix": [0.981813, 0.130691, 0.137702, 7.49227, 0.189708, -0.647636, -0.737956, -2.67439, -0.00726349, 0.750658, -0.660651, 4.91344, 0.0, 0.0, 0.0, 1.0]}, "070b40c1eeb04680a0dc335c5ea121cf_d0_5.png": {"intrinsics": {"fx": 1069.12, "fy": 1069.6, "cx": 629.037, "cy": 520.428}, "camera_to_world_matrix": [0.655309, -0.498623, -0.567402, 7.50602, -0.755296, -0.422686, -0.500864, -2.67914, 0.00990919, 0.756777, -0.653598, 4.91331, 0.0, 0.0, 0.0, 1.0]}, "070b40c1eeb04680a0dc335c5ea121cf_d1_0.png": {"intrinsics": {"fx": 1071.65, "fy": 1072.26, "cx": 630.843, "cy": 518.682}, "camera_to_world_matrix": [-0.326191, 0.0172989, -0.945146, 7.49882, -0.944923, 0.0224281, 0.326524, -2.68937, 0.0268462, 0.999599, 0.00903099, 4.9468, 0.0, 0.0, 0.0, 1.0]}, "070b40c1eeb04680a0dc335c5ea121cf_d1_1.png": {"intrinsics": {"fx": 1071.65, "fy": 1072.26, "cx": 630.843, "cy": 518.682}, "camera_to_world_matrix": [-0.981506, 0.0238743, -0.189941, 7.49618, -0.189614, 0.0153208, 0.98174, -2.69167, 0.0263482, 0.999598, -0.0105098, 4.94687, 0.0, 0.0, 0.0, 1.0]}, "070b40c1eeb04680a0dc335c5ea121cf_d1_2.png": {"intrinsics": {"fx": 1071.65, "fy": 1072.26, "cx": 630.843, "cy": 518.682}, "camera_to_world_matrix": [-0.655153, 0.0210078, 0.755204, 7.49287, 0.755441, 0.00607379, 0.655189, -2.69052, 0.00917696, 0.999761, -0.0198488, 4.9469, 0.0, 0.0, 0.0, 1.0]}, "070b40c1eeb04680a0dc335c5ea121cf_d1_3.png": {"intrinsics": {"fx": 1071.65, "fy": 1072.26, "cx": 630.843, "cy": 518.682}, "camera_to_world_matrix": [0.326507, 0.0115662, 0.945125, 7.49221, 0.945166, 0.00393439, -0.326569, -2.68709, -0.00749582, 0.999926, -0.00964664, 4.94687, 0.0, 0.0, 0.0, 1.0]}, "070b40c1eeb04680a0dc335c5ea121cf_d1_4.png": {"intrinsics": {"fx": 1071.65, "fy": 1072.26, "cx": 630.843, "cy": 518.682}, "camera_to_world_matrix": [0.981793, 0.0049911, 0.189894, 7.49485, 0.189831, 0.011042, -0.981755, -2.6848, -0.00699703, 0.999927, 0.00989417, 4.9468, 0.0, 0.0, 0.0, 1.0]}, "070b40c1eeb04680a0dc335c5ea121cf_d1_5.png": {"intrinsics": {"fx": 1071.65, "fy": 1072.26, "cx": 630.843, "cy": 518.682}, "camera_to_world_matrix": [0.655403, 0.00785789, -0.755239, 7.49816, -0.755212, 0.0202889, -0.655168, -2.68594, 0.0101745, 0.999764, 0.0192324, 4.94677, 0.0, 0.0, 0.0, 1.0]}, "070b40c1eeb04680a0dc335c5ea121cf_d2_0.png": {"intrinsics": {"fx": 1067.16, "fy": 1066.29, "cx": 633.227, "cy": 521.482}, "camera_to_world_matrix": [-0.318189, 0.641974, -0.697586, 7.50975, -0.947738, -0.197212, 0.2508, -2.69254, 0.0234347, 0.74093, 0.671174, 4.97994, 0.0, 0.0, 0.0, 1.0]}, "070b40c1eeb04680a0dc335c5ea121cf_d2_1.png": {"intrinsics": {"fx": 1067.16, "fy": 1066.29, "cx": 633.227, "cy": 521.482}, "camera_to_world_matrix": [-0.979927, 0.147156, -0.134493, 7.49876, -0.198014, -0.640279, 0.742181, -2.70208, 0.0231031, 0.753915, 0.656566, 4.98023, 0.0, 0.0, 0.0, 1.0]}, "070b40c1eeb04680a0dc335c5ea121cf_d2_2.png": {"intrinsics": {"fx": 1067.16, "fy": 1066.29, "cx": 633.227, "cy": 521.482}, "camera_to_world_matrix": [-0.661624, -0.484032, 0.572683, 7.48501, 0.749812, -0.4332, 0.500121, -2.69733, 0.00601155, 0.760296, 0.649548, 4.98036, 0.0, 0.0, 0.0, 1.0]}, "070b40c1eeb04680a0dc335c5ea121cf_d2_3.png": {"intrinsics": {"fx": 1067.16, "fy": 1066.29, "cx": 633.227, "cy": 521.482}, "camera_to_world_matrix": [0.318409, -0.620389, 0.716752, 7.48224, 0.947892, 0.216943, -0.233315, -2.68304, -0.0107479, 0.753693, 0.657139, 4.98022, 0.0, 0.0, 0.0, 1.0]}, "070b40c1eeb04680a0dc335c5ea121cf_d2_4.png": {"intrinsics": {"fx": 1067.16, "fy": 1066.29, "cx": 633.227, "cy": 521.482}, "camera_to_world_matrix": [0.980118, -0.125554, 0.15364, 7.49323, 0.198143, 0.65999, -0.724674, -2.67351, -0.0104155, 0.740708, 0.671746, 4.97993, 0.0, 0.0, 0.0, 1.0]}, "070b40c1eeb04680a0dc335c5ea121cf_d2_5.png": {"intrinsics": {"fx": 1067.16, "fy": 1066.29, "cx": 633.227, "cy": 521.482}, "camera_to_world_matrix": [0.661778, 0.505626, -0.553527, 7.50698, -0.749671, 0.452886, -0.482586, -2.67826, 0.00667635, 0.734327, 0.678763, 4.9798, 0.0, 0.0, 0.0, 1.0]}, "09f31cb3d1584052bdec594a45ab0d0f_d0_0.png": {"intrinsics": {"fx": 1069.12, "fy": 1069.6, "cx": 629.037, "cy": 520.428}, "camera_to_world_matrix": [-0.939448, 0.239854, 0.244758, 15.657, 0.342131, 0.615683, 0.709846, -2.17552, 0.0195665, 0.750603, -0.660464, 4.91349, 0.0, 0.0, 0.0, 1.0]}, "09f31cb3d1584052bdec594a45ab0d0f_d0_1.png": {"intrinsics": {"fx": 1069.12, "fy": 1069.6, "cx": 629.037, "cy": 520.428}, "camera_to_world_matrix": [-0.173197, 0.663863, 0.727522, 15.6477, 0.984609, 0.0991503, 0.143926, -2.16438, 0.0234127, 0.741252, -0.670818, 4.9137, 0.0, 0.0, 0.0, 1.0]}, "09f31cb3d1584052bdec594a45ab0d0f_d0_2.png": {"intrinsics": {"fx": 1069.12, "fy": 1069.6, "cx": 629.037, "cy": 520.428}, "camera_to_world_matrix": [0.766312, 0.428469, 0.478728, 15.6527, 0.642332, -0.526325, -0.557128, -2.15071, 0.0132544, 0.734436, -0.678548, 4.91385, 0.0, 0.0, 0.0, 1.0]}, "09f31cb3d1584052bdec594a45ab0d0f_d0_3.png": {"intrinsics": {"fx": 1069.12, "fy": 1069.6, "cx": 629.037, "cy": 520.428}, "camera_to_world_matrix": [0.939548, -0.230928, -0.252826, 15.667, -0.342415, -0.635254, -0.692245, -2.14818, -0.000749948, 0.73697, -0.675925, 4.91379, 0.0, 0.0, 0.0, 1.0]}, "09f31cb3d1584052bdec594a45ab0d0f_d0_4.png": {"intrinsics": {"fx": 1069.12, "fy": 1069.6, "cx": 629.037, "cy": 520.428}, "camera_to_world_matrix": [0.173272, -0.654916, -0.735569, 15.6763, -0.984863, -0.118705, -0.126306, -2.15933, -0.00459563, 0.74632, -0.665571, 4.91359, 0.0, 0.0, 0.0, 1.0]}, "09f31cb3d1584052bdec594a45ab0d0f_d0_5.png": {"intrinsics": {"fx": 1069.12, "fy": 1069.6, "cx": 629.037, "cy": 520.428}, "camera_to_world_matrix": [-0.766224, -0.419498, -0.486746, 15.6714, -0.642549, 0.506761, 0.574738, -2.173, 0.00556305, 0.753136, -0.657841, 4.91344, 0.0, 0.0, 0.0, 1.0]}, "09f31cb3d1584052bdec594a45ab0d0f_d1_0.png": {"intrinsics": {"fx": 1071.65, "fy": 1072.26, "cx": 630.843, "cy": 518.682}, "camera_to_world_matrix": [-0.939487, 0.0152146, 0.342249, 15.661, 0.342013, -0.0161817, 0.939556, -2.16558, 0.0198329, 0.999754, 0.00999962, 4.94685, 0.0, 0.0, 0.0, 1.0]}, "09f31cb3d1584052bdec594a45ab0d0f_d1_1.png": {"intrinsics": {"fx": 1071.65, "fy": 1072.26, "cx": 630.843, "cy": 518.682}, "camera_to_world_matrix": [-0.173314, 0.00799816, 0.984834, 15.6588, 0.984583, -0.0226371, 0.173454, -2.1629, 0.0236809, 0.999712, -0.00395083, 4.9469, 0.0, 0.0, 0.0, 1.0]}, "09f31cb3d1584052bdec594a45ab0d0f_d1_2.png": {"intrinsics": {"fx": 1071.65, "fy": 1072.26, "cx": 630.843, "cy": 518.682}, "camera_to_world_matrix": [0.766234, -0.00120038, 0.642561, 15.66, 0.64242, -0.0196159, -0.766102, -2.15961, 0.0135239, 0.999807, -0.0142586, 4.94694, 0.0, 0.0, 0.0, 1.0]}, "09f31cb3d1584052bdec594a45ab0d0f_d1_3.png": {"intrinsics": {"fx": 1071.65, "fy": 1072.26, "cx": 630.843, "cy": 518.682}, "camera_to_world_matrix": [0.93959, -0.00318231, -0.34229, 15.6634, -0.342304, -0.0101395, -0.939535, -2.159, -0.000480931, 0.999944, -0.0106156, 4.94693, 0.0, 0.0, 0.0, 1.0]}, "09f31cb3d1584052bdec594a45ab0d0f_d1_4.png": {"intrinsics": {"fx": 1071.65, "fy": 1072.26, "cx": 630.843, "cy": 518.682}, "camera_to_world_matrix": [0.173392, 0.00403433, -0.984845, 15.6657, -0.984844, -0.00368442, -0.173407, -2.16168, -0.00432836, 0.999985, 0.00333501, 4.94688, 0.0, 0.0, 0.0, 1.0]}, "09f31cb3d1584052bdec594a45ab0d0f_d1_5.png": {"intrinsics": {"fx": 1071.65, "fy": 1072.26, "cx": 630.843, "cy": 518.682}, "camera_to_world_matrix": [-0.766143, 0.0132328, -0.642535, 15.6645, -0.642645, -0.00670594, 0.766136, -2.16497, 0.0058291, 0.99989, 0.0136423, 4.94684, 0.0, 0.0, 0.0, 1.0]}, "09f31cb3d1584052bdec594a45ab0d0f_d2_0.png": {"intrinsics": {"fx": 1067.16, "fy": 1066.29, "cx": 633.227, "cy": 521.482}, "camera_to_world_matrix": [-0.942411, -0.213069, 0.257805, 15.6574, 0.334054, -0.637475, 0.694287, -2.1764, 0.016413, 0.740424, 0.67194, 4.97999, 0.0, 0.0, 0.0, 1.0]}, "09f31cb3d1584052bdec594a45ab0d0f_d2_1.png": {"intrinsics": {"fx": 1067.16, "fy": 1066.29, "cx": 633.227, "cy": 521.482}, "camera_to_world_matrix": [-0.181717, -0.64786, 0.739768, 15.6481, 0.98314, -0.135286, 0.123021, -2.16525, 0.0203797, 0.74965, 0.66152, 4.98019, 0.0, 0.0, 0.0, 1.0]}, "09f31cb3d1584052bdec594a45ab0d0f_d2_2.png": {"intrinsics": {"fx": 1067.16, "fy": 1066.29, "cx": 633.227, "cy": 521.482}, "camera_to_world_matrix": [0.760736, -0.430279, 0.485943, 15.6531, 0.64898, 0.492354, -0.580011, -2.15158, 0.0103105, 0.756603, 0.653794, 4.98034, 0.0, 0.0, 0.0, 1.0]}, "09f31cb3d1584052bdec594a45ab0d0f_d2_3.png": {"intrinsics": {"fx": 1067.16, "fy": 1066.29, "cx": 633.227, "cy": 521.482}, "camera_to_world_matrix": [0.942474, 0.222087, -0.249839, 15.6674, -0.334258, 0.617791, -0.711763, -2.14906, -0.00372516, 0.754328, 0.656487, 4.98029, 0.0, 0.0, 0.0, 1.0]}, "09f31cb3d1584052bdec594a45ab0d0f_d2_4.png": {"intrinsics": {"fx": 1067.16, "fy": 1066.29, "cx": 633.227, "cy": 521.482}, "camera_to_world_matrix": [0.181755, 0.656858, -0.73178, 15.6767, -0.983314, 0.115585, -0.140478, -2.16021, -0.00769133, 0.745102, 0.666906, 4.98008, 0.0, 0.0, 0.0, 1.0]}, "09f31cb3d1584052bdec594a45ab0d0f_d2_5.png": {"intrinsics": {"fx": 1067.16, "fy": 1066.29, "cx": 633.227, "cy": 521.482}, "camera_to_world_matrix": [-0.760685, 0.439253, -0.477928, 15.6718, -0.649117, -0.512046, 0.562545, -2.17388, 0.00237826, 0.73815, 0.674633, 4.97993, 0.0, 0.0, 0.0, 1.0]}, "0a9f30bd318e40de89f71e4bf6987358_d0_0.png": {"intrinsics": {"fx": 1069.12, "fy": 1069.6, "cx": 629.037, "cy": 520.428}, "camera_to_world_matrix": [-0.0338958, -0.644721, -0.763665, 21.9084, -0.999359, 0.0306908, 0.0184466, 2.48684, 0.0115447, 0.763801, -0.645348, 1.48009, 0.0, 0.0, 0.0, 1.0]}, "0a9f30bd318e40de89f71e4bf6987358_d0_1.png": {"intrinsics": {"fx": 1069.12, "fy": 1069.6, "cx": 629.037, "cy": 520.428}, "camera_to_world_matrix": [-0.88189, -0.285197, -0.375409, 21.9007, -0.470017, 0.593971, 0.652903, 2.47449, 0.0367761, 0.752237, -0.657865, 1.48033, 0.0, 0.0, 0.0, 1.0]}, "0a9f30bd318e40de89f71e4bf6987358_d0_2.png": {"intrinsics": {"fx": 1069.12, "fy": 1069.6, "cx": 629.037, "cy": 520.428}, "camera_to_world_matrix": [-0.847688, 0.382165, 0.367932, 21.8862, 0.529362, 0.564084, 0.633707, 2.47499, 0.0346359, 0.731955, -0.680472, 1.48077, 0.0, 0.0, 0.0, 1.0]}, "0a9f30bd318e40de89f71e4bf6987358_d0_3.png": {"intrinsics": {"fx": 1069.12, "fy": 1069.6, "cx": 629.037, "cy": 520.428}, "camera_to_world_matrix": [0.0345073, 0.689987, 0.722999, 21.8793, 0.999378, -0.0290814, -0.0199447, 2.48783, 0.00726428, 0.723237, -0.690561, 1.48097, 0.0, 0.0, 0.0, 1.0]}, "0a9f30bd318e40de89f71e4bf6987358_d0_4.png": {"intrinsics": {"fx": 1069.12, "fy": 1069.6, "cx": 629.037, "cy": 520.428}, "camera_to_world_matrix": [0.882481, 0.33044, 0.334717, 21.887, 0.470004, -0.592348, -0.654386, 2.50018, -0.0179665, 0.734801, -0.678044, 1.48072, 0.0, 0.0, 0.0, 1.0]}, "0a9f30bd318e40de89f71e4bf6987358_d0_5.png": {"intrinsics": {"fx": 1069.12, "fy": 1069.6, "cx": 629.037, "cy": 520.428}, "camera_to_world_matrix": [0.84824, -0.33692, -0.408623, 21.9016, -0.529375, -0.562435, -0.635161, 2.49968, -0.0158251, 0.755084, -0.655437, 1.48028, 0.0, 0.0, 0.0, 1.0]}, "0a9f30bd318e40de89f71e4bf6987358_d1_0.png": {"intrinsics": {"fx": 1071.65, "fy": 1072.26, "cx": 630.843, "cy": 518.682}, "camera_to_world_matrix": [-0.0337665, 0.0304463, -0.998966, 21.8984, -0.999361, 0.0107815, 0.0341082, 2.48725, 0.0118087, 0.999479, 0.0300635, 1.51366, 0.0, 0.0, 0.0, 1.0]}, "0a9f30bd318e40de89f71e4bf6987358_d1_1.png": {"intrinsics": {"fx": 1071.65, "fy": 1072.26, "cx": 630.843, "cy": 518.682}, "camera_to_world_matrix": [-0.881824, 0.0388171, -0.46998, 21.8965, -0.470123, 0.00592174, 0.882581, 2.48428, 0.0370422, 0.999229, 0.0130276, 1.51372, 0.0, 0.0, 0.0, 1.0]}, "0a9f30bd318e40de89f71e4bf6987358_d1_2.png": {"intrinsics": {"fx": 1071.65, "fy": 1072.26, "cx": 630.843, "cy": 518.682}, "camera_to_world_matrix": [-0.847743, 0.0387959, 0.528987, 21.893, 0.529259, -0.00376067, 0.848453, 2.4844, 0.0349056, 0.99924, -0.0173443, 1.51382, 0.0, 0.0, 0.0, 1.0]}, "0a9f30bd318e40de89f71e4bf6987358_d1_3.png": {"intrinsics": {"fx": 1071.65, "fy": 1072.26, "cx": 630.843, "cy": 518.682}, "camera_to_world_matrix": [0.0343944, 0.0304038, 0.998946, 21.8914, 0.999381, -0.00858308, -0.0341478, 2.48749, 0.00753562, 0.999501, -0.0306795, 1.51387, 0.0, 0.0, 0.0, 1.0]}, "0a9f30bd318e40de89