{"003f1672542542f6a4ca2903da9ac9ae_d0_0.png": {"intrinsics": {"fx": 1077.64, "fy": 1077.87, "cx": 634.01, "cy": 506.753}, "camera_to_world_matrix": [-0.979993, 0.135221, 0.146044, 2.04605, 0.19903, 0.662638, 0.72201, 1.45515, 0.000856229, 0.736633, -0.676293, -2.19568, 0.0, 0.0, 0.0, 1.0]}, "003f1672542542f6a4ca2903da9ac9ae_d0_1.png": {"intrinsics": {"fx": 1077.64, "fy": 1077.87, "cx": 634.01, "cy": 506.753}, "camera_to_world_matrix": [-0.31764, 0.634114, 0.704986, 2.03512, 0.948173, 0.219147, 0.230094, 1.46476, -0.00859039, 0.741536, -0.670859, -2.19579, 0.0, 0.0, 0.0, 1.0]}, "003f1672542542f6a4ca2903da9ac9ae_d0_2.png": {"intrinsics": {"fx": 1077.64, "fy": 1077.87, "cx": 634.01, "cy": 506.753}, "camera_to_world_matrix": [0.662363, 0.499455, 0.55841, 2.03797, 0.749151, -0.434616, -0.499882, 1.47902, -0.00697498, 0.749437, -0.66204, -2.19596, 0.0, 0.0, 0.0, 1.0]}, "003f1672542542f6a4ca2903da9ac9ae_d0_3.png": {"intrinsics": {"fx": 1077.64, "fy": 1077.87, "cx": 634.01, "cy": 506.753}, "camera_to_world_matrix": [0.97999, -0.134094, -0.147106, 2.05175, -0.199009, -0.644874, -0.737925, 1.48369, 0.00408699, 0.752434, -0.658655, -2.19603, 0.0, 0.0, 0.0, 1.0]}, "003f1672542542f6a4ca2903da9ac9ae_d0_4.png": {"intrinsics": {"fx": 1077.64, "fy": 1077.87, "cx": 634.01, "cy": 506.753}, "camera_to_world_matrix": [0.317606, -0.63297, -0.706028, 2.06268, -0.948127, -0.201364, -0.245987, 1.47408, 0.0135333, 0.747531, -0.66409, -2.19592, 0.0, 0.0, 0.0, 1.0]}, "003f1672542542f6a4ca2903da9ac9ae_d0_5.png": {"intrinsics": {"fx": 1077.64, "fy": 1077.87, "cx": 634.01, "cy": 506.753}, "camera_to_world_matrix": [-0.662388, -0.498285, -0.559423, 2.05983, -0.749066, 0.452394, 0.483984, 1.45981, 0.0119174, 0.73963, -0.672909, -2.19575, 0.0, 0.0, 0.0, 1.0]}, "003f1672542542f6a4ca2903da9ac9ae_d1_0.png": {"intrinsics": {"fx": 1072.97, "fy": 1073.26, "cx": 633.207, "cy": 504.837}, "camera_to_world_matrix": [-0.980493, 0.0133327, 0.196092, 2.04824, 0.196223, 0.00939841, 0.980513, 1.46638, 0.0112304, 0.999866, -0.0118328, -2.16257, 0.0, 0.0, 0.0, 1.0]}, "003f1672542542f6a4ca2903da9ac9ae_d1_1.png": {"intrinsics": {"fx": 1072.97, "fy": 1073.26, "cx": 633.207, "cy": 504.837}, "camera_to_world_matrix": [-0.320423, 0.00486563, 0.947261, 2.04561, 0.947271, -0.000214679, 0.320428, 1.46869, 0.00176284, 0.999987, -0.00454177, -2.16259, 0.0, 0.0, 0.0, 1.0]}, "003f1672542542f6a4ca2903da9ac9ae_d1_2.png": {"intrinsics": {"fx": 1072.97, "fy": 1073.26, "cx": 633.207, "cy": 504.837}, "camera_to_world_matrix": [0.660087, -0.00769373, 0.751148, 2.0463, 0.751179, 0.00231122, -0.660093, 1.47213, 0.00334291, 0.999967, 0.00730351, -2.16263, 0.0, 0.0, 0.0, 1.0]}, "003f1672542542f6a4ca2903da9ac9ae_d1_3.png": {"intrinsics": {"fx": 1072.97, "fy": 1073.26, "cx": 633.207, "cy": 504.837}, "camera_to_world_matrix": [0.980506, -0.0117857, -0.19613, 2.04961, -0.195956, 0.0144501, -0.980505, 1.47325, 0.0143905, 0.999825, 0.0118575, -2.16265, 0.0, 0.0, 0.0, 1.0]}, "003f1672542542f6a4ca2903da9ac9ae_d1_4.png": {"intrinsics": {"fx": 1072.97, "fy": 1073.26, "cx": 633.207, "cy": 504.837}, "camera_to_world_matrix": [0.320406, -0.00331823, -0.947274, 2.05224, -0.946978, 0.0240629, -0.320391, 1.47094, 0.0238577, 0.999704, 0.00456613, -2.16262, 0.0, 0.0, 0.0, 1.0]}, "003f1672542542f6a4ca2903da9ac9ae_d1_5.png": {"intrinsics": {"fx": 1072.97, "fy": 1073.26, "cx": 633.207, "cy": 504.837}, "camera_to_world_matrix": [-0.660097, 0.00924103, -0.751122, 2.05155, -0.750848, 0.0215365, 0.660122, 1.4675, 0.0222772, 0.999725, -0.00727908, -2.16258, 0.0, 0.0, 0.0, 1.0]}, "003f1672542542f6a4ca2903da9ac9ae_d2_0.png": {"intrinsics": {"fx": 1074.69, "fy": 1074.41, "cx": 637.726, "cy": 513.276}, "camera_to_world_matrix": [-0.9813, -0.12438, 0.146895, 2.0461, 0.192399, -0.655852, 0.729959, 1.45595, 0.00554898, 0.744572, 0.667518, -2.12919, 0.0, 0.0, 0.0, 1.0]}, "003f1672542542f6a4ca2903da9ac9ae_d2_1.png": {"intrinsics": {"fx": 1074.69, "fy": 1074.41, "cx": 637.726, "cy": 513.276}, "camera_to_world_matrix": [-0.324082, -0.637541, 0.698936, 2.03517, 0.94602, -0.215318, 0.242245, 1.46555, -0.00394701, 0.739716, 0.672907, -2.12929, 0.0, 0.0, 0.0, 1.0]}, "003f1672542542f6a4ca2903da9ac9ae_d2_2.png": {"intrinsics": {"fx": 1074.69, "fy": 1074.41, "cx": 637.726, "cy": 513.276}, "camera_to_world_matrix": [0.657232, -0.512577, 0.552549, 2.03802, 0.753684, 0.449322, -0.479655, 1.47982, -0.00241239, 0.731693, 0.68163, -2.12947, 0.0, 0.0, 0.0, 1.0]}, "003f1672542542f6a4ca2903da9ac9ae_d2_3.png": {"intrinsics": {"fx": 1074.69, "fy": 1074.41, "cx": 637.726, "cy": 513.276}, "camera_to_world_matrix": [0.981304, 0.125545, -0.145877, 2.0518, -0.192269, 0.673415, -0.713824, 1.48448, 0.00861827, 0.728526, 0.684963, -2.12953, 0.0, 0.0, 0.0, 1.0]}, "003f1672542542f6a4ca2903da9ac9ae_d2_4.png": {"intrinsics": {"fx": 1074.69, "fy": 1074.41, "cx": 637.726, "cy": 513.276}, "camera_to_world_matrix": [0.324056, 0.638689, -0.697899, 2.06273, -0.945864, 0.232861, -0.226088, 1.47487, 0.0181139, 0.733383, 0.679573, -2.12943, 0.0, 0.0, 0.0, 1.0]}, "003f1672542542f6a4ca2903da9ac9ae_d2_5.png": {"intrinsics": {"fx": 1074.69, "fy": 1074.41, "cx": 637.726, "cy": 513.276}, "camera_to_world_matrix": [-0.65725, 0.513699, -0.551484, 2.05988, -0.753489, -0.431774, 0.495806, 1.46061, 0.0165788, 0.741407, 0.670851, -2.12925, 0.0, 0.0, 0.0, 1.0]}, "00c50c04e48e4cfabcb913f70701ab17_d0_0.png": {"intrinsics": {"fx": 1077.64, "fy": 1077.87, "cx": 634.01, "cy": 506.753}, "camera_to_world_matrix": [0.534502, 0.56171, 0.631498, 11.3441, 0.845122, -0.36301, -0.39242, -1.30685, 0.008814, 0.743442, -0.668743, -2.1513, 0.0, 0.0, 0.0, 1.0]}, "00c50c04e48e4cfabcb913f70701ab17_d0_1.png": {"intrinsics": {"fx": 1077.64, "fy": 1077.87, "cx": 634.01, "cy": 506.753}, "camera_to_world_matrix": [0.999177, -0.0302313, -0.0270619, 11.357, -0.040357, -0.671551, -0.739859, -1.30005, 0.00419342, 0.740342, -0.672217, -2.15123, 0.0, 0.0, 0.0, 1.0]}, "00c50c04e48e4cfabcb913f70701ab17_d0_2.png": {"intrinsics": {"fx": 1077.64, "fy": 1077.87, "cx": 634.01, "cy": 506.753}, "camera_to_world_matrix": [0.464648, -0.593412, -0.657241, 11.3693, -0.885493, -0.313183, -0.343248, -1.30779, -0.00214911, 0.741471, -0.670982, -2.15125, 0.0, 0.0, 0.0, 1.0]}, "00c50c04e48e4cfabcb913f70701ab17_d0_3.png": {"intrinsics": {"fx": 1077.64, "fy": 1077.87, "cx": 634.01, "cy": 506.753}, "camera_to_world_matrix": [-0.534544, -0.564639, -0.628845, 11.3688, -0.845132, 0.353718, 0.400795, -1.32233, -0.00387093, 0.745699, -0.666272, -2.15135, 0.0, 0.0, 0.0, 1.0]}, "00c50c04e48e4cfabcb913f70701ab17_d0_4.png": {"intrinsics": {"fx": 1077.64, "fy": 1077.87, "cx": 634.01, "cy": 506.753}, "camera_to_world_matrix": [-0.999185, 0.0273149, 0.0297288, 11.3559, 0.0403651, 0.662235, 0.748209, -1.32913, 0.000749781, 0.748799, -0.662797, -2.15141, 0.0, 0.0, 0.0, 1.0]}, "00c50c04e48e4cfabcb913f70701ab17_d0_5.png": {"intrinsics": {"fx": 1077.64, "fy": 1077.87, "cx": 634.01, "cy": 506.753}, "camera_to_world_matrix": [-0.464623, 0.590482, 0.659892, 11.3436, 0.885481, 0.303845, 0.351572, -1.32139, 0.00709227, 0.74767, -0.664033, -2.15139, 0.0, 0.0, 0.0, 1.0]}, "00c50c04e48e4cfabcb913f70701ab17_d1_0.png": {"intrinsics": {"fx": 1072.97, "fy": 1073.26, "cx": 633.207, "cy": 504.837}, "camera_to_world_matrix": [0.531923, -0.00880267, 0.846745, 11.3534, 0.846574, -0.0170941, -0.531994, -1.31293, 0.0191577, 0.999814, -0.00164214, -2.11807, 0.0, 0.0, 0.0, 1.0]}, "00c50c04e48e4cfabcb913f70701ab17_d1_1.png": {"intrinsics": {"fx": 1072.97, "fy": 1073.26, "cx": 633.207, "cy": 504.837}, "camera_to_world_matrix": [0.999191, -0.0147769, -0.0373599, 11.3565, -0.0374481, -0.00576175, -0.999281, -1.3113, 0.0145515, 0.999873, -0.00631195, -2.11805, 0.0, 0.0, 0.0, 1.0]}, "00c50c04e48e4cfabcb913f70701ab17_d1_2.png": {"intrinsics": {"fx": 1072.97, "fy": 1073.26, "cx": 633.207, "cy": 504.837}, "camera_to_world_matrix": [0.46722, -0.00794968, -0.884104, 11.3595, -0.884101, 0.00507799, -0.467264, -1.31316, 0.00820448, 0.999955, -0.00465727, -2.11806, 0.0, 0.0, 0.0, 1.0]}, "00c50c04e48e4cfabcb913f70701ab17_d1_3.png": {"intrinsics": {"fx": 1072.97, "fy": 1073.26, "cx": 633.207, "cy": 504.837}, "camera_to_world_matrix": [-0.532007, 0.00485167, -0.846725, 11.3594, -0.846714, 0.00458512, 0.532027, -1.31666, 0.00646395, 0.999977, 0.00166718, -2.11808, 0.0, 0.0, 0.0, 1.0]}, "00c50c04e48e4cfabcb913f70701ab17_d1_4.png": {"intrinsics": {"fx": 1072.97, "fy": 1073.26, "cx": 633.207, "cy": 504.837}, "camera_to_world_matrix": [-0.99924, 0.0108255, 0.0373989, 11.3563, 0.0373268, -0.0067475, 0.99928, -1.31829, 0.0110704, 0.999918, 0.00633681, -2.11809, 0.0, 0.0, 0.0, 1.0]}, "00c50c04e48e4cfabcb913f70701ab17_d1_5.png": {"intrinsics": {"fx": 1072.97, "fy": 1073.26, "cx": 633.207, "cy": 504.837}, "camera_to_world_matrix": [-0.467236, 0.00399781, 0.884123, 11.3533, 0.883959, -0.017587, 0.46723, -1.31643, 0.0174173, 0.999837, 0.00468189, -2.11809, 0.0, 0.0, 0.0, 1.0]}, "00c50c04e48e4cfabcb913f70701ab17_d2_0.png": {"intrinsics": {"fx": 1074.69, "fy": 1074.41, "cx": 637.726, "cy": 513.276}, "camera_to_world_matrix": [0.52871, -0.578252, 0.621362, 11.344, 0.848696, 0.348553, -0.397776, -1.30726, 0.0134373, 0.737655, 0.675043, -2.0848, 0.0, 0.0, 0.0, 1.0]}, "00c50c04e48e4cfabcb913f70701ab17_d2_1.png": {"intrinsics": {"fx": 1074.69, "fy": 1074.41, "cx": 637.726, "cy": 513.276}, "camera_to_world_matrix": [0.999396, 0.0160003, -0.030817, 11.3569, -0.0335765, 0.67148, -0.740261, -1.30046, 0.00884876, 0.740849, 0.671612, -2.08473, 0.0, 0.0, 0.0, 1.0]}, "00c50c04e48e4cfabcb913f70701ab17_d2_2.png": {"intrinsics": {"fx": 1074.69, "fy": 1074.41, "cx": 637.726, "cy": 513.276}, "camera_to_world_matrix": [0.47065, 0.592796, -0.653514, 11.3692, -0.882316, 0.318305, -0.346699, -1.3082, 0.00249509, 0.73978, 0.672844, -2.08476, 0.0, 0.0, 0.0, 1.0]}, "00c50c04e48e4cfabcb913f70701ab17_d2_3.png": {"intrinsics": {"fx": 1074.69, "fy": 1074.41, "cx": 637.726, "cy": 513.276}, "camera_to_world_matrix": [-0.528771, 0.575327, -0.624019, 11.3686, -0.848764, -0.35779, 0.38934, -1.32274, 0.000730221, 0.735517, 0.677506, -2.08485, 0.0, 0.0, 0.0, 1.0]}, "00c50c04e48e4cfabcb913f70701ab17_d2_4.png": {"intrinsics": {"fx": 1074.69, "fy": 1074.41, "cx": 637.726, "cy": 513.276}, "camera_to_world_matrix": [-0.999423, -0.0189375, 0.0281733, 11.3558, 0.0335268, -0.680694, 0.7318, -1.32954, 0.00531894, 0.732323, 0.680936, -2.08492, 0.0, 0.0, 0.0, 1.0]}, "00c50c04e48e4cfabcb913f70701ab17_d2_5.png": {"intrinsics": {"fx": 1074.69, "fy": 1074.41, "cx": 637.726, "cy": 513.276}, "camera_to_world_matrix": [-0.470644, -0.59572, 0.650855, 11.3435, 0.882245, -0.327496, 0.338213, -1.3218, 0.0116725, 0.733392, 0.679705, -2.08489, 0.0, 0.0, 0.0, 1.0]}, "01d25fc368954800bc6eaf8c58145c14_d0_0.png": {"intrinsics": {"fx": 1077.64, "fy": 1077.87, "cx": 634.01, "cy": 506.753}, "camera_to_world_matrix": [0.429781, 0.602049, 0.672923, 1.81798, 0.902912, -0.291663, -0.315726, -9.24538, 0.00618399, 0.743283, -0.668948, 1.46936, 0.0, 0.0, 0.0, 1.0]}, "01d25fc368954800bc6eaf8c58145c14_d0_1.png": {"intrinsics": {"fx": 1077.64, "fy": 1077.87, "cx": 634.01, "cy": 506.753}, "camera_to_world_matrix": [0.996852, 0.0511783, 0.0605546, 1.82994, 0.0792404, -0.668679, -0.739318, -9.23709, 0.00265446, 0.741789, -0.670629, 1.46939, 0.0, 0.0, 0.0, 1.0]}, "01d25fc368954800bc6eaf8c58145c14_d0_2.png": {"intrinsics": {"fx": 1077.64, "fy": 1077.87, "cx": 634.01, "cy": 506.753}, "camera_to_world_matrix": [0.567049, -0.550761, -0.612469, 1.8431, -0.823684, -0.380115, -0.420783, -9.24331, -0.001058, 0.743085, -0.669196, 1.46936, 0.0, 0.0, 0.0, 1.0]}, "01d25fc368954800bc6eaf8c58145c14_d0_3.png": {"intrinsics": {"fx": 1077.64, "fy": 1077.87, "cx": 634.01, "cy": 506.753}, "camera_to_world_matrix": [-0.429816, -0.601816, -0.67311, 1.84429, -0.902916, 0.285458, 0.321336, -9.25781, -0.00124085, 0.745877, -0.666083, 1.4693, 0.0, 0.0, 0.0, 1.0]}, "01d25fc368954800bc6eaf8c58145c14_d0_4.png": {"intrinsics": {"fx": 1077.64, "fy": 1077.87, "cx": 634.01, "cy": 506.753}, "camera_to_world_matrix": [-0.996855, -0.0509305, -0.0607245, 1.83233, -0.0792222, 0.662452, 0.744904, -9.26609, 0.00228873, 0.747371, -0.664403, 1.46927, 0.0, 0.0, 0.0, 1.0]}, "01d25fc368954800bc6eaf8c58145c14_d0_5.png": {"intrinsics": {"fx": 1077.64, "fy": 1077.87, "cx": 634.01, "cy": 506.753}, "camera_to_world_matrix": [-0.567016, 0.550998, 0.612287, 1.81918, 0.823685, 0.373865, 0.426343, -9.25988, 0.00600113, 0.746075, -0.665836, 1.46929, 0.0, 0.0, 0.0, 1.0]}, "01d25fc368954800bc6eaf8c58145c14_d1_0.png": {"intrinsics": {"fx": 1072.97, "fy": 1073.26, "cx": 633.207, "cy": 504.837}, "camera_to_world_matrix": [0.427062, -0.005335, 0.904205, 1.82798, 0.90407, -0.0157596, -0.427092, -9.25024, 0.0165289, 0.999861, -0.00190861, 1.50258, 0.0, 0.0, 0.0, 1.0]}, "01d25fc368954800bc6eaf8c58145c14_d1_1.png": {"intrinsics": {"fx": 1072.97, "fy": 1073.26, "cx": 633.207, "cy": 504.837}, "camera_to_world_matrix": [0.996533, -0.0126195, 0.0822136, 1.83085, 0.0821537, -0.00522151, -0.996605, -9.24824, 0.0130064, 0.999906, -0.00416816, 1.50259, 0.0, 0.0, 0.0, 1.0]}, "01d25fc368954800bc6eaf8c58145c14_d1_2.png": {"intrinsics": {"fx": 1072.97, "fy": 1073.26, "cx": 633.207, "cy": 504.837}, "camera_to_world_matrix": [0.56945, -0.00713528, -0.821994, 1.83402, -0.821971, 0.006356, -0.569491, -9.24974, 0.00928847, 0.999954, -0.00224705, 1.50259, 0.0, 0.0, 0.0, 1.0]}, "01d25fc368954800bc6eaf8c58145c14_d1_3.png": {"intrinsics": {"fx": 1072.97, "fy": 1073.26, "cx": 633.207, "cy": 504.837}, "camera_to_world_matrix": [-0.427094, 0.00563336, -0.904189, 1.83431, -0.90416, 0.00739515, 0.427127, -9.25323, 0.00909317, 0.999956, 0.00193355, 1.50257, 0.0, 0.0, 0.0, 1.0]}, "01d25fc368954800bc6eaf8c58145c14_d1_4.png": {"intrinsics": {"fx": 1072.97, "fy": 1073.26, "cx": 633.207, "cy": 504.837}, "camera_to_world_matrix": [-0.996533, 0.0129175, -0.0821747, 1.83143, -0.0822219, -0.00314324, 0.996608, -9.25522, 0.0126158, 0.999911, 0.00419296, 1.50256, 0.0, 0.0, 0.0, 1.0]}, "01d25fc368954800bc6eaf8c58145c14_d1_5.png": {"intrinsics": {"fx": 1072.97, "fy": 1073.26, "cx": 633.207, "cy": 504.837}, "camera_to_world_matrix": [-0.569414, 0.00743277, 0.822016, 1.82826, 0.821886, -0.0147205, 0.569459, -9.25372, 0.0163336, 0.999863, 0.00227171, 1.50257, 0.0, 0.0, 0.0, 1.0]}, "01d25fc368954800bc6eaf8c58145c14_d2_0.png": {"intrinsics": {"fx": 1074.69, "fy": 1074.41, "cx": 637.726, "cy": 513.276}, "camera_to_world_matrix": [0.42361, -0.614726, 0.665331, 1.81799, 0.905779, 0.278687, -0.319212, -9.24566, 0.0108093, 0.737866, 0.674861, 1.53585, 0.0, 0.0, 0.0, 1.0]}, "01d25fc368954800bc6eaf8c58145c14_d2_1.png": {"intrinsics": {"fx": 1074.69, "fy": 1074.41, "cx": 637.726, "cy": 513.276}, "camera_to_world_matrix": [0.996267, -0.063279, 0.0587072, 1.82995, 0.0860092, 0.670263, -0.737123, -9.23737, 0.00729528, 0.739421, 0.673203, 1.53589, 0.0, 0.0, 0.0, 1.0]}, "01d25fc368954800bc6eaf8c58145c14_d2_2.png": {"intrinsics": {"fx": 1074.69, "fy": 1074.41, "cx": 637.726, "cy": 513.276}, "camera_to_world_matrix": [0.572635, 0.551558, -0.606525, 1.84311, -0.819802, 0.38848, -0.420723, -9.24358, 0.0035698, 0.738151, 0.674626, 1.53586, 0.0, 0.0, 0.0, 1.0]}, "01d25fc368954800bc6eaf8c58145c14_d2_3.png": {"intrinsics": {"fx": 1074.69, "fy": 1074.41, "cx": 637.726, "cy": 513.276}, "camera_to_world_matrix": [-0.423643, 0.614934, -0.665118, 1.8443, -0.905822, -0.284872, 0.313581, -9.25808, 0.00335848, 0.735325, 0.677705, 1.5358, 0.0, 0.0, 0.0, 1.0]}, "01d25fc368954800bc6eaf8c58145c14_d2_4.png": {"intrinsics": {"fx": 1074.69, "fy": 1074.41, "cx": 637.726, "cy": 513.276}, "camera_to_world_matrix": [-0.996268, 0.0634721, -0.058477, 1.83234, -0.0860296, -0.676427, 0.731468, -9.26637, 0.00687251, 0.73377, 0.679363, 1.53577, 0.0, 0.0, 0.0, 1.0]}, "01d25fc368954800bc6eaf8c58145c14_d2_5.png": {"intrinsics": {"fx": 1074.69, "fy": 1074.41, "cx": 637.726, "cy": 513.276}, "camera_to_world_matrix": [-0.572601, -0.551354, 0.606743, 1.81919, 0.819765, -0.39462, 0.415042, -9.26015, 0.0105979, 0.73504, 0.67794, 1.53579, 0.0, 0.0, 0.0, 1.0]}, "031cc54b957148d3b419d1e4c0f917c7_d0_0.png": {"intrinsics": {"fx": 1077.64, "fy": 1077.87, "cx": 634.01, "cy": 506.753}, "camera_to_world_matrix": [-0.380683, -0.617483, -0.688329, 3.85854, -0.924692, 0.258282, 0.279706, -10.3277, 0.00506966, 0.742971, -0.669304, -2.15162, 0.0, 0.0, 0.0, 1.0]}, "031cc54b957148d3b419d1e4c0f917c7_d0_1.png": {"intrinsics": {"fx": 1077.64, "fy": 1077.87, "cx": 634.01, "cy": 506.753}, "camera_to_world_matrix": [-0.991161, -0.08765, -0.099588, 3.84704, -0.132655, 0.664335, 0.735569, -10.3366, 0.00168705, 0.742278, -0.67009, -2.15161, 0.0, 0.0, 0.0, 1.0]}, "031cc54b957148d3b419d1e4c0f917c7_d0_2.png": {"intrinsics": {"fx": 1077.64, "fy": 1077.87, "cx": 634.01, "cy": 506.753}, "camera_to_world_matrix": [-0.610459, 0.528915, 0.589568, 3.83357, 0.792048, 0.408508, 0.453632, -10.3311, -0.000911045, 0.743889, -0.668303, -2.15164, 0.0, 0.0, 0.0, 1.0]}, "031cc54b957148d3b419d1e4c0f917c7_d0_3.png": {"intrinsics": {"fx": 1077.64, "fy": 1077.87, "cx": 634.01, "cy": 506.753}, "camera_to_world_matrix": [0.380713, 0.615633, 0.689967, 3.8316, 0.924694, -0.253365, -0.284163, -10.3167, -0.000126493, 0.746193, -0.66573, -2.15169, 0.0, 0.0, 0.0, 1.0]}, "031cc54b957148d3b419d1e4c0f917c7_d0_4.png": {"intrinsics": {"fx": 1077.64, "fy": 1077.87, "cx": 634.01, "cy": 506.753}, "camera_to_world_matrix": [0.99116, 0.0857842, 0.101209, 3.84309, 0.132633, -0.659397, -0.740003, -10.3077, 0.00325611, 0.746885, -0.664945, -2.15171, 0.0, 0.0, 0.0, 1.0]}, "031cc54b957148d3b419d1e4c0f917c7_d0_5.png": {"intrinsics": {"fx": 1077.64, "fy": 1077.87, "cx": 634.01, "cy": 506.753}, "camera_to_world_matrix": [0.610422, -0.53077, -0.587936, 3.85656, -0.792055, -0.403546, -0.458039, -10.3132, 0.00585414, 0.745274, -0.666732, -2.15167, 0.0, 0.0, 0.0, 1.0]}, "031cc54b957148d3b419d1e4c0f917c7_d1_0.png": {"intrinsics": {"fx": 1072.97, "fy": 1073.26, "cx": 633.207, "cy": 504.837}, "camera_to_world_matrix": [-0.377914, 0.00361893, -0.925832, 3.84827, -0.925711, 0.0151734, 0.377925, -10.3234, 0.0154161, 0.999878, -0.00238564, -2.1184, 0.0, 0.0, 0.0, 1.0]}, "031cc54b957148d3b419d1e4c0f917c7_d1_1.png": {"intrinsics": {"fx": 1072.97, "fy": 1073.26, "cx": 633.207, "cy": 504.837}, "camera_to_world_matrix": [-0.990695, 0.0114588, -0.135606, 3.8455, -0.135556, 0.00504157, 0.990756, -10.3255, 0.0120369, 0.999921, -0.00344284, -2.1184, 0.0, 0.0, 0.0, 1.0]}, "031cc54b957148d3b419d1e4c0f917c7_d1_2.png": {"intrinsics": {"fx": 1072.97, "fy": 1073.26, "cx": 633.207, "cy": 504.837}, "camera_to_world_matrix": [-0.612774, 0.00660407, 0.79023, 3.84226, 0.7902, -0.00681376, 0.612809, -10.3242, 0.00943187, 0.999954, -0.00104472, -2.1184, 0.0, 0.0, 0.0, 1.0]}, "031cc54b957148d3b419d1e4c0f917c7_d1_3.png": {"intrinsics": {"fx": 1072.97, "fy": 1073.26, "cx": 633.207, "cy": 504.837}, "camera_to_world_matrix": [0.377919, -0.00609035, 0.925818, 3.84178, 0.925781, -0.00853703, -0.377961, -10.3207, 0.0102061, 0.999944, 0.00241054, -2.11842, 0.0, 0.0, 0.0, 1.0]}, "031cc54b957148d3b419d1e4c0f917c7_d1_4.png": {"intrinsics": {"fx": 1072.97, "fy": 1073.26, "cx": 633.207, "cy": 504.837}, "camera_to_world_matrix": [0.990669, -0.0139298, 0.135567, 3.84455, 0.135603, 0.00159506, -0.990761, -10.3186, 0.0135853, 0.999901, 0.00346761, -2.11842, 0.0, 0.0, 0.0, 1.0]}, "031cc54b957148d3b419d1e4c0f917c7_d1_5.png": {"intrinsics": {"fx": 1072.97, "fy": 1073.26, "cx": 633.207, "cy": 504.837}, "camera_to_world_matrix": [0.612711, -0.00907463, -0.790254, 3.84779, -0.790139, 0.0134502, -0.612778, -10.3199, 0.0161902, 0.999868, 0.00106939, -2.11841, 0.0, 0.0, 0.0, 1.0]}, "031cc54b957148d3b419d1e4c0f917c7_d2_0.png": {"intrinsics": {"fx": 1074.69, "fy": 1074.41, "cx": 637.726, "cy": 513.276}, "camera_to_world_matrix": [-0.374371, 0.628167, -0.682094, 3.85845, -0.927228, -0.245903, 0.282452, -10.3274, 0.00969824, 0.738199, 0.674513, -2.08512, 0.0, 0.0, 0.0, 1.0]}, "031cc54b957148d3b419d1e4c0f917c7_d2_1.png": {"intrinsics": {"fx": 1074.69, "fy": 1074.41, "cx": 637.726, "cy": 513.276}, "camera_to_world_matrix": [-0.990217, 0.0985411, -0.0987841, 3.84696, -0.139387, -0.666526, 0.732335, -10.3364, 0.00632298, 0.73894, 0.673741, -2.08511, 0.0, 0.0, 0.0, 1.0]}, "031cc54b957148d3b419d1e4c0f917c7_d2_2.png": {"intrinsics": {"fx": 1074.69, "fy": 1074.41, "cx": 637.726, "cy": 513.276}, "camera_to_world_matrix": [-0.615833, -0.530538, 0.582476, 3.83349, 0.787867, -0.418163, 0.45211, -10.3309, 0.00370857, 0.737339, 0.675513, -2.08514, 0.0, 0.0, 0.0, 1.0]}, "031cc54b957148d3b419d1e4c0f917c7_d2_3.png": {"intrinsics": {"fx": 1074.69, "fy": 1074.41, "cx": 637.726, "cy": 513.276}, "camera_to_world_matrix": [0.374389, -0.629978, 0.680412, 3.83151, 0.92726, 0.250817, -0.277991, -10.3164, 0.00446957, 0.734996, 0.678056, -2.08519, 0.0, 0.0, 0.0, 1.0]}, "031cc54b957148d3b419d1e4c0f917c7_d2_4.png": {"intrinsics": {"fx": 1074.69, "fy": 1074.41, "cx": 637.726, "cy": 513.276}, "camera_to_world_matrix": [0.990205, -0.100335, 0.0970843, 3.84301, 0.139395, 0.671418, -0.72785, -10.3075, 0.00784482, 0.734255, 0.678828, -2.08521, 0.0, 0.0, 0.0, 1.0]}, "031cc54b957148d3b419d1e4c0f917c7_d2_5.png": {"intrinsics": {"fx": 1074.69, "fy": 1074.41, "cx": 637.726, "cy": 513.276}, "camera_to_world_matrix": [0.615784, 0.528735, -0.584165, 3.85648, -0.787844, 0.423031, -0.447599, -10.313, 0.0104591, 0.735856, 0.677056, -2.08517, 0.0, 0.0, 0.0, 1.0]}, "0788a0ae586c453e829efe39322919fa_d0_0.png": {"intrinsics": {"fx": 1077.64, "fy": 1077.87, "cx": 634.01, "cy": 506.753}, "camera_to_world_matrix": [-0.552978, 0.561017, 0.616016, 3.08575, 0.833072, 0.359511, 0.420408, -17.8101, 0.0143914, 0.745662, -0.666169, -1.42988, 0.0, 0.0, 0.0, 1.0]}, "0788a0ae586c453e829efe39322919fa_d0_1.png": {"intrinsics": {"fx": 1077.64, "fy": 1077.87, "cx": 634.01, "cy": 506.753}, "camera_to_world_matrix": [0.445074, 0.600776, 0.664061, 3.0848, 0.895439, -0.306796, -0.322592, -17.7956, 0.00992558, 0.738204, -0.674505, -1.42972, 0.0, 0.0, 0.0, 1.0]}, "0788a0ae586c453e829efe39322919fa_d0_2.png": {"intrinsics": {"fx": 1077.64, "fy": 1077.87, "cx": 634.01, "cy": 506.753}, "camera_to_world_matrix": [0.998055, 0.0435839, 0.0445892, 3.0969, 0.0623199, -0.674406, -0.735727, -17.7875, -0.00199465, 0.737074, -0.67581, -1.42969, 0.0, 0.0, 0.0, 1.0]}, "0788a0ae586c453e829efe39322919fa_d0_3.png": {"intrinsics": {"fx": 1077.64, "fy": 1077.87, "cx": 634.01, "cy": 506.753}, "camera_to_world_matrix": [0.552971, -0.553356, -0.622914, 3.10995, -0.833148, -0.3757, -0.405852, -17.7939, -0.00944876, 0.743403, -0.668778, -1.42983, 0.0, 0.0, 0.0, 1.0]}, "0788a0ae586c453e829efe39322919fa_d0_4.png": {"intrinsics": {"fx": 1077.64, "fy": 1077.87, "cx": 634.01, "cy": 506.753}, "camera_to_world_matrix": [-0.445084, -0.593089, -0.67093, 3.1109, -0.895476, 0.290609, 0.337151, -17.8085, -0.00498251, 0.750862, -0.660441, -1.42999, 0.0, 0.0, 0.0, 1.0]}, "0788a0ae586c453e829efe39322919fa_d0_5.png": {"intrinsics": {"fx": 1077.64, "fy": 1077.87, "cx": 634.01, "cy": 506.753}, "camera_to_world_matrix": [-0.998032, -0.0358819, -0.0514415, 3.0988, -0.0623346, 0.658197, 0.750261, -17.8165, 0.00693782, 0.751991, -0.659137, -1.43002, 0.0, 0.0, 0.0, 1.0]}, "0788a0ae586c453e829efe39322919fa_d1_0.png": {"intrinsics": {"fx": 1072.97, "fy": 1073.26, "cx": 633.207, "cy": 504.837}, "camera_to_world_matrix": [-0.555354, 0.0122584, 0.831523, 3.09511, 0.831245, -0.021544, 0.555487, -17.8043, 0.0247241, 0.999692, 0.00177334, -1.39661, 0.0, 0.0, 0.0, 1.0]}, "0788a0ae586c453e829efe39322919fa_d1_1.png": {"intrinsics": {"fx": 1072.97, "fy": 1073.26, "cx": 633.207, "cy": 504.837}, "camera_to_world_matrix": [0.442428, -0.000525864, 0.896803, 3.09488, 0.896573, -0.0223671, -0.442328, -17.8008, 0.0202919, 0.999749, -0.00942585, -1.39657, 0.0, 0.0, 0.0, 1.0]}, "0788a0ae586c453e829efe39322919fa_d1_2.png": {"intrinsics": {"fx": 1072.97, "fy": 1073.26, "cx": 633.207, "cy": 504.837}, "camera_to_world_matrix": [0.997838, -0.00763011, 0.0652601, 3.09779, 0.0651687, -0.0117076, -0.997805, -17.7989, 0.00837781, 0.999902, -0.0111866, -1.39657, 0.0, 0.0, 0.0, 1.0]}, "0788a0ae586c453e829efe39322919fa_d1_3.png": {"intrinsics": {"fx": 1072.97, "fy": 1073.26, "cx": 633.207, "cy": 504.837}, "camera_to_world_matrix": [0.555454, -0.00194993, -0.831544, 3.10093, -0.831545, -0.000225284, -0.555454, -17.8004, 0.000896169, 0.999997, -0.00174808, -1.3966, 0.0, 0.0, 0.0, 1.0]}, "0788a0ae586c453e829efe39322919fa_d1_4.png": {"intrinsics": {"fx": 1072.97, "fy": 1073.26, "cx": 633.207, "cy": 504.837}, "camera_to_world_matrix": [-0.442331, 0.0108344, -0.896786, 3.10116, -0.896835, 0.000597337, 0.442363, -17.8039, 0.0053288, 0.99994, 0.00945094, -1.39664, 0.0, 0.0, 0.0, 1.0]}, "0788a0ae586c453e829efe39322919fa_d1_5.png": {"intrinsics": {"fx": 1072.97, "fy": 1073.26, "cx": 633.207, "cy": 504.837}, "camera_to_world_matrix": [-0.997708, 0.0179382, -0.0652209, 3.09825, -0.0654085, -0.0100624, 0.997807, -17.8059, 0.017243, 0.999788, 0.0112112, -1.39664, 0.0, 0.0, 0.0, 1.0]}, "0788a0ae586c453e829efe39322919fa_d2_0.png": {"intrinsics": {"fx": 1074.69, "fy": 1074.41, "cx": 637.726, "cy": 513.276}, "camera_to_world_matrix": [-0.558605, -0.554206, 0.617103, 3.08609, 0.829216, -0.390182, 0.400198, -17.8108, 0.0189911, 0.735265, 0.677514, -1.36338, 0.0, 0.0, 0.0, 1.0]}, "0788a0ae586c453e829efe39322919fa_d2_1.png": {"intrinsics": {"fx": 1074.69, "fy": 1074.41, "cx": 637.726, "cy": 513.276}, "camera_to_world_matrix": [0.438976, -0.606152, 0.663234, 3.08514, 0.898379, 0.284111, -0.334955, -17.7963, 0.0146017, 0.742873, 0.669273, -1.36322, 0.0, 0.0, 0.0, 1.0]}, "0788a0ae586c453e829efe39322919fa_d2_2.png": {"intrinsics": {"fx": 1074.69, "fy": 1074.41, "cx": 637.726, "cy": 513.276}, "camera_to_world_matrix": [0.997608, -0.0481363, 0.0496014, 3.09724, 0.0690664, 0.666268, -0.742507, -17.7882, 0.00269379, 0.744157, 0.667999, -1.36319, 0.0, 0.0, 0.0, 1.0]}, "0788a0ae586c453e829efe39322919fa_d2_3.png": {"intrinsics": {"fx": 1074.69, "fy": 1074.41, "cx": 637.726, "cy": 513.276}, "camera_to_world_matrix": [0.558646, 0.561814, -0.610147, 3.11029, -0.829392, 0.374124, -0.414897, -17.7947, -0.00482444, 0.737832, 0.674966, -1.36333, 0.0, 0.0, 0.0, 1.0]}, "0788a0ae586c453e829efe39322919fa_d2_4.png": {"intrinsics": {"fx": 1074.69, "fy": 1074.41, "cx": 637.726, "cy": 513.276}, "camera_to_world_matrix": [-0.438938, 0.613734, -0.656249, 3.11124, -0.898517, -0.300172, 0.320257, -17.8092, -0.000434654, 0.730224, 0.683207, -1.36349, 0.0, 0.0, 0.0, 1.0]}, "0788a0ae586c453e829efe39322919fa_d2_5.png": {"intrinsics": {"fx": 1074.69, "fy": 1074.41, "cx": 637.726, "cy": 513.276}, "camera_to_world_matrix": [-0.997537, 0.0557034, -0.0426007, 3.09914, -0.0691815, -0.682307, 0.727785, -17.8173, 0.0114734, 0.72894, 0.68448, -1.36352, 0.0, 0.0, 0.0, 1.0]}, "0c40bcfcf14c4768aa87a8fdf2f8ae45_d0_0.png": {"intrinsics": {"fx": 1077.64, "fy": 1077.87, "cx": 634.01, "cy": 506.753}, "camera_to_world_matrix": [0.417924, 0.600239, 0.681948, 5.35181, 0.908433, -0.28392, -0.306822, -17.0733, 0.0094522, 0.747732, -0.663933, 1.51165, 0.0, 0.0, 0.0, 1.0]}, "0c40bcfcf14c4768aa87a8fdf2f8ae45_d0_1.png": {"intrinsics": {"fx": 1077.64, "fy": 1077.87, "cx": 634.01, "cy": 506.753}, "camera_to_world_matrix": [0.995688, 0.0543527, 0.0751798, 5.36367, 0.0922189, -0.668079, -0.738354, -17.0649, 0.0100944, 0.742103, -0.67021, 1.51177, 0.0, 0.0, 0.0, 1.0]}, "0c40bcfcf14c4768aa87a8fdf2f8ae45_d0_2.png": {"intrinsics": {"fx": 1077.64, "fy": 1077.87, "cx": 634.01, "cy": 506.753}, "camera_to_world_matrix": [0.577724, -0.551288, -0.601929, 5.3769, -0.816227, -0.387381, -0.428614, -17.0709, 0.0031135, 0.738931, -0.673775, 1.51184, 0.0, 0.0, 0.0, 1.0]}, "0c40bcfcf14c4768aa87a8fdf2f8ae45_d0_3.png": {"intrinsics": {"fx": 1077.64, "fy": 1077.87, "cx": 634.01, "cy": 506.753}, "camera_to_world_matrix": [-0.417996, -0.611029, -0.672254, 5.37829, -0.908439, 0.27747, 0.312652, -17.0854, -0.00450945, 0.741388, -0.671062, 1.51179, 0.0, 0.0, 0.0, 1.0]}, "0c40bcfcf14c4768aa87a8fdf2f8ae45_d0_4.png": {"intrinsics": {"fx": 1077.64, "fy": 1077.87, "cx": 634.01, "cy": 506.753}, "camera_to_world_matrix": [-0.995728, -0.0651276, -0.0654679, 5.36644, -0.0922015, 0.661608, 0.744161, -17.0938, -0.00515137, 0.747017, -0.664785, 1.51167, 0.0, 0.0, 0.0, 1.0]}, "0c40bcfcf14c4768aa87a8fdf2f8ae45_d0_5.png": {"intrinsics": {"fx": 1077.64, "fy": 1077.87, "cx": 634.01, "cy": 506.753}, "camera_to_world_matrix": [-0.577727, 0.540502, 0.611629, 5.3532, 0.816228, 0.380886, 0.434394, -17.0878, 0.00182973, 0.750189, -0.661221, 1.5116, 0.0, 0.0, 0.0, 1.0]}, "0c40bcfcf14c4768aa87a8fdf2f8ae45_d1_0.png": {"intrinsics": {"fx": 1072.97, "fy": 1073.26, "cx": 633.207, "cy": 504.837}, "camera_to_world_matrix": [0.415113, -0.0125845, 0.909682, 5.36163, 0.909553, -0.0159948, -0.415277, -17.0781, 0.0197766, 0.999792, 0.00480512, 1.54495, 0.0, 0.0, 0.0, 1.0]}, "0c40bcfcf14c4768aa87a8fdf2f8ae45_d1_1.png": {"intrinsics": {"fx": 1072.97, "fy": 1073.26, "cx": 633.207, "cy": 504.837}, "camera_to_world_matrix": [0.995254, -0.0200058, 0.0952187, 5.36448, 0.095126, -0.00555246, -0.995449, -17.076, 0.0204438, 0.999784, -0.00362453, 1.54498, 0.0, 0.0, 0.0, 1.0]}, "0c40bcfcf14c4768aa87a8fdf2f8ae45_d1_2.png": {"intrinsics": {"fx": 1072.97, "fy": 1073.26, "cx": 633.207, "cy": 504.837}, "camera_to_world_matrix": [0.580025, -0.0146733, -0.814466, 5.36766, -0.814485, 0.0060955, -0.58015, -17.0775, 0.0134777, 0.999873, -0.00841718, 1.545, 0.0, 0.0, 0.0, 1.0]}, "0c40bcfcf14c4768aa87a8fdf2f8ae45_d1_3.png": {"intrinsics": {"fx": 1072.97, "fy": 1073.26, "cx": 633.207, "cy": 504.837}, "camera_to_world_matrix": [-0.415334, -0.0019197, -0.909666, 5.36799, -0.909649, 0.00730089, 0.415312, -17.081, 0.0058445, 0.999971, -0.00478006, 1.54498, 0.0, 0.0, 0.0, 1.0]}, "0c40bcfcf14c4768aa87a8fdf2f8ae45_d1_4.png": {"intrinsics": {"fx": 1072.97, "fy": 1073.26, "cx": 633.207, "cy": 504.837}, "camera_to_world_matrix": [-0.995444, 0.00550122, -0.09518, 5.36514, -0.0951986, -0.00314171, 0.995453, -17.083, 0.00517757, 0.999979, 0.00364963, 1.54495, 0.0, 0.0, 0.0, 1.0]}, "0c40bcfcf14c4768aa87a8fdf2f8ae45_d1_5.png": {"intrinsics": {"fx": 1072.97, "fy": 1073.26, "cx": 633.207, "cy": 504.837}, "camera_to_world_matrix": [-0.580179, 0.000168315, 0.814488, 5.36196, 0.814397, -0.0147895, 0.580118, -17.0815, 0.0121439, 0.99989, 0.008442, 1.54494, 0.0, 0.0, 0.0, 1.0]}, "0c40bcfcf14c4768aa87a8fdf2f8ae45_d2_0.png": {"intrinsics": {"fx": 1074.69, "fy": 1074.41, "cx": 637.726, "cy": 513.276}, "camera_to_world_matrix": [0.411682, -0.623789, 0.664383, 5.35133, 0.911219, 0.270532, -0.310631, -17.0736, 0.0140315, 0.73328, 0.679781, 1.57815, 0.0, 0.0, 0.0, 1.0]}, "0c40bcfcf14c4768aa87a8fdf2f8ae45_d2_1.png": {"intrinsics": {"fx": 1074.69, "fy": 1074.41, "cx": 637.726, "cy": 513.276}, "camera_to_world_matrix": [0.99498, -0.0775171, 0.0632838, 5.36318, 0.0989787, 0.669258, -0.736408, -17.0652, 0.0147312, 0.738975, 0.673571, 1.57827, 0.0, 0.0, 0.0, 1.0]}, "0c40bcfcf14c4768aa87a8fdf2f8ae45_d2_2.png": {"intrinsics": {"fx": 1074.69, "fy": 1074.41, "cx": 637.726, "cy": 513.276}, "camera_to_world_matrix": [0.583224, 0.540931, -0.606006, 5.37642, -0.812274, 0.395509, -0.428701, -17.0712, 0.00778311, 0.742271, 0.670054, 1.57834, 0.0, 0.0, 0.0, 1.0]}, "0c40bcfcf14c4768aa87a8fdf2f8ae45_d2_3.png": {"intrinsics": {"fx": 1074.69, "fy": 1074.41, "cx": 637.726, "cy": 513.276}, "camera_to_world_matrix": [-0.41182, 0.613093, -0.674181, 5.3778, -0.911265, -0.27696, 0.304777, -17.0857, 0.000135576, 0.739871, 0.672748, 1.57829, 0.0, 0.0, 0.0, 1.0]}, "0c40bcfcf14c4768aa87a8fdf2f8ae45_d2_4.png": {"intrinsics": {"fx": 1074.69, "fy": 1074.41, "cx": 637.726, "cy": 513.276}, "camera_to_world_matrix": [-0.995087, 0.0668058, -0.0730652, 5.36595, -0.0990015, -0.675665, 0.730531, -17.0941, -0.000563819, 0.734175, 0.678959, 1.57816, 0.0, 0.0, 0.0, 1.0]}, "0c40bcfcf14c4768aa87a8fdf2f8ae45_d2_5.png": {"intrinsics": {"fx": 1074.69, "fy": 1074.41, "cx": 637.726, "cy": 513.276}, "camera_to_world_matrix": [-0.583295, -0.551632, 0.596212, 5.35272, 0.812235, -0.401891, 0.422797, -17.0881, 0.00638447, 0.73088, 0.682475, 1.57809, 0.0, 0.0, 0.0, 1.0]}, "0fc9937d10d249b8b34264cd53cbba5a_d0_0.png": {"intrinsics": {"fx": 1077.64, "fy": 1077.87, "cx": 634.01, "cy": 506.753}, "camera_to_world_matrix": [-0.871427, 0.325926, 0.36659, -0.957861, 0.490525, 0.576915, 0.653112, -4.29891, 0.00137457, 0.748961, -0.662613, 1.47384, 0.0, 0.0, 0.0, 1.0]}, "0fc9937d10d249b8b34264cd53cbba5a_d0_1.png": {"intrinsics": {"fx": 1077.64, "fy": 1077.87, "cx": 634.01, "cy": 506.753}, "camera_to_world_matrix": [-0.0109019, 0.664385, 0.747311, -0.96531, 0.999912, 0.00155041, 0.0132085, -4.28641, 0.0076168, 0.747389, -0.664343, 1.47388, 0.0, 0.0, 0.0, 1.0]}, "0fc9937d10d249b8b34264cd53cbba5a_d0_2.png": {"intrinsics": {"fx": 1077.64, "fy": 1077.87, "cx": 634.01, "cy": 506.753}, "camera_to_world_matrix": [0.860515, 0.335331, 0.383495, -0.95821, 0.509352, -0.57923, -0.636439, -4.27371, 0.00871362, 0.742998, -0.669237, 1.47397, 0.0, 0.0, 0.0, 1.0]}, "0fc9937d10d249b8b34264cd53cbba5a_d0_3.png": {"intrinsics": {"fx": 1077.64, "fy": 1077.87, "cx": 634.01, "cy": 506.753}, "camera_to_world_matrix": [0.871387, -0.332175, -0.361034, -0.943661, -0.490584, -0.584633, -0.646167, -4.27351, 0.00356817, 0.740179, -0.672401, 1.47403, 0.0, 0.0, 0.0, 1.0]}, "0fc9937d10d249b8b34264cd53cbba5a_d0_4.png": {"intrinsics": {"fx": 1077.64, "fy": 1077.87, "cx": 634.01, "cy": 506.753}, "camera_to_world_matrix": [0.0108422, -0.670612, -0.74173, -0.936213, -0.999938, -0.00925487, -0.006249, -4.28601, -0.00267401, 0.741751, -0.67067, 1.474, 0.0, 0.0, 0.0, 1.0]}, "0fc9937d10d249b8b34264cd53cbba5a_d0_5.png": {"intrinsics": {"fx": 1077.64, "fy": 1077.87, "cx": 634.01, "cy": 506.753}, "camera_to_world_matrix": [-0.860555, -0.341535, -0.377888, -0.943313, -0.509344, 0.571513, 0.643384, -4.29871, -0.00377055, 0.746142, -0.665776, 1.47391, 0.0, 0.0, 0.0, 1.0]}, "0fc9937d10d249b8b34264cd53cbba5a_d1_0.png": {"intrinsics": {"fx": 1072.97, "fy": 1073.26, "cx": 633.207, "cy": 504.837}, "camera_to_world_matrix": [-0.872854, 0.00699473, 0.487929, -0.952608, 0.487839, -0.0114538, 0.872857, -4.28944, 0.0116944, 0.999909, 0.0065837, 1.50717, 0.0, 0.0, 0.0, 1.0]}, "0fc9937d10d249b8b34264cd53cbba5a_d1_1.png": {"intrinsics": {"fx": 1072.97, "fy": 1073.26, "cx": 633.207, "cy": 504.837}, "camera_to_world_matrix": [-0.0139167, -0.00401689, 0.999894, -0.9544, 0.999741, -0.0180002, 0.0138418, -4.28643, 0.0179431, 0.999829, 0.00426487, 1.50717, 0.0, 0.0, 0.0, 1.0]}, "0fc9937d10d249b8b34264cd53cbba5a_d1_2.png": {"intrinsics": {"fx": 1072.97, "fy": 1073.26, "cx": 633.207, "cy": 504.837}, "camera_to_world_matrix": [0.858884, -0.0151922, 0.511942, -0.952692, 0.511813, -0.0117369, -0.859016, -4.28337, 0.0190594, 0.999815, -0.00230653, 1.5072, 0.0, 0.0, 0.0, 1.0]}, "0fc9937d10d249b8b34264cd53cbba5a_d1_3.png": {"intrinsics": {"fx": 1072.97, "fy": 1073.26, "cx": 633.207, "cy": 504.837}, "camera_to_world_matrix": [0.872728, -0.0153557, -0.487964, -0.949192, -0.488006, 0.00107276, -0.872839, -4.28333, 0.0139269, 0.999881, -0.00655895, 1.50721, 0.0, 0.0, 0.0, 1.0]}, "0fc9937d10d249b8b34264cd53cbba5a_d1_4.png": {"intrinsics": {"fx": 1072.97, "fy": 1073.26, "cx": 633.207, "cy": 504.837}, "camera_to_world_matrix": [0.0137705, -0.00434384, -0.999895, -0.947401, -0.999874, 0.00761877, -0.0138029, -4.28633, 0.00767833, 0.999961, -0.00423988, 1.5072, 0.0, 0.0, 0.0, 1.0]}, "0fc9937d10d249b8b34264cd53cbba5a_d1_5.png": {"intrinsics": {"fx": 1072.97, "fy": 1073.26, "cx": 633.207, "cy": 504.837}, "camera_to_world_matrix": [-0.859011, 0.00683126, -0.511909, -0.949109, -0.511912, 0.00135499, 0.859036, -4.28939, 0.00656233, 0.999975, 0.00233157, 1.50718, 0.0, 0.0, 0.0, 1.0]}, "0fc9937d10d249b8b34264cd53cbba5a_d2_0.png": {"intrinsics": {"fx": 1074.69, "fy": 1074.41, "cx": 637.726, "cy": 513.276}, "camera_to_world_matrix": [-0.874748, -0.326236, 0.35831, -0.958139, 0.484541, -0.597935, 0.638509, -4.29925, 0.00594206, 0.73215, 0.681117, 1.54034, 0.0, 0.0, 0.0, 1.0]}, "0fc9937d10d249b8b34264cd53cbba5a_d2_1.png": {"intrinsics": {"fx": 1074.69, "fy": 1074.41, "cx": 637.726, "cy": 513.276}, "camera_to_world_matrix": [-0.0177334, -0.679182, 0.733756, -0.965588, 0.999768, -0.0209996, 0.00472437, -4.28676, 0.0122, 0.73367, 0.679396, 1.54038, 0.0, 0.0, 0.0, 1.0]}, "0fc9937d10d249b8b34264cd53cbba5a_d2_2.png": {"intrinsics": {"fx": 1074.69, "fy": 1074.41, "cx": 637.726, "cy": 513.276}, "camera_to_world_matrix": [0.856985, -0.356011, 0.372602, -0.958488, 0.515167, 0.573112, -0.637295, -4.27406, 0.0133415, 0.738105, 0.674553, 1.54047, 0.0, 0.0, 0.0, 1.0]}, "0fc9937d10d249b8b34264cd53cbba5a_d2_3.png": {"intrinsics": {"fx": 1074.69, "fy": 1074.41, "cx": 637.726, "cy": 513.276}, "camera_to_world_matrix": [0.87467, 0.320099, -0.36399, -0.943939, -0.484649, 0.590275, -0.645516, -4.27385, 0.00822517, 0.741021, 0.671431, 1.54053, 0.0, 0.0, 0.0, 1.0]}, "0fc9937d10d249b8b34264cd53cbba5a_d2_4.png": {"intrinsics": {"fx": 1074.69, "fy": 1074.41, "cx": 637.726, "cy": 513.276}, "camera_to_world_matrix": [0.0176352, 0.673023, -0.739411, -0.936491, -0.999842, 0.0133255, -0.011717, -4.28635, 0.00196729, 0.739501, 0.673151, 1.5405, 0.0, 0.0, 0.0, 1.0]}, "0fc9937d10d249b8b34264cd53cbba5a_d2_5.png": {"intrinsics": {"fx": 1074.69, "fy": 1074.41, "cx": 637.726, "cy": 513.276}, "camera_to_world_matrix": [-0.857064, 0.349829, -0.378232, -0.943591, -0.515207, -0.580773, 0.630288, -4.29905, 0.000826026, 0.735066, 0.677994, 1.5404, 0.0, 0.0, 0.0, 1.0]}, "10fc40630355439f8ef619f700073a84_d0_0.png": {"intrinsics": {"fx": 1077.64, "fy": 1077.87, "cx": 634.01, "cy": 506.753}, "camera_to_world_matrix": [0.558883, -0.552587, -0.618303, 10.0488, -0.829247, -0.373197, -0.416023, -17.9754, -0.000859538, 0.745233, -0.666804, 1.53057, 0.0, 0.0, 0.0, 1.0]}, "10fc40630355439f8ef619f700073a84_d0_1.png": {"intrinsics": {"fx": 1077.64, "fy": 1077.87, "cx": 634.01, "cy": 506.753}, "camera_to_world_matrix": [-0.438713, -0.59706, -0.671603, 10.0499, -0.898626, 0.292852, 0.326664, -17.99, 0.00164281, 0.746832, -0.665011, 1.53053, 0.0, 0.0, 0.0, 1.0]}, "10fc40630355439f8ef619f700073a84_d0_2.png": {"intrinsics": {"fx": 1077.64, "fy": 1077.87, "cx": 634.01, "cy": 506.753}, "camera_to_world_matrix": [-0.997579, -0.0424765, -0.0550633, 10.0379, -0.0693648, 0.664388, 0.744163, -17.9981, 0.00497392, 0.746181, -0.665725, 1.53055, 0.0, 0.0, 0.0, 1.0]}, "10fc40630355439f8ef619f700073a84_d0_3.png": {"intrinsics": {"fx": 1077.64, "fy": 1077.87, "cx": 634.01, "cy": 506.753}, "camera_to_world_matrix": [-0.558838, 0.556567, 0.614764, 10.0248, 0.829257, 0.369866, 0.418966, -17.9918, 0.00580258, 0.743931, -0.668232, 1.5306, 0.0, 0.0, 0.0, 1.0]}, "10fc40630355439f8ef619f700073a84_d0_4.png": {"intrinsics": {"fx": 1077.64, "fy": 1077.87, "cx": 634.01, "cy": 506.753}, "camera_to_world_matrix": [0.438761, 0.601014, 0.668036, 10.0237, 0.898598, -0.296185, -0.323723, -17.9773, 0.00330009, 0.742332, -0.670024, 1.53063, 0.0, 0.0, 0.0, 1.0]}, "10fc40630355439f8ef619f700073a84_d0_5.png": {"intrinsics": {"fx": 1077.64, "fy": 1077.87, "cx": 634.01, "cy": 506.753}, "camera_to_world_matrix": [0.997595, 0.046416, 0.051479, 10.0358, 0.0693147, -0.667699, -0.741198, -17.9691, -3.09562e-05, 0.742984, -0.66931, 1.53062, 0.0, 0.0, 0.0, 1.0]}, "10fc40630355439f8ef619f700073a84_d1_0.png": {"intrinsics": {"fx": 1072.97, "fy": 1073.26, "cx": 633.207, "cy": 504.837}, "camera_to_world_matrix": [0.561328, -0.00451693, -0.82758, 10.0398, -0.827538, 0.00838757, -0.561345, -17.9817, 0.00947735, 0.999954, 0.000968764, 1.56383, 0.0, 0.0, 0.0, 1.0]}, "10fc40630355439f8ef619f700073a84_d1_1.png": {"intrinsics": {"fx": 1072.97, "fy": 1073.26, "cx": 633.207, "cy": 504.837}, "camera_to_world_matrix": [-0.435977, 0.00826131, -0.899919, 10.04, -0.899877, 0.00930052, 0.436043, -17.9852, 0.0119724, 0.999922, 0.00337787, 1.56382, 0.0, 0.0, 0.0, 1.0]}, "10fc40630355439f8ef619f700073a84_d1_2.png": {"intrinsics": {"fx": 1072.97, "fy": 1073.26, "cx": 633.207, "cy": 504.837}, "camera_to_world_matrix": [-0.997261, 0.0154409, -0.0723183, 10.0371, -0.0723473, -0.00130939, 0.997378, -17.9872, 0.0153061, 0.999879, 0.00242143, 1.56382, 0.0, 0.0, 0.0, 1.0]}, "10fc40630355439f8ef619f700073a84_d1_3.png": 