{"06addff1d8274747b7a1957b2f03b736_d0_0.png": {"intrinsics": {"fx": 1072.51, "fy": 1073.75, "cx": 639.2, "cy": 533.454}, "camera_to_world_matrix": [-0.993984, 0.075735, 0.0791153, 1.87171, 0.10952, 0.683718, 0.72148, -3.60935, 0.000548886, 0.725804, -0.687901, 1.66469, 0.0, 0.0, 0.0, 1.0]}, "06addff1d8274747b7a1957b2f03b736_d0_1.png": {"intrinsics": {"fx": 1072.51, "fy": 1073.75, "cx": 639.2, "cy": 533.454}, "camera_to_world_matrix": [-0.402194, 0.610455, 0.682336, 1.85998, 0.915178, 0.289409, 0.280518, -3.60074, -0.0262301, 0.737283, -0.675075, 1.66444, 0.0, 0.0, 0.0, 1.0]}, "06addff1d8274747b7a1957b2f03b736_d0_2.png": {"intrinsics": {"fx": 1072.51, "fy": 1073.75, "cx": 639.2, "cy": 533.454}, "camera_to_world_matrix": [0.591803, 0.536182, 0.601894, 1.86158, 0.805703, -0.370572, -0.46208, -3.58628, -0.0247135, 0.758409, -0.651311, 1.66398, 0.0, 0.0, 0.0, 1.0]}, "06addff1d8274747b7a1957b2f03b736_d0_3.png": {"intrinsics": {"fx": 1072.51, "fy": 1073.75, "cx": 639.2, "cy": 533.454}, "camera_to_world_matrix": [0.993987, -0.0728101, -0.0817678, 1.8749, -0.109428, -0.636229, -0.7637, -3.58044, 0.00358212, 0.768056, -0.640372, 1.66377, 0.0, 0.0, 0.0, 1.0]}, "06addff1d8274747b7a1957b2f03b736_d0_4.png": {"intrinsics": {"fx": 1072.51, "fy": 1073.75, "cx": 639.2, "cy": 533.454}, "camera_to_world_matrix": [0.402166, -0.607515, -0.684972, 1.88663, -0.915062, -0.241898, -0.322714, -3.58905, 0.0303604, 0.756577, -0.653199, 1.66402, 0.0, 0.0, 0.0, 1.0]}, "06addff1d8274747b7a1957b2f03b736_d0_5.png": {"intrinsics": {"fx": 1072.51, "fy": 1073.75, "cx": 639.2, "cy": 533.454}, "camera_to_world_matrix": [-0.591826, -0.533216, -0.6045, 1.88503, -0.805548, 0.41808, 0.419881, -3.6035, 0.0288425, 0.735451, -0.676963, 1.66448, 0.0, 0.0, 0.0, 1.0]}, "06addff1d8274747b7a1957b2f03b736_d1_0.png": {"intrinsics": {"fx": 1074.86, "fy": 1075.49, "cx": 631.295, "cy": 519.998}, "camera_to_world_matrix": [-0.99395, 0.00428064, 0.109744, 1.87299, 0.109827, 0.0348935, 0.993338, -3.59731, 0.000422816, 0.999382, -0.0351529, 1.69757, 0.0, 0.0, 0.0, 1.0]}, "06addff1d8274747b7a1957b2f03b736_d1_1.png": {"intrinsics": {"fx": 1074.86, "fy": 1075.49, "cx": 631.295, "cy": 519.998}, "camera_to_world_matrix": [-0.401908, 0.00583267, 0.915661, 1.87017, 0.9153, 0.0313358, 0.40155, -3.59524, -0.0263508, 0.999492, -0.0179331, 1.69751, 0.0, 0.0, 0.0, 1.0]}, "06addff1d8274747b7a1957b2f03b736_d1_2.png": {"intrinsics": {"fx": 1074.86, "fy": 1075.49, "cx": 631.295, "cy": 519.998}, "camera_to_world_matrix": [0.592055, 0.00352613, 0.80589, 1.87055, 0.805515, 0.0282138, -0.591903, -3.59176, -0.0248242, 0.999595, 0.0138635, 1.6974, 0.0, 0.0, 0.0, 1.0]}, "06addff1d8274747b7a1957b2f03b736_d1_3.png": {"intrinsics": {"fx": 1074.86, "fy": 1075.49, "cx": 631.295, "cy": 519.998}, "camera_to_world_matrix": [0.993954, -0.000332406, -0.109796, 1.87376, -0.109742, 0.0286495, -0.993547, -3.59036, 0.00347593, 0.999589, 0.0284395, 1.69735, 0.0, 0.0, 0.0, 1.0]}, "06addff1d8274747b7a1957b2f03b736_d1_4.png": {"intrinsics": {"fx": 1074.86, "fy": 1075.49, "cx": 631.295, "cy": 519.998}, "camera_to_world_matrix": [0.40188, -0.0018843, -0.91569, 1.87658, -0.915192, 0.0322072, -0.401728, -3.59243, 0.0302489, 0.999479, 0.0112186, 1.69741, 0.0, 0.0, 0.0, 1.0]}, "06addff1d8274747b7a1957b2f03b736_d1_5.png": {"intrinsics": {"fx": 1074.86, "fy": 1075.49, "cx": 631.295, "cy": 519.998}, "camera_to_world_matrix": [-0.592079, 0.000422365, -0.80588, 1.87619, -0.805368, 0.0353292, 0.591722, -3.59591, 0.0287211, 0.999375, -0.0205778, 1.69752, 0.0, 0.0, 0.0, 1.0]}, "06addff1d8274747b7a1957b2f03b736_d2_0.png": {"intrinsics": {"fx": 1073.03, "fy": 1073.05, "cx": 644.239, "cy": 515.663}, "camera_to_world_matrix": [-0.993551, -0.0726592, 0.0870309, 1.87184, 0.113373, -0.63465, 0.764438, -3.60723, -0.000309033, 0.769376, 0.638795, 1.73116, 0.0, 0.0, 0.0, 1.0]}, "06addff1d8274747b7a1957b2f03b736_d2_1.png": {"intrinsics": {"fx": 1073.03, "fy": 1073.05, "cx": 644.239, "cy": 515.663}, "camera_to_world_matrix": [-0.398619, -0.606108, 0.688284, 1.86012, 0.916717, -0.241216, 0.3185, -3.59862, -0.0270207, 0.757923, 0.651782, 1.73091, 0.0, 0.0, 0.0, 1.0]}, "06addff1d8274747b7a1957b2f03b736_d2_2.png": {"intrinsics": {"fx": 1073.03, "fy": 1073.05, "cx": 644.239, "cy": 515.663}, "camera_to_world_matrix": [0.594943, -0.531957, 0.602547, 1.86171, 0.803365, 0.417227, -0.424882, -3.58417, -0.02538, 0.736846, 0.675582, 1.73045, 0.0, 0.0, 0.0, 1.0]}, "06addff1d8274747b7a1957b2f03b736_d2_3.png": {"intrinsics": {"fx": 1073.03, "fy": 1073.05, "cx": 644.239, "cy": 515.663}, "camera_to_world_matrix": [0.993552, 0.075641, -0.0844424, 1.87504, -0.113327, 0.682221, -0.722309, -3.57832, 0.00297238, 0.727223, 0.686394, 1.73023, 0.0, 0.0, 0.0, 1.0]}, "06addff1d8274747b7a1957b2f03b736_d2_4.png": {"intrinsics": {"fx": 1073.03, "fy": 1073.05, "cx": 644.239, "cy": 515.663}, "camera_to_world_matrix": [0.398589, 0.609075, -0.685678, 1.88676, -0.916648, 0.288765, -0.276349, -3.58694, 0.0296833, 0.738676, 0.673405, 1.73048, 0.0, 0.0, 0.0, 1.0]}, "06addff1d8274747b7a1957b2f03b736_d2_5.png": {"intrinsics": {"fx": 1073.03, "fy": 1073.05, "cx": 644.239, "cy": 515.663}, "camera_to_world_matrix": [-0.59497, 0.534898, -0.599912, 1.88516, -0.803257, -0.369675, 0.46703, -3.60139, 0.0280414, 0.759753, 0.649605, 1.73095, 0.0, 0.0, 0.0, 1.0]}, "073656b4030d4389ba7f304298be1d73_d0_0.png": {"intrinsics": {"fx": 1072.51, "fy": 1073.75, "cx": 639.2, "cy": 533.454}, "camera_to_world_matrix": [-0.669349, 0.511642, 0.538696, 1.65889, 0.742943, 0.458602, 0.487563, -5.65027, 0.0024109, 0.726571, -0.687087, 1.68981, 0.0, 0.0, 0.0, 1.0]}, "073656b4030d4389ba7f304298be1d73_d0_1.png": {"intrinsics": {"fx": 1072.51, "fy": 1073.75, "cx": 639.2, "cy": 533.454}, "camera_to_world_matrix": [0.308424, 0.648635, 0.695806, 1.65586, 0.950937, -0.191528, -0.24297, -5.63604, -0.0243316, 0.736606, -0.675884, 1.68959, 0.0, 0.0, 0.0, 1.0]}, "073656b4030d4389ba7f304298be1d73_d0_2.png": {"intrinsics": {"fx": 1072.51, "fy": 1073.75, "cx": 639.2, "cy": 533.454}, "camera_to_world_matrix": [0.977813, 0.154184, 0.141796, 1.66667, 0.208015, -0.634971, -0.744003, -5.6263, -0.024677, 0.756993, -0.652957, 1.68914, 0.0, 0.0, 0.0, 1.0]}, "073656b4030d4389ba7f304298be1d73_d0_3.png": {"intrinsics": {"fx": 1072.51, "fy": 1073.75, "cx": 639.2, "cy": 533.454}, "camera_to_world_matrix": [0.669415, -0.477248, -0.569312, 1.6805, -0.742885, -0.428272, -0.514493, -5.6308, 0.00172021, 0.767344, -0.641233, 1.68892, 0.0, 0.0, 0.0, 1.0]}, "073656b4030d4389ba7f304298be1d73_d0_4.png": {"intrinsics": {"fx": 1072.51, "fy": 1073.75, "cx": 639.2, "cy": 533.454}, "camera_to_world_matrix": [-0.308366, -0.614215, -0.726394, 1.68353, -0.950841, 0.221864, 0.216046, -5.64503, 0.0284621, 0.757308, -0.652438, 1.68913, 0.0, 0.0, 0.0, 1.0]}, "073656b4030d4389ba7f304298be1d73_d0_5.png": {"intrinsics": {"fx": 1072.51, "fy": 1073.75, "cx": 639.2, "cy": 533.454}, "camera_to_world_matrix": [-0.977727, -0.119747, -0.172365, 1.67272, -0.207892, 0.665287, 0.717058, -5.65476, 0.0288063, 0.736921, -0.675365, 1.68958, 0.0, 0.0, 0.0, 1.0]}, "073656b4030d4389ba7f304298be1d73_d1_0.png": {"intrinsics": {"fx": 1074.86, "fy": 1075.49, "cx": 631.295, "cy": 519.998}, "camera_to_world_matrix": [-0.669121, 0.0268222, 0.74267, 1.66786, 0.74315, 0.0210772, 0.668792, -5.6422, 0.00228518, 0.999418, -0.0340365, 1.7227, 0.0, 0.0, 0.0, 1.0]}, "073656b4030d4389ba7f304298be1d73_d1_1.png": {"intrinsics": {"fx": 1074.86, "fy": 1075.49, "cx": 631.295, "cy": 519.998}, "camera_to_world_matrix": [0.308718, 0.0256147, 0.950808, 1.66713, 0.950839, 0.0173881, -0.309197, -5.63878, -0.0244527, 0.99952, -0.0189877, 1.72265, 0.0, 0.0, 0.0, 1.0]}, "073656b4030d4389ba7f304298be1d73_d1_2.png": {"intrinsics": {"fx": 1074.86, "fy": 1075.49, "cx": 631.295, "cy": 519.998}, "camera_to_world_matrix": [0.977877, 0.0218158, 0.20804, 1.66973, 0.207707, 0.0165909, -0.97805, -5.63644, -0.0247884, 0.999624, 0.0116923, 1.72254, 0.0, 0.0, 0.0, 1.0]}, "073656b4030d4389ba7f304298be1d73_d1_3.png": {"intrinsics": {"fx": 1074.86, "fy": 1075.49, "cx": 631.295, "cy": 519.998}, "camera_to_world_matrix": [0.669181, 0.0192245, -0.74285, 1.67306, -0.743097, 0.0194829, -0.6689, -5.63752, 0.00161366, 0.999625, 0.0273229, 1.72249, 0.0, 0.0, 0.0, 1.0]}, "073656b4030d4389ba7f304298be1d73_d1_4.png": {"intrinsics": {"fx": 1074.86, "fy": 1075.49, "cx": 631.295, "cy": 519.998}, "camera_to_world_matrix": [-0.308666, 0.0204321, -0.950951, 1.67379, -0.950748, 0.0231719, 0.309098, -5.64094, 0.0283509, 0.999522, 0.0122731, 1.72254, 0.0, 0.0, 0.0, 1.0]}, "073656b4030d4389ba7f304298be1d73_d1_5.png": {"intrinsics": {"fx": 1074.86, "fy": 1075.49, "cx": 631.295, "cy": 519.998}, "camera_to_world_matrix": [-0.977795, 0.0242311, -0.208156, 1.67119, -0.207589, 0.0239689, 0.977922, -5.64328, 0.0286855, 0.999419, -0.0184069, 1.72265, 0.0, 0.0, 0.0, 1.0]}, "073656b4030d4389ba7f304298be1d73_d2_0.png": {"intrinsics": {"fx": 1073.03, "fy": 1073.05, "cx": 644.239, "cy": 515.663}, "camera_to_world_matrix": [-0.666464, -0.476084, 0.573732, 1.66042, 0.745534, -0.427197, 0.511547, -5.64892, 0.00155731, 0.768665, 0.639648, 1.75628, 0.0, 0.0, 0.0, 1.0]}, "073656b4030d4389ba7f304298be1d73_d2_1.png": {"intrinsics": {"fx": 1073.03, "fy": 1073.05, "cx": 644.239, "cy": 515.663}, "camera_to_world_matrix": [0.312116, -0.61271, 0.726064, 1.65739, 0.949711, 0.221435, -0.221393, -5.63469, -0.0251263, 0.758652, 0.65101, 1.75606, 0.0, 0.0, 0.0, 1.0]}, "073656b4030d4389ba7f304298be1d73_d2_2.png": {"intrinsics": {"fx": 1073.03, "fy": 1073.05, "cx": 644.239, "cy": 515.663}, "camera_to_world_matrix": [0.978604, -0.119374, 0.167579, 1.6682, 0.204182, 0.66381, -0.71949, -5.62496, -0.025352, 0.738312, 0.673981, 1.75561, 0.0, 0.0, 0.0, 1.0]}, "073656b4030d4389ba7f304298be1d73_d2_3.png": {"intrinsics": {"fx": 1073.03, "fy": 1073.05, "cx": 644.239, "cy": 515.663}, "camera_to_world_matrix": [0.666496, 0.510576, -0.543226, 1.68203, -0.745506, 0.457544, -0.484636, -5.62945, 0.00110609, 0.727987, 0.685588, 1.75538, 0.0, 0.0, 0.0, 1.0]}, "073656b4030d4389ba7f304298be1d73_d2_4.png": {"intrinsics": {"fx": 1073.03, "fy": 1073.05, "cx": 644.239, "cy": 515.663}, "camera_to_world_matrix": [-0.312092, 0.647176, -0.695529, 1.68506, -0.949644, -0.191093, 0.248309, -5.64368, 0.0277892, 0.738001, 0.674225, 1.7556, 0.0, 0.0, 0.0, 1.0]}, "073656b4030d4389ba7f304298be1d73_d2_5.png": {"intrinsics": {"fx": 1073.03, "fy": 1073.05, "cx": 644.239, "cy": 515.663}, "camera_to_world_matrix": [-0.97855, 0.153823, -0.137024, 1.67425, -0.204089, -0.633449, 0.746384, -5.65341, 0.0280136, 0.75834, 0.651255, 1.75605, 0.0, 0.0, 0.0, 1.0]}, "0c3c242b5567468889d3c66eb931d6e8_d0_0.png": {"intrinsics": {"fx": 1072.51, "fy": 1073.75, "cx": 639.2, "cy": 533.454}, "camera_to_world_matrix": [-0.822406, -0.387056, -0.416935, 1.96454, -0.568889, 0.554927, 0.606977, -1.14764, -0.00356533, 0.736371, -0.676568, 1.64965, 0.0, 0.0, 0.0, 1.0]}, "0c3c242b5567468889d3c66eb931d6e8_d0_1.png": {"intrinsics": {"fx": 1072.51, "fy": 1073.75, "cx": 639.2, "cy": 533.454}, "camera_to_world_matrix": [-0.903779, 0.275283, 0.327721, 1.95004, 0.427739, 0.607555, 0.669264, -1.14882, -0.0148714, 0.745047, -0.666846, 1.64946, 0.0, 0.0, 0.0, 1.0]}, "0c3c242b5567468889d3c66eb931d6e8_d0_2.png": {"intrinsics": {"fx": 1072.51, "fy": 1073.75, "cx": 639.2, "cy": 533.454}, "camera_to_world_matrix": [-0.0813819, 0.651939, 0.75389, 1.94177, 0.996639, 0.0602429, 0.0554902, -1.13685, -0.0092401, 0.755873, -0.654652, 1.64923, 0.0, 0.0, 0.0, 1.0]}, "0c3c242b5567468889d3c66eb931d6e8_d0_3.png": {"intrinsics": {"fx": 1072.51, "fy": 1073.75, "cx": 639.2, "cy": 533.454}, "camera_to_world_matrix": [0.82237, 0.366248, 0.435393, 1.948, 0.568899, -0.539685, -0.620558, -1.12371, 0.00769722, 0.758024, -0.652181, 1.64918, 0.0, 0.0, 0.0, 1.0]}, "0c3c242b5567468889d3c66eb931d6e8_d0_4.png": {"intrinsics": {"fx": 1072.51, "fy": 1073.75, "cx": 639.2, "cy": 533.454}, "camera_to_world_matrix": [0.903705, -0.296092, -0.309266, 1.9625, -0.427732, -0.592288, -0.682817, -1.12252, 0.0190028, 0.749348, -0.661903, 1.64937, 0.0, 0.0, 0.0, 1.0]}, "0c3c242b5567468889d3c66eb931d6e8_d0_5.png": {"intrinsics": {"fx": 1072.51, "fy": 1073.75, "cx": 639.2, "cy": 533.454}, "camera_to_world_matrix": [0.0812853, -0.672728, -0.735411, 1.97077, -0.9966, -0.0449611, -0.0690258, -1.13449, 0.0133708, 0.738522, -0.674097, 1.64961, 0.0, 0.0, 0.0, 1.0]}, "0c3c242b5567468889d3c66eb931d6e8_d1_0.png": {"intrinsics": {"fx": 1074.86, "fy": 1075.49, "cx": 631.295, "cy": 519.998}, "camera_to_world_matrix": [-0.822582, -0.0142126, -0.568468, 1.9578, -0.568634, 0.0140778, 0.82247, -1.13821, -0.00368661, 0.9998, -0.0196623, 1.68272, 0.0, 0.0, 0.0, 1.0]}, "0c3c242b5567468889d3c66eb931d6e8_d1_1.png": {"intrinsics": {"fx": 1074.86, "fy": 1075.49, "cx": 631.295, "cy": 519.998}, "camera_to_world_matrix": [-0.903644, -0.0107079, 0.428149, 1.95431, 0.42802, 0.0124074, 0.903684, -1.1385, -0.0149887, 0.999865, -0.00662897, 1.68267, 0.0, 0.0, 0.0, 1.0]}, "0c3c242b5567468889d3c66eb931d6e8_d1_2.png": {"intrinsics": {"fx": 1074.86, "fy": 1075.49, "cx": 631.295, "cy": 519.998}, "camera_to_world_matrix": [-0.081069, -0.0104025, 0.996654, 1.95232, 0.996664, 0.00853658, 0.0811589, -1.13562, -0.00935221, 0.999909, 0.00967549, 1.68262, 0.0, 0.0, 0.0, 1.0]}, "0c3c242b5567468889d3c66eb931d6e8_d1_3.png": {"intrinsics": {"fx": 1074.86, "fy": 1075.49, "cx": 631.295, "cy": 519.998}, "camera_to_world_matrix": [0.82255, -0.013602, 0.568529, 1.95382, 0.568641, 0.00633633, -0.822561, -1.13245, 0.00758615, 0.999887, 0.0129463, 1.6826, 0.0, 0.0, 0.0, 1.0]}, "0c3c242b5567468889d3c66eb931d6e8_d1_4.png": {"intrinsics": {"fx": 1074.86, "fy": 1075.49, "cx": 631.295, "cy": 519.998}, "camera_to_world_matrix": [0.903573, -0.0171067, -0.428091, 1.95731, -0.428016, 0.00800691, -0.903736, -1.13217, 0.0188877, 0.999821, -8.7416e-05, 1.68265, 0.0, 0.0, 0.0, 1.0]}, "0c3c242b5567468889d3c66eb931d6e8_d1_5.png": {"intrinsics": {"fx": 1074.86, "fy": 1075.49, "cx": 631.295, "cy": 519.998}, "camera_to_world_matrix": [0.0809757, -0.0174119, -0.996564, 1.9593, -0.996628, 0.0118777, -0.0811884, -1.13505, 0.0132506, 0.999778, -0.0163917, 1.68271, 0.0, 0.0, 0.0, 1.0]}, "0c3c242b5567468889d3c66eb931d6e8_d2_0.png": {"intrinsics": {"fx": 1073.03, "fy": 1073.05, "cx": 644.239, "cy": 515.663}, "camera_to_world_matrix": [-0.82461, 0.365335, -0.431911, 1.96362, -0.565683, -0.538414, 0.624589, -1.14696, -0.00436303, 0.759368, 0.650645, 1.71614, 0.0, 0.0, 0.0, 1.0]}, "0c3c242b5567468889d3c66eb931d6e8_d2_1.png": {"intrinsics": {"fx": 1073.03, "fy": 1073.05, "cx": 644.239, "cy": 515.663}, "camera_to_world_matrix": [-0.902093, -0.29547, 0.314521, 1.94912, 0.431256, -0.590871, 0.681828, -1.14814, -0.0156182, 0.750712, 0.660443, 1.71595, 0.0, 0.0, 0.0, 1.0]}, "0c3c242b5567468889d3c66eb931d6e8_d2_2.png": {"intrinsics": {"fx": 1073.03, "fy": 1073.05, "cx": 644.239, "cy": 515.663}, "camera_to_world_matrix": [-0.0774818, -0.671211, 0.737206, 1.94085, 0.996943, -0.0448007, 0.0639901, -1.13618, -0.00992328, 0.739911, 0.67263, 1.71572, 0.0, 0.0, 0.0, 1.0]}, "0c3c242b5567468889d3c66eb931d6e8_d2_3.png": {"intrinsics": {"fx": 1073.03, "fy": 1073.05, "cx": 644.239, "cy": 515.663}, "camera_to_world_matrix": [0.824595, -0.386138, 0.413448, 1.94708, 0.565678, 0.553713, -0.611072, -1.12303, 0.00702673, 0.737766, 0.675018, 1.71567, 0.0, 0.0, 0.0, 1.0]}, "0c3c242b5567468889d3c66eb931d6e8_d2_4.png": {"intrinsics": {"fx": 1073.03, "fy": 1073.05, "cx": 644.239, "cy": 515.663}, "camera_to_world_matrix": [0.902039, 0.274669, -0.332987, 1.96158, -0.431264, 0.606143, -0.668282, -1.12185, 0.0182814, 0.746423, 0.665219, 1.71586, 0.0, 0.0, 0.0, 1.0]}, "0c3c242b5567468889d3c66eb931d6e8_d2_5.png": {"intrinsics": {"fx": 1073.03, "fy": 1073.05, "cx": 644.239, "cy": 515.663}, "camera_to_world_matrix": [0.0774057, 0.650388, -0.755647, 1.96985, -0.996919, 0.0600586, -0.0504276, -1.13381, 0.0125858, 0.757223, 0.653033, 1.7161, 0.0, 0.0, 0.0, 1.0]}, "11f452db8a6b42f88c78be639670b423_d0_0.png": {"intrinsics": {"fx": 1072.51, "fy": 1073.75, "cx": 639.2, "cy": 533.454}, "camera_to_world_matrix": [-0.928289, 0.249697, 0.275554, -0.0286702, 0.371847, 0.617536, 0.693093, 0.0296691, 0.00289923, 0.745854, -0.666102, 1.62283, 0.0, 0.0, 0.0, 1.0]}, "11f452db8a6b42f88c78be639670b423_d0_1.png": {"intrinsics": {"fx": 1072.51, "fy": 1073.75, "cx": 639.2, "cy": 533.454}, "camera_to_world_matrix": [-0.142106, 0.659133, 0.738476, -0.0376587, 0.98985, 0.0941819, 0.106415, 0.0411109, 0.000591074, 0.746104, -0.665829, 1.62282, 0.0, 0.0, 0.0, 1.0]}, "11f452db8a6b42f88c78be639670b423_d0_2.png": {"intrinsics": {"fx": 1072.51, "fy": 1073.75, "cx": 639.2, "cy": 533.454}, "camera_to_world_matrix": [0.786189, 0.410606, 0.461852, -0.032244, 0.617985, -0.522073, -0.587821, 0.0546159, -0.000242214, 0.747557, -0.664198, 1.62279, 0.0, 0.0, 0.0, 1.0]}, "11f452db8a6b42f88c78be639670b423_d0_3.png": {"intrinsics": {"fx": 1072.51, "fy": 1073.75, "cx": 639.2, "cy": 533.454}, "camera_to_world_matrix": [0.928281, -0.247351, -0.277688, -0.0178408, -0.371876, -0.614959, -0.695365, 0.0566789, 0.0012327, 0.74876, -0.66284, 1.62276, 0.0, 0.0, 0.0, 1.0]}, "11f452db8a6b42f88c78be639670b423_d0_4.png": {"intrinsics": {"fx": 1072.51, "fy": 1073.75, "cx": 639.2, "cy": 533.454}, "camera_to_world_matrix": [0.142074, -0.656767, -0.740588, -0.00885278, -0.989849, -0.0915891, -0.108669, 0.0452368, 0.00354085, 0.74851, -0.663114, 1.62277, 0.0, 0.0, 0.0, 1.0]}, "11f452db8a6b42f88c78be639670b423_d0_5.png": {"intrinsics": {"fx": 1072.51, "fy": 1073.75, "cx": 639.2, "cy": 533.454}, "camera_to_world_matrix": [-0.786206, -0.408216, -0.463937, -0.0142681, -0.617947, 0.524656, 0.585556, 0.031732, 0.00437403, 0.747057, -0.664745, 1.6228, 0.0, 0.0, 0.0, 1.0]}, "11f452db8a6b42f88c78be639670b423_d1_0.png": {"intrinsics": {"fx": 1074.86, "fy": 1075.49, "cx": 631.295, "cy": 519.998}, "camera_to_world_matrix": [-0.928173, 0.00464497, 0.372118, -0.0245055, 0.372137, 0.00410898, 0.928169, 0.0399826, 0.00278236, 0.999981, -0.00554272, 1.65605, 0.0, 0.0, 0.0, 1.0]}, "11f452db8a6b42f88c78be639670b423_d1_1.png": {"intrinsics": {"fx": 1074.86, "fy": 1075.49, "cx": 631.295, "cy": 519.998}, "camera_to_world_matrix": [-0.141797, 0.00518628, 0.989882, -0.0266677, 0.989895, 0.000263841, 0.141798, 0.0427349, 0.000474297, 0.999986, -0.0051716, 1.65605, 0.0, 0.0, 0.0, 1.0]}, "11f452db8a6b42f88c78be639670b423_d1_2.png": {"intrinsics": {"fx": 1074.86, "fy": 1075.49, "cx": 631.295, "cy": 519.998}, "camera_to_world_matrix": [0.786382, 0.00212692, 0.617736, -0.0253652, 0.61774, -0.00212747, -0.78638, 0.0459836, -0.000358289, 0.999995, -0.00298719, 1.65604, 0.0, 0.0, 0.0, 1.0]}, "11f452db8a6b42f88c78be639670b423_d1_3.png": {"intrinsics": {"fx": 1074.86, "fy": 1075.49, "cx": 631.295, "cy": 519.998}, "camera_to_world_matrix": [0.928165, -0.00147369, -0.372165, -0.0219005, -0.372166, -0.000673584, -0.928166, 0.0464798, 0.0011172, 0.999999, -0.00117396, 1.65604, 0.0, 0.0, 0.0, 1.0]}, "11f452db8a6b42f88c78be639670b423_d1_4.png": {"intrinsics": {"fx": 1074.86, "fy": 1075.49, "cx": 631.295, "cy": 519.998}, "camera_to_world_matrix": [0.141765, -0.00201485, -0.989898, -0.0197384, -0.989894, 0.00317158, -0.141771, 0.0437274, 0.00342525, 0.999993, -0.00154517, 1.65604, 0.0, 0.0, 0.0, 1.0]}, "11f452db8a6b42f88c78be639670b423_d1_5.png": {"intrinsics": {"fx": 1074.86, "fy": 1075.49, "cx": 631.295, "cy": 519.998}, "camera_to_world_matrix": [-0.7864, 0.00104461, -0.617716, -0.0210411, -0.617702, 0.00556277, 0.786392, 0.0404788, 0.00425775, 0.999984, -0.00372961, 1.65605, 0.0, 0.0, 0.0, 1.0]}, "11f452db8a6b42f88c78be639670b423_d2_0.png": {"intrinsics": {"fx": 1073.03, "fy": 1073.05, "cx": 644.239, "cy": 515.663}, "camera_to_world_matrix": [-0.926833, -0.246795, 0.28297, -0.0285648, 0.375466, -0.613517, 0.69471, 0.0297833, 0.0021565, 0.750126, 0.66129, 1.68933, 0.0, 0.0, 0.0, 1.0]}, "11f452db8a6b42f88c78be639670b423_d2_1.png": {"intrinsics": {"fx": 1073.03, "fy": 1073.05, "cx": 644.239, "cy": 515.663}, "camera_to_world_matrix": [-0.138243, -0.655241, 0.742663, -0.0375533, 0.990397, -0.0913468, 0.103764, 0.0412251, -0.000150202, 0.749877, 0.661576, 1.68932, 0.0, 0.0, 0.0, 1.0]}, "11f452db8a6b42f88c78be639670b423_d2_2.png": {"intrinsics": {"fx": 1073.03, "fy": 1073.05, "cx": 644.239, "cy": 515.663}, "camera_to_world_matrix": [0.788594, -0.407244, 0.460727, -0.0321385, 0.614911, 0.523458, -0.589809, 0.0547302, -0.000974969, 0.748427, 0.663215, 1.68929, 0.0, 0.0, 0.0, 1.0]}, "11f452db8a6b42f88c78be639670b423_d2_3.png": {"intrinsics": {"fx": 1073.03, "fy": 1073.05, "cx": 644.239, "cy": 515.663}, "camera_to_world_matrix": [0.926822, 0.249193, -0.280895, -0.0177354, -0.375497, 0.616079, -0.692421, 0.0567932, 0.00050704, 0.747227, 0.664567, 1.68926, 0.0, 0.0, 0.0, 1.0]}, "11f452db8a6b42f88c78be639670b423_d2_4.png": {"intrinsics": {"fx": 1073.03, "fy": 1073.05, "cx": 644.239, "cy": 515.663}, "camera_to_world_matrix": [0.138209, 0.657619, -0.740564, -0.00874733, -0.990398, 0.093893, -0.101458, 0.0453511, 0.00281372, 0.747477, 0.664281, 1.68927, 0.0, 0.0, 0.0, 1.0]}, "11f452db8a6b42f88c78be639670b423_d2_5.png": {"intrinsics": {"fx": 1073.03, "fy": 1073.05, "cx": 644.239, "cy": 515.663}, "camera_to_world_matrix": [-0.788614, 0.409598, -0.458602, -0.0141626, -0.614876, -0.520902, 0.592105, 0.0318462, 0.00363838, 0.748926, 0.662642, 1.6893, 0.0, 0.0, 0.0, 1.0]}, "1a0d730696cc4057b0037a75c8ef6b59_d0_0.png": {"intrinsics": {"fx": 1072.51, "fy": 1073.75, "cx": 639.2, "cy": 533.454}, "camera_to_world_matrix": [-0.66288, 0.491477, 0.564835, 7.76724, 0.748491, 0.45381, 0.483545, -3.97551, -0.0186766, 0.743307, -0.668689, 1.65295, 0.0, 0.0, 0.0, 1.0]}, "1a0d730696cc4057b0037a75c8ef6b59_d0_1.png": {"intrinsics": {"fx": 1072.51, "fy": 1073.75, "cx": 639.2, "cy": 533.454}, "camera_to_world_matrix": [0.316938, 0.622667, 0.715426, 7.76434, 0.948351, -0.197446, -0.248279, -3.96125, -0.013337, 0.757165, -0.653087, 1.65265, 0.0, 0.0, 0.0, 1.0]}, "1a0d730696cc4057b0037a75c8ef6b59_d0_2.png": {"intrinsics": {"fx": 1072.51, "fy": 1073.75, "cx": 639.2, "cy": 533.454}, "camera_to_world_matrix": [0.979792, 0.12415, 0.156822, 7.77523, 0.199879, -0.636768, -0.744696, -3.95161, 0.0074054, 0.760994, -0.648717, 1.65256, 0.0, 0.0, 0.0, 1.0]}, "1a0d730696cc4057b0037a75c8ef6b59_d0_3.png": {"intrinsics": {"fx": 1072.51, "fy": 1073.75, "cx": 639.2, "cy": 533.454}, "camera_to_world_matrix": [0.662812, -0.505546, -0.55236, 7.78903, -0.748437, -0.424824, -0.509278, -3.95622, 0.0228077, 0.750964, -0.659949, 1.65278, 0.0, 0.0, 0.0, 1.0]}, "1a0d730696cc4057b0037a75c8ef6b59_d0_4.png": {"intrinsics": {"fx": 1072.51, "fy": 1073.75, "cx": 639.2, "cy": 533.454}, "camera_to_world_matrix": [-0.317014, -0.63671, -0.702923, 7.79193, -0.948259, 0.226437, 0.222552, -3.97048, 0.0174673, 0.737106, -0.675552, 1.65308, 0.0, 0.0, 0.0, 1.0]}, "1a0d730696cc4057b0037a75c8ef6b59_d0_5.png": {"intrinsics": {"fx": 1072.51, "fy": 1073.75, "cx": 639.2, "cy": 533.454}, "camera_to_world_matrix": [-0.979838, -0.138176, -0.144299, 7.78104, -0.19976, 0.66574, 0.718947, -3.98012, -0.00327534, 0.733278, -0.679921, 1.65317, 0.0, 0.0, 0.0, 1.0]}, "1a0d730696cc4057b0037a75c8ef6b59_d1_0.png": {"intrinsics": {"fx": 1074.86, "fy": 1075.49, "cx": 631.295, "cy": 519.998}, "camera_to_world_matrix": [-0.662646, -0.0055947, 0.748912, 7.7752, 0.748697, 0.020146, 0.662606, -3.96754, -0.0187946, 0.999781, -0.00916124, 1.68613, 0.0, 0.0, 0.0, 1.0]}, "1a0d730696cc4057b0037a75c8ef6b59_d1_1.png": {"intrinsics": {"fx": 1074.86, "fy": 1075.49, "cx": 631.295, "cy": 519.998}, "camera_to_world_matrix": [0.317236, -0.00683553, 0.948322, 7.7745, 0.948251, 0.016467, -0.317093, -3.96411, -0.0134485, 0.999841, 0.0117054, 1.68606, 0.0, 0.0, 0.0, 1.0]}, "1a0d730696cc4057b0037a75c8ef6b59_d1_2.png": {"intrinsics": {"fx": 1074.86, "fy": 1075.49, "cx": 631.295, "cy": 519.998}, "camera_to_world_matrix": [0.979856, -0.0106423, 0.19942, 7.77712, 0.199571, 0.0157014, -0.979757, -3.96179, 0.00729577, 0.99982, 0.0175087, 1.68603, 0.0, 0.0, 0.0, 1.0]}, "1a0d730696cc4057b0037a75c8ef6b59_d1_3.png": {"intrinsics": {"fx": 1074.86, "fy": 1075.49, "cx": 631.295, "cy": 519.998}, "camera_to_world_matrix": [0.66258, -0.0132082, -0.748874, 7.78044, -0.748647, 0.0186149, -0.662707, -3.9629, 0.0226934, 0.999739, 0.00244526, 1.68609, 0.0, 0.0, 0.0, 1.0]}, "1a0d730696cc4057b0037a75c8ef6b59_d1_4.png": {"intrinsics": {"fx": 1074.86, "fy": 1075.49, "cx": 631.295, "cy": 519.998}, "camera_to_world_matrix": [-0.317309, -0.0119672, -0.948246, 7.78114, -0.948163, 0.0222938, 0.317, -3.96633, 0.0173465, 0.99968, -0.0184212, 1.68616, 0.0, 0.0, 0.0, 1.0]}, "1a0d730696cc4057b0037a75c8ef6b59_d1_5.png": {"intrinsics": {"fx": 1074.86, "fy": 1075.49, "cx": 631.295, "cy": 519.998}, "camera_to_world_matrix": [-0.9799, -0.00816039, -0.199319, 7.77852, -0.199457, 0.0230592, 0.979635, -3.96865, -0.003398, 0.999701, -0.0242237, 1.68618, 0.0, 0.0, 0.0, 1.0]}, "1a0d730696cc4057b0037a75c8ef6b59_d2_0.png": {"intrinsics": {"fx": 1073.03, "fy": 1073.05, "cx": 644.239, "cy": 515.663}, "camera_to_world_matrix": [-0.659947, -0.504417, 0.556805, 7.76661, 0.751059, -0.423759, 0.506297, -3.97422, -0.0194332, 0.752324, 0.658505, 1.71943, 0.0, 0.0, 0.0, 1.0]}, "1a0d730696cc4057b0037a75c8ef6b59_d2_1.png": {"intrinsics": {"fx": 1073.03, "fy": 1073.05, "cx": 644.239, "cy": 515.663}, "camera_to_world_matrix": [0.320644, -0.635253, 0.702595, 7.76371, 0.947095, 0.225995, -0.227894, -3.95996, -0.0140122, 0.738498, 0.674109, 1.71913, 0.0, 0.0, 0.0, 1.0]}, "1a0d730696cc4057b0037a75c8ef6b59_d2_2.png": {"intrinsics": {"fx": 1073.03, "fy": 1073.05, "cx": 644.239, "cy": 515.663}, "camera_to_world_matrix": [0.980571, -0.13786, 0.139541, 7.77461, 0.19604, 0.664259, -0.721337, -3.95032, 0.00675276, 0.734679, 0.678379, 1.71905, 0.0, 0.0, 0.0, 1.0]}, "1a0d730696cc4057b0037a75c8ef6b59_d2_3.png": {"intrinsics": {"fx": 1073.03, "fy": 1073.05, "cx": 644.239, "cy": 515.663}, "camera_to_world_matrix": [0.659893, 0.490357, -0.56929, 7.78841, -0.751033, 0.452759, -0.480579, -3.95494, 0.0220962, 0.744687, 0.667047, 1.71927, 0.0, 0.0, 0.0, 1.0]}, "1a0d730696cc4057b0037a75c8ef6b59_d2_4.png": {"intrinsics": {"fx": 1073.03, "fy": 1073.05, "cx": 644.239, "cy": 515.663}, "camera_to_world_matrix": [-0.320706, 0.621168, -0.715051, 7.79131, -0.947031, -0.197, 0.253618, -3.96919, 0.0166744, 0.758512, 0.651444, 1.71957, 0.0, 0.0, 0.0, 1.0]}, "1a0d730696cc4057b0037a75c8ef6b59_d2_5.png": {"intrinsics": {"fx": 1073.03, "fy": 1073.05, "cx": 644.239, "cy": 515.663}, "camera_to_world_matrix": [-0.980604, 0.123758, -0.151977, 7.78041, -0.19595, -0.635245, 0.747039, -3.97883, -0.00409077, 0.76233, 0.647174, 1.71965, 0.0, 0.0, 0.0, 1.0]}, "1e3a672fa1d24d668866455162e5b58a_d0_0.png": {"intrinsics": {"fx": 1072.51, "fy": 1073.75, "cx": 639.2, "cy": 533.454}, "camera_to_world_matrix": [0.968074, 0.122051, 0.218939, 4.03101, 0.243728, -0.662342, -0.708448, 1.13137, 0.0585461, 0.739192, -0.670945, 1.62572, 0.0, 0.0, 0.0, 1.0]}, "1e3a672fa1d24d668866455162e5b58a_d0_1.png": {"intrinsics": {"fx": 1072.51, "fy": 1073.75, "cx": 639.2, "cy": 533.454}, "camera_to_world_matrix": [0.695903, -0.515981, -0.49948, 4.04499, -0.717814, -0.479016, -0.505257, 1.12738, 0.0214442, 0.710144, -0.703729, 1.62636, 0.0, 0.0, 0.0, 1.0]}, "1e3a672fa1d24d668866455162e5b58a_d0_2.png": {"intrinsics": {"fx": 1072.51, "fy": 1073.75, "cx": 639.2, "cy": 533.454}, "camera_to_world_matrix": [-0.272294, -0.677083, -0.683675, 4.04854, -0.961575, 0.165605, 0.218968, 1.11327, -0.0350398, 0.71703, -0.696161, 1.62621, 0.0, 0.0, 0.0, 1.0]}, "1e3a672fa1d24d668866455162e5b58a_d0_3.png": {"intrinsics": {"fx": 1072.51, "fy": 1073.75, "cx": 639.2, "cy": 533.454}, "camera_to_world_matrix": [-0.968299, -0.200149, -0.149448, 4.03812, -0.243788, 0.626886, 0.739987, 1.10315, -0.0544206, 0.752963, -0.655808, 1.62542, 0.0, 0.0, 0.0, 1.0]}, "1e3a672fa1d24d668866455162e5b58a_d0_4.png": {"intrinsics": {"fx": 1072.51, "fy": 1073.75, "cx": 639.2, "cy": 533.454}, "camera_to_world_matrix": [-0.696091, 0.437877, 0.568964, 4.02414, 0.717743, 0.443535, 0.536768, 1.10714, -0.0173171, 0.78201, -0.623025, 1.62479, 0.0, 0.0, 0.0, 1.0]}, "1e3a672fa1d24d668866455162e5b58a_d0_5.png": {"intrinsics": {"fx": 1072.51, "fy": 1073.75, "cx": 639.2, "cy": 533.454}, "camera_to_world_matrix": [0.272116, 0.598953, 0.753131, 4.02059, 0.961466, -0.201093, -0.187465, 1.12125, 0.0391665, 0.775123, -0.630595, 1.62494, 0.0, 0.0, 0.0, 1.0]}, "1e3a672fa1d24d668866455162e5b58a_d1_0.png": {"intrinsics": {"fx": 1074.86, "fy": 1075.49, "cx": 631.295, "cy": 519.998}, "camera_to_world_matrix": [0.968157, -0.0533361, 0.244594, 4.03197, 0.243428, -0.0274575, -0.96953, 1.11987, 0.0584269, 0.998199, -0.0136, 1.6588, 0.0, 0.0, 0.0, 1.0]}, "1e3a672fa1d24d668866455162e5b58a_d1_1.png": {"intrinsics": {"fx": 1074.86, "fy": 1075.49, "cx": 631.295, "cy": 519.998}, "camera_to_world_matrix": [0.695686, -0.0560311, -0.716157, 4.03533, -0.718029, -0.024663, -0.695575, 1.11891, 0.0213114, 0.998124, -0.05739, 1.65896, 0.0, 0.0, 0.0, 1.0]}, "1e3a672fa1d24d668866455162e5b58a_d1_2.png": {"intrinsics": {"fx": 1074.86, "fy": 1075.49, "cx": 631.295, "cy": 519.998}, "camera_to_world_matrix": [-0.272589, -0.054964, -0.960559, 4.03619, -0.961487, -0.0209323, 0.27405, 1.11551, -0.0351695, 0.998269, -0.0471416, 1.65892, 0.0, 0.0, 0.0, 1.0]}, "1e3a672fa1d24d668866455162e5b58a_d1_3.png": {"intrinsics": {"fx": 1074.86, "fy": 1075.49, "cx": 631.295, "cy": 519.998}, "camera_to_world_matrix": [-0.96837, -0.0512019, -0.244205, 4.03368, -0.243483, -0.0199961, 0.969699, 1.11308, -0.0545335, 0.998488, 0.00689656, 1.65873, 0.0, 0.0, 0.0, 1.0]}, "1e3a672fa1d24d668866455162e5b58a_d1_4.png": {"intrinsics": {"fx": 1074.86, "fy": 1075.49, "cx": 631.295, "cy": 519.998}, "camera_to_world_matrix": [-0.695862, -0.0485069, 0.716535, 4.03032, 0.717964, -0.0227907, 0.695707, 1.11404, -0.0174162, 0.998563, 0.0506851, 1.65858, 0.0, 0.0, 0.0, 1.0]}, "1e3a672fa1d24d668866455162e5b58a_d1_5.png": {"intrinsics": {"fx": 1074.86, "fy": 1075.49, "cx": 631.295, "cy": 519.998}, "camera_to_world_matrix": [0.272422, -0.0495742, 0.960899, 4.02946, 0.961384, -0.0265214, -0.273928, 1.11743, 0.0390643, 0.998418, 0.0404345, 1.65861, 0.0, 0.0, 0.0, 1.0]}, "1e3a672fa1d24d668866455162e5b58a_d2_0.png": {"intrinsics": {"fx": 1073.03, "fy": 1073.05, "cx": 644.239, "cy": 515.663}, "camera_to_world_matrix": [0.969061, -0.199823, 0.144877, 4.02753, 0.23996, 0.625362, -0.742523, 1.12979, 0.0577728, 0.754316, 0.653963, 1.69211, 0.0, 0.0, 0.0, 1.0]}, "1e3a672fa1d24d668866455162e5b58a_d2_1.png": {"intrinsics": {"fx": 1073.03, "fy": 1073.05, "cx": 644.239, "cy": 515.663}, "camera_to_world_matrix": [0.693142, 0.436715, -0.57344, 4.04151, -0.720508, 0.442414, -0.533982, 1.1258, 0.0205002, 0.783294, 0.621311, 1.69275, 0.0, 0.0, 0.0, 1.0]}, "1e3a672fa1d24d668866455162e5b58a_d2_2.png": {"intrinsics": {"fx": 1073.03, "fy": 1073.05, "cx": 644.239, "cy": 515.663}, "camera_to_world_matrix": [-0.276004, 0.597393, -0.752955, 4.04507, -0.960483, -0.200723, 0.192823, 1.1117, -0.0359435, 0.776422, 0.629186, 1.6926, 0.0, 0.0, 0.0, 1.0]}, "1e3a672fa1d24d668866455162e5b58a_d2_3.png": {"intrinsics": {"fx": 1073.03, "fy": 1073.05, "cx": 644.239, "cy": 515.663}, "camera_to_world_matrix": [-0.969209, 0.121532, -0.21415, 4.03465, -0.239985, -0.660896, 0.711071, 1.10157, -0.0551133, 0.740571, 0.669712, 1.69181, 0.0, 0.0, 0.0, 1.0]}, "1e3a672fa1d24d668866455162e5b58a_d2_4.png": {"intrinsics": {"fx": 1073.03, "fy": 1073.05, "cx": 644.239, "cy": 515.663}, "camera_to_world_matrix": [-0.693253, -0.514999, 0.504158, 4.02067, 0.720472, -0.477923, 0.502502, 1.10556, -0.0178391, 0.711594, 0.702363, 1.69118, 0.0, 0.0, 0.0, 1.0]}, "1e3a672fa1d24d668866455162e5b58a_d2_5.png": {"intrinsics": {"fx": 1073.03, "fy": 1073.05, "cx": 644.239, "cy": 515.663}, "camera_to_world_matrix": [0.275902, -0.675652, 0.683645, 4.01711, 0.960409, 0.16522, -0.22431, 1.11967, 0.0386042, 0.718468, 0.694487, 1.69133, 0.0, 0.0, 0.0, 1.0]}, "1e6b606b44df4a6086c0f97e826d4d15_d0_0.png": {"intrinsics": {"fx": 1072.51, "fy": 1073.75, "cx": 639.2, "cy": 533.454}, "camera_to_world_matrix": [-0.998926, -0.0457867, -0.00704243, 3.60242, -0.0358825, 0.668599, 0.742756, -0.853738, -0.0292996, 0.742211, -0.669525, 1.65582, 0.0, 0.0, 0.0, 1.0]}, "1e6b606b44df4a6086c0f97e826d4d15_d0_1.png": {"intrinsics": {"fx": 1072.51, "fy": 1073.75, "cx": 639.2, "cy": 533.454}, "camera_to_world_matrix": [-0.53039, 0.540148, 0.653395, 3.58958, 0.847521, 0.355867, 0.393783, -0.846916, -0.0198202, 0.762625, -0.646537, 1.65538, 0.0, 0.0, 0.0, 1.0]}, "1e6b606b44df4a6086c0f97e826d4d15_d0_2.png": {"intrinsics": {"fx": 1072.51, "fy": 1073.75, "cx": 639.2, "cy": 533.454}, "camera_to_world_matrix": [0.468482, 0.562307, 0.681421, 3.58906, 0.883397, -0.30823, -0.352992, -0.832376, 0.0115447, 0.767336, -0.641141, 1.65527, 0.0, 0.0, 0.0, 1.0]}, "1e6b606b44df4a6086c0f97e826d4d15_d0_3.png": {"intrinsics": {"fx": 1072.51, "fy": 1073.75, "cx": 639.2, "cy": 533.454}, "camera_to_world_matrix": [0.998796, -0.00147039, 0.0490092, 3.60139, 0.0358685, -0.65958, -0.750778, -0.824657, 0.0334296, 0.751633, -0.658734, 1.65561, 0.0, 0.0, 0.0, 1.0]}, "1e6b606b44df4a6086c0f97e826d4d15_d0_4.png": {"intrinsics": {"fx": 1072.51, "fy": 1073.75, "cx": 639.2, "cy": 533.454}, "camera_to_world_matrix": [0.530227, -0.587393, -0.611414, 3.61423, -0.847517, -0.346825, -0.401779, -0.83148, 0.023949, 0.731219, -0.681722, 1.65606, 0.0, 0.0, 0.0, 1.0]}, "1e6b606b44df4a6086c0f97e826d4d15_d0_5.png": {"intrinsics": {"fx": 1072.51, "fy": 1073.75, "cx": 639.2, "cy": 533.454}, "camera_to_world_matrix": [-0.468647, -0.609526, -0.639411, 3.61475, -0.883353, 0.317273, 0.344997, -0.84602, -0.00741623, 0.726509, -0.687117, 1.65617, 0.0, 0.0, 0.0, 1.0]}, "1e6b606b44df4a6086c0f97e826d4d15_d1_0.png": {"intrinsics": {"fx": 1074.86, "fy": 1075.49, "cx": 631.295, "cy": 519.998}, "camera_to_world_matrix": [-0.998934, -0.0297719, -0.0352753, 3.60098, -0.035571, 0.00946056, 0.999322, -0.842495, -0.029418, 0.999512, -0.0105098, 1.68898, 0.0, 0.0, 0.0, 1.0]}, "1e6b606b44df4a6086c0f97e826d4d15_d1_1.png": {"intrinsics": {"fx": 1074.86, "fy": 1075.49, "cx": 631.295, "cy": 519.998}, "camera_to_world_matrix": [-0.530122, -0.0277216, 0.847468, 3.59789, 0.847686, 0.006164, 0.530461, -0.840854, -0.019929, 0.999596, 0.0202313, 1.68887, 0.0, 0.0, 0.0, 1.0]}, "1e6b606b44df4a6086c0f97e826d4d15_d1_2.png": {"intrinsics": {"fx": 1074.86, "fy": 1075.49, "cx": 631.295, "cy": 519.998}, "camera_to_world_matrix": [0.468762, -0.0295504, 0.88283, 3.59776, 0.88325, 0.00273874, -0.468893, -0.837356, 0.0114382, 0.999559, 0.0273839, 1.68884, 0.0, 0.0, 0.0, 1.0]}, "1e6b606b44df4a6086c0f97e826d4d15_d1_3.png": {"intrinsics": {"fx": 1074.86, "fy": 1075.49, "cx": 631.295, "cy": 519.998}, "camera_to_world_matrix": [0.998812, -0.0334294, 0.0354486, 3.60073, 0.0355556, 0.00261012, -0.999364, -0.835499, 0.0333157, 0.999438, 0.00379532, 1.68893, 0.0, 0.0, 0.0, 1.0]}, "1e6b606b44df4a6086c0f97e826d4d15_d1_4.png": {"intrinsics": {"fx": 1074.86, "fy": 1075.49, "cx": 631.295, "cy": 519.998}, "camera_to_world_matrix": [0.529966, -0.0354796, -0.847276, 3.60382, -0.847684, 0.00590676, -0.530468, -0.837141, 0.0238255, 0.999353, -0.0269454, 1.68903, 0.0, 0.0, 0.0, 1.0]}, "1e6b606b44df4a6086c0f97e826d4d15_d1_5.png": {"intrinsics": {"fx": 1074.86, "fy": 1075.49, "cx": 631.295, "cy": 519.998}, "camera_to_world_matrix": [-0.46892, -0.0336507, -0.882599, 3.60394, -0.883208, 0.00933195, 0.468888, -0.840638, -0.00754194, 0.99939, -0.0340968, 1.68906, 0.0, 0.0, 0.0, 1.0]}, "1e6b606b44df4a6086c0f97e826d4d15_d2_0.png": {"intrinsics": {"fx": 1073.03, "fy": 1073.05, "cx": 644.239, "cy": 515.663}, "camera_to_world_matrix": [-0.999035, -0.00158961, -0.0438665, 3.60032, -0.0319866, -0.65803, 0.752312, -0.853337, -0.0300611, 0.75299, 0.657344, 1.72229, 0.0, 0.0, 0.0, 1.0]}, "1e6b606b44df4a6086c0f97e826d4d15_d2_1.png": {"intrinsics": {"fx": 1073.03, "fy": 1073.05, "cx": 644.239, "cy": 515.663}, "camera_to_world_matrix": [-0.527057, -0.58614, 0.615345, 3.58747, 0.849582, -0.34598, 0.398128, -0.846515, -0.0204618, 0.732623, 0.680325, 1.72184, 0.0, 0.0, 0.0, 1.0]}, "1e6b606b44df4a6086c0f97e826d4d15_d2_2.png": {"intrinsics": {"fx": 1073.03, "fy": 1073.05, "cx": 644.239, "cy": 515.663}, "camera_to_world_matrix": [0.471948, -0.608197, 0.638248, 3.58696, 0.881558, 0.316577, -0.350191, -0.831974, 0.0109308, 0.727925, 0.685568, 1.72174, 0.0, 0.0, 0.0, 1.0]}, "1e6b606b44df4a6086c0f97e826d4d15_d2_3.png": {"intrinsics": {"fx": 1073.03, "fy": 1073.05, "cx": 644.239, "cy": 515.663}, "camera_to_world_matrix": [0.998952, -0.0457023, 0.00193906, 3.59929, 0.0319637, 0.667068, -0.74431, -0.824256, 0.0327235, 0.743593, 0.667829, 1.72208, 0.0, 0.0, 0.0, 1.0]}, "1e6b606b44df4a6086c0f97e826d4d15_d2_4.png": {"intrinsics": {"fx": 1073.03, "fy": 1073.05, "cx": 644.239, "cy": 515.663}, "camera_to_world_matrix": [0.52694, 0.538836, -0.657259, 3.61213, -0.849587, 0.354995, -0.390101, -0.831078, 0.023123, 0.763959, 0.644848, 1.72253, 0.0, 0.0, 0.0, 1.0]}, "1e6b606b44df4a6086c0f97e826d4d15_d2_5.png": {"intrinsics": {"fx": 1073.03, "fy": 1073.05, "cx": 644.239, "cy": 515.663}, "camera_to_world_matrix": [-0.472066, 0.560867, -0.680133, 3.61265, -0.881523, -0.307563, 0.358219, -0.845619, -0.00826996, 0.768657, 0.639606, 1.72263, 0.0, 0.0, 0.0, 1.0]}, "218fdf5321f9482e85e828c56f2c0c94_d0_0.png": {"intrinsics": {"fx": 1072.51, "fy": 1073.75, "cx": 639.2, "cy": 533.454}, "camera_to_world_matrix": [-0.884395, -0.324475, -0.3355, 6.96165, -0.46663, 0.599229, 0.650523, -4.34377, -0.0100371, 0.731874, -0.681366, 1.64582, 0.0, 0.0, 0.0, 1.0]}, "218fdf5321f9482e85e828c56f2c0c94_d0_1.png": {"intrinsics": {"fx": 1072.51, "fy": 1073.75, "cx": 639.2, "cy": 533.454}, "camera_to_world_matrix": [-0.846064, 0.339307, 0.411151, 6.94711, 0.532548, 0.57242, 0.623478, -4.34321, -0.023801, 0.746461, -0.665003, 1.6455, 0.0, 0.0, 0.0, 1.0]}, "218fdf5321f9482e85e828c56f2c0c94_d0_2.png": {"intrinsics": {"fx": 1072.51, "fy": 1073.75, "cx": 639.2, "cy": 533.454}, "camera_to_world_matrix": [0.0383056, 0.647796, 0.760849, 6.94033, 0.999197, -0.0159171, -0.0367536, -4.33034, -0.0116981, 0.761646, -0.647887, 1.64517, 0.0, 0.0, 0.0, 1.0]}, "218fdf5321f9482e85e828c56f2c0c94_d0_3.png": {"intrinsics": {"fx": 1072.51, "fy": 1073.75, "cx": 639.2, "cy": 533.454}, "camera_to_world_matrix": [0.884324, 0.292498, 0.363887, 6.94809, 0.466656, -0.577433, -0.669927, -4.31803, 0.0141684, 0.762243, -0.647135, 1.64516, 0.0, 0.0, 0.0, 1.0]}, "218fdf5321f9482e85e828c56f2c0c94_d0_4.png": {"intrinsics": {"fx": 1072.51, "fy": 1073.75, "cx": 639.2, "cy": 533.454}, "camera_to_world_matrix": [0.845955, -0.371283, -0.382764, 6.96262, -0.532521, -0.550599, -0.642853, -4.31859, 0.0279315, 0.747655, -0.663499, 1.64548, 0.0, 0.0, 0.0, 1.0]}, "218fdf5321f9482e85e828c56f2c0c94_d0_5.png": {"intrinsics": {"fx": 1072.51, "fy": 1073.75, "cx": 639.2, "cy": 533.454}, "camera_to_world_matrix": [-0.0384331, -0.67975, -0.732435, 6.9694, -0.999135, 0.0377509, 0.0173924, -4.33146, 0.0158277, 0.732471, -0.680614, 1.64581, 0.0, 0.0, 0.0, 1.0]}, "218fdf5321f9482e85e828c56f2c0c94_d1_0.png": {"intrinsics": {"fx": 1074.86, "fy": 1075.49, "cx": 631.295, "cy": 519.998}, "camera_to_world_matrix": [-0.884538, -0.0212202, -0.465984, 6.95579, -0.466356, 0.0184701, 0.884404, -4.33351, -0.0101604, 0.999604, -0.026234, 1.67881, 0.0, 0.0, 0.0, 1.0]}, "218fdf5321f9482e85e828c56f2c0c94_d1_1.png": {"intrinsics": {"fx": 1074.86, "fy": 1075.49, "cx": 631.295, "cy": 519.998}, "camera_to_world_matrix": [-0.845895, -0.0179407, 0.533046, 6.95229, 0.532811, 0.0163933, 0.846075, -4.33338, -0.0239175, 0.999704, -0.00430834, 1.67873, 0.0, 0.0, 0.0, 1.0]}, "218fdf5321f9482e85e828c56f2c0c94_d1_2.png": {"intrinsics": {"fx": 1074.86, "fy": 1075.49, "cx": 631.295, "cy": 519.998}, "camera_to_world_matrix": [0.0386202, -0.0181002, 0.99909, 6.95066, 0.999184, 0.0125139, -0.0383972, -4.33028, -0.0118074, 0.999758, 0.0185684, 1.67865, 0.0, 0.0, 0.0, 1.0]}, "218fdf5321f9482e85e828c56f2c0c94_d1_3.png": {"intrinsics": {"fx": 1074.86, "fy": 1075.49, "cx": 631.295, "cy": 519.998}, "camera_to_world_matrix": [0.884473, -0.0215392, 0.466093, 6.95253, 0.466379, 0.0107114, -0.88452, -4.32