{"02a0be72ae5f4c36935b1496abeceddc_d0_0.png": {"intrinsics": {"fx": 1071.49, "fy": 1071.67, "cx": 637.041, "cy": 513.587}, "camera_to_world_matrix": [-0.533891, 0.562702, 0.631132, 8.31391, 0.843846, 0.307159, 0.439976, 0.775196, 0.0537175, 0.767476, -0.638822, 4.70579, 0.0, 0.0, 0.0, 1.0]}, "02a0be72ae5f4c36935b1496abeceddc_d0_1.png": {"intrinsics": {"fx": 1071.49, "fy": 1071.67, "cx": 637.041, "cy": 513.587}, "camera_to_world_matrix": [0.465279, 0.581458, 0.667399, 8.31323, 0.883644, -0.349288, -0.311725, 0.789712, 0.0518592, 0.734782, -0.676318, 4.70652, 0.0, 0.0, 0.0, 1.0]}, "02a0be72ae5f4c36935b1496abeceddc_d0_2.png": {"intrinsics": {"fx": 1071.49, "fy": 1071.67, "cx": 637.041, "cy": 513.587}, "camera_to_world_matrix": [0.999197, 0.0216321, 0.0337315, 8.32547, 0.0392957, -0.693835, -0.719061, 0.797564, 0.00784915, 0.719809, -0.694128, 4.70686, 0.0, 0.0, 0.0, 1.0]}, "02a0be72ae5f4c36935b1496abeceddc_d0_3.png": {"intrinsics": {"fx": 1071.49, "fy": 1071.67, "cx": 637.041, "cy": 513.587}, "camera_to_world_matrix": [0.533932, -0.556938, -0.63619, 8.3384, -0.844831, -0.381929, -0.374688, 0.7909, -0.0343015, 0.737531, -0.674442, 4.70648, 0.0, 0.0, 0.0, 1.0]}, "02a0be72ae5f4c36935b1496abeceddc_d0_4.png": {"intrinsics": {"fx": 1071.49, "fy": 1071.67, "cx": 637.041, "cy": 513.587}, "camera_to_world_matrix": [-0.465239, -0.575668, -0.672428, 8.33908, -0.884591, 0.274518, 0.377014, 0.776384, -0.0324412, 0.770225, -0.636947, 4.70575, 0.0, 0.0, 0.0, 1.0]}, "02a0be72ae5f4c36935b1496abeceddc_d0_5.png": {"intrinsics": {"fx": 1071.49, "fy": 1071.67, "cx": 637.041, "cy": 513.587}, "camera_to_world_matrix": [-0.999124, -0.0158281, -0.038744, 8.32684, -0.0402215, 0.619044, 0.784326, 0.768533, 0.0115698, 0.785197, -0.619138, 4.70541, 0.0, 0.0, 0.0, 1.0]}, "02a0be72ae5f4c36935b1496abeceddc_d1_0.png": {"intrinsics": {"fx": 1077.15, "fy": 1077.62, "cx": 636.04, "cy": 512.33}, "camera_to_world_matrix": [-0.540182, 0.000374888, 0.841549, 8.32334, 0.839814, -0.0639475, 0.539096, 0.779509, 0.0540168, 0.997954, 0.0342291, 4.73926, 0.0, 0.0, 0.0, 1.0]}, "02a0be72ae5f4c36935b1496abeceddc_d1_1.png": {"intrinsics": {"fx": 1077.15, "fy": 1077.62, "cx": 636.04, "cy": 512.33}, "camera_to_world_matrix": [0.45866, -0.010311, 0.888552, 8.32317, 0.887058, -0.0537979, -0.458513, 0.783001, 0.0525298, 0.998499, -0.0155278, 4.73943, 0.0, 0.0, 0.0, 1.0]}, "02a0be72ae5f4c36935b1496abeceddc_d1_2.png": {"intrinsics": {"fx": 1077.15, "fy": 1077.62, "cx": 636.04, "cy": 512.33}, "camera_to_world_matrix": [0.998871, -0.00685139, 0.0470246, 8.32612, 0.0467186, -0.0394786, -0.998128, 0.78489, 0.00869483, 0.999197, -0.0391132, 4.73952, 0.0, 0.0, 0.0, 1.0]}, "02a0be72ae5f4c36935b1496abeceddc_d1_3.png": {"intrinsics": {"fx": 1077.15, "fy": 1077.62, "cx": 636.04, "cy": 512.33}, "camera_to_world_matrix": [0.540227, 0.007294, -0.841488, 8.32923, -0.840847, -0.0353092, -0.540122, 0.783287, -0.0336521, 0.99935, -0.0129411, 4.73943, 0.0, 0.0, 0.0, 1.0]}, "02a0be72ae5f4c36935b1496abeceddc_d1_4.png": {"intrinsics": {"fx": 1077.15, "fy": 1077.62, "cx": 636.04, "cy": 512.33}, "camera_to_world_matrix": [-0.458617, 0.0179795, -0.888453, 8.32939, -0.888053, -0.0454592, 0.45749, 0.779795, -0.0321631, 0.998805, 0.0368157, 4.73925, 0.0, 0.0, 0.0, 1.0]}, "02a0be72ae5f4c36935b1496abeceddc_d1_5.png": {"intrinsics": {"fx": 1077.15, "fy": 1077.62, "cx": 636.04, "cy": 512.33}, "camera_to_world_matrix": [-0.998795, 0.0145193, -0.0469037, 8.32645, -0.0476916, -0.0597784, 0.997072, 0.777906, 0.0116728, 0.998106, 0.0603994, 4.73917, 0.0, 0.0, 0.0, 1.0]}, "02a0be72ae5f4c36935b1496abeceddc_d2_0.png": {"intrinsics": {"fx": 1074.75, "fy": 1074.95, "cx": 638.759, "cy": 502.199}, "camera_to_world_matrix": [-0.542229, -0.554282, 0.631474, 8.31416, 0.838691, -0.402507, 0.366858, 0.771896, 0.0508299, 0.728533, 0.683122, 4.77221, 0.0, 0.0, 0.0, 1.0]}, "02a0be72ae5f4c36935b1496abeceddc_d2_1.png": {"intrinsics": {"fx": 1074.75, "fy": 1074.95, "cx": 638.759, "cy": 502.199}, "camera_to_world_matrix": [0.456523, -0.592541, 0.663688, 8.31348, 0.888335, 0.2621, -0.377046, 0.786412, 0.0494624, 0.761707, 0.64603, 4.77293, 0.0, 0.0, 0.0, 1.0]}, "02a0be72ae5f4c36935b1496abeceddc_d2_2.png": {"intrinsics": {"fx": 1074.75, "fy": 1074.95, "cx": 638.759, "cy": 502.199}, "camera_to_world_matrix": [0.998769, -0.0353873, 0.0347547, 8.32573, 0.0492734, 0.627599, -0.776976, 0.794264, 0.00568317, 0.777732, 0.62857, 4.77328, 0.0, 0.0, 0.0, 1.0]}, "02a0be72ae5f4c36935b1496abeceddc_d2_3.png": {"intrinsics": {"fx": 1074.75, "fy": 1074.95, "cx": 638.759, "cy": 502.199}, "camera_to_world_matrix": [0.54225, 0.560013, -0.626378, 8.33865, -0.839413, 0.328483, -0.432994, 0.787599, -0.0367276, 0.760581, 0.648202, 4.7729, 0.0, 0.0, 0.0, 1.0]}, "02a0be72ae5f4c36935b1496abeceddc_d2_4.png": {"intrinsics": {"fx": 1074.75, "fy": 1074.95, "cx": 638.759, "cy": 502.199}, "camera_to_world_matrix": [-0.456504, 0.598247, -0.658563, 8.33934, -0.889018, -0.336125, 0.310911, 0.773083, -0.0353582, 0.727407, 0.685295, 4.77217, 0.0, 0.0, 0.0, 1.0]}, "02a0be72ae5f4c36935b1496abeceddc_d2_5.png": {"intrinsics": {"fx": 1074.75, "fy": 1074.95, "cx": 638.759, "cy": 502.199}, "camera_to_world_matrix": [-0.998717, 0.0410785, -0.0296141, 8.32709, -0.0499351, -0.701603, 0.710817, 0.765232, 0.008422, 0.711383, 0.702753, 4.77183, 0.0, 0.0, 0.0, 1.0]}, "031986523c3c4e88a26dcd27e9bcff7a_d0_0.png": {"intrinsics": {"fx": 1071.49, "fy": 1071.67, "cx": 637.041, "cy": 513.587}, "camera_to_world_matrix": [0.976818, -0.1452, -0.157303, 9.3975, -0.21398, -0.640549, -0.737503, -4.49315, 0.00632537, 0.754065, -0.656769, 0.278554, 0.0, 0.0, 0.0, 1.0]}, "031986523c3c4e88a26dcd27e9bcff7a_d0_1.png": {"intrinsics": {"fx": 1071.49, "fy": 1071.67, "cx": 637.041, "cy": 513.587}, "camera_to_world_matrix": [0.303102, -0.626122, -0.718401, 9.40832, -0.952917, -0.192158, -0.234572, -4.50287, 0.00882368, 0.755676, -0.654886, 0.278517, 0.0, 0.0, 0.0, 1.0]}, "031986523c3c4e88a26dcd27e9bcff7a_d0_2.png": {"intrinsics": {"fx": 1071.49, "fy": 1071.67, "cx": 637.041, "cy": 513.587}, "camera_to_world_matrix": [-0.673689, -0.47826, -0.563393, 9.40531, -0.738915, 0.448528, 0.50282, -4.51711, 0.0122188, 0.755044, -0.655561, 0.278531, 0.0, 0.0, 0.0, 1.0]}, "031986523c3c4e88a26dcd27e9bcff7a_d0_3.png": {"intrinsics": {"fx": 1071.49, "fy": 1071.67, "cx": 637.041, "cy": 513.587}, "camera_to_world_matrix": [-0.976741, 0.150521, 0.152711, 9.39148, 0.214021, 0.640809, 0.737265, -4.52162, 0.0131155, 0.7528, -0.658119, 0.27858, 0.0, 0.0, 0.0, 1.0]}, "031986523c3c4e88a26dcd27e9bcff7a_d0_4.png": {"intrinsics": {"fx": 1071.49, "fy": 1071.67, "cx": 637.041, "cy": 513.587}, "camera_to_world_matrix": [-0.302996, 0.631425, 0.713789, 9.38066, 0.952933, 0.1924, 0.234311, -4.5119, 0.0106171, 0.751189, -0.660002, 0.278616, 0.0, 0.0, 0.0, 1.0]}, "031986523c3c4e88a26dcd27e9bcff7a_d0_5.png": {"intrinsics": {"fx": 1071.49, "fy": 1071.67, "cx": 637.041, "cy": 513.587}, "camera_to_world_matrix": [0.673786, 0.483538, 0.558752, 9.38367, 0.738892, -0.448281, -0.503075, -4.49766, 0.00722209, 0.751822, -0.659327, 0.278603, 0.0, 0.0, 0.0, 1.0]}, "031986523c3c4e88a26dcd27e9bcff7a_d1_0.png": {"intrinsics": {"fx": 1077.15, "fy": 1077.62, "cx": 636.04, "cy": 512.33}, "camera_to_world_matrix": [0.978385, -0.00425823, -0.20675, 9.39533, -0.206683, 0.01271, -0.978326, -4.50395, 0.00679353, 0.999911, 0.0115558, 0.311814, 0.0, 0.0, 0.0, 1.0]}, "031986523c3c4e88a26dcd27e9bcff7a_d1_1.png": {"intrinsics": {"fx": 1077.15, "fy": 1077.62, "cx": 636.04, "cy": 512.33}, "camera_to_world_matrix": [0.310206, 0.0104822, -0.950612, 9.39793, -0.950625, 0.0131742, -0.310065, -4.50629, 0.00927323, 0.999859, 0.0140521, 0.311805, 0.0, 0.0, 0.0, 1.0]}, "031986523c3c4e88a26dcd27e9bcff7a_d1_2.png": {"intrinsics": {"fx": 1077.15, "fy": 1077.62, "cx": 636.04, "cy": 512.33}, "camera_to_world_matrix": [-0.668151, 0.0182544, -0.743803, 9.39721, -0.743919, 0.000640588, 0.66827, -4.50972, 0.0126751, 0.999834, 0.0131525, 0.311808, 0.0, 0.0, 0.0, 1.0]}, "031986523c3c4e88a26dcd27e9bcff7a_d1_3.png": {"intrinsics": {"fx": 1077.15, "fy": 1077.62, "cx": 636.04, "cy": 512.33}, "camera_to_world_matrix": [-0.978305, 0.0112859, 0.206863, 9.39388, 0.206724, -0.0123571, 0.978321, -4.5108, 0.0135973, 0.99986, 0.00975661, 0.31182, 0.0, 0.0, 0.0, 1.0]}, "031986523c3c4e88a26dcd27e9bcff7a_d1_4.png": {"intrinsics": {"fx": 1077.15, "fy": 1077.62, "cx": 636.04, "cy": 512.33}, "camera_to_world_matrix": [-0.310097, -0.00345458, 0.950699, 9.39128, 0.950641, -0.0128208, 0.310031, -4.50846, 0.0111175, 0.999912, 0.00726045, 0.311829, 0.0, 0.0, 0.0, 1.0]}, "031986523c3c4e88a26dcd27e9bcff7a_d1_5.png": {"intrinsics": {"fx": 1077.15, "fy": 1077.62, "cx": 636.04, "cy": 512.33}, "camera_to_world_matrix": [0.668251, -0.0112262, 0.743851, 9.392, 0.743896, -0.000286804, -0.668295, -4.50504, 0.0077156, 0.999937, 0.00816021, 0.311825, 0.0, 0.0, 0.0, 1.0]}, "031986523c3c4e88a26dcd27e9bcff7a_d2_0.png": {"intrinsics": {"fx": 1074.75, "fy": 1074.95, "cx": 638.759, "cy": 502.199}, "camera_to_world_matrix": [0.978893, 0.133662, -0.1546, 9.39773, -0.204336, 0.653648, -0.728691, -4.49314, 0.00365619, 0.744901, 0.667164, 0.345053, 0.0, 0.0, 0.0, 1.0]}, "031986523c3c4e88a26dcd27e9bcff7a_d2_1.png": {"intrinsics": {"fx": 1074.75, "fy": 1074.95, "cx": 638.759, "cy": 502.199}, "camera_to_world_matrix": [0.312487, 0.634102, -0.707295, 9.40856, -0.949902, 0.213395, -0.22836, -4.50286, 0.00612996, 0.74322, 0.669018, 0.345017, 0.0, 0.0, 0.0, 1.0]}, "031986523c3c4e88a26dcd27e9bcff7a_d2_2.png": {"intrinsics": {"fx": 1074.75, "fy": 1074.95, "cx": 638.759, "cy": 502.199}, "camera_to_world_matrix": [-0.666389, 0.503046, -0.550336, 9.40555, -0.745543, -0.440126, 0.500454, -4.5171, 0.0095341, 0.743796, 0.668338, 0.34503, 0.0, 0.0, 0.0, 1.0]}, "031986523c3c4e88a26dcd27e9bcff7a_d2_3.png": {"intrinsics": {"fx": 1074.75, "fy": 1074.95, "cx": 638.759, "cy": 502.199}, "camera_to_world_matrix": [-0.978836, -0.128447, 0.159313, 9.39171, 0.204377, -0.65338, 0.72892, -4.52161, 0.0104644, 0.746053, 0.665803, 0.34508, 0.0, 0.0, 0.0, 1.0]}, "031986523c3c4e88a26dcd27e9bcff7a_d2_4.png": {"intrinsics": {"fx": 1074.75, "fy": 1074.95, "cx": 638.759, "cy": 502.199}, "camera_to_world_matrix": [-0.3124, -0.628871, 0.711988, 9.38089, 0.949916, -0.213107, 0.228567, -4.51188, 0.00799056, 0.747734, 0.663949, 0.345116, 0.0, 0.0, 0.0, 1.0]}, "031986523c3c4e88a26dcd27e9bcff7a_d2_5.png": {"intrinsics": {"fx": 1074.75, "fy": 1074.95, "cx": 638.759, "cy": 502.199}, "camera_to_world_matrix": [0.666468, -0.497789, 0.555001, 9.3839, 0.745519, 0.440409, -0.50024, -4.49765, 0.00458645, 0.747158, 0.66463, 0.345103, 0.0, 0.0, 0.0, 1.0]}, "07cd02ed4db64d8bb7280d4c6a53385b_d0_0.png": {"intrinsics": {"fx": 1071.49, "fy": 1071.67, "cx": 637.041, "cy": 513.587}, "camera_to_world_matrix": [0.0513417, -0.657799, -0.751442, 8.56163, -0.998612, -0.0249359, -0.046401, -12.1062, 0.0117846, 0.752781, -0.658166, 0.307188, 0.0, 0.0, 0.0, 1.0]}, "07cd02ed4db64d8bb7280d4c6a53385b_d0_1.png": {"intrinsics": {"fx": 1071.49, "fy": 1071.67, "cx": 637.041, "cy": 513.587}, "camera_to_world_matrix": [-0.839183, -0.352205, -0.414396, 8.55511, -0.543759, 0.557261, 0.627524, -12.1192, 0.00991038, 0.751939, -0.659158, 0.307207, 0.0, 0.0, 0.0, 1.0]}, "07cd02ed4db64d8bb7280d4c6a53385b_d0_2.png": {"intrinsics": {"fx": 1071.49, "fy": 1071.67, "cx": 637.041, "cy": 513.587}, "camera_to_world_matrix": [-0.890516, 0.304791, 0.337763, 8.54059, 0.454884, 0.5837, 0.672588, -12.1201, 0.00784627, 0.752594, -0.658439, 0.307193, 0.0, 0.0, 0.0, 1.0]}, "07cd02ed4db64d8bb7280d4c6a53385b_d0_3.png": {"intrinsics": {"fx": 1071.49, "fy": 1071.67, "cx": 637.041, "cy": 513.587}, "camera_to_world_matrix": [-0.0513238, 0.656177, 0.75286, 8.53258, 0.998653, 0.0279414, 0.0437268, -12.1079, 0.00765647, 0.75409, -0.656727, 0.30716, 0.0, 0.0, 0.0, 1.0]}, "07cd02ed4db64d8bb7280d4c6a53385b_d0_4.png": {"intrinsics": {"fx": 1071.49, "fy": 1071.67, "cx": 637.041, "cy": 513.587}, "camera_to_world_matrix": [0.839183, 0.35056, 0.415788, 8.53911, 0.543766, -0.554244, -0.630185, -12.0949, 0.00953071, 0.754932, -0.655734, 0.307141, 0.0, 0.0, 0.0, 1.0]}, "07cd02ed4db64d8bb7280d4c6a53385b_d0_5.png": {"intrinsics": {"fx": 1071.49, "fy": 1071.67, "cx": 637.041, "cy": 513.587}, "camera_to_world_matrix": [0.890477, -0.306437, -0.336373, 8.55363, -0.45488, -0.580657, -0.67522, -12.0941, 0.0115948, 0.754277, -0.656454, 0.307155, 0.0, 0.0, 0.0, 1.0]}, "07cd02ed4db64d8bb7280d4c6a53385b_d1_0.png": {"intrinsics": {"fx": 1077.15, "fy": 1077.62, "cx": 636.04, "cy": 512.33}, "camera_to_world_matrix": [0.0587927, 0.00896112, -0.99823, 8.55057, -0.998195, 0.0128154, -0.0586758, -12.1068, 0.0122667, 0.999878, 0.0096991, 0.340427, 0.0, 0.0, 0.0, 1.0]}, "07cd02ed4db64d8bb7280d4c6a53385b_d1_1.png": {"intrinsics": {"fx": 1077.15, "fy": 1077.62, "cx": 636.04, "cy": 512.33}, "camera_to_world_matrix": [-0.835098, 0.0132986, -0.549941, 8.549, -0.550004, -0.00128016, 0.835161, -12.1099, 0.0104023, 0.999911, 0.00838404, 0.340432, 0.0, 0.0, 0.0, 1.0]}, "07cd02ed4db64d8bb7280d4c6a53385b_d1_2.png": {"intrinsics": {"fx": 1077.15, "fy": 1077.62, "cx": 636.04, "cy": 512.33}, "camera_to_world_matrix": [-0.893883, 0.00326005, 0.44829, 8.5455, 0.448225, -0.0120842, 0.89384, -12.1101, 0.00833099, 0.999922, 0.00934132, 0.340429, 0.0, 0.0, 0.0, 1.0]}, "07cd02ed4db64d8bb7280d4c6a53385b_d1_3.png": {"intrinsics": {"fx": 1077.15, "fy": 1077.62, "cx": 636.04, "cy": 512.33}, "camera_to_world_matrix": [-0.0587758, -0.0111157, 0.99821, 8.54358, 0.998239, -0.00879242, 0.0586798, -12.1072, 0.00812422, 0.9999, 0.0116136, 0.340421, 0.0, 0.0, 0.0, 1.0]}, "07cd02ed4db64d8bb7280d4c6a53385b_d1_4.png": {"intrinsics": {"fx": 1077.15, "fy": 1077.62, "cx": 636.04, "cy": 512.33}, "camera_to_world_matrix": [0.835098, -0.0154527, 0.549886, 8.54515, 0.550012, 0.0053033, -0.83514, -12.1041, 0.00998873, 0.999867, 0.0129286, 0.340416, 0.0, 0.0, 0.0, 1.0]}, "07cd02ed4db64d8bb7280d4c6a53385b_d1_5.png": {"intrinsics": {"fx": 1077.15, "fy": 1077.62, "cx": 636.04, "cy": 512.33}, "camera_to_world_matrix": [0.893843, -0.00541369, -0.448348, 8.54864, -0.448219, 0.0161069, -0.893779, -12.1039, 0.01206, 0.999856, 0.0119713, 0.340419, 0.0, 0.0, 0.0, 1.0]}, "07cd02ed4db64d8bb7280d4c6a53385b_d2_0.png": {"intrinsics": {"fx": 1074.75, "fy": 1074.95, "cx": 638.759, "cy": 502.199}, "camera_to_world_matrix": [0.0611969, 0.66413, -0.745108, 8.56156, -0.998083, 0.0475485, -0.0395931, -12.1061, 0.00913396, 0.746104, 0.665767, 0.373688, 0.0, 0.0, 0.0, 1.0]}, "07cd02ed4db64d8bb7280d4c6a53385b_d2_1.png": {"intrinsics": {"fx": 1074.75, "fy": 1074.95, "cx": 638.759, "cy": 502.199}, "camera_to_world_matrix": [-0.833792, 0.371535, -0.408353, 8.55504, -0.55203, -0.551329, 0.625539, -12.1191, 0.00727263, 0.746993, 0.664792, 0.373707, 0.0, 0.0, 0.0, 1.0]}, "07cd02ed4db64d8bb7280d4c6a53385b_d2_2.png": {"intrinsics": {"fx": 1074.75, "fy": 1074.95, "cx": 638.759, "cy": 502.199}, "camera_to_world_matrix": [-0.894978, -0.293407, 0.336046, 8.54051, 0.44608, -0.597365, 0.666459, -12.1199, 0.005199, 0.746369, 0.665511, 0.373693, 0.0, 0.0, 0.0, 1.0]}, "07cd02ed4db64d8bb7280d4c6a53385b_d2_3.png": {"intrinsics": {"fx": 1074.75, "fy": 1074.95, "cx": 638.759, "cy": 502.199}, "camera_to_world_matrix": [-0.0611733, -0.665738, 0.743674, 8.53251, 0.998114, -0.0445236, 0.0422454, -12.1078, 0.00498676, 0.744856, 0.667206, 0.37366, 0.0, 0.0, 0.0, 1.0]}, "07cd02ed4db64d8bb7280d4c6a53385b_d2_4.png": {"intrinsics": {"fx": 1074.75, "fy": 1074.95, "cx": 638.759, "cy": 502.199}, "camera_to_world_matrix": [0.833798, -0.373119, 0.406893, 8.53904, 0.552026, 0.554342, -0.622874, -12.0948, 0.00684816, 0.743967, 0.668181, 0.373641, 0.0, 0.0, 0.0, 1.0]}, "07cd02ed4db64d8bb7280d4c6a53385b_d2_5.png": {"intrinsics": {"fx": 1074.75, "fy": 1074.95, "cx": 638.759, "cy": 502.199}, "camera_to_world_matrix": [0.894945, 0.291824, -0.337508, 8.55356, -0.446086, 0.600353, -0.663764, -12.0939, 0.00892174, 0.744591, 0.667461, 0.373655, 0.0, 0.0, 0.0, 1.0]}, "0848b92566414eeb8012295475318c49_d0_0.png": {"intrinsics": {"fx": 1071.49, "fy": 1071.67, "cx": 637.041, "cy": 513.587}, "camera_to_world_matrix": [-0.133545, -0.651987, -0.746377, 6.15606, -0.991017, 0.0933252, 0.0957946, -6.74829, 0.00719886, 0.752465, -0.658593, 4.4779, 0.0, 0.0, 0.0, 1.0]}, "0848b92566414eeb8012295475318c49_d0_1.png": {"intrinsics": {"fx": 1071.49, "fy": 1071.67, "cx": 637.041, "cy": 513.587}, "camera_to_world_matrix": [-0.925014, -0.244354, -0.29093, 6.14725, -0.379866, 0.609245, 0.696077, -6.75987, 0.00715899, 0.754395, -0.656382, 4.47786, 0.0, 0.0, 0.0, 1.0]}, "0848b92566414eeb8012295475318c49_d0_2.png": {"intrinsics": {"fx": 1071.49, "fy": 1071.67, "cx": 637.041, "cy": 513.587}, "camera_to_world_matrix": [-0.791466, 0.406264, 0.456653, 6.13282, 0.611137, 0.514175, 0.601778, -6.75803, 0.00968064, 0.755364, -0.655234, 4.47784, 0.0, 0.0, 0.0, 1.0]}, "0848b92566414eeb8012295475318c49_d0_3.png": {"intrinsics": {"fx": 1071.49, "fy": 1071.67, "cx": 637.041, "cy": 513.587}, "camera_to_world_matrix": [0.133549, 0.649233, 0.748774, 6.12719, 0.990967, -0.0968143, -0.0928013, -6.74461, 0.0122422, 0.754403, -0.656297, 4.47786, 0.0, 0.0, 0.0, 1.0]}, "0848b92566414eeb8012295475318c49_d0_4.png": {"intrinsics": {"fx": 1071.49, "fy": 1071.67, "cx": 637.041, "cy": 513.587}, "camera_to_world_matrix": [0.924994, 0.241579, 0.293303, 6.136, 0.379785, -0.612719, -0.693065, -6.73303, 0.0122819, 0.752473, -0.658508, 4.4779, 0.0, 0.0, 0.0, 1.0]}, "0848b92566414eeb8012295475318c49_d0_5.png": {"intrinsics": {"fx": 1071.49, "fy": 1071.67, "cx": 637.041, "cy": 513.587}, "camera_to_world_matrix": [0.791406, -0.409034, -0.454277, 6.15043, -0.611213, -0.517622, -0.598737, -6.73487, 0.00976023, 0.751504, -0.659656, 4.47792, 0.0, 0.0, 0.0, 1.0]}, "0848b92566414eeb8012295475318c49_d1_0.png": {"intrinsics": {"fx": 1077.15, "fy": 1077.62, "cx": 636.04, "cy": 512.33}, "camera_to_world_matrix": [-0.126146, 0.0100319, -0.991961, 6.14504, -0.991983, 0.00647115, 0.126214, -6.74697, 0.00768511, 0.999929, 0.00913587, 4.51114, 0.0, 0.0, 0.0, 1.0]}, "0848b92566414eeb8012295475318c49_d1_1.png": {"intrinsics": {"fx": 1077.15, "fy": 1077.62, "cx": 636.04, "cy": 512.33}, "camera_to_world_matrix": [-0.92215, 0.011698, -0.386656, 6.14292, -0.386758, -0.00818226, 0.922145, -6.74976, 0.0076233, 0.999898, 0.0120703, 4.51113, 0.0, 0.0, 0.0, 1.0]}, "0848b92566414eeb8012295475318c49_d1_2.png": {"intrinsics": {"fx": 1077.15, "fy": 1077.62, "cx": 636.04, "cy": 512.33}, "camera_to_world_matrix": [-0.796002, -0.000159363, 0.605294, 6.13945, 0.60521, -0.0169516, 0.795886, -6.74931, 0.0101337, 0.999857, 0.0135907, 4.51112, 0.0, 0.0, 0.0, 1.0]}, "0848b92566414eeb8012295475318c49_d1_3.png": {"intrinsics": {"fx": 1077.15, "fy": 1077.62, "cx": 636.04, "cy": 512.33}, "camera_to_world_matrix": [0.126147, -0.0136825, 0.991917, 6.13809, 0.991931, -0.0110673, -0.126301, -6.74609, 0.0127058, 0.999845, 0.0121767, 4.51113, 0.0, 0.0, 0.0, 1.0]}, "0848b92566414eeb8012295475318c49_d1_4.png": {"intrinsics": {"fx": 1077.15, "fy": 1077.62, "cx": 636.04, "cy": 512.33}, "camera_to_world_matrix": [0.922128, -0.015348, 0.386582, 6.14021, 0.386675, 0.00358614, -0.922209, -6.7433, 0.0127675, 0.999876, 0.00924226, 4.51114, 0.0, 0.0, 0.0, 1.0]}, "0848b92566414eeb8012295475318c49_d1_5.png": {"intrinsics": {"fx": 1077.15, "fy": 1077.62, "cx": 636.04, "cy": 512.33}, "camera_to_world_matrix": [0.795941, -0.0034903, -0.605364, 6.14368, -0.605288, 0.012355, -0.795911, -6.74374, 0.0102571, 0.999918, 0.00772195, 4.51114, 0.0, 0.0, 0.0, 1.0]}, "0848b92566414eeb8012295475318c49_d2_0.png": {"intrinsics": {"fx": 1074.75, "fy": 1074.95, "cx": 638.759, "cy": 502.199}, "camera_to_world_matrix": [-0.123759, 0.660671, -0.740403, 6.15594, -0.992301, -0.0789726, 0.0953955, -6.74844, 0.0045536, 0.74651, 0.665359, 4.5444, 0.0, 0.0, 0.0, 1.0]}, "0848b92566414eeb8012295475318c49_d2_1.png": {"intrinsics": {"fx": 1074.75, "fy": 1074.95, "cx": 638.759, "cy": 502.199}, "camera_to_world_matrix": [-0.921236, 0.262741, -0.286862, 6.14713, -0.388976, -0.613682, 0.687089, -6.76002, 0.00448475, 0.744554, 0.667547, 4.54436, 0.0, 0.0, 0.0, 1.0]}, "0848b92566414eeb8012295475318c49_d2_2.png": {"intrinsics": {"fx": 1074.75, "fy": 1074.95, "cx": 638.759, "cy": 502.199}, "camera_to_world_matrix": [-0.79747, -0.399297, 0.452331, 6.1327, 0.603318, -0.536409, 0.590146, -6.75819, 0.00699154, 0.743523, 0.668673, 4.54434, 0.0, 0.0, 0.0, 1.0]}, "0848b92566414eeb8012295475318c49_d2_3.png": {"intrinsics": {"fx": 1074.75, "fy": 1074.95, "cx": 638.759, "cy": 502.199}, "camera_to_world_matrix": [0.123771, -0.66339, 0.737966, 6.12707, 0.992264, 0.0755712, -0.0984883, -6.74477, 0.00956712, 0.744448, 0.667611, 4.54436, 0.0, 0.0, 0.0, 1.0]}, "0848b92566414eeb8012295475318c49_d2_4.png": {"intrinsics": {"fx": 1074.75, "fy": 1074.95, "cx": 638.759, "cy": 502.199}, "camera_to_world_matrix": [0.921226, -0.265439, 0.284402, 6.13588, 0.388908, 0.610265, -0.690164, -6.73319, 0.00963588, 0.746403, 0.665423, 4.5444, 0.0, 0.0, 0.0, 1.0]}, "0848b92566414eeb8012295475318c49_d2_5.png": {"intrinsics": {"fx": 1074.75, "fy": 1074.95, "cx": 638.759, "cy": 502.199}, "camera_to_world_matrix": [0.79742, 0.396596, -0.454788, 6.15031, -0.603381, 0.532967, -0.593192, -6.73502, 0.00712902, 0.747434, 0.664297, 4.54442, 0.0, 0.0, 0.0, 1.0]}, "0a41d3482c2b4bccb3f7503fbd34969e_d0_0.png": {"intrinsics": {"fx": 1071.49, "fy": 1071.67, "cx": 637.041, "cy": 513.587}, "camera_to_world_matrix": [-0.637308, 0.509732, 0.577938, 4.3764, 0.770459, 0.406667, 0.490933, -9.03598, 0.0152158, 0.758153, -0.651899, 4.45854, 0.0, 0.0, 0.0, 1.0]}, "0a41d3482c2b4bccb3f7503fbd34969e_d0_1.png": {"intrinsics": {"fx": 1071.49, "fy": 1071.67, "cx": 637.041, "cy": 513.587}, "camera_to_world_matrix": [0.348675, 0.612066, 0.70979, 4.37387, 0.937056, -0.242825, -0.250923, -9.02165, 0.0187731, 0.752604, -0.658206, 4.45867, 0.0, 0.0, 0.0, 1.0]}, "0a41d3482c2b4bccb3f7503fbd34969e_d0_2.png": {"intrinsics": {"fx": 1071.49, "fy": 1071.67, "cx": 637.041, "cy": 513.587}, "camera_to_world_matrix": [0.985954, 0.100731, 0.133222, 4.38501, 0.166489, -0.656174, -0.736015, -9.0123, 0.0132772, 0.747857, -0.663727, 4.45877, 0.0, 0.0, 0.0, 1.0]}, "0a41d3482c2b4bccb3f7503fbd34969e_d0_3.png": {"intrinsics": {"fx": 1071.49, "fy": 1071.67, "cx": 637.041, "cy": 513.587}, "camera_to_world_matrix": [0.637237, -0.512925, -0.575185, 4.39868, -0.770657, -0.420021, -0.47924, -9.01727, 0.00422417, 0.748659, -0.662942, 4.45876, 0.0, 0.0, 0.0, 1.0]}, "0a41d3482c2b4bccb3f7503fbd34969e_d0_4.png": {"intrinsics": {"fx": 1071.49, "fy": 1071.67, "cx": 637.041, "cy": 513.587}, "camera_to_world_matrix": [-0.348752, -0.615233, -0.707008, 4.40121, -0.937215, 0.229475, 0.262621, -9.0316, 0.000667156, 0.754208, -0.656635, 4.45863, 0.0, 0.0, 0.0, 1.0]}, "0a41d3482c2b4bccb3f7503fbd34969e_d0_5.png": {"intrinsics": {"fx": 1071.49, "fy": 1071.67, "cx": 637.041, "cy": 513.587}, "camera_to_world_matrix": [-0.986002, -0.103882, -0.130421, 4.39007, -0.166623, 0.642803, 0.74769, -9.04095, 0.00616337, 0.758955, -0.651114, 4.45853, 0.0, 0.0, 0.0, 1.0]}, "0a41d3482c2b4bccb3f7503fbd34969e_d1_0.png": {"intrinsics": {"fx": 1077.15, "fy": 1077.62, "cx": 636.04, "cy": 512.33}, "camera_to_world_matrix": [-0.643039, -0.00371263, 0.765825, 4.38479, 0.765674, -0.023534, 0.642799, -9.02917, 0.0156362, 0.999717, 0.0179766, 4.49187, 0.0, 0.0, 0.0, 1.0]}, "0a41d3482c2b4bccb3f7503fbd34969e_d1_1.png": {"intrinsics": {"fx": 1077.15, "fy": 1077.62, "cx": 636.04, "cy": 512.33}, "camera_to_world_matrix": [0.341668, -0.0156063, 0.939692, 4.38418, 0.939624, -0.0148141, -0.341889, -9.02572, 0.0192561, 0.999769, 0.0096033, 4.4919, 0.0, 0.0, 0.0, 1.0]}, "0a41d3482c2b4bccb3f7503fbd34969e_d1_2.png": {"intrinsics": {"fx": 1077.15, "fy": 1077.62, "cx": 636.04, "cy": 512.33}, "camera_to_world_matrix": [0.984678, -0.0140012, 0.173823, 4.38686, 0.173838, -0.000154418, -0.984775, -9.02347, 0.0138147, 0.999902, 0.00228261, 4.49193, 0.0, 0.0, 0.0, 1.0]}, "0a41d3482c2b4bccb3f7503fbd34969e_d1_3.png": {"intrinsics": {"fx": 1077.15, "fy": 1077.62, "cx": 636.04, "cy": 512.33}, "camera_to_world_matrix": [0.642966, -0.000502502, -0.765895, 4.39015, -0.76588, 0.005785, -0.642958, -9.02467, 0.0047536, 0.999983, 0.00333541, 4.49192, 0.0, 0.0, 0.0, 1.0]}, "0a41d3482c2b4bccb3f7503fbd34969e_d1_4.png": {"intrinsics": {"fx": 1077.15, "fy": 1077.62, "cx": 636.04, "cy": 512.33}, "camera_to_world_matrix": [-0.341748, 0.0113909, -0.939723, 4.39076, -0.939792, -0.00293536, 0.341737, -9.02812, 0.00113406, 0.999931, 0.0117089, 4.49189, 0.0, 0.0, 0.0, 1.0]}, "0a41d3482c2b4bccb3f7503fbd34969e_d1_5.png": {"intrinsics": {"fx": 1077.15, "fy": 1077.62, "cx": 636.04, "cy": 512.33}, "camera_to_world_matrix": [-0.984728, 0.0097852, -0.17383, 4.38808, -0.17398, -0.0175949, 0.984592, -9.03037, 0.00657572, 0.999798, 0.0190294, 4.49187, 0.0, 0.0, 0.0, 1.0]}, "0a41d3482c2b4bccb3f7503fbd34969e_d2_0.png": {"intrinsics": {"fx": 1074.75, "fy": 1074.95, "cx": 638.759, "cy": 502.199}, "camera_to_world_matrix": [-0.644888, -0.507569, 0.571396, 4.37626, 0.764174, -0.440436, 0.471225, -9.03657, 0.0124838, 0.740534, 0.671903, 4.52504, 0.0, 0.0, 0.0, 1.0]}, "0a41d3482c2b4bccb3f7503fbd34969e_d2_1.png": {"intrinsics": {"fx": 1074.75, "fy": 1074.95, "cx": 638.759, "cy": 502.199}, "camera_to_world_matrix": [0.339424, -0.630288, 0.698232, 4.37372, 0.940495, 0.214679, -0.263403, -9.02224, 0.0161239, 0.74609, 0.66565, 4.52516, 0.0, 0.0, 0.0, 1.0]}, "0a41d3482c2b4bccb3f7503fbd34969e_d2_2.png": {"intrinsics": {"fx": 1074.75, "fy": 1074.95, "cx": 638.759, "cy": 502.199}, "camera_to_world_matrix": [0.984289, -0.124276, 0.125416, 4.38487, 0.176237, 0.648493, -0.740538, -9.01289, 0.0106999, 0.751007, 0.660207, 4.52527, 0.0, 0.0, 0.0, 1.0]}, "0a41d3482c2b4bccb3f7503fbd34969e_d2_3.png": {"intrinsics": {"fx": 1074.75, "fy": 1074.95, "cx": 638.759, "cy": 502.199}, "camera_to_world_matrix": [0.644829, 0.504443, -0.574224, 4.39854, -0.764325, 0.427183, -0.483034, -9.01786, 0.00163608, 0.750368, 0.661018, 4.52525, 0.0, 0.0, 0.0, 1.0]}, "0a41d3482c2b4bccb3f7503fbd34969e_d2_4.png": {"intrinsics": {"fx": 1074.75, "fy": 1074.95, "cx": 638.759, "cy": 502.199}, "camera_to_world_matrix": [-0.33949, 0.627136, -0.701032, 4.40107, -0.940607, -0.227937, 0.2516, -9.03219, -0.00200366, 0.744812, 0.667271, 4.52513, 0.0, 0.0, 0.0, 1.0]}, "0a41d3482c2b4bccb3f7503fbd34969e_d2_5.png": {"intrinsics": {"fx": 1074.75, "fy": 1074.95, "cx": 638.759, "cy": 502.199}, "camera_to_world_matrix": [-0.984326, 0.121108, -0.128197, 4.38993, -0.176323, -0.661731, 0.728712, -9.04154, 0.00342053, 0.739895, 0.672713, 4.52503, 0.0, 0.0, 0.0, 1.0]}, "0c589847582145febe410715c1cf3866_d0_0.png": {"intrinsics": {"fx": 1071.49, "fy": 1071.67, "cx": 637.041, "cy": 513.587}, "camera_to_world_matrix": [-0.673965, 0.48678, 0.555713, 13.1409, 0.738758, 0.446876, 0.504518, -0.952121, -0.0027453, 0.750565, -0.660791, 0.18221, 0.0, 0.0, 0.0, 1.0]}, "0c589847582145febe410715c1cf3866_d0_1.png": {"intrinsics": {"fx": 1071.49, "fy": 1071.67, "cx": 637.041, "cy": 513.587}, "camera_to_world_matrix": [0.302761, 0.620504, 0.723402, 13.1376, 0.953067, -0.196854, -0.230028, -0.937933, -0.000329145, 0.759094, -0.650981, 0.182021, 0.0, 0.0, 0.0, 1.0]}, "0c589847582145febe410715c1cf3866_d0_2.png": {"intrinsics": {"fx": 1071.49, "fy": 1071.67, "cx": 637.041, "cy": 513.587}, "camera_to_world_matrix": [0.97667, 0.129833, 0.171056, 13.1483, 0.214405, -0.634549, -0.742549, -0.928048, 0.012136, 0.7619, -0.647581, 0.181955, 0.0, 0.0, 0.0, 1.0]}, "0c589847582145febe410715c1cf3866_d0_3.png": {"intrinsics": {"fx": 1071.49, "fy": 1071.67, "cx": 637.041, "cy": 513.587}, "camera_to_world_matrix": [0.673837, -0.494551, -0.548967, 13.1622, -0.738548, -0.428504, -0.520511, -0.932352, 0.0221848, 0.756177, -0.653991, 0.182079, 0.0, 0.0, 0.0, 1.0]}, "0c589847582145febe410715c1cf3866_d0_4.png": {"intrinsics": {"fx": 1071.49, "fy": 1071.67, "cx": 637.041, "cy": 513.587}, "camera_to_world_matrix": [-0.302898, -0.62825, -0.716627, 13.1654, -0.952818, 0.215231, 0.214042, -0.946539, 0.0197682, 0.747648, -0.6638, 0.182268, 0.0, 0.0, 0.0, 1.0]}, "0c589847582145febe410715c1cf3866_d0_5.png": {"intrinsics": {"fx": 1071.49, "fy": 1071.67, "cx": 637.041, "cy": 513.587}, "camera_to_world_matrix": [-0.976778, -0.137562, -0.164261, 13.1548, -0.21413, 0.652906, 0.726541, -0.956424, 0.00730282, 0.744843, -0.6672, 0.182334, 0.0, 0.0, 0.0, 1.0]}, "0c589847582145febe410715c1cf3866_d1_0.png": {"intrinsics": {"fx": 1077.15, "fy": 1077.62, "cx": 636.04, "cy": 512.33}, "camera_to_world_matrix": [-0.679459, -0.00603684, 0.733689, 13.1488, 0.733711, -0.00254177, 0.679458, -0.944209, -0.0022371, 0.999979, 0.00615703, 0.215407, 0.0, 0.0, 0.0, 1.0]}, "0c589847582145febe410715c1cf3866_d1_1.png": {"intrinsics": {"fx": 1077.15, "fy": 1077.62, "cx": 636.04, "cy": 512.33}, "camera_to_world_matrix": [0.295637, -0.0183395, 0.955125, 13.148, 0.955301, 0.00558954, -0.295583, -0.940796, 8.19415e-05, 0.999817, 0.0191729, 0.215362, 0.0, 0.0, 0.0, 1.0]}, "0c589847582145febe410715c1cf3866_d1_2.png": {"intrinsics": {"fx": 1077.15, "fy": 1077.62, "cx": 636.04, "cy": 512.33}, "camera_to_world_matrix": [0.975037, -0.0174476, 0.22136, 13.1506, 0.221693, 0.0203094, -0.974905, -0.938418, 0.0125139, 0.999642, 0.0236711, 0.215346, 0.0, 0.0, 0.0, 1.0]}, "0c589847582145febe410715c1cf3866_d1_3.png": {"intrinsics": {"fx": 1077.15, "fy": 1077.62, "cx": 636.04, "cy": 512.33}, "camera_to_world_matrix": [0.679326, -0.00425305, -0.733825, 13.1539, -0.733489, 0.0268975, -0.67917, -0.939453, 0.0226264, 0.999629, 0.0151533, 0.215376, 0.0, 0.0, 0.0, 1.0]}, "0c589847582145febe410715c1cf3866_d1_4.png": {"intrinsics": {"fx": 1077.15, "fy": 1077.62, "cx": 636.04, "cy": 512.33}, "camera_to_world_matrix": [-0.295779, 0.00804926, -0.955223, 13.1547, -0.955041, 0.0187658, 0.29588, -0.942866, 0.0203069, 0.999792, 0.00213758, 0.215421, 0.0, 0.0, 0.0, 1.0]}, "0c589847582145febe410715c1cf3866_d1_5.png": {"intrinsics": {"fx": 1077.15, "fy": 1077.62, "cx": 636.04, "cy": 512.33}, "camera_to_world_matrix": [-0.97515, 0.00715678, -0.221431, 13.1521, -0.221407, 0.00404596, 0.975173, -0.945244, 0.00787481, 0.999967, -0.00236015, 0.215437, 0.0, 0.0, 0.0, 1.0]}, "0c589847582145febe410715c1cf3866_d2_0.png": {"intrinsics": {"fx": 1074.75, "fy": 1074.95, "cx": 638.759, "cy": 502.199}, "camera_to_world_matrix": [-0.681223, -0.488183, 0.545539, 13.1405, 0.732056, -0.448802, 0.512514, -0.951311, -0.00536142, 0.748501, 0.663111, 0.248704, 0.0, 0.0, 0.0, 1.0]}, "0c589847582145febe410715c1cf3866_d2_1.png": {"intrinsics": {"fx": 1074.75, "fy": 1074.95, "cx": 638.759, "cy": 502.199}, "camera_to_world_matrix": [0.293363, -0.642542, 0.707869, 13.1373, 0.955996, 0.199553, -0.215058, -0.937123, -0.0030736, 0.73981, 0.672809, 0.248515, 0.0, 0.0, 0.0, 1.0]}, "0c589847582145febe410715c1cf3866_d2_2.png": {"intrinsics": {"fx": 1074.75, "fy": 1074.95, "cx": 638.759, "cy": 502.199}, "camera_to_world_matrix": [0.974543, -0.15818, 0.158884, 13.148, 0.224004, 0.65743, -0.719449, -0.927238, 0.00934778, 0.736725, 0.676127, 0.248449, 0.0, 0.0, 0.0, 1.0]}, "0c589847582145febe410715c1cf3866_d2_3.png": {"intrinsics": {"fx": 1074.75, "fy": 1074.95, "cx": 638.759, "cy": 502.199}, "camera_to_world_matrix": [0.681121, 0.480529, -0.552418, 13.1619, -0.731911, 0.466942, -0.496257, -0.931542, 0.0194811, 0.742333, 0.669748, 0.248573, 0.0, 0.0, 0.0, 1.0]}, "0c589847582145febe410715c1cf3866_d2_4.png": {"intrinsics": {"fx": 1074.75, "fy": 1074.95, "cx": 638.759, "cy": 502.199}, "camera_to_world_matrix": [-0.293473, 0.634862, -0.714719, 13.1651, -0.955812, -0.18142, 0.231321, -0.945729, 0.0171928, 0.751024, 0.660051, 0.248763, 0.0, 0.0, 0.0, 1.0]}, "0c589847582145febe410715c1cf3866_d2_5.png": {"intrinsics": {"fx": 1074.75, "fy": 1074.95, "cx": 638.759, "cy": 502.199}, "camera_to_world_matrix": [-0.974624, 0.150483, -0.165715, 13.1544, -0.223794, -0.639277, 0.73569, -0.955614, 0.00477121, 0.754108, 0.656732, 0.248828, 0.0, 0.0, 0.0, 1.0]}, "0cdb095289ae43a3a716316982c644c3_d0_0.png": {"intrinsics": {"fx": 1071.49, "fy": 1071.67, "cx": 637.041, "cy": 513.587}, "camera_to_world_matrix": [-0.794263, 0.401514, 0.455997, 16.6708, 0.60757, 0.521931, 0.598704, -11.9958, 0.0023888, 0.752579, -0.658498, 0.306098, 0.0, 0.0, 0.0, 1.0]}, "0cdb095289ae43a3a716316982c644c3_d0_1.png": {"intrinsics": {"fx": 1071.49, "fy": 1071.67, "cx": 637.041, "cy": 513.587}, "camera_to_world_matrix": [0.129002, 0.647261, 0.751274, 16.6651, 0.991633, -0.0879292, -0.094519, -11.9824, 0.00488047, 0.757181, -0.653187, 0.305996, 0.0, 0.0, 0.0, 1.0]}, "0cdb095289ae43a3a716316982c644c3_d0_2.png": {"intrinsics": {"fx": 1071.49, "fy": 1071.67, "cx": 637.041, "cy": 513.587}, "camera_to_world_matrix": [0.923214, 0.241965, 0.298547, 16.6739, 0.384094, -0.605691, -0.696858, -11.9708, 0.012212, 0.758019, -0.652119, 0.305975, 0.0, 0.0, 0.0, 1.0]}, "0cdb095289ae43a3a716316982c644c3_d0_3.png": {"intrinsics": {"fx": 1071.49, "fy": 1071.67, "cx": 637.041, "cy": 513.587}, "camera_to_world_matrix": [0.794142, -0.409068, -0.449447, 16.6883, -0.607493, -0.51358, -0.60596, -11.9725, 0.0170518, 0.754254, -0.656361, 0.306057, 0.0, 0.0, 0.0, 1.0]}, "0cdb095289ae43a3a716316982c644c3_d0_4.png": {"intrinsics": {"fx": 1071.49, "fy": 1071.67, "cx": 637.041, "cy": 513.587}, "camera_to_world_matrix": [-0.129138, -0.654791, -0.744696, 16.694, -0.99152, 0.0962898, 0.0872749, -11.9859, 0.0145598, 0.749652, -0.661672, 0.30616, 0.0, 0.0, 0.0, 1.0]}, "0cdb095289ae43a3a716316982c644c3_d0_5.png": {"intrinsics": {"fx": 1071.49, "fy": 1071.67, "cx": 637.041, "cy": 513.587}, "camera_to_world_matrix": [-0.923326, -0.249475, -0.291946, 16.6852, -0.38395, 0.614036, 0.689596, -11.9975, 0.00722825, 0.748814, -0.66274, 0.30618, 0.0, 0.0, 0.0, 1.0]}, "0cdb095289ae43a3a716316982c644c3_d1_0.png": {"intrinsics": {"fx": 1077.15, "fy": 1077.62, "cx": 636.04, "cy": 512.33}, "camera_to_world_matrix": [-0.798774, -0.00326666, 0.601623, 16.6773, 0.601626, -0.00911444, 0.798727, -11.9868, 0.0028741, 0.999954, 0.00924638, 0.339332, 0.0, 0.0, 0.0, 1.0]}, "0cdb095289ae43a3a716316982c644c3_d1_1.png": {"intrinsics": {"fx": 1077.15, "fy": 1077.62, "cx": 636.04, "cy": 512.33}, "camera_to_world_matrix": [0.121595, -0.0168163, 0.992438, 16.6759, 0.992566, -0.00329232, -0.121666, -11.9835, 0.00531321, 0.999854, 0.0162916, 0.339307, 0.0, 0.0, 0.0, 1.0]}, "0cdb095289ae43a3a716316982c644c3_d1_2.png": {"intrinsics": {"fx": 1077.15, "fy": 1077.62, "cx": 636.04, "cy": 512.33}, "camera_to_world_matrix": [0.920315, -0.0185485, 0.390739, 16.678, 0.390975, 0.0113532, -0.920332, -11.9808, 0.0126344, 0.999764, 0.0177012, 0.339302, 0.0, 0.0, 0.0, 1.0]}, "0cdb095289ae43a3a716316982c644c3_d1_3.png": {"intrinsics": {"fx": 1077.15, "fy": 1077.62, "cx": 636.04, "cy": 512.33}, "camera_to_world_matrix": [0.798648, -0.00673098, -0.601761, 16.6815, -0.601544, 0.0201762, -0.798586, -11.9812, 0.0175163, 0.999774, 0.0120655, 0.339322, 0.0, 0.0, 0.0, 1.0]}, "0cdb095289ae43a3a716316982c644c3_d1_4.png": {"intrinsics": {"fx": 1077.15, "fy": 1077.62, "cx": 636.04, "cy": 512.33}, "camera_to_world_matrix": [-0.121736, 0.00681842, -0.992539, 16.6829, -0.992449, 0.0143536, 0.121823, -11.9844, 0.015077, 0.999874, 0.00502029, 0.339347, 0.0, 0.0, 0.0, 1.0]}, "0cdb095289ae43a3a716316982c644c3_d1_5.png": {"intrinsics": {"fx": 1077.15, "fy": 1077.62, "cx": 636.04, "cy": 512.33}, "camera_to_world_matrix": [-0.920433, 0.00855003, -0.390809, 16.6808, -0.390826, -0.000291977, 0.920465, -11.9872, 0.0077557, 0.999964, 0.00361103, 0.339352, 0.0, 0.0, 0.0, 1.0]}, "0cdb095289ae43a3a716316982c644c3_d2_0.png": {"intrinsics": {"fx": 1074.75, "fy": 1074.95, "cx": 638.759, "cy": 502.199}, "camera_to_world_matrix": [-0.800223, -0.39922, 0.447512, 16.6705, 0.599702, -0.532385, 0.597431, -11.9954, -0.000257713, 0.746452, 0.665439, 0.372596, 0.0, 0.0, 0.0, 1.0]}, "0cdb095289ae43a3a716316982c644c3_d2_1.png": {"intrinsics": {"fx": 1074.75, "fy": 1074.95, "cx": 638.759, "cy": 502.199}, "camera_to_world_matrix": [0.119228, -0.666094, 0.736277, 16.6648, 0.992864, 0.0783709, -0.0898778, -11.982, 0.00216453, 0.741739, 0.670685, 0.372494, 0.0, 0.0, 0.0, 1.0]}, "0cdb095289ae43a3a716316982c644c3_d2_2.png": {"intrinsics": {"fx": 1074.75, "fy": 1074.95, "cx": 638.759, "cy": 502.199}, "camera_to_world_matrix": [0.919413, -0.270587, 0.285416, 16.6735, 0.393179, 0.614877, -0.68362, -11.9704, 0.00948251, 0.740749, 0.671715, 0.372473, 0.0, 0.0, 0.0, 1.0]}, "0cdb095289ae43a3a716316982c644c3_d2_3.png": {"intrinsics": {"fx": 1074.75, "fy": 1074.95, "cx": 638.759, "cy": 502.199}, "camera_to_world_matrix": [0.800129, 0.391786, -0.454199, 16.688, -0.599655, 0.540616, -0.59004, -11.9722, 0.0143781, 0.744471, 0.667499, 0.372555, 0.0, 0.0, 0.0, 1.0]}, "0cdb095289ae43a3a716316982c644c3_d2_4.png": {"intrinsics": {"fx": 1074.75, "fy": 1074.95, "cx": 638.759, "cy": 502.199}, "camera_to_world_matrix": [-0.119337, 0.658637, -0.742937, 16.6937, -0.992781, -0.0701495, 0.09728, -11.9856, 0.0119556, 0.749184, 0.662254, 0.372658, 0.0, 0.0, 0.0, 1.0]}, "0cdb095289ae43a3a716316982c644c3_d2_5.png": {"intrinsics": {"fx": 1074.75, "fy": 1074.95, "cx": 638.759, "cy": 502.199}, "camera_to_world_matrix": [-0.919499, 0.263108, -0.292053, 16.6849, -0.393065, -0.606641, 0.691004, -11.9972, 0.00463755, 0.750174, 0.661224, 0.372678, 0.0, 0.0, 0.0, 1.0]}, "0d31b7f9341e40c9ab508eb53168dfde_d0_0.png": {"intrinsics": {"fx": 1071.49, "fy": 1071.67, "cx": 637.041, "cy": 513.587}, "camera_to_world_matrix": [-0.868113, -0.323418, -0.37654, 4.47163, -0.496323, 0.575781, 0.649723, -12.742, 0.00667243, 0.750918, -0.660361, 0.302854, 0.0, 0.0, 0.0, 1.0]}, "0d31b7f9341e40c9ab508eb53168dfde_d0_1.png": {"intrinsics": {"fx": 1071.49, "fy": 1071.67, "cx": 637.041, "cy": 513.587}, "camera_to_world_matrix": [-0.863906, 0.334026, 0.376954, 4.45708, 0.503631, 0.565696, 0.652951, -12.742, 0.00486119, 0.753933, -0.656933, 0.302788, 0.0, 0.0, 0.0, 1.0]}, "0d31b7f9341e40c9ab508eb53168dfde_d0_2.png": {"intrinsics": {"fx": 1071.49, "fy": 1071.67, "cx": 637.041, "cy": 513.587}, "camera_to_world_matrix": [0.00418193, 0.654002, 0.756482, 4.44976, 0.99996, -0.00871828, 0.00200939, -12.7295, 0.00790925, 0.756443, -0.654012, 0.302732, 0.0, 0.0, 0.0, 1.0]}, "0d31b7f9341e40c9ab508eb53168dfde_d0_3.png": {"intrinsics": {"fx": 1071.49, "fy": 1071.67, "cx": 637.041, "cy": 513.587}, "camera_to_world_matrix": [0.868043, 0.316527, 0.382508, 4.457, 0.496325, -0.573035, -0.652145, -12.7168, 0.0127685, 0.755938, -0.654519, 0.302742, 0.0, 0.0, 0.0, 1.0]}, "0d31b7f9341e40c9ab508eb53168dfde_d0_4.png": {"intrinsics": {"fx": 1071.49, "fy": 1071.67, "cx": 637.041, "cy": 513.587}, "camera_to_world_matrix": [0.863798, -0.340916, -0.370986, 4.47155, -0.503629, -0.562924, -0.655343, -12.7168, 0.0145796, 0.752923, -0.657947, 0.302808, 0.0, 0.0, 0.0, 1.0]}, "0d31b7f9341e40c9ab508eb53168dfde_d0_5.png": {"intrinsics": {"fx": 1071.49, "fy": 1071.67, "cx": 637.041, "cy": 513.587}, "camera_to_world_matrix": [-0.00430974, -0.660869, -0.750489, 4.47886, -0.999924, 0.0115024, -0.00438674, -12.7294, 0.0115314, 0.750413, -0.660868, 0.302864, 0.0, 0.0, 0.0, 1.0]}, "0d31b7f9341e40c9ab508eb53168dfde_d1_0.png": {"intrinsics": {"fx": 1077.15, "fy": 1077.62, "cx": 636.04, "cy": 512.33}, "camera_to_world_matrix": [-0.864383, 0.00961324, -0.502744, 4.46592, -0.502785, -0.00225435, 0.864409, -12.7324, 0.00717622, 0.999952, 0.00678272, 0.336061, 0.0, 0.0, 0.0, 1.0]}, "0d31b7f9341e40c9ab508eb53168dfde_d1_1.png": {"intrinsics": {"fx": 1077.15, "fy": 1077.62, "cx": 636.04, "cy": 512.33}, "camera_to_world_matrix": [-0.867639, -0.00100971, 0.497195, 4.46242, 0.497168, -0.0124843, 0.867565, -12.7324, 0.00533094, 0.999922, 0.0113345, 0.336045, 0.0, 0.0, 0.0, 1.0]}, "0d31b7f9341e40c9ab508eb53168dfde_d1_2.png": {"intrinsics": {"fx": 1077.15, "fy": 1077.62, "cx": 636.04, "cy": 512.33}, "camera_to_world_matrix": [-0.00328317, -0.0151804, 0.99988, 4.46066, 0.99996, -0.00839929, 0.00315616, -12.7294, 0.00835018, 0.99985, 0.015208, 0.336032, 0.0, 0.0, 0.0, 1.0]}, "0d31b7f9341e40c9ab508eb53168dfde_d1_3.png": {"intrinsics": {"fx": 1077.15, "fy": 1077.62, "cx": 636.04, "cy": 512.33}, "camera_to_world_matrix": [0.864309, -0.0187277, 0.502614, 4.4624, 0.502789, 0.005915