{"006712c7ac144e9f9d36be2efd86ca61_d0_0.png": {"intrinsics": {"fx": 1074.16, "fy": 1075.2, "cx": 632.767, "cy": 511.776}, "camera_to_world_matrix": [-0.913203, 0.276184, 0.299633, 24.5624, 0.407488, 0.62504, 0.665791, 1.5489, -0.00340153, 0.7301, -0.683332, 1.56427, 0.0, 0.0, 0.0, 1.0]}, "006712c7ac144e9f9d36be2efd86ca61_d0_1.png": {"intrinsics": {"fx": 1074.16, "fy": 1075.2, "cx": 632.767, "cy": 511.776}, "camera_to_world_matrix": [-0.103738, 0.662621, 0.741734, 24.5539, 0.994422, 0.0833435, 0.0646248, 1.56068, -0.0189968, 0.744302, -0.667573, 1.56396, 0.0, 0.0, 0.0, 1.0]}, "006712c7ac144e9f9d36be2efd86ca61_d0_2.png": {"intrinsics": {"fx": 1074.16, "fy": 1075.2, "cx": 632.767, "cy": 511.776}, "camera_to_world_matrix": [0.809469, 0.386548, 0.441972, 24.5598, 0.587101, -0.522047, -0.61869, 1.57396, -0.00842291, 0.760293, -0.649525, 1.56361, 0.0, 0.0, 0.0, 1.0]}, "006712c7ac144e9f9d36be2efd86ca61_d0_3.png": {"intrinsics": {"fx": 1074.16, "fy": 1075.2, "cx": 632.767, "cy": 511.776}, "camera_to_world_matrix": [0.91319, -0.275956, -0.299884, 24.5743, -0.407145, -0.585728, -0.700824, 1.57547, 0.0177461, 0.762082, -0.647236, 1.56357, 0.0, 0.0, 0.0, 1.0]}, "006712c7ac144e9f9d36be2efd86ca61_d0_4.png": {"intrinsics": {"fx": 1074.16, "fy": 1075.2, "cx": 632.767, "cy": 511.776}, "camera_to_world_matrix": [0.103702, -0.662372, -0.741962, 24.5828, -0.994049, -0.0440165, -0.0996403, 1.56369, 0.0333405, 0.74788, -0.662996, 1.56388, 0.0, 0.0, 0.0, 1.0]}, "006712c7ac144e9f9d36be2efd86ca61_d0_5.png": {"intrinsics": {"fx": 1074.16, "fy": 1075.2, "cx": 632.767, "cy": 511.776}, "camera_to_world_matrix": [-0.809489, -0.386275, -0.442173, 24.5769, -0.586692, 0.561363, 0.583663, 1.55041, 0.0227657, 0.731889, -0.681043, 1.56423, 0.0, 0.0, 0.0, 1.0]}, "006712c7ac144e9f9d36be2efd86ca61_d1_0.png": {"intrinsics": {"fx": 1075.65, "fy": 1075.86, "cx": 638.996, "cy": 512.087}, "camera_to_world_matrix": [-0.913029, 0.01205, 0.407716, 24.5669, 0.407866, 0.0151875, 0.912916, 1.55987, 0.00480832, 0.999812, -0.0187809, 1.59724, 0.0, 0.0, 0.0, 1.0]}, "006712c7ac144e9f9d36be2efd86ca61_d1_1.png": {"intrinsics": {"fx": 1075.65, "fy": 1075.86, "cx": 638.996, "cy": 512.087}, "camera_to_world_matrix": [-0.10351, -0.00353991, 0.994622, 24.5649, 0.99457, 0.0104706, 0.103542, 1.5627, -0.0107809, 0.999939, 0.00243735, 1.59717, 0.0, 0.0, 0.0, 1.0]}, "006712c7ac144e9f9d36be2efd86ca61_d1_2.png": {"intrinsics": {"fx": 1075.65, "fy": 1075.86, "cx": 638.996, "cy": 512.087}, "camera_to_world_matrix": [0.809525, -0.0154211, 0.586884, 24.5663, 0.587087, 0.0216089, -0.809236, 1.56589, -0.000202697, 0.999648, 0.0265469, 1.59709, 0.0, 0.0, 0.0, 1.0]}, "006712c7ac144e9f9d36be2efd86ca61_d1_3.png": {"intrinsics": {"fx": 1075.65, "fy": 1075.86, "cx": 638.996, "cy": 512.087}, "camera_to_world_matrix": [0.913019, -0.0117122, -0.40775, 24.5698, -0.407091, 0.0374638, -0.912619, 1.56626, 0.0259645, 0.99923, 0.0294377, 1.59708, 0.0, 0.0, 0.0, 1.0]}, "006712c7ac144e9f9d36be2efd86ca61_d1_4.png": {"intrinsics": {"fx": 1075.65, "fy": 1075.86, "cx": 638.996, "cy": 512.087}, "camera_to_world_matrix": [0.103476, 0.00387789, -0.994625, 24.5719, -0.993764, 0.0421801, -0.103222, 1.56342, 0.0415529, 0.999103, 0.00821882, 1.59715, 0.0, 0.0, 0.0, 1.0]}, "006712c7ac144e9f9d36be2efd86ca61_d1_5.png": {"intrinsics": {"fx": 1075.65, "fy": 1075.86, "cx": 638.996, "cy": 512.087}, "camera_to_world_matrix": [-0.809542, 0.0157587, -0.586851, 24.5704, -0.586245, 0.0310413, 0.809539, 1.56023, 0.0309738, 0.999394, -0.0158903, 1.59723, 0.0, 0.0, 0.0, 1.0]}, "006712c7ac144e9f9d36be2efd86ca61_d2_0.png": {"intrinsics": {"fx": 1075.88, "fy": 1075.97, "cx": 630.947, "cy": 504.414}, "camera_to_world_matrix": [-0.917914, -0.258596, 0.300933, 24.5624, 0.396776, -0.59986, 0.694792, 1.55066, 0.000847652, 0.757163, 0.653225, 1.63075, 0.0, 0.0, 0.0, 1.0]}, "006712c7ac144e9f9d36be2efd86ca61_d2_1.png": {"intrinsics": {"fx": 1075.88, "fy": 1075.97, "cx": 630.947, "cy": 504.414}, "camera_to_world_matrix": [-0.115464, -0.665815, 0.737128, 24.5539, 0.993198, -0.0661825, 0.0957946, 1.56243, -0.0149964, 0.743175, 0.668927, 1.63044, 0.0, 0.0, 0.0, 1.0]}, "006712c7ac144e9f9d36be2efd86ca61_d2_2.png": {"intrinsics": {"fx": 1075.88, "fy": 1075.97, "cx": 630.947, "cy": 504.414}, "camera_to_world_matrix": [0.802455, -0.407079, 0.436292, 24.5598, 0.596693, 0.553191, -0.581323, 1.57571, -0.00470809, 0.726819, 0.686812, 1.63009, 0.0, 0.0, 0.0, 1.0]}, "006712c7ac144e9f9d36be2efd86ca61_d2_3.png": {"intrinsics": {"fx": 1075.88, "fy": 1075.97, "cx": 630.947, "cy": 504.414}, "camera_to_world_matrix": [0.917903, 0.25887, -0.300733, 24.5743, -0.396225, 0.638873, -0.659429, 1.57722, 0.0214239, 0.72445, 0.688994, 1.63005, 0.0, 0.0, 0.0, 1.0]}, "006712c7ac144e9f9d36be2efd86ca61_d2_4.png": {"intrinsics": {"fx": 1075.88, "fy": 1075.97, "cx": 630.947, "cy": 504.414}, "camera_to_world_matrix": [0.115429, 0.666069, -0.736905, 24.5829, -0.992615, 0.105179, -0.0604144, 1.56544, 0.0372671, 0.738437, 0.67329, 1.63036, 0.0, 0.0, 0.0, 1.0]}, "006712c7ac144e9f9d36be2efd86ca61_d2_5.png": {"intrinsics": {"fx": 1075.88, "fy": 1075.97, "cx": 630.947, "cy": 504.414}, "camera_to_world_matrix": [-0.802474, 0.407309, -0.436042, 24.5769, -0.596075, -0.514185, 0.616692, 1.55216, 0.0269779, 0.754794, 0.655406, 1.63071, 0.0, 0.0, 0.0, 1.0]}, "00787a5ce0ba411b8896e32803ee049e_d0_0.png": {"intrinsics": {"fx": 1074.16, "fy": 1075.2, "cx": 632.767, "cy": 511.776}, "camera_to_world_matrix": [0.754866, 0.425015, 0.499538, 18.4012, 0.655765, -0.503202, -0.562813, 1.85626, 0.0121645, 0.752428, -0.658562, -2.0207, 0.0, 0.0, 0.0, 1.0]}, "00787a5ce0ba411b8896e32803ee049e_d0_1.png": {"intrinsics": {"fx": 1074.16, "fy": 1075.2, "cx": 632.767, "cy": 511.776}, "camera_to_world_matrix": [0.945233, -0.229339, -0.232245, 18.4155, -0.325917, -0.624673, -0.70962, 1.85903, 0.0176665, 0.746449, -0.665208, -2.02057, 0.0, 0.0, 0.0, 1.0]}, "00787a5ce0ba411b8896e32803ee049e_d0_2.png": {"intrinsics": {"fx": 1074.16, "fy": 1075.2, "cx": 632.767, "cy": 511.776}, "camera_to_world_matrix": [0.190275, -0.661681, -0.72524, 18.425, -0.981648, -0.118695, -0.149253, 1.84804, 0.0126756, 0.74033, -0.672124, -2.02043, 0.0, 0.0, 0.0, 1.0]}, "00787a5ce0ba411b8896e32803ee049e_d0_3.png": {"intrinsics": {"fx": 1074.16, "fy": 1075.2, "cx": 632.767, "cy": 511.776}, "camera_to_world_matrix": [-0.755032, -0.439659, -0.486441, 18.4203, -0.655683, 0.508741, 0.557908, 1.83429, 0.00218288, 0.74019, -0.672394, -2.02043, 0.0, 0.0, 0.0, 1.0]}, "00787a5ce0ba411b8896e32803ee049e_d0_4.png": {"intrinsics": {"fx": 1074.16, "fy": 1075.2, "cx": 632.767, "cy": 511.776}, "camera_to_world_matrix": [-0.945361, 0.2147, 0.245348, 18.406, 0.326007, 0.630186, 0.704687, 1.83152, -0.0033187, 0.746169, -0.665748, -2.02056, 0.0, 0.0, 0.0, 1.0]}, "00787a5ce0ba411b8896e32803ee049e_d0_5.png": {"intrinsics": {"fx": 1074.16, "fy": 1075.2, "cx": 632.767, "cy": 511.776}, "camera_to_world_matrix": [-0.190377, 0.647022, 0.738321, 18.3965, 0.981709, 0.124192, 0.144301, 1.84251, 0.00167256, 0.752288, -0.658832, -2.02069, 0.0, 0.0, 0.0, 1.0]}, "00787a5ce0ba411b8896e32803ee049e_d1_0.png": {"intrinsics": {"fx": 1075.65, "fy": 1075.86, "cx": 638.996, "cy": 512.087}, "camera_to_world_matrix": [0.75486, -0.0249386, 0.655413, 18.4081, 0.655571, -0.00236633, -0.755131, 1.84804, 0.0203827, 0.999686, 0.0145632, -1.98735, 0.0, 0.0, 0.0, 1.0]}, "00787a5ce0ba411b8896e32803ee049e_d1_1.png": {"intrinsics": {"fx": 1075.65, "fy": 1075.86, "cx": 638.996, "cy": 512.087}, "camera_to_world_matrix": [0.944994, -0.0226322, -0.326305, 18.4116, -0.326064, 0.0137579, -0.945248, 1.84871, 0.0258821, 0.999649, 0.00562205, -1.98732, 0.0, 0.0, 0.0, 1.0]}, "00787a5ce0ba411b8896e32803ee049e_d1_2.png": {"intrinsics": {"fx": 1075.65, "fy": 1075.86, "cx": 638.996, "cy": 512.087}, "camera_to_world_matrix": [0.189962, -0.00751557, -0.981763, 18.4139, -0.98157, 0.0198228, -0.190077, 1.84606, 0.0208897, 0.999776, -0.00361101, -1.98728, 0.0, 0.0, 0.0, 1.0]}, "00787a5ce0ba411b8896e32803ee049e_d1_3.png": {"intrinsics": {"fx": 1075.65, "fy": 1075.86, "cx": 638.996, "cy": 512.087}, "camera_to_world_matrix": [-0.755188, 0.00529428, -0.655488, 18.4127, -0.655428, 0.00976339, 0.755196, 1.84275, 0.0103979, 0.999938, -0.00390271, -1.98728, 0.0, 0.0, 0.0, 1.0]}, "00787a5ce0ba411b8896e32803ee049e_d1_4.png": {"intrinsics": {"fx": 1075.65, "fy": 1075.86, "cx": 638.996, "cy": 512.087}, "camera_to_world_matrix": [-0.945284, 0.00298726, 0.326237, 18.4093, 0.326214, -0.00636072, 0.945275, 1.84209, 0.00489874, 0.999976, 0.00503866, -1.98731, 0.0, 0.0, 0.0, 1.0]}, "00787a5ce0ba411b8896e32803ee049e_d1_5.png": {"intrinsics": {"fx": 1075.65, "fy": 1075.86, "cx": 638.996, "cy": 512.087}, "camera_to_world_matrix": [-0.190226, -0.0121296, 0.981666, 18.407, 0.981691, -0.0124251, 0.190077, 1.84473, 0.00989155, 0.999849, 0.0142715, -1.98735, 0.0, 0.0, 0.0, 1.0]}, "00787a5ce0ba411b8896e32803ee049e_d2_0.png": {"intrinsics": {"fx": 1075.88, "fy": 1075.97, "cx": 630.947, "cy": 504.414}, "camera_to_world_matrix": [0.747009, -0.459627, 0.480333, 18.4006, 0.66462, 0.498895, -0.556223, 1.85651, 0.0160197, 0.734743, 0.678156, -1.9542, 0.0, 0.0, 0.0, 1.0]}, "00787a5ce0ba411b8896e32803ee049e_d2_1.png": {"intrinsics": {"fx": 1075.88, "fy": 1075.97, "cx": 630.947, "cy": 504.414}, "camera_to_world_matrix": [0.94894, 0.196233, -0.24699, 18.4148, -0.314711, 0.642591, -0.698593, 1.85927, 0.0216265, 0.740654, 0.671537, -1.95407, 0.0, 0.0, 0.0, 1.0]}, "00787a5ce0ba411b8896e32803ee049e_d2_2.png": {"intrinsics": {"fx": 1075.88, "fy": 1075.97, "cx": 630.947, "cy": 504.414}, "camera_to_world_matrix": [0.2018, 0.648576, -0.733912, 18.4244, -0.979283, 0.146423, -0.139871, 1.84829, 0.0167452, 0.746934, 0.664687, -1.95394, 0.0, 0.0, 0.0, 1.0]}, "00787a5ce0ba411b8896e32803ee049e_d2_3.png": {"intrinsics": {"fx": 1075.88, "fy": 1075.97, "cx": 630.947, "cy": 504.414}, "camera_to_world_matrix": [-0.747254, 0.445048, -0.493501, 18.4196, -0.664508, -0.49343, 0.561209, 1.83453, 0.00625704, 0.747301, 0.664455, -1.95393, 0.0, 0.0, 0.0, 1.0]}, "00787a5ce0ba411b8896e32803ee049e_d2_4.png": {"intrinsics": {"fx": 1075.88, "fy": 1075.97, "cx": 630.947, "cy": 504.414}, "camera_to_world_matrix": [-0.949147, -0.210818, 0.233827, 18.4053, 0.314831, -0.637101, 0.703551, 1.83177, 0.000650572, 0.741389, 0.671073, -1.95406, 0.0, 0.0, 0.0, 1.0]}, "00787a5ce0ba411b8896e32803ee049e_d2_5.png": {"intrinsics": {"fx": 1075.88, "fy": 1075.97, "cx": 630.947, "cy": 504.414}, "camera_to_world_matrix": [-0.201981, -0.663141, 0.720728, 18.3958, 0.979373, -0.140915, 0.144809, 1.84276, 0.00553228, 0.73511, 0.677924, -1.9542, 0.0, 0.0, 0.0, 1.0]}, "0252edd759c5485fbf6b5f55f0146646_d0_0.png": {"intrinsics": {"fx": 1074.16, "fy": 1075.2, "cx": 632.767, "cy": 511.776}, "camera_to_world_matrix": [-0.860175, -0.328625, -0.390004, 7.35781, -0.509905, 0.568689, 0.645437, 5.3806, 0.00968442, 0.754054, -0.656741, 4.7732, 0.0, 0.0, 0.0, 1.0]}, "0252edd759c5485fbf6b5f55f0146646_d0_1.png": {"intrinsics": {"fx": 1074.16, "fy": 1075.2, "cx": 632.767, "cy": 511.776}, "camera_to_world_matrix": [-0.871538, 0.336909, 0.356247, 7.34326, 0.489976, 0.570944, 0.658745, 5.38044, 0.0185403, 0.748674, -0.662679, 4.77332, 0.0, 0.0, 0.0, 1.0]}, "0252edd759c5485fbf6b5f55f0146646_d0_2.png": {"intrinsics": {"fx": 1074.16, "fy": 1075.2, "cx": 632.767, "cy": 511.776}, "camera_to_world_matrix": [-0.011285, 0.671581, 0.740843, 7.33584, 0.999807, -0.00429842, 0.0191261, 5.39296, 0.0160294, 0.740917, -0.671405, 4.77349, 0.0, 0.0, 0.0, 1.0]}, "0252edd759c5485fbf6b5f55f0146646_d0_3.png": {"intrinsics": {"fx": 1074.16, "fy": 1075.2, "cx": 632.767, "cy": 511.776}, "camera_to_world_matrix": [0.860311, 0.340712, 0.37918, 7.34298, 0.509746, -0.581784, -0.633786, 5.40564, 0.00466267, 0.73854, -0.674193, 4.77354, 0.0, 0.0, 0.0, 1.0]}, "0252edd759c5485fbf6b5f55f0146646_d0_4.png": {"intrinsics": {"fx": 1074.16, "fy": 1075.2, "cx": 632.767, "cy": 511.776}, "camera_to_world_matrix": [0.871635, -0.324822, -0.367071, 7.35753, -0.490135, -0.584014, -0.647065, 5.4058, -0.00419291, 0.74392, -0.668255, 4.77343, 0.0, 0.0, 0.0, 1.0]}, "0252edd759c5485fbf6b5f55f0146646_d0_5.png": {"intrinsics": {"fx": 1074.16, "fy": 1075.2, "cx": 632.767, "cy": 511.776}, "camera_to_world_matrix": [0.0113622, -0.659472, -0.751642, 7.36494, -0.999933, -0.00875768, -0.00743156, 5.39328, -0.00168153, 0.751677, -0.659529, 4.77326, 0.0, 0.0, 0.0, 1.0]}, "0252edd759c5485fbf6b5f55f0146646_d1_0.png": {"intrinsics": {"fx": 1075.65, "fy": 1075.86, "cx": 638.996, "cy": 512.087}, "camera_to_world_matrix": [-0.860141, 0.0240702, -0.509489, 7.35244, -0.509743, -0.00550462, 0.86031, 5.38982, 0.0179032, 0.999695, 0.0170048, 4.80658, 0.0, 0.0, 0.0, 1.0]}, "0252edd759c5485fbf6b5f55f0146646_d1_1.png": {"intrinsics": {"fx": 1075.65, "fy": 1075.86, "cx": 638.996, "cy": 512.087}, "camera_to_world_matrix": [-0.871284, 0.0189116, 0.490415, 7.34895, 0.490049, -0.0209542, 0.871443, 5.38978, 0.0267565, 0.999602, 0.00898995, 4.80661, 0.0, 0.0, 0.0, 1.0]}, "0252edd759c5485fbf6b5f55f0146646_d1_2.png": {"intrinsics": {"fx": 1075.65, "fy": 1075.86, "cx": 638.996, "cy": 512.087}, "camera_to_world_matrix": [-0.0109987, 0.00295272, 0.999935, 7.34716, 0.999646, -0.0242123, 0.0110671, 5.39279, 0.0242433, 0.999703, -0.0026849, 4.80665, 0.0, 0.0, 0.0, 1.0]}, "0252edd759c5485fbf6b5f55f0146646_d1_3.png": {"intrinsics": {"fx": 1075.65, "fy": 1075.86, "cx": 638.996, "cy": 512.087}, "camera_to_world_matrix": [0.860411, -0.00784715, 0.509542, 7.34888, 0.509439, -0.0120207, -0.860423, 5.39584, 0.0128768, 0.999897, -0.0063446, 4.80666, 0.0, 0.0, 0.0, 1.0]}, "0252edd759c5485fbf6b5f55f0146646_d1_4.png": {"intrinsics": {"fx": 1075.65, "fy": 1075.86, "cx": 638.996, "cy": 512.087}, "camera_to_world_matrix": [0.871515, -0.00268792, -0.490362, 7.35238, -0.490353, 0.00342872, -0.871517, 5.39588, 0.00402375, 0.999991, 0.00167062, 4.80663, 0.0, 0.0, 0.0, 1.0]}, "0252edd759c5485fbf6b5f55f0146646_d1_5.png": {"intrinsics": {"fx": 1075.65, "fy": 1075.86, "cx": 638.996, "cy": 512.087}, "camera_to_world_matrix": [0.0112093, 0.0132711, -0.999849, 7.35416, -0.999916, 0.00668616, -0.0111214, 5.39287, 0.00653743, 0.99989, 0.0133454, 4.80659, 0.0, 0.0, 0.0, 1.0]}, "0252edd759c5485fbf6b5f55f0146646_d2_0.png": {"intrinsics": {"fx": 1075.88, "fy": 1075.97, "cx": 630.947, "cy": 504.414}, "camera_to_world_matrix": [-0.854035, 0.362126, -0.373479, 7.35835, -0.520037, -0.575658, 0.631014, 5.38002, 0.013511, 0.733132, 0.679951, 4.8397, 0.0, 0.0, 0.0, 1.0]}, "0252edd759c5485fbf6b5f55f0146646_d2_1.png": {"intrinsics": {"fx": 1075.88, "fy": 1075.97, "cx": 630.947, "cy": 504.414}, "camera_to_world_matrix": [-0.877197, -0.308873, 0.367589, 7.3438, 0.479603, -0.599509, 0.640757, 5.37986, 0.0224605, 0.738367, 0.674024, 4.83982, 0.0, 0.0, 0.0, 1.0]}, "0252edd759c5485fbf6b5f55f0146646_d2_2.png": {"intrinsics": {"fx": 1075.88, "fy": 1075.97, "cx": 630.947, "cy": 504.414}, "camera_to_world_matrix": [-0.0230515, -0.66498, 0.746505, 7.33638, 0.999531, -0.0303328, 0.00384401, 5.39238, 0.0200876, 0.746245, 0.665367, 4.83999, 0.0, 0.0, 0.0, 1.0]}, "0252edd759c5485fbf6b5f55f0146646_d2_3.png": {"intrinsics": {"fx": 1075.88, "fy": 1075.97, "cx": 630.947, "cy": 504.414}, "camera_to_world_matrix": [0.854236, -0.35008, 0.384347, 7.34352, 0.519809, 0.562682, -0.642797, 5.40506, 0.00876532, 0.748888, 0.662638, 4.84004, 0.0, 0.0, 0.0, 1.0]}, "0252edd759c5485fbf6b5f55f0146646_d2_4.png": {"intrinsics": {"fx": 1075.88, "fy": 1075.97, "cx": 630.947, "cy": 504.414}, "camera_to_world_matrix": [0.877359, 0.32092, -0.356721, 7.35807, -0.479832, 0.586507, -0.65251, 5.40522, -0.000183856, 0.743653, 0.668565, 4.83992, 0.0, 0.0, 0.0, 1.0]}, "0252edd759c5485fbf6b5f55f0146646_d2_5.png": {"intrinsics": {"fx": 1075.88, "fy": 1075.97, "cx": 630.947, "cy": 504.414}, "camera_to_world_matrix": [0.0231931, 0.677005, -0.735613, 7.36548, -0.999728, 0.017317, -0.0155824, 5.3927, 0.00218942, 0.735775, 0.677222, 4.83975, 0.0, 0.0, 0.0, 1.0]}, "041c71a6b7364371892021424389107a_d0_0.png": {"intrinsics": {"fx": 1074.16, "fy": 1075.2, "cx": 632.767, "cy": 511.776}, "camera_to_world_matrix": [0.580701, 0.530733, 0.617339, 8.29627, 0.814046, -0.388489, -0.431746, 2.57398, 0.0106878, 0.753258, -0.657638, -1.98756, 0.0, 0.0, 0.0, 1.0]}, "041c71a6b7364371892021424389107a_d0_1.png": {"intrinsics": {"fx": 1074.16, "fy": 1075.2, "cx": 632.767, "cy": 511.776}, "camera_to_world_matrix": [0.995223, -0.0771102, -0.059867, 8.30951, -0.0959475, -0.659535, -0.745524, 2.58, 0.0180033, 0.747707, -0.663784, -1.98744, 0.0, 0.0, 0.0, 1.0]}, "041c71a6b7364371892021424389107a_d0_2.png": {"intrinsics": {"fx": 1074.16, "fy": 1075.2, "cx": 632.767, "cy": 511.776}, "camera_to_world_matrix": [0.414423, -0.61573, -0.670171, 8.32136, -0.909968, -0.268625, -0.315907, 2.57155, 0.0144891, 0.740754, -0.67162, -1.98729, 0.0, 0.0, 0.0, 1.0]}, "041c71a6b7364371892021424389107a_d0_3.png": {"intrinsics": {"fx": 1074.16, "fy": 1075.2, "cx": 632.767, "cy": 511.776}, "camera_to_world_matrix": [-0.580884, -0.546494, -0.603255, 8.31995, -0.813977, 0.393322, 0.427478, 2.55707, 0.00365947, 0.739351, -0.67331, -1.98726, 0.0, 0.0, 0.0, 1.0]}, "041c71a6b7364371892021424389107a_d0_4.png": {"intrinsics": {"fx": 1074.16, "fy": 1075.2, "cx": 632.767, "cy": 511.776}, "camera_to_world_matrix": [-0.995371, 0.0613597, 0.0739638, 8.30671, 0.0960327, 0.664345, 0.74123, 2.55104, -0.00365565, 0.744902, -0.667163, -1.98738, 0.0, 0.0, 0.0, 1.0]}, "041c71a6b7364371892021424389107a_d0_5.png": {"intrinsics": {"fx": 1074.16, "fy": 1075.2, "cx": 632.767, "cy": 511.776}, "camera_to_world_matrix": [-0.414539, 0.599964, 0.684251, 8.29487, 0.91003, 0.273414, 0.311589, 2.5595, -0.000141012, 0.751856, -0.659328, -1.98753, 0.0, 0.0, 0.0, 1.0]}, "041c71a6b7364371892021424389107a_d1_0.png": {"intrinsics": {"fx": 1075.65, "fy": 1075.86, "cx": 638.996, "cy": 512.087}, "camera_to_world_matrix": [0.580739, -0.0238478, 0.813741, 8.30491, 0.813871, -0.00620656, -0.581013, 2.56766, 0.0189063, 0.999696, 0.0158051, -1.9542, 0.0, 0.0, 0.0, 1.0]}, "041c71a6b7364371892021424389107a_d1_1.png": {"intrinsics": {"fx": 1075.65, "fy": 1075.86, "cx": 638.996, "cy": 512.087}, "camera_to_world_matrix": [0.995024, -0.0253736, -0.0963564, 8.3081, -0.0961298, 0.01001, -0.995319, 2.56911, 0.0262192, 0.999628, 0.00752152, -1.95417, 0.0, 0.0, 0.0, 1.0]}, "041c71a6b7364371892021424389107a_d1_2.png": {"intrinsics": {"fx": 1075.65, "fy": 1075.86, "cx": 638.996, "cy": 512.087}, "camera_to_world_matrix": [0.4141, -0.0120931, -0.910152, 8.31095, -0.909949, 0.0194401, -0.414266, 2.56708, 0.0227031, 0.999738, -0.00295351, -1.95414, 0.0, 0.0, 0.0, 1.0]}, "041c71a6b7364371892021424389107a_d1_3.png": {"intrinsics": {"fx": 1075.65, "fy": 1075.86, "cx": 638.996, "cy": 512.087}, "camera_to_world_matrix": [-0.581096, 0.00271292, -0.813831, 8.31061, -0.813749, 0.0126534, 0.58108, 2.5636, 0.011874, 0.999916, -0.00514473, -1.95413, 0.0, 0.0, 0.0, 1.0]}, "041c71a6b7364371892021424389107a_d1_4.png": {"intrinsics": {"fx": 1075.65, "fy": 1075.86, "cx": 638.996, "cy": 512.087}, "camera_to_world_matrix": [-0.995346, 0.00423813, 0.0962826, 8.30742, 0.096268, -0.00356326, 0.99535, 2.56215, 0.00456136, 0.999985, 0.00313914, -1.95416, 0.0, 0.0, 0.0, 1.0]}, "041c71a6b7364371892021424389107a_d1_5.png": {"intrinsics": {"fx": 1075.65, "fy": 1075.86, "cx": 638.996, "cy": 512.087}, "camera_to_world_matrix": [-0.41439, -0.00904275, 0.910055, 8.30458, 0.910065, -0.0129928, 0.414265, 2.56418, 0.00807795, 0.999875, 0.013614, -1.95419, 0.0, 0.0, 0.0, 1.0]}, "041c71a6b7364371892021424389107a_d2_0.png": {"intrinsics": {"fx": 1075.88, "fy": 1075.97, "cx": 630.947, "cy": 504.414}, "camera_to_world_matrix": [0.570992, -0.563607, 0.596921, 8.29557, 0.820826, 0.379072, -0.427256, 2.57419, 0.0145284, 0.733929, 0.67907, -1.92107, 0.0, 0.0, 0.0, 1.0]}, "041c71a6b7364371892021424389107a_d2_1.png": {"intrinsics": {"fx": 1075.88, "fy": 1075.97, "cx": 630.947, "cy": 504.414}, "camera_to_world_matrix": [0.996209, 0.0405061, -0.076985, 8.30881, -0.0841781, 0.672081, -0.735678, 2.58022, 0.0219408, 0.739369, 0.672941, -1.92095, 0.0, 0.0, 0.0, 1.0]}, "041c71a6b7364371892021424389107a_d2_2.png": {"intrinsics": {"fx": 1075.88, "fy": 1075.97, "cx": 630.947, "cy": 504.414}, "camera_to_world_matrix": [0.425077, 0.59628, -0.681, 8.32065, -0.904967, 0.295382, -0.30624, 2.57176, 0.0185507, 0.746458, 0.665173, -1.9208, 0.0, 0.0, 0.0, 1.0]}, "041c71a6b7364371892021424389107a_d2_3.png": {"intrinsics": {"fx": 1075.88, "fy": 1075.97, "cx": 630.947, "cy": 504.414}, "camera_to_world_matrix": [-0.571259, 0.547928, -0.611095, 8.31925, -0.820732, -0.374315, 0.431609, 2.55728, 0.00774811, 0.748106, 0.663532, -1.92076, 0.0, 0.0, 0.0, 1.0]}, "041c71a6b7364371892021424389107a_d2_4.png": {"intrinsics": {"fx": 1075.88, "fy": 1075.97, "cx": 630.947, "cy": 504.414}, "camera_to_world_matrix": [-0.996441, -0.0561969, 0.0628229, 8.30601, 0.0842888, -0.6673, 0.740004, 2.55125, 0.000336056, 0.742666, 0.669661, -1.92088, 0.0, 0.0, 0.0, 1.0]}, "041c71a6b7364371892021424389107a_d2_5.png": {"intrinsics": {"fx": 1075.88, "fy": 1075.97, "cx": 630.947, "cy": 504.414}, "camera_to_world_matrix": [-0.425276, -0.611956, 0.666821, 8.29417, 0.905055, -0.29058, 0.310543, 2.55971, 0.00372664, 0.735577, 0.67743, -1.92104, 0.0, 0.0, 0.0, 1.0]}, "07304b100af64280bbaf510f06c7069c_d0_0.png": {"intrinsics": {"fx": 1074.16, "fy": 1075.2, "cx": 632.767, "cy": 511.776}, "camera_to_world_matrix": [-0.848234, 0.362767, 0.385871, 25.592, 0.529473, 0.563721, 0.633936, 3.16085, 0.0124481, 0.742036, -0.670245, 1.56252, 0.0, 0.0, 0.0, 1.0]}, "07304b100af64280bbaf510f06c7069c_d0_1.png": {"intrinsics": {"fx": 1074.16, "fy": 1075.2, "cx": 632.767, "cy": 511.776}, "camera_to_world_matrix": [0.0344167, 0.670802, 0.740836, 25.5852, 0.999397, -0.026265, -0.0226465, 3.17369, 0.0042669, 0.74117, -0.671304, 1.56254, 0.0, 0.0, 0.0, 1.0]}, "07304b100af64280bbaf510f06c7069c_d0_2.png": {"intrinsics": {"fx": 1074.16, "fy": 1075.2, "cx": 632.767, "cy": 511.776}, "camera_to_world_matrix": [0.882707, 0.313889, 0.349715, 25.5929, 0.469921, -0.588016, -0.658338, 3.18603, -0.00100707, 0.745459, -0.666551, 1.56244, 0.0, 0.0, 0.0, 1.0]}, "07304b100af64280bbaf510f06c7069c_d0_3.png": {"intrinsics": {"fx": 1074.16, "fy": 1075.2, "cx": 632.767, "cy": 511.776}, "camera_to_world_matrix": [0.848327, -0.351051, -0.396363, 25.6074, -0.529468, -0.559769, -0.637433, 3.18553, 0.00190025, 0.750613, -0.660739, 1.56233, 0.0, 0.0, 0.0, 1.0]}, "07304b100af64280bbaf510f06c7069c_d0_4.png": {"intrinsics": {"fx": 1074.16, "fy": 1075.2, "cx": 632.767, "cy": 511.776}, "camera_to_world_matrix": [-0.0343429, -0.659063, -0.751302, 25.6143, -0.999358, 0.0302295, 0.0191639, 3.17268, 0.0100815, 0.751479, -0.65968, 1.56231, 0.0, 0.0, 0.0, 1.0]}, "07304b100af64280bbaf510f06c7069c_d0_5.png": {"intrinsics": {"fx": 1074.16, "fy": 1075.2, "cx": 632.767, "cy": 511.776}, "camera_to_world_matrix": [-0.882612, -0.302128, -0.360156, 25.6066, -0.469849, 0.591967, 0.65484, 3.16034, 0.0153552, 0.74719, -0.664433, 1.5624, 0.0, 0.0, 0.0, 1.0]}, "07304b100af64280bbaf510f06c7069c_d1_0.png": {"intrinsics": {"fx": 1075.65, "fy": 1075.86, "cx": 638.996, "cy": 512.087}, "camera_to_world_matrix": [-0.847977, 0.0180944, 0.529725, 25.5981, 0.529632, -0.0100353, 0.848169, 3.17031, 0.0206629, 0.999786, -0.00107314, 1.5957, 0.0, 0.0, 0.0, 1.0]}, "07304b100af64280bbaf510f06c7069c_d1_1.png": {"intrinsics": {"fx": 1075.65, "fy": 1075.86, "cx": 638.996, "cy": 512.087}, "camera_to_world_matrix": [0.0346967, 0.00200331, 0.999396, 25.5965, 0.99932, -0.0125593, -0.0346687, 3.17339, 0.0124822, 0.999919, -0.00243724, 1.5957, 0.0, 0.0, 0.0, 1.0]}, "07304b100af64280bbaf510f06c7069c_d1_2.png": {"intrinsics": {"fx": 1075.65, "fy": 1075.86, "cx": 638.996, "cy": 512.087}, "camera_to_world_matrix": [0.882794, -0.00822814, 0.46969, 25.5983, 0.469707, 0.000114467, -0.882823, 3.17636, 0.00721009, 0.999966, 0.00396633, 1.59568, 0.0, 0.0, 0.0, 1.0]}, "07304b100af64280bbaf510f06c7069c_d1_3.png": {"intrinsics": {"fx": 1075.65, "fy": 1075.86, "cx": 638.996, "cy": 512.087}, "camera_to_world_matrix": [0.848198, -0.0023683, -0.529675, 25.6018, -0.529583, 0.015312, -0.84812, 3.17624, 0.0101189, 0.99988, 0.0117339, 1.59565, 0.0, 0.0, 0.0, 1.0]}, "07304b100af64280bbaf510f06c7069c_d1_4.png": {"intrinsics": {"fx": 1075.65, "fy": 1075.86, "cx": 638.996, "cy": 512.087}, "camera_to_world_matrix": [-0.0344936, 0.0137228, -0.999311, 25.6035, -0.999238, 0.0178354, 0.0347359, 3.17315, 0.0182996, 0.999747, 0.0130976, 1.59565, 0.0, 0.0, 0.0, 1.0]}, "07304b100af64280bbaf510f06c7069c_d1_5.png": {"intrinsics": {"fx": 1075.65, "fy": 1075.86, "cx": 638.996, "cy": 512.087}, "camera_to_world_matrix": [-0.88257, 0.0239538, -0.469572, 25.6016, -0.469591, 0.00516117, 0.882869, 3.17018, 0.0235715, 0.9997, 0.00669387, 1.59567, 0.0, 0.0, 0.0, 1.0]}, "07304b100af64280bbaf510f06c7069c_d2_0.png": {"intrinsics": {"fx": 1075.88, "fy": 1075.97, "cx": 630.947, "cy": 504.414}, "camera_to_world_matrix": [-0.854361, -0.335827, 0.396593, 25.5925, 0.519416, -0.576041, 0.631176, 3.16102, 0.0164878, 0.745249, 0.666581, 1.62901, 0.0, 0.0, 0.0, 1.0]}, "07304b100af64280bbaf510f06c7069c_d2_1.png": {"intrinsics": {"fx": 1075.88, "fy": 1075.97, "cx": 630.947, "cy": 504.414}, "camera_to_world_matrix": [0.0226505, -0.665552, 0.746008, 25.5857, 0.999708, 0.00886626, -0.0224441, 3.17387, 0.0083236, 0.746299, 0.665558, 1.62903, 0.0, 0.0, 0.0, 1.0]}, "07304b100af64280bbaf510f06c7069c_d2_2.png": {"intrinsics": {"fx": 1075.88, "fy": 1075.97, "cx": 630.947, "cy": 504.414}, "camera_to_world_matrix": [0.877099, -0.323882, 0.354678, 25.5934, 0.480299, 0.586862, -0.651848, 3.18621, 0.00297467, 0.742087, 0.670296, 1.62894, 0.0, 0.0, 0.0, 1.0]}, "07304b100af64280bbaf510f06c7069c_d2_3.png": {"intrinsics": {"fx": 1075.88, "fy": 1075.97, "cx": 630.947, "cy": 504.414}, "camera_to_world_matrix": [0.854516, 0.347505, -0.386059, 25.608, -0.519391, 0.579938, -0.627618, 3.1857, 0.00579, 0.736825, 0.676057, 1.62883, 0.0, 0.0, 0.0, 1.0]}, "07304b100af64280bbaf510f06c7069c_d2_4.png": {"intrinsics": {"fx": 1075.88, "fy": 1075.97, "cx": 630.947, "cy": 504.414}, "camera_to_world_matrix": [-0.0225144, 0.677207, -0.735448, 25.6148, -0.999648, -0.00498195, 0.0260157, 3.17286, 0.0139543, 0.735776, 0.67708, 1.62881, 0.0, 0.0, 0.0, 1.0]}, "07304b100af64280bbaf510f06c7069c_d2_5.png": {"intrinsics": {"fx": 1075.88, "fy": 1075.97, "cx": 630.947, "cy": 504.414}, "camera_to_world_matrix": [-0.876942, 0.335514, -0.344093, 25.6071, -0.480205, -0.582965, 0.655404, 3.16052, 0.019303, 0.739988, 0.672342, 1.6289, 0.0, 0.0, 0.0, 1.0]}, "0e84cf4dec784bc28b78a80bee35c550_d0_0.png": {"intrinsics": {"fx": 1074.16, "fy": 1075.2, "cx": 632.767, "cy": 511.776}, "camera_to_world_matrix": [0.785172, 0.40193, 0.471123, 4.02269, 0.618981, -0.532859, -0.576994, -0.288868, 0.0191314, 0.744656, -0.667174, 4.71719, 0.0, 0.0, 0.0, 1.0]}, "0e84cf4dec784bc28b78a80bee35c550_d0_1.png": {"intrinsics": {"fx": 1074.16, "fy": 1075.2, "cx": 632.767, "cy": 511.776}, "camera_to_world_matrix": [0.92872, -0.257463, -0.266816, 4.03709, -0.370614, -0.623049, -0.688806, -0.286785, 0.0111033, 0.738594, -0.674059, 4.71732, 0.0, 0.0, 0.0, 1.0]}, "0e84cf4dec784bc28b78a80bee35c550_d0_2.png": {"intrinsics": {"fx": 1074.16, "fy": 1075.2, "cx": 632.767, "cy": 511.776}, "camera_to_world_matrix": [0.14347, -0.665302, -0.732658, 4.04609, -0.989653, -0.0970883, -0.105633, -0.298214, -0.000854479, 0.740233, -0.67235, 4.71729, 0.0, 0.0, 0.0, 1.0]}, "0e84cf4dec784bc28b78a80bee35c550_d0_3.png": {"intrinsics": {"fx": 1074.16, "fy": 1075.2, "cx": 632.767, "cy": 511.776}, "camera_to_world_matrix": [-0.785309, -0.41374, -0.460551, 4.0407, -0.619084, 0.51905, 0.589339, -0.311726, -0.0047838, 0.747934, -0.663756, 4.71712, 0.0, 0.0, 0.0, 1.0]}, "0e84cf4dec784bc28b78a80bee35c550_d0_4.png": {"intrinsics": {"fx": 1074.16, "fy": 1075.2, "cx": 632.767, "cy": 511.776}, "camera_to_world_matrix": [-0.928819, 0.245657, 0.277392, 4.0263, 0.370517, 0.609214, 0.701123, -0.313809, 0.00324471, 0.753995, -0.656871, 4.71699, 0.0, 0.0, 0.0, 1.0]}, "0e84cf4dec784bc28b78a80bee35c550_d0_5.png": {"intrinsics": {"fx": 1074.16, "fy": 1075.2, "cx": 632.767, "cy": 511.776}, "camera_to_world_matrix": [-0.143545, 0.653476, 0.743211, 4.0173, 0.989526, 0.0832377, 0.117931, -0.302379, 0.0152024, 0.752356, -0.658581, 4.71702, 0.0, 0.0, 0.0, 1.0]}, "0e84cf4dec784bc28b78a80bee35c550_d1_0.png": {"intrinsics": {"fx": 1075.65, "fy": 1075.86, "cx": 638.996, "cy": 512.087}, "camera_to_world_matrix": [0.78517, -0.0233119, 0.618842, 4.02926, 0.618677, -0.0145991, -0.78551, -0.297856, 0.0273462, 0.999622, 0.00296023, 4.75041, 0.0, 0.0, 0.0, 1.0]}, "0e84cf4dec784bc28b78a80bee35c550_d1_1.png": {"intrinsics": {"fx": 1075.65, "fy": 1075.86, "cx": 638.996, "cy": 512.087}, "camera_to_world_matrix": [0.928489, -0.0202426, -0.37081, 4.03273, -0.370859, 0.0013965, -0.928689, -0.297355, 0.0193167, 0.999794, -0.00621004, 4.75044, 0.0, 0.0, 0.0, 1.0]}, "0e84cf4dec784bc28b78a80bee35c550_d1_2.png": {"intrinsics": {"fx": 1075.65, "fy": 1075.86, "cx": 638.996, "cy": 512.087}, "camera_to_world_matrix": [0.143176, -0.00485488, -0.989686, 4.03489, -0.989671, 0.00673499, -0.143207, -0.300104, 0.00736064, 0.999966, -0.00383997, 4.75044, 0.0, 0.0, 0.0, 1.0]}, "0e84cf4dec784bc28b78a80bee35c550_d1_3.png": {"intrinsics": {"fx": 1075.65, "fy": 1075.86, "cx": 638.996, "cy": 512.087}, "camera_to_world_matrix": [-0.785438, 0.00746314, -0.618896, 4.0336, -0.618932, -0.00392226, 0.785436, -0.303354, 0.00343421, 0.999965, 0.00770033, 4.7504, 0.0, 0.0, 0.0, 1.0]}, "0e84cf4dec784bc28b78a80bee35c550_d1_4.png": {"intrinsics": {"fx": 1075.65, "fy": 1075.86, "cx": 638.996, "cy": 512.087}, "camera_to_world_matrix": [-0.928718, 0.00439317, 0.370761, 4.03013, 0.37061, -0.0199178, 0.928575, -0.303855, 0.011464, 0.999792, 0.0168703, 4.75036, 0.0, 0.0, 0.0, 1.0]}, "0e84cf4dec784bc28b78a80bee35c550_d1_5.png": {"intrinsics": {"fx": 1075.65, "fy": 1075.86, "cx": 638.996, "cy": 512.087}, "camera_to_world_matrix": [-0.143381, -0.0109948, 0.989607, 4.02797, 0.989391, -0.0252557, 0.143069, -0.301106, 0.02342, 0.999621, 0.0144997, 4.75037, 0.0, 0.0, 0.0, 1.0]}, "0e84cf4dec784bc28b78a80bee35c550_d2_0.png": {"intrinsics": {"fx": 1075.88, "fy": 1075.97, "cx": 630.947, "cy": 504.414}, "camera_to_world_matrix": [0.777751, -0.434161, 0.45454, 4.02216, 0.628146, 0.510237, -0.587444, -0.289484, 0.0231226, 0.742403, 0.669554, 4.78369, 0.0, 0.0, 0.0, 1.0]}, "0e84cf4dec784bc28b78a80bee35c550_d2_1.png": {"intrinsics": {"fx": 1075.88, "fy": 1075.97, "cx": 630.947, "cy": 504.414}, "camera_to_world_matrix": [0.932962, 0.227791, -0.278733, 4.03656, -0.359651, 0.622555, -0.695037, -0.287401, 0.0152036, 0.74869, 0.662745, 4.78382, 0.0, 0.0, 0.0, 1.0]}, "0e84cf4dec784bc28b78a80bee35c550_d2_2.png": {"intrinsics": {"fx": 1075.88, "fy": 1075.97, "cx": 630.947, "cy": 504.414}, "camera_to_world_matrix": [0.155102, 0.656074, -0.738587, 4.04557, -0.987892, 0.10544, -0.113795, -0.29883, 0.00321921, 0.747295, 0.664484, 4.78378, 0.0, 0.0, 0.0, 1.0]}, "0e84cf4dec784bc28b78a80bee35c550_d2_3.png": {"intrinsics": {"fx": 1075.88, "fy": 1075.97, "cx": 630.947, "cy": 504.414}, "camera_to_world_matrix": [-0.777952, 0.422395, -0.465159, 4.04017, -0.628322, -0.523981, 0.575026, -0.312342, -0.000845877, 0.739613, 0.673031, 4.78362, 0.0, 0.0, 0.0, 1.0]}, "0e84cf4dec784bc28b78a80bee35c550_d2_4.png": {"intrinsics": {"fx": 1075.88, "fy": 1075.97, "cx": 630.947, "cy": 504.414}, "camera_to_world_matrix": [-0.933125, -0.239562, 0.268118, 4.02577, 0.359481, -0.636273, 0.68259, -0.314425, 0.00707357, 0.733326, 0.679839, 4.78348, 0.0, 0.0, 0.0, 1.0]}, "0e84cf4dec784bc28b78a80bee35c550_d2_5.png": {"intrinsics": {"fx": 1075.88, "fy": 1075.97, "cx": 630.947, "cy": 504.414}, "camera_to_world_matrix": [-0.15524, -0.667825, 0.72795, 4.01677, 0.987692, -0.119141, 0.101331, -0.302995, 0.0190578, 0.734721, 0.6781, 4.78352, 0.0, 0.0, 0.0, 1.0]}, "12027c1e43dd4e808d58137ddb8e293b_d0_0.png": {"intrinsics": {"fx": 1074.16, "fy": 1075.2, "cx": 632.767, "cy": 511.776}, "camera_to_world_matrix": [0.718789, -0.471484, -0.510924, 4.13553, -0.695154, -0.476754, -0.538019, 3.88395, 0.0100827, 0.741894, -0.670441, 4.76162, 0.0, 0.0, 0.0, 1.0]}, "12027c1e43dd4e808d58137ddb8e293b_d0_1.png": {"intrinsics": {"fx": 1074.16, "fy": 1075.2, "cx": 632.767, "cy": 511.776}, "camera_to_world_matrix": [-0.242623, -0.649345, -0.720752, 4.13952, -0.970115, 0.1646, 0.178272, 3.86996, 0.00287579, 0.742467, -0.669877, 4.76161, 0.0, 0.0, 0.0, 1.0]}, "12027c1e43dd4e808d58137ddb8e293b_d0_2.png": {"intrinsics": {"fx": 1074.16, "fy": 1075.2, "cx": 632.767, "cy": 511.776}, "camera_to_world_matrix": [-0.961455, -0.182853, -0.205347, 4.1294, -0.27496, 0.639295, 0.71812, 3.85951, -3.27243e-05, 0.746903, -0.664933, 4.76152, 0.0, 0.0, 0.0, 1.0]}, "12027c1e43dd4e808d58137ddb8e293b_d0_3.png": {"intrinsics": {"fx": 1074.16, "fy": 1075.2, "cx": 632.767, "cy": 511.776}, "camera_to_world_matrix": [-0.718858, 0.461488, 0.519874, 4.11529, 0.695142, 0.472626, 0.541664, 3.86304, 0.00426575, 0.750767, -0.660553, 4.76143, 0.0, 0.0, 0.0, 1.0]}, "12027c1e43dd4e808d58137ddb8e293b_d0_4.png": {"intrinsics": {"fx": 1074.16, "fy": 1075.2, "cx": 632.767, "cy": 511.776}, "camera_to_world_matrix": [0.242565, 0.639324, 0.729675, 4.11129, 0.970066, -0.168735, -0.174636, 3.87703, 0.0114726, 0.750194, -0.661118, 4.76144, 0.0, 0.0, 0.0, 1.0]}, "12027c1e43dd4e808d58137ddb8e293b_d0_5.png": {"intrinsics": {"fx": 1074.16, "fy": 1075.2, "cx": 632.767, "cy": 511.776}, "camera_to_world_matrix": [0.961369, 0.172814, 0.214248, 4.12141, 0.274882, -0.643412, -0.714464, 3.88749, 0.0143809, 0.745758, -0.666062, 4.76154, 0.0, 0.0, 0.0, 1.0]}, "12027c1e43dd4e808d58137ddb8e293b_d1_0.png": {"intrinsics": {"fx": 1075.65, "fy": 1075.86, "cx": 638.996, "cy": 512.087}, "camera_to_world_matrix": [0.718516, -0.0140631, -0.695368, 4.12762, -0.69527, 0.0117799, -0.718653, 3.87592, 0.0182978, 0.999832, -0.00131312, 4.7948, 0.0, 0.0, 0.0, 1.0]}, "12027c1e43dd4e808d58137ddb8e293b_d1_1.png": {"intrinsics": {"fx": 1075.65, "fy": 1075.86, "cx": 638.996, "cy": 512.087}, "camera_to_world_matrix": [-0.242868, 0.00220017, -0.970057, 4.12858, -0.969996, 0.0108833, 0.242877, 3.87256, 0.0110917, 0.999939, -0.000508585, 4.7948, 0.0, 0.0, 0.0, 1.0]}, "12027c1e43dd4e808d58137ddb8e293b_d1_2.png": {"intrinsics": {"fx": 1075.65, "fy": 1075.86, "cx": 638.996, "cy": 512.087}, "camera_to_world_matrix": [-0.961482, 0.00955541, -0.274703, 4.12615, -0.274747, -0.00364977, 0.96151, 3.87004, 0.00818489, 0.999948, 0.00613498, 4.79477, 0.0, 0.0, 0.0, 1.0]}, "12027c1e43dd4e808d58137ddb8e293b_d1_3.png": {"intrinsics": {"fx": 1075.65, "fy": 1075.86, "cx": 638.996, "cy": 512.087}, "camera_to_world_matrix": [-0.718696, 0.000647188, 0.695325, 4.12275, 0.695213, -0.0172859, 0.718596, 3.87089, 0.0124843, 0.999851, 0.0119738, 4.79475, 0.0, 0.0, 0.0, 1.0]}, "12027c1e43dd4e808d58137ddb8e293b_d1_4.png": {"intrinsics": {"fx": 1075.65, "fy": 1075.86, "cx": 638.996, "cy": 512.087}, "camera_to_world_matrix": [0.242699, -0.0156161, 0.969976, 4.12179, 0.969902, -0.0163887, -0.242945, 3.87426, 0.0196903, 0.999744, 0.011169, 4.79476, 0.0, 0.0, 0.0, 1.0]}, "12027c1e43dd4e808d58137ddb8e293b_d1_5.png": {"intrinsics": {"fx": 1075.65, "fy": 1075.86, "cx": 638.996, "cy": 512.087}, "camera_to_world_matrix": [0.961287, -0.0229708, 0.274594, 4.12422, 0.274624, -0.00185528, -0.96155, 3.87677, 0.0225969, 0.999735, 0.00452535, 4.79478, 0.0, 0.0, 0.0, 1.0]}, "12027c1e43dd4e808d58137ddb8e293b_d2_0.png": {"intrinsics": {"fx": 1075.88, "fy": 1075.97, "cx": 630.947, "cy": 504.414}, "camera_to_world_matrix": [0.726889, 0.449996, -0.518782, 4.13508, -0.686608, 0.491732, -0.535507, 3.88377, 0.0141256, 0.745455, 0.666405, 4.82812, 0.0, 0.0, 0.0, 1.0]}, "12027c1e43dd4e808d58137ddb8e293b_d2_1.png": {"intrinsics": {"fx": 1075.88, "fy": 1075.97, "cx": 630.947, "cy": 504.414}, "camera_to_world_matrix": [-0.231176, 0.650129, -0.723802, 4.13908, -0.972887, -0.149191, 0.176726, 3.86978, 0.00690991, 0.745033, 0.66699, 4.82811, 0.0, 0.0, 0.0, 1.0]}, "12027c1e43dd4e808d58137ddb8e293b_d2_2.png": {"intrinsics": {"fx": 1075.88, "fy": 1075.97, "cx": 630.947, "cy": 504.414}, "camera_to_world_matrix": [-0.958135, 0.195147, -0.209508, 4.12896, -0.286288, -0.64296, 0.710381, 3.85932, 0.00392335, 0.740621, 0.67191, 4.82801, 0.0, 0.0, 0.0, 1.0]}, "12027c1e43dd4e808d58137ddb8e293b_d2_3.png": {"intrinsics": {"fx": 1075.88, "fy": 1075.97, "cx": 630.947, "cy": 504.414}, "camera_to_world_matrix": [-0.727012, -0.459958, 0.509795, 4.11484, 0.686575, -0.495794, 0.531791, 3.86286, 0.00815244, 0.736632, 0.676244, 4.82793, 0.0, 0.0, 0.0, 1.0]}, "12027c1e43dd4e808d58137ddb8e293b_d2_4.png": {"intrinsics": {"fx": 1075.88, "fy": 1075.97, "cx": 630.947, "cy": 504.414}, "camera_to_world_matrix": [0.231064, -0.660066, 0.714788, 4.11085, 0.972816, 0.145136, -0.180451, 3.87685, 0.0153681, 0.737054, 0.675658, 4.82794, 0.0, 0.0, 0.0, 1.0]}, "12027c1e43dd4e808d58137ddb8e293b_d2_5.png": {"intrinsics": {"fx": 1075.88, "fy": 1075.97, "cx": 630.947, "cy": 504.414}, "camera_to_world_matrix": [0.957996, -0.205064, 0.200473, 4.12097, 0.286189, 0.638887, -0.714086, 3.88731, 0.0183544, 0.741466, 0.670739, 4.82804, 0.0, 0.0, 0.0, 1.0]}, "1756d4f77c2b4892bc23d3b352b11f91_d0_0.png": {"intrinsics": {"fx": 1074.16, "fy": 1075.2, "cx": 632.767, "cy": 511.776}, "camera_to_world_matrix": [0.69027, 0.473983, 0.546687, 17.2821, 0.723311, -0.471506, -0.504482, -2.96422, 0.0186505, 0.743654, -0.668305, 4.71953, 0.0, 0.0, 0.0, 1.0]}, "1756d4f77c2b4892bc23d3b352b11f91_d0_1.png": {"intrinsics": {"fx": 1074.16, "fy": 1075.2, "cx": 632.767, "cy": 511.776}, "camera_to_world_matrix": [0.97165, -0.166162, -0.16818, 17.296, -0.236226, -0.653596, -0.719033, -2.96013, 0.00955467, 0.738378, -0.67432, 4.71965, 0.0, 0.0, 0.0, 1.0]}, "1756d4f77c2b4892bc23d3b352b11f91_d0_2.png": {"intrinsics": {"fx": 1074.16, "fy": 1075.2, "cx": 632.767, "cy": 511.776}, "camera_to_world_matrix": [0.281322, -0.643961, -0.711457, 17.3066, -0.959611, -0.19027, -0.207227, -2.97018, -0.00192208, 0.741019, -0.671481, 4.71959, 0.0, 0.0, 0.0, 1.0]}, "1756d4f77c2b4892bc23d3b352b11f91_d0_3.png": {"intrinsics": {"fx": 1074.16, "fy": 1075.2, "cx": 632.767, "cy": 511.776}, "camera_to_world_matrix": [-0.690371, -0.481605, -0.539854, 17.3031, -0.723441, 0.455135, 0.519118, -2.98432, -0.00430279, 0.748937, -0.662627, 4.71942, 0.0, 0.0, 0.0, 1.0]}, "1756d4f77c2b4892bc23d3b352b11f91_d0_4.png": {"intrinsics": {"fx": 1074.16, "fy": 1075.2, "cx": 632.767, "cy": 511.776}, "camera_to_world_matrix": [-0.971715, 0.158547, 0.175021, 17.2892, 0.236107, 0.6372, 0.733641, -2.98841, 0.00479332, 0.754213, -0.656612, 4.7193, 0.0, 0.0, 0.0, 1.0]}, "1756d4f77c2b4892bc23d3b352b11f91_d0_5.png": {"intrinsics": {"fx": 1074.16, "fy": 1075.2, "cx": 632.767, "cy": 511.776}, "camera_to_world_matrix": [-0.281358, 0.636328, 0.718278, 17.2786, 0.959464, 0.173855, 0.221814, -2.97836, 0.0162699, 0.751571, -0.659451, 4.71936, 0.0, 0.0, 0.0, 1.0]}, "1756d4f77c2b4892bc23d3b352b11f91_d1_0.png": {"intrinsics": {"fx": 1075.65, "fy": 1075.86, "cx": 638.996, "cy": 512.087}, "camera_to_world_matrix": [0.690323, -0.0196009, 0.723237, 17.2899, 0.723004, -0.0184293, -0.690599, -2.97222, 0.026865, 0.999638, 0.00144988, 4.75274, 0.0, 0.0, 0.0, 1.0]}, "1756d4f77c2b4892bc23d3b352b11f91_d1_1.png": {"intrinsics": {"fx": 1075.65, "fy": 1075.86, "cx": 638.996, "cy": 512.087}, "camera_to_world_matrix": [0.971468, -0.0188131, -0.236427, 17.2933, -0.236508, -0.00216099, -0.971628, -2.97123, 0.0177682, 0.999821, -0.00654829, 4.75277, 0.0, 0.0, 0.0, 1.0]}, "1756d4f77c2b4892bc23d3b352b11f91_d1_2.png": {"intrinsics": {"fx": 1075.65, "fy": 1075.86, "cx": 638.996, "cy": 512.087}, "camera_to_world_matrix": [0.281045, -0.00432961, -0.959686, 17.2958, -0.959675, 0.00528989, -0.281065, -2.97365, 0.00629339, 0.999977, -0.00266785, 4.75275, 0.0, 0.0, 0.0, 1.0]}, "1756d4f77c2b4892bc23d3b352b11f91_d1_3.png": {"intrinsics": {"fx": 1075.65, "fy": 1075.86, "cx": 638.996, "cy": 512.087}, "camera_to_world_matrix": [-0.690508, 0.00936566, -0.723265, 17.295, -0.723315, -0.00352767, 0.69051, -2.97705, 0.00391551, 0.99995, 0.00921066, 4.75271, 0.0, 0.0, 0.0, 1.0]}, "