{"03c2faa5043b4f46acfdbb63cb042616_d0_0.png": {"intrinsics": {"fx": 1073.65, "fy": 1074.78, "cx": 629.487, "cy": 519.247}, "camera_to_world_matrix": [-0.304278, -0.613972, -0.728322, 1.73361, -0.952252, 0.2162, 0.215576, -1.4575, 0.0251059, 0.759141, -0.650442, -1.39567, 0.0, 0.0, 0.0, 1.0]}, "03c2faa5043b4f46acfdbb63cb042616_d0_1.png": {"intrinsics": {"fx": 1073.65, "fy": 1074.78, "cx": 629.487, "cy": 519.247}, "camera_to_world_matrix": [-0.976613, -0.116602, -0.180639, 1.72291, -0.212103, 0.66004, 0.720666, -1.46736, 0.0351978, 0.742126, -0.669336, -1.39531, 0.0, 0.0, 0.0, 1.0]}, "03c2faa5043b4f46acfdbb63cb042616_d0_2.png": {"intrinsics": {"fx": 1073.65, "fy": 1074.78, "cx": 629.487, "cy": 519.247}, "camera_to_world_matrix": [-0.672104, 0.516454, 0.530613, 1.70903, 0.740232, 0.451, 0.498653, -1.46301, 0.0182245, 0.727924, -0.685415, -1.39499, 0.0, 0.0, 0.0, 1.0]}, "03c2faa5043b4f46acfdbb63cb042616_d0_3.png": {"intrinsics": {"fx": 1073.65, "fy": 1074.78, "cx": 629.487, "cy": 519.247}, "camera_to_world_matrix": [0.304732, 0.652126, 0.694168, 1.70585, 0.952397, -0.201874, -0.228444, -1.44882, -0.00884026, 0.730738, -0.682601, -1.39505, 0.0, 0.0, 0.0, 1.0]}, "03c2faa5043b4f46acfdbb63cb042616_d0_4.png": {"intrinsics": {"fx": 1073.65, "fy": 1074.78, "cx": 629.487, "cy": 519.247}, "camera_to_world_matrix": [0.977038, 0.154739, 0.146466, 1.71655, 0.212222, -0.645694, -0.733513, -1.43896, -0.0189311, 0.747753, -0.663707, -1.39542, 0.0, 0.0, 0.0, 1.0]}, "03c2faa5043b4f46acfdbb63cb042616_d0_5.png": {"intrinsics": {"fx": 1073.65, "fy": 1074.78, "cx": 629.487, "cy": 519.247}, "camera_to_world_matrix": [0.672492, -0.478309, -0.564778, 1.73043, -0.740102, -0.436629, -0.511472, -1.44331, -0.00195704, 0.761955, -0.647627, -1.39573, 0.0, 0.0, 0.0, 1.0]}, "03c2faa5043b4f46acfdbb63cb042616_d1_0.png": {"intrinsics": {"fx": 1072.73, "fy": 1073.34, "cx": 631.073, "cy": 525.321}, "camera_to_world_matrix": [-0.298284, 0.0365314, -0.953777, 1.72392, -0.954342, 0.00535245, 0.298666, -1.45389, 0.0160159, 0.999318, 0.0332662, -1.3622, 0.0, 0.0, 0.0, 1.0]}, "03c2faa5043b4f46acfdbb63cb042616_d1_1.png": {"intrinsics": {"fx": 1072.73, "fy": 1073.34, "cx": 631.073, "cy": 525.321}, "camera_to_world_matrix": [-0.975464, 0.0273674, -0.218448, 1.72135, -0.218582, -0.00197559, 0.975816, -1.45626, 0.0262742, 0.999623, 0.00790841, -1.36211, 0.0, 0.0, 0.0, 1.0]}, "03c2faa5043b4f46acfdbb63cb042616_d1_2.png": {"intrinsics": {"fx": 1072.73, "fy": 1073.34, "cx": 631.073, "cy": 525.321}, "camera_to_world_matrix": [-0.677179, 0.0164391, 0.735634, 1.71801, 0.735757, 0.00230054, 0.677241, -1.45521, 0.00944105, 0.999862, -0.0136538, -1.36203, 0.0, 0.0, 0.0, 1.0]}, "03c2faa5043b4f46acfdbb63cb042616_d1_3.png": {"intrinsics": {"fx": 1072.73, "fy": 1073.34, "cx": 631.073, "cy": 525.321}, "camera_to_world_matrix": [0.29828, 0.0146749, 0.954365, 1.71724, 0.954315, 0.0139046, -0.298478, -1.4518, -0.01765, 0.999795, -0.00985774, -1.36205, 0.0, 0.0, 0.0, 1.0]}, "03c2faa5043b4f46acfdbb63cb042616_d1_4.png": {"intrinsics": {"fx": 1072.73, "fy": 1073.34, "cx": 631.073, "cy": 525.321}, "camera_to_world_matrix": [0.975431, 0.0238391, 0.219009, 1.71982, 0.218528, 0.0212323, -0.975599, -1.44943, -0.0279073, 0.99949, 0.0155004, -1.36214, 0.0, 0.0, 0.0, 1.0]}, "03c2faa5043b4f46acfdbb63cb042616_d1_5.png": {"intrinsics": {"fx": 1072.73, "fy": 1073.34, "cx": 631.073, "cy": 525.321}, "camera_to_world_matrix": [0.677108, 0.0347673, -0.735061, 1.72316, -0.735799, 0.0169557, -0.676986, -1.45047, -0.0110733, 0.999251, 0.0370619, -1.36221, 0.0, 0.0, 0.0, 1.0]}, "03c2faa5043b4f46acfdbb63cb042616_d2_0.png": {"intrinsics": {"fx": 1076.51, "fy": 1076.92, "cx": 629.969, "cy": 507.819}, "camera_to_world_matrix": [-0.294346, 0.661363, -0.689896, 1.73532, -0.955403, -0.185727, 0.229582, -1.45686, 0.0237051, 0.726707, 0.686536, -1.3292, 0.0, 0.0, 0.0, 1.0]}, "03c2faa5043b4f46acfdbb63cb042616_d2_1.png": {"intrinsics": {"fx": 1076.51, "fy": 1076.92, "cx": 629.969, "cy": 507.819}, "camera_to_world_matrix": [-0.974378, 0.173323, -0.143326, 1.72462, -0.222314, -0.645724, 0.73049, -1.46672, 0.0340621, 0.743639, 0.66771, -1.32883, 0.0, 0.0, 0.0, 1.0]}, "03c2faa5043b4f46acfdbb63cb042616_d2_2.png": {"intrinsics": {"fx": 1076.51, "fy": 1076.92, "cx": 629.969, "cy": 507.819}, "camera_to_world_matrix": [-0.679831, -0.469056, 0.56375, 1.71073, 0.733161, -0.452842, 0.507352, -1.46237, 0.0173138, 0.758235, 0.651749, -1.32852, 0.0, 0.0, 0.0, 1.0]}, "03c2faa5043b4f46acfdbb63cb042616_d2_3.png": {"intrinsics": {"fx": 1076.51, "fy": 1076.92, "cx": 629.969, "cy": 507.819}, "camera_to_world_matrix": [0.29474, -0.62338, 0.72424, 1.70755, 0.955525, 0.200034, -0.216691, -1.44818, -0.00979121, 0.755899, 0.654612, -1.32857, 0.0, 0.0, 0.0, 1.0]}, "03c2faa5043b4f46acfdbb63cb042616_d2_4.png": {"intrinsics": {"fx": 1076.51, "fy": 1076.92, "cx": 629.969, "cy": 507.819}, "camera_to_world_matrix": [0.974743, -0.135321, 0.177651, 1.71825, 0.222409, 0.660011, -0.717578, -1.43832, -0.0201473, 0.738967, 0.673438, -1.32894, 0.0, 0.0, 0.0, 1.0]}, "03c2faa5043b4f46acfdbb63cb042616_d2_5.png": {"intrinsics": {"fx": 1076.51, "fy": 1076.92, "cx": 629.969, "cy": 507.819}, "camera_to_world_matrix": [0.680159, 0.50705, -0.529417, 1.73213, -0.733054, 0.467104, -0.494412, -1.44267, -0.0033981, 0.724371, 0.689399, -1.32925, 0.0, 0.0, 0.0, 1.0]}, "057f369b0be34cd9af511a1c4ff3dfef_d0_0.png": {"intrinsics": {"fx": 1073.65, "fy": 1074.78, "cx": 629.487, "cy": 519.247}, "camera_to_world_matrix": [-0.933994, -0.241162, -0.26362, 9.92376, -0.35718, 0.648355, 0.672353, -3.35876, 0.00877319, 0.722133, -0.691698, -1.41191, 0.0, 0.0, 0.0, 1.0]}, "057f369b0be34cd9af511a1c4ff3dfef_d0_1.png": {"intrinsics": {"fx": 1073.65, "fy": 1074.78, "cx": 629.487, "cy": 519.247}, "camera_to_world_matrix": [-0.776427, 0.416308, 0.473126, 9.90938, 0.629858, 0.537591, 0.560602, -3.35657, -0.0209652, 0.733269, -0.679616, -1.41215, 0.0, 0.0, 0.0, 1.0]}, "057f369b0be34cd9af511a1c4ff3dfef_d0_2.png": {"intrinsics": {"fx": 1073.65, "fy": 1074.78, "cx": 629.487, "cy": 519.247}, "camera_to_world_matrix": [0.157491, 0.648858, 0.744432, 9.90409, 0.987284, -0.0869622, -0.13307, -3.34302, -0.0216062, 0.755924, -0.654303, -1.41264, 0.0, 0.0, 0.0, 1.0]}, "057f369b0be34cd9af511a1c4ff3dfef_d0_3.png": {"intrinsics": {"fx": 1073.65, "fy": 1074.78, "cx": 629.487, "cy": 519.247}, "camera_to_world_matrix": [0.93382, 0.223933, 0.278987, 9.91319, 0.357664, -0.600738, -0.714976, -3.33167, 0.00749131, 0.767442, -0.641074, -1.4129, 0.0, 0.0, 0.0, 1.0]}, "057f369b0be34cd9af511a1c4ff3dfef_d0_4.png": {"intrinsics": {"fx": 1073.65, "fy": 1074.78, "cx": 629.487, "cy": 519.247}, "camera_to_world_matrix": [0.776214, -0.433533, -0.457755, 9.92757, -0.629368, -0.489948, -0.603196, -3.33386, 0.0372291, 0.756306, -0.653158, -1.41266, 0.0, 0.0, 0.0, 1.0]}, "057f369b0be34cd9af511a1c4ff3dfef_d0_5.png": {"intrinsics": {"fx": 1073.65, "fy": 1074.78, "cx": 629.487, "cy": 519.247}, "camera_to_world_matrix": [-0.157717, -0.666059, -0.729034, 9.93286, -0.986758, 0.134614, 0.0904868, -3.34741, 0.0378687, 0.733651, -0.67847, -1.41217, 0.0, 0.0, 0.0, 1.0]}, "057f369b0be34cd9af511a1c4ff3dfef_d1_0.png": {"intrinsics": {"fx": 1072.73, "fy": 1073.34, "cx": 631.073, "cy": 525.321}, "camera_to_world_matrix": [-0.931564, -0.00804928, -0.363485, 9.91936, -0.363574, 0.0207537, 0.931334, -3.34741, 4.7291e-05, 0.999752, -0.0222607, -1.37906, 0.0, 0.0, 0.0, 1.0]}, "057f369b0be34cd9af511a1c4ff3dfef_d1_1.png": {"intrinsics": {"fx": 1072.73, "fy": 1073.34, "cx": 631.073, "cy": 525.321}, "camera_to_world_matrix": [-0.780453, -0.0194997, 0.624909, 9.9159, 0.624503, 0.0233253, 0.780673, -3.34688, -0.0297989, 0.999537, -0.00602745, -1.37911, 0.0, 0.0, 0.0, 1.0]}, "057f369b0be34cd9af511a1c4ff3dfef_d1_2.png": {"intrinsics": {"fx": 1072.73, "fy": 1073.34, "cx": 631.073, "cy": 525.321}, "camera_to_world_matrix": [0.151138, -0.022993, 0.988245, 9.91463, 0.988036, 0.034524, -0.150304, -3.34362, -0.030662, 0.999139, 0.0279351, -1.37923, 0.0, 0.0, 0.0, 1.0]}, "057f369b0be34cd9af511a1c4ff3dfef_d1_3.png": {"intrinsics": {"fx": 1072.73, "fy": 1073.34, "cx": 631.073, "cy": 525.321}, "camera_to_world_matrix": [0.931598, -0.0150358, 0.363178, 9.91682, 0.363485, 0.0431507, -0.9306, -3.34089, -0.00167888, 0.998955, 0.0456637, -1.37929, 0.0, 0.0, 0.0, 1.0]}, "057f369b0be34cd9af511a1c4ff3dfef_d1_4.png": {"intrinsics": {"fx": 1072.73, "fy": 1073.34, "cx": 631.073, "cy": 525.321}, "camera_to_world_matrix": [0.780447, -0.00358549, -0.62521, 9.92028, -0.624585, 0.0405786, -0.779901, -3.34142, 0.0281667, 0.999169, 0.0294293, -1.37924, 0.0, 0.0, 0.0, 1.0]}, "057f369b0be34cd9af511a1c4ff3dfef_d1_5.png": {"intrinsics": {"fx": 1072.73, "fy": 1073.34, "cx": 631.073, "cy": 525.321}, "camera_to_world_matrix": [-0.151158, -9.26256e-05, -0.988509, 9.92155, -0.988082, 0.0293798, 0.151091, -3.34468, 0.0290285, 0.999568, -0.00453328, -1.37912, 0.0, 0.0, 0.0, 1.0]}, "057f369b0be34cd9af511a1c4ff3dfef_d2_0.png": {"intrinsics": {"fx": 1076.51, "fy": 1076.92, "cx": 629.969, "cy": 507.819}, "camera_to_world_matrix": [-0.930203, 0.242442, -0.27557, 9.923, -0.366952, -0.598024, 0.71254, -3.35664, 0.0079524, 0.76393, 0.645248, -1.34545, 0.0, 0.0, 0.0, 1.0]}, "057f369b0be34cd9af511a1c4ff3dfef_d2_1.png": {"intrinsics": {"fx": 1076.51, "fy": 1076.92, "cx": 629.969, "cy": 507.819}, "camera_to_world_matrix": [-0.78296, -0.421811, 0.457216, 9.90861, 0.621681, -0.504634, 0.599044, -3.35444, -0.0219563, 0.753272, 0.65734, -1.34569, 0.0, 0.0, 0.0, 1.0]}, "057f369b0be34cd9af511a1c4ff3dfef_d2_2.png": {"intrinsics": {"fx": 1076.51, "fy": 1076.92, "cx": 629.969, "cy": 507.819}, "camera_to_world_matrix": [0.147181, -0.672804, 0.725032, 9.90333, 0.988841, 0.117098, -0.092073, -3.3409, -0.0229521, 0.730494, 0.68253, -1.34618, 0.0, 0.0, 0.0, 1.0]}, "057f369b0be34cd9af511a1c4ff3dfef_d2_3.png": {"intrinsics": {"fx": 1076.51, "fy": 1076.92, "cx": 629.969, "cy": 507.819}, "camera_to_world_matrix": [0.930057, -0.259538, 0.260056, 9.91242, 0.367361, 0.645427, -0.669679, -3.32954, 0.0059608, 0.718375, 0.695627, -1.34644, 0.0, 0.0, 0.0, 1.0]}, "057f369b0be34cd9af511a1c4ff3dfef_d2_4.png": {"intrinsics": {"fx": 1076.51, "fy": 1076.92, "cx": 629.969, "cy": 507.819}, "camera_to_world_matrix": [0.782775, 0.404711, -0.472726, 9.9268, -0.621266, 0.552012, -0.556154, -3.33174, 0.0358689, 0.729034, 0.683534, -1.3462, 0.0, 0.0, 0.0, 1.0]}, "057f369b0be34cd9af511a1c4ff3dfef_d2_5.png": {"intrinsics": {"fx": 1076.51, "fy": 1076.92, "cx": 629.969, "cy": 507.819}, "camera_to_world_matrix": [-0.14738, 0.65568, -0.740515, 9.93209, -0.988391, -0.0697304, 0.134973, -3.34528, 0.0368633, 0.751812, 0.658344, -1.34571, 0.0, 0.0, 0.0, 1.0]}, "07e9aeed001546d886e6988d5f17b226_d0_0.png": {"intrinsics": {"fx": 1073.65, "fy": 1074.78, "cx": 629.487, "cy": 519.247}, "camera_to_world_matrix": [-0.864707, 0.342225, 0.367645, 18.6209, 0.502225, 0.578729, 0.642528, -3.68836, 0.00712218, 0.740239, -0.672306, -1.5637, 0.0, 0.0, 0.0, 1.0]}, "07e9aeed001546d886e6988d5f17b226_d0_1.png": {"intrinsics": {"fx": 1073.65, "fy": 1074.78, "cx": 629.487, "cy": 519.247}, "camera_to_world_matrix": [0.00255597, 0.668905, 0.743343, 18.6135, 0.999996, -0.0025885, -0.00110935, -3.67579, 0.00118222, 0.743343, -0.66891, -1.56376, 0.0, 0.0, 0.0, 1.0]}, "07e9aeed001546d886e6988d5f17b226_d0_2.png": {"intrinsics": {"fx": 1073.65, "fy": 1074.78, "cx": 629.487, "cy": 519.247}, "camera_to_world_matrix": [0.867286, 0.328798, 0.373773, 18.6208, 0.497804, -0.57614, -0.648269, -3.66316, 0.0021962, 0.748301, -0.663356, -1.56387, 0.0, 0.0, 0.0, 1.0]}, "07e9aeed001546d886e6988d5f17b226_d0_3.png": {"intrinsics": {"fx": 1073.65, "fy": 1074.78, "cx": 629.487, "cy": 519.247}, "camera_to_world_matrix": [0.864734, -0.337982, -0.371487, 18.6353, -0.502146, -0.568362, -0.651777, -3.6631, 0.00915022, 0.750155, -0.661199, -1.56391, 0.0, 0.0, 0.0, 1.0]}, "07e9aeed001546d886e6988d5f17b226_d0_4.png": {"intrinsics": {"fx": 1073.65, "fy": 1074.78, "cx": 629.487, "cy": 519.247}, "camera_to_world_matrix": [-0.00254848, -0.66464, -0.747159, 18.6426, -0.999883, 0.0129684, -0.00812544, -3.67567, 0.0150901, 0.747051, -0.664595, -1.56385, 0.0, 0.0, 0.0, 1.0]}, "07e9aeed001546d886e6988d5f17b226_d0_5.png": {"intrinsics": {"fx": 1073.65, "fy": 1074.78, "cx": 629.487, "cy": 519.247}, "camera_to_world_matrix": [-0.867259, -0.32451, -0.377564, 18.6354, -0.497657, 0.586507, 0.63902, -3.6883, 0.0140757, 0.742093, -0.670149, -1.56374, 0.0, 0.0, 0.0, 1.0]}, "07e9aeed001546d886e6988d5f17b226_d1_0.png": {"intrinsics": {"fx": 1072.73, "fy": 1073.34, "cx": 631.073, "cy": 525.321}, "camera_to_world_matrix": [-0.868026, -0.00366136, 0.496504, 18.6264, 0.496514, -0.00281132, 0.868023, -3.67854, -0.00178211, 0.999989, 0.00425749, -1.53053, 0.0, 0.0, 0.0, 1.0]}, "07e9aeed001546d886e6988d5f17b226_d1_1.png": {"intrinsics": {"fx": 1072.73, "fy": 1073.34, "cx": 631.073, "cy": 525.321}, "camera_to_world_matrix": [-0.00400896, -0.00885058, 0.999952, 18.6247, 0.999961, 0.00771674, 0.00407702, -3.67551, -0.00775225, 0.999931, 0.00881857, -1.53055, 0.0, 0.0, 0.0, 1.0]}, "07e9aeed001546d886e6988d5f17b226_d1_2.png": {"intrinsics": {"fx": 1072.73, "fy": 1073.34, "cx": 631.073, "cy": 525.321}, "camera_to_world_matrix": [0.864015, -0.0023274, 0.503459, 18.6264, 0.503419, 0.0174744, -0.863865, -3.67247, -0.00678689, 0.999844, 0.0162691, -1.53057, 0.0, 0.0, 0.0, 1.0]}, "07e9aeed001546d886e6988d5f17b226_d1_3.png": {"intrinsics": {"fx": 1072.73, "fy": 1073.34, "cx": 631.073, "cy": 525.321}, "camera_to_world_matrix": [0.868002, 0.00938485, -0.496471, 18.6299, -0.496559, 0.0167038, -0.867841, -3.67246, 0.00014859, 0.999816, 0.0191583, -1.53058, 0.0, 0.0, 0.0, 1.0]}, "07e9aeed001546d886e6988d5f17b226_d1_4.png": {"intrinsics": {"fx": 1072.73, "fy": 1073.34, "cx": 631.073, "cy": 525.321}, "camera_to_world_matrix": [0.00396519, 0.0145737, -0.999885, 18.6317, -0.999973, 0.00617553, -0.00387531, -3.67548, 0.00611855, 0.999874, 0.014597, -1.53057, 0.0, 0.0, 0.0, 1.0]}, "07e9aeed001546d886e6988d5f17b226_d1_5.png": {"intrinsics": {"fx": 1072.73, "fy": 1073.34, "cx": 631.073, "cy": 525.321}, "camera_to_world_matrix": [-0.864039, 0.0080501, -0.503358, 18.6299, -0.503396, -0.00358188, 0.864048, -3.67852, 0.0051529, 0.999961, 0.00714654, -1.53054, 0.0, 0.0, 0.0, 1.0]}, "07e9aeed001546d886e6988d5f17b226_d2_0.png": {"intrinsics": {"fx": 1076.51, "fy": 1076.92, "cx": 629.969, "cy": 507.819}, "camera_to_world_matrix": [-0.869916, -0.324192, 0.371676, 18.621, 0.493159, -0.580981, 0.647497, -3.6879, 0.00602371, 0.746566, 0.665282, -1.4972, 0.0, 0.0, 0.0, 1.0]}, "07e9aeed001546d886e6988d5f17b226_d2_1.png": {"intrinsics": {"fx": 1076.51, "fy": 1076.92, "cx": 629.969, "cy": 507.819}, "camera_to_world_matrix": [-0.00789483, -0.668656, 0.743529, 18.6137, 0.999967, -0.00530483, 0.00584577, -3.67532, 3.59393e-05, 0.743552, 0.668675, -1.49727, 0.0, 0.0, 0.0, 1.0]}, "07e9aeed001546d886e6988d5f17b226_d2_2.png": {"intrinsics": {"fx": 1076.51, "fy": 1076.92, "cx": 629.969, "cy": 507.819}, "camera_to_world_matrix": [0.862041, -0.342327, 0.373756, 18.6209, 0.506833, 0.580828, -0.636992, -3.6627, 0.000972152, 0.738546, 0.674199, -1.49737, 0.0, 0.0, 0.0, 1.0]}, "07e9aeed001546d886e6988d5f17b226_d2_3.png": {"intrinsics": {"fx": 1076.51, "fy": 1076.92, "cx": 629.969, "cy": 507.819}, "camera_to_world_matrix": [0.869936, 0.328459, -0.367862, 18.6355, -0.493096, 0.591271, -0.638163, -3.66264, 0.0078961, 0.736554, 0.67633, -1.49742, 0.0, 0.0, 0.0, 1.0]}, "07e9aeed001546d886e6988d5f17b226_d2_4.png": {"intrinsics": {"fx": 1076.51, "fy": 1076.92, "cx": 629.969, "cy": 507.819}, "camera_to_world_matrix": [0.00789557, 0.672901, -0.73969, 18.6428, -0.99987, 0.0155819, 0.00350349, -3.67521, 0.0138837, 0.739568, 0.672936, -1.49735, 0.0, 0.0, 0.0, 1.0]}, "07e9aeed001546d886e6988d5f17b226_d2_5.png": {"intrinsics": {"fx": 1076.51, "fy": 1076.92, "cx": 629.969, "cy": 507.819}, "camera_to_world_matrix": [-0.862021, 0.346549, -0.369891, 18.6356, -0.506703, -0.570538, 0.646326, -3.68784, 0.0129472, 0.744573, 0.667412, -1.49724, 0.0, 0.0, 0.0, 1.0]}, "09683cec667549f1afc687826e0fa591_d0_0.png": {"intrinsics": {"fx": 1073.65, "fy": 1074.78, "cx": 629.487, "cy": 519.247}, "camera_to_world_matrix": [0.998874, -0.0226757, -0.0416775, -1.63435, -0.0459553, -0.680891, -0.730942, -2.64072, -0.0118031, 0.732034, -0.681166, -1.39202, 0.0, 0.0, 0.0, 1.0]}, "09683cec667549f1afc687826e0fa591_d0_1.png": {"intrinsics": {"fx": 1073.65, "fy": 1074.78, "cx": 629.487, "cy": 519.247}, "camera_to_world_matrix": [0.459511, -0.580752, -0.671994, -1.62205, -0.887974, -0.316358, -0.333795, -2.64848, -0.0187382, 0.750096, -0.661063, -1.39241, 0.0, 0.0, 0.0, 1.0]}, "09683cec667549f1afc687826e0fa591_d0_2.png": {"intrinsics": {"fx": 1073.65, "fy": 1074.78, "cx": 629.487, "cy": 519.247}, "camera_to_world_matrix": [-0.539218, -0.54389, -0.642983, -1.62263, -0.842165, 0.349326, 0.410767, -2.66301, 0.00119859, 0.76299, -0.646409, -1.3927, 0.0, 0.0, 0.0, 1.0]}, "09683cec667549f1afc687826e0fa591_d0_3.png": {"intrinsics": {"fx": 1073.65, "fy": 1074.78, "cx": 629.487, "cy": 519.247}, "camera_to_world_matrix": [-0.998562, 0.0510468, 0.0163452, -1.6355, 0.045662, 0.650462, 0.758165, -2.66979, 0.0280701, 0.757822, -0.651858, -1.39259, 0.0, 0.0, 0.0, 1.0]}, "09683cec667549f1afc687826e0fa591_d0_4.png": {"intrinsics": {"fx": 1073.65, "fy": 1074.78, "cx": 629.487, "cy": 519.247}, "camera_to_world_matrix": [-0.459167, 0.609109, 0.646647, -1.6478, 0.88766, 0.285907, 0.360994, -2.66202, 0.0350042, 0.739759, -0.671961, -1.3922, 0.0, 0.0, 0.0, 1.0]}, "09683cec667549f1afc687826e0fa591_d0_5.png": {"intrinsics": {"fx": 1073.65, "fy": 1074.78, "cx": 629.487, "cy": 519.247}, "camera_to_world_matrix": [0.539561, 0.572221, 0.617606, -1.64723, 0.841812, -0.379775, -0.383567, -2.64749, 0.0150666, 0.726865, -0.686615, -1.39191, 0.0, 0.0, 0.0, 1.0]}, "09683cec667549f1afc687826e0fa591_d1_0.png": {"intrinsics": {"fx": 1072.73, "fy": 1073.34, "cx": 631.073, "cy": 525.321}, "camera_to_world_matrix": [0.999016, 0.0202972, -0.039413, -1.63415, -0.0392418, -0.00874838, -0.999191, -2.65243, -0.0206254, 0.999755, -0.00794401, -1.359, 0.0, 0.0, 0.0, 1.0]}, "09683cec667549f1afc687826e0fa591_d1_1.png": {"intrinsics": {"fx": 1072.73, "fy": 1073.34, "cx": 631.073, "cy": 525.321}, "camera_to_world_matrix": [0.465153, 0.0297595, -0.88473, -1.6312, -0.884795, -0.0156863, -0.465715, -2.6543, -0.0277373, 0.999434, 0.0190338, -1.35909, 0.0, 0.0, 0.0, 1.0]}, "09683cec667549f1afc687826e0fa591_d1_2.png": {"intrinsics": {"fx": 1072.73, "fy": 1073.34, "cx": 631.073, "cy": 525.321}, "camera_to_world_matrix": [-0.533889, 0.0284787, -0.845074, -1.63133, -0.845517, -0.0273518, 0.533248, -2.6578, -0.00792792, 0.99922, 0.0386813, -1.35916, 0.0, 0.0, 0.0, 1.0]}, "09683cec667549f1afc687826e0fa591_d1_3.png": {"intrinsics": {"fx": 1072.73, "fy": 1073.34, "cx": 631.073, "cy": 525.321}, "camera_to_world_matrix": [-0.999046, 0.0177357, 0.0398972, -1.63443, 0.0393141, -0.0320792, 0.998712, -2.65943, 0.0189929, 0.999328, 0.0313506, -1.35914, 0.0, 0.0, 0.0, 1.0]}, "09683cec667549f1afc687826e0fa591_d1_4.png": {"intrinsics": {"fx": 1072.73, "fy": 1073.34, "cx": 631.073, "cy": 525.321}, "camera_to_world_matrix": [-0.46515, 0.00827377, 0.885193, -1.63739, 0.884847, -0.025141, 0.465203, -2.65756, 0.0261038, 0.999649, 0.00437256, -1.35904, 0.0, 0.0, 0.0, 1.0]}, "09683cec667549f1afc687826e0fa591_d1_5.png": {"intrinsics": {"fx": 1072.73, "fy": 1073.34, "cx": 631.073, "cy": 525.321}, "camera_to_world_matrix": [0.533891, 0.00955499, 0.845499, -1.63725, 0.845529, -0.0134755, -0.533759, -2.65406, 0.00629365, 0.999863, -0.0152742, -1.35897, 0.0, 0.0, 0.0, 1.0]}, "09683cec667549f1afc687826e0fa591_d2_0.png": {"intrinsics": {"fx": 1076.51, "fy": 1076.92, "cx": 629.969, "cy": 507.819}, "camera_to_world_matrix": [0.999286, 0.0329249, -0.0184146, -1.63308, -0.0354947, 0.655327, -0.754511, -2.64207, -0.0127741, 0.754627, 0.656027, -1.32555, 0.0, 0.0, 0.0, 1.0]}, "09683cec667549f1afc687826e0fa591_d2_1.png": {"intrinsics": {"fx": 1076.51, "fy": 1076.92, "cx": 629.969, "cy": 507.819}, "camera_to_world_matrix": [0.468744, 0.604169, -0.644405, -1.62078, -0.883105, 0.304012, -0.357348, -2.64984, -0.0199912, 0.736584, 0.676048, -1.32594, 0.0, 0.0, 0.0, 1.0]}, "09683cec667549f1afc687826e0fa591_d2_2.png": {"intrinsics": {"fx": 1076.51, "fy": 1076.92, "cx": 629.969, "cy": 507.819}, "camera_to_world_matrix": [-0.53042, 0.585334, -0.613218, -1.62136, -0.847733, -0.366462, 0.383475, -2.66437, -0.000259274, 0.723249, 0.690585, -1.32622, 0.0, 0.0, 0.0, 1.0]}, "09683cec667549f1afc687826e0fa591_d2_3.png": {"intrinsics": {"fx": 1076.51, "fy": 1076.92, "cx": 629.969, "cy": 507.819}, "camera_to_world_matrix": [-0.99902, -0.00474422, 0.0439591, -1.63424, 0.0352495, -0.685605, 0.727119, -2.67115, 0.0266894, 0.727957, 0.6851, -1.32612, 0.0, 0.0, 0.0, 1.0]}, "09683cec667549f1afc687826e0fa591_d2_4.png": {"intrinsics": {"fx": 1076.51, "fy": 1076.92, "cx": 629.969, "cy": 507.819}, "camera_to_world_matrix": [-0.468445, -0.575975, 0.669934, -1.64654, 0.882839, -0.334268, 0.329932, -2.66338, 0.0339055, 0.746001, 0.665078, -1.32572, 0.0, 0.0, 0.0, 1.0]}, "09683cec667549f1afc687826e0fa591_d2_5.png": {"intrinsics": {"fx": 1076.51, "fy": 1076.92, "cx": 629.969, "cy": 507.819}, "camera_to_world_matrix": [0.530718, -0.557114, 0.638718, -1.64596, 0.847428, 0.336205, -0.41089, -2.64885, 0.0141727, 0.759335, 0.650542, -1.32544, 0.0, 0.0, 0.0, 1.0]}, "0bbab99391304286b6721fd92f63972b_d0_0.png": {"intrinsics": {"fx": 1073.65, "fy": 1074.78, "cx": 629.487, "cy": 519.247}, "camera_to_world_matrix": [0.0760459, -0.659336, -0.747992, 17.5223, -0.996773, -0.0309278, -0.0740765, -6.64502, 0.0257076, 0.751212, -0.659561, 1.57827, 0.0, 0.0, 0.0, 1.0]}, "0bbab99391304286b6721fd92f63972b_d0_1.png": {"intrinsics": {"fx": 1073.65, "fy": 1074.78, "cx": 629.487, "cy": 519.247}, "camera_to_world_matrix": [-0.825417, -0.365318, -0.430382, 17.5161, -0.563968, 0.567434, 0.599965, -6.65818, 0.0250353, 0.737944, -0.674398, 1.57856, 0.0, 0.0, 0.0, 1.0]}, "0bbab99391304286b6721fd92f63972b_d0_2.png": {"intrinsics": {"fx": 1073.65, "fy": 1074.78, "cx": 629.487, "cy": 519.247}, "camera_to_world_matrix": [-0.901379, 0.299995, 0.312279, 17.5016, 0.432966, 0.611938, 0.66187, -6.65937, 0.00746194, 0.731803, -0.681476, 1.5787, 0.0, 0.0, 0.0, 1.0]}, "0bbab99391304286b6721fd92f63972b_d0_3.png": {"intrinsics": {"fx": 1073.65, "fy": 1074.78, "cx": 629.487, "cy": 519.247}, "camera_to_world_matrix": [-0.0758767, 0.671275, 0.737314, 17.4933, 0.997072, 0.0580787, 0.0497315, -6.64742, -0.00943867, 0.738929, -0.673717, 1.57855, 0.0, 0.0, 0.0, 1.0]}, "0bbab99391304286b6721fd92f63972b_d0_4.png": {"intrinsics": {"fx": 1073.65, "fy": 1074.78, "cx": 629.487, "cy": 519.247}, "camera_to_world_matrix": [0.825569, 0.377233, 0.419678, 17.4995, 0.564232, -0.540272, -0.624298, -6.63426, -0.00876552, 0.752197, -0.658879, 1.57826, 0.0, 0.0, 0.0, 1.0]}, "0bbab99391304286b6721fd92f63972b_d0_5.png": {"intrinsics": {"fx": 1073.65, "fy": 1074.78, "cx": 629.487, "cy": 519.247}, "camera_to_world_matrix": [0.901492, -0.288082, -0.322986, 17.514, -0.432705, -0.584749, -0.686174, -6.63306, 0.00880819, 0.758338, -0.651802, 1.57812, 0.0, 0.0, 0.0, 1.0]}, "0bbab99391304286b6721fd92f63972b_d1_0.png": {"intrinsics": {"fx": 1072.73, "fy": 1073.34, "cx": 631.073, "cy": 525.321}, "camera_to_world_matrix": [0.0824953, 0.0197443, -0.996395, 17.5116, -0.996451, 0.0183829, -0.0821354, -6.64532, 0.0166951, 0.999636, 0.02119, 1.61162, 0.0, 0.0, 0.0, 1.0]}, "0bbab99391304286b6721fd92f63972b_d1_1.png": {"intrinsics": {"fx": 1072.73, "fy": 1073.34, "cx": 631.073, "cy": 525.321}, "camera_to_world_matrix": [-0.821807, 0.0140076, -0.569592, 17.5101, -0.569535, 0.00814538, 0.821926, -6.64849, 0.0161529, 0.999868, 0.00128314, 1.61169, 0.0, 0.0, 0.0, 1.0]}, "0bbab99391304286b6721fd92f63972b_d1_2.png": {"intrinsics": {"fx": 1072.73, "fy": 1073.34, "cx": 631.073, "cy": 525.321}, "camera_to_world_matrix": [-0.904291, 0.00227132, 0.42691, 17.5066, 0.426914, 0.00799559, 0.904256, -6.64878, -0.00135933, 0.999965, -0.00820074, 1.61172, 0.0, 0.0, 0.0, 1.0]}, "0bbab99391304286b6721fd92f63972b_d1_3.png": {"intrinsics": {"fx": 1072.73, "fy": 1073.34, "cx": 631.073, "cy": 525.321}, "camera_to_world_matrix": [-0.0824696, -0.00372789, 0.996586, 17.5046, 0.996424, 0.0180833, 0.0825236, -6.6459, -0.018329, 0.999829, 0.00222251, 1.61169, 0.0, 0.0, 0.0, 1.0]}, "0bbab99391304286b6721fd92f63972b_d1_4.png": {"intrinsics": {"fx": 1072.73, "fy": 1073.34, "cx": 631.073, "cy": 525.321}, "camera_to_world_matrix": [0.821816, 0.00200928, 0.569748, 17.5061, 0.569473, 0.0283206, -0.821521, -6.64274, -0.0177861, 0.999596, 0.0221294, 1.61162, 0.0, 0.0, 0.0, 1.0]}, "0bbab99391304286b6721fd92f63972b_d1_5.png": {"intrinsics": {"fx": 1072.73, "fy": 1073.34, "cx": 631.073, "cy": 525.321}, "camera_to_world_matrix": [0.904261, 0.0137455, -0.426758, 17.5096, -0.426979, 0.0284699, -0.903813, -6.64245, -0.000273418, 0.9995, 0.0316126, 1.61158, 0.0, 0.0, 0.0, 1.0]}, "0bbab99391304286b6721fd92f63972b_d2_0.png": {"intrinsics": {"fx": 1076.51, "fy": 1076.92, "cx": 629.969, "cy": 507.819}, "camera_to_world_matrix": [0.0864498, 0.673807, -0.733833, 17.5229, -0.995955, 0.0765154, -0.0470716, -6.64381, 0.0244328, 0.734935, 0.677695, 1.64476, 0.0, 0.0, 0.0, 1.0]}, "0bbab99391304286b6721fd92f63972b_d2_1.png": {"intrinsics": {"fx": 1076.51, "fy": 1076.92, "cx": 629.969, "cy": 507.819}, "camera_to_world_matrix": [-0.819491, 0.394511, -0.415681, 17.5166, -0.572586, -0.533307, 0.622678, -6.65696, 0.0239685, 0.748294, 0.662931, 1.64505, 0.0, 0.0, 0.0, 1.0]}, "0bbab99391304286b6721fd92f63972b_d2_2.png": {"intrinsics": {"fx": 1076.51, "fy": 1076.92, "cx": 629.969, "cy": 507.819}, "camera_to_world_matrix": [-0.905867, -0.273365, 0.323534, 17.5021, 0.423508, -0.596288, 0.681968, -6.65816, 0.00649384, 0.754793, 0.655929, 1.64519, 0.0, 0.0, 0.0, 1.0]}, "0bbab99391304286b6721fd92f63972b_d2_3.png": {"intrinsics": {"fx": 1076.51, "fy": 1076.92, "cx": 629.969, "cy": 507.819}, "camera_to_world_matrix": [-0.0862994, -0.661931, 0.74458, 17.4939, 0.996212, -0.0494452, 0.0715066, -6.6462, -0.010516, 0.747932, 0.663689, 1.64504, 0.0, 0.0, 0.0, 1.0]}, "0bbab99391304286b6721fd92f63972b_d2_4.png": {"intrinsics": {"fx": 1076.51, "fy": 1076.92, "cx": 629.969, "cy": 507.819}, "camera_to_world_matrix": [0.819625, -0.382612, 0.426402, 17.5001, 0.572808, 0.560366, -0.59823, -6.63305, -0.0100509, 0.734573, 0.678453, 1.64475, 0.0, 0.0, 0.0, 1.0]}, "0bbab99391304286b6721fd92f63972b_d2_5.png": {"intrinsics": {"fx": 1076.51, "fy": 1076.92, "cx": 629.969, "cy": 507.819}, "camera_to_world_matrix": [0.905962, 0.285267, -0.312815, 17.5146, -0.42329, 0.623321, -0.657491, -6.63185, 0.0074241, 0.728075, 0.685455, 1.64461, 0.0, 0.0, 0.0, 1.0]}, "0d4b00ef4c494246933235abcfb8caca_d0_0.png": {"intrinsics": {"fx": 1073.65, "fy": 1074.78, "cx": 629.487, "cy": 519.247}, "camera_to_world_matrix": [-0.942857, -0.187389, -0.275508, 7.16835, -0.329428, 0.648259, 0.686467, -1.17302, 0.049964, 0.738001, -0.672947, 1.67843, 0.0, 0.0, 0.0, 1.0]}, "0d4b00ef4c494246933235abcfb8caca_d0_1.png": {"intrinsics": {"fx": 1073.65, "fy": 1074.78, "cx": 629.487, "cy": 519.247}, "camera_to_world_matrix": [-0.757285, 0.466254, 0.457303, 7.15404, 0.65275, 0.517969, 0.552833, -1.17041, 0.0208924, 0.717157, -0.696598, 1.67889, 0.0, 0.0, 0.0, 1.0]}, "0d4b00ef4c494246933235abcfb8caca_d0_2.png": {"intrinsics": {"fx": 1073.65, "fy": 1074.78, "cx": 629.487, "cy": 519.247}, "camera_to_world_matrix": [0.185885, 0.680747, 0.70854, 7.14915, 0.982348, -0.113386, -0.14878, -1.1567, -0.0209432, 0.723689, -0.689808, 1.67875, 0.0, 0.0, 0.0, 1.0]}, "0d4b00ef4c494246933235abcfb8caca_d0_3.png": {"intrinsics": {"fx": 1073.65, "fy": 1074.78, "cx": 629.487, "cy": 519.247}, "camera_to_world_matrix": [0.943462, 0.241592, 0.226962, 7.15856, 0.329761, -0.614438, -0.716745, -1.14562, -0.0337061, 0.751065, -0.659367, 1.67816, 0.0, 0.0, 0.0, 1.0]}, "0d4b00ef4c494246933235abcfb8caca_d0_4.png": {"intrinsics": {"fx": 1073.65, "fy": 1074.78, "cx": 629.487, "cy": 519.247}, "camera_to_world_matrix": [0.757852, -0.412046, -0.505844, 7.17286, -0.65241, -0.484123, -0.583083, -1.14824, -0.00463315, 0.771908, -0.635717, 1.6777, 0.0, 0.0, 0.0, 1.0]}, "0d4b00ef4c494246933235abcfb8caca_d0_5.png": {"intrinsics": {"fx": 1073.65, "fy": 1074.78, "cx": 629.487, "cy": 519.247}, "camera_to_world_matrix": [-0.185332, -0.626515, -0.757054, 7.17775, -0.981971, 0.147241, 0.118541, -1.16194, 0.037202, 0.765375, -0.642508, 1.67783, 0.0, 0.0, 0.0, 1.0]}, "0d4b00ef4c494246933235abcfb8caca_d1_0.png": {"intrinsics": {"fx": 1072.73, "fy": 1073.34, "cx": 631.073, "cy": 525.321}, "camera_to_world_matrix": [-0.941034, 0.0395515, -0.335991, 7.16584, -0.335807, 0.0113958, 0.941861, -1.16186, 0.0410811, 0.999152, 0.00255712, 1.71154, 0.0, 0.0, 0.0, 1.0]}, "0d4b00ef4c494246933235abcfb8caca_d1_1.png": {"intrinsics": {"fx": 1072.73, "fy": 1073.34, "cx": 631.073, "cy": 525.321}, "camera_to_world_matrix": [-0.761881, 0.028186, 0.647103, 7.1624, 0.647601, 0.0143074, 0.761844, -1.16123, 0.0122153, 0.9995, -0.0291546, 1.71166, 0.0, 0.0, 0.0, 1.0]}, "0d4b00ef4c494246933235abcfb8caca_d1_2.png": {"intrinsics": {"fx": 1072.73, "fy": 1073.34, "cx": 631.073, "cy": 525.321}, "camera_to_world_matrix": [0.17914, 0.0250158, 0.983505, 7.16122, 0.983375, 0.0256079, -0.179768, -1.15794, -0.0296823, 0.999359, -0.0200133, 1.71162, 0.0, 0.0, 0.0, 1.0]}, "0d4b00ef4c494246933235abcfb8caca_d1_3.png": {"intrinsics": {"fx": 1072.73, "fy": 1073.34, "cx": 631.073, "cy": 525.321}, "camera_to_world_matrix": [0.940987, 0.0332111, 0.336806, 7.16348, 0.335733, 0.0339965, -0.941343, -1.15527, -0.0427131, 0.99887, 0.0208395, 1.71148, 0.0, 0.0, 0.0, 1.0]}, "0d4b00ef4c494246933235abcfb8caca_d1_4.png": {"intrinsics": {"fx": 1072.73, "fy": 1073.34, "cx": 631.073, "cy": 525.321}, "camera_to_world_matrix": [0.761796, 0.0445764, -0.646281, 7.16692, -0.647668, 0.0310845, -0.761288, -1.1559, -0.013846, 0.998522, 0.0525501, 1.71137, 0.0, 0.0, 0.0, 1.0]}, "0d4b00ef4c494246933235abcfb8caca_d1_5.png": {"intrinsics": {"fx": 1072.73, "fy": 1073.34, "cx": 631.073, "cy": 525.321}, "camera_to_world_matrix": [-0.179238, 0.0477462, -0.982646, 7.1681, -0.983405, 0.0197838, 0.180338, -1.1592, 0.0280512, 0.998663, 0.0434071, 1.7114, 0.0, 0.0, 0.0, 1.0]}, "0d4b00ef4c494246933235abcfb8caca_d2_0.png": {"intrinsics": {"fx": 1076.51, "fy": 1076.92, "cx": 629.969, "cy": 507.819}, "camera_to_world_matrix": [-0.939405, 0.259989, -0.223428, 7.17076, -0.3393, -0.61224, 0.714169, -1.17152, 0.0488852, 0.746705, 0.663354, 1.74486, 0.0, 0.0, 0.0, 1.0]}, "0d4b00ef4c494246933235abcfb8caca_d2_1.png": {"intrinsics": {"fx": 1076.51, "fy": 1076.92, "cx": 629.969, "cy": 507.819}, "camera_to_world_matrix": [-0.7641, -0.400927, 0.505377, 7.15646, 0.644779, -0.49912, 0.578909, -1.1689, 0.0201442, 0.768203, 0.639886, 1.74533, 0.0, 0.0, 0.0, 1.0]}, "0d4b00ef4c494246933235abcfb8caca_d2_2.png": {"intrinsics": {"fx": 1076.51, "fy": 1076.92, "cx": 629.969, "cy": 507.819}, "camera_to_world_matrix": [0.175575, -0.633924, 0.753201, 7.15157, 0.984223, 0.129964, -0.120047, -1.15519, -0.0217877, 0.762397, 0.64674, 1.74519, 0.0, 0.0, 0.0, 1.0]}, "0d4b00ef4c494246933235abcfb8caca_d2_3.png": {"intrinsics": {"fx": 1076.51, "fy": 1076.92, "cx": 629.969, "cy": 507.819}, "camera_to_world_matrix": [0.939924, -0.206001, 0.272214, 7.16097, 0.339579, 0.645913, -0.683727, -1.14411, -0.0349777, 0.735091, 0.677062, 1.7446, 0.0, 0.0, 0.0, 1.0]}, "0d4b00ef4c494246933235abcfb8caca_d2_4.png": {"intrinsics": {"fx": 1076.51, "fy": 1076.92, "cx": 629.969, "cy": 507.819}, "camera_to_world_matrix": [0.764582, 0.45491, -0.456585, 7.17528, -0.644493, 0.532767, -0.548438, -1.14673, -0.00623551, 0.713593, 0.70053, 1.74414, 0.0, 0.0, 0.0, 1.0]}, "0d4b00ef4c494246933235abcfb8caca_d2_5.png": {"intrinsics": {"fx": 1076.51, "fy": 1076.92, "cx": 629.969, "cy": 507.819}, "camera_to_world_matrix": [-0.175107, 0.687883, -0.704382, 7.18017, -0.9839, -0.0963252, 0.150528, -1.16043, 0.035696, 0.719401, 0.693674, 1.74427, 0.0, 0.0, 0.0, 1.0]}, "0ed7cd08118a411f9c4a0a0a94c98ae1_d0_0.png": {"intrinsics": {"fx": 1073.65, "fy": 1074.78, "cx": 629.487, "cy": 519.247}, "camera_to_world_matrix": [-0.875796, 0.321382, 0.360132, 11.2425, 0.482675, 0.586942, 0.650018, 4.57437, -0.00247243, 0.74311, -0.669164, 1.70118, 0.0, 0.0, 0.0, 1.0]}, "0ed7cd08118a411f9c4a0a0a94c98ae1_d0_1.png": {"intrinsics": {"fx": 1073.65, "fy": 1074.78, "cx": 629.487, "cy": 519.247}, "camera_to_world_matrix": [-0.0199162, 0.660985, 0.750134, 11.2349, 0.999801, 0.0131142, 0.0149891, 4.58677, 7.02292e-05, 0.750284, -0.661115, 1.70102, 0.0, 0.0, 0.0, 1.0]}, "0ed7cd08118a411f9c4a0a0a94c98ae1_d0_2.png": {"intrinsics": {"fx": 1073.65, "fy": 1074.78, "cx": 629.487, "cy": 519.247}, "camera_to_world_matrix": [0.855817, 0.333811, 0.395154, 11.2419, 0.517168, -0.56793, -0.640306, 4.59956, 0.0106786, 0.752346, -0.658682, 1.70097, 0.0, 0.0, 0.0, 1.0]}, "0ed7cd08118a411f9c4a0a0a94c98ae1_d0_3.png": {"intrinsics": {"fx": 1073.65, "fy": 1074.78, "cx": 629.487, "cy": 519.247}, "camera_to_world_matrix": [0.875651, -0.332958, -0.34982, 11.2564, -0.482581, -0.575135, -0.660557, 4.59994, 0.0187441, 0.747234, -0.664297, 1.70108, 0.0, 0.0, 0.0, 1.0]}, "0ed7cd08118a411f9c4a0a0a94c98ae1_d0_4.png": {"intrinsics": {"fx": 1073.65, "fy": 1074.78, "cx": 629.487, "cy": 519.247}, "camera_to_world_matrix": [0.0197509, -0.672539, -0.739798, 11.264, -0.999673, -0.00129392, -0.0255126, 4.58754, 0.0162011, 0.74006, -0.672345, 1.70124, 0.0, 0.0, 0.0, 1.0]}, "0ed7cd08118a411f9c4a0a0a94c98ae1_d0_5.png": {"intrinsics": {"fx": 1073.65, "fy": 1074.78, "cx": 629.487, "cy": 519.247}, "camera_to_world_matrix": [-0.855963, -0.345343, -0.384792, 11.2571, -0.517006, 0.579738, 0.629769, 4.57475, 0.00559257, 0.737999, -0.674779, 1.70129, 0.0, 0.0, 0.0, 1.0]}, "0ed7cd08118a411f9c4a0a0a94c98ae1_d1_0.png": {"intrinsics": {"fx": 1072.73, "fy": 1073.34, "cx": 631.073, "cy": 525.321}, "camera_to_world_matrix": [-0.878892, -0.014054, 0.476812, 11.2476, 0.476882, -0.00198899, 0.878964, 4.58434, -0.0114043, 0.999899, 0.00844946, 1.73439, 0.0, 0.0, 0.0, 1.0]}, "0ed7cd08118a411f9c4a0a0a94c98ae1_d1_1.png": {"intrinsics": {"fx": 1072.73, "fy": 1073.34, "cx": 631.073, "cy": 525.321}, "camera_to_world_matrix": [-0.0263849, -0.0194774, 0.999462, 11.2457, 0.999611, 0.00841976, 0.0265527, 4.58732, -0.0089322, 0.999775, 0.019247, 1.73435, 0.0, 0.0, 0.0, 1.0]}, "0ed7cd08118a411f9c4a0a0a94c98ae1_d1_2.png": {"intrinsics": {"fx": 1072.73, "fy": 1073.34, "cx": 631.073, "cy": 525.321}, "camera_to_world_matrix": [0.852514, -0.0131745, 0.522536, 11.2474, 0.5227, 0.0183215, -0.852319, 4.5904, 0.00165545, 0.999745, 0.0225049, 1.73434, 0.0, 0.0, 0.0, 1.0]}, "0ed7cd08118a411f9c4a0a0a94c98ae1_d1_3.png": {"intrinsics": {"fx": 1072.73, "fy": 1073.34, "cx": 631.073, "cy": 525.321}, "camera_to_world_matrix": [0.878886, -0.00144824, -0.477028, 11.2509, -0.47693, 0.0178142, -0.87876, 4.59049, 0.00977072, 0.99984, 0.0149652, 1.73437, 0.0, 0.0, 0.0, 1.0]}, "0ed7cd08118a411f9c4a0a0a94c98ae1_d1_4.png": {"intrinsics": {"fx": 1072.73, "fy": 1073.34, "cx": 631.073, "cy": 525.321}, "camera_to_world_matrix": [0.0263585, 0.00397482, -0.999644, 11.2527, -0.999625, 0.00740523, -0.0263283, 4.58751, 0.00729815, 0.999964, 0.00416779, 1.7344, 0.0, 0.0, 0.0, 1.0]}, "0ed7cd08118a411f9c4a0a0a94c98ae1_d1_5.png": {"intrinsics": {"fx": 1072.73, "fy": 1073.34, "cx": 631.073, "cy": 525.321}, "camera_to_world_matrix": [-0.852522, -0.0023285, -0.522684, 11.2511, -0.522679, -0.00249622, 0.852525, 4.58443, -0.00328963, 0.999994, 0.000910291, 1.73442, 0.0, 0.0, 0.0, 1.0]}, "0ed7cd08118a411f9c4a0a0a94c98ae1_d2_0.png": {"intrinsics": {"fx": 1076.51, "fy": 1076.92, "cx": 629.969, "cy": 507.819}, "camera_to_world_matrix": [-0.880788, -0.318851, 0.350063, 11.242, 0.473493, -0.587443, 0.656287, 4.57489, -0.00361486, 0.743803, 0.668386, 1.76767, 0.0, 0.0, 0.0, 1.0]}, "0ed7cd08118a411f9c4a0a0a94c98ae1_d2_1.png": {"intrinsics": {"fx": 1076.51, "fy": 1076.92, "cx": 629.969, "cy": 507.819}, "camera_to_world_matrix": [-0.0303511, -0.676107, 0.736177, 11.2344, 0.999536, -0.0196559, 0.0231556, 4.58729, -0.001185, 0.73654, 0.67639, 1.76752, 0.0, 0.0, 0.0, 1.0]}, "0ed7cd08118a411f9c4a0a0a94c98ae1_d2_2.png": {"intrinsics": {"fx": 1076.51, "fy": 1076.92, "cx": 629.969, "cy": 507.819}, "camera_to_world_matrix": [0.850383, -0.36299, 0.380897, 11.2414, 0.526076, 0.573656, -0.627823, 4.60008, 0.00938958, 0.734272, 0.678787, 1.76747, 0.0, 0.0, 0.0, 1.0]}, "0ed7cd08118a411f9c4a0a0a94c98ae1_d2_3.png": {"intrinsics": {"fx": 1076.51, "fy": 1076.92, "cx": 629.969, "cy": 507.819}, "camera_to_world_matrix": [0.880661, 0.307377, -0.360489, 11.2559, -0.473417, 0.599168, -0.645656, 4.60047, 0.017534, 0.739267, 0.673181, 1.76758, 0.0, 0.0, 0.0, 1.0]}, "0ed7cd08118a411f9c4a0a0a94c98ae1_d2_4.png": {"intrinsics": {"fx": 1076.51, "fy": 1076.92, "cx": 629.969, "cy": 507.819}, "camera_to_world_matrix": [0.0302041, 0.664611, -0.746578, 11.2635, -0.999427, 0.0313663, -0.0125098, 4.58806, 0.0151038, 0.74653, 0.665177, 1.76774, 0.0, 0.0, 0.0, 1.0]}, "0ed7cd08118a411f9c4a0a0a94c98ae1_d2_5.png": {"intrinsics": {"fx": 1076.51, "fy": 1076.92, "cx": 629.969, "cy": 507.819}, "camera_to_world_matrix": [-0.850512, 0.35147, -0.391273, 11.2566, -0.525932, -0.561934, 0.638455, 4.57528, 0.00452906, 0.748798, 0.66278, 1.76778, 0.0, 0.0, 0.0, 1.0]}, "0f2352986ec5425fa856a61bd1170649_d0_0.png": {"intrinsics": {"fx": 1073.65, "fy": 1074.78, "cx": 629.487, "cy": 519.247}, "camera_to_world_matrix": [-0.529987, 0.562452, 0.634635, 19.9886, 0.847972, 0.358213, 0.390675, 5.76286, -0.00759816, 0.745206, -0.666792, -1.5826, 0.0, 0.0, 0.0, 1.0]}, "0f2352986ec5425fa856a61bd1170649_d0_1.png": {"intrinsics": {"fx": 1073.65, "fy": 1074.78, "cx": 629.487, "cy": 519.247}, "camera_to_world_matrix": [0.469346, 0.579686, 0.666091, 19.988, 0.883014, -0.308331, -0.353861, 5.7774, 0.000248296, 0.754251, -0.656585, -1.5828, 0.0, 0.0, 0.0, 1.0]}, "0f2352986ec5425fa856a61bd1170649_d0_2.png": {"intrinsics": {"fx": 1073.65, "fy": 1074.78, "cx": 629.487, "cy": 519.247}, "camera_to_world_matrix": [0.999255, 0.0110216, 0.0369881, 20.0002, 0.0351309, -0.656584, -0.753434, 5.78519, 0.0159819, 0.754172, -0.656483, -1.5828, 0.0, 0.0, 0.0, 1.0]}, "0f2352986ec5425fa856a61bd1170649_d0_3.png": {"intrinsics": {"fx": 1073.65, "fy": 1074.78, "cx": 629.487, "cy": 519.247}, "camera_to_world_matrix": [0.529818, -0.574864, -0.623557, 20.0131, -0.847775, -0.338286, -0.40846, 5.77845, 0.0238687, 0.745046, -0.666586, -1.5826, 0.0, 0.0, 0.0, 1.0]}, "0f2352986ec5425fa856a61bd1170649_d0_4.png": {"intrinsics": {"fx": 1073.65, "fy": 1074.78, "cx": 629.487, "cy": 519.247}, "camera_to_world_matrix": [-0.469516, -0.592072, -0.654984, 20.0137, -0.882778, 0.328259, 0.336078, 5.76391, 0.0160218, 0.736, -0.676792, -1.5824, 0.0, 0.0, 0.0, 1.0]}, "0f2352986ec5425fa856a61bd1170649_d0_5.png": {"intrinsics": {"fx": 1073.65, "fy": 1074.78, "cx": 629.487, "cy": 519.247}, "camera_to_world_matrix": [-0.999391, -0.0233943, -0.0258652, 20.0015, -0.0348744, 0.67649, 0.735626, 5.75612, 0.000288154, 0.73608, -0.676894, -1.5824, 0.0, 0.0, 0.0, 1.0]}, "0f2352986ec5425fa856a61bd1170649_d1_0.png": {"intrinsics": {"fx": 1072.73, "fy": 1073.34, "cx": 631.073, "cy": 525.321}, "camera_to_world_matrix": [-0.535463, -0.0186443, 0.844352, 19.9976, 0.844395, 0.0077733, 0.535663, 5.76922, -0.0165503, 0.999795, 0.0115801, -1.54935, 0.0, 0.0, 0.0, 1.0]}, "0f2352986ec5425fa856a61bd1170649_d1_1.png": {"intrinsics": {"fx": 1072.73, "fy": 1073.34, "cx": 631.073, "cy": 525.321}, "camera_to_world_matrix": [0.463652, -0.0183135, 0.885827, 19.9975, 0.885973, 0.0195052, -0.463325, 5.77272, -0.00879295, 0.999642, 0.0252682, -1.5494, 0.0, 0.0, 0.0, 1.0]}, "0f2352986ec5425fa856a61bd1170649_d1_2.png": {"intrinsics": {"fx": 1072.73, "fy": 1073.34, "cx": 631.073, "cy": 525.321}, "camera_to_world_matrix": [0.999112, -0.00798738, 0.0413578, 20.0004, 0.0415465, 0.0250857, -0.998821, 5.7746, 0.00694068, 0.999653, 0.0253946, -1.5494, 0.0, 0.0, 0.0, 1.0]}, "0f2352986ec5425fa856a61bd1170649_d1_3.png": {"intrinsics": {"fx": 1072.73, "fy": 1073.34, "cx": 631.073, "cy": 525.321}, "camer