{"013de08029c64d4caa3807ff21822447_d0_0.png": {"intrinsics": {"fx": 1074.54, "fy": 1075.05, "cx": 635.04, "cy": 507.238}, "camera_to_world_matrix": [0.490177, 0.556026, 0.671239, -6.38339, 0.871546, -0.322887, -0.368987, -13.6318, 0.0115685, 0.765884, -0.642874, 1.57375, 0.0, 0.0, 0.0, 1.0]}, "013de08029c64d4caa3807ff21822447_d0_1.png": {"intrinsics": {"fx": 1074.54, "fy": 1075.05, "cx": 635.04, "cy": 507.238}, "camera_to_world_matrix": [0.999397, -0.0175819, 0.0299603, -6.37095, 0.0112395, -0.652412, -0.757782, -13.6243, 0.0328697, 0.757661, -0.65182, 1.57392, 0.0, 0.0, 0.0, 1.0]}, "013de08029c64d4caa3807ff21822447_d0_2.png": {"intrinsics": {"fx": 1074.54, "fy": 1075.05, "cx": 635.04, "cy": 507.238}, "camera_to_world_matrix": [0.508948, -0.589586, -0.627185, -6.3582, -0.860165, -0.320405, -0.396809, -13.6313, 0.0329994, 0.741437, -0.67021, 1.57428, 0.0, 0.0, 0.0, 1.0]}, "013de08029c64d4caa3807ff21822447_d0_3.png": {"intrinsics": {"fx": 1074.54, "fy": 1075.05, "cx": 635.04, "cy": 507.238}, "camera_to_world_matrix": [-0.49071, -0.587969, -0.643037, -6.35788, -0.871243, 0.341118, 0.352951, -13.6458, 0.0118279, 0.733438, -0.679654, 1.57446, 0.0, 0.0, 0.0, 1.0]}, "013de08029c64d4caa3807ff21822447_d0_4.png": {"intrinsics": {"fx": 1074.54, "fy": 1075.05, "cx": 635.04, "cy": 507.238}, "camera_to_world_matrix": [-0.999896, -0.0143479, -0.00174343, -6.37031, -0.0109162, 0.67062, 0.741721, -13.6534, -0.00947293, 0.741662, -0.670707, 1.57429, 0.0, 0.0, 0.0, 1.0]}, "013de08029c64d4caa3807ff21822447_d0_5.png": {"intrinsics": {"fx": 1074.54, "fy": 1075.05, "cx": 635.04, "cy": 507.238}, "camera_to_world_matrix": [-0.509413, 0.557643, 0.655388, -6.38307, 0.860469, 0.338591, 0.380722, -13.6464, -0.00960166, 0.757886, -0.652317, 1.57393, 0.0, 0.0, 0.0, 1.0]}, "013de08029c64d4caa3807ff21822447_d1_0.png": {"intrinsics": {"fx": 1071.96, "fy": 1072.39, "cx": 632.465, "cy": 510.934}, "camera_to_world_matrix": [0.480259, -0.0296753, 0.876626, -6.37441, 0.877066, 0.00437915, -0.480351, -13.6367, 0.0104154, 0.99955, 0.0281313, 1.60726, 0.0, 0.0, 0.0, 1.0]}, "013de08029c64d4caa3807ff21822447_d1_1.png": {"intrinsics": {"fx": 1071.96, "fy": 1072.39, "cx": 632.465, "cy": 510.934}, "camera_to_world_matrix": [0.999238, -0.0322087, 0.0220944, -6.37142, 0.0226026, 0.0155075, -0.999625, -13.6349, 0.0318537, 0.999361, 0.0162246, 1.6073, 0.0, 0.0, 0.0, 1.0]}, "013de08029c64d4caa3807ff21822447_d1_2.png": {"intrinsics": {"fx": 1071.96, "fy": 1072.39, "cx": 632.465, "cy": 510.934}, "camera_to_world_matrix": [0.518726, -0.0238388, -0.854609, -6.36835, -0.854333, 0.0232684, -0.519207, -13.6366, 0.0322624, 0.999445, -0.00829535, 1.60739, 0.0, 0.0, 0.0, 1.0]}, "013de08029c64d4caa3807ff21822447_d1_3.png": {"intrinsics": {"fx": 1071.96, "fy": 1072.39, "cx": 632.465, "cy": 510.934}, "camera_to_world_matrix": [-0.480754, -0.0129357, -0.876761, -6.36827, -0.876785, 0.0199008, 0.480473, -13.6401, 0.0112327, 0.999719, -0.0209082, 1.60743, 0.0, 0.0, 0.0, 1.0]}, "013de08029c64d4caa3807ff21822447_d1_4.png": {"intrinsics": {"fx": 1071.96, "fy": 1072.39, "cx": 632.465, "cy": 510.934}, "camera_to_world_matrix": [-0.9997, -0.0104027, -0.0222093, -6.37126, -0.0223006, 0.00877234, 0.999713, -13.6419, -0.0102051, 0.999908, -0.00900072, 1.60739, 0.0, 0.0, 0.0, 1.0]}, "013de08029c64d4caa3807ff21822447_d1_5.png": {"intrinsics": {"fx": 1071.96, "fy": 1072.39, "cx": 632.465, "cy": 510.934}, "camera_to_world_matrix": [-0.519154, -0.0187729, 0.854475, -6.37433, 0.854616, 0.00101177, 0.519262, -13.6402, -0.0106128, 0.999824, 0.0155193, 1.6073, 0.0, 0.0, 0.0, 1.0]}, "013de08029c64d4caa3807ff21822447_d2_0.png": {"intrinsics": {"fx": 1075.41, "fy": 1075.69, "cx": 631.948, "cy": 513.074}, "camera_to_world_matrix": [0.475556, -0.605764, 0.637882, -6.3848, 0.879633, 0.319701, -0.352186, -13.631, 0.0094103, 0.728588, 0.684885, 1.64023, 0.0, 0.0, 0.0, 1.0]}, "013de08029c64d4caa3807ff21822447_d2_1.png": {"intrinsics": {"fx": 1075.41, "fy": 1075.69, "cx": 631.948, "cy": 513.074}, "camera_to_world_matrix": [0.999129, -0.0416865, -0.000283906, -6.37237, 0.0279702, 0.67538, -0.736939, -13.6235, 0.0309125, 0.736291, 0.675956, 1.6404, 0.0, 0.0, 0.0, 1.0]}, "013de08029c64d4caa3807ff21822447_d2_2.png": {"intrinsics": {"fx": 1075.41, "fy": 1075.69, "cx": 631.948, "cy": 513.074}, "camera_to_world_matrix": [0.523338, 0.548201, -0.652374, -6.35961, -0.851542, 0.36471, -0.376641, -13.6305, 0.0314531, 0.752636, 0.657682, 1.64076, 0.0, 0.0, 0.0, 1.0]}, "013de08029c64d4caa3807ff21822447_d2_3.png": {"intrinsics": {"fx": 1075.41, "fy": 1075.69, "cx": 631.948, "cy": 513.074}, "camera_to_world_matrix": [-0.476015, 0.573998, -0.666284, -6.35929, -0.879372, -0.301631, 0.368403, -13.645, 0.0104914, 0.761278, 0.648337, 1.64094, 0.0, 0.0, 0.0, 1.0]}, "013de08029c64d4caa3807ff21822447_d2_4.png": {"intrinsics": {"fx": 1075.41, "fy": 1075.69, "cx": 631.948, "cy": 513.074}, "camera_to_world_matrix": [-0.999554, 0.0099063, -0.0281026, -6.37173, -0.0276894, -0.657287, 0.753131, -13.6526, -0.0110103, 0.753575, 0.657267, 1.64077, 0.0, 0.0, 0.0, 1.0]}, "013de08029c64d4caa3807ff21822447_d2_5.png": {"intrinsics": {"fx": 1075.41, "fy": 1075.69, "cx": 631.948, "cy": 513.074}, "camera_to_world_matrix": [-0.523729, -0.579969, 0.623974, -6.38448, 0.851805, -0.346594, 0.392807, -13.6456, -0.0115499, 0.737229, 0.675541, 1.64041, 0.0, 0.0, 0.0, 1.0]}, "03bb2fc19b214b91a81c958303f98892_d0_0.png": {"intrinsics": {"fx": 1074.54, "fy": 1075.05, "cx": 635.04, "cy": 507.238}, "camera_to_world_matrix": [0.995645, 0.0723011, 0.0588514, -8.20436, 0.091692, -0.645457, -0.758273, -3.74316, -0.0168378, 0.760367, -0.649276, 1.57079, 0.0, 0.0, 0.0, 1.0]}, "03bb2fc19b214b91a81c958303f98892_d0_1.png": {"intrinsics": {"fx": 1074.54, "fy": 1075.05, "cx": 635.04, "cy": 507.238}, "camera_to_world_matrix": [0.577606, -0.524699, -0.62535, -8.19108, -0.816237, -0.36058, -0.451376, -3.7491, 0.0113474, 0.771151, -0.636551, 1.57055, 0.0, 0.0, 0.0, 1.0]}, "03bb2fc19b214b91a81c958303f98892_d0_2.png": {"intrinsics": {"fx": 1074.54, "fy": 1075.05, "cx": 635.04, "cy": 507.238}, "camera_to_world_matrix": [-0.417737, -0.576785, -0.702008, -8.18958, -0.907693, 0.298851, 0.294589, -3.76358, 0.0398812, 0.760268, -0.648384, 1.57078, 0.0, 0.0, 0.0, 1.0]}, "03bb2fc19b214b91a81c958303f98892_d0_3.png": {"intrinsics": {"fx": 1074.54, "fy": 1075.05, "cx": 635.04, "cy": 507.238}, "camera_to_world_matrix": [-0.995019, -0.0318704, -0.094463, -8.20136, -0.0912174, 0.673389, 0.73364, -3.77211, 0.040229, 0.738601, -0.672941, 1.57125, 0.0, 0.0, 0.0, 1.0]}, "03bb2fc19b214b91a81c958303f98892_d0_4.png": {"intrinsics": {"fx": 1074.54, "fy": 1075.05, "cx": 635.04, "cy": 507.238}, "camera_to_world_matrix": [-0.576944, 0.565118, 0.589727, -8.21464, 0.816695, 0.388488, 0.426716, -3.76616, 0.0120431, 0.727818, -0.685665, 1.5715, 0.0, 0.0, 0.0, 1.0]}, "03bb2fc19b214b91a81c958303f98892_d0_5.png": {"intrinsics": {"fx": 1074.54, "fy": 1075.05, "cx": 635.04, "cy": 507.238}, "camera_to_world_matrix": [0.418403, 0.617179, 0.666356, -8.21614, 0.908112, -0.270945, -0.319252, -3.75169, -0.0164901, 0.738701, -0.673831, 1.57127, 0.0, 0.0, 0.0, 1.0]}, "03bb2fc19b214b91a81c958303f98892_d1_0.png": {"intrinsics": {"fx": 1071.96, "fy": 1072.39, "cx": 632.465, "cy": 510.934}, "camera_to_world_matrix": [0.994522, 0.0157998, 0.103339, -8.20233, 0.102997, 0.0211002, -0.994458, -3.75353, -0.017893, 0.999653, 0.0193582, 1.6042, 0.0, 0.0, 0.0, 1.0]}, "03bb2fc19b214b91a81c958303f98892_d1_1.png": {"intrinsics": {"fx": 1071.96, "fy": 1072.39, "cx": 632.465, "cy": 510.934}, "camera_to_world_matrix": [0.586835, 0.0235112, -0.809366, -8.19913, -0.809645, 0.0295083, -0.58618, -3.75496, 0.010101, 0.999288, 0.0363532, 1.60414, 0.0, 0.0, 0.0, 1.0]}, "03bb2fc19b214b91a81c958303f98892_d1_2.png": {"intrinsics": {"fx": 1071.96, "fy": 1072.39, "cx": 632.465, "cy": 510.934}, "camera_to_world_matrix": [-0.407408, 0.0346504, -0.912589, -8.19877, -0.912422, 0.0270291, 0.408359, -3.75844, 0.038816, 0.999034, 0.0206049, 1.6042, 0.0, 0.0, 0.0, 1.0]}, "03bb2fc19b214b91a81c958303f98892_d1_3.png": {"intrinsics": {"fx": 1071.96, "fy": 1072.39, "cx": 632.465, "cy": 510.934}, "camera_to_world_matrix": [-0.993943, 0.0380781, -0.103106, -8.2016, -0.102555, 0.0161418, 0.994597, -3.7605, 0.0395364, 0.999145, -0.012138, 1.60431, 0.0, 0.0, 0.0, 1.0]}, "03bb2fc19b214b91a81c958303f98892_d1_4.png": {"intrinsics": {"fx": 1071.96, "fy": 1072.39, "cx": 632.465, "cy": 510.934}, "camera_to_world_matrix": [-0.58622, 0.0303664, 0.809584, -8.2048, 0.810071, 0.00773402, 0.586283, -3.75907, 0.0115417, 0.999509, -0.0291318, 1.60437, 0.0, 0.0, 0.0, 1.0]}, "03bb2fc19b214b91a81c958303f98892_d1_5.png": {"intrinsics": {"fx": 1071.96, "fy": 1072.39, "cx": 632.465, "cy": 510.934}, "camera_to_world_matrix": [0.408028, 0.0192273, 0.912768, -8.20516, 0.912809, 0.0102137, -0.408261, -3.75559, -0.0171727, 0.999763, -0.0133824, 1.60431, 0.0, 0.0, 0.0, 1.0]}, "03bb2fc19b214b91a81c958303f98892_d2_0.png": {"intrinsics": {"fx": 1075.41, "fy": 1075.69, "cx": 631.948, "cy": 513.074}, "camera_to_world_matrix": [0.993934, -0.0597343, 0.0923173, -8.20257, 0.108331, 0.675894, -0.728994, -3.74193, -0.0188505, 0.734574, 0.678264, 1.63726, 0.0, 0.0, 0.0, 1.0]}, "03bb2fc19b214b91a81c958303f98892_d2_1.png": {"intrinsics": {"fx": 1075.41, "fy": 1075.69, "cx": 631.948, "cy": 513.074}, "camera_to_world_matrix": [0.591161, 0.553356, -0.586792, -8.18929, -0.8065, 0.413721, -0.422361, -3.74787, 0.00905186, 0.722933, 0.690856, 1.63701, 0.0, 0.0, 0.0, 1.0]}, "03bb2fc19b214b91a81c958303f98892_d2_2.png": {"intrinsics": {"fx": 1075.41, "fy": 1075.69, "cx": 631.948, "cy": 513.074}, "camera_to_world_matrix": [-0.402518, 0.633154, -0.661131, -8.18779, -0.914627, -0.248306, 0.319059, -3.76234, 0.0378514, 0.733117, 0.679046, 1.63724, 0.0, 0.0, 0.0, 1.0]}, "03bb2fc19b214b91a81c958303f98892_d2_3.png": {"intrinsics": {"fx": 1075.41, "fy": 1075.69, "cx": 631.948, "cy": 513.074}, "camera_to_world_matrix": [-0.993402, 0.0998586, -0.0563597, -8.19957, -0.107921, -0.648144, 0.753832, -3.77087, 0.0387479, 0.754942, 0.654643, 1.63772, 0.0, 0.0, 0.0, 1.0]}, "03bb2fc19b214b91a81c958303f98892_d2_4.png": {"intrinsics": {"fx": 1075.41, "fy": 1075.69, "cx": 631.948, "cy": 513.074}, "camera_to_world_matrix": [-0.590594, -0.513222, 0.622738, -8.21285, 0.806894, -0.385947, 0.447173, -3.76493, 0.0108448, 0.766582, 0.642052, 1.63796, 0.0, 0.0, 0.0, 1.0]}, "03bb2fc19b214b91a81c958303f98892_d2_5.png": {"intrinsics": {"fx": 1075.41, "fy": 1075.69, "cx": 631.948, "cy": 513.074}, "camera_to_world_matrix": [0.40309, -0.592993, 0.697048, -8.21435, 0.914982, 0.276083, -0.294251, -3.75046, -0.017954, 0.756397, 0.653863, 1.63773, 0.0, 0.0, 0.0, 1.0]}, "055135a74623475bbaa7fe3a9b34d5e3_d0_0.png": {"intrinsics": {"fx": 1074.54, "fy": 1075.05, "cx": 635.04, "cy": 507.238}, "camera_to_world_matrix": [-0.647287, 0.503943, 0.571893, -0.0245847, 0.762232, 0.423299, 0.489715, -0.181287, 0.00470648, 0.752901, -0.658117, 4.69542, 0.0, 0.0, 0.0, 1.0]}, "055135a74623475bbaa7fe3a9b34d5e3_d0_1.png": {"intrinsics": {"fx": 1074.54, "fy": 1075.05, "cx": 635.04, "cy": 507.238}, "camera_to_world_matrix": [0.336401, 0.613982, 0.714045, -0.0273571, 0.941641, -0.229054, -0.246671, -0.167004, 0.0121038, 0.755354, -0.655205, 4.69536, 0.0, 0.0, 0.0, 1.0]}, "055135a74623475bbaa7fe3a9b34d5e3_d0_2.png": {"intrinsics": {"fx": 1074.54, "fy": 1075.05, "cx": 635.04, "cy": 507.238}, "camera_to_world_matrix": [0.983588, 0.104056, 0.147402, -0.0163735, 0.179416, -0.650535, -0.73798, -0.157461, 0.0190991, 0.752314, -0.658528, 4.69542, 0.0, 0.0, 0.0, 1.0]}, "055135a74623475bbaa7fe3a9b34d5e3_d0_3.png": {"intrinsics": {"fx": 1074.54, "fy": 1075.05, "cx": 635.04, "cy": 507.238}, "camera_to_world_matrix": [0.647071, -0.515898, -0.561381, -0.00261794, -0.7622, -0.419653, -0.492892, -0.162202, 0.0186969, 0.74682, -0.664763, 4.69554, 0.0, 0.0, 0.0, 1.0]}, "055135a74623475bbaa7fe3a9b34d5e3_d0_4.png": {"intrinsics": {"fx": 1074.54, "fy": 1075.05, "cx": 635.04, "cy": 507.238}, "camera_to_world_matrix": [-0.336625, -0.625912, -0.703504, 0.000153848, -0.941571, 0.232705, 0.2435, -0.176485, 0.0112994, 0.744367, -0.667675, 4.6956, 0.0, 0.0, 0.0, 1.0]}, "055135a74623475bbaa7fe3a9b34d5e3_d0_5.png": {"intrinsics": {"fx": 1074.54, "fy": 1075.05, "cx": 635.04, "cy": 507.238}, "camera_to_world_matrix": [-0.983781, -0.11597, -0.136842, -0.01083, -0.179321, 0.654166, 0.734787, -0.186028, 0.00430428, 0.747408, -0.664352, 4.69554, 0.0, 0.0, 0.0, 1.0]}, "055135a74623475bbaa7fe3a9b34d5e3_d1_0.png": {"intrinsics": {"fx": 1071.96, "fy": 1072.39, "cx": 632.465, "cy": 510.934}, "camera_to_world_matrix": [-0.655917, -0.00358483, 0.754826, -0.0165082, 0.754825, -0.00812474, 0.655877, -0.173959, 0.00378128, 0.999961, 0.00803604, 4.72871, 0.0, 0.0, 0.0, 1.0]}, "055135a74623475bbaa7fe3a9b34d5e3_d1_1.png": {"intrinsics": {"fx": 1071.96, "fy": 1072.39, "cx": 632.465, "cy": 510.934}, "camera_to_world_matrix": [0.325678, -0.0149025, 0.945364, -0.0171751, 0.945416, -0.00664289, -0.3258, -0.170524, 0.0111349, 0.999867, 0.0119266, 4.7287, 0.0, 0.0, 0.0, 1.0]}, "055135a74623475bbaa7fe3a9b34d5e3_d1_2.png": {"intrinsics": {"fx": 1071.96, "fy": 1072.39, "cx": 632.465, "cy": 510.934}, "camera_to_world_matrix": [0.981501, -0.0192777, 0.190488, -0.014533, 0.190596, 0.00389977, -0.981661, -0.168228, 0.018181, 0.999807, 0.00750285, 4.72871, 0.0, 0.0, 0.0, 1.0]}, "055135a74623475bbaa7fe3a9b34d5e3_d1_3.png": {"intrinsics": {"fx": 1071.96, "fy": 1072.39, "cx": 632.465, "cy": 510.934}, "camera_to_world_matrix": [0.655715, -0.0123352, -0.754909, -0.0112241, -0.754798, 0.0129603, -0.65583, -0.169368, 0.0178734, 0.99984, -0.00081129, 4.72874, 0.0, 0.0, 0.0, 1.0]}, "055135a74623475bbaa7fe3a9b34d5e3_d1_4.png": {"intrinsics": {"fx": 1071.96, "fy": 1072.39, "cx": 632.465, "cy": 510.934}, "camera_to_world_matrix": [-0.325888, -0.00101757, -0.945409, -0.0105574, -0.945351, 0.0114781, 0.325855, -0.172804, 0.0105196, 0.999934, -0.00470153, 4.72876, 0.0, 0.0, 0.0, 1.0]}, "055135a74623475bbaa7fe3a9b34d5e3_d1_5.png": {"intrinsics": {"fx": 1071.96, "fy": 1072.39, "cx": 632.465, "cy": 510.934}, "camera_to_world_matrix": [-0.981681, 0.00335723, -0.190507, -0.0131995, -0.190505, 0.000935218, 0.981686, -0.1751, 0.00347364, 0.999994, -0.000277542, 4.72874, 0.0, 0.0, 0.0, 1.0]}, "055135a74623475bbaa7fe3a9b34d5e3_d2_0.png": {"intrinsics": {"fx": 1075.41, "fy": 1075.69, "cx": 631.948, "cy": 513.074}, "camera_to_world_matrix": [-0.659965, -0.502035, 0.558932, -0.0251141, 0.751288, -0.443859, 0.488418, -0.181126, 0.00288412, 0.742259, 0.670104, 4.76191, 0.0, 0.0, 0.0, 1.0]}, "055135a74623475bbaa7fe3a9b34d5e3_d2_1.png": {"intrinsics": {"fx": 1075.41, "fy": 1075.69, "cx": 631.948, "cy": 513.074}, "camera_to_world_matrix": [0.320596, -0.639915, 0.698373, -0.0278864, 0.947159, 0.208623, -0.243646, -0.166843, 0.0102167, 0.739584, 0.672984, 4.76186, 0.0, 0.0, 0.0, 1.0]}, "055135a74623475bbaa7fe3a9b34d5e3_d2_2.png": {"intrinsics": {"fx": 1075.41, "fy": 1075.69, "cx": 631.948, "cy": 513.074}, "camera_to_world_matrix": [0.980475, -0.143797, 0.134117, -0.0169029, 0.195874, 0.654279, -0.730447, -0.1573, 0.0172866, 0.742456, 0.669669, 4.76192, 0.0, 0.0, 0.0, 1.0]}, "055135a74623475bbaa7fe3a9b34d5e3_d2_3.png": {"intrinsics": {"fx": 1075.41, "fy": 1075.69, "cx": 631.948, "cy": 513.074}, "camera_to_world_matrix": [0.659778, 0.490189, -0.569568, -0.00314732, -0.751265, 0.447443, -0.485172, -0.162041, 0.0170237, 0.748003, 0.663474, 4.76204, 0.0, 0.0, 0.0, 1.0]}, "055135a74623475bbaa7fe3a9b34d5e3_d2_4.png": {"intrinsics": {"fx": 1075.41, "fy": 1075.69, "cx": 631.948, "cy": 513.074}, "camera_to_world_matrix": [-0.320792, 0.628043, -0.708981, -0.000375538, -0.947098, -0.205044, 0.246899, -0.176325, 0.00969088, 0.750679, 0.660594, 4.7621, 0.0, 0.0, 0.0, 1.0]}, "055135a74623475bbaa7fe3a9b34d5e3_d2_5.png": {"intrinsics": {"fx": 1075.41, "fy": 1075.69, "cx": 631.948, "cy": 513.074}, "camera_to_world_matrix": [-0.980641, 0.131908, -0.144705, -0.0113594, -0.195787, -0.650681, 0.733677, -0.185867, 0.00262122, 0.747806, 0.663909, 4.76203, 0.0, 0.0, 0.0, 1.0]}, "0701fa74a0bb4f478b1f167ea7939c0a_d0_0.png": {"intrinsics": {"fx": 1074.54, "fy": 1075.05, "cx": 635.04, "cy": 507.238}, "camera_to_world_matrix": [-0.449367, -0.600766, -0.661173, -11.6591, -0.893274, 0.292719, 0.34114, -19.1464, -0.0114077, 0.743906, -0.668187, 1.58302, 0.0, 0.0, 0.0, 1.0]}, "0701fa74a0bb4f478b1f167ea7939c0a_d0_1.png": {"intrinsics": {"fx": 1074.54, "fy": 1075.05, "cx": 635.04, "cy": 507.238}, "camera_to_world_matrix": [-0.998317, -0.0431646, -0.0387429, -11.6712, -0.0574953, 0.648386, 0.759138, -19.1546, -0.00764751, 0.760088, -0.649776, 1.58266, 0.0, 0.0, 0.0, 1.0]}, "0701fa74a0bb4f478b1f167ea7939c0a_d0_2.png": {"intrinsics": {"fx": 1074.54, "fy": 1075.05, "cx": 635.04, "cy": 507.238}, "camera_to_world_matrix": [-0.549142, 0.543786, 0.634617, -11.6843, 0.835586, 0.343204, 0.42896, -19.1482, 0.0154592, 0.765838, -0.642848, 1.58253, 0.0, 0.0, 0.0, 1.0]}, "0701fa74a0bb4f478b1f167ea7939c0a_d0_3.png": {"intrinsics": {"fx": 1074.54, "fy": 1075.05, "cx": 635.04, "cy": 507.238}, "camera_to_world_matrix": [0.448971, 0.573123, 0.685533, -11.6853, 0.892868, -0.317636, -0.319208, -19.1336, 0.0348052, 0.755406, -0.654332, 1.58275, 0.0, 0.0, 0.0, 1.0]}, "0701fa74a0bb4f478b1f167ea7939c0a_d0_4.png": {"intrinsics": {"fx": 1074.54, "fy": 1075.05, "cx": 635.04, "cy": 507.238}, "camera_to_world_matrix": [0.997888, 0.015507, 0.0630873, -11.6732, 0.0570678, -0.673281, -0.737181, -19.1255, 0.031044, 0.739224, -0.672744, 1.58311, 0.0, 0.0, 0.0, 1.0]}, "0701fa74a0bb4f478b1f167ea7939c0a_d0_5.png": {"intrinsics": {"fx": 1074.54, "fy": 1075.05, "cx": 635.04, "cy": 507.238}, "camera_to_world_matrix": [0.548678, -0.571432, -0.61026, -11.6601, -0.835996, -0.368077, -0.406977, -19.1319, 0.00793699, 0.733475, -0.679671, 1.58324, 0.0, 0.0, 0.0, 1.0]}, "0701fa74a0bb4f478b1f167ea7939c0a_d1_0.png": {"intrinsics": {"fx": 1071.96, "fy": 1072.39, "cx": 632.465, "cy": 510.934}, "camera_to_world_matrix": [-0.439166, -0.0104249, -0.898346, -11.6697, -0.898325, -0.00845859, 0.439252, -19.1421, -0.0121782, 0.99991, -0.0056492, 1.61616, 0.0, 0.0, 0.0, 1.0]}, "0701fa74a0bb4f478b1f167ea7939c0a_d1_1.png": {"intrinsics": {"fx": 1071.96, "fy": 1072.39, "cx": 632.465, "cy": 510.934}, "camera_to_world_matrix": [-0.997591, -0.00737336, -0.0689879, -11.6726, -0.0688333, -0.0194571, 0.997439, -19.1441, -0.00869704, 0.999784, 0.0189036, 1.61607, 0.0, 0.0, 0.0, 1.0]}, "0701fa74a0bb4f478b1f167ea7939c0a_d1_2.png": {"intrinsics": {"fx": 1071.96, "fy": 1072.39, "cx": 632.465, "cy": 510.934}, "camera_to_world_matrix": [-0.558603, -0.0153715, 0.829293, -11.6757, 0.829313, -0.027596, 0.558104, -19.1425, 0.014306, 0.999501, 0.028164, 1.61604, 0.0, 0.0, 0.0, 1.0]}, "0701fa74a0bb4f478b1f167ea7939c0a_d1_3.png": {"intrinsics": {"fx": 1071.96, "fy": 1072.39, "cx": 632.465, "cy": 510.934}, "camera_to_world_matrix": [0.438802, -0.0264211, 0.898196, -11.676, 0.897948, -0.0247364, -0.439407, -19.1391, 0.0338275, 0.999345, 0.0128714, 1.61609, 0.0, 0.0, 0.0, 1.0]}, "0701fa74a0bb4f478b1f167ea7939c0a_d1_4.png": {"intrinsics": {"fx": 1071.96, "fy": 1072.39, "cx": 632.465, "cy": 510.934}, "camera_to_world_matrix": [0.997195, -0.0294721, 0.0688159, -11.6731, 0.0684349, -0.0137378, -0.997561, -19.1371, 0.0303454, 0.999472, -0.0116813, 1.61618, 0.0, 0.0, 0.0, 1.0]}, "0701fa74a0bb4f478b1f167ea7939c0a_d1_5.png": {"intrinsics": {"fx": 1071.96, "fy": 1072.39, "cx": 632.465, "cy": 510.934}, "camera_to_world_matrix": [0.558171, -0.0214736, -0.829448, -11.6699, -0.829694, -0.00559911, -0.558191, -19.1386, 0.00734194, 0.999754, -0.0209408, 1.61621, 0.0, 0.0, 0.0, 1.0]}, "0701fa74a0bb4f478b1f167ea7939c0a_d2_0.png": {"intrinsics": {"fx": 1075.41, "fy": 1075.69, "cx": 631.948, "cy": 513.074}, "camera_to_world_matrix": [-0.434313, 0.590088, -0.680563, -11.6604, -0.900666, -0.295395, 0.318653, -19.1475, -0.0130013, 0.751357, 0.659765, 1.6495, 0.0, 0.0, 0.0, 1.0]}, "0701fa74a0bb4f478b1f167ea7939c0a_d2_1.png": {"intrinsics": {"fx": 1075.41, "fy": 1075.69, "cx": 631.948, "cy": 513.074}, "camera_to_world_matrix": [-0.997196, 0.0432307, -0.0610538, -11.6724, -0.074185, -0.676745, 0.73247, -19.1557, -0.00965233, 0.734946, 0.678054, 1.64914, 0.0, 0.0, 0.0, 1.0]}, "0701fa74a0bb4f478b1f167ea7939c0a_d2_2.png": {"intrinsics": {"fx": 1075.41, "fy": 1075.69, "cx": 631.948, "cy": 513.074}, "camera_to_world_matrix": [-0.563044, -0.560587, 0.607225, -11.6855, 0.826317, -0.393704, 0.402732, -19.1493, 0.0133007, 0.728518, 0.684895, 1.64901, 0.0, 0.0, 0.0, 1.0]}, "0701fa74a0bb4f478b1f167ea7939c0a_d2_3.png": {"intrinsics": {"fx": 1075.41, "fy": 1075.69, "cx": 631.948, "cy": 513.074}, "camera_to_world_matrix": [0.433981, -0.617535, 0.65598, -11.6865, 0.900319, 0.270681, -0.340815, -19.1348, 0.0329042, 0.7385, 0.673448, 1.64923, 0.0, 0.0, 0.0, 1.0]}, "0701fa74a0bb4f478b1f167ea7939c0a_d2_4.png": {"intrinsics": {"fx": 1075.41, "fy": 1075.69, "cx": 631.948, "cy": 513.074}, "camera_to_world_matrix": [0.996832, -0.0706623, 0.0364542, -11.6744, 0.0738155, 0.65201, -0.754608, -19.1266, 0.0295543, 0.75491, 0.655159, 1.64959, 0.0, 0.0, 0.0, 1.0]}, "0701fa74a0bb4f478b1f167ea7939c0a_d2_5.png": {"intrinsics": {"fx": 1075.41, "fy": 1075.69, "cx": 631.948, "cy": 513.074}, "camera_to_world_matrix": [0.562645, 0.533145, -0.631812, -11.6614, -0.82667, 0.368945, -0.424844, -19.133, 0.00660088, 0.761338, 0.648319, 1.64972, 0.0, 0.0, 0.0, 1.0]}, "095e289950a64f99bc690533335dbea5_d0_0.png": {"intrinsics": {"fx": 1074.54, "fy": 1075.05, "cx": 635.04, "cy": 507.238}, "camera_to_world_matrix": [0.106597, -0.687272, -0.718537, -1.73306, -0.994039, -0.090289, -0.0611077, 3.48035, -0.0228783, 0.720767, -0.692799, 1.57014, 0.0, 0.0, 0.0, 1.0]}, "095e289950a64f99bc690533335dbea5_d0_1.png": {"intrinsics": {"fx": 1074.54, "fy": 1075.05, "cx": 635.04, "cy": 507.238}, "camera_to_world_matrix": [-0.807269, -0.411974, -0.422605, -1.73879, -0.588643, 0.510317, 0.626958, 3.46699, -0.0426281, 0.754887, -0.654468, 1.5694, 0.0, 0.0, 0.0, 1.0]}, "095e289950a64f99bc690533335dbea5_d0_2.png": {"intrinsics": {"fx": 1074.54, "fy": 1075.05, "cx": 635.04, "cy": 507.238}, "camera_to_world_matrix": [-0.914302, 0.246178, 0.321635, -1.75323, 0.404954, 0.571409, 0.713795, 3.46529, -0.00806414, 0.782872, -0.622131, 1.56877, 0.0, 0.0, 0.0, 1.0]}, "095e289950a64f99bc690533335dbea5_d0_3.png": {"intrinsics": {"fx": 1074.54, "fy": 1075.05, "cx": 635.04, "cy": 507.238}, "camera_to_world_matrix": [-0.107467, 0.629018, 0.769927, -1.76193, 0.993132, 0.0318946, 0.112565, 3.47695, 0.0462489, 0.776736, -0.628126, 1.56888, 0.0, 0.0, 0.0, 1.0]}, "095e289950a64f99bc690533335dbea5_d0_4.png": {"intrinsics": {"fx": 1074.54, "fy": 1075.05, "cx": 635.04, "cy": 507.238}, "camera_to_world_matrix": [0.806383, 0.353697, 0.473968, -1.75621, 0.5877, -0.5687, -0.57549, 3.4903, 0.0659967, 0.742616, -0.666458, 1.56963, 0.0, 0.0, 0.0, 1.0]}, "095e289950a64f99bc690533335dbea5_d0_5.png": {"intrinsics": {"fx": 1074.54, "fy": 1075.05, "cx": 635.04, "cy": 507.238}, "camera_to_world_matrix": [0.913377, -0.304458, -0.270276, -1.74177, -0.405901, -0.629767, -0.662298, 3.492, 0.0314311, 0.714632, -0.698794, 1.57025, 0.0, 0.0, 0.0, 1.0]}, "095e289950a64f99bc690533335dbea5_d1_0.png": {"intrinsics": {"fx": 1071.96, "fy": 1072.39, "cx": 632.465, "cy": 510.934}, "camera_to_world_matrix": [0.117927, -0.0365383, -0.99235, -1.74532, -0.992751, -0.0277482, -0.116953, 3.47776, -0.023263, 0.998947, -0.0395447, 1.60286, 0.0, 0.0, 0.0, 1.0]}, "095e289950a64f99bc690533335dbea5_d1_1.png": {"intrinsics": {"fx": 1071.96, "fy": 1072.39, "cx": 632.465, "cy": 510.934}, "camera_to_world_matrix": [-0.800485, -0.0280149, -0.598698, -1.74669, -0.597766, -0.0353406, 0.800892, 3.47455, -0.0435955, 0.998983, 0.0115442, 1.60268, 0.0, 0.0, 0.0, 1.0]}, "095e289950a64f99bc690533335dbea5_d1_2.png": {"intrinsics": {"fx": 1071.96, "fy": 1072.39, "cx": 632.465, "cy": 510.934}, "camera_to_world_matrix": [-0.918815, -0.0303174, 0.393525, -1.75017, 0.394577, -0.0465083, 0.917686, 3.47414, -0.0095199, 0.998458, 0.0546959, 1.60253, 0.0, 0.0, 0.0, 1.0]}, "095e289950a64f99bc690533335dbea5_d1_3.png": {"intrinsics": {"fx": 1071.96, "fy": 1072.39, "cx": 632.465, "cy": 510.934}, "camera_to_world_matrix": [-0.118729, -0.0411432, 0.992074, -1.75226, 0.991912, -0.0500834, 0.116633, 3.47694, 0.0448875, 0.997898, 0.0467577, 1.60256, 0.0, 0.0, 0.0, 1.0]}, "095e289950a64f99bc690533335dbea5_d1_4.png": {"intrinsics": {"fx": 1071.96, "fy": 1072.39, "cx": 632.465, "cy": 510.934}, "camera_to_world_matrix": [0.799668, -0.0496663, 0.598387, -1.75088, 0.596892, -0.0424907, -0.801196, 3.48016, 0.0652181, 0.997862, -0.00433201, 1.60274, 0.0, 0.0, 0.0, 1.0]}, "095e289950a64f99bc690533335dbea5_d1_5.png": {"intrinsics": {"fx": 1071.96, "fy": 1072.39, "cx": 632.465, "cy": 510.934}, "camera_to_world_matrix": [0.917958, -0.0473634, -0.393842, -1.74741, -0.395456, -0.0313231, -0.917952, 3.48057, 0.0311407, 0.998387, -0.0474824, 1.60289, 0.0, 0.0, 0.0, 1.0]}, "095e289950a64f99bc690533335dbea5_d2_0.png": {"intrinsics": {"fx": 1075.41, "fy": 1075.69, "cx": 631.948, "cy": 513.074}, "camera_to_world_matrix": [0.123298, 0.631358, -0.765627, -1.73564, -0.99208, 0.0598369, -0.110422, 3.47776, -0.0239027, 0.773179, 0.633734, 1.63654, 0.0, 0.0, 0.0, 1.0]}, "095e289950a64f99bc690533335dbea5_d2_1.png": {"intrinsics": {"fx": 1075.41, "fy": 1075.69, "cx": 631.948, "cy": 513.074}, "camera_to_world_matrix": [-0.797224, 0.379001, -0.46988, -1.74137, -0.602037, -0.556541, 0.57255, 3.4644, -0.0445099, 0.739337, 0.671859, 1.63579, 0.0, 0.0, 0.0, 1.0]}, "095e289950a64f99bc690533335dbea5_d2_2.png": {"intrinsics": {"fx": 1075.41, "fy": 1075.69, "cx": 631.948, "cy": 513.074}, "camera_to_world_matrix": [-0.920891, -0.28131, 0.269856, -1.75581, 0.389669, -0.645366, 0.657007, 3.4627, -0.0106667, 0.710188, 0.703928, 1.63517, 0.0, 0.0, 0.0, 1.0]}, "095e289950a64f99bc690533335dbea5_d2_3.png": {"intrinsics": {"fx": 1075.41, "fy": 1075.69, "cx": 631.948, "cy": 513.074}, "camera_to_world_matrix": [-0.124032, -0.689249, 0.713828, -1.76452, 0.99131, -0.117812, 0.0584909, 3.47436, 0.0437829, 0.714881, 0.697871, 1.63528, 0.0, 0.0, 0.0, 1.0]}, "095e289950a64f99bc690533335dbea5_d2_4.png": {"intrinsics": {"fx": 1075.41, "fy": 1075.69, "cx": 631.948, "cy": 513.074}, "camera_to_world_matrix": [0.796475, -0.436869, 0.418055, -1.75879, 0.601231, 0.498556, -0.62447, 3.48771, 0.0643881, 0.748723, 0.659745, 1.63603, 0.0, 0.0, 0.0, 1.0]}, "095e289950a64f99bc690533335dbea5_d2_5.png": {"intrinsics": {"fx": 1075.41, "fy": 1075.69, "cx": 631.948, "cy": 513.074}, "camera_to_world_matrix": [0.920102, 0.223446, -0.321684, -1.74435, -0.39048, 0.587355, -0.708898, 3.48941, 0.0305433, 0.777872, 0.627677, 1.63665, 0.0, 0.0, 0.0, 1.0]}, "0abcad1faaaa45d296aac7b2083ebe54_d0_0.png": {"intrinsics": {"fx": 1074.54, "fy": 1075.05, "cx": 635.04, "cy": 507.238}, "camera_to_world_matrix": [0.516414, -0.559725, -0.648093, 0.831479, -0.85631, -0.331303, -0.396196, 3.87517, 0.00704589, 0.75957, -0.650388, 4.74607, 0.0, 0.0, 0.0, 1.0]}, "0abcad1faaaa45d296aac7b2083ebe54_d0_1.png": {"intrinsics": {"fx": 1074.54, "fy": 1075.05, "cx": 635.04, "cy": 507.238}, "camera_to_world_matrix": [-0.483237, -0.56349, -0.670046, 0.831919, -0.875211, 0.330256, 0.353465, 3.86063, 0.0221129, 0.757239, -0.652764, 4.74612, 0.0, 0.0, 0.0, 1.0]}, "0abcad1faaaa45d296aac7b2083ebe54_d0_2.png": {"intrinsics": {"fx": 1074.54, "fy": 1075.05, "cx": 635.04, "cy": 507.238}, "camera_to_world_matrix": [-0.999464, 0.00749825, -0.0318617, 0.819546, -0.0188384, 0.664258, 0.747266, 3.85298, 0.0267675, 0.747466, -0.663761, 4.74633, 0.0, 0.0, 0.0, 1.0]}, "0abcad1faaaa45d296aac7b2083ebe54_d0_3.png": {"intrinsics": {"fx": 1074.54, "fy": 1075.05, "cx": 635.04, "cy": 507.238}, "camera_to_world_matrix": [-0.51603, 0.582238, 0.628262, 0.806732, 0.856415, 0.336693, 0.391397, 3.85987, 0.0163551, 0.740025, -0.672381, 4.7465, 0.0, 0.0, 0.0, 1.0]}, "0abcad1faaaa45d296aac7b2083ebe54_d0_4.png": {"intrinsics": {"fx": 1074.54, "fy": 1075.05, "cx": 635.04, "cy": 507.238}, "camera_to_world_matrix": [0.483622, 0.585977, 0.650185, 0.806292, 0.875276, -0.324866, -0.358265, 3.87441, 0.00128822, 0.742356, -0.670004, 4.74646, 0.0, 0.0, 0.0, 1.0]}, "0abcad1faaaa45d296aac7b2083ebe54_d0_5.png": {"intrinsics": {"fx": 1074.54, "fy": 1075.05, "cx": 635.04, "cy": 507.238}, "camera_to_world_matrix": [0.999816, 0.0149757, 0.0119854, 0.818666, 0.0188837, -0.658846, -0.752041, 3.88206, -0.00336586, 0.752129, -0.659007, 4.74624, 0.0, 0.0, 0.0, 1.0]}, "0abcad1faaaa45d296aac7b2083ebe54_d1_0.png": {"intrinsics": {"fx": 1071.96, "fy": 1072.39, "cx": 632.465, "cy": 510.934}, "camera_to_world_matrix": [0.526114, 0.0123773, -0.850324, 0.822581, -0.850394, 0.0147174, -0.525943, 3.86948, 0.00600452, 0.999815, 0.0182696, 4.77948, 0.0, 0.0, 0.0, 1.0]}, "0abcad1faaaa45d296aac7b2083ebe54_d1_1.png": {"intrinsics": {"fx": 1071.96, "fy": 1072.39, "cx": 632.465, "cy": 510.934}, "camera_to_world_matrix": [-0.473267, 0.0233088, -0.880611, 0.822687, -0.880667, 0.011435, 0.473599, 3.86598, 0.0211085, 0.999663, 0.0151165, 4.77949, 0.0, 0.0, 0.0, 1.0]}, "0abcad1faaaa45d296aac7b2083ebe54_d1_2.png": {"intrinsics": {"fx": 1071.96, "fy": 1072.39, "cx": 632.465, "cy": 510.934}, "camera_to_world_matrix": [-0.999208, 0.0259325, -0.0302129, 0.81971, -0.0302144, 0.000325966, 0.999544, 3.86414, 0.0259303, 0.999664, 0.000458806, 4.77954, 0.0, 0.0, 0.0, 1.0]}, "0abcad1faaaa45d296aac7b2083ebe54_d1_3.png": {"intrinsics": {"fx": 1071.96, "fy": 1072.39, "cx": 632.465, "cy": 510.934}, "camera_to_world_matrix": [-0.525756, 0.0176248, 0.850453, 0.816628, 0.850493, -0.00750037, 0.525935, 3.8658, 0.0156479, 0.999817, -0.0110454, 4.77959, 0.0, 0.0, 0.0, 1.0]}, "0abcad1faaaa45d296aac7b2083ebe54_d1_4.png": {"intrinsics": {"fx": 1071.96, "fy": 1072.39, "cx": 632.465, "cy": 510.934}, "camera_to_world_matrix": [0.473626, 0.00669344, 0.880701, 0.816522, 0.880727, -0.00421753, -0.473607, 3.8693, 0.000544044, 0.999969, -0.00789164, 4.77957, 0.0, 0.0, 0.0, 1.0]}, "0abcad1faaaa45d296aac7b2083ebe54_d1_5.png": {"intrinsics": {"fx": 1071.96, "fy": 1072.39, "cx": 632.465, "cy": 510.934}, "camera_to_world_matrix": [0.999534, 0.00407014, 0.0302821, 0.819499, 0.0302533, 0.00689158, -0.999519, 3.87114, -0.00427714, 0.999968, 0.0067662, 4.77952, 0.0, 0.0, 0.0, 1.0]}, "0abcad1faaaa45d296aac7b2083ebe54_d2_0.png": {"intrinsics": {"fx": 1075.41, "fy": 1075.69, "cx": 631.948, "cy": 513.074}, "camera_to_world_matrix": [0.530672, 0.572411, -0.625086, 0.832476, -0.84756, 0.362779, -0.387337, 3.87541, 0.00505234, 0.735348, 0.677668, 4.81257, 0.0, 0.0, 0.0, 1.0]}, "0abcad1faaaa45d296aac7b2083ebe54_d2_1.png": {"intrinsics": {"fx": 1075.41, "fy": 1075.69, "cx": 631.948, "cy": 513.074}, "camera_to_world_matrix": [-0.468538, 0.603631, -0.645058, 0.832917, -0.883211, -0.303383, 0.357624, 3.86087, 0.0201732, 0.737284, 0.675279, 4.81261, 0.0, 0.0, 0.0, 1.0]}, "0abcad1faaaa45d296aac7b2083ebe54_d2_2.png": {"intrinsics": {"fx": 1075.41, "fy": 1075.69, "cx": 631.948, "cy": 513.074}, "camera_to_world_matrix": [-0.99905, 0.0423855, -0.00995354, 0.820544, -0.0355949, -0.663466, 0.747359, 3.85322, 0.0250738, 0.747004, 0.664343, 4.81283, 0.0, 0.0, 0.0, 1.0]}, "0abcad1faaaa45d296aac7b2083ebe54_d2_3.png": {"intrinsics": {"fx": 1075.41, "fy": 1075.69, "cx": 631.948, "cy": 513.074}, "camera_to_world_matrix": [-0.53034, -0.550067, 0.645109, 0.80773, 0.847652, -0.357378, 0.392125, 3.86011, 0.0148534, 0.754789, 0.655797, 4.81299, 0.0, 0.0, 0.0, 1.0]}, "0abcad1faaaa45d296aac7b2083ebe54_d2_4.png": {"intrinsics": {"fx": 1075.41, "fy": 1075.69, "cx": 631.948, "cy": 513.074}, "camera_to_world_matrix": [0.468871, -0.581261, 0.665052, 0.80729, 0.883264, 0.308785, -0.352837, 3.87465, -0.000267358, 0.752853, 0.658186, 4.81295, 0.0, 0.0, 0.0, 1.0]}, "0abcad1faaaa45d296aac7b2083ebe54_d2_5.png": {"intrinsics": {"fx": 1075.41, "fy": 1075.69, "cx": 631.948, "cy": 513.074}, "camera_to_world_matrix": [0.99935, -0.0200013, 0.0299317, 0.819664, 0.0356276, 0.668846, -0.742547, 3.8823, -0.00516732, 0.743132, 0.669122, 4.81273, 0.0, 0.0, 0.0, 1.0]}, "1015e20d2dca4a01b6cca0ca0d71c29a_d0_0.png": {"intrinsics": {"fx": 1074.54, "fy": 1075.05, "cx": 635.04, "cy": 507.238}, "camera_to_world_matrix": [-0.937102, -0.223516, -0.268106, -6.2847, -0.349052, 0.603858, 0.716603, 2.87519, 0.0017253, 0.765112, -0.643895, 4.71229, 0.0, 0.0, 0.0, 1.0]}, "1015e20d2dca4a01b6cca0ca0d71c29a_d0_1.png": {"intrinsics": {"fx": 1074.54, "fy": 1075.05, "cx": 635.04, "cy": 507.238}, "camera_to_world_matrix": [-0.770703, 0.427315, 0.472672, -6.29907, 0.636629, 0.48514, 0.599452, 2.87745, 0.0268431, 0.762917, -0.64594, 4.71233, 0.0, 0.0, 0.0, 1.0]}, "1015e20d2dca4a01b6cca0ca0d71c29a_d0_2.png": {"intrinsics": {"fx": 1074.54, "fy": 1075.05, "cx": 635.04, "cy": 507.238}, "camera_to_world_matrix": [0.166402, 0.649895, 0.741585, -6.3043, 0.985371, -0.137676, -0.100451, 2.89102, 0.0368159, 0.747451, -0.663297, 4.71267, 0.0, 0.0, 0.0, 1.0]}, "1015e20d2dca4a01b6cca0ca0d71c29a_d0_3.png": {"intrinsics": {"fx": 1074.54, "fy": 1075.05, "cx": 635.04, "cy": 507.238}, "camera_to_world_matrix": [0.937087, 0.221638, 0.269713, -6.29516, 0.348424, -0.641759, -0.683188, 2.90233, 0.0216706, 0.734181, -0.678608, 4.71297, 0.0, 0.0, 0.0, 1.0]}, "1015e20d2dca4a01b6cca0ca0d71c29a_d0_4.png": {"intrinsics": {"fx": 1074.54, "fy": 1075.05, "cx": 635.04, "cy": 507.238}, "camera_to_world_matrix": [0.770649, -0.429189, -0.47106, -6.28079, -0.63725, -0.523016, -0.566009, 2.90008, -0.00344709, 0.736377, -0.676562, 4.71293, 0.0, 0.0, 0.0, 1.0]}, "1015e20d2dca4a01b6cca0ca0d71c29a_d0_5.png": {"intrinsics": {"fx": 1074.54, "fy": 1075.05, "cx": 635.04, "cy": 507.238}, "camera_to_world_matrix": [-0.166469, -0.651744, -0.739945, -6.27556, -0.985955, 0.0998082, 0.133905, 2.8865, -0.013419, 0.751843, -0.659205, 4.71259, 0.0, 0.0, 0.0, 1.0]}, "1015e20d2dca4a01b6cca0ca0d71c29a_d1_0.png": {"intrinsics": {"fx": 1071.96, "fy": 1072.39, "cx": 632.465, "cy": 510.934}, "camera_to_world_matrix": [-0.933081, 0.0101665, -0.359525, -6.28871, -0.359668, -0.0247418, 0.932753, 2.88466, 0.000587296, 0.999642, 0.0267437, 4.74579, 0.0, 0.0, 0.0, 1.0]}, "1015e20d2dca4a01b6cca0ca0d71c29a_d1_1.png": {"intrinsics": {"fx": 1071.96, "fy": 1072.39, "cx": 632.465, "cy": 510.934}, "camera_to_world_matrix": [-0.777908, 0.00491808, 0.628359, -6.29217, 0.627852, -0.0348749, 0.777552, 2.8852, 0.0257377, 0.99938, 0.0240426, 4.7458, 0.0, 0.0, 0.0, 1.0]}, "1015e20d2dca4a01b6cca0ca0d71c29a_d1_2.png": {"intrinsics": {"fx": 1071.96, "fy": 1072.39, "cx": 632.465, "cy": 510.934}, "camera_to_world_matrix": [0.155177, -0.00648457, 0.987866, -6.29343, 0.987232, -0.0353971, -0.155309, 2.88846, 0.0359744, 0.999353, 0.000909951, 4.74588, 0.0, 0.0, 0.0, 1.0]}, "1015e20d2dca4a01b6cca0ca0d71c29a_d1_3.png": {"intrinsics": {"fx": 1071.96, "fy": 1072.39, "cx": 632.465, "cy": 510.934}, "camera_to_world_matrix": [0.933068, -0.0126385, 0.35948, -6.29123, 0.359085, -0.0257863, -0.932949, 2.89119, 0.0210605, 0.999588, -0.0195211, 4.74595, 0.0, 0.0, 0.0, 1.0]}, "1015e20d2dca4a01b6cca0ca0d71c29a_d1_4.png": {"intrinsics": {"fx": 1071.96, "fy": 1072.39, "cx": 632.465, "cy": 510.934}, "camera_to_world_matrix": [0.777857, -0.00738964, -0.628399, -6.28777, -0.628429, -0.0156535, -0.77771, 2.89064, -0.00408989, 0.999851, -0.016819, 4.74594, 0.0, 0.0, 0.0, 1.0]}, "1015e20d2dca4a01b6cca0ca0d71c29a_d1_5.png": {"intrinsics": {"fx": 1071.96, "fy": 1072.39, "cx": 632.465, "cy": 510.934}, "camera_to_world_matrix": [-0.155242, 0.00401303, -0.987869, -6.28651, -0.987773, -0.0151317, 0.155165, 2.88738, -0.0143257, 0.999878, 0.006314, 4.74586, 0.0, 0.0, 0.0, 1.0]}, "1015e20d2dca4a01b6cca0ca0d71c29a_d2_0.png": {"intrinsics": {"fx": 1075.41, "fy": 1075.69, "cx": 631.948, "cy": 513.074}, "camera_to_world_matrix": [-0.931138, 0.249101, -0.266321, -6.28478, -0.364662, -0.636884, 0.679264, 2.87351, -0.000410252, 0.729607, 0.683864, 4.77877, 0.0, 0.0, 0.0, 1.0]}, "1015e20d2dca4a01b6cca0ca0d71c29a_d2_1.png": {"intrinsics": {"fx": 1075.41, "fy": 1075.69, "cx": 631.948, "cy": 513.074}, "camera_to_world_matrix": [-0.781281, -0.411334, 0.46947, -6.29916, 0.623685, -0.54429, 0.561037, 2.87577, 0.0247545, 0.731131, 0.681785, 4.77881, 0.0, 0.0, 0.0, 1.0]}, "1015e20d2dca4a01b6cca0ca0d71c29a_d2_2.png": {"intrinsics": {"fx": 1075.41, "fy": 1075.69, "cx": 631.948, "cy": 513.074}, "camera_to_world_matrix": [0.149862, -0.661347, 0.734956, -6.30439, 0.988081, 0.073779, -0.135087, 2.88934, 0.0351156, 0.746442, 0.66452, 4.77915, 0.0, 0.0, 0.0, 1.0]}, "1015e20d2dca4a01b6cca0ca0d71c29a_d2_3.png": {"intrinsics": {"fx": 1075.41, "fy": 1075.69, "cx": 631.948, "cy": 513.074}, "camera_to_world_matrix": [0.931127, -0.250919, 0.264646, -6.29524, 0.364123, 0.59924, -0.712969, 2.90065, 0.0203116, 0.76023, 0.649333, 4.77945, 0.0, 0.0, 0.0, 1.0]}, "1015e20d2dca4a01b6cca0ca0d71c29a_d2_4.png": {"intrinsics": {"fx": 1075.41, "fy": 1075.69, "cx": 631.948, "cy": 513.074}, "camera_to_world_matrix": [0.781232, 0.409512, -0.471141, -6.28087, -0.624218, 0.50662, -0.594714, 2.8984, -0.00485305, 0.758706, 0.651412, 4.77941, 0.0, 0.0, 0.0, 1.0]}, "1015e20d2dca4a01b6cca0ca0d71c29a_d2_5.png": {"intrinsics": {"fx": 1075.41, "fy": 1075.69, "cx": 631.948, "cy": 513.074}, "camera_to_world_matrix": [-0.149925, 0.659501, -0.7366, -6.27564, -0.988578, -0.111459, 0.101421, 2.88482, -0.0152132, 0.743394, 0.668678, 4.77907, 0.0, 0.0, 0.0, 1.0]}, "112b976211e448f08cc955a8f4315e0c_d0_0.png": {"intrinsics": {"fx": 1074.54, "fy": 1075.05, "cx": 635.04, "cy": 507.238}, "camera_to_world_matrix": [-0.74363, -0.443861, -0.500002, -6.8763, -0.668589, 0.495579, 0.554428, 0.985235, 0.00170188, 0.746585, -0.665288, 1.5886, 0.0, 0.0, 0.0, 1.0]}, "112b976211e448f08cc955a8f4315e0c_d0_1.png": {"intrinsics": {"fx": 1074.54, "fy": 1075.05, "cx": 635.04, "cy": 507.238}, "camera_to_world_matrix": [-0.950849, 0.205074, 0.232016, -6.8905, 0.309647, 0.624067, 0.717398, 0.982059, 0.00232607, 0.75398, -0.656894, 1.58844, 0.0, 0.0, 0.0, 1.0]}, "112b976211e448f08cc955a8f4315e0c_d0_2.png": {"intrinsics": {"fx": 1074.54, "fy": 1075.05, "cx": 635.04, "cy": 507.238}, "camera_to_world_matrix": [-0.207323, 0.64082, 0.739166, -6.90035, 0.978195, 0.126277, 0.164891, 0.992768, 0.0123258, 0.757234, -0.653027, 1.58837, 0.0, 0.0, 0.0, 1.0]}, "112b976211e448f08cc955a8f4315e0c_d0_3.png": {"intrinsics": {"fx": 1074.54, "fy": 1075.05, "cx": 635.04, "cy": 507.238}, "camera_to_world_matrix": [0.743403, 0.427622, 0.514287, -6.896, 0.668491, -0.499989, -0.550573, 1.00665, 0.0217012, 0.753094, -0.657555, 1.58845, 0.0, 0.0, 0.0, 1.0]}, "112b976211e448f08cc955a8f4315e0c_d0_4.png": {"intrinsics": {"fx": 1074.54, "fy": 1075.05, "cx": 635.04, "cy": 507.238}, "camera_to_world_matrix": [0.950583, -0.221318, -0.217737, -6.8818, -0.309753, -0.628451, -0.713514, 1.00983, 0.0210766, 0.745699, -0.665949, 1.58862, 0.0, 0.0, 0.0, 1.0]}, "112b976211e448f08cc955a8f4315e0c_d0_5.png": {"intrinsics": {"fx": 1074.54, "fy": 1075.05, "cx": 635.04, "cy": 507.238}, "camera_to_world_matrix": [0.207032, -0.657045, -0.724866, -6.87195, -0.978272, -0.130644, -0.160988, 0.999119, 0.0110766, 0.742445, -0.669816, 1.58869, 0.0, 0.0, 0.0, 1.0]}, "112b976211e448f08cc955a8f4315e0c_d1_0.png": {"intrinsics": {"fx": 1071.96, "fy": 1072.39, "cx": 632.465, "cy": 510.934}, "camera_to_world_matrix": [-0.735975, -0.000400461, -0.67701, -6.88414, -0.677009, 0.00174382, 0.735973, 0.99327, 0.000885583, 0.999999, -0.00155354, 1.6218, 0.0, 0.0, 0.0, 1.0]}, "112b976211e448f08cc955a8f4315e0c_d1_1.png": {"intrinsics": {"fx": 1071.96, "fy": 1072.39, "cx": 632.465, "cy": 510.934}, "camera_to_world_matrix": [-0.95431, -0.00156074, 0.298815, -6.88756, 0.298817, -0.0096116, 0.954262, 0.992506, 0.00138248, 0.999953, 0.00963979, 1.62176, 0.0, 0.0, 0.0, 1.0]}, "112b976211e448f08cc955a8f4315e0c_d1_2.png": {"intrinsics": {"fx": 1071.96, "fy": 1072.39, "cx": 632.465, "cy": 510.934}, "camera_to_world_matrix": [-0.218431, -0.0119745, 0.975779, -6.88993, 0.975788, -0.014284, 0.218258, 0.995082, 0.0113242, 0.999827, 0.0148056, 1.62174, 0.0, 0.0, 0.0, 1.0]}, "112b976211e448f08cc955a8f4315e0c_d1_3.png": {"intrinsics": {"fx": 1071.96, "fy": 1072.39, "cx": 632.465, 