{"0662f8da68b94d83a47af1e38f28f4e5_d0_0.png": {"intrinsics": {"fx": 1072.54, "fy": 1073.61, "cx": 633.884, "cy": 515.364}, "camera_to_world_matrix": [0.999197, -0.0285301, -0.0281779, -10.393, -0.0400505, -0.675335, -0.736424, -7.22916, 0.00198053, 0.73696, -0.675934, 0.670762, 0.0, 0.0, 0.0, 1.0]}, "0662f8da68b94d83a47af1e38f28f4e5_d0_1.png": {"intrinsics": {"fx": 1072.54, "fy": 1073.61, "cx": 633.884, "cy": 515.364}, "camera_to_world_matrix": [0.464923, -0.592715, -0.657676, -10.3806, -0.88534, -0.315144, -0.341846, -7.2369, -0.00464515, 0.741198, -0.671271, 0.670671, 0.0, 0.0, 0.0, 1.0]}, "0662f8da68b94d83a47af1e38f28f4e5_d0_2.png": {"intrinsics": {"fx": 1072.54, "fy": 1073.61, "cx": 633.884, "cy": 515.364}, "camera_to_world_matrix": [-0.534277, -0.562845, -0.630679, -10.3812, -0.845307, 0.353536, 0.400588, -7.25144, -0.00250119, 0.747141, -0.664661, 0.670542, 0.0, 0.0, 0.0, 1.0]}, "0662f8da68b94d83a47af1e38f28f4e5_d0_3.png": {"intrinsics": {"fx": 1072.54, "fy": 1073.61, "cx": 633.884, "cy": 515.364}, "camera_to_world_matrix": [-0.99918, 0.0312104, 0.0258155, -10.394, 0.0400155, 0.66201, 0.748427, -7.25824, 0.00626845, 0.748846, -0.662715, 0.670503, 0.0, 0.0, 0.0, 1.0]}, "0662f8da68b94d83a47af1e38f28f4e5_d0_4.png": {"intrinsics": {"fx": 1072.54, "fy": 1073.61, "cx": 633.884, "cy": 515.364}, "camera_to_world_matrix": [-0.464873, 0.595382, 0.655298, -10.4064, 0.885285, 0.301797, 0.353825, -7.25051, 0.0128939, 0.744608, -0.667378, 0.670595, 0.0, 0.0, 0.0, 1.0]}, "0662f8da68b94d83a47af1e38f28f4e5_d0_5.png": {"intrinsics": {"fx": 1072.54, "fy": 1073.61, "cx": 633.884, "cy": 515.364}, "camera_to_world_matrix": [0.534325, 0.565485, 0.628272, -10.4058, 0.845212, -0.366882, -0.388608, -7.23597, 0.0107496, 0.738665, -0.673987, 0.670724, 0.0, 0.0, 0.0, 1.0]}, "0662f8da68b94d83a47af1e38f28f4e5_d1_0.png": {"intrinsics": {"fx": 1075.5, "fy": 1075.82, "cx": 636.136, "cy": 514.209}, "camera_to_world_matrix": [0.999252, -0.0112753, -0.0370103, -10.3933, -0.037106, -0.00837486, -0.999277, -7.2405, 0.0109569, 0.999902, -0.00878596, 0.703913, 0.0, 0.0, 0.0, 1.0]}, "0662f8da68b94d83a47af1e38f28f4e5_d1_1.png": {"intrinsics": {"fx": 1075.5, "fy": 1075.82, "cx": 636.136, "cy": 514.209}, "camera_to_world_matrix": [0.467578, -0.00423195, -0.883942, -10.3903, -0.883943, 0.00264065, -0.467591, -7.24237, 0.00431272, 0.999988, -0.00250507, 0.703891, 0.0, 0.0, 0.0, 1.0]}, "0662f8da68b94d83a47af1e38f28f4e5_d1_2.png": {"intrinsics": {"fx": 1075.5, "fy": 1075.82, "cx": 636.136, "cy": 514.209}, "camera_to_world_matrix": [-0.531662, 0.00882973, -0.846912, -10.3905, -0.846934, 0.00204887, 0.531696, -7.24586, 0.00642966, 0.999959, 0.0063899, 0.70386, 0.0, 0.0, 0.0, 1.0]}, "0662f8da68b94d83a47af1e38f28f4e5_d1_3.png": {"intrinsics": {"fx": 1075.5, "fy": 1075.82, "cx": 636.136, "cy": 514.209}, "camera_to_world_matrix": [-0.999204, 0.0148477, 0.0370497, -10.3936, 0.0369105, -0.00955842, 0.999274, -7.2475, 0.0151908, 0.999845, 0.00900378, 0.70385, 0.0, 0.0, 0.0, 1.0]}, "0662f8da68b94d83a47af1e38f28f4e5_d1_4.png": {"intrinsics": {"fx": 1075.5, "fy": 1075.82, "cx": 636.136, "cy": 514.209}, "camera_to_world_matrix": [-0.467497, 0.00780388, 0.883961, -10.3965, 0.883726, -0.0205737, 0.467554, -7.24564, 0.0218348, 0.999758, 0.00272264, 0.703872, 0.0, 0.0, 0.0, 1.0]}, "0662f8da68b94d83a47af1e38f28f4e5_d1_5.png": {"intrinsics": {"fx": 1075.5, "fy": 1075.82, "cx": 636.136, "cy": 514.209}, "camera_to_world_matrix": [0.531742, -0.00525777, 0.846892, -10.3964, 0.846679, -0.0199814, -0.531731, -7.24214, 0.0197175, 0.999787, -0.00617225, 0.703903, 0.0, 0.0, 0.0, 1.0]}, "0662f8da68b94d83a47af1e38f28f4e5_d2_0.png": {"intrinsics": {"fx": 1077.24, "fy": 1077.47, "cx": 644.212, "cy": 519.392}, "camera_to_world_matrix": [0.999234, 0.0186646, -0.0343413, -10.3928, -0.0381226, 0.659162, -0.751034, -7.22976, 0.00861913, 0.751769, 0.659367, 0.73726, 0.0, 0.0, 0.0, 1.0]}, "0662f8da68b94d83a47af1e38f28f4e5_d2_1.png": {"intrinsics": {"fx": 1077.24, "fy": 1077.47, "cx": 644.212, "cy": 519.392}, "camera_to_world_matrix": [0.466668, 0.586667, -0.661847, -10.3805, -0.884428, 0.311229, -0.347735, -7.2375, 0.00198123, 0.747634, 0.664105, 0.737168, 0.0, 0.0, 0.0, 1.0]}, "0662f8da68b94d83a47af1e38f28f4e5_d2_2.png": {"intrinsics": {"fx": 1077.24, "fy": 1077.47, "cx": 644.212, "cy": 519.392}, "camera_to_world_matrix": [-0.532557, 0.569322, -0.626301, -10.3811, -0.846382, -0.354628, 0.397334, -7.25204, 0.00410747, 0.741694, 0.670723, 0.737039, 0.0, 0.0, 0.0, 1.0]}, "0662f8da68b94d83a47af1e38f28f4e5_d2_3.png": {"intrinsics": {"fx": 1077.24, "fy": 1077.47, "cx": 644.212, "cy": 519.392}, "camera_to_world_matrix": [-0.999194, -0.0160257, 0.0367497, -10.3939, 0.0379688, -0.672537, 0.739088, -7.25884, 0.0128715, 0.739889, 0.672603, 0.737001, 0.0, 0.0, 0.0, 1.0]}, "0662f8da68b94d83a47af1e38f28f4e5_d2_4.png": {"intrinsics": {"fx": 1077.24, "fy": 1077.47, "cx": 644.212, "cy": 519.392}, "camera_to_world_matrix": [-0.466595, -0.584015, 0.66424, -10.4062, 0.884254, -0.324582, 0.335765, -7.2511, 0.0195091, 0.744024, 0.667865, 0.737092, 0.0, 0.0, 0.0, 1.0]}, "0662f8da68b94d83a47af1e38f28f4e5_d2_5.png": {"intrinsics": {"fx": 1077.24, "fy": 1077.47, "cx": 644.212, "cy": 519.392}, "camera_to_world_matrix": [0.532629, -0.566644, 0.628665, -10.4057, 0.846169, 0.341274, -0.409303, -7.23656, 0.0173826, 0.749964, 0.661247, 0.737221, 0.0, 0.0, 0.0, 1.0]}, "0b7767a8959a48719e014e9ab7d3597b_d0_0.png": {"intrinsics": {"fx": 1072.54, "fy": 1073.61, "cx": 633.884, "cy": 515.364}, "camera_to_world_matrix": [0.576276, -0.553396, -0.601382, -8.23313, -0.817209, -0.382258, -0.431336, -8.26395, 0.00881632, 0.740022, -0.672525, -1.18286, 0.0, 0.0, 0.0, 1.0]}, "0b7767a8959a48719e014e9ab7d3597b_d0_1.png": {"intrinsics": {"fx": 1072.54, "fy": 1073.61, "cx": 633.884, "cy": 515.364}, "camera_to_world_matrix": [-0.419606, -0.610911, -0.671357, -8.23177, -0.907703, 0.284639, 0.308314, -8.27843, 0.0027411, 0.738762, -0.673961, -1.18283, 0.0, 0.0, 0.0, 1.0]}, "0b7767a8959a48719e014e9ab7d3597b_d0_2.png": {"intrinsics": {"fx": 1072.54, "fy": 1073.61, "cx": 633.884, "cy": 515.364}, "camera_to_world_matrix": [-0.995899, -0.062125, -0.0657938, -8.24363, -0.0904683, 0.667895, 0.738738, -8.28685, -0.0019508, 0.741659, -0.670774, -1.1829, 0.0, 0.0, 0.0, 1.0]}, "0b7767a8959a48719e014e9ab7d3597b_d0_3.png": {"intrinsics": {"fx": 1072.54, "fy": 1073.61, "cx": 633.884, "cy": 515.364}, "camera_to_world_matrix": [-0.576296, 0.544164, 0.60973, -8.25686, 0.817242, 0.384246, 0.429501, -8.28079, -0.000567338, 0.745816, -0.666152, -1.18299, 0.0, 0.0, 0.0, 1.0]}, "0b7767a8959a48719e014e9ab7d3597b_d0_4.png": {"intrinsics": {"fx": 1072.54, "fy": 1073.61, "cx": 633.884, "cy": 515.364}, "camera_to_world_matrix": [0.41959, 0.601654, 0.679675, -8.25822, 0.907698, -0.282652, -0.310152, -8.2663, 0.00550796, 0.747076, -0.664716, -1.18301, 0.0, 0.0, 0.0, 1.0]}, "0b7767a8959a48719e014e9ab7d3597b_d0_5.png": {"intrinsics": {"fx": 1072.54, "fy": 1073.61, "cx": 633.884, "cy": 515.364}, "camera_to_world_matrix": [0.995851, 0.052852, 0.0740958, -8.24635, 0.0904404, -0.665888, -0.740551, -8.25788, 0.0101997, 0.744179, -0.667903, -1.18295, 0.0, 0.0, 0.0, 1.0]}, "0b7767a8959a48719e014e9ab7d3597b_d1_0.png": {"intrinsics": {"fx": 1075.5, "fy": 1075.82, "cx": 636.136, "cy": 514.209}, "camera_to_world_matrix": [0.578645, -0.0137018, -0.815466, -8.24235, -0.815387, 0.0120769, -0.578792, -8.2703, 0.0177785, 0.999834, -0.00418301, -1.14966, 0.0, 0.0, 0.0, 1.0]}, "0b7767a8959a48719e014e9ab7d3597b_d1_1.png": {"intrinsics": {"fx": 1075.5, "fy": 1075.82, "cx": 636.136, "cy": 514.209}, "camera_to_world_matrix": [-0.416883, -0.000674573, -0.908961, -8.24202, -0.908886, 0.013192, 0.416838, -8.27378, 0.0117095, 0.999913, -0.00611161, -1.14965, 0.0, 0.0, 0.0, 1.0]}, "0b7767a8959a48719e014e9ab7d3597b_d1_2.png": {"intrinsics": {"fx": 1075.5, "fy": 1075.82, "cx": 636.136, "cy": 514.209}, "camera_to_world_matrix": [-0.9956, 0.00680447, -0.0934756, -8.24487, -0.0934604, 0.00246733, 0.995621, -8.27581, 0.00700502, 0.999974, -0.00181951, -1.14967, 0.0, 0.0, 0.0, 1.0]}, "0b7767a8959a48719e014e9ab7d3597b_d1_3.png": {"intrinsics": {"fx": 1075.5, "fy": 1075.82, "cx": 636.136, "cy": 514.209}, "camera_to_world_matrix": [-0.578776, 0.00125612, 0.815487, -8.24806, 0.815445, -0.00937217, 0.57876, -8.27435, 0.00836959, 0.999956, 0.0044011, -1.14969, 0.0, 0.0, 0.0, 1.0]}, "0b7767a8959a48719e014e9ab7d3597b_d1_4.png": {"intrinsics": {"fx": 1075.5, "fy": 1075.82, "cx": 636.136, "cy": 514.209}, "camera_to_world_matrix": [0.416756, -0.0117712, 0.908943, -8.24838, 0.908905, -0.0104867, -0.416873, -8.27086, 0.0144386, 0.999876, 0.00632947, -1.1497, 0.0, 0.0, 0.0, 1.0]}, "0b7767a8959a48719e014e9ab7d3597b_d1_5.png": {"intrinsics": {"fx": 1075.5, "fy": 1075.82, "cx": 636.136, "cy": 514.209}, "camera_to_world_matrix": [0.99544, -0.0192498, 0.0934352, -8.24553, 0.0934568, 0.000238228, -0.995624, -8.26884, 0.019143, 0.999815, 0.00203718, -1.14968, 0.0, 0.0, 0.0, 1.0]}, "0b7767a8959a48719e014e9ab7d3597b_d2_0.png": {"intrinsics": {"fx": 1077.24, "fy": 1077.47, "cx": 644.212, "cy": 519.392}, "camera_to_world_matrix": [0.577827, 0.534269, -0.616986, -8.23354, -0.816011, 0.392492, -0.42435, -8.26386, 0.0154456, 0.748669, 0.662761, -1.11636, 0.0, 0.0, 0.0, 1.0]}, "0b7767a8959a48719e014e9ab7d3597b_d2_1.png": {"intrinsics": {"fx": 1077.24, "fy": 1077.47, "cx": 644.212, "cy": 519.392}, "camera_to_world_matrix": [-0.417821, 0.603834, -0.678828, -8.23218, -0.908479, -0.269973, 0.319027, -8.27834, 0.00937443, 0.749998, 0.66137, -1.11633, 0.0, 0.0, 0.0, 1.0]}, "0b7767a8959a48719e014e9ab7d3597b_d2_2.png": {"intrinsics": {"fx": 1077.24, "fy": 1077.47, "cx": 644.212, "cy": 519.392}, "camera_to_world_matrix": [-0.995706, 0.0649103, -0.0659716, -8.24405, -0.0924331, -0.66145, 0.744271, -8.28677, 0.00467429, 0.747174, 0.664609, -1.1164, 0.0, 0.0, 0.0, 1.0]}, "0b7767a8959a48719e014e9ab7d3597b_d2_3.png": {"intrinsics": {"fx": 1077.24, "fy": 1077.47, "cx": 644.212, "cy": 519.392}, "camera_to_world_matrix": [-0.577929, -0.543567, 0.608713, -8.25727, 0.816062, -0.390453, 0.426128, -8.2807, 0.00604532, 0.743021, 0.669238, -1.11649, 0.0, 0.0, 0.0, 1.0]}, "0b7767a8959a48719e014e9ab7d3597b_d2_4.png": {"intrinsics": {"fx": 1077.24, "fy": 1077.47, "cx": 644.212, "cy": 519.392}, "camera_to_world_matrix": [0.417723, -0.613107, 0.670526, -8.25863, 0.908492, 0.272015, -0.317252, -8.26621, 0.0121165, 0.741692, 0.670628, -1.11652, 0.0, 0.0, 0.0, 1.0]}, "0b7767a8959a48719e014e9ab7d3597b_d2_5.png": {"intrinsics": {"fx": 1077.24, "fy": 1077.47, "cx": 644.212, "cy": 519.392}, "camera_to_world_matrix": [0.995576, -0.0741675, 0.057653, -8.24677, 0.0924231, 0.663471, -0.742472, -8.25779, 0.0168166, 0.744516, 0.66739, -1.11645, 0.0, 0.0, 0.0, 1.0]}, "0e9fdd85e24a4a35b3dc1e8cb76ebb09_d0_0.png": {"intrinsics": {"fx": 1072.54, "fy": 1073.61, "cx": 633.884, "cy": 515.364}, "camera_to_world_matrix": [-0.539197, 0.563951, 0.625482, -17.0865, 0.842011, 0.346082, 0.413819, -7.41013, 0.0169057, 0.749792, -0.661458, 4.58977, 0.0, 0.0, 0.0, 1.0]}, "0e9fdd85e24a4a35b3dc1e8cb76ebb09_d0_1.png": {"intrinsics": {"fx": 1072.54, "fy": 1073.61, "cx": 633.884, "cy": 515.364}, "camera_to_world_matrix": [0.459753, 0.591586, 0.66231, -17.0872, 0.887832, -0.322632, -0.328123, -7.3956, 0.0195696, 0.738875, -0.673558, 4.59001, 0.0, 0.0, 0.0, 1.0]}, "0e9fdd85e24a4a35b3dc1e8cb76ebb09_d0_2.png": {"intrinsics": {"fx": 1072.54, "fy": 1073.61, "cx": 633.884, "cy": 515.364}, "camera_to_world_matrix": [0.998932, 0.0261997, 0.0380946, -17.075, 0.0457335, -0.680892, -0.730955, -7.38772, 0.0067874, 0.731916, -0.681361, 4.59016, 0.0, 0.0, 0.0, 1.0]}, "0e9fdd85e24a4a35b3dc1e8cb76ebb09_d0_3.png": {"intrinsics": {"fx": 1072.54, "fy": 1073.61, "cx": 633.884, "cy": 515.364}, "camera_to_world_matrix": [0.539148, -0.566809, -0.622936, -17.0621, -0.842167, -0.370431, -0.391837, -7.39437, -0.00865826, 0.735874, -0.677064, 4.59008, 0.0, 0.0, 0.0, 1.0]}, "0e9fdd85e24a4a35b3dc1e8cb76ebb09_d0_4.png": {"intrinsics": {"fx": 1072.54, "fy": 1073.61, "cx": 633.884, "cy": 515.364}, "camera_to_world_matrix": [-0.459803, -0.594418, -0.659735, -17.0614, -0.88795, 0.298283, 0.350106, -7.4089, -0.0113215, 0.746791, -0.664963, 4.58984, 0.0, 0.0, 0.0, 1.0]}, "0e9fdd85e24a4a35b3dc1e8cb76ebb09_d0_5.png": {"intrinsics": {"fx": 1072.54, "fy": 1073.61, "cx": 633.884, "cy": 515.364}, "camera_to_world_matrix": [-0.998949, -0.0290173, -0.0355034, -17.0736, -0.0458296, 0.656522, 0.752915, -7.41678, 0.00146112, 0.75375, -0.65716, 4.58969, 0.0, 0.0, 0.0, 1.0]}, "0e9fdd85e24a4a35b3dc1e8cb76ebb09_d1_0.png": {"intrinsics": {"fx": 1075.5, "fy": 1075.82, "cx": 636.136, "cy": 514.209}, "camera_to_world_matrix": [-0.541717, 0.0050785, 0.840546, -17.0773, 0.840165, -0.0274478, 0.541637, -7.40469, 0.0258216, 0.999611, 0.0106032, 4.62313, 0.0, 0.0, 0.0, 1.0]}, "0e9fdd85e24a4a35b3dc1e8cb76ebb09_d1_1.png": {"intrinsics": {"fx": 1075.5, "fy": 1075.82, "cx": 636.136, "cy": 514.209}, "camera_to_world_matrix": [0.457013, -0.00798579, 0.889425, -17.0775, 0.889003, -0.0279786, -0.457047, -7.4012, 0.0285344, 0.999577, -0.00568615, 4.62319, 0.0, 0.0, 0.0, 1.0]}, "0e9fdd85e24a4a35b3dc1e8cb76ebb09_d1_2.png": {"intrinsics": {"fx": 1075.5, "fy": 1075.82, "cx": 636.136, "cy": 514.209}, "camera_to_world_matrix": [0.998694, -0.0149779, 0.0488585, -17.0745, 0.0486034, -0.0169314, -0.998675, -7.3993, 0.015785, 0.999745, -0.0161803, 4.62323, 0.0, 0.0, 0.0, 1.0]}, "0e9fdd85e24a4a35b3dc1e8cb76ebb09_d1_3.png": {"intrinsics": {"fx": 1075.5, "fy": 1075.82, "cx": 636.136, "cy": 514.209}, "camera_to_world_matrix": [0.541634, -0.00890551, -0.840568, -17.0714, -0.840616, -0.00535362, -0.541608, -7.4009, 0.000322926, 0.999946, -0.0103848, 4.62321, 0.0, 0.0, 0.0, 1.0]}, "0e9fdd85e24a4a35b3dc1e8cb76ebb09_d1_4.png": {"intrinsics": {"fx": 1075.5, "fy": 1075.82, "cx": 636.136, "cy": 514.209}, "camera_to_world_matrix": [-0.457098, 0.0041588, -0.889408, -17.0713, -0.889414, -0.00482336, 0.457078, -7.40439, -0.00238931, 0.99998, 0.00590464, 4.62315, 0.0, 0.0, 0.0, 1.0]}, "0e9fdd85e24a4a35b3dc1e8cb76ebb09_d1_5.png": {"intrinsics": {"fx": 1075.5, "fy": 1075.82, "cx": 636.136, "cy": 514.209}, "camera_to_world_matrix": [-0.998746, 0.0111504, -0.0488198, -17.0742, -0.0489931, -0.0158708, 0.998674, -7.40629, 0.0103606, 0.999812, 0.0163982, 4.62311, 0.0, 0.0, 0.0, 1.0]}, "0e9fdd85e24a4a35b3dc1e8cb76ebb09_d2_0.png": {"intrinsics": {"fx": 1077.24, "fy": 1077.47, "cx": 644.212, "cy": 519.392}, "camera_to_world_matrix": [-0.540854, -0.557315, 0.629981, -17.0867, 0.840786, -0.379154, 0.386416, -7.41122, 0.0235044, 0.738675, 0.673649, 4.65626, 0.0, 0.0, 0.0, 1.0]}, "0e9fdd85e24a4a35b3dc1e8cb76ebb09_d2_1.png": {"intrinsics": {"fx": 1077.24, "fy": 1077.47, "cx": 644.212, "cy": 519.392}, "camera_to_world_matrix": [0.457951, -0.597187, 0.658519, -17.0874, 0.888589, 0.285673, -0.358884, -7.39669, 0.0262005, 0.749505, 0.661477, 4.6565, 0.0, 0.0, 0.0, 1.0]}, "0e9fdd85e24a4a35b3dc1e8cb76ebb09_d2_2.png": {"intrinsics": {"fx": 1077.24, "fy": 1077.47, "cx": 644.212, "cy": 519.392}, "camera_to_world_matrix": [0.998774, -0.0412858, 0.0272478, -17.0751, 0.0476069, 0.652586, -0.756217, -7.38881, 0.0134398, 0.756588, 0.653751, 4.65665, 0.0, 0.0, 0.0, 1.0]}, "0e9fdd85e24a4a35b3dc1e8cb76ebb09_d2_3.png": {"intrinsics": {"fx": 1077.24, "fy": 1077.47, "cx": 644.212, "cy": 519.392}, "camera_to_world_matrix": [0.54078, 0.554474, -0.632546, -17.0622, -0.84116, 0.354665, -0.40824, -7.39546, -0.0020166, 0.752841, 0.658196, 4.65657, 0.0, 0.0, 0.0, 1.0]}, "0e9fdd85e24a4a35b3dc1e8cb76ebb09_d2_4.png": {"intrinsics": {"fx": 1077.24, "fy": 1077.47, "cx": 644.212, "cy": 519.392}, "camera_to_world_matrix": [-0.458027, 0.59432, -0.661054, -17.0615, -0.888924, -0.310164, 0.337062, -7.40999, -0.00471201, 0.742012, 0.670368, 4.65633, 0.0, 0.0, 0.0, 1.0]}, "0e9fdd85e24a4a35b3dc1e8cb76ebb09_d2_5.png": {"intrinsics": {"fx": 1077.24, "fy": 1077.47, "cx": 644.212, "cy": 519.392}, "camera_to_world_matrix": [-0.998817, 0.0384047, -0.0297679, -17.0737, -0.0479202, -0.677055, 0.73437, -7.41787, 0.00804908, 0.734929, 0.678094, 4.65618, 0.0, 0.0, 0.0, 1.0]}, "0eb1323894e041efa23d2f3e60efbe44_d0_0.png": {"intrinsics": {"fx": 1072.54, "fy": 1073.61, "cx": 633.884, "cy": 515.364}, "camera_to_world_matrix": [0.986164, -0.105173, -0.128148, -19.1424, -0.165554, -0.665256, -0.728031, -2.34508, -0.00868238, 0.739172, -0.673461, 1.51743, 0.0, 0.0, 0.0, 1.0]}, "0eb1323894e041efa23d2f3e60efbe44_d0_1.png": {"intrinsics": {"fx": 1072.54, "fy": 1073.61, "cx": 633.884, "cy": 515.364}, "camera_to_world_matrix": [0.349677, -0.619439, -0.702868, -19.1311, -0.936845, -0.23688, -0.257317, -2.35431, -0.0071037, 0.748455, -0.663147, 1.51723, 0.0, 0.0, 0.0, 1.0]}, "0eb1323894e041efa23d2f3e60efbe44_d0_2.png": {"intrinsics": {"fx": 1072.54, "fy": 1073.61, "cx": 633.884, "cy": 515.364}, "camera_to_world_matrix": [-0.636447, -0.505553, -0.582541, -19.1335, -0.771301, 0.422724, 0.475817, -2.36866, 0.005703, 0.752145, -0.658973, 1.51715, 0.0, 0.0, 0.0, 1.0]}, "0eb1323894e041efa23d2f3e60efbe44_d0_3.png": {"intrinsics": {"fx": 1072.54, "fy": 1073.61, "cx": 633.884, "cy": 515.364}, "camera_to_world_matrix": [-0.986061, 0.122595, 0.112504, -19.1471, 0.165529, 0.653937, 0.73822, -2.37379, 0.0169308, 0.746551, -0.665113, 1.51727, 0.0, 0.0, 0.0, 1.0]}, "0eb1323894e041efa23d2f3e60efbe44_d0_4.png": {"intrinsics": {"fx": 1072.54, "fy": 1073.61, "cx": 633.884, "cy": 515.364}, "camera_to_world_matrix": [-0.349543, 0.636843, 0.687206, -19.1584, 0.936795, 0.225541, 0.267483, -2.36457, 0.0153516, 0.737268, -0.675426, 1.51747, 0.0, 0.0, 0.0, 1.0]}, "0eb1323894e041efa23d2f3e60efbe44_d0_5.png": {"intrinsics": {"fx": 1072.54, "fy": 1073.61, "cx": 633.884, "cy": 515.364}, "camera_to_world_matrix": [0.636573, 0.522932, 0.56685, -19.156, 0.771213, -0.434058, -0.465645, -2.35021, 0.00254466, 0.733578, -0.6796, 1.51755, 0.0, 0.0, 0.0, 1.0]}, "0eb1323894e041efa23d2f3e60efbe44_d1_0.png": {"intrinsics": {"fx": 1075.5, "fy": 1075.82, "cx": 636.136, "cy": 514.209}, "camera_to_world_matrix": [0.986689, -0.00117562, -0.162622, -19.1438, -0.162626, -0.00538235, -0.986674, -2.35624, 0.000284378, 0.999985, -0.00550087, 1.55062, 0.0, 0.0, 0.0, 1.0]}, "0eb1323894e041efa23d2f3e60efbe44_d1_1.png": {"intrinsics": {"fx": 1075.5, "fy": 1075.82, "cx": 636.136, "cy": 514.209}, "camera_to_world_matrix": [0.352586, 0.00719913, -0.935752, -19.1411, -0.935779, 0.00465864, -0.35256, -2.35846, 0.00182093, 0.999964, 0.00838037, 1.55057, 0.0, 0.0, 0.0, 1.0]}, "0eb1323894e041efa23d2f3e60efbe44_d1_2.png": {"intrinsics": {"fx": 1075.5, "fy": 1075.82, "cx": 636.136, "cy": 514.209}, "camera_to_world_matrix": [-0.633958, 0.0200812, -0.773108, -19.1417, -0.773231, 0.00242671, 0.634121, -2.36191, 0.0146098, 0.999796, 0.01399, 1.55055, 0.0, 0.0, 0.0, 1.0]}, "0eb1323894e041efa23d2f3e60efbe44_d1_3.png": {"intrinsics": {"fx": 1075.5, "fy": 1075.82, "cx": 636.136, "cy": 514.209}, "camera_to_world_matrix": [-0.986376, 0.0245883, 0.162663, -19.1449, 0.162466, -0.00984615, 0.986666, -2.36314, 0.0258618, 0.99965, 0.00571827, 1.55058, 0.0, 0.0, 0.0, 1.0]}, "0eb1323894e041efa23d2f3e60efbe44_d1_4.png": {"intrinsics": {"fx": 1075.5, "fy": 1075.82, "cx": 636.136, "cy": 514.209}, "camera_to_world_matrix": [-0.352243, 0.0162132, 0.935769, -19.1476, 0.935594, -0.0198868, 0.352522, -2.36093, 0.0243247, 0.999671, -0.00816291, 1.55063, 0.0, 0.0, 0.0, 1.0]}, "0eb1323894e041efa23d2f3e60efbe44_d1_5.png": {"intrinsics": {"fx": 1075.5, "fy": 1075.82, "cx": 636.136, "cy": 514.209}, "camera_to_world_matrix": [0.634294, 0.00333115, 0.773086, -19.1471, 0.773007, -0.0176544, -0.634153, -2.35747, 0.0115356, 0.999839, -0.013772, 1.55065, 0.0, 0.0, 0.0, 1.0]}, "0eb1323894e041efa23d2f3e60efbe44_d2_0.png": {"intrinsics": {"fx": 1077.24, "fy": 1077.47, "cx": 644.212, "cy": 519.392}, "camera_to_world_matrix": [0.986517, 0.109823, -0.121327, -19.1416, -0.163636, 0.652695, -0.739737, -2.34559, -0.00205016, 0.749618, 0.661865, 1.58393, 0.0, 0.0, 0.0, 1.0]}, "0eb1323894e041efa23d2f3e60efbe44_d2_1.png": {"intrinsics": {"fx": 1077.24, "fy": 1077.47, "cx": 644.212, "cy": 519.392}, "camera_to_world_matrix": [0.351596, 0.62942, -0.692972, -19.1304, -0.93615, 0.236, -0.260623, -2.35482, -0.000499201, 0.740361, 0.672207, 1.58373, 0.0, 0.0, 0.0, 1.0]}, "0eb1323894e041efa23d2f3e60efbe44_d2_2.png": {"intrinsics": {"fx": 1077.24, "fy": 1077.47, "cx": 644.212, "cy": 519.392}, "camera_to_world_matrix": [-0.634802, 0.528315, -0.563832, -19.1327, -0.772574, -0.42238, 0.474049, -2.36917, 0.0122958, 0.736531, 0.67629, 1.58364, 0.0, 0.0, 0.0, 1.0]}, "0eb1323894e041efa23d2f3e60efbe44_d2_3.png": {"intrinsics": {"fx": 1077.24, "fy": 1077.47, "cx": 644.212, "cy": 519.392}, "camera_to_world_matrix": [-0.986259, -0.0923844, 0.13695, -19.1463, 0.163511, -0.66405, 0.729589, -2.3743, 0.0235395, 0.741958, 0.670031, 1.58376, 0.0, 0.0, 0.0, 1.0]}, "0eb1323894e041efa23d2f3e60efbe44_d2_4.png": {"intrinsics": {"fx": 1077.24, "fy": 1077.47, "cx": 644.212, "cy": 519.392}, "camera_to_world_matrix": [-0.351308, -0.611965, 0.708577, -19.1576, 0.936, -0.247335, 0.250452, -2.36507, 0.0219879, 0.751215, 0.659689, 1.58397, 0.0, 0.0, 0.0, 1.0]}, "0eb1323894e041efa23d2f3e60efbe44_d2_5.png": {"intrinsics": {"fx": 1077.24, "fy": 1077.47, "cx": 644.212, "cy": 519.392}, "camera_to_world_matrix": [0.635085, -0.510834, 0.579408, -19.1552, 0.772386, 0.411042, -0.484214, -2.35072, 0.00919277, 0.755044, 0.655607, 1.58405, 0.0, 0.0, 0.0, 1.0]}, "112edb40f34e470da3a5b04599e71211_d0_0.png": {"intrinsics": {"fx": 1072.54, "fy": 1073.61, "cx": 633.884, "cy": 515.364}, "camera_to_world_matrix": [-0.394345, -0.613669, -0.684035, -16.2679, -0.918897, 0.272297, 0.285456, -2.41621, 0.0110852, 0.741125, -0.671276, 1.5172, 0.0, 0.0, 0.0, 1.0]}, "112edb40f34e470da3a5b04599e71211_d0_1.png": {"intrinsics": {"fx": 1072.54, "fy": 1073.61, "cx": 633.884, "cy": 515.364}, "camera_to_world_matrix": [-0.993011, -0.0756719, -0.0905852, -16.2795, -0.117914, 0.670555, 0.73243, -2.42495, 0.00531792, 0.737991, -0.67479, 1.51727, 0.0, 0.0, 0.0, 1.0]}, "112edb40f34e470da3a5b04599e71211_d0_2.png": {"intrinsics": {"fx": 1072.54, "fy": 1073.61, "cx": 633.884, "cy": 515.364}, "camera_to_world_matrix": [-0.598642, 0.538236, 0.593239, -16.2929, 0.801016, 0.403769, 0.441979, -2.41925, -0.00164293, 0.73978, -0.672847, 1.51723, 0.0, 0.0, 0.0, 1.0]}, "112edb40f34e470da3a5b04599e71211_d0_3.png": {"intrinsics": {"fx": 1072.54, "fy": 1073.61, "cx": 633.884, "cy": 515.364}, "camera_to_world_matrix": [0.394383, 0.614132, 0.683597, -16.2947, 0.918943, -0.261269, -0.29544, -2.40481, -0.00283633, 0.744703, -0.667391, 1.51713, 0.0, 0.0, 0.0, 1.0]}, "112edb40f34e470da3a5b04599e71211_d0_4.png": {"intrinsics": {"fx": 1072.54, "fy": 1073.61, "cx": 633.884, "cy": 515.364}, "camera_to_world_matrix": [0.993018, 0.0761191, 0.0901302, -16.283, 0.117936, -0.659506, -0.742391, -2.39607, 0.00293112, 0.747836, -0.663877, 1.51706, 0.0, 0.0, 0.0, 1.0]}, "112edb40f34e470da3a5b04599e71211_d0_5.png": {"intrinsics": {"fx": 1072.54, "fy": 1073.61, "cx": 633.884, "cy": 515.364}, "camera_to_world_matrix": [0.598613, -0.537778, -0.593682, -16.2697, -0.800978, -0.392696, -0.451913, -2.40176, 0.00989189, 0.746047, -0.66582, 1.51709, 0.0, 0.0, 0.0, 1.0]}, "112edb40f34e470da3a5b04599e71211_d1_0.png": {"intrinsics": {"fx": 1075.5, "fy": 1075.82, "cx": 636.136, "cy": 514.209}, "camera_to_world_matrix": [-0.391531, 0.00553729, -0.920149, -16.2781, -0.919948, 0.0194253, 0.391562, -2.41163, 0.0200421, 0.999796, -0.00251058, 1.55042, 0.0, 0.0, 0.0, 1.0]}, "112edb40f34e470da3a5b04599e71211_d1_1.png": {"intrinsics": {"fx": 1075.5, "fy": 1075.82, "cx": 636.136, "cy": 514.209}, "camera_to_world_matrix": [-0.99257, 0.01331, -0.120952, -16.2809, -0.12084, 0.00891161, 0.992632, -2.41374, 0.0142895, 0.999872, -0.00723599, 1.55044, 0.0, 0.0, 0.0, 1.0]}, "112edb40f34e470da3a5b04599e71211_d1_2.png": {"intrinsics": {"fx": 1075.5, "fy": 1075.82, "cx": 636.136, "cy": 514.209}, "camera_to_world_matrix": [-0.601013, 0.00809079, 0.799199, -16.2841, 0.799207, -0.00307631, 0.601049, -2.41237, 0.00732126, 0.999963, -0.00461629, 1.55043, 0.0, 0.0, 0.0, 1.0]}, "112edb40f34e470da3a5b04599e71211_d1_3.png": {"intrinsics": {"fx": 1075.5, "fy": 1075.82, "cx": 636.136, "cy": 514.209}, "camera_to_world_matrix": [0.391575, -0.00490096, 0.920134, -16.2845, 0.920127, -0.00455025, -0.391596, -2.40889, 0.00610576, 0.999978, 0.00272876, 1.5504, 0.0, 0.0, 0.0, 1.0]}, "112edb40f34e470da3a5b04599e71211_d1_4.png": {"intrinsics": {"fx": 1075.5, "fy": 1075.82, "cx": 636.136, "cy": 514.209}, "camera_to_world_matrix": [0.992583, -0.0126732, 0.120914, -16.2817, 0.120996, 0.00596376, -0.992636, -2.40679, 0.0118585, 0.999902, 0.00745395, 1.55039, 0.0, 0.0, 0.0, 1.0]}, "112edb40f34e470da3a5b04599e71211_d1_5.png": {"intrinsics": {"fx": 1075.5, "fy": 1075.82, "cx": 636.136, "cy": 514.209}, "camera_to_world_matrix": [0.60099, -0.00745358, -0.799223, -16.2785, -0.799036, 0.0179515, -0.601016, -2.40816, 0.0188267, 0.999812, 0.00483398, 1.5504, 0.0, 0.0, 0.0, 1.0]}, "112edb40f34e470da3a5b04599e71211_d2_0.png": {"intrinsics": {"fx": 1077.24, "fy": 1077.47, "cx": 644.212, "cy": 519.392}, "camera_to_world_matrix": [-0.392496, 0.615981, -0.683017, -16.2679, -0.919581, -0.248517, 0.304314, -2.41571, 0.017711, 0.747533, 0.663985, 1.5837, 0.0, 0.0, 0.0, 1.0]}, "112edb40f34e470da3a5b04599e71211_d2_1.png": {"intrinsics": {"fx": 1077.24, "fy": 1077.47, "cx": 644.212, "cy": 519.392}, "camera_to_world_matrix": [-0.99272, 0.0880696, -0.0821335, -16.2795, -0.119831, -0.65472, 0.746312, -2.42446, 0.0119533, 0.750723, 0.660506, 1.58377, 0.0, 0.0, 0.0, 1.0]}, "112edb40f34e470da3a5b04599e71211_d2_2.png": {"intrinsics": {"fx": 1077.24, "fy": 1077.47, "cx": 644.212, "cy": 519.392}, "camera_to_world_matrix": [-0.600199, -0.527676, 0.601098, -16.2929, 0.799833, -0.40064, 0.446935, -2.41876, 0.00498765, 0.749029, 0.662516, 1.58373, 0.0, 0.0, 0.0, 1.0]}, "112edb40f34e470da3a5b04599e71211_d2_3.png": {"intrinsics": {"fx": 1077.24, "fy": 1077.47, "cx": 644.212, "cy": 519.392}, "camera_to_world_matrix": [0.392538, -0.615496, 0.68343, -16.2947, 0.919726, 0.259636, -0.294433, -2.40432, 0.00377972, 0.744146, 0.668004, 1.58362, 0.0, 0.0, 0.0, 1.0]}, "112edb40f34e470da3a5b04599e71211_d2_4.png": {"intrinsics": {"fx": 1077.24, "fy": 1077.47, "cx": 644.212, "cy": 519.392}, "camera_to_world_matrix": [0.992732, -0.0875688, 0.0825288, -16.283, 0.119952, 0.665819, -0.736408, -2.39557, 0.00953753, 0.740956, 0.671483, 1.58355, 0.0, 0.0, 0.0, 1.0]}, "112edb40f34e470da3a5b04599e71211_d2_5.png": {"intrinsics": {"fx": 1077.24, "fy": 1077.47, "cx": 644.212, "cy": 519.392}, "camera_to_world_matrix": [0.600174, 0.528167, -0.600691, -16.2696, -0.799697, 0.411715, -0.437004, -2.40127, 0.0165031, 0.74265, 0.669473, 1.58359, 0.0, 0.0, 0.0, 1.0]}, "1410b021e1c14f529188eb026fbb369a_d0_0.png": {"intrinsics": {"fx": 1072.54, "fy": 1073.61, "cx": 633.884, "cy": 515.364}, "camera_to_world_matrix": [-0.269314, -0.637882, -0.721511, -19.0704, -0.963051, 0.179901, 0.200423, -3.66521, 0.00195477, 0.748829, -0.662761, 1.52435, 0.0, 0.0, 0.0, 1.0]}, "1410b021e1c14f529188eb026fbb369a_d0_1.png": {"intrinsics": {"fx": 1072.54, "fy": 1073.61, "cx": 633.884, "cy": 515.364}, "camera_to_world_matrix": [-0.968629, -0.157294, -0.192403, -19.0808, -0.248286, 0.645834, 0.721979, -3.67542, 0.0106971, 0.7471, -0.664626, 1.52439, 0.0, 0.0, 0.0, 1.0]}, "1410b021e1c14f529188eb026fbb369a_d0_2.png": {"intrinsics": {"fx": 1072.54, "fy": 1073.61, "cx": 633.884, "cy": 515.364}, "camera_to_world_matrix": [-0.69926, 0.486483, 0.523804, -19.0948, 0.714753, 0.462597, 0.524533, -3.67154, 0.0128665, 0.741175, -0.671189, 1.52452, 0.0, 0.0, 0.0, 1.0]}, "1410b021e1c14f529188eb026fbb369a_d0_3.png": {"intrinsics": {"fx": 1072.54, "fy": 1073.61, "cx": 633.884, "cy": 515.364}, "camera_to_world_matrix": [0.269417, 0.649659, 0.710886, -19.0984, 0.963004, -0.186569, -0.194465, -3.65746, 0.00629352, 0.736978, -0.675888, 1.52461, 0.0, 0.0, 0.0, 1.0]}, "1410b021e1c14f529188eb026fbb369a_d0_4.png": {"intrinsics": {"fx": 1072.54, "fy": 1073.61, "cx": 633.884, "cy": 515.364}, "camera_to_world_matrix": [0.968704, 0.169053, 0.181758, -19.0881, 0.248211, -0.652484, -0.716001, -3.64725, -0.00244871, 0.738707, -0.674023, 1.52457, 0.0, 0.0, 0.0, 1.0]}, "1410b021e1c14f529188eb026fbb369a_d0_5.png": {"intrinsics": {"fx": 1072.54, "fy": 1073.61, "cx": 633.884, "cy": 515.364}, "camera_to_world_matrix": [0.699298, -0.474717, -0.534442, -19.0741, -0.714817, -0.469221, -0.518527, -3.65113, -0.00461772, 0.744632, -0.667459, 1.52444, 0.0, 0.0, 0.0, 1.0]}, "1410b021e1c14f529188eb026fbb369a_d1_0.png": {"intrinsics": {"fx": 1075.5, "fy": 1075.82, "cx": 636.136, "cy": 514.209}, "camera_to_world_matrix": [-0.266309, 0.0115179, -0.96382, -19.0808, -0.963827, 0.00810256, 0.266407, -3.66242, 0.0108776, 0.999901, 0.00894448, 1.5577, 0.0, 0.0, 0.0, 1.0]}, "1410b021e1c14f529188eb026fbb369a_d1_1.png": {"intrinsics": {"fx": 1075.5, "fy": 1075.82, "cx": 636.136, "cy": 514.209}, "camera_to_world_matrix": [-0.967728, 0.0206124, -0.251156, -19.0833, -0.251235, -0.00129075, 0.967926, -3.66487, 0.0196269, 0.999787, 0.00642868, 1.55771, 0.0, 0.0, 0.0, 1.0]}, "1410b021e1c14f529188eb026fbb369a_d1_2.png": {"intrinsics": {"fx": 1075.5, "fy": 1075.82, "cx": 636.136, "cy": 514.209}, "camera_to_world_matrix": [-0.701294, 0.0170246, 0.71267, -19.0867, 0.712539, -0.0138639, 0.701496, -3.66394, 0.0218228, 0.999759, -0.00240699, 1.55774, 0.0, 0.0, 0.0, 1.0]}, "1410b021e1c14f529188eb026fbb369a_d1_3.png": {"intrinsics": {"fx": 1075.5, "fy": 1075.82, "cx": 636.136, "cy": 514.209}, "camera_to_world_matrix": [0.266553, 0.0043423, 0.963811, -19.0875, 0.9637, -0.0170435, -0.266446, -3.66055, 0.0152695, 0.999846, -0.00872666, 1.55776, 0.0, 0.0, 0.0, 1.0]}, "1410b021e1c14f529188eb026fbb369a_d1_4.png": {"intrinsics": {"fx": 1075.5, "fy": 1075.82, "cx": 636.136, "cy": 514.209}, "camera_to_world_matrix": [0.967945, -0.00475189, 0.25112, -19.085, 0.25108, -0.00764986, -0.967937, -3.6581, 0.00652028, 0.99996, -0.00621052, 1.55775, 0.0, 0.0, 0.0, 1.0]}, "1410b021e1c14f529188eb026fbb369a_d1_5.png": {"intrinsics": {"fx": 1075.5, "fy": 1075.82, "cx": 636.136, "cy": 514.209}, "camera_to_world_matrix": [0.701473, -0.00116357, -0.712696, -19.0817, -0.712684, 0.00492319, -0.701469, -3.65903, 0.00432466, 0.999988, 0.00262524, 1.55772, 0.0, 0.0, 0.0, 1.0]}, "1410b021e1c14f529188eb026fbb369a_d2_0.png": {"intrinsics": {"fx": 1077.24, "fy": 1077.47, "cx": 644.212, "cy": 519.392}, "camera_to_world_matrix": [-0.267333, 0.64983, -0.711514, -19.0699, -0.963564, -0.173719, 0.203378, -3.66551, 0.00855815, 0.739961, 0.672593, 1.59085, 0.0, 0.0, 0.0, 1.0]}, "1410b021e1c14f529188eb026fbb369a_d2_1.png": {"intrinsics": {"fx": 1077.24, "fy": 1077.47, "cx": 644.212, "cy": 519.392}, "camera_to_world_matrix": [-0.968031, 0.180291, -0.174379, -19.0802, -0.250227, -0.646193, 0.720986, -3.67572, 0.017305, 0.741572, 0.670647, 1.59089, 0.0, 0.0, 0.0, 1.0]}, "1410b021e1c14f529188eb026fbb369a_d2_2.png": {"intrinsics": {"fx": 1077.24, "fy": 1077.47, "cx": 644.212, "cy": 519.392}, "camera_to_world_matrix": [-0.70059, -0.463628, 0.542421, -19.0943, 0.713295, -0.475794, 0.514614, -3.67184, 0.0194919, 0.747441, 0.664039, 1.59101, 0.0, 0.0, 0.0, 1.0]}, "1410b021e1c14f529188eb026fbb369a_d2_3.png": {"intrinsics": {"fx": 1077.24, "fy": 1077.47, "cx": 644.212, "cy": 519.392}, "camera_to_world_matrix": [0.267541, -0.637993, 0.72207, -19.0979, 0.963458, 0.167075, -0.209362, -3.65776, 0.0129318, 0.751698, 0.659378, 1.59111, 0.0, 0.0, 0.0, 1.0]}, "1410b021e1c14f529188eb026fbb369a_d2_4.png": {"intrinsics": {"fx": 1077.24, "fy": 1077.47, "cx": 644.212, "cy": 519.392}, "camera_to_world_matrix": [0.968211, -0.168435, 0.184915, -19.0875, 0.250093, 0.63953, -0.726948, -3.64755, 0.00418501, 0.750087, 0.661324, 1.59107, 0.0, 0.0, 0.0, 1.0]}, "1410b021e1c14f529188eb026fbb369a_d2_5.png": {"intrinsics": {"fx": 1077.24, "fy": 1077.47, "cx": 644.212, "cy": 519.392}, "camera_to_world_matrix": [0.700733, 0.475477, -0.531877, -19.0735, -0.713419, 0.469106, -0.520548, -3.65143, 0.00199852, 0.744218, 0.667932, 1.59094, 0.0, 0.0, 0.0, 1.0]}, "152b7ad4b471410a8557ce5fc2c9147a_d0_0.png": {"intrinsics": {"fx": 1072.54, "fy": 1073.61, "cx": 633.884, "cy": 515.364}, "camera_to_world_matrix": [0.94632, -0.228859, -0.228264, -13.3935, -0.322767, -0.631061, -0.705397, -6.36067, 0.0173873, 0.741206, -0.671052, -1.15899, 0.0, 0.0, 0.0, 1.0]}, "152b7ad4b471410a8557ce5fc2c9147a_d0_1.png": {"intrinsics": {"fx": 1072.54, "fy": 1073.61, "cx": 633.884, "cy": 515.364}, "camera_to_world_matrix": [0.193591, -0.667128, -0.71935, -13.3839, -0.981045, -0.125162, -0.147941, -6.37159, 0.00866023, 0.734354, -0.678711, -1.15884, 0.0, 0.0, 0.0, 1.0]}, "152b7ad4b471410a8557ce5fc2c9147a_d0_2.png": {"intrinsics": {"fx": 1072.54, "fy": 1073.61, "cx": 633.884, "cy": 515.364}, "camera_to_world_matrix": [-0.752788, -0.448161, -0.482144, -13.3885, -0.658248, 0.507381, 0.556126, -6.38538, -0.00460309, 0.736015, -0.67695, -1.15888, 0.0, 0.0, 0.0, 1.0]}, "152b7ad4b471410a8557ce5fc2c9147a_d0_3.png": {"intrinsics": {"fx": 1072.54, "fy": 1073.61, "cx": 633.884, "cy": 515.364}, "camera_to_world_matrix": [-0.946417, 0.20907, 0.246142, -13.4028, 0.32282, 0.634011, 0.702722, -6.38824, -0.00913899, 0.744527, -0.66753, -1.15906, 0.0, 0.0, 0.0, 1.0]}, "152b7ad4b471410a8557ce5fc2c9147a_d0_4.png": {"intrinsics": {"fx": 1072.54, "fy": 1073.61, "cx": 633.884, "cy": 515.364}, "camera_to_world_matrix": [-0.193662, 0.64732, 0.737207, -13.4124, 0.981069, 0.128095, 0.145247, -6.37732, -0.000411496, 0.751379, -0.659871, -1.15921, 0.0, 0.0, 0.0, 1.0]}, "152b7ad4b471410a8557ce5fc2c9147a_d0_5.png": {"intrinsics": {"fx": 1072.54, "fy": 1073.61, "cx": 633.884, "cy": 515.364}, "camera_to_world_matrix": [0.752704, 0.428328, 0.499973, -13.4078, 0.658235, -0.504439, -0.558811, -6.36353, 0.0128518, 0.749718, -0.661633, -1.15918, 0.0, 0.0, 0.0, 1.0]}, "152b7ad4b471410a8557ce5fc2c9147a_d1_0.png": {"intrinsics": {"fx": 1075.5, "fy": 1075.82, "cx": 636.136, "cy": 514.209}, "camera_to_world_matrix": [0.947099, -0.0256848, -0.319914, -13.3975, -0.319861, 0.00627608, -0.947444, -6.37107, 0.0263425, 0.999651, -0.00227047, -1.12577, 0.0, 0.0, 0.0, 1.0]}, "152b7ad4b471410a8557ce5fc2c9147a_d1_1.png": {"intrinsics": {"fx": 1075.5, "fy": 1075.82, "cx": 636.136, "cy": 514.209}, "camera_to_world_matrix": [0.196422, -0.015798, -0.980392, -13.3952, -0.980361, 0.0148315, -0.196655, -6.3737, 0.0176471, 0.999766, -0.0125735, -1.12573, 0.0, 0.0, 0.0, 1.0]}, "152b7ad4b471410a8557ce5fc2c9147a_d1_2.png": {"intrinsics": {"fx": 1075.5, "fy": 1075.82, "cx": 636.136, "cy": 514.209}, "camera_to_world_matrix": [-0.750856, -0.00344626, -0.660458, -13.3963, -0.660453, 0.0105462, 0.750794, -6.37702, 0.00437761, 0.999939, -0.0101938, -1.12574, 0.0, 0.0, 0.0, 1.0]}, "152b7ad4b471410a8557ce5fc2c9147a_d1_3.png": {"intrinsics": {"fx": 1075.5, "fy": 1075.82, "cx": 636.136, "cy": 514.209}, "camera_to_world_matrix": [-0.947435, -0.000981695, 0.319948, -13.3997, 0.31995, -0.00229439, 0.947432, -6.3777, -0.000196286, 0.999997, 0.00248889, -1.12579, 0.0, 0.0, 0.0, 1.0]}, "152b7ad4b471410a8557ce5fc2c9147a_d1_4.png": {"intrinsics": {"fx": 1075.5, "fy": 1075.82, "cx": 636.136, "cy": 514.209}, "camera_to_world_matrix": [-0.196732, -0.0108689, 0.980397, -13.402, 0.980421, -0.0108494, 0.196617, -6.37508, 0.00849945, 0.999883, 0.0127915, -1.12582, 0.0, 0.0, 0.0, 1.0]}, "152b7ad4b471410a8557ce5fc2c9147a_d1_5.png": {"intrinsics": {"fx": 1075.5, "fy": 1075.82, "cx": 636.136, "cy": 514.209}, "camera_to_world_matrix": [0.750533, -0.0232204, 0.660426, -13.4009, 0.660475, -0.00656364, -0.75082, -6.37176, 0.0217689, 0.999709, 0.0104113, -1.12581, 0.0, 0.0, 0.0, 1.0]}, "152b7ad4b471410a8557ce5fc2c9147a_d2_0.png": {"intrinsics": {"fx": 1077.24, "fy": 1077.47, "cx": 644.212, "cy": 519.392}, "camera_to_world_matrix": [0.946821, 0.196197, -0.255015, -13.3944, -0.320856, 0.634884, -0.702831, -6.36054, 0.0240119, 0.74728, 0.664072, -1.0925, 0.0, 0.0, 0.0, 1.0]}, "152b7ad4b471410a8557ce5fc2c9147a_d2_1.png": {"intrinsics": {"fx": 1077.24, "fy": 1077.47, "cx": 644.212, "cy": 519.392}, "camera_to_world_matrix": [0.195441, 0.641615, -0.741709, -13.3848, -0.980594, 0.139651, -0.137582, -6.37146, 0.0153056, 0.754206, 0.656456, -1.09235, 0.0, 0.0, 0.0, 1.0]}, "152b7ad4b471410a8557ce5fc2c9147a_d2_2.png": {"intrinsics": {"fx": 1077.24, "fy": 1077.47, "cx": 644.212, "cy": 519.392}, "camera_to_world_matrix": [-0.751528, 0.435457, -0.495559, -13.3894, -0.659695, -0.493751, 0.566578, -6.38525, 0.00203829, 0.752718, 0.658337, -1.09238, 0.0, 0.0, 0.0, 1.0]}, "152b7ad4b471410a8557ce5fc2c9147a_d2_3.png": {"intrinsics": {"fx": 1077.24, "fy": 1077.47, "cx": 644.212, "cy": 519.392}, "camera_to_world_matrix": [-0.947096, -0.216113, 0.237281, -13.4037, 0.320935, -0.631906, 0.705474, -6.38811, -0.00252258, 0.744305, 0.667833, -1.09257, 0.0, 0.0, 0.0, 1.0]}, "152b7ad4b471410a8557ce5fc2c9147a_d2_4.png": {"intrinsics": {"fx": 1077.24, "fy": 1077.47, "cx": 644.212, "cy": 519.392}, "camera_to_world_matrix": [-0.195689, -0.661511, 0.723953, -13.4133, 0.980644, -0.136655, 0.140206, -6.37718, 0.00618405, 0.737379, 0.675449, -1.09272, 0.0, 0.0, 0.0, 1.0]}, "152b7ad4b471410a8557ce5fc2c9147a_d2_5.png": {"intrinsics": {"fx": 1077.24, "fy": 1077.47, "cx": 644.212, "cy": 519.392}, "camera_to_world_matrix": [0.751268, -0.455329, 0.477775, -13.4086, 0.659708, 0.496739, -0.563945, -6.3634, 0.0194514, 0.738867, 0.673568, -1.09268, 0.0, 0.0, 0.0, 1.0]}, "155fac2d50764bf09feb6c8f33e8fb76_d0_0.png": {"intrinsics": {"fx": 1072.54, "fy": 1073.61, "cx": 633.884, "cy": 515.364}, "camera_to_world_matrix": [-0.999656, 0.00356563, 0.02601, -1.37847, 0.0217997, 0.664805, 0.746699, -8.88222, -0.0146293, 0.747009, -0.664653, 4.58018, 0.0, 0.0, 0.0, 1.0]}, "155fac2d50764bf09feb6c8f33e8fb76_d0_1.png": {"intrinsics": {"fx": 1072.54, "fy": 1073.61, "cx": 633.884, "cy": 515.364}, "camera_to_world_matrix": [-0.481054, 0.574156, 0.66252, -1.39093, 0.876692, 0.314933, 0.363634, -8.87471, 0.000133094, 0.755754, -0.654856, 4.57999, 0.0, 0.0, 0.0, 1.0]}, "155fac2d50764bf09feb6c8f33e8fb76_d0_2.png": {"intrinsics": {"fx": 1072.54, "fy": 1073.61, "cx": 633.884, "cy": 515.364}, "camera_to_world_matrix": [0.518535, 0.556548, 0.649136, -1.39066, 0.854849, -0.354195, -0.379185, -8.86016, 0.0188861, 0.751533, -0.659425, 4.58008, 0.0, 0.0, 0.0, 1.0]}, "155fac2d50764bf09feb6c8f33e8fb76_d0_3.png": {"intrinsics": {"fx": 1072.54, "fy": 1073.61, "cx": 633.884, "cy": 515.364}, "camera_to_world_matrix": [0.999499, -0.0316509, -0.000758808, -1.37793, -0.0218865, -0.673436, -0.738922, -8.85312, 0.0228764, 0.738569, -0.67379, 4.58036, 0.0, 0.0, 0.0, 1.0]}, "155fac2d50764bf09feb6c8f33e8fb76_d0_4.png": {"intrinsics": {"fx": 1072.54, "fy": 1073.61, "cx": 633.884, "cy": 515.364}, "camera_to_world_matrix": [0.480864, -0.602228, -0.637254, -1.36547, -0.876759, -0.323542, -0.355832, -8.86063, 0.00811352, 0.729825, -0.683586, 4.58055, 0.0, 0.0, 0.0, 1.0]}, "155fac2d50764bf09feb6c8f33e8fb76_d0_5.png": {"intrinsics": {"fx": 1072.54, "fy": 1073.61, "cx": 633.884, "cy": 515.364}, "camera_to_world_matrix": [-0.518725, -0.584593, -0.623841, -1.36574, -0.854876, 0.345586, 0.386987, -8.87518, -0.0106392, 0.734045, -0.679017, 4.58046, 0.0, 0.0, 0.0, 1.0]}, "155fac2d50764bf09feb6c8f33e8fb76_d1_0.png": {"intrinsics": {"fx": 1075.5, "fy": 1075.82, "cx": 636.136, "cy": 514.209}, "camera_to_world_matrix": [-0.999809, -0.00581457, 0.0186866, -1.37889, 0.0187226, -0.00616233, 0.999806, -8.87136, -0.00569856, 0.999965, 0.00627102, 4.61349, 0.0, 0.0, 0.0, 1.0]}, "155fac2d50764bf09feb6c8f33e8fb76_d1_1.png": {"intrinsics": {"fx": 1075.5, "fy": 1075.82, "cx": 636.136, "cy": 514.209}, "camera_to_world_matrix": [-0.483834, -0.0126537, 0.875069, -1.38189, 0.875114, -0.0173045, 0.483609, -8.86956, 0.00902286, 0.999771, 0.0194469, 4.61344, 0.0, 0.0, 0.0, 1.0]}, "155fac2d50764bf09feb6c8f33e8fb76_d1_2.png": {"intrinsics": {"fx": 1075.5, "fy": 1075.82, "cx": 636.136, "cy": 514.209}, "camera_to_world_matrix": [0.515739, -0.0257217, 0.85636, -1.38183, 0.856296, -0.0169505, -0.516209, -8.86606, 0.0277932, 0.999526, 0.0132844, 4.61347, 0.0, 0.0, 0