{"2393bffb53fe4205bcc67796c6fb76e3_d0_0.png": {"intrinsics": {"fx": 1071.19, "fy": 1072.12, "cx": 636.01, "cy": 519.878}, "camera_to_world_matrix": [-0.724625, -0.462809, -0.510614, 3.3495, -0.689095, 0.477815, 0.544831, -5.90962, -0.00817386, 0.746659, -0.665156, 1.54466, 0.0, 0.0, 0.0, 1.0]}, "2393bffb53fe4205bcc67796c6fb76e3_d0_1.png": {"intrinsics": {"fx": 1071.19, "fy": 1072.12, "cx": 636.01, "cy": 519.878}, "camera_to_world_matrix": [-0.959114, 0.185437, 0.213806, 3.33539, 0.283013, 0.633236, 0.720358, -5.91313, -0.00180915, 0.751415, -0.659827, 1.54455, 0.0, 0.0, 0.0, 1.0]}, "2393bffb53fe4205bcc67796c6fb76e3_d0_2.png": {"intrinsics": {"fx": 1071.19, "fy": 1072.12, "cx": 636.01, "cy": 519.878}, "camera_to_world_matrix": [-0.234474, 0.644178, 0.728049, 3.32528, 0.972093, 0.149547, 0.180752, -5.90266, 0.00755912, 0.750113, -0.661266, 1.54458, 0.0, 0.0, 0.0, 1.0]}, "2393bffb53fe4205bcc67796c6fb76e3_d0_3.png": {"intrinsics": {"fx": 1071.19, "fy": 1072.12, "cx": 636.01, "cy": 519.878}, "camera_to_world_matrix": [0.724638, 0.454664, 0.517861, 3.3293, 0.689048, -0.489553, -0.534369, -5.88868, 0.0105624, 0.744055, -0.668034, 1.54471, 0.0, 0.0, 0.0, 1.0]}, "2393bffb53fe4205bcc67796c6fb76e3_d0_4.png": {"intrinsics": {"fx": 1071.19, "fy": 1072.12, "cx": 636.01, "cy": 519.878}, "camera_to_world_matrix": [0.95909, -0.193588, -0.206566, 3.34342, -0.28307, -0.644949, -0.709867, -5.88516, 0.00419742, 0.739299, -0.673364, 1.54481, 0.0, 0.0, 0.0, 1.0]}, "2393bffb53fe4205bcc67796c6fb76e3_d0_5.png": {"intrinsics": {"fx": 1071.19, "fy": 1072.12, "cx": 636.01, "cy": 519.878}, "camera_to_world_matrix": [0.234423, -0.652311, -0.720788, 3.35352, -0.972121, -0.161242, -0.170241, -5.89563, -0.00517075, 0.740602, -0.671924, 1.54479, 0.0, 0.0, 0.0, 1.0]}, "2393bffb53fe4205bcc67796c6fb76e3_d1_0.png": {"intrinsics": {"fx": 1076.2, "fy": 1077.02, "cx": 633.574, "cy": 516.361}, "camera_to_world_matrix": [-0.719537, -0.00306518, -0.694447, 3.34165, -0.694442, -0.00282641, 0.719544, -5.90193, -0.00416835, 0.999991, -9.49297e-05, 1.57792, 0.0, 0.0, 0.0, 1.0]}, "2393bffb53fe4205bcc67796c6fb76e3_d1_1.png": {"intrinsics": {"fx": 1076.2, "fy": 1077.02, "cx": 633.574, "cy": 516.361}, "camera_to_world_matrix": [-0.961184, 0.000102779, 0.275908, 3.33825, 0.2759, -0.00741079, 0.961158, -5.90277, 0.00214347, 0.999972, 0.00709473, 1.5779, 0.0, 0.0, 0.0, 1.0]}, "2393bffb53fe4205bcc67796c6fb76e3_d1_2.png": {"intrinsics": {"fx": 1076.2, "fy": 1077.02, "cx": 633.574, "cy": 516.361}, "camera_to_world_matrix": [-0.241654, -0.00228344, 0.97036, 3.33582, 0.970294, -0.0124463, 0.241608, -5.90025, 0.0115256, 0.99992, 0.00522325, 1.57791, 0.0, 0.0, 0.0, 1.0]}, "2393bffb53fe4205bcc67796c6fb76e3_d1_3.png": {"intrinsics": {"fx": 1076.2, "fy": 1077.02, "cx": 633.574, "cy": 516.361}, "camera_to_world_matrix": [0.719507, -0.00783757, 0.694441, 3.33679, 0.694331, -0.0128973, -0.71954, -5.89689, 0.0145958, 0.999886, -0.00383785, 1.57794, 0.0, 0.0, 0.0, 1.0]}, "2393bffb53fe4205bcc67796c6fb76e3_d1_4.png": {"intrinsics": {"fx": 1076.2, "fy": 1077.02, "cx": 633.574, "cy": 516.361}, "camera_to_world_matrix": [0.961116, -0.0110054, -0.275924, 3.34018, -0.276019, -0.00831276, -0.961116, -5.89604, 0.00828371, 0.999905, -0.0110273, 1.57796, 0.0, 0.0, 0.0, 1.0]}, "2393bffb53fe4205bcc67796c6fb76e3_d1_5.png": {"intrinsics": {"fx": 1076.2, "fy": 1077.02, "cx": 633.574, "cy": 516.361}, "camera_to_world_matrix": [0.241559, -0.00861893, -0.970348, 3.34262, -0.970386, -0.00327737, -0.241539, -5.89856, -0.0010984, 0.999957, -0.00915541, 1.57796, 0.0, 0.0, 0.0, 1.0]}, "2393bffb53fe4205bcc67796c6fb76e3_d2_0.png": {"intrinsics": {"fx": 1071.62, "fy": 1072.36, "cx": 645.807, "cy": 517.285}, "camera_to_world_matrix": [-0.714134, 0.464602, -0.5236, 3.34914, -0.700004, -0.476734, 0.531713, -5.91014, -0.00258317, 0.746237, 0.665675, 1.61115, 0.0, 0.0, 0.0, 1.0]}, "2393bffb53fe4205bcc67796c6fb76e3_d2_1.png": {"intrinsics": {"fx": 1071.62, "fy": 1072.36, "cx": 645.807, "cy": 517.285}, "camera_to_world_matrix": [-0.963293, -0.177509, 0.201387, 3.33502, 0.268426, -0.647164, 0.71353, -5.91365, 0.00367267, 0.741397, 0.671057, 1.61105, 0.0, 0.0, 0.0, 1.0]}, "2393bffb53fe4205bcc67796c6fb76e3_d2_2.png": {"intrinsics": {"fx": 1071.62, "fy": 1072.36, "cx": 645.807, "cy": 517.285}, "camera_to_world_matrix": [-0.249175, -0.646181, 0.721361, 3.32492, 0.96837, -0.176292, 0.176578, -5.90319, 0.013069, 0.742544, 0.66967, 1.61107, 0.0, 0.0, 0.0, 1.0]}, "2393bffb53fe4205bcc67796c6fb76e3_d2_3.png": {"intrinsics": {"fx": 1071.62, "fy": 1072.36, "cx": 645.807, "cy": 517.285}, "camera_to_world_matrix": [0.714087, -0.472732, 0.516337, 3.32893, 0.699869, 0.465, -0.542179, -5.8892, 0.0162092, 0.748531, 0.662901, 1.61121, 0.0, 0.0, 0.0, 1.0]}, "2393bffb53fe4205bcc67796c6fb76e3_d2_4.png": {"intrinsics": {"fx": 1071.62, "fy": 1072.36, "cx": 645.807, "cy": 517.285}, "camera_to_world_matrix": [0.963208, 0.169385, -0.208658, 3.34305, -0.268571, 0.635405, -0.723968, -5.88569, 0.00995311, 0.753372, 0.65752, 1.61131, 0.0, 0.0, 0.0, 1.0]}, "2393bffb53fe4205bcc67796c6fb76e3_d2_5.png": {"intrinsics": {"fx": 1071.62, "fy": 1072.36, "cx": 645.807, "cy": 517.285}, "camera_to_world_matrix": [0.249062, 0.638039, -0.728611, 3.35316, -0.968487, 0.164514, -0.186995, -5.89616, 0.000556889, 0.752224, 0.658907, 1.61128, 0.0, 0.0, 0.0, 1.0]}, "286b0c2d9a46408ba80b6ccebb21e582_d0_0.png": {"intrinsics": {"fx": 1071.19, "fy": 1072.12, "cx": 636.01, "cy": 519.878}, "camera_to_world_matrix": [-0.202429, 0.65565, 0.727424, 6.5647, 0.979239, 0.127465, 0.157617, -2.97087, 0.0106203, 0.744228, -0.667841, 4.33028, 0.0, 0.0, 0.0, 1.0]}, "286b0c2d9a46408ba80b6ccebb21e582_d0_1.png": {"intrinsics": {"fx": 1071.19, "fy": 1072.12, "cx": 636.01, "cy": 519.878}, "camera_to_world_matrix": [0.746885, 0.445257, 0.493872, 6.56917, 0.664938, -0.505079, -0.550229, -2.95703, 0.00445091, 0.739352, -0.673304, 4.33039, 0.0, 0.0, 0.0, 1.0]}, "286b0c2d9a46408ba80b6ccebb21e582_d0_2.png": {"intrinsics": {"fx": 1071.19, "fy": 1072.12, "cx": 636.01, "cy": 519.878}, "camera_to_world_matrix": [0.949302, -0.207754, -0.235933, 6.5834, -0.314327, -0.63916, -0.701907, -2.95398, -0.0049751, 0.740482, -0.672058, 4.33036, 0.0, 0.0, 0.0, 1.0]}, "286b0c2d9a46408ba80b6ccebb21e582_d0_3.png": {"intrinsics": {"fx": 1071.19, "fy": 1072.12, "cx": 636.01, "cy": 519.878}, "camera_to_world_matrix": [0.2024, -0.650356, -0.732169, 6.59315, -0.979268, -0.140693, -0.145735, -2.96477, -0.00823158, 0.746487, -0.665349, 4.33023, 0.0, 0.0, 0.0, 1.0]}, "286b0c2d9a46408ba80b6ccebb21e582_d0_4.png": {"intrinsics": {"fx": 1071.19, "fy": 1072.12, "cx": 636.01, "cy": 519.878}, "camera_to_world_matrix": [-0.746903, -0.439937, -0.49859, 6.58868, -0.66493, 0.491843, 0.562102, -2.97862, -0.00206194, 0.751363, -0.659886, 4.33013, 0.0, 0.0, 0.0, 1.0]}, "286b0c2d9a46408ba80b6ccebb21e582_d0_5.png": {"intrinsics": {"fx": 1071.19, "fy": 1072.12, "cx": 636.01, "cy": 519.878}, "camera_to_world_matrix": [-0.949281, 0.213078, 0.231221, 6.57446, 0.314343, 0.625898, 0.713751, -2.98167, 0.00736404, 0.750233, -0.661133, 4.33015, 0.0, 0.0, 0.0, 1.0]}, "286b0c2d9a46408ba80b6ccebb21e582_d1_0.png": {"intrinsics": {"fx": 1076.2, "fy": 1077.02, "cx": 633.574, "cy": 516.361}, "camera_to_world_matrix": [-0.209627, 0.00657063, 0.97776, 6.57562, 0.977672, -0.0135758, 0.209699, -2.96885, 0.0146518, 0.999886, -0.00357811, 4.36351, 0.0, 0.0, 0.0, 1.0]}, "286b0c2d9a46408ba80b6ccebb21e582_d1_1.png": {"intrinsics": {"fx": 1076.2, "fy": 1077.02, "cx": 633.574, "cy": 516.361}, "camera_to_world_matrix": [0.741967, 0.00100464, 0.670435, 6.5767, 0.670382, -0.0138447, -0.741887, -2.96552, 0.00853663, 0.999903, -0.0109458, 4.36354, 0.0, 0.0, 0.0, 1.0]}, "286b0c2d9a46408ba80b6ccebb21e582_d1_2.png": {"intrinsics": {"fx": 1076.2, "fy": 1077.02, "cx": 633.574, "cy": 516.361}, "camera_to_world_matrix": [0.951596, -0.00201098, -0.307346, 6.58012, -0.307351, -0.00915895, -0.951552, -2.96479, -0.000901435, 0.999956, -0.00933374, 4.36353, 0.0, 0.0, 0.0, 1.0]}, "286b0c2d9a46408ba80b6ccebb21e582_d1_3.png": {"intrinsics": {"fx": 1076.2, "fy": 1077.02, "cx": 633.574, "cy": 516.361}, "camera_to_world_matrix": [0.209626, 0.000539467, -0.977782, 6.58247, -0.977773, -0.00420447, -0.209626, -2.96738, -0.00422416, 0.999991, -0.000353935, 4.3635, 0.0, 0.0, 0.0, 1.0]}, "286b0c2d9a46408ba80b6ccebb21e582_d1_4.png": {"intrinsics": {"fx": 1076.2, "fy": 1077.02, "cx": 633.574, "cy": 516.361}, "camera_to_world_matrix": [-0.741957, 0.00610547, -0.67042, 6.58139, -0.670446, -0.00393584, 0.741949, -2.97071, 0.00189126, 0.999973, 0.00701356, 4.36347, 0.0, 0.0, 0.0, 1.0]}, "286b0c2d9a46408ba80b6ccebb21e582_d1_5.png": {"intrinsics": {"fx": 1076.2, "fy": 1077.02, "cx": 633.574, "cy": 516.361}, "camera_to_world_matrix": [-0.951547, 0.00912091, 0.30737, 6.57797, 0.307296, -0.0086217, 0.951575, -2.97145, 0.0113293, 0.999921, 0.00540109, 4.36348, 0.0, 0.0, 0.0, 1.0]}, "286b0c2d9a46408ba80b6ccebb21e582_d2_0.png": {"intrinsics": {"fx": 1071.62, "fy": 1072.36, "cx": 645.807, "cy": 517.285}, "camera_to_world_matrix": [-0.217192, -0.644704, 0.732929, 6.56494, 0.975994, -0.155938, 0.152052, -2.97146, 0.0162632, 0.748358, 0.663095, 4.39678, 0.0, 0.0, 0.0, 1.0]}, "286b0c2d9a46408ba80b6ccebb21e582_d2_1.png": {"intrinsics": {"fx": 1071.62, "fy": 1072.36, "cx": 645.807, "cy": 517.285}, "camera_to_world_matrix": [0.736747, -0.450296, 0.504418, 6.56941, 0.676092, 0.479323, -0.559598, -2.95762, 0.0102054, 0.753315, 0.657581, 4.39688, 0.0, 0.0, 0.0, 1.0]}, "286b0c2d9a46408ba80b6ccebb21e582_d2_2.png": {"intrinsics": {"fx": 1071.62, "fy": 1072.36, "cx": 645.807, "cy": 517.285}, "camera_to_world_matrix": [0.953946, 0.197076, -0.22616, 6.58364, -0.299978, 0.628606, -0.717544, -2.95457, 0.000755214, 0.752341, 0.658774, 4.39686, 0.0, 0.0, 0.0, 1.0]}, "286b0c2d9a46408ba80b6ccebb21e582_d2_3.png": {"intrinsics": {"fx": 1071.62, "fy": 1072.36, "cx": 645.807, "cy": 517.285}, "camera_to_world_matrix": [0.217202, 0.650024, -0.728212, 6.59339, -0.976123, 0.142624, -0.163836, -2.96536, -0.00263698, 0.746409, 0.665482, 4.39673, 0.0, 0.0, 0.0, 1.0]}, "286b0c2d9a46408ba80b6ccebb21e582_d2_4.png": {"intrinsics": {"fx": 1071.62, "fy": 1072.36, "cx": 645.807, "cy": 517.285}, "camera_to_world_matrix": [-0.736725, 0.455591, -0.499674, 6.58892, -0.676184, -0.49263, 0.547805, -2.97921, 0.00342107, 0.741453, 0.670996, 4.39662, 0.0, 0.0, 0.0, 1.0]}, "286b0c2d9a46408ba80b6ccebb21e582_d2_5.png": {"intrinsics": {"fx": 1071.62, "fy": 1072.36, "cx": 645.807, "cy": 517.285}, "camera_to_world_matrix": [-0.953886, -0.191786, 0.230911, 6.57469, 0.299894, -0.641888, 0.705723, -2.98226, 0.0128712, 0.742428, 0.669803, 4.39665, 0.0, 0.0, 0.0, 1.0]}, "346b680ac5904359a1859c929ad312b6_d0_0.png": {"intrinsics": {"fx": 1071.19, "fy": 1072.12, "cx": 636.01, "cy": 519.878}, "camera_to_world_matrix": [0.993532, -0.0809822, -0.0795983, 5.58477, -0.113356, -0.666229, -0.737082, 0.661036, 0.0066598, 0.741338, -0.671099, 4.34857, 0.0, 0.0, 0.0, 1.0]}, "346b680ac5904359a1859c929ad312b6_d0_1.png": {"intrinsics": {"fx": 1071.19, "fy": 1072.12, "cx": 636.01, "cy": 519.878}, "camera_to_world_matrix": [0.398615, -0.616272, -0.679202, 5.59653, -0.917118, -0.268906, -0.294254, 0.652466, -0.00130125, 0.740202, -0.672384, 4.34859, 0.0, 0.0, 0.0, 1.0]}, "346b680ac5904359a1859c929ad312b6_d0_2.png": {"intrinsics": {"fx": 1071.19, "fy": 1072.12, "cx": 636.01, "cy": 519.878}, "camera_to_world_matrix": [-0.594933, -0.539834, -0.595512, 5.59499, -0.803747, 0.393319, 0.446421, 0.637998, -0.00676663, 0.744231, -0.667888, 4.34851, 0.0, 0.0, 0.0, 1.0]}, "346b680ac5904359a1859c929ad312b6_d0_3.png": {"intrinsics": {"fx": 1071.19, "fy": 1072.12, "cx": 636.01, "cy": 519.878}, "camera_to_world_matrix": [-0.993543, 0.0718926, 0.0877793, 5.58169, 0.113382, 0.658207, 0.74425, 0.6321, -0.0042709, 0.749396, -0.662108, 4.34839, 0.0, 0.0, 0.0, 1.0]}, "346b680ac5904359a1859c929ad312b6_d0_4.png": {"intrinsics": {"fx": 1071.19, "fy": 1072.12, "cx": 636.01, "cy": 519.878}, "camera_to_world_matrix": [-0.398594, 0.607167, 0.687366, 5.56993, 0.91712, 0.260864, 0.301398, 0.64067, 0.0036902, 0.750532, -0.660824, 4.34837, 0.0, 0.0, 0.0, 1.0]}, "346b680ac5904359a1859c929ad312b6_d0_5.png": {"intrinsics": {"fx": 1071.19, "fy": 1072.12, "cx": 636.01, "cy": 519.878}, "camera_to_world_matrix": [0.59495, 0.530703, 0.603647, 5.57147, 0.803711, -0.401359, -0.439273, 0.655138, 0.00915538, 0.746502, -0.66532, 4.34845, 0.0, 0.0, 0.0, 1.0]}, "346b680ac5904359a1859c929ad312b6_d1_0.png": {"intrinsics": {"fx": 1076.2, "fy": 1077.02, "cx": 633.574, "cy": 516.361}, "camera_to_world_matrix": [0.994304, -0.0115073, -0.105967, 5.5834, -0.106049, -0.00678096, -0.994338, 0.649869, 0.0107236, 0.999911, -0.00796271, 4.38175, 0.0, 0.0, 0.0, 1.0]}, "346b680ac5904359a1859c929ad312b6_d1_1.png": {"intrinsics": {"fx": 1076.2, "fy": 1077.02, "cx": 633.574, "cy": 516.361}, "camera_to_world_matrix": [0.405336, -0.0100254, -0.914113, 5.58622, -0.914164, -0.00140923, -0.405343, 0.647808, 0.00277552, 0.999949, -0.00973614, 4.38176, 0.0, 0.0, 0.0, 1.0]}, "346b680ac5904359a1859c929ad312b6_d1_2.png": {"intrinsics": {"fx": 1076.2, "fy": 1077.02, "cx": 633.574, "cy": 516.361}, "camera_to_world_matrix": [-0.589008, -0.00463239, -0.808114, 5.58585, -0.808123, -6.95791e-06, 0.589015, 0.644327, -0.00273419, 0.999989, -0.00373948, 4.38174, 0.0, 0.0, 0.0, 1.0]}, "346b680ac5904359a1859c929ad312b6_d1_3.png": {"intrinsics": {"fx": 1076.2, "fy": 1077.02, "cx": 633.574, "cy": 516.361}, "camera_to_world_matrix": [-0.994363, -0.000721363, 0.106029, 5.58265, 0.106031, -0.00397644, 0.994355, 0.642909, -0.000295691, 0.999992, 0.00403046, 4.38171, 0.0, 0.0, 0.0, 1.0]}, "346b680ac5904359a1859c929ad312b6_d1_4.png": {"intrinsics": {"fx": 1076.2, "fy": 1077.02, "cx": 633.574, "cy": 516.361}, "camera_to_world_matrix": [-0.405364, -0.00220347, 0.914153, 5.57983, 0.914124, -0.00934811, 0.405329, 0.64497, 0.00765245, 0.999954, 0.00580358, 4.3817, 0.0, 0.0, 0.0, 1.0]}, "346b680ac5904359a1859c929ad312b6_d1_5.png": {"intrinsics": {"fx": 1076.2, "fy": 1077.02, "cx": 633.574, "cy": 516.361}, "camera_to_world_matrix": [0.588976, -0.00759656, 0.808115, 5.5802, 0.808043, -0.0107502, -0.589025, 0.648451, 0.0131619, 0.999913, -0.000193293, 4.38172, 0.0, 0.0, 0.0, 1.0]}, "346b680ac5904359a1859c929ad312b6_d2_0.png": {"intrinsics": {"fx": 1071.62, "fy": 1072.36, "cx": 645.807, "cy": 517.285}, "camera_to_world_matrix": [0.995076, 0.0556515, -0.0820227, 5.58436, -0.0983454, 0.657587, -0.746932, 0.660678, 0.0123692, 0.75132, 0.659822, 4.41507, 0.0, 0.0, 0.0, 1.0]}, "346b680ac5904359a1859c929ad312b6_d2_1.png": {"intrinsics": {"fx": 1071.62, "fy": 1072.36, "cx": 645.807, "cy": 517.285}, "camera_to_world_matrix": [0.412396, 0.598512, -0.686814, 5.59612, -0.910994, 0.274603, -0.307706, 0.652108, 0.00443517, 0.75258, 0.658486, 4.41509, 0.0, 0.0, 0.0, 1.0]}, "346b680ac5904359a1859c929ad312b6_d2_2.png": {"intrinsics": {"fx": 1071.62, "fy": 1072.36, "cx": 645.807, "cy": 517.285}, "camera_to_world_matrix": [-0.582731, 0.538277, -0.608838, 5.59458, -0.812665, -0.38701, 0.43566, 0.63764, -0.00112081, 0.748653, 0.662961, 4.415, 0.0, 0.0, 0.0, 1.0]}, "346b680ac5904359a1859c929ad312b6_d2_3.png": {"intrinsics": {"fx": 1071.62, "fy": 1072.36, "cx": 645.807, "cy": 517.285}, "camera_to_world_matrix": [-0.995155, -0.0648175, 0.0739277, 5.58128, 0.0983109, -0.665625, 0.739783, 0.631742, 0.00125736, 0.743466, 0.668772, 4.41489, 0.0, 0.0, 0.0, 1.0]}, "346b680ac5904359a1859c929ad312b6_d2_4.png": {"intrinsics": {"fx": 1071.62, "fy": 1072.36, "cx": 645.807, "cy": 517.285}, "camera_to_world_matrix": [-0.412444, -0.607663, 0.678702, 5.56952, 0.910937, -0.28262, 0.300534, 0.640313, 0.00919143, 0.742207, 0.670107, 4.41487, 0.0, 0.0, 0.0, 1.0]}, "346b680ac5904359a1859c929ad312b6_d2_5.png": {"intrinsics": {"fx": 1071.62, "fy": 1072.36, "cx": 645.807, "cy": 517.285}, "camera_to_world_matrix": [0.582679, -0.547402, 0.600697, 5.57106, 0.812569, 0.378991, -0.44283, 0.654781, 0.0147472, 0.746134, 0.665632, 4.41495, 0.0, 0.0, 0.0, 1.0]}, "423efb97f77f4e7995f19c66fe82afbc_d0_0.png": {"intrinsics": {"fx": 1071.19, "fy": 1072.12, "cx": 636.01, "cy": 519.878}, "camera_to_world_matrix": [-0.226489, 0.652589, 0.72307, 5.50291, 0.973916, 0.1412, 0.177626, -5.68163, 0.0138195, 0.74444, -0.667547, 1.5553, 0.0, 0.0, 0.0, 1.0]}, "423efb97f77f4e7995f19c66fe82afbc_d0_1.png": {"intrinsics": {"fx": 1071.19, "fy": 1072.12, "cx": 636.01, "cy": 519.878}, "camera_to_world_matrix": [0.730278, 0.457841, 0.507026, 5.50704, 0.683121, -0.496317, -0.535738, -5.66768, 0.00636278, 0.737598, -0.67521, 1.55545, 0.0, 0.0, 0.0, 1.0]}, "423efb97f77f4e7995f19c66fe82afbc_d0_2.png": {"intrinsics": {"fx": 1071.19, "fy": 1072.12, "cx": 636.01, "cy": 519.878}, "camera_to_world_matrix": [0.956756, -0.191667, -0.21882, 5.52118, -0.290825, -0.646449, -0.705354, -5.66428, -0.00626258, 0.73849, -0.674236, 1.55543, 0.0, 0.0, 0.0, 1.0]}, "423efb97f77f4e7995f19c66fe82afbc_d0_3.png": {"intrinsics": {"fx": 1071.19, "fy": 1072.12, "cx": 636.01, "cy": 519.878}, "camera_to_world_matrix": [0.226461, -0.646413, -0.728605, 5.5312, -0.973953, -0.159061, -0.161602, -5.67483, -0.0114309, 0.746224, -0.665597, 1.55526, 0.0, 0.0, 0.0, 1.0]}, "423efb97f77f4e7995f19c66fe82afbc_d0_4.png": {"intrinsics": {"fx": 1071.19, "fy": 1072.12, "cx": 636.01, "cy": 519.878}, "camera_to_world_matrix": [-0.730295, -0.451641, -0.512533, 5.52707, -0.683121, 0.478449, 0.551754, -5.68878, -0.00397379, 0.753065, -0.657934, 1.55511, 0.0, 0.0, 0.0, 1.0]}, "423efb97f77f4e7995f19c66fe82afbc_d0_5.png": {"intrinsics": {"fx": 1071.19, "fy": 1072.12, "cx": 636.01, "cy": 519.878}, "camera_to_world_matrix": [-0.956735, 0.197874, 0.213319, 5.51292, 0.290834, 0.628555, 0.721342, -5.69218, 0.00865156, 0.752173, -0.658909, 1.55513, 0.0, 0.0, 0.0, 1.0]}, "423efb97f77f4e7995f19c66fe82afbc_d1_0.png": {"intrinsics": {"fx": 1076.2, "fy": 1077.02, "cx": 633.574, "cy": 516.361}, "camera_to_world_matrix": [-0.233644, 0.00727661, 0.972295, 5.51379, 0.972158, -0.0166074, 0.233736, -5.67944, 0.0178481, 0.999835, -0.00319383, 1.58853, 0.0, 0.0, 0.0, 1.0]}, "423efb97f77f4e7995f19c66fe82afbc_d1_1.png": {"intrinsics": {"fx": 1076.2, "fy": 1077.02, "cx": 633.574, "cy": 516.361}, "camera_to_world_matrix": [0.725229, 0.00171893, 0.688506, 5.51478, 0.688428, -0.0170134, -0.725105, -5.67609, 0.0104674, 0.999854, -0.013522, 1.58857, 0.0, 0.0, 0.0, 1.0]}, "423efb97f77f4e7995f19c66fe82afbc_d1_2.png": {"intrinsics": {"fx": 1076.2, "fy": 1077.02, "cx": 633.574, "cy": 516.361}, "camera_to_world_matrix": [0.958879, -0.00141119, -0.283813, 5.51819, -0.283808, -0.0124035, -0.958801, -5.67527, -0.00216725, 0.999922, -0.012294, 1.58856, 0.0, 0.0, 0.0, 1.0]}, "423efb97f77f4e7995f19c66fe82afbc_d1_3.png": {"intrinsics": {"fx": 1076.2, "fy": 1077.02, "cx": 633.574, "cy": 516.361}, "camera_to_world_matrix": [0.23365, 0.00101643, -0.97232, 5.5206, -0.972293, -0.00738785, -0.233651, -5.67781, -0.00742087, 0.999972, -0.000737951, 1.58852, 0.0, 0.0, 0.0, 1.0]}, "423efb97f77f4e7995f19c66fe82afbc_d1_4.png": {"intrinsics": {"fx": 1076.2, "fy": 1077.02, "cx": 633.574, "cy": 516.361}, "camera_to_world_matrix": [-0.725213, 0.00657412, -0.688494, 5.5196, -0.688525, -0.00698212, 0.725179, -5.68116, -3.97488e-05, 0.999954, 0.00958992, 1.58849, 0.0, 0.0, 0.0, 1.0]}, "423efb97f77f4e7995f19c66fe82afbc_d1_5.png": {"intrinsics": {"fx": 1076.2, "fy": 1077.02, "cx": 633.574, "cy": 516.361}, "camera_to_world_matrix": [-0.958824, 0.00970407, 0.283834, 5.5162, 0.283721, -0.0115921, 0.958837, -5.68198, 0.0125948, 0.999886, 0.00836147, 1.58849, 0.0, 0.0, 0.0, 1.0]}, "423efb97f77f4e7995f19c66fe82afbc_d2_0.png": {"intrinsics": {"fx": 1071.62, "fy": 1072.36, "cx": 645.807, "cy": 517.285}, "camera_to_world_matrix": [-0.241165, -0.640387, 0.729208, 5.50318, 0.970289, -0.174168, 0.167943, -5.68242, 0.0194564, 0.748044, 0.663364, 1.62179, 0.0, 0.0, 0.0, 1.0]}, "423efb97f77f4e7995f19c66fe82afbc_d2_1.png": {"intrinsics": {"fx": 1071.62, "fy": 1072.36, "cx": 645.807, "cy": 517.285}, "camera_to_world_matrix": [0.71987, -0.461687, 0.518298, 5.50731, 0.694003, 0.465671, -0.5491, -5.66847, 0.012156, 0.754981, 0.655635, 1.62194, 0.0, 0.0, 0.0, 1.0]}, "423efb97f77f4e7995f19c66fe82afbc_d2_2.png": {"intrinsics": {"fx": 1071.62, "fy": 1072.36, "cx": 645.807, "cy": 517.285}, "camera_to_world_matrix": [0.961047, 0.18181, -0.208167, 5.52146, -0.276384, 0.630861, -0.725001, -5.66507, -0.00048766, 0.754294, 0.656536, 1.62193, 0.0, 0.0, 0.0, 1.0]}, "423efb97f77f4e7995f19c66fe82afbc_d2_3.png": {"intrinsics": {"fx": 1071.62, "fy": 1072.36, "cx": 645.807, "cy": 517.285}, "camera_to_world_matrix": [0.241184, 0.646592, -0.723705, 5.53148, -0.970462, 0.156208, -0.183855, -5.67562, -0.00583065, 0.746671, 0.665167, 1.62176, 0.0, 0.0, 0.0, 1.0]}, "423efb97f77f4e7995f19c66fe82afbc_d2_4.png": {"intrinsics": {"fx": 1071.62, "fy": 1072.36, "cx": 645.807, "cy": 517.285}, "camera_to_world_matrix": [-0.719841, 0.467867, -0.512768, 5.52735, -0.694138, -0.483624, 0.53318, -5.68958, 0.00147011, 0.739735, 0.672896, 1.62161, 0.0, 0.0, 0.0, 1.0]}, "423efb97f77f4e7995f19c66fe82afbc_d2_5.png": {"intrinsics": {"fx": 1071.62, "fy": 1072.36, "cx": 645.807, "cy": 517.285}, "camera_to_world_matrix": [-0.96098, -0.175637, 0.213704, 5.5132, 0.276258, -0.648789, 0.709052, -5.69297, 0.0141137, 0.740422, 0.671994, 1.62163, 0.0, 0.0, 0.0, 1.0]}, "66d4adb61b57494aa2c1ad141a0fad9b_d0_0.png": {"intrinsics": {"fx": 1071.19, "fy": 1072.12, "cx": 636.01, "cy": 519.878}, "camera_to_world_matrix": [-0.645619, -0.50309, -0.574523, -2.26463, -0.763639, 0.430795, 0.480906, -3.23629, 0.00556293, 0.74921, -0.662309, 1.55403, 0.0, 0.0, 0.0, 1.0]}, "66d4adb61b57494aa2c1ad141a0fad9b_d0_1.png": {"intrinsics": {"fx": 1071.19, "fy": 1072.12, "cx": 636.01, "cy": 519.878}, "camera_to_world_matrix": [-0.984115, 0.124475, 0.126586, -2.27828, 0.177335, 0.655616, 0.733976, -3.24132, 0.00836964, 0.744765, -0.667275, 1.55413, 0.0, 0.0, 0.0, 1.0]}, "66d4adb61b57494aa2c1ad141a0fad9b_d0_2.png": {"intrinsics": {"fx": 1071.19, "fy": 1072.12, "cx": 636.01, "cy": 519.878}, "camera_to_world_matrix": [-0.338465, 0.632945, 0.696292, -2.28946, 0.94097, 0.224519, 0.25331, -3.232, 0.00400091, 0.740926, -0.671574, 1.55421, 0.0, 0.0, 0.0, 1.0]}, "66d4adb61b57494aa2c1ad141a0fad9b_d0_3.png": {"intrinsics": {"fx": 1071.19, "fy": 1072.12, "cx": 636.01, "cy": 519.878}, "camera_to_world_matrix": [0.645666, 0.513839, 0.564876, -2.28699, 0.763613, -0.431389, -0.480415, -3.21767, -0.00317447, 0.741534, -0.670907, 1.5542, 0.0, 0.0, 0.0, 1.0]}, "66d4adb61b57494aa2c1ad141a0fad9b_d0_4.png": {"intrinsics": {"fx": 1071.19, "fy": 1072.12, "cx": 636.01, "cy": 519.878}, "camera_to_world_matrix": [0.984125, -0.113735, -0.136243, -2.27333, -0.177375, -0.656185, -0.733457, -3.21264, -0.00598093, 0.74598, -0.665942, 1.5541, 0.0, 0.0, 0.0, 1.0]}, "66d4adb61b57494aa2c1ad141a0fad9b_d0_5.png": {"intrinsics": {"fx": 1071.19, "fy": 1072.12, "cx": 636.01, "cy": 519.878}, "camera_to_world_matrix": [0.338445, -0.622188, -0.70593, -2.26215, -0.940985, -0.225068, -0.252769, -3.22195, -0.00161195, 0.749818, -0.661643, 1.55402, 0.0, 0.0, 0.0, 1.0]}, "66d4adb61b57494aa2c1ad141a0fad9b_d1_0.png": {"intrinsics": {"fx": 1076.2, "fy": 1077.02, "cx": 633.574, "cy": 516.361}, "camera_to_world_matrix": [-0.639934, 0.00904747, -0.768376, -2.27288, -0.76837, 0.00487984, 0.639987, -3.22923, 0.0095398, 0.999947, 0.00382898, 1.58735, 0.0, 0.0, 0.0, 1.0]}, "66d4adb61b57494aa2c1ad141a0fad9b_d1_1.png": {"intrinsics": {"fx": 1076.2, "fy": 1077.02, "cx": 633.574, "cy": 516.361}, "camera_to_world_matrix": [-0.985354, 0.0126937, 0.170049, -2.27616, 0.170071, 0.000665946, 0.985431, -3.23044, 0.0123955, 0.999919, -0.00281508, 1.58737, 0.0, 0.0, 0.0, 1.0]}, "66d4adb61b57494aa2c1ad141a0fad9b_d1_2.png": {"intrinsics": {"fx": 1076.2, "fy": 1077.02, "cx": 633.574, "cy": 516.361}, "camera_to_world_matrix": [-0.34536, 0.0108675, 0.938407, -2.27885, 0.938436, -0.00459882, 0.345423, -3.2282, 0.00806945, 0.99993, -0.00861029, 1.58739, 0.0, 0.0, 0.0, 1.0]}, "66d4adb61b57494aa2c1ad141a0fad9b_d1_3.png": {"intrinsics": {"fx": 1076.2, "fy": 1077.02, "cx": 633.574, "cy": 516.361}, "camera_to_world_matrix": [0.64004, 0.00539513, 0.768323, -2.27826, 0.768341, -0.00564958, -0.640015, -3.22475, 0.000887717, 0.999969, -0.00776131, 1.58739, 0.0, 0.0, 0.0, 1.0]}, "66d4adb61b57494aa2c1ad141a0fad9b_d1_4.png": {"intrinsics": {"fx": 1076.2, "fy": 1077.02, "cx": 633.574, "cy": 516.361}, "camera_to_world_matrix": [0.985422, 0.00174904, -0.170116, -2.27497, -0.170114, -0.00143555, -0.985423, -3.22354, -0.00196777, 0.999997, -0.00111713, 1.58736, 0.0, 0.0, 0.0, 1.0]}, "66d4adb61b57494aa2c1ad141a0fad9b_d1_5.png": {"intrinsics": {"fx": 1076.2, "fy": 1077.02, "cx": 633.574, "cy": 516.361}, "camera_to_world_matrix": [0.345398, 0.00357543, -0.938449, -2.27228, -0.938453, 0.00382915, -0.345385, -3.22578, 0.00235855, 0.999986, 0.00467791, 1.58734, 0.0, 0.0, 0.0, 1.0]}, "66d4adb61b57494aa2c1ad141a0fad9b_d2_0.png": {"intrinsics": {"fx": 1071.62, "fy": 1072.36, "cx": 645.807, "cy": 517.285}, "camera_to_world_matrix": [-0.633941, 0.522352, -0.570321, -2.26415, -0.773301, -0.417551, 0.477134, -3.23632, 0.011094, 0.743505, 0.668638, 1.62053, 0.0, 0.0, 0.0, 1.0]}, "66d4adb61b57494aa2c1ad141a0fad9b_d2_1.png": {"intrinsics": {"fx": 1071.62, "fy": 1072.36, "cx": 645.807, "cy": 517.285}, "camera_to_world_matrix": [-0.986621, -0.0974858, 0.13067, -2.2778, 0.162425, -0.656627, 0.736519, -3.24134, 0.0140012, 0.747889, 0.663676, 1.62063, 0.0, 0.0, 0.0, 1.0]}, "66d4adb61b57494aa2c1ad141a0fad9b_d2_2.png": {"intrinsics": {"fx": 1071.62, "fy": 1072.36, "cx": 645.807, "cy": 517.285}, "camera_to_world_matrix": [-0.352608, -0.614438, 0.705785, -2.28898, 0.93572, -0.239349, 0.259113, -3.23203, 0.00972017, 0.751783, 0.659339, 1.62071, 0.0, 0.0, 0.0, 1.0]}, "66d4adb61b57494aa2c1ad141a0fad9b_d2_3.png": {"intrinsics": {"fx": 1071.62, "fy": 1072.36, "cx": 645.807, "cy": 517.285}, "camera_to_world_matrix": [0.63407, -0.511541, 0.579897, -2.28651, 0.773271, 0.416995, -0.477667, -3.21769, 0.00253214, 0.751292, 0.659964, 1.6207, 0.0, 0.0, 0.0, 1.0]}, "66d4adb61b57494aa2c1ad141a0fad9b_d2_4.png": {"intrinsics": {"fx": 1071.62, "fy": 1072.36, "cx": 645.807, "cy": 517.285}, "camera_to_world_matrix": [0.986714, 0.108306, -0.121104, -2.27285, -0.162469, 0.656047, -0.737025, -3.21267, -0.000374752, 0.746908, 0.664927, 1.6206, 0.0, 0.0, 0.0, 1.0]}, "66d4adb61b57494aa2c1ad141a0fad9b_d2_5.png": {"intrinsics": {"fx": 1071.62, "fy": 1072.36, "cx": 645.807, "cy": 517.285}, "camera_to_world_matrix": [0.35267, 0.625243, -0.696201, -2.26167, -0.935739, 0.238749, -0.259596, -3.22198, 0.0039065, 0.743014, 0.669264, 1.62052, 0.0, 0.0, 0.0, 1.0]}, "6776097c17ed4b93aee61704eb32f06c_d0_0.png": {"intrinsics": {"fx": 1071.19, "fy": 1072.12, "cx": 636.01, "cy": 519.878}, "camera_to_world_matrix": [-0.259776, -0.64418, -0.719408, -1.67284, -0.965668, 0.172257, 0.194456, -5.38018, -0.00134132, 0.745225, -0.666812, 1.55298, 0.0, 0.0, 0.0, 1.0]}, "6776097c17ed4b93aee61704eb32f06c_d0_1.png": {"intrinsics": {"fx": 1071.19, "fy": 1072.12, "cx": 636.01, "cy": 519.878}, "camera_to_world_matrix": [-0.966185, -0.1717, -0.192368, -1.68306, -0.25785, 0.642536, 0.721569, -5.39054, -0.000290241, 0.746771, -0.665081, 1.55295, 0.0, 0.0, 0.0, 1.0]}, "6776097c17ed4b93aee61704eb32f06c_d0_2.png": {"intrinsics": {"fx": 1071.19, "fy": 1072.12, "cx": 636.01, "cy": 519.878}, "camera_to_world_matrix": [-0.706388, 0.471812, 0.527645, -1.69714, 0.707821, 0.468488, 0.528686, -5.38686, 0.00224551, 0.746935, -0.664893, 1.55294, 0.0, 0.0, 0.0, 1.0]}, "6776097c17ed4b93aee61704eb32f06c_d0_3.png": {"intrinsics": {"fx": 1071.19, "fy": 1072.12, "cx": 636.01, "cy": 519.878}, "camera_to_world_matrix": [0.259812, 0.642831, 0.720601, -1.70099, 0.965652, -0.175836, -0.191306, -5.37283, 0.00373007, 0.745554, -0.666435, 1.55297, 0.0, 0.0, 0.0, 1.0]}, "6776097c17ed4b93aee61704eb32f06c_d0_4.png": {"intrinsics": {"fx": 1071.19, "fy": 1072.12, "cx": 636.01, "cy": 519.878}, "camera_to_world_matrix": [0.966193, 0.170333, 0.193541, -1.69077, 0.257806, -0.646096, -0.718398, -5.36248, 0.00267888, 0.744007, -0.668166, 1.55301, 0.0, 0.0, 0.0, 1.0]}, "6776097c17ed4b93aee61704eb32f06c_d0_5.png": {"intrinsics": {"fx": 1071.19, "fy": 1072.12, "cx": 636.01, "cy": 519.878}, "camera_to_world_matrix": [0.706358, -0.473173, -0.526465, -1.67669, -0.707855, -0.472022, -0.525487, -5.36615, 0.000143154, 0.743843, -0.668355, 1.55301, 0.0, 0.0, 0.0, 1.0]}, "6776097c17ed4b93aee61704eb32f06c_d1_0.png": {"intrinsics": {"fx": 1076.2, "fy": 1077.02, "cx": 633.574, "cy": 516.361}, "camera_to_world_matrix": [-0.25265, -0.00148559, -0.967557, -1.68356, -0.967554, 0.00315805, 0.252645, -5.37747, 0.00268024, 0.999994, -0.00223532, 1.58623, 0.0, 0.0, 0.0, 1.0]}, "6776097c17ed4b93aee61704eb32f06c_d1_1.png": {"intrinsics": {"fx": 1076.2, "fy": 1077.02, "cx": 633.574, "cy": 516.361}, "camera_to_world_matrix": [-0.964249, 0.00360624, -0.264974, -1.68602, -0.264972, 0.000893937, 0.964256, -5.37996, 0.00371419, 0.999993, 9.35269e-05, 1.58622, 0.0, 0.0, 0.0, 1.0]}, "6776097c17ed4b93aee61704eb32f06c_d1_2.png": {"intrinsics": {"fx": 1076.2, "fy": 1077.02, "cx": 633.574, "cy": 516.361}, "camera_to_world_matrix": [-0.711582, 0.00419131, 0.702591, -1.68941, 0.702575, -0.00464776, 0.711594, -5.37908, 0.00624796, 0.99998, 0.000362505, 1.58622, 0.0, 0.0, 0.0, 1.0]}, "6776097c17ed4b93aee61704eb32f06c_d1_3.png": {"intrinsics": {"fx": 1076.2, "fy": 1077.02, "cx": 633.574, "cy": 516.361}, "camera_to_world_matrix": [0.252678, -0.000315463, 0.96755, -1.69033, 0.967519, -0.00792522, -0.252673, -5.3757, 0.00774774, 0.999968, -0.00169736, 1.58622, 0.0, 0.0, 0.0, 1.0]}, "6776097c17ed4b93aee61704eb32f06c_d1_4.png": {"intrinsics": {"fx": 1076.2, "fy": 1077.02, "cx": 633.574, "cy": 516.361}, "camera_to_world_matrix": [0.96425, -0.0054072, 0.264939, -1.68787, 0.26491, -0.00566092, -0.964257, -5.37321, 0.00671371, 0.999969, -0.00402617, 1.58623, 0.0, 0.0, 0.0, 1.0]}, "6776097c17ed4b93aee61704eb32f06c_d1_5.png": {"intrinsics": {"fx": 1076.2, "fy": 1077.02, "cx": 633.574, "cy": 516.361}, "camera_to_world_matrix": [0.711545, -0.00599205, -0.702615, -1.68449, -0.702628, -0.000119195, -0.711557, -5.3741, 0.00417992, 0.999982, -0.00429505, 1.58623, 0.0, 0.0, 0.0, 1.0]}, "6776097c17ed4b93aee61704eb32f06c_d2_0.png": {"intrinsics": {"fx": 1071.62, "fy": 1072.36, "cx": 645.807, "cy": 517.285}, "camera_to_world_matrix": [-0.245142, 0.644639, -0.724118, -1.6729, -0.969478, -0.159701, 0.186033, -5.38034, 0.00428181, 0.74762, 0.664112, 1.61948, 0.0, 0.0, 0.0, 1.0]}, "6776097c17ed4b93aee61704eb32f06c_d2_1.png": {"intrinsics": {"fx": 1071.62, "fy": 1072.36, "cx": 645.807, "cy": 517.285}, "camera_to_world_matrix": [-0.962158, 0.185213, -0.199869, -1.68312, -0.27244, -0.639599, 0.718812, -5.3907, 0.00529766, 0.746063, 0.665854, 1.61944, 0.0, 0.0, 0.0, 1.0]}, "6776097c17ed4b93aee61704eb32f06c_d2_2.png": {"intrinsics": {"fx": 1071.62, "fy": 1072.36, "cx": 645.807, "cy": 517.285}, "camera_to_world_matrix": [-0.717001, -0.460103, 0.523655, -1.6972, 0.697028, -0.481665, 0.531179, -5.38702, 0.00782924, 0.745858, 0.666059, 1.61944, 0.0, 0.0, 0.0, 1.0]}, "6776097c17ed4b93aee61704eb32f06c_d2_3.png": {"intrinsics": {"fx": 1071.62, "fy": 1072.36, "cx": 645.807, "cy": 517.285}, "camera_to_world_matrix": [0.245167, -0.645979, 0.722914, -1.70105, 0.969436, 0.156163, -0.189228, -5.37299, 0.00934492, 0.747211, 0.664521, 1.61947, 0.0, 0.0, 0.0, 1.0]}, "6776097c17ed4b93aee61704eb32f06c_d2_4.png": {"intrinsics": {"fx": 1071.62, "fy": 1072.36, "cx": 645.807, "cy": 517.285}, "camera_to_world_matrix": [0.962157, -0.186534, 0.198644, -1.69083, 0.27237, 0.636043, -0.721987, -5.36264, 0.00832897, 0.748769, 0.662779, 1.6195, 0.0, 0.0, 0.0, 1.0]}, "6776097c17ed4b93aee61704eb32f06c_d2_5.png": {"intrinsics": {"fx": 1071.62, "fy": 1072.36, "cx": 645.807, "cy": 517.285}, "camera_to_world_matrix": [0.716962, 0.458776, -0.524873, -1.67675, -0.697089, 0.478084, -0.534325, -5.36631, 0.00579739, 0.748973, 0.662575, 1.61951, 0.0, 0.0, 0.0, 1.0]}, "6c49579a5cd34df8acb7f790b74e9eae_d0_0.png": {"intrinsics": {"fx": 1071.19, "fy": 1072.12, "cx": 636.01, "cy": 519.878}, "camera_to_world_matrix": [0.220722, -0.649487, -0.727632, -6.46865, -0.975284, -0.139248, -0.171552, -2.57263, 0.0100996, 0.747514, -0.664169, 1.56553, 0.0, 0.0, 0.0, 1.0]}, "6c49579a5cd34df8acb7f790b74e9eae_d0_1.png": {"intrinsics": {"fx": 1071.19, "fy": 1072.12, "cx": 636.01, "cy": 519.878}, "camera_to_world_matrix": [-0.734313, -0.450963, -0.507363, -6.47286, -0.678759, 0.49711, 0.540526, -2.58656, 0.00845793, 0.741292, -0.671129, 1.56567, 0.0, 0.0, 0.0, 1.0]}, "6c49579a5cd34df8acb7f790b74e9eae_d0_2.png": {"intrinsics": {"fx": 1071.19, "fy": 1072.12, "cx": 636.01, "cy": 519.878}, "camera_to_world_matrix": [-0.955016, 0.199429, 0.219481, -6.48703, 0.296552, 0.643355, 0.705798, -2.58988, -0.000447477, 0.739136, -0.673555, 1.56572, 0.0, 0.0, 0.0, 1.0]}, "6c49579a5cd34df8acb7f790b74e9eae_d0_3.png": {"intrinsics": {"fx": 1071.19, "fy": 1072.12, "cx": 636.01, "cy": 519.878}, "camera_to_world_matrix": [-0.220681, 0.651282, 0.726039, -6.49699, 0.975315, 0.153239, 0.158988, -2.57927, -0.00771108, 0.743202, -0.669022, 1.56563, 0.0, 0.0, 0.0, 1.0]}, "6c49579a5cd34df8acb7f790b74e9eae_d0_4.png": {"intrinsics": {"fx": 1071.19, "fy": 1072.12, "cx": 636.01, "cy": 519.878}, "camera_to_world_matrix": [0.734342, 0.452733, 0.505741, -6.49277, 0.678752, -0.483111, -0.553081, -2.56534, -0.00606907, 0.749424, -0.662062, 1.56549, 0.0, 0.0, 0.0, 1.0]}, "6c49579a5cd34df8acb7f790b74e9eae_d0_5.png": {"intrinsics": {"fx": 1071.19, "fy": 1072.12, "cx": 636.01, "cy": 519.878}, "camera_to_world_matrix": [0.955008, -0.197664, -0.221109, -6.47861, -0.296567, -0.629331, -0.718325, -2.56202, 0.0028365, 0.75158, -0.659636, 1.56545, 0.0, 0.0, 0.0, 1.0]}, "6c49579a5cd34df8acb7f790b74e9eae_d1_0.png": {"intrinsics": {"fx": 1076.2, "fy": 1077.02, "cx": 633.574, "cy": 516.361}, "camera_to_world_matrix": [0.227908, -0.00190248, -0.973681, -6.47937, -0.973581, 0.0140304, -0.227912, -2.57484, 0.0140948, 0.9999, 0.00134539, 1.59882, 0.0, 0.0, 0.0, 1.0]}, "6c49579a5cd34df8acb7f790b74e9eae_d1_1.png": {"intrinsics": {"fx": 1076.2, "fy": 1077.02, "cx": 633.574, "cy": 516.361}, "camera_to_world_matrix": [-0.729274, 0.00365754, -0.684212, -6.48039, -0.684107, 0.0144031, 0.729239, -2.57819, 0.012522, 0.999889, -0.00800172, 1.59885, 0.0, 0.0, 0.0, 1.0]}, "6c49579a5cd34df8acb7f790b74e9eae_d1_2.png": {"intrinsics": {"fx": 1076.2, "fy": 1077.02, "cx": 633.574, "cy": 516.361}, "camera_to_world_matrix": [-0.95716, 0.00676032, 0.289482, -6.48379, 0.289538, 0.00977451, 0.957117, -2.57899, 0.00364085, 0.999929, -0.0113132, 1.59886, 0.0, 0.0, 0.0, 1.0]}, "6c49579a5cd34df8acb7f790b74e9eae_d1_3.png": {"intrinsics": {"fx": 1076.2, "fy": 1077.02, "cx": 633.574, "cy": 516.361}, "camera_to_world_matrix": [-0.227858, 0.004303, 0.973685, -6.48619, 0.973687, 0.00477332, 0.227837, -2.57644, -0.00366734, 0.999979, -0.00527746, 1.59884, 0.0, 0.0, 0.0, 1.0]}, "6c49579a5cd34df8acb7f790b74e9eae_d1_4.png": {"intrinsics": {"fx": 1076.2, "fy": 1077.02, "cx": 633.574, "cy": 516.361}, "camera_to_world_matrix": [0.729313, -0.00125704, 0.684179, -6.48517, 0.684177, 0.00440085, -0.729303, -2.57309, -0.00209422, 0.999989, 0.00406959, 1.59881, 0.0, 0.0, 0.0, 1.0]}, "6c49579a5cd34df8acb7f790b74e9eae_d1_5.png": {"intrinsics": {"fx": 1076.2, "fy": 1077.02, "cx": 633.574, "cy": 516.361}, "camera_to_world_matrix": [0.957161, -0.00435964, -0.289524, -6.48177, -0.289477, 0.00902959, -0.957142, -2.57229, 0.00678706, 0.99995, 0.00738071, 1.5988, 0.0, 0.0, 0.0, 1.0]}, "6c49579a5cd34df8acb7f790b74e9eae_d2_0.png": {"intrinsics": {"fx": 1071.62, "fy": 1072.36, "cx": 645.807, "cy": 517.285}, "camera_to_world_matrix": [0.235449, 0.645356, -0.726691, -6.46857, -0.97176, 0.168377, -0.16532, -2.57201, 0.015668, 0.745094, 0.666775, 1.63203, 0.0, 0.0, 0.0, 1.0]}, "6c49579a5cd34df8acb7f790b74e9eae_d2_1.png": {"intrinsics": {"fx": 1071.62, "fy": 1072.36, "cx": 645.807, "cy": 517.285}, "camera_to_world_matrix": [-0.72394, 0.462866, -0.511534, -6.47278, -0.689718, -0.470399, 0.550468, -2.58594, 0.0141678, 0.751319, 0.659787, 1.63217, 0.0, 0.0, 0.0, 1.0]}, "6c49579a5cd34df8acb7f790b74e9eae_d2_2.png": {"intrinsics": {"fx": 1071.62, "fy": 1072.36, "cx": 645.807, "cy": 517.285}, "camera_to_world_matrix": [-0.959364, -0.181603, 0.215966, -6.48695, 0.282122, -0.631738, 0.722021, -2.58925, 0.00531266, 0.75361, 0.657301, 1.63221, 0.0, 0.0, 0.0, 1.0]}, "6c49579a5cd34df8acb7f790b74e9eae_d2_3.png": {"intrinsics": {"fx": 1071.62, "fy": 1072.36, "cx": 645.807, "cy": 517.285}, "camera_to_world_matrix": [-0.235394, -0.643568, 0.728293, -6.49691, 0.971898, -0.154297, 0.177783, -2.57864, -0.00204203, 0.749675, 0.661803, 1.63213, 0.0, 0.0, 0.0, 1.0]}, "6c49579a5cd34df8acb7f790b74e9eae_d2_4.png": {"intrinsics": {"fx": 1071.62, "fy": 1072.36, "cx": 645.807, "cy": 517.285}, "camera_to_world_matrix": [0.723983, -0.461053, 0.513107, -6.49269, 0.689818, 0.484471, -0.537996, -2.56471, -0.000541435, 0.74345, 0.668791, 1.63199, 0.0, 0.0, 0.0, 1.0]}, "6c49579a5cd34df8acb7f790b74e9eae_d2_5.png": {"intrinsics": {"fx": 1071.62, "fy": 1072.36, "cx": 645.807, "cy": 517.285}, "camera_to_world_matrix": [0.959369, 0.183423, -0.2144, -6.47853, -0.282032, 0.645785, -0.709521, -2.5614, 0.00831385, 0.74116, 0.671277, 1.63194, 0.0, 0.0, 0.0, 1.0]}, "71bf74df73cd4e24a191ef4f2338ca22_d0_0.png": {"intrinsics": {"fx": 1071.19, "fy": 1072.12, "cx": 636.01, "cy": 519.878}, "camera_to_world_matrix": [-0.813986, 0.395917, 0.425061, 0.115315, 0.580872, 0.549975, 0.600096, -0.0186283, 0.00381475, 0.735376, -0.677649, 1.53906, 0.0, 0.0, 0.0, 1.0]}, "71bf74df73cd4e24a191ef4f2338ca22_d0_1.png": {"intrinsics": {"fx": 1071.19, "fy": 1072.12, "cx": 636.01, "cy": 519.878}, "camera_to_world_matrix": [0.095984, 0.671463, 0.734795, 0.109186, 0.995329, -0.057037, -0.0778956, -0.00543238, -0.0103935, 0.73884, -0.673801, 1.53898, 0.0, 0.0, 0.0, 1.0]}, "71bf74df73cd4e24a191ef4f2338ca22_d0_2.png": {"intrinsics": {"fx": 1071.19, "fy": 1072.12, "cx": 636.01, "cy": 519.878}, "camera_to_world_matrix": [0.90998, 0.28357, 0.302529, 0.117548, 0.414447, -0.599109, -0.685057, 0.00647239, -0.0130137, 0.74877, -0.662702, 1.53877, 0.0, 0.0, 0.0, 1.0]}, "71bf74df73cd4e24a191ef4f2338ca22_d0_3.png": {"intrinsics": {"fx": 1071.19, "fy": 1072.12, "cx": 636.01, "cy": 519.878}, "camera_to_world_matrix": [0.813989, -0.379861, -0.439462, 0.13204, -0.580878, -0.534156, -0.614213, 0.00518099, -0.0014257, 0.755237, -0.65545, 1.53862, 0.0, 0.0, 0.0, 1.0]}, "71bf74df73cd4e24a191ef4f2338ca22_d0_4.png": {"intrinsics": {"fx": 1071.19, "fy": 1072.12, "cx": 636.01, "cy": 519.878}, "camera_to_world_matrix": [-0.0959971, -0.655384, -0.74917, 0.138169, -0.995299, 0.072867, 0.0637907, -0.00801516, 0.0127823, 0.751772, -0.659299, 1.5387, 0.0, 0.0, 0.0, 1.0]}, "71bf74df73cd4e24a191ef4f2338ca22_d0_5.png": {"intrinsics": {"fx": 1071.19, "fy": 1072.12, "cx": 636.01, "cy": 519.878}, "camera_to_world_matrix": [-0.909971, -0.26747, -0.31688, 0.129806, -0.414386, 0.614923, 0.670935, -0.0199196, 0.015402, 0.741842, -0.670398, 1.53891, 0.0, 0.0, 0.0, 1.0]}, "71bf74df73cd4e24a191ef4f2338ca22_d1_0.png": {"intrinsics": {"fx": 1076.2, "fy": 1077.02, "cx": 633.574, "cy": 516.361}, "camera_to_world_matrix": [-0.818192, 0.0161801, 0.574718, 0.122024, 0.574891, 0.00921252, 0.818178, -0.0092347, 0.00794362, 0.999827, -0.0168395, 1.57214, 0.0, 0.0, 0.0, 1.0]}, "71bf74df73cd4e24a191ef4f2338ca22_d1_1.png": {"intrinsics": {"fx": 1076.2, "fy": 1077.02, "cx": 633.574, "cy": 516.361}, "camera_to_world_matrix": [0.0886856, 0.0122799, 0.995984, 0.12055, 0.99604, 0.00523332, -0.0887551, -0.00606043, -0.00630222, 0.999911, -0.0117672, 1.57212, 0.0, 0.0, 0.0, 1.0]}, "71bf74df73cd4e24a191ef4f2338ca22_d1_2.png": {"intrinsics": {"fx": 1076.2, "fy": 1077.02, "cx": 633.574, "cy": 516.361}, "camera_to_world_matrix": [0.906931, 0.00688335, 0.421222, 0.122562, 0.421182, 0.00662188, -0.906952, -0.00319673, -0.00903217, 0.999954, 0.00310641, 1.57207, 0.0, 0.0, 0.0, 1.0]}, "71bf74df73cd4e24a191ef4f2338ca22_d1_3.png": {"intrinsics": {"fx": 1076.2, "fy": 1077.02, "cx": 633.574, "