{"0122260ae9164324a5062f6d1059c06e_d0_0.png": {"intrinsics": {"fx": 1076.93, "fy": 1077.38, "cx": 636.03, "cy": 518.158}, "camera_to_world_matrix": [-0.0222644, 0.657647, 0.752997, -18.6002, 0.999713, 0.0213116, 0.0109462, 23.2997, -0.00884889, 0.753025, -0.657933, 1.39189, 0.0, 0.0, 0.0, 1.0]}, "0122260ae9164324a5062f6d1059c06e_d0_1.png": {"intrinsics": {"fx": 1076.93, "fy": 1077.38, "cx": 636.03, "cy": 518.158}, "camera_to_world_matrix": [0.854582, 0.333102, 0.398414, -18.5933, 0.519259, -0.559535, -0.64598, 23.3125, 0.00774883, 0.758923, -0.651135, 1.39176, 0.0, 0.0, 0.0, 1.0]}, "0122260ae9164324a5062f6d1059c06e_d0_2.png": {"intrinsics": {"fx": 1076.93, "fy": 1077.38, "cx": 636.03, "cy": 518.158}, "camera_to_world_matrix": [0.876753, -0.33219, -0.347786, -18.5787, -0.480351, -0.568988, -0.66747, 23.3129, 0.0238407, 0.752265, -0.658429, 1.3919, 0.0, 0.0, 0.0, 1.0]}, "0122260ae9164324a5062f6d1059c06e_d0_3.png": {"intrinsics": {"fx": 1076.93, "fy": 1077.38, "cx": 636.03, "cy": 518.158}, "camera_to_world_matrix": [0.0220772, -0.672922, -0.739384, -18.5711, -0.999484, 0.00240572, -0.0320329, 23.3005, 0.0233344, 0.73971, -0.672521, 1.39218, 0.0, 0.0, 0.0, 1.0]}, "0122260ae9164324a5062f6d1059c06e_d0_4.png": {"intrinsics": {"fx": 1076.93, "fy": 1077.38, "cx": 636.03, "cy": 518.158}, "camera_to_world_matrix": [-0.85475, -0.348354, -0.384775, -18.5781, -0.518996, 0.58324, 0.62488, 23.2877, 0.00673628, 0.733812, -0.679319, 1.39231, 0.0, 0.0, 0.0, 1.0]}, "0122260ae9164324a5062f6d1059c06e_d0_5.png": {"intrinsics": {"fx": 1076.93, "fy": 1077.38, "cx": 636.03, "cy": 518.158}, "camera_to_world_matrix": [-0.876882, 0.316938, 0.361425, -18.5926, 0.480615, 0.592667, 0.64634, 23.2873, -0.00935516, 0.74047, -0.672024, 1.39217, 0.0, 0.0, 0.0, 1.0]}, "0122260ae9164324a5062f6d1059c06e_d1_0.png": {"intrinsics": {"fx": 1069.52, "fy": 1069.96, "cx": 618.287, "cy": 508.832}, "camera_to_world_matrix": [-0.0257723, -0.0070626, 0.999643, -18.5895, 0.999606, 0.0110067, 0.0258492, 23.3005, -0.0111854, 0.999915, 0.00677676, 1.42524, 0.0, 0.0, 0.0, 1.0]}, "0122260ae9164324a5062f6d1059c06e_d1_1.png": {"intrinsics": {"fx": 1069.52, "fy": 1069.96, "cx": 618.287, "cy": 508.832}, "camera_to_world_matrix": [0.852779, -0.0128575, 0.522115, -18.5878, 0.522246, 0.0106933, -0.852729, 23.3036, 0.00538068, 0.99986, 0.0158345, 1.42521, 0.0, 0.0, 0.0, 1.0]}, "0122260ae9164324a5062f6d1059c06e_d1_2.png": {"intrinsics": {"fx": 1069.52, "fy": 1069.96, "cx": 618.287, "cy": 508.832}, "camera_to_world_matrix": [0.878481, -0.0160255, -0.477509, -18.5843, -0.477294, 0.0155549, -0.878607, 23.3037, 0.0215075, 0.999751, 0.00601642, 1.42525, 0.0, 0.0, 0.0, 1.0]}, "0122260ae9164324a5062f6d1059c06e_d1_3.png": {"intrinsics": {"fx": 1069.52, "fy": 1069.96, "cx": 618.287, "cy": 508.832}, "camera_to_world_matrix": [0.0256322, -0.0133984, -0.999582, -18.5825, -0.99945, 0.0207296, -0.0259068, 23.3007, 0.0210679, 0.999696, -0.0128591, 1.42531, 0.0, 0.0, 0.0, 1.0]}, "0122260ae9164324a5062f6d1059c06e_d1_4.png": {"intrinsics": {"fx": 1069.52, "fy": 1069.96, "cx": 618.287, "cy": 508.832}, "camera_to_world_matrix": [-0.8529, -0.00760347, -0.52202, -18.5842, -0.522055, 0.0210427, 0.852652, 23.2976, 0.00450142, 0.99975, -0.0219161, 1.42534, 0.0, 0.0, 0.0, 1.0]}, "0122260ae9164324a5062f6d1059c06e_d1_5.png": {"intrinsics": {"fx": 1069.52, "fy": 1069.96, "cx": 618.287, "cy": 508.832}, "camera_to_world_matrix": [-0.878564, -0.00443572, 0.477606, -18.5877, 0.477485, 0.016181, 0.878492, 23.2976, -0.0116251, 0.99986, -0.0120975, 1.42531, 0.0, 0.0, 0.0, 1.0]}, "0122260ae9164324a5062f6d1059c06e_d2_0.png": {"intrinsics": {"fx": 1070.07, "fy": 1070.53, "cx": 629.118, "cy": 508.749}, "camera_to_world_matrix": [-0.024654, -0.670934, 0.741107, -18.6009, 0.999559, -0.00429277, 0.0293649, 23.3008, -0.0165203, 0.741505, 0.670743, 1.45838, 0.0, 0.0, 0.0, 1.0]}, "0122260ae9164324a5062f6d1059c06e_d2_1.png": {"intrinsics": {"fx": 1070.07, "fy": 1070.53, "cx": 629.118, "cy": 508.749}, "camera_to_world_matrix": [0.853398, -0.353194, 0.38336, -18.5939, 0.521259, 0.578166, -0.627704, 23.3136, 5.56207e-05, 0.735512, 0.677511, 1.45825, 0.0, 0.0, 0.0, 1.0]}, "0122260ae9164324a5062f6d1059c06e_d2_2.png": {"intrinsics": {"fx": 1070.07, "fy": 1070.53, "cx": 629.118, "cy": 508.749}, "camera_to_world_matrix": [0.878037, 0.310093, -0.364544, -18.5794, -0.478318, 0.594319, -0.646526, 23.3139, 0.0161722, 0.742042, 0.670156, 1.45839, 0.0, 0.0, 0.0, 1.0]}, "0122260ae9164324a5062f6d1059c06e_d2_3.png": {"intrinsics": {"fx": 1070.07, "fy": 1070.53, "cx": 629.118, "cy": 508.749}, "camera_to_world_matrix": [0.0246233, 0.655626, -0.754684, -18.5718, -0.999573, 0.0280113, -0.00827824, 23.3015, 0.0157125, 0.754566, 0.656035, 1.45867, 0.0, 0.0, 0.0, 1.0]}, "0122260ae9164324a5062f6d1059c06e_d2_4.png": {"intrinsics": {"fx": 1070.07, "fy": 1070.53, "cx": 629.118, "cy": 508.749}, "camera_to_world_matrix": [-0.85341, 0.337863, -0.396911, -18.5787, -0.521238, -0.554436, 0.648777, 23.2887, -0.000863842, 0.760559, 0.649267, 1.4588, 0.0, 0.0, 0.0, 1.0]}, "0122260ae9164324a5062f6d1059c06e_d2_5.png": {"intrinsics": {"fx": 1070.07, "fy": 1070.53, "cx": 629.118, "cy": 508.749}, "camera_to_world_matrix": [-0.87801, -0.325425, 0.350994, -18.5933, 0.47834, -0.570562, 0.66757, 23.2884, -0.01698, 0.754027, 0.656622, 1.45865, 0.0, 0.0, 0.0, 1.0]}, "03b95e03d2724a4fad746c4716c38fe8_d0_0.png": {"intrinsics": {"fx": 1076.93, "fy": 1077.38, "cx": 636.03, "cy": 518.158}, "camera_to_world_matrix": [0.695334, -0.50049, -0.515771, -7.33792, -0.718373, -0.462823, -0.519361, 4.22074, 0.0212244, 0.731645, -0.681355, 0.976633, 0.0, 0.0, 0.0, 1.0]}, "03b95e03d2724a4fad746c4716c38fe8_d0_1.png": {"intrinsics": {"fx": 1076.93, "fy": 1077.38, "cx": 636.03, "cy": 518.158}, "camera_to_world_matrix": [-0.274263, -0.657148, -0.702094, -7.33433, -0.961644, 0.183865, 0.203558, 4.20664, -0.00467742, 0.730992, -0.68237, 0.976652, 0.0, 0.0, 0.0, 1.0]}, "03b95e03d2724a4fad746c4716c38fe8_d0_2.png": {"intrinsics": {"fx": 1076.93, "fy": 1077.38, "cx": 636.03, "cy": 518.158}, "camera_to_world_matrix": [-0.969775, -0.175615, -0.169398, -7.34474, -0.243286, 0.642841, 0.726339, 4.19648, -0.0186596, 0.745597, -0.666135, 0.976335, 0.0, 0.0, 0.0, 1.0]}, "03b95e03d2724a4fad746c4716c38fe8_d0_3.png": {"intrinsics": {"fx": 1076.93, "fy": 1077.38, "cx": 636.03, "cy": 518.158}, "camera_to_world_matrix": [-0.695675, 0.462566, 0.549609, -7.35875, 0.718325, 0.455119, 0.52619, 4.20042, -0.0067399, 0.760855, -0.648888, 0.976, 0.0, 0.0, 0.0, 1.0]}, "03b95e03d2724a4fad746c4716c38fe8_d0_4.png": {"intrinsics": {"fx": 1076.93, "fy": 1077.38, "cx": 636.03, "cy": 518.158}, "camera_to_world_matrix": [0.273932, 0.619199, 0.735904, -7.36234, 0.961558, -0.191575, -0.196736, 4.21452, 0.0191619, 0.761506, -0.647874, 0.975981, 0.0, 0.0, 0.0, 1.0]}, "03b95e03d2724a4fad746c4716c38fe8_d0_5.png": {"intrinsics": {"fx": 1076.93, "fy": 1077.38, "cx": 636.03, "cy": 518.158}, "camera_to_world_matrix": [0.969416, 0.137647, 0.203187, -7.35192, 0.243174, -0.650532, -0.719496, 4.22468, 0.0331433, 0.746901, -0.664109, 0.976298, 0.0, 0.0, 0.0, 1.0]}, "03b95e03d2724a4fad746c4716c38fe8_d1_0.png": {"intrinsics": {"fx": 1069.52, "fy": 1069.96, "cx": 618.287, "cy": 508.832}, "camera_to_world_matrix": [0.697935, -0.03104, -0.715489, -7.34667, -0.71591, -0.00373312, -0.698184, 4.21285, 0.0190004, 0.999511, -0.0248267, 1.00963, 0.0, 0.0, 0.0, 1.0]}, "03b95e03d2724a4fad746c4716c38fe8_d1_1.png": {"intrinsics": {"fx": 1069.52, "fy": 1069.96, "cx": 618.287, "cy": 508.832}, "camera_to_world_matrix": [-0.270811, -0.0270026, -0.962254, -7.34581, -0.962608, 0.000434189, 0.270898, 4.20946, -0.00689731, 0.999636, -0.0261099, 1.00964, 0.0, 0.0, 0.0, 1.0]}, "03b95e03d2724a4fad746c4716c38fe8_d1_2.png": {"intrinsics": {"fx": 1069.52, "fy": 1069.96, "cx": 618.287, "cy": 508.832}, "camera_to_world_matrix": [-0.968865, -0.0213756, -0.246667, -7.34832, -0.246703, -0.00098026, 0.969091, 4.20702, -0.0209569, 0.999771, -0.00432306, 1.00956, 0.0, 0.0, 0.0, 1.0]}, "03b95e03d2724a4fad746c4716c38fe8_d1_3.png": {"intrinsics": {"fx": 1069.52, "fy": 1069.96, "cx": 618.287, "cy": 508.832}, "camera_to_world_matrix": [-0.698158, -0.0197861, 0.71567, -7.35168, 0.715886, -0.00656199, 0.698187, 4.20797, -0.00911832, 0.999783, 0.0187465, 1.00948, 0.0, 0.0, 0.0, 1.0]}, "03b95e03d2724a4fad746c4716c38fe8_d1_4.png": {"intrinsics": {"fx": 1069.52, "fy": 1069.96, "cx": 618.287, "cy": 508.832}, "camera_to_world_matrix": [0.270597, -0.0238236, 0.962398, -7.35255, 0.962547, -0.0107291, -0.270904, 4.21136, 0.0167795, 0.999659, 0.0200287, 1.00947, 0.0, 0.0, 0.0, 1.0]}, "03b95e03d2724a4fad746c4716c38fe8_d1_5.png": {"intrinsics": {"fx": 1069.52, "fy": 1069.96, "cx": 618.287, "cy": 508.832}, "camera_to_world_matrix": [0.968624, -0.0294506, 0.246783, -7.35004, 0.246614, -0.00931447, -0.969069, 4.2138, 0.0308382, 0.999523, -0.00175869, 1.00955, 0.0, 0.0, 0.0, 1.0]}, "03b95e03d2724a4fad746c4716c38fe8_d2_0.png": {"intrinsics": {"fx": 1070.07, "fy": 1070.53, "cx": 629.118, "cy": 508.749}, "camera_to_world_matrix": [0.697316, 0.456483, -0.552605, -7.33961, -0.716633, 0.458682, -0.525402, 4.2204, 0.0136331, 0.762387, 0.646977, 1.04311, 0.0, 0.0, 0.0, 1.0]}, "03b95e03d2724a4fad746c4716c38fe8_d2_1.png": {"intrinsics": {"fx": 1070.07, "fy": 1070.53, "cx": 629.118, "cy": 508.749}, "camera_to_world_matrix": [-0.271702, 0.619228, -0.736705, -7.33602, -0.962303, -0.184565, 0.199771, 4.2063, -0.0122663, 0.763212, 0.646031, 1.04313, 0.0, 0.0, 0.0, 1.0]}, "03b95e03d2724a4fad746c4716c38fe8_d2_2.png": {"intrinsics": {"fx": 1070.07, "fy": 1070.53, "cx": 629.118, "cy": 508.749}, "camera_to_world_matrix": [-0.969002, 0.143717, -0.200946, -7.34643, -0.245646, -0.647094, 0.721753, 4.19614, -0.0263028, 0.748742, 0.662339, 1.04281, 0.0, 0.0, 0.0, 1.0]}, "03b95e03d2724a4fad746c4716c38fe8_d2_3.png": {"intrinsics": {"fx": 1070.07, "fy": 1070.53, "cx": 629.118, "cy": 508.749}, "camera_to_world_matrix": [-0.697268, -0.494528, 0.518901, -7.36044, 0.716664, -0.466366, 0.51855, 4.20008, -0.0144396, 0.733447, 0.679592, 1.04248, 0.0, 0.0, 0.0, 1.0]}, "03b95e03d2724a4fad746c4716c38fe8_d2_4.png": {"intrinsics": {"fx": 1070.07, "fy": 1070.53, "cx": 629.118, "cy": 508.749}, "camera_to_world_matrix": [0.27176, -0.657248, 0.702973, -7.36403, 0.962296, 0.176888, -0.20663, 4.21418, 0.0114598, 0.732623, 0.680537, 1.04246, 0.0, 0.0, 0.0, 1.0]}, "03b95e03d2724a4fad746c4716c38fe8_d2_5.png": {"intrinsics": {"fx": 1070.07, "fy": 1070.53, "cx": 629.118, "cy": 508.749}, "camera_to_world_matrix": [0.969032, -0.181719, 0.167193, -7.35361, 0.245612, 0.639398, -0.728591, 4.22434, 0.0254955, 0.747093, 0.664229, 1.04278, 0.0, 0.0, 0.0, 1.0]}, "056a491afa534b17bac36f4f5898462a_d0_0.png": {"intrinsics": {"fx": 1076.93, "fy": 1077.38, "cx": 636.03, "cy": 518.158}, "camera_to_world_matrix": [0.920496, 0.259494, 0.292147, -16.0746, 0.390725, -0.620033, -0.680363, 20.4702, 0.00459019, 0.740421, -0.672128, 1.62589, 0.0, 0.0, 0.0, 1.0]}, "056a491afa534b17bac36f4f5898462a_d0_1.png": {"intrinsics": {"fx": 1076.93, "fy": 1077.38, "cx": 636.03, "cy": 518.158}, "camera_to_world_matrix": [0.798654, -0.400248, -0.449394, -16.0601, -0.601788, -0.533623, -0.59422, 20.4685, -0.00197139, 0.745016, -0.667044, 1.62579, 0.0, 0.0, 0.0, 1.0]}, "056a491afa534b17bac36f4f5898462a_d0_2.png": {"intrinsics": {"fx": 1076.93, "fy": 1077.38, "cx": 636.03, "cy": 518.158}, "camera_to_world_matrix": [-0.121817, -0.655252, -0.745524, -16.0544, -0.992553, 0.0809365, 0.0910451, 20.4552, 0.000682608, 0.751062, -0.660231, 1.62565, 0.0, 0.0, 0.0, 1.0]}, "056a491afa534b17bac36f4f5898462a_d0_3.png": {"intrinsics": {"fx": 1076.93, "fy": 1077.38, "cx": 636.03, "cy": 518.158}, "camera_to_world_matrix": [-0.920425, -0.250509, -0.300107, -16.0631, -0.390795, 0.609073, 0.690152, 20.4435, 0.009898, 0.752513, -0.658503, 1.62562, 0.0, 0.0, 0.0, 1.0]}, "056a491afa534b17bac36f4f5898462a_d0_4.png": {"intrinsics": {"fx": 1076.93, "fy": 1077.38, "cx": 636.03, "cy": 518.158}, "camera_to_world_matrix": [-0.798543, 0.40923, 0.44143, -16.0776, 0.601713, 0.522637, 0.60398, 20.4452, 0.0164593, 0.747918, -0.663587, 1.62572, 0.0, 0.0, 0.0, 1.0]}, "056a491afa534b17bac36f4f5898462a_d0_5.png": {"intrinsics": {"fx": 1076.93, "fy": 1077.38, "cx": 636.03, "cy": 518.158}, "camera_to_world_matrix": [0.121943, 0.66421, 0.737533, -16.0833, 0.992441, -0.0919323, -0.0812968, 20.4586, 0.013805, 0.741872, -0.6704, 1.62585, 0.0, 0.0, 0.0, 1.0]}, "056a491afa534b17bac36f4f5898462a_d1_0.png": {"intrinsics": {"fx": 1069.52, "fy": 1069.96, "cx": 618.287, "cy": 508.832}, "camera_to_world_matrix": [0.91911, 0.00265828, 0.393994, -16.07, 0.393996, -0.0120908, -0.919033, 20.4598, 0.0023205, 0.999924, -0.0121595, 1.65903, 0.0, 0.0, 0.0, 1.0]}, "056a491afa534b17bac36f4f5898462a_d1_1.png": {"intrinsics": {"fx": 1069.52, "fy": 1069.96, "cx": 618.287, "cy": 508.832}, "camera_to_world_matrix": [0.800772, 0.000222523, -0.59897, -16.0665, -0.598955, -0.00682331, -0.800754, 20.4594, -0.0042653, 0.999977, -0.00533002, 1.65901, 0.0, 0.0, 0.0, 1.0]}, "056a491afa534b17bac36f4f5898462a_d1_2.png": {"intrinsics": {"fx": 1069.52, "fy": 1069.96, "cx": 618.287, "cy": 508.832}, "camera_to_world_matrix": [-0.118326, 0.00356663, -0.992969, -16.0652, -0.992974, -0.00207999, 0.118319, 20.4562, -0.00164352, 0.999992, 0.0037883, 1.65898, 0.0, 0.0, 0.0, 1.0]}, "056a491afa534b17bac36f4f5898462a_d1_3.png": {"intrinsics": {"fx": 1069.52, "fy": 1069.96, "cx": 618.287, "cy": 508.832}, "camera_to_world_matrix": [-0.919066, 0.00934642, -0.393995, -16.0673, -0.394033, -0.00260428, 0.919093, 20.4534, 0.007564, 0.999953, 0.00607691, 1.65897, 0.0, 0.0, 0.0, 1.0]}, "056a491afa534b17bac36f4f5898462a_d1_4.png": {"intrinsics": {"fx": 1069.52, "fy": 1069.96, "cx": 618.287, "cy": 508.832}, "camera_to_world_matrix": [-0.800689, 0.011782, 0.598965, -16.0707, 0.598914, -0.00787188, 0.800776, 20.4538, 0.0141495, 0.9999, -0.000752842, 1.65899, 0.0, 0.0, 0.0, 1.0]}, "056a491afa534b17bac36f4f5898462a_d1_5.png": {"intrinsics": {"fx": 1069.52, "fy": 1069.96, "cx": 618.287, "cy": 508.832}, "camera_to_world_matrix": [0.118425, 0.00843768, 0.992928, -16.0721, 0.992897, -0.0126151, -0.118313, 20.457, 0.0115274, 0.999885, -0.00987106, 1.65903, 0.0, 0.0, 0.0, 1.0]}, "056a491afa534b17bac36f4f5898462a_d2_0.png": {"intrinsics": {"fx": 1070.07, "fy": 1070.53, "cx": 629.118, "cy": 508.749}, "camera_to_world_matrix": [0.919506, -0.256004, 0.298275, -16.0742, 0.393061, 0.604707, -0.692699, 20.4698, -0.00303508, 0.754182, 0.656657, 1.69238, 0.0, 0.0, 0.0, 1.0]}, "056a491afa534b17bac36f4f5898462a_d2_1.png": {"intrinsics": {"fx": 1070.07, "fy": 1070.53, "cx": 629.118, "cy": 508.749}, "camera_to_world_matrix": [0.800111, 0.402717, -0.444569, -16.0597, -0.599774, 0.525216, -0.60367, 20.468, -0.00961369, 0.749644, 0.66177, 1.69228, 0.0, 0.0, 0.0, 1.0]}, "056a491afa534b17bac36f4f5898462a_d2_2.png": {"intrinsics": {"fx": 1070.07, "fy": 1070.53, "cx": 629.118, "cy": 508.749}, "camera_to_world_matrix": [-0.119416, 0.663203, -0.738851, -16.054, -0.992819, -0.085, 0.0841672, 20.4547, -0.00698217, 0.743597, 0.668591, 1.69215, 0.0, 0.0, 0.0, 1.0]}, "056a491afa534b17bac36f4f5898462a_d2_3.png": {"intrinsics": {"fx": 1070.07, "fy": 1070.53, "cx": 629.118, "cy": 508.749}, "camera_to_world_matrix": [-0.919527, 0.264962, -0.290283, -16.0627, -0.39302, -0.615712, 0.68296, 20.443, 0.00222787, 0.742088, 0.670298, 1.69212, 0.0, 0.0, 0.0, 1.0]}, "056a491afa534b17bac36f4f5898462a_d2_4.png": {"intrinsics": {"fx": 1070.07, "fy": 1070.53, "cx": 629.118, "cy": 508.749}, "camera_to_world_matrix": [-0.800092, -0.393757, 0.452557, -16.0772, 0.599812, -0.536195, 0.593902, 20.4447, 0.00880619, 0.746626, 0.665185, 1.69222, 0.0, 0.0, 0.0, 1.0]}, "056a491afa534b17bac36f4f5898462a_d2_5.png": {"intrinsics": {"fx": 1070.07, "fy": 1070.53, "cx": 629.118, "cy": 508.749}, "camera_to_world_matrix": [0.11945, -0.654219, 0.746813, -16.0829, 0.99282, 0.0740314, -0.0939468, 20.4581, 0.00617436, 0.752673, 0.658364, 1.69235, 0.0, 0.0, 0.0, 1.0]}, "06b17838515a447cb6147f06dd358811_d0_0.png": {"intrinsics": {"fx": 1076.93, "fy": 1077.38, "cx": 636.03, "cy": 518.158}, "camera_to_world_matrix": [0.595753, -0.546534, -0.588539, -12.7104, -0.803033, -0.391893, -0.448953, 17.3914, 0.014724, 0.740081, -0.672356, 1.61198, 0.0, 0.0, 0.0, 1.0]}, "06b17838515a447cb6147f06dd358811_d0_1.png": {"intrinsics": {"fx": 1076.93, "fy": 1077.38, "cx": 636.03, "cy": 518.158}, "camera_to_world_matrix": [-0.397579, -0.617361, -0.67882, -12.7087, -0.917564, 0.269718, 0.292111, 17.377, 0.00275244, 0.738998, -0.673702, 1.612, 0.0, 0.0, 0.0, 1.0]}, "06b17838515a447cb6147f06dd358811_d0_2.png": {"intrinsics": {"fx": 1076.93, "fy": 1077.38, "cx": 636.03, "cy": 518.158}, "camera_to_world_matrix": [-0.993411, -0.0798383, -0.0822209, -12.7203, -0.114508, 0.661861, 0.740829, 17.3682, -0.00472766, 0.745363, -0.666643, 1.61187, 0.0, 0.0, 0.0, 1.0]}, "06b17838515a447cb6147f06dd358811_d0_3.png": {"intrinsics": {"fx": 1076.93, "fy": 1077.38, "cx": 636.03, "cy": 518.158}, "camera_to_world_matrix": [-0.595897, 0.528498, 0.604645, -12.7337, 0.803061, 0.392384, 0.448473, 17.374, -0.000236182, 0.752811, -0.658237, 1.6117, 0.0, 0.0, 0.0, 1.0]}, "06b17838515a447cb6147f06dd358811_d0_4.png": {"intrinsics": {"fx": 1076.93, "fy": 1077.38, "cx": 636.03, "cy": 518.158}, "camera_to_world_matrix": [0.39744, 0.599299, 0.694897, -12.7354, 0.917553, -0.26923, -0.292595, 17.3884, 0.0117354, 0.753894, -0.656891, 1.61168, 0.0, 0.0, 0.0, 1.0]}, "06b17838515a447cb6147f06dd358811_d0_5.png": {"intrinsics": {"fx": 1076.93, "fy": 1077.38, "cx": 636.03, "cy": 518.158}, "camera_to_world_matrix": [0.99324, 0.0617611, 0.0982806, -12.7238, 0.114474, -0.661352, -0.741289, 17.3971, 0.0192152, 0.747529, -0.663951, 1.61182, 0.0, 0.0, 0.0, 1.0]}, "06b17838515a447cb6147f06dd358811_d1_0.png": {"intrinsics": {"fx": 1069.52, "fy": 1069.96, "cx": 618.287, "cy": 508.832}, "camera_to_world_matrix": [0.598622, -0.0174857, -0.800841, -12.7197, -0.800935, 0.00248052, -0.598747, 17.3848, 0.0124558, 0.999844, -0.0125194, 1.64512, 0.0, 0.0, 0.0, 1.0]}, "06b17838515a447cb6147f06dd358811_d1_1.png": {"intrinsics": {"fx": 1069.52, "fy": 1069.96, "cx": 618.287, "cy": 508.832}, "camera_to_world_matrix": [-0.394314, -0.0129371, -0.918885, -12.7192, -0.918976, 0.00608474, 0.394267, 17.3813, 0.00049034, 0.999898, -0.0142876, 1.64513, 0.0, 0.0, 0.0, 1.0]}, "06b17838515a447cb6147f06dd358811_d1_2.png": {"intrinsics": {"fx": 1069.52, "fy": 1069.96, "cx": 618.287, "cy": 508.832}, "camera_to_world_matrix": [-0.992987, -0.00754181, -0.117987, -12.722, -0.118019, 0.00394737, 0.993004, 17.3792, -0.00702346, 0.999964, -0.00480916, 1.64509, 0.0, 0.0, 0.0, 1.0]}, "06b17838515a447cb6147f06dd358811_d1_3.png": {"intrinsics": {"fx": 1069.52, "fy": 1069.96, "cx": 618.287, "cy": 508.832}, "camera_to_world_matrix": [-0.598711, -0.00669512, 0.800938, -12.7253, 0.800962, -0.00179417, 0.598713, 17.3806, -0.0025716, 0.999976, 0.00643733, 1.64506, 0.0, 0.0, 0.0, 1.0]}, "06b17838515a447cb6147f06dd358811_d1_4.png": {"intrinsics": {"fx": 1069.52, "fy": 1069.96, "cx": 618.287, "cy": 508.832}, "camera_to_world_matrix": [0.39423, -0.0112438, 0.918943, -12.7257, 0.918964, -0.00539821, -0.394305, 17.3841, 0.00939397, 0.999923, 0.00820511, 1.64505, 0.0, 0.0, 0.0, 1.0]}, "06b17838515a447cb6147f06dd358811_d1_5.png": {"intrinsics": {"fx": 1069.52, "fy": 1069.96, "cx": 618.287, "cy": 508.832}, "camera_to_world_matrix": [0.992872, -0.016639, 0.118022, -12.7229, 0.117983, -0.00326063, -0.993011, 17.3862, 0.0169074, 0.999857, -0.00127364, 1.64508, 0.0, 0.0, 0.0, 1.0]}, "06b17838515a447cb6147f06dd358811_d2_0.png": {"intrinsics": {"fx": 1070.07, "fy": 1070.53, "cx": 629.118, "cy": 508.749}, "camera_to_world_matrix": [0.597841, 0.522955, -0.607539, -12.7112, -0.801582, 0.396715, -0.447304, 17.3914, 0.00710013, 0.75441, 0.656363, 1.67847, 0.0, 0.0, 0.0, 1.0]}, "06b17838515a447cb6147f06dd358811_d2_1.png": {"intrinsics": {"fx": 1070.07, "fy": 1070.53, "cx": 629.118, "cy": 508.749}, "camera_to_world_matrix": [-0.395231, 0.600267, -0.695321, -12.7095, -0.918568, -0.26228, 0.295704, 17.377, -0.00486739, 0.755571, 0.655047, 1.6785, 0.0, 0.0, 0.0, 1.0]}, "06b17838515a447cb6147f06dd358811_d2_2.png": {"intrinsics": {"fx": 1070.07, "fy": 1070.53, "cx": 629.118, "cy": 508.749}, "camera_to_world_matrix": [-0.993058, 0.0682526, -0.0957881, -12.7211, -0.116965, -0.658732, 0.74323, 17.3683, -0.0123712, 0.749275, 0.662143, 1.67836, 0.0, 0.0, 0.0, 1.0]}, "06b17838515a447cb6147f06dd358811_d2_3.png": {"intrinsics": {"fx": 1070.07, "fy": 1070.53, "cx": 629.118, "cy": 508.749}, "camera_to_world_matrix": [-0.5978, -0.541062, 0.591512, -12.7345, 0.801605, -0.396181, 0.447737, 17.374, -0.0079073, 0.741817, 0.670554, 1.6782, 0.0, 0.0, 0.0, 1.0]}, "06b17838515a447cb6147f06dd358811_d2_4.png": {"intrinsics": {"fx": 1070.07, "fy": 1070.53, "cx": 629.118, "cy": 508.749}, "camera_to_world_matrix": [0.395277, -0.618348, 0.679265, -12.7362, 0.918552, 0.262818, -0.295275, 17.3885, 0.00406026, 0.740656, 0.671871, 1.67817, 0.0, 0.0, 0.0, 1.0]}, "06b17838515a447cb6147f06dd358811_d2_5.png": {"intrinsics": {"fx": 1070.07, "fy": 1070.53, "cx": 629.118, "cy": 508.749}, "camera_to_world_matrix": [0.993072, -0.0863183, 0.0797146, -12.7246, 0.116926, 0.659249, -0.742777, 17.3972, 0.0115637, 0.746953, 0.664775, 1.67831, 0.0, 0.0, 0.0, 1.0]}, "0b932e0fc6994c9b930646e41cf21616_d0_0.png": {"intrinsics": {"fx": 1076.93, "fy": 1077.38, "cx": 636.03, "cy": 518.158}, "camera_to_world_matrix": [-0.610501, -0.507714, -0.607878, -19.0886, -0.792006, 0.395159, 0.465377, 16.6338, 0.00392947, 0.765556, -0.643357, 4.05197, 0.0, 0.0, 0.0, 1.0]}, "0b932e0fc6994c9b930646e41cf21616_d0_1.png": {"intrinsics": {"fx": 1076.93, "fy": 1077.38, "cx": 636.03, "cy": 518.158}, "camera_to_world_matrix": [-0.990706, 0.109584, 0.0805753, -19.102, 0.13249, 0.643407, 0.753972, 16.6282, 0.0307803, 0.75764, -0.651946, 4.05214, 0.0, 0.0, 0.0, 1.0]}, "0b932e0fc6994c9b930646e41cf21616_d0_2.png": {"intrinsics": {"fx": 1076.93, "fy": 1077.38, "cx": 636.03, "cy": 518.158}, "camera_to_world_matrix": [-0.380031, 0.632985, 0.674467, -19.1136, 0.924345, 0.233014, 0.302143, 16.6371, 0.0340915, 0.738264, -0.673649, 4.05256, 0.0, 0.0, 0.0, 1.0]}, "0b932e0fc6994c9b930646e41cf21616_d0_3.png": {"intrinsics": {"fx": 1076.93, "fy": 1077.38, "cx": 636.03, "cy": 518.158}, "camera_to_world_matrix": [0.610836, 0.539077, 0.579893, -19.1117, 0.791687, -0.425618, -0.43827, 16.6515, 0.0105517, 0.726805, -0.686763, 4.05282, 0.0, 0.0, 0.0, 1.0]}, "0b932e0fc6994c9b930646e41cf21616_d0_4.png": {"intrinsics": {"fx": 1076.93, "fy": 1077.38, "cx": 636.03, "cy": 518.158}, "camera_to_world_matrix": [0.991006, -0.0782311, -0.108571, -19.0982, -0.132824, -0.673843, -0.726838, 16.6571, -0.0162988, 0.734722, -0.678173, 4.05265, 0.0, 0.0, 0.0, 1.0]}, "0b932e0fc6994c9b930646e41cf21616_d0_5.png": {"intrinsics": {"fx": 1076.93, "fy": 1077.38, "cx": 636.03, "cy": 518.158}, "camera_to_world_matrix": [0.380299, -0.601616, -0.702446, -19.0867, -0.924656, -0.263429, -0.274986, 16.6482, -0.0196088, 0.754097, -0.65647, 4.05222, 0.0, 0.0, 0.0, 1.0]}, "0b932e0fc6994c9b930646e41cf21616_d1_0.png": {"intrinsics": {"fx": 1069.52, "fy": 1069.96, "cx": 618.287, "cy": 508.832}, "camera_to_world_matrix": [-0.607758, 0.0216064, -0.793829, -19.0966, -0.794122, -0.014615, 0.607584, 16.6398, 0.00152571, 0.99966, 0.0260411, 4.08553, 0.0, 0.0, 0.0, 1.0]}, "0b932e0fc6994c9b930646e41cf21616_d1_1.png": {"intrinsics": {"fx": 1069.52, "fy": 1069.96, "cx": 618.287, "cy": 508.832}, "camera_to_world_matrix": [-0.991233, 0.0263105, 0.129484, -19.0999, 0.129037, -0.01801, 0.991476, 16.6385, 0.0284181, 0.999492, 0.0144576, 4.08557, 0.0, 0.0, 0.0, 1.0]}, "0b932e0fc6994c9b930646e41cf21616_d1_2.png": {"intrinsics": {"fx": 1069.52, "fy": 1069.96, "cx": 618.287, "cy": 508.832}, "camera_to_world_matrix": [-0.383349, 0.0257207, 0.923246, -19.1027, 0.923055, -0.0237826, 0.383932, 16.6406, 0.031832, 0.999387, -0.014624, 4.08567, 0.0, 0.0, 0.0, 1.0]}, "0b932e0fc6994c9b930646e41cf21616_d1_3.png": {"intrinsics": {"fx": 1069.52, "fy": 1069.96, "cx": 618.287, "cy": 508.832}, "camera_to_world_matrix": [0.607997, 0.0204268, 0.793677, -19.1022, 0.793896, -0.0261602, -0.607491, 16.6441, 0.00835351, 0.999449, -0.0321214, 4.08573, 0.0, 0.0, 0.0, 1.0]}, "0b932e0fc6994c9b930646e41cf21616_d1_4.png": {"intrinsics": {"fx": 1069.52, "fy": 1069.96, "cx": 618.287, "cy": 508.832}, "camera_to_world_matrix": [0.991436, 0.0157228, -0.12965, -19.099, -0.129278, -0.0227651, -0.991347, 16.6454, -0.0185384, 0.999618, -0.0205369, 4.08569, 0.0, 0.0, 0.0, 1.0]}, "0b932e0fc6994c9b930646e41cf21616_d1_5.png": {"intrinsics": {"fx": 1069.52, "fy": 1069.96, "cx": 618.287, "cy": 508.832}, "camera_to_world_matrix": [0.38352, 0.0163129, -0.923389, -19.0962, -0.923272, -0.0169925, -0.383772, 16.6433, -0.0219512, 0.999723, 0.00854486, 4.08559, 0.0, 0.0, 0.0, 1.0]}, "0b932e0fc6994c9b930646e41cf21616_d2_0.png": {"intrinsics": {"fx": 1070.07, "fy": 1070.53, "cx": 629.118, "cy": 508.749}, "camera_to_world_matrix": [-0.608721, 0.541776, -0.579599, -19.0872, -0.793374, -0.41916, 0.441432, 16.6325, -0.00378717, 0.728549, 0.684982, 4.11844, 0.0, 0.0, 0.0, 1.0]}, "0b932e0fc6994c9b930646e41cf21616_d2_1.png": {"intrinsics": {"fx": 1070.07, "fy": 1070.53, "cx": 629.118, "cy": 508.749}, "camera_to_world_matrix": [-0.991217, -0.0712418, 0.111404, -19.1006, 0.130203, -0.672936, 0.728151, 16.6269, 0.0230932, 0.736262, 0.676301, 4.11861, 0.0, 0.0, 0.0, 1.0]}, "0b932e0fc6994c9b930646e41cf21616_d2_2.png": {"intrinsics": {"fx": 1070.07, "fy": 1070.53, "cx": 629.118, "cy": 508.749}, "camera_to_world_matrix": [-0.382482, -0.597292, 0.704946, -19.1122, 0.923582, -0.269015, 0.273175, 16.6357, 0.0264762, 0.755561, 0.654542, 4.11903, 0.0, 0.0, 0.0, 1.0]}, "0b932e0fc6994c9b930646e41cf21616_d2_3.png": {"intrinsics": {"fx": 1070.07, "fy": 1070.53, "cx": 629.118, "cy": 508.749}, "camera_to_world_matrix": [0.608735, -0.510312, 0.607472, -19.1103, 0.793367, 0.388673, -0.46851, 16.6501, 0.00297878, 0.767147, 0.641463, 4.11929, 0.0, 0.0, 0.0, 1.0]}, "0b932e0fc6994c9b930646e41cf21616_d2_4.png": {"intrinsics": {"fx": 1070.07, "fy": 1070.53, "cx": 629.118, "cy": 508.749}, "camera_to_world_matrix": [0.991195, 0.102716, -0.083543, -19.0968, -0.130225, 0.642425, -0.755202, 16.6557, -0.0239011, 0.759433, 0.650145, 4.11912, 0.0, 0.0, 0.0, 1.0]}, "0b932e0fc6994c9b930646e41cf21616_d2_5.png": {"intrinsics": {"fx": 1070.07, "fy": 1070.53, "cx": 629.118, "cy": 508.749}, "camera_to_world_matrix": [0.382429, 0.628751, -0.677067, -19.0853, -0.923581, 0.238484, -0.300203, 16.6469, -0.027283, 0.740134, 0.671905, 4.1187, 0.0, 0.0, 0.0, 1.0]}, "0dafd42471b843da9f1935d98936eabc_d0_0.png": {"intrinsics": {"fx": 1076.93, "fy": 1077.38, "cx": 636.03, "cy": 518.158}, "camera_to_world_matrix": [-0.539834, -0.574076, -0.615643, -18.9549, -0.841614, 0.382251, 0.381537, 14.2632, 0.016299, 0.7241, -0.689502, 1.43998, 0.0, 0.0, 0.0, 1.0]}, "0dafd42471b843da9f1935d98936eabc_d0_1.png": {"intrinsics": {"fx": 1076.93, "fy": 1077.38, "cx": 636.03, "cy": 518.158}, "camera_to_world_matrix": [-0.998791, 0.0193624, 0.0451822, -18.9678, 0.0462127, 0.683155, 0.72881, 14.2565, -0.016755, 0.730017, -0.683224, 1.43986, 0.0, 0.0, 0.0, 1.0]}, "0dafd42471b843da9f1935d98936eabc_d0_2.png": {"intrinsics": {"fx": 1076.93, "fy": 1077.38, "cx": 636.03, "cy": 518.158}, "camera_to_world_matrix": [-0.4591, 0.576385, 0.676023, -18.9801, 0.888009, 0.31985, 0.330357, 14.2643, -0.0258134, 0.751982, -0.658678, 1.43938, 0.0, 0.0, 0.0, 1.0]}, "0dafd42471b843da9f1935d98936eabc_d0_3.png": {"intrinsics": {"fx": 1076.93, "fy": 1077.38, "cx": 636.03, "cy": 518.158}, "camera_to_world_matrix": [0.539536, 0.539956, 0.646025, -18.9795, 0.841961, -0.344351, -0.415361, 14.2788, -0.00181766, 0.76803, -0.640412, 1.43903, 0.0, 0.0, 0.0, 1.0]}, "0dafd42471b843da9f1935d98936eabc_d0_4.png": {"intrinsics": {"fx": 1076.93, "fy": 1077.38, "cx": 636.03, "cy": 518.158}, "camera_to_world_matrix": [0.998458, -0.0534934, -0.0148142, -18.9666, -0.0458837, -0.645231, -0.762608, 14.2855, 0.0312359, 0.762112, -0.646691, 1.43915, 0.0, 0.0, 0.0, 1.0]}, "0dafd42471b843da9f1935d98936eabc_d0_5.png": {"intrinsics": {"fx": 1076.93, "fy": 1077.38, "cx": 636.03, "cy": 518.158}, "camera_to_world_matrix": [0.458734, -0.610502, -0.64564, -18.9543, -0.887659, -0.281905, -0.36413, 14.2777, 0.0402931, 0.740147, -0.671237, 1.43963, 0.0, 0.0, 0.0, 1.0]}, "0dafd42471b843da9f1935d98936eabc_d1_0.png": {"intrinsics": {"fx": 1069.52, "fy": 1069.96, "cx": 618.287, "cy": 508.832}, "camera_to_world_matrix": [-0.536813, -0.0227561, -0.843395, -18.965, -0.843584, 0.0312004, 0.536091, 14.27, 0.0141148, 0.999254, -0.0359448, 1.47285, 0.0, 0.0, 0.0, 1.0]}, "0dafd42471b843da9f1935d98936eabc_d1_1.png": {"intrinsics": {"fx": 1069.52, "fy": 1069.96, "cx": 618.287, "cy": 508.832}, "camera_to_world_matrix": [-0.998911, -0.0177753, 0.0431388, -18.9681, 0.0426271, 0.0282276, 0.998693, 14.2684, -0.0189699, 0.999444, -0.0274385, 1.47282, 0.0, 0.0, 0.0, 1.0]}, "0dafd42471b843da9f1935d98936eabc_d1_2.png": {"intrinsics": {"fx": 1069.52, "fy": 1069.96, "cx": 618.287, "cy": 508.832}, "camera_to_world_matrix": [-0.462189, -0.0178622, 0.886602, -18.9711, 0.886335, 0.0224264, 0.462502, 14.2702, -0.0281447, 0.999589, 0.00546726, 1.47271, 0.0, 0.0, 0.0, 1.0]}, "0dafd42471b843da9f1935d98936eabc_d1_3.png": {"intrinsics": {"fx": 1069.52, "fy": 1069.96, "cx": 618.287, "cy": 508.832}, "camera_to_world_matrix": [0.53662, -0.0229299, 0.843513, -18.9709, 0.843814, 0.0195982, -0.536279, 14.2737, -0.00423469, 0.999545, 0.029866, 1.47262, 0.0, 0.0, 0.0, 1.0]}, "0dafd42471b843da9f1935d98936eabc_d1_4.png": {"intrinsics": {"fx": 1069.52, "fy": 1069.96, "cx": 618.287, "cy": 508.832}, "camera_to_world_matrix": [0.998684, -0.0279106, -0.0430388, -18.9678, -0.0424151, 0.0225713, -0.998845, 14.2754, 0.0288497, 0.999356, 0.0213584, 1.47265, 0.0, 0.0, 0.0, 1.0]}, "0dafd42471b843da9f1935d98936eabc_d1_5.png": {"intrinsics": {"fx": 1069.52, "fy": 1069.96, "cx": 618.287, "cy": 508.832}, "camera_to_world_matrix": [0.461928, -0.0278235, -0.886481, -18.9649, -0.886103, 0.0283725, -0.462621, 14.2735, 0.0380232, 0.99921, -0.0115478, 1.47276, 0.0, 0.0, 0.0, 1.0]}, "0dafd42471b843da9f1935d98936eabc_d2_0.png": {"intrinsics": {"fx": 1070.07, "fy": 1070.53, "cx": 629.118, "cy": 508.749}, "camera_to_world_matrix": [-0.537594, 0.54201, -0.645923, -18.9564, -0.843157, -0.33761, 0.418454, 14.2649, 0.00873689, 0.769574, 0.638496, 1.50644, 0.0, 0.0, 0.0, 1.0]}, "0dafd42471b843da9f1935d98936eabc_d2_1.png": {"intrinsics": {"fx": 1070.07, "fy": 1070.53, "cx": 629.118, "cy": 508.749}, "camera_to_world_matrix": [-0.998754, -0.0466851, 0.0176058, -18.9693, 0.0435548, -0.643648, 0.764081, 14.2582, -0.0243391, 0.763896, 0.644878, 1.50632, 0.0, 0.0, 0.0, 1.0]}, "0dafd42471b843da9f1935d98936eabc_d2_2.png": {"intrinsics": {"fx": 1070.07, "fy": 1070.53, "cx": 629.118, "cy": 508.749}, "camera_to_world_matrix": [-0.461128, -0.605785, 0.648371, -18.9816, 0.886701, -0.28702, 0.362463, 14.266, -0.033479, 0.742054, 0.669503, 1.50584, 0.0, 0.0, 0.0, 1.0]}, "0dafd42471b843da9f1935d98936eabc_d2_3.png": {"intrinsics": {"fx": 1070.07, "fy": 1070.53, "cx": 629.118, "cy": 508.749}, "camera_to_world_matrix": [0.537646, -0.576177, 0.615594, -18.981, 0.843116, 0.375638, -0.384773, 14.2805, -0.00954274, 0.725889, 0.687744, 1.50549, 0.0, 0.0, 0.0, 1.0]}, "0dafd42471b843da9f1935d98936eabc_d2_4.png": {"intrinsics": {"fx": 1070.07, "fy": 1070.53, "cx": 629.118, "cy": 508.749}, "camera_to_world_matrix": [0.99877, 0.0125297, -0.0479483, -18.9681, -0.0436145, 0.681653, -0.730374, 14.2872, 0.0235329, 0.731568, 0.681361, 1.50561, 0.0, 0.0, 0.0, 1.0]}, "0dafd42471b843da9f1935d98936eabc_d2_5.png": {"intrinsics": {"fx": 1070.07, "fy": 1070.53, "cx": 629.118, "cy": 508.749}, "camera_to_world_matrix": [0.461111, 0.571616, -0.678698, -18.9558, -0.88674, 0.325003, -0.328731, 14.2794, 0.0326715, 0.753411, 0.656737, 1.50609, 0.0, 0.0, 0.0, 1.0]}, "0ef35d84418446f5a6afb03294742914_d0_0.png": {"intrinsics": {"fx": 1076.93, "fy": 1077.38, "cx": 636.03, "cy": 518.158}, "camera_to_world_matrix": [-0.121335, -0.655055, -0.745775, -16.6943, -0.992572, 0.0867686, 0.085275, 21.0737, 0.00885005, 0.750583, -0.660718, 1.52976, 0.0, 0.0, 0.0, 1.0]}, "0ef35d84418446f5a6afb03294742914_d0_1.png": {"intrinsics": {"fx": 1076.93, "fy": 1077.38, "cx": 636.03, "cy": 518.158}, "camera_to_world_matrix": [-0.920232, -0.250568, -0.300649, -16.703, -0.391145, 0.615094, 0.684591, 21.0621, 0.0133909, 0.74758, -0.664037, 1.52982, 0.0, 0.0, 0.0, 1.0]}, "0ef35d84418446f5a6afb03294742914_d0_2.png": {"intrinsics": {"fx": 1076.93, "fy": 1077.38, "cx": 636.03, "cy": 518.158}, "camera_to_world_matrix": [-0.79883, 0.409211, 0.440928, -16.7175, 0.601442, 0.528942, 0.598738, 21.0638, 0.0117849, 0.743483, -0.668652, 1.52991, 0.0, 0.0, 0.0, 1.0]}, "0ef35d84418446f5a6afb03294742914_d0_3.png": {"intrinsics": {"fx": 1076.93, "fy": 1077.38, "cx": 636.03, "cy": 518.158}, "camera_to_world_matrix": [0.121466, 0.664488, 0.737362, -16.7232, 0.99258, -0.0855326, -0.0864284, 21.0772, 0.0056379, 0.742388, -0.669946, 1.52994, 0.0, 0.0, 0.0, 1.0]}, "0ef35d84418446f5a6afb03294742914_d0_4.png": {"intrinsics": {"fx": 1076.93, "fy": 1077.38, "cx": 636.03, "cy": 518.158}, "camera_to_world_matrix": [0.920339, 0.259979, 0.292212, -16.7145, 0.391121, -0.613842, -0.685727, 21.0888, 0.00109715, 0.745391, -0.666626, 1.52987, 0.0, 0.0, 0.0, 1.0]}, "0ef35d84418446f5a6afb03294742914_d0_5.png": {"intrinsics": {"fx": 1076.93, "fy": 1077.38, "cx": 636.03, "cy": 518.158}, "camera_to_world_matrix": [0.798898, -0.399796, -0.449362, -16.7001, -0.601461, -0.527665, -0.599845, 21.0871, 0.0027035, 0.749488, -0.662012, 1.52978, 0.0, 0.0, 0.0, 1.0]}, "0ef35d84418446f5a6afb03294742914_d1_0.png": {"intrinsics": {"fx": 1069.52, "fy": 1069.96, "cx": 618.287, "cy": 508.832}, "camera_to_world_matrix": [-0.117845, 0.00388178, -0.993025, -16.7051, -0.993011, 0.00611162, 0.117867, 21.0751, 0.00652637, 0.999974, 0.00313504, 1.56307, 0.0, 0.0, 0.0, 1.0]}, "0ef35d84418446f5a6afb03294742914_d1_1.png": {"intrinsics": {"fx": 1069.52, "fy": 1069.96, "cx": 618.287, "cy": 508.832}, "camera_to_world_matrix": [-0.918872, 0.00966181, -0.394439, -16.7072, -0.394401, 0.00558982, 0.918922, 21.0723, 0.0110831, 0.999938, -0.00132509, 1.56309, 0.0, 0.0, 0.0, 1.0]}, "0ef35d84418446f5a6afb03294742914_d1_2.png": {"intrinsics": {"fx": 1069.52, "fy": 1069.96, "cx": 618.287, "cy": 508.832}, "camera_to_world_matrix": [-0.800975, 0.0120999, 0.598576, -16.7107, 0.598623, 0.000323138, 0.801031, 21.0727, 0.00949882, 0.999927, -0.00750148, 1.56311, 0.0, 0.0, 0.0, 1.0]}, "0ef35d84418446f5a6afb03294742914_d1_3.png": {"intrinsics": {"fx": 1069.52, "fy": 1069.96, "cx": 618.287, "cy": 508.832}, "camera_to_world_matrix": [0.117946, 0.0087579, 0.992982, -16.7121, 0.993015, -0.00442162, -0.117911, 21.0759, 0.00335779, 0.999952, -0.00921762, 1.56312, 0.0, 0.0, 0.0, 1.0]}, "0ef35d84418446f5a6afb03294742914_d1_4.png": {"intrinsics": {"fx": 1069.52, "fy": 1069.96, "cx": 618.287, "cy": 508.832}, "camera_to_world_matrix": [0.91895, 0.00297789, 0.394364, -16.71, 0.394374, -0.0038996, -0.918942, 21.0787, -0.0011988, 0.999988, -0.00475732, 1.5631, 0.0, 0.0, 0.0, 1.0]}, "0ef35d84418446f5a6afb03294742914_d1_5.png": {"intrinsics": {"fx": 1069.52, "fy": 1069.96, "cx": 618.287, "cy": 508.832}, "camera_to_world_matrix": [0.801014, 0.000540008, -0.598646, -16.7065, -0.598646, 0.00136718, -0.801013, 21.0783, 0.000385749, 0.999999, 0.00141901, 1.56308, 0.0, 0.0, 0.0, 1.0]}, "0ef35d84418446f5a6afb03294742914_d2_0.png": {"intrinsics": {"fx": 1070.07, "fy": 1070.53, "cx": 629.118, "cy": 508.749}, "camera_to_world_matrix": [-0.118937, 0.663478, -0.738682, -16.6939, -0.9929, -0.078587, 0.0892834, 21.0738, 0.00118698, 0.744057, 0.668114, 1.59625, 0.0, 0.0, 0.0, 1.0]}, "0ef35d84418446f5a6afb03294742914_d2_1.png": {"intrinsics": {"fx": 1070.07, "fy": 1070.53, "cx": 629.118, "cy": 508.749}, "camera_to_world_matrix": [-0.919335, 0.265494, -0.290404, -16.7026, -0.393432, -0.609485, 0.688287, 21.0621, 0.00573902, 0.747021, 0.664775, 1.59632, 0.0, 0.0, 0.0, 1.0]}, "0ef35d84418446f5a6afb03294742914_d2_2.png": {"intrinsics": {"fx": 1070.07, "fy": 1070.53, "cx": 629.118, "cy": 508.749}, "camera_to_world_matrix": [-0.80038, -0.393262, 0.452478, -16.7171, 0.599477, -0.530252, 0.599548, 21.0639, 0.00414814, 0.751117, 0.660154, 1.59641, 0.0, 0.0, 0.0, 1.0]}, "0ef35d84418446f5a6afb03294742914_d2_3.png": {"intrinsics": {"fx": 1070.07, "fy": 1070.53, "cx": 629.118, "cy": 508.749}, "camera_to_world_matrix": [0.11897, -0.654018, 0.747065, -16.7228, 0.992895, 0.0798772, -0.0881909, 21.0772, -0.0019948, 0.75225, 0.658874, 1.59643, 0.0, 0.0, 0.0, 1.0]}, "0ef35d84418446f5a6afb03294742914_d2_4.png": {"intrinsics": {"fx": 1070.07, "fy": 1070.53, "cx": 629.118, "cy": 508.749}, "camera_to_world_matrix": [0.919345, -0.256013, 0.298764, -16.7141, 0.393395, 0.61076, -0.687177, 21.0889, -0.0065467, 0.749286, 0.662213, 1.59637, 0.0, 0.0, 0.0, 1.0]}, "0ef35d84418446f5a6afb03294742914_d2_5.png": {"intrinsics": {"fx": 1070.07, "fy": 1070.53, "cx": 629.118, "cy": 508.749}, "camera_to_world_matrix": [0.800352, 0.402739, -0.444114, -16.6997, -0.599509, 0.531501, -0.598409, 21.0872, -0.00495552, 0.745189, 0.666833, 1.59628, 0.0, 0.0, 0.0, 1.0]}, "1157d0f379f04c5ba4ad1b40bdd32e64_d0_0.png": {"intrinsics": {"fx": 1076.93, "fy": 1077.38, "cx": 636.03, "cy": 518.158}, "camera_to_world_matrix": [0.968227, -0.190691, -0.161787, -20.9829, -0.247877, -0.646218, -0.721775, 19.7343, 0.0330863, 0.738945, -0.672953, 1.50215, 0.0, 0.0, 0.0, 1.0]}, "1157d0f379f04c5ba4ad1b40bdd32e64_d0_1.png": {"intrinsics": {"fx": 1076.93, "fy": 1077.38, "cx": 636.03, "cy": 518.158}, "camera_to_world_matrix": [0.26953, -0.662567, -0.698827, -20.9724, -0.962931, -0.177225, -0.203363, 19.7242, 0.0108913, 0.727734, -0.685773, 1.5024, 0.0, 0.0, 0.0, 1.0]}, "1157d0f379f04c5ba4ad1b40bdd32e64_d0_2.png": {"intrinsics": {"fx": 1076.93, "fy": 1077.38, "cx": 636.03, "cy": 518.158}, "camera_to_world_matrix": [-0.698903, -0.492534, -0.518599, -20.976, -0.715061, 0.466034, 0.521058, 19.7101, -0.0149536, 0.734998, -0.677904, 1.50225, 0.0, 0.0, 0.0, 1.0]}, "1157d0f379f04c5ba4ad1b40bdd32e64_d0_3.png": {"intrinsics": {"fx": 1076.93, "fy": 1077.38, "cx": 636.03, "cy": 518.158}, "camera_to_world_matrix": [-0.968618, 0.149371, 0.198665, -20.99, 0.247857, 0.640287, 0.727049, 19.7061, -0.0186031, 0.753473, -0.657216, 1.50184, 0.0, 0.0, 0.0, 1.0]}, "1157d0f379f04c5ba4ad1b40bdd32e64_d0_4.png": {"intrinsics": {"fx": 1076.93, "fy": 1077.38, "cx": 636.03, "cy": 518.158}, "camera_to_world_matrix": [-0.269894, 0.621229, 0.735686, -21.0004, 0.962884, 0.171276, 0.208615, 19.7162, 0.00359256, 0.764683, -0.644397, 1.50159, 0.0, 0.0, 0.0, 1.0]}, "1157d0f379f04c5ba4ad1b40bdd32e64_d0_5.png": {"intrinsics": {"fx": 1076.93, "fy": 1077.38, "cx": 636.03, "cy": 518.158}, "camera_to_world_matrix": [0.69853, 0.451171, 0.555429, -20.9969, 0.714976, -0.471978, -0.515798, 19.7303, 0.0294371, 0.757418, -0.652266, 1.50175, 0.0, 0.0, 0.0, 1.0]}, "1157d0f379f04c5ba4ad1b40bdd32e64_d1_0.png": {"intrinsics": {"fx": 1069.52, "fy": 1069.96, "cx": 618.287, "cy": 508.832}, "camera_to_world_matrix": [0.969173, -0.033226, -0.244133, -20.9865, -0.244448, -0.00570988, -0.969646, 19.7235, 0.0308233, 0.999432, -0.0136553, 1.53527, 0.0, 0.0, 0.0, 1.0]}, "1157d0f379f04c5ba4ad1b40bdd32e64_d1_1.png": {"intrinsics": {"fx": 1069.52, "fy": 1069.96, "cx": 618.287, "cy": 508.832}, "camera_to_world_matrix": [0.272996, -0.0319673, -0.961485, -20.984, -0.961977, -4.46467e-05, -0.273135, 19.721, 0.00868828, 0.999489, -0.0307634, 1.53533, 0.0, 0.0, 0.0, 1.0]}, "1157d0f379f04c5ba4ad1b40bdd32e64_d1_2.png": {"intrinsics": {"fx": 1069.52, "fy": 1069.96, "cx": 618.287, "cy": 508.832}, "camera_to_world_matrix": [-0.69632, -0.0264334, -0.717246, -20.9848, -0.717527, 0.00169692, 0.69653, 19.7176, -0.0171947, 0.999649, -0.0201477, 1.53529, 0.0, 0.0, 0.0, 1.0]}, "1157d0f379f04c5ba4ad1b40bdd32e64_d1_3.png": {"intrinsics": {"fx": 1069.52, "fy": 1069.96, "cx": 618.287, "cy": 508.832}, "camera_to_world_matrix": [-0.969437, -0.0221584, 0.244339, -20.9882, 0.244447,