{"01b439d39a8f412fa1837be7afb45254_d0_0.png": {"intrinsics": {"fx": 1074.09, "fy": 1074.98, "cx": 641.979, "cy": 514.491}, "camera_to_world_matrix": [0.863804, 0.361417, 0.351025, -5.69715, 0.502959, -0.577708, -0.642872, 2.5578, -0.0295543, 0.731867, -0.680806, 1.41593, 0.0, 0.0, 0.0, 1.0]}, "01b439d39a8f412fa1837be7afb45254_d0_1.png": {"intrinsics": {"fx": 1074.09, "fy": 1074.98, "cx": 641.979, "cy": 514.491}, "camera_to_world_matrix": [0.867003, -0.302383, -0.396067, -5.68261, -0.497025, -0.581619, -0.643959, 2.55777, -0.0356378, 0.755171, -0.654558, 1.41542, 0.0, 0.0, 0.0, 1.0]}, "01b439d39a8f412fa1837be7afb45254_d0_2.png": {"intrinsics": {"fx": 1074.09, "fy": 1074.98, "cx": 641.979, "cy": 514.491}, "camera_to_world_matrix": [0.00310208, -0.637539, -0.770411, -5.67536, -0.99996, -0.0083583, 0.00289053, 2.54515, -0.00828202, 0.770371, -0.637541, 1.41509, 0.0, 0.0, 0.0, 1.0]}, "01b439d39a8f412fa1837be7afb45254_d0_3.png": {"intrinsics": {"fx": 1074.09, "fy": 1074.98, "cx": 641.979, "cy": 514.491}, "camera_to_world_matrix": [-0.863978, -0.308888, -0.397653, -5.68267, -0.502899, 0.568799, 0.650813, 2.53257, 0.0251565, 0.762269, -0.646771, 1.41527, 0.0, 0.0, 0.0, 1.0]}, "01b439d39a8f412fa1837be7afb45254_d0_4.png": {"intrinsics": {"fx": 1074.09, "fy": 1074.98, "cx": 641.979, "cy": 514.491}, "camera_to_world_matrix": [-0.867138, 0.354912, 0.349439, -5.69721, 0.497086, 0.572684, 0.651872, 2.5326, 0.0312387, 0.738965, -0.673019, 1.41578, 0.0, 0.0, 0.0, 1.0]}, "01b439d39a8f412fa1837be7afb45254_d0_5.png": {"intrinsics": {"fx": 1074.09, "fy": 1074.98, "cx": 641.979, "cy": 514.491}, "camera_to_world_matrix": [-0.00321746, 0.690046, 0.723758, -5.70445, 0.999986, -0.000589471, 0.00500732, 2.54522, 0.00388204, 0.723765, -0.690036, 1.41611, 0.0, 0.0, 0.0, 1.0]}, "01b439d39a8f412fa1837be7afb45254_d1_0.png": {"intrinsics": {"fx": 1068.49, "fy": 1068.66, "cx": 632.02, "cy": 530.493}, "camera_to_world_matrix": [0.866993, 0.0256356, 0.49766, -5.69048, 0.498024, -0.0101562, -0.867104, 2.54802, -0.0171744, 0.99962, -0.0215727, 1.44891, 0.0, 0.0, 0.0, 1.0]}, "01b439d39a8f412fa1837be7afb45254_d1_1.png": {"intrinsics": {"fx": 1068.49, "fy": 1068.66, "cx": 632.02, "cy": 530.493}, "camera_to_world_matrix": [0.86461, 0.0267526, -0.501731, -5.68698, -0.501914, 0.000154096, -0.864917, 2.54802, -0.0230614, 0.999642, 0.0135605, 1.44879, 0.0, 0.0, 0.0, 1.0]}, "01b439d39a8f412fa1837be7afb45254_d1_2.png": {"intrinsics": {"fx": 1068.49, "fy": 1068.66, "cx": 632.02, "cy": 530.493}, "camera_to_world_matrix": [-0.00204078, 0.0362345, -0.999341, -5.68524, -0.999988, 0.0043431, 0.00219964, 2.54498, 0.00441996, 0.999334, 0.036225, 1.44871, 0.0, 0.0, 0.0, 1.0]}, "01b439d39a8f412fa1837be7afb45254_d1_3.png": {"intrinsics": {"fx": 1068.49, "fy": 1068.66, "cx": 632.02, "cy": 530.493}, "camera_to_world_matrix": [-0.866288, 0.0445993, -0.497549, -5.687, -0.498113, -0.00177827, 0.86711, 2.54195, 0.0377877, 0.999003, 0.0237558, 1.44875, 0.0, 0.0, 0.0, 1.0]}, "01b439d39a8f412fa1837be7afb45254_d1_4.png": {"intrinsics": {"fx": 1068.49, "fy": 1068.66, "cx": 632.02, "cy": 530.493}, "camera_to_world_matrix": [-0.863866, 0.0434819, 0.501842, -5.69049, 0.501825, -0.0120885, 0.864885, 2.54196, 0.0436734, 0.998981, -0.0113776, 1.44888, 0.0, 0.0, 0.0, 1.0]}, "01b439d39a8f412fa1837be7afb45254_d1_5.png": {"intrinsics": {"fx": 1068.49, "fy": 1068.66, "cx": 632.02, "cy": 530.493}, "camera_to_world_matrix": [0.00280433, 0.0339998, 0.999418, -5.69224, 0.999865, -0.0162771, -0.00225191, 2.545, 0.0161911, 0.999289, -0.0340411, 1.44895, 0.0, 0.0, 0.0, 1.0]}, "01b439d39a8f412fa1837be7afb45254_d2_0.png": {"intrinsics": {"fx": 1071.77, "fy": 1071.95, "cx": 630.805, "cy": 504.601}, "camera_to_world_matrix": [0.865847, -0.311737, 0.391321, -5.69481, 0.49952, 0.582632, -0.641108, 2.55741, -0.0281395, 0.750573, 0.66019, 1.48239, 0.0, 0.0, 0.0, 1.0]}, "01b439d39a8f412fa1837be7afb45254_d2_1.png": {"intrinsics": {"fx": 1071.77, "fy": 1071.95, "cx": 630.805, "cy": 504.601}, "camera_to_world_matrix": [0.865082, 0.36519, -0.343906, -5.68027, -0.500474, 0.581746, -0.64117, 2.55737, -0.0340837, 0.72678, 0.686026, 1.48188, 0.0, 0.0, 0.0, 1.0]}, "01b439d39a8f412fa1837be7afb45254_d2_2.png": {"intrinsics": {"fx": 1071.77, "fy": 1071.95, "cx": 630.805, "cy": 504.601}, "camera_to_world_matrix": [-0.000808495, 0.702756, -0.711431, -5.67303, -0.999979, -0.00528967, -0.00408975, 2.54476, -0.00663759, 0.711412, 0.702746, 1.48155, 0.0, 0.0, 0.0, 1.0]}, "01b439d39a8f412fa1837be7afb45254_d2_3.png": {"intrinsics": {"fx": 1071.77, "fy": 1071.95, "cx": 630.805, "cy": 504.601}, "camera_to_world_matrix": [-0.865915, 0.363387, -0.343721, -5.68033, -0.499478, -0.591425, 0.633039, 2.53217, 0.0267522, 0.719838, 0.693628, 1.48173, 0.0, 0.0, 0.0, 1.0]}, "01b439d39a8f412fa1837be7afb45254_d2_4.png": {"intrinsics": {"fx": 1071.77, "fy": 1071.95, "cx": 630.805, "cy": 504.601}, "camera_to_world_matrix": [-0.865111, -0.31354, 0.391506, -5.69487, 0.500516, -0.590512, 0.633072, 2.53221, 0.032695, 0.743632, 0.667791, 1.48224, 0.0, 0.0, 0.0, 1.0]}, "01b439d39a8f412fa1837be7afb45254_d2_5.png": {"intrinsics": {"fx": 1071.77, "fy": 1071.95, "cx": 630.805, "cy": 504.601}, "camera_to_world_matrix": [0.000798917, -0.651083, 0.759006, -5.70211, 0.999987, -0.00346382, -0.00402296, 2.54482, 0.00524801, 0.758999, 0.651073, 1.48257, 0.0, 0.0, 0.0, 1.0]}, "044e97a033194bf19af45e3100a644df_d0_0.png": {"intrinsics": {"fx": 1074.09, "fy": 1074.98, "cx": 641.979, "cy": 514.491}, "camera_to_world_matrix": [-0.851869, -0.370605, -0.370094, 0.0533076, -0.522984, 0.563607, 0.6394, -0.0539897, -0.0283769, 0.738239, -0.673941, 1.45197, 0.0, 0.0, 0.0, 1.0]}, "044e97a033194bf19af45e3100a644df_d0_1.png": {"intrinsics": {"fx": 1074.09, "fy": 1074.98, "cx": 641.979, "cy": 514.491}, "camera_to_world_matrix": [-0.878672, 0.293044, 0.376907, 0.038767, 0.476664, 0.583019, 0.657935, -0.0542975, -0.0269399, 0.757768, -0.651968, 1.45154, 0.0, 0.0, 0.0, 1.0]}, "044e97a033194bf19af45e3100a644df_d0_2.png": {"intrinsics": {"fx": 1074.09, "fy": 1074.98, "cx": 641.979, "cy": 514.491}, "camera_to_world_matrix": [-0.0267184, 0.641703, 0.766487, 0.0312296, 0.999642, 0.017736, 0.0199971, -0.0418534, -0.000762099, 0.766747, -0.641948, 1.45135, 0.0, 0.0, 0.0, 1.0]}, "044e97a033194bf19af45e3100a644df_d0_3.png": {"intrinsics": {"fx": 1074.09, "fy": 1074.98, "cx": 641.979, "cy": 514.491}, "camera_to_world_matrix": [0.852018, 0.326705, 0.409056, 0.038233, 0.52296, -0.566946, -0.636461, -0.0291017, 0.0239779, 0.756198, -0.653903, 1.45158, 0.0, 0.0, 0.0, 1.0]}, "044e97a033194bf19af45e3100a644df_d0_4.png": {"intrinsics": {"fx": 1074.09, "fy": 1074.98, "cx": 641.979, "cy": 514.491}, "camera_to_world_matrix": [0.878782, -0.336945, -0.337946, 0.0527736, -0.476688, -0.586332, -0.654967, -0.0287945, 0.0225397, 0.736669, -0.675877, 1.45201, 0.0, 0.0, 0.0, 1.0]}, "044e97a033194bf19af45e3100a644df_d0_5.png": {"intrinsics": {"fx": 1074.09, "fy": 1074.98, "cx": 641.979, "cy": 514.491}, "camera_to_world_matrix": [0.0268084, -0.685582, -0.727501, 0.0603105, -0.999633, -0.0210348, -0.0170136, -0.0412389, -0.00363855, 0.727691, -0.685896, 1.4522, 0.0, 0.0, 0.0, 1.0]}, "044e97a033194bf19af45e3100a644df_d1_0.png": {"intrinsics": {"fx": 1068.49, "fy": 1068.66, "cx": 632.02, "cy": 530.493}, "camera_to_world_matrix": [-0.855101, -0.0199646, -0.518077, 0.0466074, -0.518217, 0.00218573, 0.855246, -0.0446132, -0.0159423, 0.999798, -0.0122152, 1.48506, 0.0, 0.0, 0.0, 1.0]}, "044e97a033194bf19af45e3100a644df_d1_1.png": {"intrinsics": {"fx": 1068.49, "fy": 1068.66, "cx": 632.02, "cy": 530.493}, "camera_to_world_matrix": [-0.87632, -0.0208381, 0.481277, 0.0431097, 0.481515, -0.00814793, 0.8764, -0.0446872, -0.0143411, 0.99975, 0.0171739, 1.48495, 0.0, 0.0, 0.0, 1.0]}, "044e97a033194bf19af45e3100a644df_d1_2.png": {"intrinsics": {"fx": 1068.49, "fy": 1068.66, "cx": 632.02, "cy": 530.493}, "camera_to_world_matrix": [-0.0215027, -0.0302204, 0.999312, 0.0412965, 0.999698, -0.0125573, 0.0211312, -0.0416938, 0.0119101, 0.999464, 0.0304811, 1.48491, 0.0, 0.0, 0.0, 1.0]}, "044e97a033194bf19af45e3100a644df_d1_3.png": {"intrinsics": {"fx": 1068.49, "fy": 1068.66, "cx": 632.02, "cy": 530.493}, "camera_to_world_matrix": [0.854515, -0.0387289, 0.51798, 0.0429812, 0.518137, -0.00663285, -0.855271, -0.0386264, 0.0365594, 0.999228, 0.0143988, 1.48496, 0.0, 0.0, 0.0, 1.0]}, "044e97a033194bf19af45e3100a644df_d1_4.png": {"intrinsics": {"fx": 1068.49, "fy": 1068.66, "cx": 632.02, "cy": 530.493}, "camera_to_world_matrix": [0.875696, -0.037855, -0.481376, 0.0464789, -0.481595, 0.00370078, -0.876386, -0.0385525, 0.0349571, 0.999276, -0.0149902, 1.48507, 0.0, 0.0, 0.0, 1.0]}, "044e97a033194bf19af45e3100a644df_d1_5.png": {"intrinsics": {"fx": 1068.49, "fy": 1068.66, "cx": 632.02, "cy": 530.493}, "camera_to_world_matrix": [0.0208582, -0.0284726, -0.999377, 0.0482919, -0.999744, 0.00810975, -0.0210969, -0.041546, 0.00870541, 0.999561, -0.0282964, 1.48511, 0.0, 0.0, 0.0, 1.0]}, "044e97a033194bf19af45e3100a644df_d2_0.png": {"intrinsics": {"fx": 1071.77, "fy": 1071.95, "cx": 630.805, "cy": 504.601}, "camera_to_world_matrix": [-0.853984, 0.329809, -0.402418, 0.051356, -0.519605, -0.580621, 0.62681, -0.0541376, -0.0269247, 0.744383, 0.667212, 1.51844, 0.0, 0.0, 0.0, 1.0]}, "044e97a033194bf19af45e3100a644df_d2_1.png": {"intrinsics": {"fx": 1071.77, "fy": 1071.95, "cx": 630.805, "cy": 504.601}, "camera_to_world_matrix": [-0.876824, -0.347079, 0.332743, 0.0368154, 0.480145, -0.595543, 0.644042, -0.0544454, -0.025371, 0.724475, 0.688835, 1.51801, 0.0, 0.0, 0.0, 1.0]}, "044e97a033194bf19af45e3100a644df_d2_2.png": {"intrinsics": {"fx": 1071.77, "fy": 1071.95, "cx": 630.805, "cy": 504.601}, "camera_to_world_matrix": [-0.0227998, -0.698472, 0.715274, 0.0292779, 0.999741, -0.0165452, 0.0157116, -0.0420013, 0.000859994, 0.715446, 0.698669, 1.51782, 0.0, 0.0, 0.0, 1.0]}, "044e97a033194bf19af45e3100a644df_d2_3.png": {"intrinsics": {"fx": 1071.77, "fy": 1071.95, "cx": 630.805, "cy": 504.601}, "camera_to_world_matrix": [0.854045, -0.372968, 0.362636, 0.0362813, 0.519575, 0.577362, -0.629837, -0.0292496, 0.0255367, 0.726325, 0.686879, 1.51805, 0.0, 0.0, 0.0, 1.0]}, "044e97a033194bf19af45e3100a644df_d2_4.png": {"intrinsics": {"fx": 1071.77, "fy": 1071.95, "cx": 630.805, "cy": 504.601}, "camera_to_world_matrix": [0.876846, 0.303921, -0.372526, 0.050822, -0.480176, 0.592259, -0.647041, -0.0289424, 0.0239819, 0.746232, 0.665255, 1.51848, 0.0, 0.0, 0.0, 1.0]}, "044e97a033194bf19af45e3100a644df_d2_5.png": {"intrinsics": {"fx": 1071.77, "fy": 1071.95, "cx": 630.805, "cy": 504.601}, "camera_to_world_matrix": [0.0228013, 0.655291, -0.755033, 0.0583589, -0.999739, 0.0132466, -0.0186954, -0.0413868, -0.00224963, 0.755261, 0.655423, 1.51867, 0.0, 0.0, 0.0, 1.0]}, "04f548967cfc4e98a79d1e2494b74606_d0_0.png": {"intrinsics": {"fx": 1074.09, "fy": 1074.98, "cx": 641.979, "cy": 514.491}, "camera_to_world_matrix": [-0.916442, -0.281491, -0.28442, -3.28336, -0.399707, 0.609931, 0.684264, 3.72617, -0.0191371, 0.740773, -0.671482, 1.41363, 0.0, 0.0, 0.0, 1.0]}, "04f548967cfc4e98a79d1e2494b74606_d0_1.png": {"intrinsics": {"fx": 1074.09, "fy": 1074.98, "cx": 641.979, "cy": 514.491}, "camera_to_world_matrix": [-0.804243, 0.378591, 0.458106, -3.2978, 0.593987, 0.537058, 0.598955, 3.72788, -0.0192701, 0.753814, -0.656804, 1.41335, 0.0, 0.0, 0.0, 1.0]}, "04f548967cfc4e98a79d1e2494b74606_d0_2.png": {"intrinsics": {"fx": 1074.09, "fy": 1074.98, "cx": 641.979, "cy": 514.491}, "camera_to_world_matrix": [0.11226, 0.645499, 0.755464, -3.30354, 0.993675, -0.0711399, -0.0868734, 3.74125, -0.00233292, 0.760439, -0.649404, 1.4132, 0.0, 0.0, 0.0, 1.0]}, "04f548967cfc4e98a79d1e2494b74606_d0_3.png": {"intrinsics": {"fx": 1074.09, "fy": 1074.98, "cx": 641.979, "cy": 514.491}, "camera_to_world_matrix": [0.916544, 0.25232, 0.310291, -3.29483, 0.399661, -0.60645, -0.687377, 3.7529, 0.0147369, 0.754023, -0.656682, 1.41334, 0.0, 0.0, 0.0, 1.0]}, "04f548967cfc4e98a79d1e2494b74606_d0_4.png": {"intrinsics": {"fx": 1074.09, "fy": 1074.98, "cx": 641.979, "cy": 514.491}, "camera_to_world_matrix": [0.804305, -0.407759, -0.432232, -3.28039, -0.594028, -0.533551, -0.602039, 3.75119, 0.0148692, 0.740982, -0.67136, 1.41363, 0.0, 0.0, 0.0, 1.0]}, "04f548967cfc4e98a79d1e2494b74606_d0_5.png": {"intrinsics": {"fx": 1074.09, "fy": 1074.98, "cx": 641.979, "cy": 514.491}, "camera_to_world_matrix": [-0.112214, -0.674643, -0.729564, -3.27465, -0.993681, 0.0746569, 0.0838006, 3.73782, -0.0020684, 0.734358, -0.678759, 1.41377, 0.0, 0.0, 0.0, 1.0]}, "04f548967cfc4e98a79d1e2494b74606_d1_0.png": {"intrinsics": {"fx": 1068.49, "fy": 1068.66, "cx": 632.02, "cy": 530.493}, "camera_to_world_matrix": [-0.918858, -0.0095884, -0.394471, -3.28836, -0.394531, 0.00539976, 0.918866, 3.7364, -0.00668038, 0.999939, -0.00874472, 1.44677, 0.0, 0.0, 0.0, 1.0]}, "04f548967cfc4e98a79d1e2494b74606_d1_1.png": {"intrinsics": {"fx": 1068.49, "fy": 1068.66, "cx": 632.02, "cy": 530.493}, "camera_to_world_matrix": [-0.801117, -0.0118879, 0.59839, -3.29184, 0.59847, -0.00471269, 0.801131, 3.73681, -0.00670374, 0.999918, 0.0108898, 1.4467, 0.0, 0.0, 0.0, 1.0]}, "04f548967cfc4e98a79d1e2494b74606_d1_2.png": {"intrinsics": {"fx": 1068.49, "fy": 1068.66, "cx": 632.02, "cy": 530.493}, "camera_to_world_matrix": [0.117558, -0.0217936, 0.992827, -3.29322, 0.993012, -0.00777735, -0.117751, 3.74002, 0.0102878, 0.999732, 0.0207269, 1.44666, 0.0, 0.0, 0.0, 1.0]}, "04f548967cfc4e98a79d1e2494b74606_d1_3.png": {"intrinsics": {"fx": 1068.49, "fy": 1068.66, "cx": 632.02, "cy": 530.493}, "camera_to_world_matrix": [0.918471, -0.0293996, 0.394393, -3.29112, 0.394544, -0.000729501, -0.918877, 3.74283, 0.0273023, 0.999567, 0.0109292, 1.4467, 0.0, 0.0, 0.0, 1.0]}, "04f548967cfc4e98a79d1e2494b74606_d1_4.png": {"intrinsics": {"fx": 1068.49, "fy": 1068.66, "cx": 632.02, "cy": 530.493}, "camera_to_world_matrix": [0.800691, -0.0270997, -0.598464, -3.28765, -0.598454, 0.00938286, -0.801102, 3.74242, 0.0273249, 0.999589, -0.00870531, 1.44677, 0.0, 0.0, 0.0, 1.0]}, "04f548967cfc4e98a79d1e2494b74606_d1_5.png": {"intrinsics": {"fx": 1068.49, "fy": 1068.66, "cx": 632.02, "cy": 530.493}, "camera_to_world_matrix": [-0.117999, -0.0171938, -0.992865, -3.28627, -0.99296, 0.0124471, 0.117795, 3.7392, 0.010333, 0.999775, -0.0185417, 1.4468, 0.0, 0.0, 0.0, 1.0]}, "04f548967cfc4e98a79d1e2494b74606_d2_0.png": {"intrinsics": {"fx": 1071.77, "fy": 1071.95, "cx": 630.805, "cy": 504.601}, "camera_to_world_matrix": [-0.918053, 0.253381, -0.304925, -3.28465, -0.396067, -0.620429, 0.676904, 3.72632, -0.0176705, 0.742204, 0.669943, 1.48012, 0.0, 0.0, 0.0, 1.0]}, "04f548967cfc4e98a79d1e2494b74606_d2_1.png": {"intrinsics": {"fx": 1071.77, "fy": 1071.95, "cx": 630.805, "cy": 504.601}, "camera_to_world_matrix": [-0.801914, -0.419193, 0.425691, -3.2991, 0.597179, -0.541273, 0.591949, 3.72803, -0.0177257, 0.728904, 0.684388, 1.47983, 0.0, 0.0, 0.0, 1.0]}, "04f548967cfc4e98a79d1e2494b74606_d2_2.png": {"intrinsics": {"fx": 1071.77, "fy": 1071.95, "cx": 630.805, "cy": 504.601}, "camera_to_world_matrix": [0.116171, -0.686906, 0.717402, -3.30484, 0.99323, 0.0808864, -0.0833871, 3.7414, -0.000749184, 0.722231, 0.691653, 1.47969, 0.0, 0.0, 0.0, 1.0]}, "04f548967cfc4e98a79d1e2494b74606_d2_3.png": {"intrinsics": {"fx": 1071.77, "fy": 1071.95, "cx": 630.805, "cy": 504.601}, "camera_to_world_matrix": [0.918096, -0.28204, 0.27849, -3.29613, 0.396028, 0.623875, -0.673752, 3.75306, 0.0162821, 0.728858, 0.684474, 1.47983, 0.0, 0.0, 0.0, 1.0]}, "04f548967cfc4e98a79d1e2494b74606_d2_4.png": {"intrinsics": {"fx": 1071.77, "fy": 1071.95, "cx": 630.805, "cy": 504.601}, "camera_to_world_matrix": [0.801918, 0.39053, -0.452123, -3.28168, -0.597213, 0.544693, -0.588768, 3.75135, 0.0163365, 0.742157, 0.670029, 1.48012, 0.0, 0.0, 0.0, 1.0]}, "04f548967cfc4e98a79d1e2494b74606_d2_5.png": {"intrinsics": {"fx": 1071.77, "fy": 1071.95, "cx": 630.805, "cy": 504.601}, "camera_to_world_matrix": [-0.116183, 0.658219, -0.743808, -3.27594, -0.993229, -0.0774771, 0.0865791, 3.73798, -0.000640402, 0.74883, 0.662764, 1.48026, 0.0, 0.0, 0.0, 1.0]}, "0b2466cdbed84bdaa8524a4eb90669d7_d0_0.png": {"intrinsics": {"fx": 1074.09, "fy": 1074.98, "cx": 641.979, "cy": 514.491}, "camera_to_world_matrix": [0.548159, -0.555425, -0.625318, -10.3559, -0.836372, -0.36504, -0.408932, -2.27601, -0.00113503, 0.747159, -0.664643, 1.43015, 0.0, 0.0, 0.0, 1.0]}, "0b2466cdbed84bdaa8524a4eb90669d7_d0_1.png": {"intrinsics": {"fx": 1074.09, "fy": 1074.98, "cx": 641.979, "cy": 514.491}, "camera_to_world_matrix": [-0.450249, -0.594613, -0.666115, -10.3551, -0.892899, 0.298023, 0.337508, -2.29054, -0.00216892, 0.746737, -0.665116, 1.43016, 0.0, 0.0, 0.0, 1.0]}, "0b2466cdbed84bdaa8524a4eb90669d7_d0_2.png": {"intrinsics": {"fx": 1074.09, "fy": 1074.98, "cx": 641.979, "cy": 514.491}, "camera_to_world_matrix": [-0.998396, -0.0399731, -0.0400722, -10.3673, -0.0565083, 0.663485, 0.746051, -2.29845, -0.00323457, 0.747119, -0.664681, 1.43015, 0.0, 0.0, 0.0, 1.0]}, "0b2466cdbed84bdaa8524a4eb90669d7_d0_3.png": {"intrinsics": {"fx": 1074.09, "fy": 1074.98, "cx": 641.979, "cy": 514.491}, "camera_to_world_matrix": [-0.548122, 0.553842, 0.626753, -10.3803, 0.836391, 0.365877, 0.408145, -2.29182, -0.00326637, 0.747925, -0.663775, 1.43013, 0.0, 0.0, 0.0, 1.0]}, "0b2466cdbed84bdaa8524a4eb90669d7_d0_4.png": {"intrinsics": {"fx": 1074.09, "fy": 1074.98, "cx": 641.979, "cy": 514.491}, "camera_to_world_matrix": [0.450289, 0.593005, 0.667521, -10.381, 0.892879, -0.297188, -0.338297, -2.27729, -0.00223242, 0.748347, -0.663303, 1.43012, 0.0, 0.0, 0.0, 1.0]}, "0b2466cdbed84bdaa8524a4eb90669d7_d0_5.png": {"intrinsics": {"fx": 1074.09, "fy": 1074.98, "cx": 641.979, "cy": 514.491}, "camera_to_world_matrix": [0.998403, 0.0383503, 0.0414617, -10.3688, 0.0564666, -0.662629, -0.746816, -2.26939, -0.0011668, 0.747965, -0.663737, 1.43013, 0.0, 0.0, 0.0, 1.0]}, "0b2466cdbed84bdaa8524a4eb90669d7_d1_0.png": {"intrinsics": {"fx": 1068.49, "fy": 1068.66, "cx": 632.02, "cy": 530.493}, "camera_to_world_matrix": [0.543438, -0.00575521, -0.839429, -10.3652, -0.839372, 0.00982494, -0.543468, -2.282, 0.0113751, 0.999935, 0.0005083, 1.46339, 0.0, 0.0, 0.0, 1.0]}, "0b2466cdbed84bdaa8524a4eb90669d7_d1_1.png": {"intrinsics": {"fx": 1068.49, "fy": 1068.66, "cx": 632.02, "cy": 530.493}, "camera_to_world_matrix": [-0.45522, 0.00459994, -0.890367, -10.365, -0.890319, 0.00925874, 0.455244, -2.28549, 0.0103378, 0.999946, -0.000119538, 1.4634, 0.0, 0.0, 0.0, 1.0]}, "0b2466cdbed84bdaa8524a4eb90669d7_d1_2.png": {"intrinsics": {"fx": 1068.49, "fy": 1068.66, "cx": 632.02, "cy": 530.493}, "camera_to_world_matrix": [-0.998659, 0.00928705, -0.0509185, -10.3679, -0.0509207, 7.74895e-06, 0.998703, -2.28739, 0.00927542, 0.999957, 0.00046498, 1.46339, 0.0, 0.0, 0.0, 1.0]}, "0b2466cdbed84bdaa8524a4eb90669d7_d1_3.png": {"intrinsics": {"fx": 1068.49, "fy": 1068.66, "cx": 632.02, "cy": 530.493}, "camera_to_world_matrix": [-0.543428, 0.0036189, 0.839448, -10.371, 0.839405, -0.00867683, 0.543437, -2.2858, 0.00925042, 0.999956, 0.00167732, 1.46339, 0.0, 0.0, 0.0, 1.0]}, "0b2466cdbed84bdaa8524a4eb90669d7_d1_4.png": {"intrinsics": {"fx": 1068.49, "fy": 1068.66, "cx": 632.02, "cy": 530.493}, "camera_to_world_matrix": [0.455233, -0.00673623, 0.890347, -10.3712, 0.890313, -0.00811023, -0.455277, -2.28231, 0.0102878, 0.999944, 0.00230512, 1.46339, 0.0, 0.0, 0.0, 1.0]}, "0b2466cdbed84bdaa8524a4eb90669d7_d1_5.png": {"intrinsics": {"fx": 1068.49, "fy": 1068.66, "cx": 632.02, "cy": 530.493}, "camera_to_world_matrix": [0.998639, -0.011423, 0.050877, -10.3683, 0.0508934, 0.00114094, -0.998703, -2.2804, 0.0113501, 0.999934, 0.00172056, 1.46339, 0.0, 0.0, 0.0, 1.0]}, "0b2466cdbed84bdaa8524a4eb90669d7_d2_0.png": {"intrinsics": {"fx": 1071.77, "fy": 1071.95, "cx": 630.805, "cy": 504.601}, "camera_to_world_matrix": [0.544839, 0.567468, -0.617358, -10.3559, -0.838542, 0.369034, -0.400828, -2.27597, 0.000368845, 0.736067, 0.676911, 1.49665, 0.0, 0.0, 0.0, 1.0]}, "0b2466cdbed84bdaa8524a4eb90669d7_d2_1.png": {"intrinsics": {"fx": 1071.77, "fy": 1071.95, "cx": 630.805, "cy": 504.601}, "camera_to_world_matrix": [-0.453791, 0.602564, -0.6565, -10.3552, -0.89111, -0.307402, 0.33381, -2.2905, -0.000667512, 0.736493, 0.676447, 1.49666, 0.0, 0.0, 0.0, 1.0]}, "0b2466cdbed84bdaa8524a4eb90669d7_d2_2.png": {"intrinsics": {"fx": 1071.77, "fy": 1071.95, "cx": 630.805, "cy": 504.601}, "camera_to_world_matrix": [-0.998618, 0.0342964, -0.0398505, -10.3674, -0.0525477, -0.676006, 0.73502, -2.29841, -0.00173092, 0.736098, 0.676875, 1.49665, 0.0, 0.0, 0.0, 1.0]}, "0b2466cdbed84bdaa8524a4eb90669d7_d2_3.png": {"intrinsics": {"fx": 1071.77, "fy": 1071.95, "cx": 630.805, "cy": 504.601}, "camera_to_world_matrix": [-0.544805, -0.569054, 0.615927, -10.3803, 0.838563, -0.368167, 0.401582, -2.29179, -0.00175788, 0.735276, 0.677767, 1.49663, 0.0, 0.0, 0.0, 1.0]}, "0b2466cdbed84bdaa8524a4eb90669d7_d2_4.png": {"intrinsics": {"fx": 1071.77, "fy": 1071.95, "cx": 630.805, "cy": 504.601}, "camera_to_world_matrix": [0.453827, -0.604123, 0.65504, -10.3811, 0.891091, 0.30827, -0.333058, -2.27726, -0.000721485, 0.734851, 0.678231, 1.49662, 0.0, 0.0, 0.0, 1.0]}, "0b2466cdbed84bdaa8524a4eb90669d7_d2_5.png": {"intrinsics": {"fx": 1071.77, "fy": 1071.95, "cx": 630.805, "cy": 504.601}, "camera_to_world_matrix": [0.998622, -0.0358414, 0.0383749, -10.3689, 0.0525077, 0.676853, -0.734244, -2.26935, 0.000341862, 0.735246, 0.677802, 1.49663, 0.0, 0.0, 0.0, 1.0]}, "0fd8c430bdb34aedb5c11b56ceb13b63_d0_0.png": {"intrinsics": {"fx": 1074.09, "fy": 1074.98, "cx": 641.979, "cy": 514.491}, "camera_to_world_matrix": [-0.55815, 0.551393, 0.620026, -8.58426, 0.829594, 0.384783, 0.404614, 4.39414, -0.015474, 0.740206, -0.672201, 1.40837, 0.0, 0.0, 0.0, 1.0]}, "0fd8c430bdb34aedb5c11b56ceb13b63_d0_1.png": {"intrinsics": {"fx": 1074.09, "fy": 1074.98, "cx": 641.979, "cy": 514.491}, "camera_to_world_matrix": [0.439508, 0.59853, 0.669771, -8.58517, 0.898053, -0.277667, -0.341176, 4.40866, -0.0182304, 0.75144, -0.65955, 1.40812, 0.0, 0.0, 0.0, 1.0]}, "0fd8c430bdb34aedb5c11b56ceb13b63_d0_2.png": {"intrinsics": {"fx": 1074.09, "fy": 1074.98, "cx": 641.979, "cy": 514.491}, "camera_to_world_matrix": [0.997645, 0.0483128, 0.0486728, -8.57306, 0.0684004, -0.649685, -0.757119, 4.41671, -0.00495645, 0.758666, -0.651461, 1.40796, 0.0, 0.0, 0.0, 1.0]}, "0fd8c430bdb34aedb5c11b56ceb13b63_d0_3.png": {"intrinsics": {"fx": 1074.09, "fy": 1074.98, "cx": 641.979, "cy": 514.491}, "camera_to_world_matrix": [0.558111, -0.549028, -0.622156, -8.56002, -0.829691, -0.359244, -0.427263, 4.41025, 0.0110736, 0.754659, -0.656024, 1.40805, 0.0, 0.0, 0.0, 1.0]}, "0fd8c430bdb34aedb5c11b56ceb13b63_d0_4.png": {"intrinsics": {"fx": 1074.09, "fy": 1074.98, "cx": 641.979, "cy": 514.491}, "camera_to_world_matrix": [-0.43955, -0.596139, -0.671872, -8.55911, -0.898111, 0.303208, 0.318529, 4.39573, 0.0138295, 0.743425, -0.668675, 1.4083, 0.0, 0.0, 0.0, 1.0]}, "0fd8c430bdb34aedb5c11b56ceb13b63_d0_5.png": {"intrinsics": {"fx": 1074.09, "fy": 1074.98, "cx": 641.979, "cy": 514.491}, "camera_to_world_matrix": [-0.997655, -0.0459077, -0.0507575, -8.57123, -0.0684364, 0.675204, 0.734448, 4.38767, 0.000555032, 0.7362, -0.676764, 1.40846, 0.0, 0.0, 0.0, 1.0]}, "0fd8c430bdb34aedb5c11b56ceb13b63_d1_0.png": {"intrinsics": {"fx": 1068.49, "fy": 1068.66, "cx": 632.02, "cy": 530.493}, "camera_to_world_matrix": [-0.553459, 0.00638908, 0.832852, -8.575, 0.832871, 0.007874, 0.553411, 4.40082, -0.00302206, 0.999948, -0.0096794, 1.44149, 0.0, 0.0, 0.0, 1.0]}, "0fd8c430bdb34aedb5c11b56ceb13b63_d1_1.png": {"intrinsics": {"fx": 1068.49, "fy": 1068.66, "cx": 632.02, "cy": 530.493}, "camera_to_world_matrix": [0.444516, -0.00397211, 0.895762, -8.57522, 0.895753, 0.0083162, -0.444475, 4.40432, -0.00568381, 0.999957, 0.00725453, 1.44143, 0.0, 0.0, 0.0, 1.0]}, "0fd8c430bdb34aedb5c11b56ceb13b63_d1_2.png": {"intrinsics": {"fx": 1068.49, "fy": 1068.66, "cx": 632.02, "cy": 530.493}, "camera_to_world_matrix": [0.997982, -0.00876982, 0.0628917, -8.57231, 0.0630378, 0.0175091, -0.997858, 4.40625, 0.00764987, 0.999808, 0.0180264, 1.4414, 0.0, 0.0, 0.0, 1.0]}, "0fd8c430bdb34aedb5c11b56ceb13b63_d1_3.png": {"intrinsics": {"fx": 1068.49, "fy": 1068.66, "cx": 632.02, "cy": 530.493}, "camera_to_world_matrix": [0.55346, -0.00320622, -0.83287, -8.56917, -0.83254, 0.0262596, -0.553342, 4.4047, 0.023645, 0.99965, 0.0118641, 1.44142, 0.0, 0.0, 0.0, 1.0]}, "0fd8c430bdb34aedb5c11b56ceb13b63_d1_4.png": {"intrinsics": {"fx": 1068.49, "fy": 1068.66, "cx": 632.02, "cy": 530.493}, "camera_to_world_matrix": [-0.444518, 0.00715496, -0.895741, -8.56895, -0.895383, 0.025817, 0.444547, 4.40121, 0.0263061, 0.999641, -0.00506989, 1.44148, 0.0, 0.0, 0.0, 1.0]}, "0fd8c430bdb34aedb5c11b56ceb13b63_d1_5.png": {"intrinsics": {"fx": 1068.49, "fy": 1068.66, "cx": 632.02, "cy": 530.493}, "camera_to_world_matrix": [-0.997951, 0.0119523, -0.0628491, -8.57187, -0.0626467, 0.0166239, 0.997897, 4.39927, 0.012972, 0.99979, -0.0158413, 1.44151, 0.0, 0.0, 0.0, 1.0]}, "0fd8c430bdb34aedb5c11b56ceb13b63_d2_0.png": {"intrinsics": {"fx": 1071.77, "fy": 1071.95, "cx": 630.805, "cy": 504.601}, "camera_to_world_matrix": [-0.554855, -0.562621, 0.612857, -8.58415, 0.831831, -0.362773, 0.420067, 4.39528, -0.014011, 0.742868, 0.669293, 1.47486, 0.0, 0.0, 0.0, 1.0]}, "0fd8c430bdb34aedb5c11b56ceb13b63_d2_1.png": {"intrinsics": {"fx": 1071.77, "fy": 1071.95, "cx": 630.805, "cy": 504.601}, "camera_to_world_matrix": [0.443071, -0.605826, 0.660806, -8.58507, 0.896333, 0.313096, -0.313944, 4.4098, -0.0167003, 0.7314, 0.681746, 1.47461, 0.0, 0.0, 0.0, 1.0]}, "0fd8c430bdb34aedb5c11b56ceb13b63_d2_2.png": {"intrinsics": {"fx": 1071.77, "fy": 1071.95, "cx": 630.805, "cy": 504.601}, "camera_to_world_matrix": [0.997916, -0.0420206, 0.0490118, -8.57295, 0.0644699, 0.688419, -0.722443, 4.41785, -0.0033834, 0.724096, 0.689693, 1.47445, 0.0, 0.0, 0.0, 1.0]}, "0fd8c430bdb34aedb5c11b56ceb13b63_d2_3.png": {"intrinsics": {"fx": 1071.77, "fy": 1071.95, "cx": 630.805, "cy": 504.601}, "camera_to_world_matrix": [0.554821, 0.564977, -0.610717, -8.55992, -0.831876, 0.387864, -0.396922, 4.41138, 0.0126226, 0.72826, 0.685186, 1.47454, 0.0, 0.0, 0.0, 1.0]}, "0fd8c430bdb34aedb5c11b56ceb13b63_d2_4.png": {"intrinsics": {"fx": 1071.77, "fy": 1071.95, "cx": 630.805, "cy": 504.601}, "camera_to_world_matrix": [-0.443108, 0.608156, -0.658637, -8.559, -0.896339, -0.288007, 0.337091, 4.39686, 0.0153112, 0.739729, 0.672733, 1.47479, 0.0, 0.0, 0.0, 1.0]}, "0fd8c430bdb34aedb5c11b56ceb13b63_d2_5.png": {"intrinsics": {"fx": 1071.77, "fy": 1071.95, "cx": 630.805, "cy": 504.601}, "camera_to_world_matrix": [-0.99792, 0.0443355, -0.0468272, -8.57112, -0.0644544, -0.663308, 0.745566, 4.38881, 0.00199386, 0.747033, 0.664786, 1.47495, 0.0, 0.0, 0.0, 1.0]}, "10eeb0fa152e4f9a89dbe53f32b43a86_d0_0.png": {"intrinsics": {"fx": 1074.09, "fy": 1074.98, "cx": 641.979, "cy": 514.491}, "camera_to_world_matrix": [-0.995872, -0.0890035, -0.0177756, -20.2016, -0.0734332, 0.675034, 0.734122, 12.6388, -0.0533402, 0.732397, -0.678784, 1.4764, 0.0, 0.0, 0.0, 1.0]}, "10eeb0fa152e4f9a89dbe53f32b43a86_d0_1.png": {"intrinsics": {"fx": 1074.09, "fy": 1074.98, "cx": 641.979, "cy": 514.491}, "camera_to_world_matrix": [-0.560572, 0.508681, 0.653453, -20.2147, 0.826831, 0.387566, 0.407605, 12.6452, -0.0459157, 0.768788, -0.637853, 1.4756, 0.0, 0.0, 0.0, 1.0]}, "10eeb0fa152e4f9a89dbe53f32b43a86_d0_2.png": {"intrinsics": {"fx": 1074.09, "fy": 1074.98, "cx": 641.979, "cy": 514.491}, "camera_to_world_matrix": [0.435428, 0.558399, 0.70611, -20.2156, 0.900207, -0.274642, -0.33793, 12.6597, 0.00522813, 0.78279, -0.622264, 1.4753, 0.0, 0.0, 0.0, 1.0]}, "10eeb0fa152e4f9a89dbe53f32b43a86_d0_3.png": {"intrinsics": {"fx": 1074.09, "fy": 1074.98, "cx": 641.979, "cy": 514.491}, "camera_to_world_matrix": [0.996106, 0.0104327, 0.0875358, -20.2036, 0.0733188, -0.649368, -0.75693, 12.6678, 0.0489463, 0.760401, -0.647606, 1.4758, 0.0, 0.0, 0.0, 1.0]}, "10eeb0fa152e4f9a89dbe53f32b43a86_d0_4.png": {"intrinsics": {"fx": 1074.09, "fy": 1074.98, "cx": 641.979, "cy": 514.491}, "camera_to_world_matrix": [0.560771, -0.58724, -0.583681, -20.1905, -0.826928, -0.361877, -0.430387, 12.6614, 0.0415197, 0.724011, -0.688537, 1.47659, 0.0, 0.0, 0.0, 1.0]}, "10eeb0fa152e4f9a89dbe53f32b43a86_d0_5.png": {"intrinsics": {"fx": 1074.09, "fy": 1074.98, "cx": 641.979, "cy": 514.491}, "camera_to_world_matrix": [-0.435232, -0.636933, -0.636308, -20.1896, -0.900266, 0.300333, 0.31515, 12.6469, -0.00962495, 0.71001, -0.704125, 1.47689, 0.0, 0.0, 0.0, 1.0]}, "10eeb0fa152e4f9a89dbe53f32b43a86_d1_0.png": {"intrinsics": {"fx": 1068.49, "fy": 1068.66, "cx": 632.02, "cy": 530.493}, "camera_to_world_matrix": [-0.996868, -0.0421842, -0.0668868, -20.2041, -0.0676438, 0.016776, 0.997568, 12.6504, -0.0409595, 0.998969, -0.0195771, 1.50937, 0.0, 0.0, 0.0, 1.0]}, "10eeb0fa152e4f9a89dbe53f32b43a86_d1_1.png": {"intrinsics": {"fx": 1068.49, "fy": 1068.66, "cx": 632.02, "cy": 530.493}, "camera_to_world_matrix": [-0.556577, -0.0477048, 0.829425, -20.2073, 0.830131, 0.00799796, 0.557511, 12.6519, -0.0332296, 0.998829, 0.0351496, 1.50918, 0.0, 0.0, 0.0, 1.0]}, "10eeb0fa152e4f9a89dbe53f32b43a86_d1_2.png": {"intrinsics": {"fx": 1068.49, "fy": 1068.66, "cx": 632.02, "cy": 530.493}, "camera_to_world_matrix": [0.439762, -0.0580533, 0.896236, -20.2075, 0.897933, 0.00838907, -0.440051, 12.6554, 0.0180279, 0.998278, 0.055817, 1.50911, 0.0, 0.0, 0.0, 1.0]}, "10eeb0fa152e4f9a89dbe53f32b43a86_d1_3.png": {"intrinsics": {"fx": 1068.49, "fy": 1068.66, "cx": 632.02, "cy": 530.493}, "camera_to_world_matrix": [0.995787, -0.0628811, 0.0667332, -20.2046, 0.067959, 0.0175582, -0.997534, 12.6574, 0.0615543, 0.997866, 0.0217574, 1.50922, 0.0, 0.0, 0.0, 1.0]}, "10eeb0fa152e4f9a89dbe53f32b43a86_d1_4.png": {"intrinsics": {"fx": 1068.49, "fy": 1068.66, "cx": 632.02, "cy": 530.493}, "camera_to_world_matrix": [0.555461, -0.0573602, -0.829562, -20.2015, -0.829799, 0.026336, -0.557441, 12.6558, 0.0538223, 0.998006, -0.032969, 1.50942, 0.0, 0.0, 0.0, 1.0]}, "10eeb0fa152e4f9a89dbe53f32b43a86_d1_5.png": {"intrinsics": {"fx": 1068.49, "fy": 1068.66, "cx": 632.02, "cy": 530.493}, "camera_to_world_matrix": [-0.440881, -0.0470117, -0.896333, -20.2012, -0.897562, 0.0259445, 0.440124, 12.6523, 0.00256398, 0.998557, -0.0536345, 1.50949, 0.0, 0.0, 0.0, 1.0]}, "10eeb0fa152e4f9a89dbe53f32b43a86_d2_0.png": {"intrinsics": {"fx": 1071.77, "fy": 1071.95, "cx": 630.805, "cy": 504.601}, "camera_to_world_matrix": [-0.996235, 0.0072098, -0.0864137, -20.2051, -0.0694524, -0.663008, 0.745384, 12.6399, -0.0519192, 0.748578, 0.661013, 1.5428, 0.0, 0.0, 0.0, 1.0]}, "10eeb0fa152e4f9a89dbe53f32b43a86_d2_1.png": {"intrinsics": {"fx": 1071.77, "fy": 1071.95, "cx": 630.805, "cy": 504.601}, "camera_to_world_matrix": [-0.557372, -0.600159, 0.573713, -20.2182, 0.829083, -0.365474, 0.423146, 12.6463, -0.0442775, 0.711504, 0.701287, 1.542, 0.0, 0.0, 0.0, 1.0]}, "10eeb0fa152e4f9a89dbe53f32b43a86_d2_2.png": {"intrinsics": {"fx": 1071.77, "fy": 1071.95, "cx": 630.805, "cy": 504.601}, "camera_to_world_matrix": [0.438912, -0.646005, 0.624529, -20.2191, 0.898505, 0.310172, -0.310618, 12.6608, 0.00694917, 0.697475, 0.716577, 1.5417, 0.0, 0.0, 0.0, 1.0]}, "10eeb0fa152e4f9a89dbe53f32b43a86_d2_3.png": {"intrinsics": {"fx": 1071.77, "fy": 1071.95, "cx": 630.805, "cy": 504.601}, "camera_to_world_matrix": [0.99631, -0.0844813, 0.0152164, -20.2071, 0.0693897, 0.68827, -0.722129, 12.6689, 0.0505331, 0.720519, 0.691593, 1.5422, 0.0, 0.0, 0.0, 1.0]}, "10eeb0fa152e4f9a89dbe53f32b43a86_d2_4.png": {"intrinsics": {"fx": 1071.77, "fy": 1071.95, "cx": 630.805, "cy": 504.601}, "camera_to_world_matrix": [0.557413, 0.522876, -0.644898, -20.194, -0.829129, 0.390712, -0.399865, 12.6625, 0.0428893, 0.757592, 0.65132, 1.54299, 0.0, 0.0, 0.0, 1.0]}, "10eeb0fa152e4f9a89dbe53f32b43a86_d2_5.png": {"intrinsics": {"fx": 1071.77, "fy": 1071.95, "cx": 630.805, "cy": 504.601}, "camera_to_world_matrix": [-0.438874, 0.568695, -0.695685, -20.1931, -0.898512, -0.284937, 0.333901, 12.648, -0.00833828, 0.77162, 0.636031, 1.54329, 0.0, 0.0, 0.0, 1.0]}, "12739585137d4681b1b394ebf6bcc936_d0_0.png": {"intrinsics": {"fx": 1074.09, "fy": 1074.98, "cx": 641.979, "cy": 514.491}, "camera_to_world_matrix": [-0.890375, -0.327343, -0.31635, -19.8792, -0.454067, 0.589061, 0.668452, 10.8409, -0.0324631, 0.738818, -0.673122, 1.46554, 0.0, 0.0, 0.0, 1.0]}, "12739585137d4681b1b394ebf6bcc936_d0_1.png": {"intrinsics": {"fx": 1074.09, "fy": 1074.98, "cx": 641.979, "cy": 514.491}, "camera_to_world_matrix": [-0.838242, 0.335704, 0.429712, -19.8937, 0.544572, 0.556001, 0.627935, 10.8417, -0.0281197, 0.760371, -0.64888, 1.46507, 0.0, 0.0, 0.0, 1.0]}, "12739585137d4681b1b394ebf6bcc936_d0_2.png": {"intrinsics": {"fx": 1074.09, "fy": 1074.98, "cx": 641.979, "cy": 514.491}, "camera_to_world_matrix": [0.0522239, 0.638653, 0.767719, -19.9002, 0.998632, -0.0350494, -0.0387749, 10.8547, 0.00214454, 0.768695, -0.639612, 1.46489, 0.0, 0.0, 0.0, 1.0]}, "12739585137d4681b1b394ebf6bcc936_d0_3.png": {"intrinsics": {"fx": 1074.09, "fy": 1074.98, "cx": 641.979, "cy": 514.491}, "camera_to_world_matrix": [0.890536, 0.278549, 0.359658, -19.8923, 0.454044, -0.593026, -0.664953, 10.8669, 0.0280646, 0.755466, -0.654586, 1.46519, 0.0, 0.0, 0.0, 1.0]}, "12739585137d4681b1b394ebf6bcc936_d0_4.png": {"intrinsics": {"fx": 1074.09, "fy": 1074.98, "cx": 641.979, "cy": 514.491}, "camera_to_world_matrix": [0.838364, -0.384496, -0.386402, -19.8777, -0.544593, -0.55994, -0.624407, 10.866, 0.0237199, 0.733913, -0.678829, 1.46566, 0.0, 0.0, 0.0, 1.0]}, "12739585137d4681b1b394ebf6bcc936_d0_5.png": {"intrinsics": {"fx": 1074.09, "fy": 1074.98, "cx": 641.979, "cy": 514.491}, "camera_to_world_matrix": [-0.0521195, -0.687422, -0.724384, -19.8712, -0.998619, 0.0311222, 0.0423167, 10.853, -0.00654485, 0.72559, -0.688096, 1.46584, 0.0, 0.0, 0.0, 1.0]}, "12739585137d4681b1b394ebf6bcc936_d1_0.png": {"intrinsics": {"fx": 1068.49, "fy": 1068.66, "cx": 632.02, "cy": 530.493}, "camera_to_world_matrix": [-0.89326, -0.022919, -0.448955, -19.8852, -0.449094, 0.00101076, 0.893484, 10.8506, -0.020024, 0.999737, -0.0111958, 1.49864, 0.0, 0.0, 0.0, 1.0]}, "12739585137d4681b1b394ebf6bcc936_d1_1.png": {"intrinsics": {"fx": 1068.49, "fy": 1068.66, "cx": 632.02, "cy": 530.493}, "camera_to_world_matrix": [-0.835555, -0.0246048, 0.548855, -19.8887, 0.549188, -0.00922161, 0.835648, 10.8508, -0.0154996, 0.999655, 0.0212176, 1.49853, 0.0, 0.0, 0.0, 1.0]}, "12739585137d4681b1b394ebf6bcc936_d1_2.png": {"intrinsics": {"fx": 1068.49, "fy": 1068.66, "cx": 632.02, "cy": 530.493}, "camera_to_world_matrix": [0.0573873, -0.0343046, 0.997762, -19.8903, 0.998242, -0.0128762, -0.0578577, 10.854, 0.0148322, 0.999328, 0.0335052, 1.49848, 0.0, 0.0, 0.0, 1.0]}, "12739585137d4681b1b394ebf6bcc936_d1_3.png": {"intrinsics": {"fx": 1068.49, "fy": 1068.66, "cx": 632.02, "cy": 530.493}, "camera_to_world_matrix": [0.892605, -0.0423185, 0.448849, -19.8884, 0.449004, -0.00629836, -0.893507, 10.8569, 0.0406389, 0.999084, 0.0133791, 1.49855, 0.0, 0.0, 0.0, 1.0]}, "12739585137d4681b1b394ebf6bcc936_d1_4.png": {"intrinsics": {"fx": 1068.49, "fy": 1068.66, "cx": 632.02, "cy": 530.493}, "camera_to_world_matrix": [0.834861, -0.0406323, -0.548959, -19.8849, -0.549275, 0.00393394, -0.835632, 10.8567, 0.0361133, 0.999166, -0.0190342, 1.49867, 0.0, 0.0, 0.0, 1.0]}, "12739585137d4681b1b394ebf6bcc936_d1_5.png": {"intrinsics": {"fx": 1068.49, "fy": 1068.66, "cx": 632.02, "cy": 530.493}, "camera_to_world_matrix": [-0.0580993, -0.0309323, -0.997831, -19.8833, -0.998294, 0.00758816, 0.0578911, 10.8536, 0.00578103, 0.999493, -0.0313206, 1.49871, 0.0, 0.0, 0.0, 1.0]}, "12739585137d4681b1b394ebf6bcc936_d2_0.png": {"intrinsics": {"fx": 1071.77, "fy": 1071.95, "cx": 630.805, "cy": 504.601}, "camera_to_world_matrix": [-0.892221, 0.280603, -0.353844, -19.8814, -0.450536, -0.606871, 0.654771, 10.8407, -0.0310071, 0.743619, 0.667886, 1.53201, 0.0, 0.0, 0.0, 1.0]}, "12739585137d4681b1b394ebf6bcc936_d2_1.png": {"intrinsics": {"fx": 1071.77, "fy": 1071.95, "cx": 630.805, "cy": 504.601}, "camera_to_world_matrix": [-0.83613, -0.395286, 0.380312, -19.8959, 0.547892, -0.56829, 0.613891, 10.8415, -0.0265349, 0.721662, 0.691739, 1.53154, 0.0, 0.0, 0.0, 1.0]}, "12739585137d4681b1b394ebf6bcc936_d2_2.png": {"intrinsics": {"fx": 1071.77, "fy": 1071.95, "cx": 630.805, "cy": 504.601}, "camera_to_world_matrix": [0.0561331, -0.699879, 0.712053, -19.9024, 0.998418, 0.0366484, -0.042685, 10.8545, 0.00377853, 0.713321, 0.700829, 1.53136, 0.0, 0.0, 0.0, 1.0]}, "12739585137d4681b1b394ebf6bcc936_d2_3.png": {"intrinsics": {"fx": 1071.77, "fy": 1071.95, "cx": 630.805, "cy": 504.601}, "camera_to_world_matrix": [0.892284, -0.328576, 0.309629, -19.8944, 0.450505, 0.602993, -0.658366, 10.8667, 0.0296192, 0.726938, 0.686066, 1.53165, 0.0, 0.0, 0.0, 1.0]}, "12739585137d4681b1b394ebf6bcc936_d2_4.png": {"intrinsics": {"fx": 1071.77, "fy": 1071.95, "cx": 630.805, "cy": 504.601}, "camera_to_world_matrix": [0.836154, 0.347312, -0.424527, -19.8799, -0.547921, 0.564385, -0.617457, 10.8658, 0.0251459, 0.748895, 0.662213, 1.53212, 0.0, 0.0, 0.0, 1.0]}, "12739585137d4681b1b394ebf6bcc936_d2_5.png": {"intrinsics": {"fx": 1071.77, "fy": 1071.95, "cx": 630.805, "cy": 504.601}, "camera_to_world_matrix": [-0.0561269, 0.651882, -0.756241, -19.8734, -0.998412, -0.0405653, 0.0391319, 10.8528, -0.00516814, 0.757235, 0.653124, 1.5323, 0.0, 0.0, 0.0, 1.0]}, "1b48df86b7a149fa8e90161265def866_d0_0.png": {"intrinsics": {"fx": 1074.09, "fy": 1074.98, "cx": 641.979, "cy": 514.491}, "camera_to_world_matrix": [-0.910459, -0.259308, -0.322215, -11.0064, -0.413267, 0.601504, 0.683668, 6.62309, 0.0165335, 0.755612, -0.65481, 1.39827, 0.0, 0.0, 0.0, 1.0]}, "1b48df86b7a149fa8e90161265def866_d0_1.png": {"intrinsics": {"fx": 1074.09, "fy": 1074.98, "cx": 641.979, "cy": 514.491}, "camera_to_world_matrix": [-0.813005, 0.401745, 0.421452, -11.0209, 0.58198, 0.538448, 0.609402, 6.62458, 0.0178941, 0.740725, -0.67157, 1.39859, 0.0, 0.0, 0.0, 1.0]}, "1b48df86b7a149fa8e90161265def866_d0_2.png": {"intrinsics": {"fx": 1074.09, "fy": 1074.98, "cx": 641.979, "cy": 514.491}, "camera_to_world_matrix": [0.0974233, 0.677623, 0.728926, -11.0268, 0.995242, -0.0657137, -0.0719288, 6.63787, -0.000840013, 0.732466, -0.680802, 1.39877, 0.0, 0.0, 0.0, 1.0]}, "1b48df86b7a149fa8e90161265def866_d0_3.png": {"intrinsics": {"fx": 1074.09, "fy": 1074.98, "cx": 641.979, "cy": 514.491}, "camera_to_world_matrix": [0.910377, 0.292443, 0.292726, -11.0183, 0.413247, -0.606805, -0.678979, 6.64965, -0.0209343, 0.739096, -0.673274, 1.39862, 0.0, 0.0, 0.0, 1.0]}, "1b48df86b7a149fa8e90161265def866_d0_4.png": {"intrinsics": {"fx": 1074.09, "fy": 1074.98, "cx": 641.979, "cy": 514.491}, "camera_to_world_matrix": [0.812885, -0.368608, -0.450938, -11.0038, -0.581996, -0.543723, -0.604685, 6.64815, -0.022294, 0.753984, -0.656514, 1.3983, 0.0, 0.0, 0.0, 1.0]}, "1b48df86b7a149fa8e90161265def866_d0_5.png": {"intrinsics": {"fx": 1074.09, "fy": 1074.98, "cx": 641.979, "cy": 514.491}, "camera_to_world_matrix": [-0.09756, -0.644462, -0.758386, -10.9979, -0.995222, 0.0604494, 0.0766584, 6.63487, -0.0035594, 0.762242, -0.647282, 1.39812, 0.0, 0.0, 0.0, 1.0]}, "1b48df86b7a149fa8e90161265def866_d1_0.png": {"intrinsics": {"fx": 1068.49, "fy": 1068.66, "cx": 632.02, "cy": 530.493}, "camera_to_world_matrix": [-0.912429, 0.0320355, -0.407979, -11.0102, -0.408198, -0.000326553, 0.912893, 6.63306, 0.0291118, 0.999487, 0.0133746, 1.43164, 0.0, 0.0, 0.0, 1.0]}, "1b48df86b7a149fa8e90161265def866_d1_1.png": {"intrinsics": {"fx": 1068.49, "fy": 1068.66, "cx": 632.02, "cy": 530.493}, "camera_to_world_matrix": [-0.809424, 0.0298863, 0.586464, -11.0137, 0.58644, -0.010472, 0.809925, 6.63342, 0.0303471, 0.999498, -0.00905038, 1.43172, 0.0, 0.0, 0.0, 1.0]}, "1b48df86b7a149fa8e90161265def866_d1_2.png": {"intrinsics": {"fx": 1068.49, "fy": 1068.66, "cx": 632.02, "cy": 530.493}, "camera_to_world_matrix": [0.103252, 0.0200276, 0.994453, -11.0151, 0.994588, -0.0136835, -0.102991, 6.63661, 0.011545, 0.999706, -0.0213322, 1.43177, 0.0, 0.0, 0.0, 1.0]}, "1b48df86b7a149fa8e90161265def866_d1_3.png": {"intrinsi