{"01b9f3583d5e45739e01e0b3cfe21c09_d0_0.png": {"intrinsics": {"fx": 1074.34, "fy": 1074.88, "cx": 628.711, "cy": 502.836}, "camera_to_world_matrix": [-0.462966, 0.603229, 0.649444, 4.36375, 0.88632, 0.306822, 0.346839, -6.50906, 0.00996005, 0.73619, -0.676702, 2.26994, 0.0, 0.0, 0.0, 1.0]}, "01b9f3583d5e45739e01e0b3cfe21c09_d0_1.png": {"intrinsics": {"fx": 1074.34, "fy": 1074.88, "cx": 628.711, "cy": 502.836}, "camera_to_world_matrix": [0.536102, 0.568595, 0.623936, 4.36422, 0.844144, -0.364585, -0.393063, -6.49452, 0.00398399, 0.737413, -0.67543, 2.26992, 0.0, 0.0, 0.0, 1.0]}, "01b9f3583d5e45739e01e0b3cfe21c09_d0_2.png": {"intrinsics": {"fx": 1074.34, "fy": 1074.88, "cx": 628.711, "cy": 502.836}, "camera_to_world_matrix": [0.999107, -0.030172, -0.0295865, 4.37705, -0.0421822, -0.670281, -0.740908, -6.48765, 0.00252335, 0.741494, -0.670954, 2.26983, 0.0, 0.0, 0.0, 1.0]}, "01b9f3583d5e45739e01e0b3cfe21c09_d0_3.png": {"intrinsics": {"fx": 1074.34, "fy": 1074.88, "cx": 628.711, "cy": 502.836}, "camera_to_world_matrix": [0.463034, -0.594291, -0.657585, 4.38941, -0.886313, -0.304563, -0.348844, -6.49533, 0.00703868, 0.744353, -0.66775, 2.26977, 0.0, 0.0, 0.0, 1.0]}, "01b9f3583d5e45739e01e0b3cfe21c09_d0_4.png": {"intrinsics": {"fx": 1074.34, "fy": 1074.88, "cx": 628.711, "cy": 502.836}, "camera_to_world_matrix": [-0.536032, -0.55963, -0.632048, 4.38893, -0.844098, 0.366843, 0.391057, -6.50987, 0.0130147, 0.743129, -0.669022, 2.26979, 0.0, 0.0, 0.0, 1.0]}, "01b9f3583d5e45739e01e0b3cfe21c09_d0_5.png": {"intrinsics": {"fx": 1074.34, "fy": 1074.88, "cx": 628.711, "cy": 502.836}, "camera_to_world_matrix": [-0.999003, 0.0391487, 0.0214879, 4.37611, 0.0422471, 0.672515, 0.738877, -6.51674, 0.0144751, 0.739048, -0.673498, 2.26988, 0.0, 0.0, 0.0, 1.0]}, "01b9f3583d5e45739e01e0b3cfe21c09_d1_0.png": {"intrinsics": {"fx": 1074.82, "fy": 1075.73, "cx": 638.427, "cy": 508.386}, "camera_to_world_matrix": [-0.471764, 0.00144248, 0.881724, 4.37369, 0.881675, -0.0100284, 0.471754, -6.5038, 0.00952248, 0.999949, 0.00346018, 2.30313, 0.0, 0.0, 0.0, 1.0]}, "01b9f3583d5e45739e01e0b3cfe21c09_d1_1.png": {"intrinsics": {"fx": 1074.82, "fy": 1075.73, "cx": 638.427, "cy": 508.386}, "camera_to_world_matrix": [0.527678, -0.00624863, 0.849422, 4.3738, 0.849438, -0.000273261, -0.52769, -6.5003, 0.00352919, 0.999981, 0.00516459, 2.30312, 0.0, 0.0, 0.0, 1.0]}, "01b9f3583d5e45739e01e0b3cfe21c09_d1_2.png": {"intrinsics": {"fx": 1074.82, "fy": 1075.73, "cx": 638.427, "cy": 508.386}, "camera_to_world_matrix": [0.999479, -0.00164608, -0.0322638, 4.37689, -0.0322436, 0.011265, -0.999417, -6.49865, 0.00200831, 0.999936, 0.011207, 2.3031, 0.0, 0.0, 0.0, 1.0]}, "01b9f3583d5e45739e01e0b3cfe21c09_d1_3.png": {"intrinsics": {"fx": 1074.82, "fy": 1075.73, "cx": 638.427, "cy": 508.386}, "camera_to_world_matrix": [0.471826, 0.0106475, -0.881628, 4.37986, -0.881669, 0.0130478, -0.471691, -6.50049, 0.00648075, 0.999859, 0.0155448, 2.30308, 0.0, 0.0, 0.0, 1.0]}, "01b9f3583d5e45739e01e0b3cfe21c09_d1_4.png": {"intrinsics": {"fx": 1074.82, "fy": 1075.73, "cx": 638.427, "cy": 508.386}, "camera_to_world_matrix": [-0.527615, 0.0183382, -0.849287, 4.37975, -0.849393, 0.00329243, 0.527752, -6.50399, 0.012474, 0.999827, 0.0138402, 2.30309, 0.0, 0.0, 0.0, 1.0]}, "01b9f3583d5e45739e01e0b3cfe21c09_d1_5.png": {"intrinsics": {"fx": 1074.82, "fy": 1075.73, "cx": 638.427, "cy": 508.386}, "camera_to_world_matrix": [-0.999381, 0.0137352, 0.0324179, 4.37666, 0.0323069, -0.00824562, 0.999445, -6.50564, 0.0139946, 0.999872, 0.00779773, 2.30311, 0.0, 0.0, 0.0, 1.0]}, "01b9f3583d5e45739e01e0b3cfe21c09_d2_0.png": {"intrinsics": {"fx": 1076.91, "fy": 1077.36, "cx": 631.79, "cy": 516.81}, "camera_to_world_matrix": [-0.482565, -0.578079, 0.657994, 4.36415, 0.875751, -0.330427, 0.351969, -6.50896, 0.013953, 0.746086, 0.665706, 2.33644, 0.0, 0.0, 0.0, 1.0]}, "01b9f3583d5e45739e01e0b3cfe21c09_d2_1.png": {"intrinsics": {"fx": 1076.91, "fy": 1077.36, "cx": 631.79, "cy": 516.81}, "camera_to_world_matrix": [0.517155, -0.57392, 0.634955, 4.36462, 0.855857, 0.339881, -0.389861, -6.49442, 0.00793943, 0.745049, 0.666965, 2.33642, 0.0, 0.0, 0.0, 1.0]}, "01b9f3583d5e45739e01e0b3cfe21c09_d2_2.png": {"intrinsics": {"fx": 1076.91, "fy": 1077.36, "cx": 631.79, "cy": 516.81}, "camera_to_world_matrix": [0.999783, 0.00865775, -0.0190017, 4.37745, -0.0198947, 0.671421, -0.74081, -6.48755, 0.00634413, 0.741026, 0.671448, 2.33633, 0.0, 0.0, 0.0, 1.0]}, "01b9f3583d5e45739e01e0b3cfe21c09_d2_3.png": {"intrinsics": {"fx": 1076.91, "fy": 1077.36, "cx": 631.79, "cy": 516.81}, "camera_to_world_matrix": [0.482681, 0.587064, -0.649905, 4.38981, -0.875732, 0.332645, -0.349919, -6.49523, 0.0107625, 0.738041, 0.674672, 2.33627, 0.0, 0.0, 0.0, 1.0]}, "01b9f3583d5e45739e01e0b3cfe21c09_d2_4.png": {"intrinsics": {"fx": 1076.91, "fy": 1077.36, "cx": 631.79, "cy": 516.81}, "camera_to_world_matrix": [-0.517039, 0.582879, -0.626837, 4.38934, -0.855799, -0.337663, 0.39191, -6.50977, 0.016776, 0.739078, 0.673413, 2.33629, 0.0, 0.0, 0.0, 1.0]}, "01b9f3583d5e45739e01e0b3cfe21c09_d2_5.png": {"intrinsics": {"fx": 1076.91, "fy": 1077.36, "cx": 631.79, "cy": 516.81}, "camera_to_world_matrix": [-0.999633, 0.000288005, 0.0271339, 4.37651, 0.0199712, -0.66918, 0.742833, -6.51664, 0.0183711, 0.743101, 0.668929, 2.33638, 0.0, 0.0, 0.0, 1.0]}, "01f2afc7ba584593aa5712707d285507_d0_0.png": {"intrinsics": {"fx": 1074.34, "fy": 1074.88, "cx": 628.711, "cy": 502.836}, "camera_to_world_matrix": [-0.913468, -0.275049, -0.299875, 4.38907, -0.40656, 0.586284, 0.700701, -4.06545, -0.0169156, 0.761985, -0.647374, 1.46907, 0.0, 0.0, 0.0, 1.0]}, "01f2afc7ba584593aa5712707d285507_d0_1.png": {"intrinsics": {"fx": 1074.34, "fy": 1074.88, "cx": 628.711, "cy": 502.836}, "camera_to_world_matrix": [-0.809146, 0.392865, 0.436967, 4.37459, 0.587102, 0.509686, 0.628913, -4.06407, 0.024362, 0.765427, -0.643062, 1.46899, 0.0, 0.0, 0.0, 1.0]}, "01f2afc7ba584593aa5712707d285507_d0_2.png": {"intrinsics": {"fx": 1074.34, "fy": 1074.88, "cx": 628.711, "cy": 502.836}, "camera_to_world_matrix": [0.104256, 0.660657, 0.743414, 4.36853, 0.993305, -0.106574, -0.044591, -4.05085, 0.0497694, 0.743085, -0.667344, 1.46946, 0.0, 0.0, 0.0, 1.0]}, "01f2afc7ba584593aa5712707d285507_d0_3.png": {"intrinsics": {"fx": 1074.34, "fy": 1074.88, "cx": 628.711, "cy": 502.836}, "camera_to_world_matrix": [0.913317, 0.260528, 0.313013, 4.37697, 0.405836, -0.646223, -0.646292, -4.039, 0.0338984, 0.717302, -0.695938, 1.47003, 0.0, 0.0, 0.0, 1.0]}, "01f2afc7ba584593aa5712707d285507_d0_4.png": {"intrinsics": {"fx": 1074.34, "fy": 1074.88, "cx": 628.711, "cy": 502.836}, "camera_to_world_matrix": [0.808957, -0.407383, -0.423826, 4.39145, -0.587822, -0.569599, -0.574476, -4.04038, -0.00737947, 0.71386, -0.700249, 1.47011, 0.0, 0.0, 0.0, 1.0]}, "01f2afc7ba584593aa5712707d285507_d0_5.png": {"intrinsics": {"fx": 1074.34, "fy": 1074.88, "cx": 628.711, "cy": 502.836}, "camera_to_world_matrix": [-0.104462, -0.67515, -0.730247, 4.3975, -0.993989, 0.0466713, 0.0990402, -4.05361, -0.0327855, 0.736203, -0.675967, 1.46964, 0.0, 0.0, 0.0, 1.0]}, "01f2afc7ba584593aa5712707d285507_d1_0.png": {"intrinsics": {"fx": 1074.82, "fy": 1075.73, "cx": 638.427, "cy": 508.386}, "camera_to_world_matrix": [-0.909375, 0.00143804, -0.415977, 4.38415, -0.415601, -0.0457862, 0.908394, -4.05675, -0.01774, 0.998951, 0.0422354, 1.50266, 0.0, 0.0, 0.0, 1.0]}, "01f2afc7ba584593aa5712707d285507_d1_1.png": {"intrinsics": {"fx": 1074.82, "fy": 1075.73, "cx": 638.427, "cy": 508.386}, "camera_to_world_matrix": [-0.81495, -0.00877672, 0.579466, 4.38066, 0.579057, -0.0528449, 0.813573, -4.05642, 0.0234811, 0.998565, 0.0481491, 1.50264, 0.0, 0.0, 0.0, 1.0]}, "01f2afc7ba584593aa5712707d285507_d1_2.png": {"intrinsics": {"fx": 1074.82, "fy": 1075.73, "cx": 638.427, "cy": 508.386}, "camera_to_world_matrix": [0.0943651, -0.0200053, 0.995337, 4.37921, 0.994321, -0.0475323, -0.0952238, -4.05324, 0.0492154, 0.99867, 0.0154073, 1.50275, 0.0, 0.0, 0.0, 1.0]}, "01f2afc7ba584593aa5712707d285507_d1_3.png": {"intrinsics": {"fx": 1074.82, "fy": 1075.73, "cx": 638.427, "cy": 508.386}, "camera_to_world_matrix": [0.909235, -0.0210189, 0.415756, 4.38124, 0.414918, -0.0351611, -0.90918, -4.05039, 0.0337281, 0.999161, -0.0232476, 1.50288, 0.0, 0.0, 0.0, 1.0]}, "01f2afc7ba584593aa5712707d285507_d1_4.png": {"intrinsics": {"fx": 1074.82, "fy": 1075.73, "cx": 638.427, "cy": 508.386}, "camera_to_world_matrix": [0.814771, -0.0108039, -0.579684, 4.38472, -0.579737, -0.0281027, -0.81432, -4.05072, -0.00749318, 0.999547, -0.0291597, 1.50291, 0.0, 0.0, 0.0, 1.0]}, "01f2afc7ba584593aa5712707d285507_d1_5.png": {"intrinsics": {"fx": 1074.82, "fy": 1075.73, "cx": 638.427, "cy": 508.386}, "camera_to_world_matrix": [-0.0945608, 0.00042452, -0.99552, 4.38618, -0.994966, -0.0334158, 0.0944935, -4.0539, -0.0332262, 0.999442, 0.00358315, 1.50279, 0.0, 0.0, 0.0, 1.0]}, "01f2afc7ba584593aa5712707d285507_d2_0.png": {"intrinsics": {"fx": 1076.91, "fy": 1077.36, "cx": 631.79, "cy": 516.81}, "camera_to_world_matrix": [-0.904173, 0.287335, -0.316089, 4.38842, -0.426947, -0.631759, 0.646991, -4.06814, -0.0137886, 0.719944, 0.693897, 1.53552, 0.0, 0.0, 0.0, 1.0]}, "01f2afc7ba584593aa5712707d285507_d2_1.png": {"intrinsics": {"fx": 1076.91, "fy": 1077.36, "cx": 631.79, "cy": 516.81}, "camera_to_world_matrix": [-0.822049, -0.38138, 0.422831, 4.37393, 0.568762, -0.585622, 0.577545, -4.06676, 0.0273545, 0.71526, 0.698325, 1.53543, 0.0, 0.0, 0.0, 1.0]}, "01f2afc7ba584593aa5712707d285507_d2_2.png": {"intrinsics": {"fx": 1076.91, "fy": 1077.36, "cx": 631.79, "cy": 516.81}, "camera_to_world_matrix": [0.082022, -0.675973, 0.732348, 4.36788, 0.995196, 0.0161127, -0.0965871, -4.05354, 0.0534899, 0.736751, 0.674048, 1.53591, 0.0, 0.0, 0.0, 1.0]}, "01f2afc7ba584593aa5712707d285507_d2_3.png": {"intrinsics": {"fx": 1076.91, "fy": 1077.36, "cx": 631.79, "cy": 516.81}, "camera_to_world_matrix": [0.903948, -0.301844, 0.302938, 4.37632, 0.425911, 0.571697, -0.701259, -4.04169, 0.0384817, 0.762925, 0.645343, 1.53647, 0.0, 0.0, 0.0, 1.0]}, "01f2afc7ba584593aa5712707d285507_d2_4.png": {"intrinsics": {"fx": 1076.91, "fy": 1077.36, "cx": 631.79, "cy": 516.81}, "camera_to_world_matrix": [0.821785, 0.36687, -0.435979, 4.3908, -0.569795, 0.525533, -0.631784, -4.04307, -0.00266165, 0.767608, 0.640916, 1.53655, 0.0, 0.0, 0.0, 1.0]}, "01f2afc7ba584593aa5712707d285507_d2_5.png": {"intrinsics": {"fx": 1076.91, "fy": 1077.36, "cx": 631.79, "cy": 516.81}, "camera_to_world_matrix": [-0.0823031, 0.66144, -0.745469, 4.39685, -0.996193, -0.076213, 0.0423606, -4.0563, -0.0287958, 0.746117, 0.665194, 1.53608, 0.0, 0.0, 0.0, 1.0]}, "0608309a14594ef9ac53c26b9e03a1ae_d0_0.png": {"intrinsics": {"fx": 1074.34, "fy": 1074.88, "cx": 628.711, "cy": 502.836}, "camera_to_world_matrix": [0.387265, -0.624328, -0.678411, 12.2079, -0.921869, -0.251379, -0.294902, -3.27783, 0.0135767, 0.739611, -0.672898, 5.00427, 0.0, 0.0, 0.0, 1.0]}, "0608309a14594ef9ac53c26b9e03a1ae_d0_1.png": {"intrinsics": {"fx": 1074.34, "fy": 1074.88, "cx": 628.711, "cy": 502.836}, "camera_to_world_matrix": [-0.604792, -0.533671, -0.59112, 12.2062, -0.796318, 0.414776, 0.440271, -3.29228, 0.0102226, 0.736992, -0.675824, 5.00433, 0.0, 0.0, 0.0, 1.0]}, "0608309a14594ef9ac53c26b9e03a1ae_d0_2.png": {"intrinsics": {"fx": 1074.34, "fy": 1074.88, "cx": 628.711, "cy": 502.836}, "camera_to_world_matrix": [-0.992067, 0.0885707, 0.0892096, 12.1929, 0.125605, 0.669342, 0.732261, -3.29805, 0.00514517, 0.737657, -0.675156, 5.00432, 0.0, 0.0, 0.0, 1.0]}, "0608309a14594ef9ac53c26b9e03a1ae_d0_3.png": {"intrinsics": {"fx": 1074.34, "fy": 1074.88, "cx": 628.711, "cy": 502.836}, "camera_to_world_matrix": [-0.387277, 0.620141, 0.682234, 12.1812, 0.921957, 0.257746, 0.289072, -3.28936, 0.0034219, 0.740941, -0.671562, 5.00425, 0.0, 0.0, 0.0, 1.0]}, "0608309a14594ef9ac53c26b9e03a1ae_d0_4.png": {"intrinsics": {"fx": 1074.34, "fy": 1074.88, "cx": 628.711, "cy": 502.836}, "camera_to_world_matrix": [0.604775, 0.529458, 0.594914, 12.1829, 0.796368, -0.408406, -0.446098, -3.27491, 0.0067762, 0.743559, -0.668636, 5.00419, 0.0, 0.0, 0.0, 1.0]}, "0608309a14594ef9ac53c26b9e03a1ae_d0_5.png": {"intrinsics": {"fx": 1074.34, "fy": 1074.88, "cx": 628.711, "cy": 502.836}, "camera_to_world_matrix": [0.992014, -0.0927937, -0.0854274, 12.1963, -0.125571, -0.662947, -0.738061, -3.26914, 0.0118536, 0.742894, -0.669304, 5.0042, 0.0, 0.0, 0.0, 1.0]}, "0608309a14594ef9ac53c26b9e03a1ae_d1_0.png": {"intrinsics": {"fx": 1074.82, "fy": 1075.73, "cx": 638.427, "cy": 508.386}, "camera_to_world_matrix": [0.396419, 0.00271666, -0.918066, 12.1977, -0.917978, 0.0154293, -0.396335, -3.28206, 0.0130881, 0.999878, 0.00861124, 5.03751, 0.0, 0.0, 0.0, 1.0]}, "0608309a14594ef9ac53c26b9e03a1ae_d1_1.png": {"intrinsics": {"fx": 1074.82, "fy": 1075.73, "cx": 638.427, "cy": 508.386}, "camera_to_world_matrix": [-0.596842, 0.00956522, -0.802303, 12.1973, -0.8023, 0.00506542, 0.5969, -3.28554, 0.00977322, 0.999942, 0.00465188, 5.03753, 0.0, 0.0, 0.0, 1.0]}, "0608309a14594ef9ac53c26b9e03a1ae_d1_2.png": {"intrinsics": {"fx": 1074.82, "fy": 1075.73, "cx": 638.427, "cy": 508.386}, "camera_to_world_matrix": [-0.993271, 0.00401388, 0.115755, 12.1941, 0.11573, -0.00604754, 0.993263, -3.28693, 0.00468661, 0.999974, 0.00554327, 5.03752, 0.0, 0.0, 0.0, 1.0]}, "0608309a14594ef9ac53c26b9e03a1ae_d1_3.png": {"intrinsics": {"fx": 1074.82, "fy": 1075.73, "cx": 638.427, "cy": 508.386}, "camera_to_world_matrix": [-0.396429, -0.00838589, 0.918028, 12.1913, 0.918062, -0.0067964, 0.396381, -3.28484, 0.00291501, 0.999942, 0.010394, 5.03751, 0.0, 0.0, 0.0, 1.0]}, "0608309a14594ef9ac53c26b9e03a1ae_d1_4.png": {"intrinsics": {"fx": 1074.82, "fy": 1075.73, "cx": 638.427, "cy": 508.386}, "camera_to_world_matrix": [0.596828, -0.0152341, 0.802225, 12.1917, 0.802346, 0.00356771, -0.59685, -3.28136, 0.00623007, 0.999878, 0.0143532, 5.03749, 0.0, 0.0, 0.0, 1.0]}, "0608309a14594ef9ac53c26b9e03a1ae_d1_5.png": {"intrinsics": {"fx": 1074.82, "fy": 1075.73, "cx": 638.427, "cy": 508.386}, "camera_to_world_matrix": [0.993221, -0.00968228, -0.115848, 12.1949, -0.1157, 0.0146805, -0.993177, -3.27998, 0.0113166, 0.999846, 0.0134616, 5.0375, 0.0, 0.0, 0.0, 1.0]}, "0608309a14594ef9ac53c26b9e03a1ae_d2_0.png": {"intrinsics": {"fx": 1076.91, "fy": 1077.36, "cx": 631.79, "cy": 516.81}, "camera_to_world_matrix": [0.407692, 0.606154, -0.68291, 12.2077, -0.912954, 0.284884, -0.292162, -3.27754, 0.0174547, 0.742576, 0.669536, 5.07077, 0.0, 0.0, 0.0, 1.0]}, "0608309a14594ef9ac53c26b9e03a1ae_d2_1.png": {"intrinsics": {"fx": 1076.91, "fy": 1077.36, "cx": 631.79, "cy": 516.81}, "camera_to_world_matrix": [-0.586878, 0.545958, -0.597918, 12.2061, -0.809553, -0.382724, 0.445139, -3.29199, 0.0141891, 0.745287, 0.666594, 5.07083, 0.0, 0.0, 0.0, 1.0]}, "0608309a14594ef9ac53c26b9e03a1ae_d2_2.png": {"intrinsics": {"fx": 1076.91, "fy": 1077.36, "cx": 631.79, "cy": 516.81}, "camera_to_world_matrix": [-0.994592, -0.0623117, 0.0831048, 12.1927, 0.103473, -0.664396, 0.740184, -3.29776, 0.00909206, 0.744779, 0.667251, 5.07082, 0.0, 0.0, 0.0, 1.0]}, "0608309a14594ef9ac53c26b9e03a1ae_d2_3.png": {"intrinsics": {"fx": 1076.91, "fy": 1077.36, "cx": 631.79, "cy": 516.81}, "camera_to_world_matrix": [-0.407727, -0.610372, 0.679122, 12.181, 0.913077, -0.278454, 0.297922, -3.28908, 0.00726078, 0.74156, 0.67085, 5.07075, 0.0, 0.0, 0.0, 1.0]}, "0608309a14594ef9ac53c26b9e03a1ae_d2_4.png": {"intrinsics": {"fx": 1076.91, "fy": 1077.36, "cx": 631.79, "cy": 516.81}, "camera_to_world_matrix": [0.58684, -0.55015, 0.594102, 12.1827, 0.809637, 0.389152, -0.439376, -3.27462, 0.0105266, 0.738848, 0.673791, 5.07069, 0.0, 0.0, 0.0, 1.0]}, "0608309a14594ef9ac53c26b9e03a1ae_d2_5.png": {"intrinsics": {"fx": 1076.91, "fy": 1077.36, "cx": 631.79, "cy": 516.81}, "camera_to_world_matrix": [0.994518, 0.0581309, -0.0869332, 12.1961, -0.103405, 0.6708, -0.734395, -3.26886, 0.0156235, 0.739357, 0.673134, 5.0707, 0.0, 0.0, 0.0, 1.0]}, "07828abd68f54c2ba9ede7aa649932df_d0_0.png": {"intrinsics": {"fx": 1074.34, "fy": 1074.88, "cx": 628.711, "cy": 502.836}, "camera_to_world_matrix": [-0.50171, 0.615628, 0.607693, 4.44679, 0.864079, 0.323619, 0.385537, -5.00227, 0.0406863, 0.718522, -0.694313, 1.47208, 0.0, 0.0, 0.0, 1.0]}, "07828abd68f54c2ba9ede7aa649932df_d0_1.png": {"intrinsics": {"fx": 1074.34, "fy": 1074.88, "cx": 628.711, "cy": 502.836}, "camera_to_world_matrix": [0.497338, 0.611321, 0.615583, 4.44661, 0.867554, -0.34862, -0.354704, -4.98772, -0.00223369, 0.710459, -0.703736, 1.47227, 0.0, 0.0, 0.0, 1.0]}, "07828abd68f54c2ba9ede7aa649932df_d0_2.png": {"intrinsics": {"fx": 1074.34, "fy": 1074.88, "cx": 628.711, "cy": 502.836}, "camera_to_world_matrix": [0.999402, 0.0274838, -0.021005, 4.4591, 0.0033514, -0.681306, -0.731992, -4.98028, -0.0344287, 0.731483, -0.68099, 1.47182, 0.0, 0.0, 0.0, 1.0]}, "07828abd68f54c2ba9ede7aa649932df_d0_3.png": {"intrinsics": {"fx": 1074.34, "fy": 1074.88, "cx": 628.711, "cy": 502.836}, "camera_to_world_matrix": [0.502406, -0.552034, -0.665467, 4.47178, -0.864307, -0.341746, -0.369031, -4.98739, -0.0237032, 0.760571, -0.648822, 1.47119, 0.0, 0.0, 0.0, 1.0]}, "07828abd68f54c2ba9ede7aa649932df_d0_4.png": {"intrinsics": {"fx": 1074.34, "fy": 1074.88, "cx": 628.711, "cy": 502.836}, "camera_to_world_matrix": [-0.496642, -0.547702, -0.673328, 4.47197, -0.867743, 0.330493, 0.371211, -5.00194, 0.0192172, 0.768634, -0.6394, 1.471, 0.0, 0.0, 0.0, 1.0]}, "07828abd68f54c2ba9ede7aa649932df_d0_5.png": {"intrinsics": {"fx": 1074.34, "fy": 1074.88, "cx": 628.711, "cy": 502.836}, "camera_to_world_matrix": [-0.998672, 0.0361487, -0.0367256, 4.45947, -0.00352056, 0.663156, 0.748474, -5.00938, 0.0514111, 0.747609, -0.662147, 1.47145, 0.0, 0.0, 0.0, 1.0]}, "07828abd68f54c2ba9ede7aa649932df_d1_0.png": {"intrinsics": {"fx": 1074.82, "fy": 1075.73, "cx": 638.427, "cy": 508.386}, "camera_to_world_matrix": [-0.5103, 0.0388839, 0.859118, 4.45771, 0.859044, -0.0239932, 0.511342, -4.99703, 0.0404956, 0.998956, -0.0211583, 1.50496, 0.0, 0.0, 0.0, 1.0]}, "07828abd68f54c2ba9ede7aa649932df_d1_1.png": {"intrinsics": {"fx": 1074.82, "fy": 1075.73, "cx": 638.427, "cy": 508.386}, "camera_to_world_matrix": [0.488674, 0.0307679, 0.871925, 4.45767, 0.872465, -0.0146, -0.488461, -4.99353, -0.00229907, 0.99942, -0.0339776, 1.505, 0.0, 0.0, 0.0, 1.0]}, "07828abd68f54c2ba9ede7aa649932df_d1_2.png": {"intrinsics": {"fx": 1074.82, "fy": 1075.73, "cx": 638.427, "cy": 508.386}, "camera_to_world_matrix": [0.999307, 0.0348416, 0.0131955, 4.46067, 0.0133029, -0.00286458, -0.999908, -4.99174, -0.0348008, 0.999389, -0.00332515, 1.5049, 0.0, 0.0, 0.0, 1.0]}, "07828abd68f54c2ba9ede7aa649932df_d1_3.png": {"intrinsics": {"fx": 1074.82, "fy": 1075.73, "cx": 638.427, "cy": 508.386}, "camera_to_world_matrix": [0.510954, 0.0470311, -0.858321, 4.46372, -0.85926, -0.000522546, -0.511541, -4.99345, -0.0245071, 0.998894, 0.0401459, 1.50474, 0.0, 0.0, 0.0, 1.0]}, "07828abd68f54c2ba9ede7aa649932df_d1_4.png": {"intrinsics": {"fx": 1074.82, "fy": 1075.73, "cx": 638.427, "cy": 508.386}, "camera_to_world_matrix": [-0.488021, 0.0551468, -0.871089, 4.46377, -0.872642, -0.00991601, 0.488262, -4.99695, 0.0182881, 0.99843, 0.0529635, 1.5047, 0.0, 0.0, 0.0, 1.0]}, "07828abd68f54c2ba9ede7aa649932df_d1_5.png": {"intrinsics": {"fx": 1074.82, "fy": 1075.73, "cx": 638.427, "cy": 508.386}, "camera_to_world_matrix": [-0.99862, 0.0510727, -0.0123398, 4.46076, -0.0134599, -0.0216513, 0.999676, -4.99874, 0.0507887, 0.998461, 0.0223098, 1.50481, 0.0, 0.0, 0.0, 1.0]}, "07828abd68f54c2ba9ede7aa649932df_d2_0.png": {"intrinsics": {"fx": 1076.91, "fy": 1077.36, "cx": 631.79, "cy": 516.81}, "camera_to_world_matrix": [-0.520652, -0.534621, 0.66566, 4.44965, 0.852572, -0.366866, 0.3722, -5.00309, 0.045222, 0.761308, 0.646813, 1.53851, 0.0, 0.0, 0.0, 1.0]}, "07828abd68f54c2ba9ede7aa649932df_d2_1.png": {"intrinsics": {"fx": 1076.91, "fy": 1077.36, "cx": 631.79, "cy": 516.81}, "camera_to_world_matrix": [0.478043, -0.560682, 0.676101, 4.44946, 0.878334, 0.302884, -0.369855, -4.98854, 0.00259072, 0.770648, 0.637258, 1.5387, 0.0, 0.0, 0.0, 1.0]}, "07828abd68f54c2ba9ede7aa649932df_d2_2.png": {"intrinsics": {"fx": 1076.91, "fy": 1077.36, "cx": 631.79, "cy": 516.81}, "camera_to_world_matrix": [0.999215, 0.00583205, 0.0392187, 4.46196, 0.0255908, 0.660646, -0.750262, -4.9811, -0.0302855, 0.750675, 0.659979, 1.53825, 0.0, 0.0, 0.0, 1.0]}, "07828abd68f54c2ba9ede7aa649932df_d2_3.png": {"intrinsics": {"fx": 1076.91, "fy": 1077.36, "cx": 631.79, "cy": 516.81}, "camera_to_world_matrix": [0.521681, 0.598395, -0.60809, 4.47464, -0.852896, 0.34865, -0.388607, -4.9882, -0.0205297, 0.721365, 0.692253, 1.53762, 0.0, 0.0, 0.0, 1.0]}, "07828abd68f54c2ba9ede7aa649932df_d2_4.png": {"intrinsics": {"fx": 1076.91, "fy": 1077.36, "cx": 631.79, "cy": 516.81}, "camera_to_world_matrix": [-0.477016, 0.62443, -0.618502, 4.47483, -0.878619, -0.321101, 0.353448, -5.00275, 0.0221021, 0.712027, 0.701806, 1.53744, 0.0, 0.0, 0.0, 1.0]}, "07828abd68f54c2ba9ede7aa649932df_d2_5.png": {"intrinsics": {"fx": 1076.91, "fy": 1077.36, "cx": 631.79, "cy": 516.81}, "camera_to_world_matrix": [-0.998155, 0.0579019, 0.0183949, 4.46233, -0.0258545, -0.678841, 0.733831, -5.01019, 0.0549771, 0.731999, 0.679085, 1.53788, 0.0, 0.0, 0.0, 1.0]}, "09f9715c7163456e9a934c5bb8a0e2c6_d0_0.png": {"intrinsics": {"fx": 1074.34, "fy": 1074.88, "cx": 628.711, "cy": 502.836}, "camera_to_world_matrix": [-0.930185, -0.235221, -0.281829, 0.748366, -0.36673, 0.62951, 0.685001, -1.91705, 0.0162875, 0.740533, -0.671823, 1.48291, 0.0, 0.0, 0.0, 1.0]}, "09f9715c7163456e9a934c5bb8a0e2c6_d0_1.png": {"intrinsics": {"fx": 1074.34, "fy": 1074.88, "cx": 628.711, "cy": 502.836}, "camera_to_world_matrix": [-0.782675, 0.428749, 0.451215, 0.733955, 0.6223, 0.524103, 0.581429, -1.91505, 0.0128038, 0.735861, -0.677012, 1.48301, 0.0, 0.0, 0.0, 1.0]}, "09f9715c7163456e9a934c5bb8a0e2c6_d0_2.png": {"intrinsics": {"fx": 1074.34, "fy": 1074.88, "cx": 628.711, "cy": 502.836}, "camera_to_world_matrix": [0.147591, 0.669453, 0.728046, 0.728485, 0.989036, -0.103631, -0.105209, -1.90157, 0.00501545, 0.735591, -0.677407, 1.48302, 0.0, 0.0, 0.0, 1.0]}, "09f9715c7163456e9a934c5bb8a0e2c6_d0_3.png": {"intrinsics": {"fx": 1074.34, "fy": 1074.88, "cx": 628.711, "cy": 502.836}, "camera_to_world_matrix": [0.930326, 0.246182, 0.271826, 0.737426, 0.366735, -0.625943, -0.68826, -1.89009, 0.000710812, 0.739994, -0.672614, 1.48292, 0.0, 0.0, 0.0, 1.0]}, "09f9715c7163456e9a934c5bb8a0e2c6_d0_4.png": {"intrinsics": {"fx": 1074.34, "fy": 1074.88, "cx": 628.711, "cy": 502.836}, "camera_to_world_matrix": [0.782777, -0.417784, -0.461214, 0.751837, -0.622289, -0.52051, -0.584659, -1.89209, 0.00419475, 0.744665, -0.667425, 1.48282, 0.0, 0.0, 0.0, 1.0]}, "09f9715c7163456e9a934c5bb8a0e2c6_d0_5.png": {"intrinsics": {"fx": 1074.34, "fy": 1074.88, "cx": 628.711, "cy": 502.836}, "camera_to_world_matrix": [-0.147504, -0.658463, -0.738017, 0.757307, -0.988989, 0.107233, 0.10199, -1.90558, 0.0119832, 0.744935, -0.66703, 1.48281, 0.0, 0.0, 0.0, 1.0]}, "09f9715c7163456e9a934c5bb8a0e2c6_d1_0.png": {"intrinsics": {"fx": 1074.82, "fy": 1075.73, "cx": 638.427, "cy": 508.386}, "camera_to_world_matrix": [-0.926499, 0.0184061, -0.375849, 0.744458, -0.375968, -0.00338079, 0.926627, -1.90673, 0.0157847, 0.999825, 0.0100534, 1.51616, 0.0, 0.0, 0.0, 1.0]}, "09f9715c7163456e9a934c5bb8a0e2c6_d1_1.png": {"intrinsics": {"fx": 1074.82, "fy": 1075.73, "cx": 638.427, "cy": 508.386}, "camera_to_world_matrix": [-0.788833, 0.00789316, 0.614558, 0.740992, 0.614485, -0.00999786, 0.788866, -1.90625, 0.0123706, 0.999919, 0.00303736, 1.51619, 0.0, 0.0, 0.0, 1.0]}, "09f9715c7163456e9a934c5bb8a0e2c6_d1_2.png": {"intrinsics": {"fx": 1074.82, "fy": 1075.73, "cx": 638.427, "cy": 508.386}, "camera_to_world_matrix": [0.137744, -0.0030938, 0.990464, 0.739676, 0.990458, -0.00420144, -0.137756, -1.90301, 0.0045873, 0.999987, 0.00248651, 1.51619, 0.0, 0.0, 0.0, 1.0]}, "09f9715c7163456e9a934c5bb8a0e2c6_d1_3.png": {"intrinsics": {"fx": 1074.82, "fy": 1075.73, "cx": 638.427, "cy": 508.386}, "camera_to_world_matrix": [0.926633, -0.00356757, 0.375954, 0.741827, 0.375971, 0.0082119, -0.926596, -1.90025, 0.000218136, 0.99996, 0.00895166, 1.51617, 0.0, 0.0, 0.0, 1.0]}, "09f9715c7163456e9a934c5bb8a0e2c6_d1_4.png": {"intrinsics": {"fx": 1074.82, "fy": 1075.73, "cx": 638.427, "cy": 508.386}, "camera_to_world_matrix": [0.788928, 0.00694563, -0.614448, 0.745293, -0.614477, 0.0148286, -0.788796, -1.90073, 0.00363242, 0.999866, 0.0159675, 1.51614, 0.0, 0.0, 0.0, 1.0]}, "09f9715c7163456e9a934c5bb8a0e2c6_d1_5.png": {"intrinsics": {"fx": 1074.82, "fy": 1075.73, "cx": 638.427, "cy": 508.386}, "camera_to_world_matrix": [-0.137664, 0.0179324, -0.990317, 0.746609, -0.990414, 0.00903171, 0.13784, -1.90397, 0.0114158, 0.999799, 0.0165181, 1.51614, 0.0, 0.0, 0.0, 1.0]}, "09f9715c7163456e9a934c5bb8a0e2c6_d2_0.png": {"intrinsics": {"fx": 1076.91, "fy": 1077.36, "cx": 631.79, "cy": 516.81}, "camera_to_world_matrix": [-0.921714, 0.273628, -0.274907, 0.748859, -0.387351, -0.612562, 0.689005, -1.91689, 0.020133, 0.74155, 0.670598, 1.54941, 0.0, 0.0, 0.0, 1.0]}, "09f9715c7163456e9a934c5bb8a0e2c6_d2_1.png": {"intrinsics": {"fx": 1076.91, "fy": 1077.36, "cx": 631.79, "cy": 516.81}, "camera_to_world_matrix": [-0.796291, -0.392469, 0.460315, 0.734448, 0.604683, -0.537576, 0.587684, -1.91489, 0.016806, 0.746311, 0.665387, 1.54951, 0.0, 0.0, 0.0, 1.0]}, "09f9715c7163456e9a934c5bb8a0e2c6_d2_2.png": {"intrinsics": {"fx": 1076.91, "fy": 1077.36, "cx": 631.79, "cy": 516.81}, "camera_to_world_matrix": [0.125532, -0.660582, 0.740185, 0.728978, 0.99205, 0.0767903, -0.0997146, -1.9014, 0.00903042, 0.746816, 0.664971, 1.54952, 0.0, 0.0, 0.0, 1.0]}, "09f9715c7163456e9a934c5bb8a0e2c6_d2_3.png": {"intrinsics": {"fx": 1076.91, "fy": 1077.36, "cx": 631.79, "cy": 516.81}, "camera_to_world_matrix": [0.921913, -0.262592, 0.284826, 0.73792, 0.387375, 0.616157, -0.685778, -1.88993, 0.00458196, 0.74256, 0.669765, 1.54942, 0.0, 0.0, 0.0, 1.0]}, "09f9715c7163456e9a934c5bb8a0e2c6_d2_4.png": {"intrinsics": {"fx": 1076.91, "fy": 1077.36, "cx": 631.79, "cy": 516.81}, "camera_to_world_matrix": [0.796451, 0.403502, -0.450392, 0.752331, -0.604654, 0.541146, -0.584429, -1.89193, 0.00790924, 0.737799, 0.674976, 1.54932, 0.0, 0.0, 0.0, 1.0]}, "09f9715c7163456e9a934c5bb8a0e2c6_d2_5.png": {"intrinsics": {"fx": 1076.91, "fy": 1077.36, "cx": 631.79, "cy": 516.81}, "camera_to_world_matrix": [-0.125388, 0.671592, -0.730235, 0.7578, -0.991985, -0.0732314, 0.102981, -1.90541, 0.0156849, 0.737294, 0.675392, 1.54931, 0.0, 0.0, 0.0, 1.0]}, "0afa10e3865a482684ff822f9678e32c_d0_0.png": {"intrinsics": {"fx": 1074.34, "fy": 1074.88, "cx": 628.711, "cy": 502.836}, "camera_to_world_matrix": [0.640792, 0.511298, 0.572679, 0.899376, 0.767712, -0.429011, -0.475993, -3.97708, 0.00231118, 0.744664, -0.667435, 4.92923, 0.0, 0.0, 0.0, 1.0]}, "0afa10e3865a482684ff822f9678e32c_d0_1.png": {"intrinsics": {"fx": 1074.34, "fy": 1074.88, "cx": 628.711, "cy": 502.836}, "camera_to_world_matrix": [0.985203, -0.122008, -0.120378, 0.912986, -0.171041, -0.654644, -0.736334, -3.97194, 0.011034, 0.746027, -0.665824, 4.9292, 0.0, 0.0, 0.0, 1.0]}, "0afa10e3865a482684ff822f9678e32c_d0_2.png": {"intrinsics": {"fx": 1074.34, "fy": 1074.88, "cx": 628.711, "cy": 502.836}, "camera_to_world_matrix": [0.34438, -0.634062, -0.692365, 0.924247, -0.938673, -0.219018, -0.266318, -3.98115, 0.0172219, 0.741619, -0.670601, 4.92929, 0.0, 0.0, 0.0, 1.0]}, "0afa10e3865a482684ff822f9678e32c_d0_3.png": {"intrinsics": {"fx": 1074.34, "fy": 1074.88, "cx": 628.711, "cy": 502.836}, "camera_to_world_matrix": [-0.640839, -0.512798, -0.571283, 0.921898, -0.767535, 0.442231, 0.464028, -3.99551, 0.0146867, 0.735847, -0.676989, 4.92941, 0.0, 0.0, 0.0, 1.0]}, "0afa10e3865a482684ff822f9678e32c_d0_4.png": {"intrinsics": {"fx": 1074.34, "fy": 1074.88, "cx": 628.711, "cy": 502.836}, "camera_to_world_matrix": [-0.985213, 0.120517, 0.121784, 0.908288, 0.171231, 0.667839, 0.724342, -4.00065, 0.0059638, 0.734484, -0.6786, 4.92945, 0.0, 0.0, 0.0, 1.0]}, "0afa10e3865a482684ff822f9678e32c_d0_5.png": {"intrinsics": {"fx": 1074.34, "fy": 1074.88, "cx": 628.711, "cy": 502.836}, "camera_to_world_matrix": [-0.34436, 0.632554, 0.693753, 0.897027, 0.938838, 0.232193, 0.254304, -3.99144, -0.000223796, 0.738893, -0.673823, 4.92935, 0.0, 0.0, 0.0, 1.0]}, "0afa10e3865a482684ff822f9678e32c_d1_0.png": {"intrinsics": {"fx": 1074.82, "fy": 1075.73, "cx": 638.427, "cy": 508.386}, "camera_to_world_matrix": [0.633128, -0.0134453, 0.773932, 0.907894, 0.774047, 0.00873784, -0.63307, -3.98378, 0.00174906, 0.999872, 0.0159404, 4.96255, 0.0, 0.0, 0.0, 1.0]}, "0afa10e3865a482684ff822f9678e32c_d1_1.png": {"intrinsics": {"fx": 1074.82, "fy": 1075.73, "cx": 638.427, "cy": 508.386}, "camera_to_world_matrix": [0.986861, -0.00738809, -0.161407, 0.911168, -0.161238, 0.019583, -0.986722, -3.98254, 0.0104506, 0.999781, 0.0181354, 4.96254, 0.0, 0.0, 0.0, 1.0]}, "0afa10e3865a482684ff822f9678e32c_d1_2.png": {"intrinsics": {"fx": 1074.82, "fy": 1075.73, "cx": 638.427, "cy": 508.386}, "camera_to_world_matrix": [0.353703, 0.00503306, -0.935345, 0.913877, -0.93521, 0.01976, -0.353545, -3.98476, 0.0167028, 0.999793, 0.0116971, 4.96256, 0.0, 0.0, 0.0, 1.0]}, "0afa10e3865a482684ff822f9678e32c_d1_3.png": {"intrinsics": {"fx": 1074.82, "fy": 1075.73, "cx": 638.427, "cy": 508.386}, "camera_to_world_matrix": [-0.633175, 0.0113967, -0.773926, 0.913312, -0.773879, 0.00909187, 0.633269, -3.98821, 0.0142533, 0.999894, 0.00306389, 4.96259, 0.0, 0.0, 0.0, 1.0]}, "0afa10e3865a482684ff822f9678e32c_d1_4.png": {"intrinsics": {"fx": 1074.82, "fy": 1075.73, "cx": 638.427, "cy": 508.386}, "camera_to_world_matrix": [-0.986872, 0.00533906, 0.161426, 0.910038, 0.16142, -0.00175309, 0.986885, -3.98945, 0.00555176, 0.999985, 0.000869201, 4.9626, 0.0, 0.0, 0.0, 1.0]}, "0afa10e3865a482684ff822f9678e32c_d1_5.png": {"intrinsics": {"fx": 1074.82, "fy": 1075.73, "cx": 638.427, "cy": 508.386}, "camera_to_world_matrix": [-0.353683, -0.0070821, 0.935339, 0.907329, 0.935367, -0.00192962, 0.353678, -3.98724, -0.000700199, 0.999974, 0.00730778, 4.96258, 0.0, 0.0, 0.0, 1.0]}, "0afa10e3865a482684ff822f9678e32c_d2_0.png": {"intrinsics": {"fx": 1076.91, "fy": 1077.36, "cx": 631.79, "cy": 516.81}, "camera_to_world_matrix": [0.623492, -0.53047, 0.574336, 0.899308, 0.781808, 0.417361, -0.463235, -3.97649, 0.00602638, 0.737843, 0.674947, 4.99572, 0.0, 0.0, 0.0, 1.0]}, "0afa10e3865a482684ff822f9678e32c_d2_1.png": {"intrinsics": {"fx": 1076.91, "fy": 1077.36, "cx": 631.79, "cy": 516.81}, "camera_to_world_matrix": [0.98873, 0.0901276, -0.119554, 0.912918, -0.148997, 0.670715, -0.726597, -3.97134, 0.0146997, 0.73622, 0.676585, 4.99569, 0.0, 0.0, 0.0, 1.0]}, "0afa10e3865a482684ff822f9678e32c_d2_2.png": {"intrinsics": {"fx": 1076.91, "fy": 1077.36, "cx": 631.79, "cy": 516.81}, "camera_to_world_matrix": [0.365203, 0.619835, -0.694574, 0.924179, -0.930692, 0.259955, -0.25737, -3.98056, 0.0210307, 0.740425, 0.671812, 4.99579, 0.0, 0.0, 0.0, 1.0]}, "0afa10e3865a482684ff822f9678e32c_d2_3.png": {"intrinsics": {"fx": 1076.91, "fy": 1077.36, "cx": 631.79, "cy": 516.81}, "camera_to_world_matrix": [-0.623548, 0.528933, -0.575691, 0.92183, -0.781564, -0.40415, 0.475209, -3.99491, 0.0186881, 0.746253, 0.665402, 4.99591, 0.0, 0.0, 0.0, 1.0]}, "0afa10e3865a482684ff822f9678e32c_d2_4.png": {"intrinsics": {"fx": 1076.91, "fy": 1077.36, "cx": 631.79, "cy": 516.81}, "camera_to_world_matrix": [-0.98875, -0.0916739, 0.118209, 0.90822, 0.149256, -0.657479, 0.738543, -4.00006, 0.0100147, 0.747876, 0.663765, 4.99594, 0.0, 0.0, 0.0, 1.0]}, "0afa10e3865a482684ff822f9678e32c_d2_5.png": {"intrinsics": {"fx": 1076.91, "fy": 1077.36, "cx": 631.79, "cy": 516.81}, "camera_to_world_matrix": [-0.365192, -0.621365, 0.693211, 0.896959, 0.930927, -0.246698, 0.269293, -3.99085, 0.003684, 0.743671, 0.668538, 4.99585, 0.0, 0.0, 0.0, 1.0]}, "0e6ac078acf94f37addd92a848bf1558_d0_0.png": {"intrinsics": {"fx": 1074.34, "fy": 1074.88, "cx": 628.711, "cy": 502.836}, "camera_to_world_matrix": [-0.83752, -0.360884, -0.410273, 8.78479, -0.546015, 0.524298, 0.653437, -7.95118, -0.0207102, 0.771282, -0.636157, 1.46844, 0.0, 0.0, 0.0, 1.0]}, "0e6ac078acf94f37addd92a848bf1558_d0_1.png": {"intrinsics": {"fx": 1074.34, "fy": 1074.88, "cx": 628.711, "cy": 502.836}, "camera_to_world_matrix": [-0.891874, 0.310734, 0.328642, 8.77027, 0.450923, 0.554566, 0.699375, -7.95211, 0.0350659, 0.771946, -0.63472, 1.46841, 0.0, 0.0, 0.0, 1.0]}, "0e6ac078acf94f37addd92a848bf1558_d0_2.png": {"intrinsics": {"fx": 1074.34, "fy": 1074.88, "cx": 628.711, "cy": 502.836}, "camera_to_world_matrix": [-0.0543212, 0.672741, 0.737882, 8.76221, 0.996454, -0.0110357, 0.0834181, -7.94002, 0.0642617, 0.739796, -0.669755, 1.46909, 0.0, 0.0, 0.0, 1.0]}, "0e6ac078acf94f37addd92a848bf1558_d0_3.png": {"intrinsics": {"fx": 1074.34, "fy": 1074.88, "cx": 628.711, "cy": 502.836}, "camera_to_world_matrix": [0.837567, 0.363121, 0.408198, 8.76866, 0.545034, -0.606894, -0.578462, -7.927, 0.0376807, 0.706982, -0.706227, 1.46981, 0.0, 0.0, 0.0, 1.0]}, "0e6ac078acf94f37addd92a848bf1558_d0_4.png": {"intrinsics": {"fx": 1074.34, "fy": 1074.88, "cx": 628.711, "cy": 502.836}, "camera_to_world_matrix": [0.891882, -0.308499, -0.330719, 8.78318, -0.451906, -0.637136, -0.624371, -7.92607, -0.0180955, 0.706319, -0.707663, 1.46984, 0.0, 0.0, 0.0, 1.0]}, "0e6ac078acf94f37addd92a848bf1558_d0_5.png": {"intrinsics": {"fx": 1074.34, "fy": 1074.88, "cx": 628.711, "cy": 502.836}, "camera_to_world_matrix": [0.054308, -0.670483, -0.739935, 8.79125, -0.997404, -0.07152, -0.00839805, -7.93816, -0.0472894, 0.73847, -0.672626, 1.46915, 0.0, 0.0, 0.0, 1.0]}, "0e6ac078acf94f37addd92a848bf1558_d1_0.png": {"intrinsics": {"fx": 1074.82, "fy": 1075.73, "cx": 638.427, "cy": 508.386}, "camera_to_world_matrix": [-0.832049, 0.0134538, -0.554541, 8.77872, -0.55428, -0.0592349, 0.83022, -7.94385, -0.0216788, 0.998154, 0.0567444, 1.50216, 0.0, 0.0, 0.0, 1.0]}, "0e6ac078acf94f37addd92a848bf1558_d1_1.png": {"intrinsics": {"fx": 1074.82, "fy": 1075.73, "cx": 638.427, "cy": 508.386}, "camera_to_world_matrix": [-0.896333, 0.00448573, 0.443361, 8.77522, 0.442073, -0.0678182, 0.894412, -7.94408, 0.0340798, 0.997688, 0.0588056, 1.50215, 0.0, 0.0, 0.0, 1.0]}, "0e6ac078acf94f37addd92a848bf1558_d1_2.png": {"intrinsics": {"fx": 1074.82, "fy": 1075.73, "cx": 638.427, "cy": 508.386}, "camera_to_world_matrix": [-0.0642512, -0.00744254, 0.997907, 8.77328, 0.995897, -0.0643559, 0.063642, -7.94117, 0.0637472, 0.9979, 0.0115479, 1.50231, 0.0, 0.0, 0.0, 1.0]}, "0e6ac078acf94f37addd92a848bf1558_d1_3.png": {"intrinsics": {"fx": 1074.82, "fy": 1075.73, "cx": 638.427, "cy": 508.386}, "camera_to_world_matrix": [0.832095, -0.0104025, 0.554537, 8.77484, 0.553355, -0.0523103, -0.831302, -7.93804, 0.0376553, 0.998577, -0.0377699, 1.50249, 0.0, 0.0, 0.0, 1.0]}, "0e6ac078acf94f37addd92a848bf1558_d1_4.png": {"intrinsics": {"fx": 1074.82, "fy": 1075.73, "cx": 638.427, "cy": 508.386}, "camera_to_world_matrix": [0.89634, -0.00143411, -0.443367, 8.77833, -0.443, -0.0437273, -0.895455, -7.93781, -0.0181034, 0.999043, -0.0398289, 1.50249, 0.0, 0.0, 0.0, 1.0]}, "0e6ac078acf94f37addd92a848bf1558_d1_5.png": {"intrinsics": {"fx": 1074.82, "fy": 1075.73, "cx": 638.427, "cy": 508.386}, "camera_to_world_matrix": [0.0642365, 0.010494, -0.99788, 8.78027, -0.996792, -0.0471901, -0.064663, -7.94072, -0.0477689, 0.998831, 0.00742997, 1.50233, 0.0, 0.0, 0.0, 1.0]}, "0e6ac078acf94f37addd92a848bf1558_d2_0.png": {"intrinsics": {"fx": 1076.91, "fy": 1077.36, "cx": 631.79, "cy": 516.81}, "camera_to_world_matrix": [-0.825096, 0.387308, -0.411355, 8.7849, -0.564712, -0.5884, 0.578693, -7.95489, -0.0179092, 0.709773, 0.704204, 1.53483, 0.0, 0.0, 0.0, 1.0]}, "0e6ac078acf94f37addd92a848bf1558_d2_1.png": {"intrinsics": {"fx": 1076.91, "fy": 1077.36, "cx": 631.79, "cy": 516.81}, "camera_to_world_matrix": [-0.901691, -0.280278, 0.329241, 8.77038, 0.430728, -0.64885, 0.627271, -7.95582, 0.0378173, 0.707417, 0.705786, 1.5348, 0.0, 0.0, 0.0, 1.0]}, "0e6ac078acf94f37addd92a848bf1558_d2_2.png": {"intrinsics": {"fx": 1076.91, "fy": 1077.36, "cx": 631.79, "cy": 516.81}, "camera_to_world_matrix": [-0.0765562, -0.666448, 0.741611, 8.76231, 0.994741, -0.101827, 0.0111805, -7.94373, 0.0680645, 0.738566, 0.670739, 1.53549, 0.0, 0.0, 0.0, 1.0]}, "0e6ac078acf94f37addd92a848bf1558_d2_3.png": {"intrinsics": {"fx": 1076.91, "fy": 1077.36, "cx": 631.79, "cy": 516.81}, "camera_to_world_matrix": [0.825155, -0.385022, 0.413376, 8.76876, 0.563301, 0.505634, -0.653473, -7.93071, 0.0425846, 0.772071, 0.63411, 1.53621, 0.0, 0.0, 0.0, 1.0]}, "0e6ac078acf94f37addd92a848bf1558_d2_4.png": {"intrinsics": {"fx": 1076.91, "fy": 1077.36, "cx": 631.79, "cy": 516.81}, "camera_to_world_matrix": [0.901712, 0.282567, -0.327222, 8.78328, -0.432142, 0.566057, -0.702022, -7.92978, -0.0131419, 0.774426, 0.63253, 1.53624, 0.0, 0.0, 0.0, 1.0]}, "0e6ac078acf94f37addd92a848bf1558_d2_5.png": {"intrinsics": {"fx": 1076.91, "fy": 1077.36, "cx": 631.79, "cy": 516.81}, "camera_to_world_matrix": [0.0765548, 0.668715, -0.739568, 8.79135, -0.996122, 0.0190189, -0.0859153, -7.94187, -0.0433873, 0.743276, 0.667578, 1.53555, 0.0, 0.0, 0.0, 1.0]}, "0f462b8531e14ad0803d1beabefa48b5_d0_0.png": {"intrinsics": {"fx": 1074.34, "fy": 1074.88, "cx": 628.711, "cy": 502.836}, "camera_to_world_matrix": [-0.56775, -0.558422, -0.604835, 9.20896, -0.823185, 0.38049, 0.42142, 0.388663, -0.00519658, 0.737152, -0.675707, 5.01087, 0.0, 0.0, 0.0, 1.0]}, "0f462b8531e14ad0803d1beabefa48b5_d0_1.png": {"intrinsics": {"fx": 1074.34, "fy": 1074.88, "cx": 628.711, "cy": 502.836}, "camera_to_world_matrix": [-0.996786, 0.0514786, 0.0613765, 9.19588, 0.0800712, 0.66319, 0.744156, 0.382292, -0.00239627, 0.746679, -0.66518, 5.01067, 0.0, 0.0, 0.0, 1.0]}, "0f462b8531e14ad0803d1beabefa48b5_d0_2.png": {"intrinsics": {"fx": 1074.34, "fy": 1074.88, "cx": 628.711, "cy": 502.836}, "camera_to_world_matrix": [-0.429112, 0.601294, 0.674024, 9.18382, 0.903181, 0.276303, 0.328515, 0.390435, 0.0112991, 0.749735, -0.661642, 5.0106, 0.0, 0.0, 0.0, 1.0]}, "0f462b8531e14ad0803d1beabefa48b5_d0_3.png": {"intrinsics": {"fx": 1074.34, "fy": 1074.88, "cx": 628.711, "cy": 502.836}, "camera_to_world_matrix": [0.567585, 0.541198, 0.620446, 9.18484, 0.823016, -0.393275, -0.409854, 0.404948, 0.0221938, 0.743263, -0.668631, 5.01073, 0.0, 0.0, 0.0, 1.0]}, "0f462b8531e14ad0803d1beabefa48b5_d0_4.png": {"intrinsics": {"fx": 1074.34, "fy": 1074.88, "cx": 628.711, "cy": 502.836}, "camera_to_world_matrix": [0.996586, -0.0687135, -0.0457785, 9.19792, -0.0802566, -0.675951, -0.732564, 0.411319, 0.0193929, 0.733737, -0.679157, 5.01094, 0.0, 0.0, 0.0, 1.0]}, "0f462b8531e14ad0803d1beabefa48b5_d0_5.png": {"intrinsics": {"fx": 1074.34, "fy": 1074.88, "cx": 628.711, "cy": 502.836}, "camera_to_world_matrix": [0.428879, -0.618514, -0.65841, 9.20998, -0.903344, -0.289043, -0.316898, 0.403176, 0.00569739, 0.730681, -0.682695, 5.01101, 0.0, 0.0, 0.0, 1.0]}, "0f462b8531e14ad0803d1beabefa48b5_d1_0.png": {"intrinsics": {"fx": 1074.82, "fy": 1075.73, "cx": 638.427, "cy": 508.386}, "camera_to_world_matrix": [-0.559532, 0.000729444, -0.82881, 9.19941, -0.828791, -0.00730573, 0.559512, 0.39456, -0.00564719, 0.999974, 0.00469329, 5.04407, 0.0, 0.0, 0.0, 1.0]}, "0f462b8531e14ad0803d1beabefa48b5_d1_1.png": {"intrinsics": {"fx": 1074.82, "fy": 1075.73, "cx": 638.427, "cy": 508.386}, "camera_to_world_matrix": [-0.997532, -0.00430715, 0.0700888, 9.19627, 0.0701578, -0.0186602, 0.997362, 0.393028, -0.00298818, 0.999817, 0.0189173, 5.04402, 0.0, 0.0, 0.0, 1.0]}, "0f462b8531e14ad0803d1beabefa48b5_d1_2.png": {"intrinsics": {"fx": 1074.82, "fy": 1075.73, "cx": 638.427, "cy": 508.386}, "camera_to_world_matrix": [-0.438071, -0.0166589, 0.898786, 9.19337, 0.898878, -0.0199744, 0.437746, 0.394986, 0.0106601, 0.999662, 0.0237254, 5.044, 0.0, 0.0, 0.0, 1.0]}, "0f462b8531e14ad0803d1beabefa48b5_d1_3.png": {"intrinsics": {"fx": 1074.82, "fy": 1075.73, "cx": 638.427, "cy": 508.386}, "camera_to_world_matrix": [0.559378, -0.0239737, 0.828567, 9.19361, 0.828631, -0.00993399, -0.559708, 0.398478, 0.021649, 0.99966