{"01f2401b5f944914911eece07c0f3ead_d0_0.png": {"intrinsics": {"fx": 1068.69, "fy": 1069.74, "cx": 643.31, "cy": 519.04}, "camera_to_world_matrix": [0.910842, 0.276231, 0.306699, 12.8359, 0.412756, -0.609468, -0.676892, 10.1946, -5.49946e-05, 0.743133, -0.669144, 1.41533, 0.0, 0.0, 0.0, 1.0]}, "01f2401b5f944914911eece07c0f3ead_d0_1.png": {"intrinsics": {"fx": 1068.69, "fy": 1069.74, "cx": 643.31, "cy": 519.04}, "camera_to_world_matrix": [0.812872, -0.384655, -0.437356, 12.8504, -0.582431, -0.541627, -0.606148, 10.1932, -0.00372625, 0.74745, -0.664308, 1.41524, 0.0, 0.0, 0.0, 1.0]}, "01f2401b5f944914911eece07c0f3ead_d0_2.png": {"intrinsics": {"fx": 1068.69, "fy": 1069.74, "cx": 643.31, "cy": 519.04}, "camera_to_world_matrix": [-0.0979657, -0.656324, -0.748093, 12.8564, -0.99519, 0.0646474, 0.0736069, 10.18, 5.21468e-05, 0.751705, -0.6595, 1.41514, 0.0, 0.0, 0.0, 1.0]}, "01f2401b5f944914911eece07c0f3ead_d0_3.png": {"intrinsics": {"fx": 1068.69, "fy": 1069.74, "cx": 643.31, "cy": 519.04}, "camera_to_world_matrix": [-0.910813, -0.267101, -0.314767, 12.848, -0.412753, 0.603068, 0.682602, 10.1681, 0.00750175, 0.751643, -0.659528, 1.41515, 0.0, 0.0, 0.0, 1.0]}, "01f2401b5f944914911eece07c0f3ead_d0_4.png": {"intrinsics": {"fx": 1068.69, "fy": 1069.74, "cx": 643.31, "cy": 519.04}, "camera_to_world_matrix": [-0.812804, 0.393782, 0.429286, 12.8335, 0.582431, 0.535201, 0.611829, 10.1695, 0.0111728, 0.747326, -0.664364, 1.41524, 0.0, 0.0, 0.0, 1.0]}, "01f2401b5f944914911eece07c0f3ead_d0_5.png": {"intrinsics": {"fx": 1068.69, "fy": 1069.74, "cx": 643.31, "cy": 519.04}, "camera_to_world_matrix": [0.09805, 0.665427, 0.739996, 12.8275, 0.995155, -0.071084, -0.0679378, 10.1828, 0.00739412, 0.743071, -0.669172, 1.41533, 0.0, 0.0, 0.0, 1.0]}, "01f2401b5f944914911eece07c0f3ead_d1_0.png": {"intrinsics": {"fx": 1071.51, "fy": 1072.02, "cx": 634.02, "cy": 523.666}, "camera_to_world_matrix": [0.910612, -0.00256736, 0.413253, 12.8407, 0.413227, -0.0070949, -0.9106, 10.1844, 0.00526991, 0.999971, -0.00540015, 1.44851, 0.0, 0.0, 0.0, 1.0]}, "01f2401b5f944914911eece07c0f3ead_d1_1.png": {"intrinsics": {"fx": 1071.51, "fy": 1072.02, "cx": 634.02, "cy": 523.666}, "camera_to_world_matrix": [0.813201, -0.000668183, -0.581982, 12.8442, -0.58198, 0.0018071, -0.813201, 10.1841, 0.00159515, 0.999998, 0.00108032, 1.44849, 0.0, 0.0, 0.0, 1.0]}, "01f2401b5f944914911eece07c0f3ead_d1_2.png": {"intrinsics": {"fx": 1071.51, "fy": 1072.02, "cx": 634.02, "cy": 523.666}, "camera_to_world_matrix": [-0.0973743, 0.00799068, -0.995216, 12.8456, -0.995233, 0.00461344, 0.0974133, 10.1809, 0.00536985, 0.999957, 0.00750302, 1.44847, 0.0, 0.0, 0.0, 1.0]}, "01f2401b5f944914911eece07c0f3ead_d1_3.png": {"intrinsics": {"fx": 1071.51, "fy": 1072.02, "cx": 634.02, "cy": 523.666}, "camera_to_world_matrix": [-0.910518, 0.0147502, -0.413205, 12.8436, -0.413269, -0.00148228, 0.910607, 10.178, 0.0128192, 0.99989, 0.0074451, 1.44847, 0.0, 0.0, 0.0, 1.0]}, "01f2401b5f944914911eece07c0f3ead_d1_4.png": {"intrinsics": {"fx": 1071.51, "fy": 1072.02, "cx": 634.02, "cy": 523.666}, "camera_to_world_matrix": [-0.813068, 0.0128507, 0.582026, 12.8401, 0.581934, -0.0103842, 0.813169, 10.1784, 0.0164937, 0.999863, 0.000964484, 1.44849, 0.0, 0.0, 0.0, 1.0]}, "01f2401b5f944914911eece07c0f3ead_d1_5.png": {"intrinsics": {"fx": 1071.51, "fy": 1072.02, "cx": 634.02, "cy": 523.666}, "camera_to_world_matrix": [0.0975236, 0.00419168, 0.995224, 12.8387, 0.995152, -0.0131902, -0.0974611, 10.1816, 0.0127188, 0.999904, -0.00545806, 1.44851, 0.0, 0.0, 0.0, 1.0]}, "01f2401b5f944914911eece07c0f3ead_d2_0.png": {"intrinsics": {"fx": 1069.9, "fy": 1069.6, "cx": 635.897, "cy": 526.178}, "camera_to_world_matrix": [0.908521, -0.277403, 0.312466, 12.8364, 0.417828, 0.598238, -0.683763, 10.1943, 0.00274902, 0.751771, 0.659417, 1.48183, 0.0, 0.0, 0.0, 1.0]}, "01f2401b5f944914911eece07c0f3ead_d2_1.png": {"intrinsics": {"fx": 1069.9, "fy": 1069.6, "cx": 635.897, "cy": 526.178}, "camera_to_world_matrix": [0.816122, 0.384449, -0.431442, 12.8508, -0.577877, 0.541708, -0.610417, 10.1929, -0.000958386, 0.747496, 0.664264, 1.48174, 0.0, 0.0, 0.0, 1.0]}, "01f2401b5f944914911eece07c0f3ead_d2_2.png": {"intrinsics": {"fx": 1069.9, "fy": 1069.6, "cx": 635.897, "cy": 526.178}, "camera_to_world_matrix": [-0.0923775, 0.666397, -0.739852, 12.8568, -0.995719, -0.0597473, 0.0705105, 10.1797, 0.00278398, 0.743199, 0.669063, 1.48164, 0.0, 0.0, 0.0, 1.0]}, "01f2401b5f944914911eece07c0f3ead_d2_3.png": {"intrinsics": {"fx": 1069.9, "fy": 1069.6, "cx": 635.897, "cy": 526.178}, "camera_to_world_matrix": [-0.908458, 0.286486, -0.304347, 12.8484, -0.417848, -0.60466, 0.678078, 10.1678, 0.0102337, 0.743177, 0.669016, 1.48164, 0.0, 0.0, 0.0, 1.0]}, "01f2401b5f944914911eece07c0f3ead_d2_4.png": {"intrinsics": {"fx": 1069.9, "fy": 1069.6, "cx": 635.897, "cy": 526.178}, "camera_to_world_matrix": [-0.816021, -0.375363, 0.439559, 12.8339, 0.577853, -0.548105, 0.604703, 10.1693, 0.0139409, 0.747451, 0.664169, 1.48174, 0.0, 0.0, 0.0, 1.0]}, "01f2401b5f944914911eece07c0f3ead_d2_5.png": {"intrinsics": {"fx": 1069.9, "fy": 1069.6, "cx": 635.897, "cy": 526.178}, "camera_to_world_matrix": [0.0924957, -0.657288, 0.747942, 12.8279, 0.99566, 0.0533619, -0.0762369, 10.1825, 0.0101982, 0.751748, 0.65937, 1.48183, 0.0, 0.0, 0.0, 1.0]}, "0260ad22c1f64b88b7c7ffa843d86aa8_d0_0.png": {"intrinsics": {"fx": 1068.69, "fy": 1069.74, "cx": 643.31, "cy": 519.04}, "camera_to_world_matrix": [0.600832, -0.528627, -0.599629, -0.8028, -0.799352, -0.403085, -0.4456, -8.96325, -0.00614494, 0.747045, -0.664745, 1.3723, 0.0, 0.0, 0.0, 1.0]}, "0260ad22c1f64b88b7c7ffa843d86aa8_d0_1.png": {"intrinsics": {"fx": 1068.69, "fy": 1069.74, "cx": 643.31, "cy": 519.04}, "camera_to_world_matrix": [-0.391855, -0.606008, -0.692247, -0.801037, -0.920026, 0.25674, 0.296036, -8.97769, -0.00167277, 0.752888, -0.658147, 1.37217, 0.0, 0.0, 0.0, 1.0]}, "0260ad22c1f64b88b7c7ffa843d86aa8_d0_2.png": {"intrinsics": {"fx": 1068.69, "fy": 1069.74, "cx": 643.31, "cy": 519.04}, "camera_to_world_matrix": [-0.992658, -0.0732537, -0.0962578, -0.812663, -0.120683, 0.653684, 0.747084, -8.98644, 0.00819544, 0.753214, -0.657724, 1.37216, 0.0, 0.0, 0.0, 1.0]}, "0260ad22c1f64b88b7c7ffa843d86aa8_d0_3.png": {"intrinsics": {"fx": 1068.69, "fy": 1069.74, "cx": 643.31, "cy": 519.04}, "camera_to_world_matrix": [-0.60076, 0.536869, 0.592335, -0.826052, 0.799315, 0.390793, 0.456484, -8.98075, 0.0135913, 0.747699, -0.663899, 1.37228, 0.0, 0.0, 0.0, 1.0]}, "0260ad22c1f64b88b7c7ffa843d86aa8_d0_4.png": {"intrinsics": {"fx": 1068.69, "fy": 1069.74, "cx": 643.31, "cy": 519.04}, "camera_to_world_matrix": [0.391932, 0.614223, 0.684923, -0.827815, 0.919949, -0.269035, -0.285156, -8.96631, 0.00911881, 0.741857, -0.670497, 1.37241, 0.0, 0.0, 0.0, 1.0]}, "0260ad22c1f64b88b7c7ffa843d86aa8_d0_5.png": {"intrinsics": {"fx": 1068.69, "fy": 1069.74, "cx": 643.31, "cy": 519.04}, "camera_to_world_matrix": [0.992703, 0.0814534, 0.0889171, -0.816188, 0.120583, -0.665958, -0.73618, -8.95756, -0.000749418, 0.74153, -0.67092, 1.37242, 0.0, 0.0, 0.0, 1.0]}, "0260ad22c1f64b88b7c7ffa843d86aa8_d1_0.png": {"intrinsics": {"fx": 1071.51, "fy": 1072.02, "cx": 634.02, "cy": 523.666}, "camera_to_world_matrix": [0.601286, 0.000881746, -0.799033, -0.811446, -0.799033, -0.000366844, -0.601287, -8.97017, -0.000823217, 0.999999, 0.000483619, 1.40554, 0.0, 0.0, 0.0, 1.0]}, "0260ad22c1f64b88b7c7ffa843d86aa8_d1_1.png": {"intrinsics": {"fx": 1071.51, "fy": 1072.02, "cx": 634.02, "cy": 523.666}, "camera_to_world_matrix": [-0.391299, 0.00998362, -0.920209, -0.811022, -0.920256, -0.00028578, 0.391316, -8.97364, 0.00364385, 0.99995, 0.00929897, 1.40551, 0.0, 0.0, 0.0, 1.0]}, "0260ad22c1f64b88b7c7ffa843d86aa8_d1_2.png": {"intrinsics": {"fx": 1071.51, "fy": 1072.02, "cx": 634.02, "cy": 523.666}, "camera_to_world_matrix": [-0.992526, 0.0146043, -0.12115, -0.813819, -0.121277, -0.00812762, 0.992585, -8.97575, 0.0135114, 0.99986, 0.00983769, 1.40551, 0.0, 0.0, 0.0, 1.0]}, "0260ad22c1f64b88b7c7ffa843d86aa8_d1_3.png": {"intrinsics": {"fx": 1071.51, "fy": 1072.02, "cx": 634.02, "cy": 523.666}, "camera_to_world_matrix": [-0.601156, 0.010123, 0.799067, -0.817039, 0.798908, -0.0160503, 0.601239, -8.97438, 0.0189117, 0.99982, 0.00156105, 1.40554, 0.0, 0.0, 0.0, 1.0]}, "0260ad22c1f64b88b7c7ffa843d86aa8_d1_4.png": {"intrinsics": {"fx": 1071.51, "fy": 1072.02, "cx": 634.02, "cy": 523.666}, "camera_to_world_matrix": [0.391434, 0.00102113, 0.920205, -0.817463, 0.920092, -0.016131, -0.391369, -8.9709, 0.0144443, 0.999869, -0.00725413, 1.40557, 0.0, 0.0, 0.0, 1.0]}, "0260ad22c1f64b88b7c7ffa843d86aa8_d1_5.png": {"intrinsics": {"fx": 1071.51, "fy": 1072.02, "cx": 634.02, "cy": 523.666}, "camera_to_world_matrix": [0.992631, -0.00359925, 0.121122, -0.814667, 0.12109, -0.00828903, -0.992607, -8.9688, 0.00457671, 0.999959, -0.00779246, 1.40557, 0.0, 0.0, 0.0, 1.0]}, "0260ad22c1f64b88b7c7ffa843d86aa8_d2_0.png": {"intrinsics": {"fx": 1069.9, "fy": 1069.6, "cx": 635.897, "cy": 526.178}, "camera_to_world_matrix": [0.605301, 0.529916, -0.593969, -0.802434, -0.795988, 0.399799, -0.454491, -8.9638, -0.00337373, 0.747897, 0.663805, 1.4388, 0.0, 0.0, 0.0, 1.0]}, "0260ad22c1f64b88b7c7ffa843d86aa8_d2_1.png": {"intrinsics": {"fx": 1069.9, "fy": 1069.6, "cx": 635.897, "cy": 526.178}, "camera_to_world_matrix": [-0.38668, 0.618547, -0.684015, -0.800671, -0.922212, -0.258511, 0.287568, -8.97824, 0.00104898, 0.742005, 0.670392, 1.43867, 0.0, 0.0, 0.0, 1.0]}, "0260ad22c1f64b88b7c7ffa843d86aa8_d2_2.png": {"intrinsics": {"fx": 1069.9, "fy": 1069.6, "cx": 635.897, "cy": 526.178}, "camera_to_world_matrix": [-0.991937, 0.0927305, -0.0863758, -0.812297, -0.126257, -0.66444, 0.736599, -8.98699, 0.0109139, 0.741566, 0.67079, 1.43866, 0.0, 0.0, 0.0, 1.0]}, "0260ad22c1f64b88b7c7ffa843d86aa8_d2_3.png": {"intrinsics": {"fx": 1069.9, "fy": 1069.6, "cx": 635.897, "cy": 526.178}, "camera_to_world_matrix": [-0.605199, -0.521705, 0.601297, -0.825686, 0.795905, -0.41205, 0.443562, -8.98129, 0.0163559, 0.747019, 0.6646, 1.43878, 0.0, 0.0, 0.0, 1.0]}, "0260ad22c1f64b88b7c7ffa843d86aa8_d2_4.png": {"intrinsics": {"fx": 1069.9, "fy": 1069.6, "cx": 635.897, "cy": 526.178}, "camera_to_world_matrix": [0.386788, -0.610311, 0.691314, -0.827449, 0.922091, 0.246263, -0.2985, -8.96685, 0.0119329, 0.752911, 0.658013, 1.43891, 0.0, 0.0, 0.0, 1.0]}, "0260ad22c1f64b88b7c7ffa843d86aa8_d2_5.png": {"intrinsics": {"fx": 1069.9, "fy": 1069.6, "cx": 635.897, "cy": 526.178}, "camera_to_world_matrix": [0.992013, -0.0844781, 0.0936569, -0.815822, 0.126111, 0.652171, -0.747508, -8.9581, 0.00206792, 0.75335, 0.657616, 1.43892, 0.0, 0.0, 0.0, 1.0]}, "02d5d7f4541048d8b530bb190c13b6a2_d0_0.png": {"intrinsics": {"fx": 1068.69, "fy": 1069.74, "cx": 643.31, "cy": 519.04}, "camera_to_world_matrix": [-0.982539, 0.115491, 0.145873, 8.68423, 0.185702, 0.657097, 0.730574, 10.7233, -0.0114781, 0.744907, -0.66707, 1.42223, 0.0, 0.0, 0.0, 1.0]}, "02d5d7f4541048d8b530bb190c13b6a2_d0_1.png": {"intrinsics": {"fx": 1068.69, "fy": 1069.74, "cx": 643.31, "cy": 519.04}, "camera_to_world_matrix": [-0.330417, 0.617254, 0.714019, 8.6732, 0.943809, 0.221752, 0.245054, 10.7328, -0.00707502, 0.754867, -0.65584, 1.42201, 0.0, 0.0, 0.0, 1.0]}, "02d5d7f4541048d8b530bb190c13b6a2_d0_2.png": {"intrinsics": {"fx": 1068.69, "fy": 1069.74, "cx": 643.31, "cy": 519.04}, "camera_to_world_matrix": [0.652077, 0.491098, 0.577598, 8.6759, 0.75811, -0.430528, -0.489812, 10.7471, 0.00812622, 0.757277, -0.653043, 1.42195, 0.0, 0.0, 0.0, 1.0]}, "02d5d7f4541048d8b530bb190c13b6a2_d0_3.png": {"intrinsics": {"fx": 1068.69, "fy": 1069.74, "cx": 643.31, "cy": 519.04}, "camera_to_world_matrix": [0.982426, -0.136819, -0.126966, 8.68962, -0.185692, -0.647449, -0.739141, 10.7519, 0.0189241, 0.749727, -0.661476, 1.42212, 0.0, 0.0, 0.0, 1.0]}, "02d5d7f4541048d8b530bb190c13b6a2_d0_4.png": {"intrinsics": {"fx": 1068.69, "fy": 1069.74, "cx": 643.31, "cy": 519.04}, "camera_to_world_matrix": [0.330274, -0.638565, -0.695093, 8.70066, -0.943774, -0.212084, -0.253598, 10.7424, 0.0145204, 0.739767, -0.672706, 1.42234, 0.0, 0.0, 0.0, 1.0]}, "02d5d7f4541048d8b530bb190c13b6a2_d0_5.png": {"intrinsics": {"fx": 1068.69, "fy": 1069.74, "cx": 643.31, "cy": 519.04}, "camera_to_world_matrix": [-0.652213, -0.512383, -0.558643, 8.69796, -0.758036, 0.440191, 0.481263, 10.7281, -0.000680989, 0.737357, -0.675503, 1.42239, 0.0, 0.0, 0.0, 1.0]}, "02d5d7f4541048d8b530bb190c13b6a2_d1_0.png": {"intrinsics": {"fx": 1071.51, "fy": 1072.02, "cx": 634.02, "cy": 523.666}, "camera_to_world_matrix": [-0.982685, -0.00555254, 0.185201, 8.68581, 0.185181, 0.00377133, 0.982697, 10.7344, -0.00615483, 0.999977, -0.00267815, 1.45543, 0.0, 0.0, 0.0, 1.0]}, "02d5d7f4541048d8b530bb190c13b6a2_d1_1.png": {"intrinsics": {"fx": 1071.51, "fy": 1072.02, "cx": 634.02, "cy": 523.666}, "camera_to_world_matrix": [-0.331008, -0.0122227, 0.943549, 8.68315, 0.943626, -0.00242213, 0.331004, 10.7367, -0.00176029, 0.999922, 0.0123351, 1.45538, 0.0, 0.0, 0.0, 1.0]}, "02d5d7f4541048d8b530bb190c13b6a2_d1_2.png": {"intrinsics": {"fx": 1071.51, "fy": 1072.02, "cx": 634.02, "cy": 523.666}, "camera_to_world_matrix": [0.651555, -0.0209205, 0.758312, 8.6838, 0.758481, 0.000257772, -0.651694, 10.7401, 0.0134384, 0.999781, 0.0160354, 1.45537, 0.0, 0.0, 0.0, 1.0]}, "02d5d7f4541048d8b530bb190c13b6a2_d1_3.png": {"intrinsics": {"fx": 1071.51, "fy": 1072.02, "cx": 634.02, "cy": 523.666}, "camera_to_world_matrix": [0.982419, -0.0229479, -0.185268, 8.6871, -0.185103, 0.00913107, -0.982676, 10.7413, 0.0242421, 0.999695, 0.00472246, 1.45541, 0.0, 0.0, 0.0, 1.0]}, "02d5d7f4541048d8b530bb190c13b6a2_d1_4.png": {"intrinsics": {"fx": 1071.51, "fy": 1072.02, "cx": 634.02, "cy": 523.666}, "camera_to_world_matrix": [0.330713, -0.0162775, -0.943591, 8.68976, -0.943522, 0.0153243, -0.330953, 10.739, 0.019847, 0.99975, -0.0102906, 1.45546, 0.0, 0.0, 0.0, 1.0]}, "02d5d7f4541048d8b530bb190c13b6a2_d1_5.png": {"intrinsics": {"fx": 1071.51, "fy": 1072.02, "cx": 634.02, "cy": 523.666}, "camera_to_world_matrix": [-0.651843, -0.00757981, -0.758316, 8.68911, -0.758339, 0.012644, 0.651737, 10.7356, 0.0046482, 0.999891, -0.0139903, 1.45547, 0.0, 0.0, 0.0, 1.0]}, "02d5d7f4541048d8b530bb190c13b6a2_d2_0.png": {"intrinsics": {"fx": 1069.9, "fy": 1069.6, "cx": 635.897, "cy": 526.178}, "camera_to_world_matrix": [-0.983588, -0.125615, 0.129517, 8.68329, 0.180216, -0.649417, 0.738769, 10.7238, -0.00868926, 0.749986, 0.661396, 1.48872, 0.0, 0.0, 0.0, 1.0]}, "02d5d7f4541048d8b530bb190c13b6a2_d2_1.png": {"intrinsics": {"fx": 1069.9, "fy": 1069.6, "cx": 635.897, "cy": 526.178}, "camera_to_world_matrix": [-0.335726, -0.634669, 0.696048, 8.67225, 0.941948, -0.222773, 0.251204, 10.7332, -0.0043703, 0.739977, 0.672616, 1.4885, 0.0, 0.0, 0.0, 1.0]}, "02d5d7f4541048d8b530bb190c13b6a2_d2_2.png": {"intrinsics": {"fx": 1069.9, "fy": 1069.6, "cx": 635.897, "cy": 526.178}, "camera_to_world_matrix": [0.647776, -0.519693, 0.557049, 8.67495, 0.761753, 0.431471, -0.483285, 10.7475, 0.0108098, 0.737395, 0.675374, 1.48845, 0.0, 0.0, 0.0, 1.0]}, "02d5d7f4541048d8b530bb190c13b6a2_d2_3.png": {"intrinsics": {"fx": 1069.9, "fy": 1069.6, "cx": 635.897, "cy": 526.178}, "camera_to_world_matrix": [0.983395, 0.104335, -0.148478, 8.68868, -0.180171, 0.659057, -0.730193, 10.7523, 0.0216706, 0.744821, 0.666911, 1.48861, 0.0, 0.0, 0.0, 1.0]}, "02d5d7f4541048d8b530bb190c13b6a2_d2_4.png": {"intrinsics": {"fx": 1069.9, "fy": 1069.6, "cx": 635.897, "cy": 526.178}, "camera_to_world_matrix": [0.335505, 0.613373, -0.714989, 8.69971, -0.941878, 0.232393, -0.242606, 10.7429, 0.0173511, 0.754828, 0.655691, 1.48883, 0.0, 0.0, 0.0, 1.0]}, "02d5d7f4541048d8b530bb190c13b6a2_d2_5.png": {"intrinsics": {"fx": 1069.9, "fy": 1069.6, "cx": 635.897, "cy": 526.178}, "camera_to_world_matrix": [-0.647991, 0.498371, -0.575962, 8.69701, -0.761643, -0.421846, 0.491878, 10.7286, 0.00217082, 0.757411, 0.652934, 1.48888, 0.0, 0.0, 0.0, 1.0]}, "0376844787ff4d4bb442bb2446b9f3af_d0_0.png": {"intrinsics": {"fx": 1068.69, "fy": 1069.74, "cx": 643.31, "cy": 519.04}, "camera_to_world_matrix": [-0.948929, -0.201674, -0.242617, 12.0933, -0.315315, 0.632, 0.707922, 6.89202, 0.0105641, 0.748268, -0.663313, 1.38049, 0.0, 0.0, 0.0, 1.0]}, "0376844787ff4d4bb442bb2446b9f3af_d0_1.png": {"intrinsics": {"fx": 1068.69, "fy": 1069.74, "cx": 643.31, "cy": 519.04}, "camera_to_world_matrix": [-0.747515, 0.448501, 0.489968, 12.079, 0.664193, 0.495455, 0.559797, 6.89494, 0.00831182, 0.74389, -0.668251, 1.38058, 0.0, 0.0, 0.0, 1.0]}, "0376844787ff4d4bb442bb2446b9f3af_d0_2.png": {"intrinsics": {"fx": 1068.69, "fy": 1069.74, "cx": 643.31, "cy": 519.04}, "camera_to_world_matrix": [0.201456, 0.655335, 0.727978, 12.0745, 0.979497, -0.1359, -0.14872, 6.90874, 0.0014709, 0.743013, -0.669276, 1.3806, 0.0, 0.0, 0.0, 1.0]}, "0376844787ff4d4bb442bb2446b9f3af_d0_3.png": {"intrinsics": {"fx": 1068.69, "fy": 1069.74, "cx": 643.31, "cy": 519.04}, "camera_to_world_matrix": [0.948992, 0.21199, 0.233398, 12.0841, 0.315285, -0.630697, -0.709096, 6.91963, -0.00311758, 0.746513, -0.665363, 1.38053, 0.0, 0.0, 0.0, 1.0]}, "0376844787ff4d4bb442bb2446b9f3af_d0_4.png": {"intrinsics": {"fx": 1068.69, "fy": 1069.74, "cx": 643.31, "cy": 519.04}, "camera_to_world_matrix": [0.747541, -0.43818, -0.499181, 12.0984, -0.664216, -0.494127, -0.560942, 6.9167, -0.000865076, 0.750891, -0.660425, 1.38043, 0.0, 0.0, 0.0, 1.0]}, "0376844787ff4d4bb442bb2446b9f3af_d0_5.png": {"intrinsics": {"fx": 1068.69, "fy": 1069.74, "cx": 643.31, "cy": 519.04}, "camera_to_world_matrix": [-0.201443, -0.644989, -0.737163, 12.103, -0.979482, 0.137237, 0.147584, 6.9029, 0.0059759, 0.751768, -0.659401, 1.38041, 0.0, 0.0, 0.0, 1.0]}, "0376844787ff4d4bb442bb2446b9f3af_d1_0.png": {"intrinsics": {"fx": 1071.51, "fy": 1072.02, "cx": 634.02, "cy": 523.666}, "camera_to_world_matrix": [-0.948683, 0.0158214, -0.315832, 12.09, -0.315829, 0.00276305, 0.948812, 6.90253, 0.0158843, 0.999871, 0.00237525, 1.41375, 0.0, 0.0, 0.0, 1.0]}, "0376844787ff4d4bb442bb2446b9f3af_d1_1.png": {"intrinsics": {"fx": 1071.51, "fy": 1072.02, "cx": 634.02, "cy": 523.666}, "camera_to_world_matrix": [-0.747823, 0.0130025, 0.66377, 12.0866, 0.663757, -0.0058918, 0.747924, 6.90323, 0.0136358, 0.999898, -0.00422485, 1.41377, 0.0, 0.0, 0.0, 1.0]}, "0376844787ff4d4bb442bb2446b9f3af_d1_2.png": {"intrinsics": {"fx": 1071.51, "fy": 1072.02, "cx": 634.02, "cy": 523.666}, "camera_to_world_matrix": [0.200939, 0.00409791, 0.979595, 12.0855, 0.97958, -0.00777778, -0.200904, 6.90655, 0.00679588, 0.999961, -0.00557744, 1.41378, 0.0, 0.0, 0.0, 1.0]}, "0376844787ff4d4bb442bb2446b9f3af_d1_3.png": {"intrinsics": {"fx": 1071.51, "fy": 1072.02, "cx": 634.02, "cy": 523.666}, "camera_to_world_matrix": [0.94882, -0.00198764, 0.315809, 12.0878, 0.315808, -0.00100888, -0.948822, 6.90917, 0.00220461, 0.999997, -0.000329882, 1.41376, 0.0, 0.0, 0.0, 1.0]}, "0376844787ff4d4bb442bb2446b9f3af_d1_4.png": {"intrinsics": {"fx": 1071.51, "fy": 1072.02, "cx": 634.02, "cy": 523.666}, "camera_to_world_matrix": [0.747922, 0.000831577, -0.663785, 12.0913, -0.663771, 0.00764586, -0.747896, 6.90847, 0.00445336, 0.99997, 0.00627014, 1.41374, 0.0, 0.0, 0.0, 1.0]}, "0376844787ff4d4bb442bb2446b9f3af_d1_5.png": {"intrinsics": {"fx": 1071.51, "fy": 1072.02, "cx": 634.02, "cy": 523.666}, "camera_to_world_matrix": [-0.200852, 0.00973627, -0.979573, 12.0924, -0.979556, 0.0095315, 0.200944, 6.90515, 0.0112933, 0.999907, 0.00762245, 1.41373, 0.0, 0.0, 0.0, 1.0]}, "0376844787ff4d4bb442bb2446b9f3af_d2_0.png": {"intrinsics": {"fx": 1069.9, "fy": 1069.6, "cx": 635.897, "cy": 526.178}, "camera_to_world_matrix": [-0.947115, 0.222741, -0.23099, 12.0938, -0.320613, -0.62697, 0.710011, 6.89207, 0.0133243, 0.746522, 0.665226, 1.44699, 0.0, 0.0, 0.0, 1.0]}, "0376844787ff4d4bb442bb2446b9f3af_d2_1.png": {"intrinsics": {"fx": 1069.9, "fy": 1069.6, "cx": 635.897, "cy": 526.178}, "camera_to_world_matrix": [-0.751189, -0.429577, 0.501177, 12.0795, 0.659992, -0.501574, 0.559314, 6.895, 0.011109, 0.750924, 0.660294, 1.44708, 0.0, 0.0, 0.0, 1.0]}, "0376844787ff4d4bb442bb2446b9f3af_d2_2.png": {"intrinsics": {"fx": 1069.9, "fy": 1069.6, "cx": 635.897, "cy": 526.178}, "camera_to_world_matrix": [0.195988, -0.647137, 0.73675, 12.0749, 0.980596, 0.126063, -0.150127, 6.9088, 0.0042759, 0.751878, 0.659286, 1.4471, 0.0, 0.0, 0.0, 1.0]}, "0376844787ff4d4bb442bb2446b9f3af_d2_3.png": {"intrinsics": {"fx": 1069.9, "fy": 1069.6, "cx": 635.897, "cy": 526.178}, "camera_to_world_matrix": [0.947218, -0.212375, 0.240152, 12.0846, 0.320587, 0.62829, -0.708855, 6.91968, -0.00034184, 0.748431, 0.663212, 1.44703, 0.0, 0.0, 0.0, 1.0]}, "0376844787ff4d4bb442bb2446b9f3af_d2_4.png": {"intrinsics": {"fx": 1069.9, "fy": 1069.6, "cx": 635.897, "cy": 526.178}, "camera_to_world_matrix": [0.751253, 0.439938, -0.492009, 12.0988, -0.66001, 0.502868, -0.55813, 6.91676, 0.00187369, 0.744028, 0.668144, 1.44693, 0.0, 0.0, 0.0, 1.0]}, "0376844787ff4d4bb442bb2446b9f3af_d2_5.png": {"intrinsics": {"fx": 1069.9, "fy": 1069.6, "cx": 635.897, "cy": 526.178}, "camera_to_world_matrix": [-0.195937, 0.657473, -0.727555, 12.1034, -0.980577, -0.124778, 0.151321, 6.90296, 0.00870687, 0.743074, 0.669151, 1.44691, 0.0, 0.0, 0.0, 1.0]}, "057625814959401f8e969f5bfbf6cca0_d0_0.png": {"intrinsics": {"fx": 1068.69, "fy": 1069.74, "cx": 643.31, "cy": 519.04}, "camera_to_world_matrix": [0.749427, -0.444966, -0.49027, -6.82285, -0.662086, -0.504922, -0.553802, -17.4215, -0.00112584, 0.739635, -0.673007, 1.3814, 0.0, 0.0, 0.0, 1.0]}, "057625814959401f8e969f5bfbf6cca0_d0_1.png": {"intrinsics": {"fx": 1068.69, "fy": 1069.74, "cx": 643.31, "cy": 519.04}, "camera_to_world_matrix": [-0.198656, -0.653601, -0.730302, -6.81821, -0.98003, 0.125806, 0.153994, -17.4353, -0.00877484, 0.74631, -0.665541, 1.38125, 0.0, 0.0, 0.0, 1.0]}, "057625814959401f8e969f5bfbf6cca0_d0_2.png": {"intrinsics": {"fx": 1068.69, "fy": 1069.74, "cx": 643.31, "cy": 519.04}, "camera_to_world_matrix": [-0.948094, -0.211661, -0.237313, -6.82784, -0.317966, 0.62181, 0.715717, -17.4462, -0.00392567, 0.754024, -0.656835, 1.38108, 0.0, 0.0, 0.0, 1.0]}, "057625814959401f8e969f5bfbf6cca0_d0_3.png": {"intrinsics": {"fx": 1068.69, "fy": 1069.74, "cx": 643.31, "cy": 519.04}, "camera_to_world_matrix": [-0.749432, 0.438905, 0.495696, -6.8421, 0.662027, 0.487075, 0.569631, -17.4434, 0.00857241, 0.755063, -0.655596, 1.38106, 0.0, 0.0, 0.0, 1.0]}, "057625814959401f8e969f5bfbf6cca0_d0_4.png": {"intrinsics": {"fx": 1068.69, "fy": 1069.74, "cx": 643.31, "cy": 519.04}, "camera_to_world_matrix": [0.198664, 0.647516, 0.735701, -6.84674, 0.979934, -0.143661, -0.138175, -17.4296, 0.016221, 0.748388, -0.663063, 1.38121, 0.0, 0.0, 0.0, 1.0]}, "057625814959401f8e969f5bfbf6cca0_d0_5.png": {"intrinsics": {"fx": 1068.69, "fy": 1069.74, "cx": 643.31, "cy": 519.04}, "camera_to_world_matrix": [0.948076, 0.205557, 0.24269, -6.83711, 0.31784, -0.639648, -0.699878, -17.4187, 0.0113714, 0.740674, -0.671769, 1.38137, 0.0, 0.0, 0.0, 1.0]}, "057625814959401f8e969f5bfbf6cca0_d1_0.png": {"intrinsics": {"fx": 1071.51, "fy": 1072.02, "cx": 634.02, "cy": 523.666}, "camera_to_world_matrix": [0.749749, -0.010172, -0.661644, -6.8303, -0.661708, -0.00517611, -0.749743, -17.4302, 0.00420174, 0.999935, -0.010612, 1.41452, 0.0, 0.0, 0.0, 1.0]}, "057625814959401f8e969f5bfbf6cca0_d1_1.png": {"intrinsics": {"fx": 1071.51, "fy": 1072.02, "cx": 634.02, "cy": 523.666}, "camera_to_world_matrix": [-0.198124, -0.00127266, -0.980176, -6.82918, -0.98017, -0.00326527, 0.198127, -17.4335, -0.0034526, 0.999994, -0.000600841, 1.41448, 0.0, 0.0, 0.0, 1.0]}, "057625814959401f8e969f5bfbf6cca0_d1_2.png": {"intrinsics": {"fx": 1071.51, "fy": 1072.02, "cx": 634.02, "cy": 523.666}, "camera_to_world_matrix": [-0.947905, 0.00483224, -0.318514, -6.8315, -0.318548, -0.0100166, 0.947854, -17.4362, 0.00138992, 0.999938, 0.0110337, 1.41444, 0.0, 0.0, 0.0, 1.0]}, "057625814959401f8e969f5bfbf6cca0_d1_3.png": {"intrinsics": {"fx": 1071.51, "fy": 1072.02, "cx": 634.02, "cy": 523.666}, "camera_to_world_matrix": [-0.749797, 0.00203766, 0.661665, -6.83493, 0.661522, -0.0186786, 0.749693, -17.4355, 0.0138867, 0.999823, 0.0126568, 1.41444, 0.0, 0.0, 0.0, 1.0]}, "057625814959401f8e969f5bfbf6cca0_d1_4.png": {"intrinsics": {"fx": 1071.51, "fy": 1072.02, "cx": 634.02, "cy": 523.666}, "camera_to_world_matrix": [0.198089, -0.00686176, 0.98016, -6.83604, 0.979947, -0.0205891, -0.19819, -17.4322, 0.0215406, 0.999764, 0.00264534, 1.41447, 0.0, 0.0, 0.0, 1.0]}, "057625814959401f8e969f5bfbf6cca0_d1_5.png": {"intrinsics": {"fx": 1071.51, "fy": 1072.02, "cx": 634.02, "cy": 523.666}, "camera_to_world_matrix": [0.947844, -0.0129664, 0.318469, -6.83373, 0.318295, -0.0138375, -0.947891, -17.4295, 0.0166976, 0.99982, -0.00898904, 1.41451, 0.0, 0.0, 0.0, 1.0]}, "057625814959401f8e969f5bfbf6cca0_d2_0.png": {"intrinsics": {"fx": 1069.9, "fy": 1069.6, "cx": 635.897, "cy": 526.178}, "camera_to_world_matrix": [0.753097, 0.430281, -0.497697, -6.82312, -0.657906, 0.494497, -0.568007, -17.4223, 0.00170723, 0.755203, 0.655488, 1.44789, 0.0, 0.0, 0.0, 1.0]}, "057625814959401f8e969f5bfbf6cca0_d2_1.png": {"intrinsics": {"fx": 1069.9, "fy": 1069.6, "cx": 635.897, "cy": 526.178}, "camera_to_world_matrix": [-0.193178, 0.649632, -0.735295, -6.81848, -0.981144, -0.132483, 0.14072, -17.4361, -0.00599757, 0.748616, 0.662975, 1.44775, 0.0, 0.0, 0.0, 1.0]}, "057625814959401f8e969f5bfbf6cca0_d2_2.png": {"intrinsics": {"fx": 1069.9, "fy": 1069.6, "cx": 635.897, "cy": 526.178}, "camera_to_world_matrix": [-0.946297, 0.216296, -0.240284, -6.82811, -0.323294, -0.635893, 0.700801, -17.447, -0.00121363, 0.740848, 0.67167, 1.44758, 0.0, 0.0, 0.0, 1.0]}, "057625814959401f8e969f5bfbf6cca0_d2_3.png": {"intrinsics": {"fx": 1069.9, "fy": 1069.6, "cx": 635.897, "cy": 526.178}, "camera_to_world_matrix": [-0.753124, -0.436381, 0.492316, -6.84237, 0.65778, -0.512312, 0.552142, -17.4442, 0.011275, 0.739668, 0.672877, 1.44755, 0.0, 0.0, 0.0, 1.0]}, "057625814959401f8e969f5bfbf6cca0_d2_4.png": {"intrinsics": {"fx": 1069.9, "fy": 1069.6, "cx": 635.897, "cy": 526.178}, "camera_to_world_matrix": [0.193163, -0.655708, 0.729887, -6.84701, 0.980982, 0.114677, -0.156594, -17.4304, 0.0189794, 0.746254, 0.665389, 1.4477, 0.0, 0.0, 0.0, 1.0]}, "057625814959401f8e969f5bfbf6cca0_d2_5.png": {"intrinsics": {"fx": 1069.9, "fy": 1069.6, "cx": 635.897, "cy": 526.178}, "camera_to_world_matrix": [0.946257, -0.222352, 0.234853, -6.83738, 0.323102, 0.618069, -0.716655, -17.4195, 0.014195, 0.754022, 0.656694, 1.44787, 0.0, 0.0, 0.0, 1.0]}, "067ec17ab4314effbaf5e67e5acfacad_d0_0.png": {"intrinsics": {"fx": 1068.69, "fy": 1069.74, "cx": 643.31, "cy": 519.04}, "camera_to_world_matrix": [0.00518645, -0.661198, -0.750194, 1.07293, -0.999966, 0.00138709, -0.00813588, -1.79084, 0.00641996, 0.750211, -0.661168, 1.18099, 0.0, 0.0, 0.0, 1.0]}, "067ec17ab4314effbaf5e67e5acfacad_d0_1.png": {"intrinsics": {"fx": 1068.69, "fy": 1069.74, "cx": 643.31, "cy": 519.04}, "camera_to_world_matrix": [-0.863406, -0.329576, -0.381982, 1.06573, -0.504435, 0.577068, 0.642291, -1.80348, 0.00874615, 0.747243, -0.664493, 1.18106, 0.0, 0.0, 0.0, 1.0]}, "067ec17ab4314effbaf5e67e5acfacad_d0_2.png": {"intrinsics": {"fx": 1068.69, "fy": 1069.74, "cx": 643.31, "cy": 519.04}, "camera_to_world_matrix": [-0.868557, 0.33479, 0.36541, 1.05118, 0.495553, 0.5777, 0.648607, -1.80356, 0.00604937, 0.744432, -0.667671, 1.18112, 0.0, 0.0, 0.0, 1.0]}, "067ec17ab4314effbaf5e67e5acfacad_d0_3.png": {"intrinsics": {"fx": 1068.69, "fy": 1069.74, "cx": 643.31, "cy": 519.04}, "camera_to_world_matrix": [-0.00511604, 0.66752, 0.744575, 1.04383, 0.999987, 0.00265074, 0.00449464, -1.791, 0.00102649, 0.744588, -0.667524, 1.18112, 0.0, 0.0, 0.0, 1.0]}, "067ec17ab4314effbaf5e67e5acfacad_d0_4.png": {"intrinsics": {"fx": 1068.69, "fy": 1069.74, "cx": 643.31, "cy": 519.04}, "camera_to_world_matrix": [0.863457, 0.335875, 0.376338, 1.05104, 0.504421, -0.573018, -0.645918, -1.77836, -0.00129951, 0.747555, -0.664198, 1.18105, 0.0, 0.0, 0.0, 1.0]}, "067ec17ab4314effbaf5e67e5acfacad_d0_5.png": {"intrinsics": {"fx": 1068.69, "fy": 1069.74, "cx": 643.31, "cy": 519.04}, "camera_to_world_matrix": [0.868569, -0.328491, -0.371055, 1.06559, -0.495567, -0.573623, -0.652204, -1.77828, 0.00139744, 0.750367, -0.66102, 1.18099, 0.0, 0.0, 0.0, 1.0]}, "067ec17ab4314effbaf5e67e5acfacad_d1_0.png": {"intrinsics": {"fx": 1071.51, "fy": 1072.02, "cx": 634.02, "cy": 523.666}, "camera_to_world_matrix": [0.00576697, 0.00519995, -0.999969, 1.06202, -0.999914, 0.0117687, -0.00570526, -1.79081, 0.0117388, 0.999917, 0.00526702, 1.21429, 0.0, 0.0, 0.0, 1.0]}, "067ec17ab4314effbaf5e67e5acfacad_d1_1.png": {"intrinsics": {"fx": 1071.51, "fy": 1072.02, "cx": 634.02, "cy": 523.666}, "camera_to_world_matrix": [-0.863071, 0.0125522, -0.504925, 1.06029, -0.504885, 0.00640235, 0.863163, -1.79385, 0.0140673, 0.9999, 0.000811365, 1.21431, 0.0, 0.0, 0.0, 1.0]}, "067ec17ab4314effbaf5e67e5acfacad_d1_2.png": {"intrinsics": {"fx": 1071.51, "fy": 1072.02, "cx": 634.02, "cy": 523.666}, "camera_to_world_matrix": [-0.868781, 0.0115809, 0.495061, 1.05679, 0.495065, -0.00264801, 0.868851, -1.79387, 0.011373, 0.999929, -0.00343309, 1.21432, 0.0, 0.0, 0.0, 1.0]}, "067ec17ab4314effbaf5e67e5acfacad_d1_3.png": {"intrinsics": {"fx": 1071.51, "fy": 1072.02, "cx": 634.02, "cy": 523.666}, "camera_to_world_matrix": [-0.00565146, 0.00325734, 0.999978, 1.05502, 0.999963, -0.0063318, 0.00567184, -1.79085, 0.00635022, 0.999974, -0.00322179, 1.21432, 0.0, 0.0, 0.0, 1.0]}, "067ec17ab4314effbaf5e67e5acfacad_d1_4.png": {"intrinsics": {"fx": 1071.51, "fy": 1072.02, "cx": 634.02, "cy": 523.666}, "camera_to_world_matrix": [0.863168, -0.00409467, 0.504899, 1.05676, 0.5049, -0.000965154, -0.863177, -1.78781, 0.00402181, 0.999991, 0.00123396, 1.2143, 0.0, 0.0, 0.0, 1.0]}, "067ec17ab4314effbaf5e67e5acfacad_d1_5.png": {"intrinsics": {"fx": 1071.51, "fy": 1072.02, "cx": 634.02, "cy": 523.666}, "camera_to_world_matrix": [0.868838, -0.003123, -0.495086, 1.06026, -0.49505, 0.00808516, -0.868826, -1.78779, 0.00671628, 0.999962, 0.00547831, 1.21429, 0.0, 0.0, 0.0, 1.0]}, "067ec17ab4314effbaf5e67e5acfacad_d2_0.png": {"intrinsics": {"fx": 1069.9, "fy": 1069.6, "cx": 635.897, "cy": 526.178}, "camera_to_world_matrix": [0.0107932, 0.667315, -0.744697, 1.07321, -0.999899, 0.0140273, -0.00192141, -1.79066, 0.00916415, 0.744644, 0.667398, 1.24749, 0.0, 0.0, 0.0, 1.0]}, "067ec17ab4314effbaf5e67e5acfacad_d2_1.png": {"intrinsics": {"fx": 1069.9, "fy": 1069.6, "cx": 635.897, "cy": 526.178}, "camera_to_world_matrix": [-0.860544, 0.345625, -0.374171, 1.06601, -0.509243, -0.567152, 0.64731, -1.8033, 0.0115152, 0.747584, 0.664066, 1.24756, 0.0, 0.0, 0.0, 1.0]}, "067ec17ab4314effbaf5e67e5acfacad_d2_2.png": {"intrinsics": {"fx": 1069.9, "fy": 1069.6, "cx": 635.897, "cy": 526.178}, "camera_to_world_matrix": [-0.871291, -0.318536, 0.373344, 1.05146, 0.490685, -0.579134, 0.651023, -1.80338, 0.00884227, 0.750425, 0.660895, 1.24762, 0.0, 0.0, 0.0, 1.0]}, "067ec17ab4314effbaf5e67e5acfacad_d2_3.png": {"intrinsics": {"fx": 1069.9, "fy": 1069.6, "cx": 635.897, "cy": 526.178}, "camera_to_world_matrix": [-0.0106993, -0.660993, 0.750316, 1.04412, 0.999934, -0.00993729, 0.00550378, -1.79082, 0.00381834, 0.750326, 0.661055, 1.24762, 0.0, 0.0, 0.0, 1.0]}, "067ec17ab4314effbaf5e67e5acfacad_d2_4.png": {"intrinsics": {"fx": 1069.9, "fy": 1069.6, "cx": 635.897, "cy": 526.178}, "camera_to_world_matrix": [0.860619, -0.339281, 0.379764, 1.05132, 0.509244, 0.571229, -0.643713, -1.77818, 0.00146748, 0.747386, 0.664387, 1.24755, 0.0, 0.0, 0.0, 1.0]}, "067ec17ab4314effbaf5e67e5acfacad_d2_5.png": {"intrinsics": {"fx": 1069.9, "fy": 1069.6, "cx": 635.897, "cy": 526.178}, "camera_to_world_matrix": [0.871326, 0.324881, -0.367751, 1.06587, -0.490684, 0.583185, -0.647397, -1.7781, 0.00414057, 0.744544, 0.667559, 1.24749, 0.0, 0.0, 0.0, 1.0]}, "06bc29df119749bd9c5be352b59d4451_d0_0.png": {"intrinsics": {"fx": 1068.69, "fy": 1069.74, "cx": 643.31, "cy": 519.04}, "camera_to_world_matrix": [0.32994, -0.62715, -0.705566, -14.9661, -0.943976, -0.213582, -0.251582, -24.145, 0.00708346, 0.749044, -0.662483, 1.39353, 0.0, 0.0, 0.0, 1.0]}, "06bc29df119749bd9c5be352b59d4451_d0_1.png": {"intrinsics": {"fx": 1068.69, "fy": 1069.74, "cx": 643.31, "cy": 519.04}, "camera_to_world_matrix": [-0.652562, -0.500662, -0.568772, -14.9688, -0.757698, 0.438633, 0.483213, -24.1593, 0.00755547, 0.746284, -0.665585, 1.39359, 0.0, 0.0, 0.0, 1.0]}, "06bc29df119749bd9c5be352b59d4451_d0_2.png": {"intrinsics": {"fx": 1068.69, "fy": 1069.74, "cx": 643.31, "cy": 519.04}, "camera_to_world_matrix": [-0.982482, 0.127424, 0.135985, -14.9825, 0.18631, 0.655188, 0.732132, -24.1641, 0.00419523, 0.744642, -0.667451, 1.39363, 0.0, 0.0, 0.0, 1.0]}, "06bc29df119749bd9c5be352b59d4451_d0_3.png": {"intrinsics": {"fx": 1068.69, "fy": 1069.74, "cx": 643.31, "cy": 519.04}, "camera_to_world_matrix": [-0.329894, 0.629008, 0.703932, -14.9935, 0.944018, 0.219524, 0.24625, -24.1546, 0.000363091, 0.745761, -0.666214, 1.3936, 0.0, 0.0, 0.0, 1.0]}, "06bc29df119749bd9c5be352b59d4451_d0_4.png": {"intrinsics": {"fx": 1068.69, "fy": 1069.74, "cx": 643.31, "cy": 519.04}, "camera_to_world_matrix": [0.652601, 0.502494, 0.567109, -14.9908, 0.757702, -0.432686, -0.48854, -24.1403, -0.000108746, 0.748521, -0.663111, 1.39354, 0.0, 0.0, 0.0, 1.0]}, "06bc29df119749bd9c5be352b59d4451_d0_5.png": {"intrinsics": {"fx": 1068.69, "fy": 1069.74, "cx": 643.31, "cy": 519.04}, "camera_to_world_matrix": [0.982484, -0.1256, -0.137658, -14.9771, -0.186319, -0.649216, -0.737431, -24.1355, 0.0032516, 0.750162, -0.661246, 1.39351, 0.0, 0.0, 0.0, 1.0]}, "06bc29df119749bd9c5be352b59d4451_d1_0.png": {"intrinsics": {"fx": 1071.51, "fy": 1072.02, "cx": 634.02, "cy": 523.666}, "camera_to_world_matrix": [0.330462, -0.000786227, -0.943819, -14.9765, -0.943737, 0.0128662, -0.330444, -24.1485, 0.0124032, 0.999917, 0.00350944, 1.42681, 0.0, 0.0, 0.0, 1.0]}, "06bc29df119749bd9c5be352b59d4451_d1_1.png": {"intrinsics": {"fx": 1071.51, "fy": 1072.02, "cx": 634.02, "cy": 523.666}, "camera_to_world_matrix": [-0.65211, 0.00791112, -0.758083, -14.9771, -0.758015, 0.0101812, 0.652158, -24.1519, 0.0128775, 0.999917, -0.000642842, 1.42682, 0.0, 0.0, 0.0, 1.0]}, "06bc29df119749bd9c5be352b59d4451_d1_2.png": {"intrinsics": {"fx": 1071.51, "fy": 1072.02, "cx": 634.02, "cy": 523.666}, "camera_to_world_matrix": [-0.982545, 0.00993439, 0.185755, -14.9804, 0.185776, 0.00130656, 0.982591, -24.1531, 0.00951882, 0.999949, -0.00312968, 1.42683, 0.0, 0.0, 0.0, 1.0]}, "06bc29df119749bd9c5be352b59d4451_d1_3.png": {"intrinsics": {"fx": 1071.51, "fy": 1072.02, "cx": 634.02, "cy": 523.666}, "camera_to_world_matrix": [-0.330402, 0.00326027, 0.943834, -14.9831, 0.943822, -0.0048828, 0.330415, -24.1508, 0.00568588, 0.999982, -0.00146418, 1.42682, 0.0, 0.0, 0.0, 1.0]}, "06bc29df119749bd9c5be352b59d4451_d1_4.png": {"intrinsics": {"fx": 1071.51, "fy": 1072.02, "cx": 634.02, "cy": 523.666}, "camera_to_world_matrix": [0.652162, -0.00543697, 0.75806, -14.9824, 0.758061, -0.00219743, -0.652179, -24.1474, 0.00521175, 0.999982, 0.00268813, 1.42681, 0.0, 0.0, 0.0, 1.0]}, "06bc29df119749bd9c5be352b59d4451_d1_5.png": {"intrinsics": {"fx": 1071.51, "fy": 1072.02, "cx": 634.02, "cy": 523.666}, "camera_to_world_matrix": [0.982561, -0.00745989, -0.185791, -14.9791, -0.185742, 0.00667725, -0.982575, -24.1462, 0.00857056, 0.99995, 0.00517483, 1.4268, 0.0, 0.0, 0.0, 1.0]}, "06bc29df119749bd9c5be352b59d4451_d2_0.png": {"intrinsics": {"fx": 1069.9, "fy": 1069.6, "cx": 635.897, "cy": 526.178}, "camera_to_world_matrix": [0.335215, 0.625116, -0.704884, -14.966, -0.942089, 0.230216, -0.243856, -24.1447, 0.00983748, 0.745808, 0.666086, 1.46003, 0.0, 0.0, 0.0, 1.0]}, "06bc29df119749bd9c5be352b59d4451_d2_1.png": {"intrinsics": {"fx": 1069.9, "fy": 1069.6, "cx": 635.897, "cy": 526.178}, "camera_to_world_matrix": [-0.648299, 0.509808, -0.565511, -14.9687, -0.761315, -0.423969, 0.490561, -24.159, 0.0103327, 0.748562, 0.662982, 1.46009, 0.0, 0.0, 0.0, 1.0]}, "06bc29df119749bd9c5be352b59d4451_d2_2.png": {"intrinsics": {"fx": 1069.9, "fy": 1069.6, "cx": 635.897, "cy": 526.178}, "camera_to_world_matrix": [-0.983491, -0.114395, 0.140207, -14.9824, 0.180818, -0.651192, 0.737058, -24.1638, 0.00698649, 0.750242, 0.661125, 1.46013, 0.0, 0.0, 0.0, 1.0]}, "06bc29df119749bd9c5be352b59d4451_d2_3.png": {"intrinsics": {"fx": 1069.9, "fy": 1069.6, "cx": 635.897, "cy": 526.178}, "camera_to_world_matrix": [-0.335162, -0.623275, 0.706537, -14.9934, 0.942154, -0.224224, 0.249132, -24.1543, 0.00314513, 0.749167, 0.662372, 1.4601, 0.0, 0.0, 0.0, 1.0]}, "06bc29df119749bd9c5be352b59d4451_d2_4.png": {"intrinsics": {"fx": 1069.9, "fy": 1069.6, "cx": 635.897, "cy": 526.178}, "camera_to_world_matrix": [0.648344, -0.507942, 0.567136, -14.9907, 0.761341, 0.429956, -0.48528, -24.14, 0.00265009, 0.746413, 0.665476, 1.46004, 0.0, 0.0, 0.0, 1.0]}, "06bc29df119749bd9c5be352b59d4451_d2_5.png": {"intrinsics": {"fx": 1069.9, "fy": 1069.6, "cx": 635.897, "cy": 526.178}, "camera_to_world_matrix": [0.9835, 0.11627, -0.138592, -14.977, -0.180804, 0.657155, -0.731749, -24.1352, 0.00599638, 0.744734, 0.667333, 1.46001, 0.0, 0.0, 0.0, 1.0]}, "0bd07b7213b245f8a54ec4010f6ef1cc_d0_0.png": {"intrinsics": {"fx": 1068.69, "fy": 1069.74, "cx": 643.31, "cy": 519.04}, "camera_to_world_matrix": [-0.422091, 0.595244, 0.683758, -7.89701, 0.906546, 0.280392, 0.315525, -3.08974, -0.00390613, 0.753038, -0.657966, 1.38101, 0.0, 0.0, 0.0, 1.0]}, "0bd07b7213b245f8a54ec4010f6ef1cc_d0_1.png": {"intrinsics": {"fx": 1068.69, "fy": 1069.74, "cx": 643.31, "cy": 519.04}, "camera_to_world_matrix": [0.573996, 0.534173, 0.620635, -7.89574, 0.818826, -0.381166, -0.429229, -3.07525, 0.00728232, 0.754568, -0.656182, 1.38098, 0.0, 0.0, 0.0, 1.0]}, "0bd07b7213b245f8a54ec4010f6ef1cc_d0_2.png": {"intrinsics": {"fx": 1068.69, "fy": 1069.74, "cx": 643.31, "cy": 519.04}, "camera_to_world_matrix": [0.996033, -0.0692589, -0.0558692, -7.88256, -0.0877258, -0.659066, -0.746952, -3.0691, 0.0149115, 0.74889, -0.662527, 1.3811, 0.0, 0.0, 0.0, 1.0]}, "0bd07b7213b245f8a54ec4010f6ef1cc_d0_3.png": {"intrinsics": {"fx": 1068.69, "fy": 1069.74, "cx": 643.31, "cy": 519.04}, "camera_to_world_matrix": [0.421974, -0.611607, -0.669236, -7.87064, -0.906537, -0.275402, -0.319913, -3.07744, 0.011352, 0.741682, -0.670656, 1.38126, 0.0, 0.0, 0.0, 1.0]}, "0bd07b7213b245f8a54ec4010f6ef1cc_d0_4.png": {"intrinsics": {"fx": 1068.69, "fy": 1069.74, "cx": 643.31, "cy": 519.04}, "camera_to_world_matrix": [-0.57411, -0.55051, -0.606084, -7.87191, -0.818779, 0.386153, 0.424838, -3.09194, 0.000163492, 0.740152, -0.67244, 1.3813, 0.0, 0.0, 0.0, 1.0]}, "0bd07b7213b245f8a54ec4010f6ef1cc_d0_5.png": {"intrinsics": {"fx": 1068.69, "fy": 1069.74, "cx": 643.31, "cy": 519.04}, "camera_to_world_matrix": [-0.996111, 0.052933, 0.0704333, -7.8851, 0.0877896, 0.66403, 0.742535, -3.09809, -0.00746532, 0.74583, -0.666094, 1.38117, 0.0, 0.0, 0.0, 1.0]}, "0bd07b7213b245f8a54ec4010f6ef1cc_d1_0.png": {"intrinsics": {"fx": 1071.51, "fy": 1072.02, "cx": 634.02, "cy": 523.666}, "camera_to_world_matrix": [-0.42264, -0.00804383, 0.906262, -7.88736, 0.906296, -0.00530716, 0.422609, -3.08496, 0.00141037, 0.999953, 0.00953276, 1.41436, 0.0, 0.0, 0.0, 1.0]}, "0bd07b7213b245f8a54ec4010f6ef1cc_d1_1.png": {"intrinsics": {"fx": 1071.51, "fy": 1072.02, "cx": 634.02, "cy": 523.666}, "camera_to_world_matrix": [0.573461, -0.0169643, 0.819057, -7.88706, 0.819135, -0.00349971, -0.573589, -3.08147, 0.0125971, 0.99985, 0.0118888, 1.41435, 0.0, 0.0, 0.0, 1.0]}, "0bd07b7213b245f8a54ec4010f6ef1cc_d1_2.png": {"intrinsics": {"fx": 1071.51, "fy": 1072.02, "cx": 634.02, "cy": 523.666}, "camera_to_world_matrix": [0.995989, -0.019859, -0.0872347, -7.88388, -0.0871491, 0.00512992, -0.996182, -3.07999, 0.0202308, 0.999789, 0.0033783, 1.41438, 0.0, 0.0, 0.0, 1.0]}, "0bd07b7213b245f8a54ec4010f6ef1cc_d1_3.png": {"intrinsics": {"fx": 1071.51, "fy": 1072.02, "cx": 634.02, "cy": 523.666}, "camera_to_world_matrix": [0.422407, -0.0138331, -0.9063, -7.88102, -0.906252, 0.0119519, -0.422567, -3.082, 0.0166775, 0.999833, -0.00748804, 1.41442, 0.0, 0.0, 0.0, 1.0]}, "0bd07b7213b245f8a54ec4010f6ef1cc_d1