{"010a9ee34d4b478f85d584855c2b174e_d0_0.png": {"intrinsics": {"fx": 1069.67, "fy": 1070.36, "cx": 632.9, "cy": 515.549}, "camera_to_world_matrix": [-0.127695, 0.644488, 0.753874, 18.7287, 0.991812, 0.0821253, 0.097789, 6.04875, 0.00111193, 0.76019, -0.6497, 0.817466, 0.0, 0.0, 0.0, 1.0]}, "010a9ee34d4b478f85d584855c2b174e_d0_1.png": {"intrinsics": {"fx": 1069.67, "fy": 1070.36, "cx": 632.9, "cy": 515.549}, "camera_to_world_matrix": [0.79481, 0.385279, 0.468865, 18.7342, 0.606425, -0.533374, -0.589711, 6.0622, 0.0228781, 0.753041, -0.657576, 0.81762, 0.0, 0.0, 0.0, 1.0]}, "010a9ee34d4b478f85d584855c2b174e_d0_2.png": {"intrinsics": {"fx": 1069.67, "fy": 1070.36, "cx": 632.9, "cy": 515.549}, "camera_to_world_matrix": [0.92242, -0.277218, -0.268867, 18.7487, -0.385404, -0.616549, -0.686533, 6.06412, 0.0245496, 0.736896, -0.67556, 0.817971, 0.0, 0.0, 0.0, 1.0]}, "010a9ee34d4b478f85d584855c2b174e_d0_3.png": {"intrinsics": {"fx": 1069.67, "fy": 1070.36, "cx": 632.9, "cy": 515.549}, "camera_to_world_matrix": [0.127522, -0.68049, -0.721575, 18.7575, -0.991825, -0.0842231, -0.0958545, 6.05258, 0.00445496, 0.7279, -0.685669, 0.818169, 0.0, 0.0, 0.0, 1.0]}, "010a9ee34d4b478f85d584855c2b174e_d0_4.png": {"intrinsics": {"fx": 1069.67, "fy": 1070.36, "cx": 632.9, "cy": 515.549}, "camera_to_world_matrix": [-0.794969, -0.421256, -0.436539, 18.752, -0.606402, 0.531267, 0.591634, 6.03913, -0.0173108, 0.735049, -0.677792, 0.818016, 0.0, 0.0, 0.0, 1.0]}, "010a9ee34d4b478f85d584855c2b174e_d0_5.png": {"intrinsics": {"fx": 1069.67, "fy": 1070.36, "cx": 632.9, "cy": 515.549}, "camera_to_world_matrix": [-0.922539, 0.241244, 0.301198, 18.7376, 0.385433, 0.614416, 0.688428, 6.03722, -0.0189814, 0.751194, -0.659808, 0.817664, 0.0, 0.0, 0.0, 1.0]}, "010a9ee34d4b478f85d584855c2b174e_d1_0.png": {"intrinsics": {"fx": 1068.71, "fy": 1069.33, "cx": 631.868, "cy": 517.548}, "camera_to_world_matrix": [-0.131789, -0.0171665, 0.991129, 18.7388, 0.991277, -0.00191647, 0.131775, 6.05016, -0.000362485, 0.99985, 0.0172687, 0.850974, 0.0, 0.0, 0.0, 1.0]}, "010a9ee34d4b478f85d584855c2b174e_d1_1.png": {"intrinsics": {"fx": 1068.71, "fy": 1069.33, "cx": 631.868, "cy": 517.548}, "camera_to_world_matrix": [0.792315, -0.0210987, 0.609746, 18.7402, 0.609733, -0.00774993, -0.792568, 6.05339, 0.0214478, 0.999747, 0.00672355, 0.85101, 0.0, 0.0, 0.0, 1.0]}, "010a9ee34d4b478f85d584855c2b174e_d1_2.png": {"intrinsics": {"fx": 1068.71, "fy": 1069.33, "cx": 631.868, "cy": 517.548}, "camera_to_world_matrix": [0.924052, -0.0281154, -0.38123, 18.7436, -0.381559, -0.00725998, -0.924315, 6.05385, 0.0232199, 0.999578, -0.017437, 0.851095, 0.0, 0.0, 0.0, 1.0]}, "010a9ee34d4b478f85d584855c2b174e_d1_3.png": {"intrinsics": {"fx": 1068.71, "fy": 1069.33, "cx": 631.868, "cy": 517.548}, "camera_to_world_matrix": [0.131682, -0.0311997, -0.990801, 18.7458, -0.991286, -0.000936586, -0.131717, 6.05108, 0.00318172, 0.999512, -0.0310518, 0.851143, 0.0, 0.0, 0.0, 1.0]}, "010a9ee34d4b478f85d584855c2b174e_d1_4.png": {"intrinsics": {"fx": 1068.71, "fy": 1069.33, "cx": 631.868, "cy": 517.548}, "camera_to_world_matrix": [-0.792407, -0.0272672, -0.609381, 18.7444, -0.609707, 0.00489672, 0.792611, 6.04785, -0.0186282, 0.999616, -0.0205059, 0.851106, 0.0, 0.0, 0.0, 1.0]}, "010a9ee34d4b478f85d584855c2b174e_d1_5.png": {"intrinsics": {"fx": 1068.71, "fy": 1069.33, "cx": 631.868, "cy": 517.548}, "camera_to_world_matrix": [-0.924105, -0.0202505, 0.3816, 18.741, 0.381591, 0.0044065, 0.92432, 6.04738, -0.0203993, 0.999785, 0.00365472, 0.851021, 0.0, 0.0, 0.0, 1.0]}, "010a9ee34d4b478f85d584855c2b174e_d2_0.png": {"intrinsics": {"fx": 1070.29, "fy": 1070.48, "cx": 636.783, "cy": 522.149}, "camera_to_world_matrix": [-0.137305, -0.680697, 0.719582, 18.7271, 0.990529, -0.0953413, 0.0988158, 6.04866, 0.00134208, 0.726334, 0.687342, 0.883947, 0.0, 0.0, 0.0, 1.0]}, "010a9ee34d4b478f85d584855c2b174e_d2_1.png": {"intrinsics": {"fx": 1070.29, "fy": 1070.48, "cx": 636.783, "cy": 522.149}, "camera_to_world_matrix": [0.788889, -0.430969, 0.438088, 18.7326, 0.614098, 0.525921, -0.588465, 6.0621, 0.0232103, 0.733262, 0.679551, 0.8841, 0.0, 0.0, 0.0, 1.0]}, "010a9ee34d4b478f85d584855c2b174e_d2_2.png": {"intrinsics": {"fx": 1070.29, "fy": 1070.48, "cx": 636.783, "cy": 522.149}, "camera_to_world_matrix": [0.926098, 0.231776, -0.297698, 18.7471, -0.376449, 0.620191, -0.688223, 6.06402, 0.0251158, 0.749429, 0.66161, 0.884452, 0.0, 0.0, 0.0, 1.0]}, "010a9ee34d4b478f85d584855c2b174e_d2_3.png": {"intrinsics": {"fx": 1070.29, "fy": 1070.48, "cx": 636.783, "cy": 522.149}, "camera_to_world_matrix": [0.137109, 0.644777, -0.751973, 18.7559, -0.990543, 0.0931962, -0.100698, 6.05249, 0.00515315, 0.758668, 0.651459, 0.88465, 0.0, 0.0, 0.0, 1.0]}, "010a9ee34d4b478f85d584855c2b174e_d2_4.png": {"intrinsics": {"fx": 1070.29, "fy": 1070.48, "cx": 636.783, "cy": 522.149}, "camera_to_world_matrix": [-0.78907, 0.395025, -0.470452, 18.7504, -0.614077, -0.528056, 0.586572, 6.03904, -0.0167146, 0.751739, 0.65925, 0.884496, 0.0, 0.0, 0.0, 1.0]}, "010a9ee34d4b478f85d584855c2b174e_d2_5.png": {"intrinsics": {"fx": 1070.29, "fy": 1070.48, "cx": 636.783, "cy": 522.149}, "camera_to_world_matrix": [-0.92624, -0.267724, 0.265338, 18.736, 0.376476, -0.6223, 0.686301, 6.03712, -0.0186192, 0.735573, 0.677191, 0.884145, 0.0, 0.0, 0.0, 1.0]}, "010c38b965f843419fce46d0156b2c16_d0_0.png": {"intrinsics": {"fx": 1069.67, "fy": 1070.36, "cx": 632.9, "cy": 515.549}, "camera_to_world_matrix": [0.844536, 0.348855, 0.406272, 9.03223, 0.535472, -0.557384, -0.6345, -0.205953, 0.00510152, 0.753406, -0.657535, 1.81527, 0.0, 0.0, 0.0, 1.0]}, "010c38b965f843419fce46d0156b2c16_d0_1.png": {"intrinsics": {"fx": 1069.67, "fy": 1070.36, "cx": 632.9, "cy": 515.549}, "camera_to_world_matrix": [0.88589, -0.31852, -0.337256, 9.04676, -0.46362, -0.582998, -0.667208, -0.205289, 0.0158995, 0.747433, -0.664146, 1.8154, 0.0, 0.0, 0.0, 1.0]}, "010c38b965f843419fce46d0156b2c16_d0_2.png": {"intrinsics": {"fx": 1069.67, "fy": 1070.36, "cx": 632.9, "cy": 515.549}, "camera_to_world_matrix": [0.0413081, -0.674326, -0.737276, 9.0546, -0.999053, -0.0178455, -0.0396529, -0.217544, 0.0135821, 0.738217, -0.674426, 1.8156, 0.0, 0.0, 0.0, 1.0]}, "010c38b965f843419fce46d0156b2c16_d0_3.png": {"intrinsics": {"fx": 1069.67, "fy": 1070.36, "cx": 632.9, "cy": 515.549}, "camera_to_world_matrix": [-0.844609, -0.362749, -0.393759, 9.04791, -0.535381, 0.572908, 0.620597, -0.230463, 0.000466854, 0.734974, -0.678095, 1.81567, 0.0, 0.0, 0.0, 1.0]}, "010c38b965f843419fce46d0156b2c16_d0_4.png": {"intrinsics": {"fx": 1069.67, "fy": 1070.36, "cx": 632.9, "cy": 515.549}, "camera_to_world_matrix": [-0.885924, 0.304626, 0.34977, 9.03337, 0.463713, 0.598496, 0.653277, -0.231126, -0.0103308, 0.740948, -0.671483, 1.81554, 0.0, 0.0, 0.0, 1.0]}, "010c38b965f843419fce46d0156b2c16_d0_5.png": {"intrinsics": {"fx": 1069.67, "fy": 1070.36, "cx": 632.9, "cy": 515.549}, "camera_to_world_matrix": [-0.0413209, 0.66041, 0.749766, 9.02553, 0.999113, 0.0333294, 0.0257055, -0.218871, -0.00801285, 0.750164, -0.661203, 1.81534, 0.0, 0.0, 0.0, 1.0]}, "010c38b965f843419fce46d0156b2c16_d1_0.png": {"intrinsics": {"fx": 1068.71, "fy": 1069.33, "cx": 631.868, "cy": 517.548}, "camera_to_world_matrix": [0.842316, -0.00682249, 0.53894, 9.03787, 0.538971, 0.00385367, -0.842315, -0.214913, 0.00366995, 0.999969, 0.00692247, 1.84867, 0.0, 0.0, 0.0, 1.0]}, "010c38b965f843419fce46d0156b2c16_d1_1.png": {"intrinsics": {"fx": 1068.71, "fy": 1069.33, "cx": 631.868, "cy": 517.548}, "camera_to_world_matrix": [0.887828, -0.0137722, -0.459967, 9.04137, -0.459944, 0.00494806, -0.887933, -0.214754, 0.0145049, 0.999893, -0.00194209, 1.8487, 0.0, 0.0, 0.0, 1.0]}, "010c38b965f843419fce46d0156b2c16_d1_2.png": {"intrinsics": {"fx": 1068.71, "fy": 1069.33, "cx": 631.868, "cy": 517.548}, "camera_to_world_matrix": [0.0454796, -0.0162986, -0.998832, 9.04325, -0.998889, 0.011514, -0.04567, -0.217702, 0.012245, 0.9998, -0.0157576, 1.84875, 0.0, 0.0, 0.0, 1.0]}, "010c38b965f843419fce46d0156b2c16_d1_3.png": {"intrinsics": {"fx": 1068.71, "fy": 1069.33, "cx": 631.868, "cy": 517.548}, "camera_to_world_matrix": [-0.842363, -0.0118753, -0.538778, 9.04164, -0.538908, 0.0169853, 0.842193, -0.220809, -0.000849767, 0.999785, -0.0207082, 1.84877, 0.0, 0.0, 0.0, 1.0]}, "010c38b965f843419fce46d0156b2c16_d1_4.png": {"intrinsics": {"fx": 1068.71, "fy": 1069.33, "cx": 631.868, "cy": 517.548}, "camera_to_world_matrix": [-0.887837, -0.00492556, 0.46013, 9.03815, 0.460008, 0.0158907, 0.887772, -0.220969, -0.0116844, 0.999861, -0.0118432, 1.84874, 0.0, 0.0, 0.0, 1.0]}, "010c38b965f843419fce46d0156b2c16_d1_5.png": {"intrinsics": {"fx": 1068.71, "fy": 1069.33, "cx": 631.868, "cy": 517.548}, "camera_to_world_matrix": [-0.0454668, -0.0023994, 0.998963, 9.03626, 0.998921, 0.00932466, 0.0454871, -0.218021, -0.00942397, 0.999953, 0.0019722, 1.84869, 0.0, 0.0, 0.0, 1.0]}, "010c38b965f843419fce46d0156b2c16_d2_0.png": {"intrinsics": {"fx": 1070.29, "fy": 1070.48, "cx": 636.783, "cy": 522.149}, "camera_to_world_matrix": [0.839307, -0.372914, 0.395603, 9.0316, 0.543633, 0.568407, -0.617557, -0.20526, 0.00543195, 0.733382, 0.679797, 1.88176, 0.0, 0.0, 0.0, 1.0]}, "010c38b965f843419fce46d0156b2c16_d2_1.png": {"intrinsics": {"fx": 1070.29, "fy": 1070.48, "cx": 636.783, "cy": 522.149}, "camera_to_world_matrix": [0.890337, 0.295668, -0.34624, 9.04614, -0.455012, 0.605052, -0.653358, -0.204596, 0.0163157, 0.739251, 0.673233, 1.88189, 0.0, 0.0, 0.0, 1.0]}, "010c38b965f843419fce46d0156b2c16_d2_2.png": {"intrinsics": {"fx": 1070.29, "fy": 1070.48, "cx": 636.783, "cy": 522.149}, "camera_to_world_matrix": [0.0509798, 0.661631, -0.748095, 9.05398, -0.998601, 0.0443705, -0.028809, -0.216851, 0.0141322, 0.748516, 0.662968, 1.88209, 0.0, 0.0, 0.0, 1.0]}, "010c38b965f843419fce46d0156b2c16_d2_3.png": {"intrinsics": {"fx": 1070.29, "fy": 1070.48, "cx": 636.783, "cy": 522.149}, "camera_to_world_matrix": [-0.839389, 0.359004, -0.408099, 9.04729, -0.543532, -0.552944, 0.631527, -0.22977, 0.00106495, 0.751911, 0.659265, 1.88217, 0.0, 0.0, 0.0, 1.0]}, "010c38b965f843419fce46d0156b2c16_d2_4.png": {"intrinsics": {"fx": 1070.29, "fy": 1070.48, "cx": 636.783, "cy": 522.149}, "camera_to_world_matrix": [-0.89038, -0.309579, 0.333745, 9.03275, 0.455114, -0.589563, 0.667299, -0.230433, -0.00981846, 0.746041, 0.665829, 1.88204, 0.0, 0.0, 0.0, 1.0]}, "010c38b965f843419fce46d0156b2c16_d2_5.png": {"intrinsics": {"fx": 1070.29, "fy": 1070.48, "cx": 636.783, "cy": 522.149}, "camera_to_world_matrix": [-0.0510013, -0.67552, 0.735576, 9.02491, 0.99867, -0.0288664, 0.0427339, -0.218178, -0.00763441, 0.736776, 0.676095, 1.88184, 0.0, 0.0, 0.0, 1.0]}, "066966700e5c4232b29fce9a62ecd7ce_d0_0.png": {"intrinsics": {"fx": 1069.67, "fy": 1070.36, "cx": 632.9, "cy": 515.549}, "camera_to_world_matrix": [-0.998854, 0.0391548, 0.0274733, 7.67323, 0.0465234, 0.661867, 0.748175, 1.89971, 0.0111111, 0.748597, -0.662932, 1.75986, 0.0, 0.0, 0.0, 1.0]}, "066966700e5c4232b29fce9a62ecd7ce_d0_1.png": {"intrinsics": {"fx": 1069.67, "fy": 1070.36, "cx": 632.9, "cy": 515.549}, "camera_to_world_matrix": [-0.459049, 0.600235, 0.654973, 7.66095, 0.88832, 0.299623, 0.348012, 1.90752, 0.0126439, 0.741581, -0.670744, 1.76001, 0.0, 0.0, 0.0, 1.0]}, "066966700e5c4232b29fce9a62ecd7ce_d0_2.png": {"intrinsics": {"fx": 1069.67, "fy": 1070.36, "cx": 632.9, "cy": 515.549}, "camera_to_world_matrix": [0.539838, 0.567029, 0.622135, 7.66157, 0.841757, -0.367429, -0.395524, 1.92205, 0.00431719, 0.737206, -0.675655, 1.7601, 0.0, 0.0, 0.0, 1.0]}, "066966700e5c4232b29fce9a62ecd7ce_d0_3.png": {"intrinsics": {"fx": 1069.67, "fy": 1070.36, "cx": 632.9, "cy": 515.549}, "camera_to_world_matrix": [0.998897, -0.0272559, -0.0382034, 7.67447, -0.046601, -0.672223, -0.73888, 1.92879, -0.00554221, 0.739846, -0.672753, 1.76005, 0.0, 0.0, 0.0, 1.0]}, "066966700e5c4232b29fce9a62ecd7ce_d0_4.png": {"intrinsics": {"fx": 1069.67, "fy": 1070.36, "cx": 632.9, "cy": 515.549}, "camera_to_world_matrix": [0.459059, -0.588322, -0.665688, 7.68675, -0.888376, -0.309957, -0.338692, 1.92098, -0.00707472, 0.746862, -0.664941, 1.75989, 0.0, 0.0, 0.0, 1.0]}, "066966700e5c4232b29fce9a62ecd7ce_d0_5.png": {"intrinsics": {"fx": 1069.67, "fy": 1070.36, "cx": 632.9, "cy": 515.549}, "camera_to_world_matrix": [-0.539826, -0.55509, -0.63282, 7.68613, -0.841774, 0.357094, 0.404843, 1.90645, 0.00125234, 0.751237, -0.660031, 1.7598, 0.0, 0.0, 0.0, 1.0]}, "066966700e5c4232b29fce9a62ecd7ce_d1_0.png": {"intrinsics": {"fx": 1068.71, "fy": 1069.33, "cx": 631.868, "cy": 517.548}, "camera_to_world_matrix": [-0.999054, 0.00971254, 0.042374, 7.67397, 0.0423745, -0.000131102, 0.999101, 1.91052, 0.00970953, 0.999952, -0.00028125, 1.79318, 0.0, 0.0, 0.0, 1.0]}, "066966700e5c4232b29fce9a62ecd7ce_d1_1.png": {"intrinsics": {"fx": 1068.71, "fy": 1069.33, "cx": 631.868, "cy": 517.548}, "camera_to_world_matrix": [-0.462756, 0.0147738, 0.886362, 7.67102, 0.886413, -0.00501783, 0.462866, 1.9124, 0.0112861, 0.999878, -0.0107744, 1.79321, 0.0, 0.0, 0.0, 1.0]}, "066966700e5c4232b29fce9a62ecd7ce_d1_2.png": {"intrinsics": {"fx": 1068.71, "fy": 1069.33, "cx": 631.868, "cy": 517.548}, "camera_to_world_matrix": [0.53632, 0.0130722, 0.843913, 7.67116, 0.844009, -0.0118447, -0.536198, 1.9159, 0.00298676, 0.999844, -0.0173862, 1.79324, 0.0, 0.0, 0.0, 1.0]}, "066966700e5c4232b29fce9a62ecd7ce_d1_3.png": {"intrinsics": {"fx": 1068.71, "fy": 1069.33, "cx": 631.868, "cy": 517.548}, "camera_to_world_matrix": [0.999075, 0.00630923, -0.0425234, 7.67427, -0.0424331, -0.0137846, -0.999004, 1.91752, -0.00688895, 0.999885, -0.0135048, 1.79322, 0.0, 0.0, 0.0, 1.0]}, "066966700e5c4232b29fce9a62ecd7ce_d1_4.png": {"intrinsics": {"fx": 1068.71, "fy": 1069.33, "cx": 631.868, "cy": 517.548}, "camera_to_world_matrix": [0.462744, 0.00124811, -0.886491, 7.67722, -0.886451, -0.00889768, -0.462736, 1.91564, -0.0084651, 0.999959, -0.00301162, 1.79319, 0.0, 0.0, 0.0, 1.0]}, "066966700e5c4232b29fce9a62ecd7ce_d1_5.png": {"intrinsics": {"fx": 1068.71, "fy": 1069.33, "cx": 631.868, "cy": 517.548}, "camera_to_world_matrix": [-0.53633, 0.00295006, -0.844002, 7.67707, -0.844007, -0.00207092, 0.536327, 1.91214, -0.000165506, 0.999993, 0.00359991, 1.79316, 0.0, 0.0, 0.0, 1.0]}, "066966700e5c4232b29fce9a62ecd7ce_d2_0.png": {"intrinsics": {"fx": 1070.29, "fy": 1070.48, "cx": 636.783, "cy": 522.149}, "camera_to_world_matrix": [-0.999256, -0.0163598, 0.0349597, 7.67377, 0.036842, -0.674385, 0.737461, 1.89925, 0.0115113, 0.738199, 0.674486, 1.82635, 0.0, 0.0, 0.0, 1.0]}, "066966700e5c4232b29fce9a62ecd7ce_d2_1.png": {"intrinsics": {"fx": 1070.29, "fy": 1070.48, "cx": 636.783, "cy": 522.149}, "camera_to_world_matrix": [-0.46763, -0.584762, 0.662855, 7.66149, 0.883828, -0.32048, 0.340798, 1.90705, 0.0131458, 0.745216, 0.666695, 1.8265, 0.0, 0.0, 0.0, 1.0]}, "066966700e5c4232b29fce9a62ecd7ce_d2_2.png": {"intrinsics": {"fx": 1070.29, "fy": 1070.48, "cx": 636.783, "cy": 522.149}, "camera_to_world_matrix": [0.531663, -0.562439, 0.633245, 7.6621, 0.846943, 0.348744, -0.40133, 1.92159, 0.00488314, 0.749694, 0.661768, 1.8266, 0.0, 0.0, 0.0, 1.0]}, "066966700e5c4232b29fce9a62ecd7ce_d2_3.png": {"intrinsics": {"fx": 1070.29, "fy": 1070.48, "cx": 636.783, "cy": 522.149}, "camera_to_world_matrix": [0.999306, 0.028286, -0.02426, 7.675, -0.0369262, 0.664048, -0.746778, 1.92832, -0.00501384, 0.747155, 0.664632, 1.82654, 0.0, 0.0, 0.0, 1.0]}, "066966700e5c4232b29fce9a62ecd7ce_d2_4.png": {"intrinsics": {"fx": 1070.29, "fy": 1070.48, "cx": 636.783, "cy": 522.149}, "camera_to_world_matrix": [0.467647, 0.596675, -0.65214, 7.68728, -0.883891, 0.310121, -0.35009, 1.92052, -0.00664793, 0.740138, 0.672423, 1.82639, 0.0, 0.0, 0.0, 1.0]}, "066966700e5c4232b29fce9a62ecd7ce_d2_5.png": {"intrinsics": {"fx": 1070.29, "fy": 1070.48, "cx": 636.783, "cy": 522.149}, "camera_to_world_matrix": [-0.531644, 0.574325, -0.6225, 7.68666, -0.846968, -0.359102, 0.392037, 1.90598, 0.00161497, 0.735661, 0.67735, 1.82629, 0.0, 0.0, 0.0, 1.0]}, "0db759083a92498e9df42a8fea3f3ba0_d0_0.png": {"intrinsics": {"fx": 1069.67, "fy": 1070.36, "cx": 632.9, "cy": 515.549}, "camera_to_world_matrix": [-0.950125, -0.19541, -0.243055, 1.09329, -0.311564, 0.629056, 0.71219, 2.35172, 0.0137256, 0.752398, -0.658566, 1.73255, 0.0, 0.0, 0.0, 1.0]}, "0db759083a92498e9df42a8fea3f3ba0_d0_1.png": {"intrinsics": {"fx": 1069.67, "fy": 1070.36, "cx": 632.9, "cy": 515.549}, "camera_to_world_matrix": [-0.74472, 0.457743, 0.485655, 1.07904, 0.667105, 0.489909, 0.56121, 2.35465, 0.0189635, 0.741929, -0.67021, 1.73278, 0.0, 0.0, 0.0, 1.0]}, "0db759083a92498e9df42a8fea3f3ba0_d0_2.png": {"intrinsics": {"fx": 1069.67, "fy": 1070.36, "cx": 632.9, "cy": 515.549}, "camera_to_world_matrix": [0.205461, 0.663748, 0.719182, 1.07445, 0.978631, -0.145366, -0.145421, 2.36846, 0.00802189, 0.733693, -0.679434, 1.73296, 0.0, 0.0, 0.0, 1.0]}, "0db759083a92498e9df42a8fea3f3ba0_d0_3.png": {"intrinsics": {"fx": 1069.67, "fy": 1070.36, "cx": 632.9, "cy": 515.549}, "camera_to_world_matrix": [0.950216, 0.216595, 0.223994, 1.08411, 0.311481, -0.641481, -0.701057, 2.37933, -0.00815742, 0.735926, -0.677012, 1.73291, 0.0, 0.0, 0.0, 1.0]}, "0db759083a92498e9df42a8fea3f3ba0_d0_4.png": {"intrinsics": {"fx": 1069.67, "fy": 1070.36, "cx": 632.9, "cy": 515.549}, "camera_to_world_matrix": [0.744774, -0.436553, -0.50471, 1.09836, -0.667181, -0.502309, -0.550049, 2.37641, -0.0133948, 0.746395, -0.665368, 1.73269, 0.0, 0.0, 0.0, 1.0]}, "0db759083a92498e9df42a8fea3f3ba0_d0_5.png": {"intrinsics": {"fx": 1069.67, "fy": 1070.36, "cx": 632.9, "cy": 515.549}, "camera_to_world_matrix": [-0.20542, -0.642533, -0.738209, 1.10295, -0.97867, 0.132974, 0.156592, 2.3626, -0.0024526, 0.754631, -0.656145, 1.73251, 0.0, 0.0, 0.0, 1.0]}, "0db759083a92498e9df42a8fea3f3ba0_d1_0.png": {"intrinsics": {"fx": 1068.71, "fy": 1069.33, "cx": 631.868, "cy": 517.548}, "camera_to_world_matrix": [-0.948843, 0.0134128, -0.315461, 1.09028, -0.315507, -0.00135611, 0.948922, 2.36193, 0.0123001, 0.999909, 0.0055179, 1.76594, 0.0, 0.0, 0.0, 1.0]}, "0db759083a92498e9df42a8fea3f3ba0_d1_1.png": {"intrinsics": {"fx": 1068.71, "fy": 1069.33, "cx": 631.868, "cy": 517.548}, "camera_to_world_matrix": [-0.747513, 0.01988, 0.663948, 1.08685, 0.664012, -0.00412457, 0.747709, 2.36263, 0.0176031, 0.999793, -0.0101181, 1.76599, 0.0, 0.0, 0.0, 1.0]}, "0db759083a92498e9df42a8fea3f3ba0_d1_2.png": {"intrinsics": {"fx": 1068.71, "fy": 1069.33, "cx": 631.868, "cy": 517.548}, "camera_to_world_matrix": [0.201366, 0.0207155, 0.979296, 1.08575, 0.979492, -0.0111102, -0.201172, 2.36596, 0.00671301, 0.999723, -0.0225285, 1.76603, 0.0, 0.0, 0.0, 1.0]}, "0db759083a92498e9df42a8fea3f3ba0_d1_3.png": {"intrinsics": {"fx": 1068.71, "fy": 1069.33, "cx": 631.868, "cy": 517.548}, "camera_to_world_matrix": [0.948895, 0.0150837, 0.315228, 1.08807, 0.315446, -0.0153273, -0.948819, 2.36857, -0.00947994, 0.999768, -0.0193028, 1.76602, 0.0, 0.0, 0.0, 1.0]}, "0db759083a92498e9df42a8fea3f3ba0_d1_4.png": {"intrinsics": {"fx": 1068.71, "fy": 1069.33, "cx": 631.868, "cy": 517.548}, "camera_to_world_matrix": [0.747528, 0.00861658, -0.664174, 1.0915, -0.664065, -0.0125586, -0.747568, 2.36787, -0.0147824, 0.999884, -0.00366657, 1.76597, 0.0, 0.0, 0.0, 1.0]}, "0db759083a92498e9df42a8fea3f3ba0_d1_5.png": {"intrinsics": {"fx": 1068.71, "fy": 1069.33, "cx": 631.868, "cy": 517.548}, "camera_to_world_matrix": [-0.201365, 0.00778141, -0.979485, 1.0926, -0.979508, -0.00557287, 0.201325, 2.36455, -0.00389179, 0.999954, 0.00874348, 1.76592, 0.0, 0.0, 0.0, 1.0]}, "0db759083a92498e9df42a8fea3f3ba0_d2_0.png": {"intrinsics": {"fx": 1070.29, "fy": 1070.48, "cx": 636.783, "cy": 522.149}, "camera_to_world_matrix": [-0.947058, 0.227541, -0.226515, 1.09424, -0.320758, -0.639621, 0.69857, 2.35117, 0.0140696, 0.734241, 0.678744, 1.79904, 0.0, 0.0, 0.0, 1.0]}, "0db759083a92498e9df42a8fea3f3ba0_d2_1.png": {"intrinsics": {"fx": 1070.29, "fy": 1070.48, "cx": 636.783, "cy": 522.149}, "camera_to_world_matrix": [-0.751142, -0.429493, 0.50132, 1.07999, 0.659855, -0.510872, 0.551002, 2.35409, 0.019459, 0.744679, 0.667141, 1.79927, 0.0, 0.0, 0.0, 1.0]}, "0db759083a92498e9df42a8fea3f3ba0_d2_2.png": {"intrinsics": {"fx": 1070.29, "fy": 1070.48, "cx": 636.783, "cy": 522.149}, "camera_to_world_matrix": [0.195979, -0.646441, 0.737365, 1.0754, 0.980571, 0.122565, -0.153166, 2.3679, 0.00863759, 0.753055, 0.657902, 1.79945, 0.0, 0.0, 0.0, 1.0]}, "0db759083a92498e9df42a8fea3f3ba0_d2_3.png": {"intrinsics": {"fx": 1070.29, "fy": 1070.48, "cx": 636.783, "cy": 522.149}, "camera_to_world_matrix": [0.947163, -0.206351, 0.245569, 1.08506, 0.320667, 0.627238, -0.70975, 2.37878, -0.0075729, 0.750994, 0.660267, 1.79941, 0.0, 0.0, 0.0, 1.0]}, "0db759083a92498e9df42a8fea3f3ba0_d2_4.png": {"intrinsics": {"fx": 1070.29, "fy": 1070.48, "cx": 636.783, "cy": 522.149}, "camera_to_world_matrix": [0.751209, 0.450678, -0.48226, 1.09931, -0.659939, 0.498463, -0.562154, 2.37585, -0.0129616, 0.740556, 0.67187, 1.79918, 0.0, 0.0, 0.0, 1.0]}, "0db759083a92498e9df42a8fea3f3ba0_d2_5.png": {"intrinsics": {"fx": 1070.29, "fy": 1070.48, "cx": 636.783, "cy": 522.149}, "camera_to_world_matrix": [-0.195925, 0.667602, -0.718277, 1.1039, -0.980618, -0.134982, 0.142023, 2.36205, -0.0021398, 0.73218, 0.681109, 1.799, 0.0, 0.0, 0.0, 1.0]}, "13ae1603f381466a86b3d1dcc884366c_d0_0.png": {"intrinsics": {"fx": 1069.67, "fy": 1070.36, "cx": 632.9, "cy": 515.549}, "camera_to_world_matrix": [0.890545, -0.309945, -0.33296, 18.0589, -0.454563, -0.578439, -0.677333, -3.07046, 0.0173391, 0.754547, -0.656017, 1.41496, 0.0, 0.0, 0.0, 1.0]}, "13ae1603f381466a86b3d1dcc884366c_d0_1.png": {"intrinsics": {"fx": 1069.67, "fy": 1070.36, "cx": 632.9, "cy": 515.549}, "camera_to_world_matrix": [0.0513695, -0.671429, -0.739285, 18.0669, -0.998398, -0.016992, -0.0539418, -3.08263, 0.0236563, 0.740873, -0.671228, 1.41526, 0.0, 0.0, 0.0, 1.0]}, "13ae1603f381466a86b3d1dcc884366c_d0_2.png": {"intrinsics": {"fx": 1069.67, "fy": 1070.36, "cx": 632.9, "cy": 515.549}, "camera_to_world_matrix": [-0.839193, -0.365804, -0.402419, 18.0603, -0.543756, 0.57678, 0.609633, -3.09562, 0.00910084, 0.730418, -0.682939, 1.41549, 0.0, 0.0, 0.0, 1.0]}, "13ae1603f381466a86b3d1dcc884366c_d0_3.png": {"intrinsics": {"fx": 1069.67, "fy": 1070.36, "cx": 632.9, "cy": 515.549}, "camera_to_world_matrix": [-0.89056, 0.301299, 0.340765, 18.0458, 0.454712, 0.609091, 0.649803, -3.09642, -0.0117716, 0.733639, -0.679437, 1.41542, 0.0, 0.0, 0.0, 1.0]}, "13ae1603f381466a86b3d1dcc884366c_d0_4.png": {"intrinsics": {"fx": 1069.67, "fy": 1070.36, "cx": 632.9, "cy": 515.549}, "camera_to_world_matrix": [-0.0513629, 0.662762, 0.747066, 18.0379, 0.998515, 0.0476296, 0.0263961, -3.08425, -0.0180881, 0.747313, -0.664226, 1.41513, 0.0, 0.0, 0.0, 1.0]}, "13ae1603f381466a86b3d1dcc884366c_d0_5.png": {"intrinsics": {"fx": 1069.67, "fy": 1070.36, "cx": 632.9, "cy": 515.549}, "camera_to_world_matrix": [0.839182, 0.357113, 0.410174, 18.0444, 0.543838, -0.54613, -0.637166, -3.07127, -0.00353187, 0.757767, -0.652515, 1.4149, 0.0, 0.0, 0.0, 1.0]}, "13ae1603f381466a86b3d1dcc884366c_d1_0.png": {"intrinsics": {"fx": 1068.71, "fy": 1069.33, "cx": 631.868, "cy": 517.548}, "camera_to_world_matrix": [0.892441, -0.0101918, -0.451047, 18.0538, -0.450882, 0.0150847, -0.892456, -3.07963, 0.0158998, 0.999834, 0.00886624, 1.44838, 0.0, 0.0, 0.0, 1.0]}, "13ae1603f381466a86b3d1dcc884366c_d1_1.png": {"intrinsics": {"fx": 1068.71, "fy": 1069.33, "cx": 631.868, "cy": 517.548}, "camera_to_world_matrix": [0.0555344, -0.0127842, -0.998375, 18.0557, -0.998207, 0.0216237, -0.0558019, -3.08256, 0.0223021, 0.999684, -0.0115611, 1.44845, 0.0, 0.0, 0.0, 1.0]}, "13ae1603f381466a86b3d1dcc884366c_d1_2.png": {"intrinsics": {"fx": 1068.71, "fy": 1069.33, "cx": 631.868, "cy": 517.548}, "camera_to_world_matrix": [-0.836916, -0.008416, -0.547265, 18.0541, -0.547274, 0.0271386, 0.836513, -3.08569, 0.00781205, 0.999596, -0.0273193, 1.44851, 0.0, 0.0, 0.0, 1.0]}, "13ae1603f381466a86b3d1dcc884366c_d1_3.png": {"intrinsics": {"fx": 1068.71, "fy": 1069.33, "cx": 631.868, "cy": 517.548}, "camera_to_world_matrix": [-0.89244, -0.00145545, 0.451162, 18.0506, 0.450975, 0.0261142, 0.892154, -3.08588, -0.0130801, 0.999658, -0.0226497, 1.44849, 0.0, 0.0, 0.0, 1.0]}, "13ae1603f381466a86b3d1dcc884366c_d1_4.png": {"intrinsics": {"fx": 1068.71, "fy": 1069.33, "cx": 631.868, "cy": 517.548}, "camera_to_world_matrix": [-0.0555118, 0.00113672, 0.998457, 18.0487, 0.998267, 0.019575, 0.0554789, -3.08295, -0.0194816, 0.999807, -0.00222205, 1.44842, 0.0, 0.0, 0.0, 1.0]}, "13ae1603f381466a86b3d1dcc884366c_d1_5.png": {"intrinsics": {"fx": 1068.71, "fy": 1069.33, "cx": 631.868, "cy": 517.548}, "camera_to_world_matrix": [0.836921, -0.00323172, 0.547312, 18.0503, 0.547299, 0.0140604, -0.836819, -3.07983, -0.00499089, 0.999896, 0.0135355, 1.44836, 0.0, 0.0, 0.0, 1.0]}, "13ae1603f381466a86b3d1dcc884366c_d2_0.png": {"intrinsics": {"fx": 1070.29, "fy": 1070.48, "cx": 636.783, "cy": 522.149}, "camera_to_world_matrix": [0.894907, 0.292269, -0.337227, 18.0586, -0.445906, 0.615539, -0.649831, -3.06909, 0.0176506, 0.731909, 0.681175, 1.48145, 0.0, 0.0, 0.0, 1.0]}, "13ae1603f381466a86b3d1dcc884366c_d2_1.png": {"intrinsics": {"fx": 1070.29, "fy": 1070.48, "cx": 636.783, "cy": 522.149}, "camera_to_world_matrix": [0.0610381, 0.663866, -0.745357, 18.0665, -0.997844, 0.0586647, -0.0294642, -3.08126, 0.0241657, 0.745548, 0.666015, 1.48175, 0.0, 0.0, 0.0, 1.0]}, "13ae1603f381466a86b3d1dcc884366c_d2_2.png": {"intrinsics": {"fx": 1070.29, "fy": 1070.48, "cx": 636.783, "cy": 522.149}, "camera_to_world_matrix": [-0.833889, 0.367256, -0.412013, 18.06, -0.551848, -0.541576, 0.634161, -3.09425, 0.00976291, 0.756188, 0.654283, 1.48198, 0.0, 0.0, 0.0, 1.0]}, "13ae1603f381466a86b3d1dcc884366c_d2_3.png": {"intrinsics": {"fx": 1070.29, "fy": 1070.48, "cx": 636.783, "cy": 522.149}, "camera_to_world_matrix": [-0.894927, -0.300944, 0.329454, 18.0454, 0.446075, -0.584928, 0.677405, -3.09506, -0.0111546, 0.753188, 0.657711, 1.48191, 0.0, 0.0, 0.0, 1.0]}, "13ae1603f381466a86b3d1dcc884366c_d2_4.png": {"intrinsics": {"fx": 1070.29, "fy": 1070.48, "cx": 636.783, "cy": 522.149}, "camera_to_world_matrix": [-0.061037, -0.672518, 0.73756, 18.0375, 0.99798, -0.0280386, 0.0570227, -3.08288, -0.0176689, 0.739549, 0.672872, 1.48161, 0.0, 0.0, 0.0, 1.0]}, "13ae1603f381466a86b3d1dcc884366c_d2_5.png": {"intrinsics": {"fx": 1070.29, "fy": 1070.48, "cx": 636.783, "cy": 522.149}, "camera_to_world_matrix": [0.833873, -0.375885, 0.404189, 18.044, 0.551949, 0.57219, -0.60659, -3.0699, -0.00326553, 0.72891, 0.684603, 1.48138, 0.0, 0.0, 0.0, 1.0]}, "14a6c204205543dfb373ec9e556d5b37_d0_0.png": {"intrinsics": {"fx": 1069.67, "fy": 1070.36, "cx": 632.9, "cy": 515.549}, "camera_to_world_matrix": [-0.737349, -0.43603, -0.515939, 14.8128, -0.675436, 0.487255, 0.553505, -3.10595, 0.0100494, 0.75661, -0.653789, 1.50538, 0.0, 0.0, 0.0, 1.0]}, "14a6c204205543dfb373ec9e556d5b37_d0_1.png": {"intrinsics": {"fx": 1069.67, "fy": 1070.36, "cx": 632.9, "cy": 515.549}, "camera_to_world_matrix": [-0.953394, 0.216424, 0.210233, 14.7986, 0.300873, 0.629647, 0.716253, -3.10916, 0.0226413, 0.746126, -0.66542, 1.50561, 0.0, 0.0, 0.0, 1.0]}, "14a6c204205543dfb373ec9e556d5b37_d0_2.png": {"intrinsics": {"fx": 1069.67, "fy": 1070.36, "cx": 632.9, "cy": 515.549}, "camera_to_world_matrix": [-0.215974, 0.665853, 0.714138, 14.7888, 0.976277, 0.135747, 0.168682, -3.09847, 0.0153756, 0.733628, -0.679377, 1.50588, 0.0, 0.0, 0.0, 1.0]}, "14a6c204205543dfb373ec9e556d5b37_d0_3.png": {"intrinsics": {"fx": 1069.67, "fy": 1070.36, "cx": 632.9, "cy": 515.549}, "camera_to_world_matrix": [0.737476, 0.46282, 0.491859, 14.7931, 0.675357, -0.500534, -0.541624, -3.08457, -0.00448178, 0.731616, -0.681702, 1.50593, 0.0, 0.0, 0.0, 1.0]}, "14a6c204205543dfb373ec9e556d5b37_d0_4.png": {"intrinsics": {"fx": 1069.67, "fy": 1070.36, "cx": 632.9, "cy": 515.549}, "camera_to_world_matrix": [0.953483, -0.189639, -0.234319, 14.8073, -0.30096, -0.642901, -0.704343, -3.08137, -0.0170731, 0.742101, -0.670071, 1.5057, 0.0, 0.0, 0.0, 1.0]}, "14a6c204205543dfb373ec9e556d5b37_d0_5.png": {"intrinsics": {"fx": 1069.67, "fy": 1070.36, "cx": 632.9, "cy": 515.549}, "camera_to_world_matrix": [0.216036, -0.639049, -0.738202, 14.8171, -0.976335, -0.148983, -0.156753, -3.09206, -0.00980669, 0.754598, -0.656114, 1.50543, 0.0, 0.0, 0.0, 1.0]}, "14a6c204205543dfb373ec9e556d5b37_d1_0.png": {"intrinsics": {"fx": 1068.71, "fy": 1069.33, "cx": 631.868, "cy": 517.548}, "camera_to_world_matrix": [-0.734559, 0.0143711, -0.678392, 14.8059, -0.678489, -0.00288889, 0.734604, -3.09813, 0.00859741, 0.999892, 0.011872, 1.53883, 0.0, 0.0, 0.0, 1.0]}, "14a6c204205543dfb373ec9e556d5b37_d1_1.png": {"intrinsics": {"fx": 1068.71, "fy": 1069.33, "cx": 631.868, "cy": 517.548}, "camera_to_world_matrix": [-0.954667, 0.0214043, 0.296903, 14.8025, 0.296914, -0.00274605, 0.9549, -3.0989, 0.0212544, 0.999767, -0.00373434, 1.53889, 0.0, 0.0, 0.0, 1.0]}, "14a6c204205543dfb373ec9e556d5b37_d1_2.png": {"intrinsics": {"fx": 1068.71, "fy": 1069.33, "cx": 631.868, "cy": 517.548}, "camera_to_world_matrix": [-0.220061, 0.0250436, 0.975164, 14.8001, 0.975384, -0.00876637, 0.220336, -3.09633, 0.0140668, 0.999648, -0.0224986, 1.53895, 0.0, 0.0, 0.0, 1.0]}, "14a6c204205543dfb373ec9e556d5b37_d1_3.png": {"intrinsics": {"fx": 1068.71, "fy": 1069.33, "cx": 631.868, "cy": 517.548}, "camera_to_world_matrix": [0.734636, 0.0216495, 0.678115, 14.8012, 0.678436, -0.0149294, -0.734508, -3.09299, -0.00577772, 0.999654, -0.0256561, 1.53896, 0.0, 0.0, 0.0, 1.0]}, "14a6c204205543dfb373ec9e556d5b37_d1_4.png": {"intrinsics": {"fx": 1068.71, "fy": 1069.33, "cx": 631.868, "cy": 517.548}, "camera_to_world_matrix": [0.954706, 0.0146162, -0.297189, 14.8046, -0.296976, -0.0150719, -0.954765, -3.09222, -0.0184341, 0.999779, -0.0100493, 1.53891, 0.0, 0.0, 0.0, 1.0]}, "14a6c204205543dfb373ec9e556d5b37_d1_5.png": {"intrinsics": {"fx": 1068.71, "fy": 1069.33, "cx": 631.868, "cy": 517.548}, "camera_to_world_matrix": [0.220074, 0.0109772, -0.975421, 14.807, -0.975418, -0.00905148, -0.220175, -3.09479, -0.0112458, 0.999898, 0.00871475, 1.53884, 0.0, 0.0, 0.0, 1.0]}, "14a6c204205543dfb373ec9e556d5b37_d2_0.png": {"intrinsics": {"fx": 1070.29, "fy": 1070.48, "cx": 636.783, "cy": 522.149}, "camera_to_world_matrix": [-0.730766, 0.472025, -0.493128, 14.814, -0.682551, -0.494318, 0.538307, -3.10654, 0.0103318, 0.729961, 0.683412, 1.57187, 0.0, 0.0, 0.0, 1.0]}, "14a6c204205543dfb373ec9e556d5b37_d2_1.png": {"intrinsics": {"fx": 1070.29, "fy": 1070.48, "cx": 636.783, "cy": 522.149}, "camera_to_world_matrix": [-0.956258, -0.179681, 0.230841, 14.7998, 0.291618, -0.647782, 0.703803, -3.10975, 0.0230748, 0.740333, 0.671845, 1.5721, 0.0, 0.0, 0.0, 1.0]}, "14a6c204205543dfb373ec9e556d5b37_d2_2.png": {"intrinsics": {"fx": 1070.29, "fy": 1070.48, "cx": 636.783, "cy": 522.149}, "camera_to_world_matrix": [-0.225412, -0.638324, 0.736025, 14.79, 0.974133, -0.160067, 0.159514, -3.09906, 0.015991, 0.752942, 0.657894, 1.57237, 0.0, 0.0, 0.0, 1.0]}, "14a6c204205543dfb373ec9e556d5b37_d2_3.png": {"intrinsics": {"fx": 1070.29, "fy": 1070.48, "cx": 636.783, "cy": 522.149}, "camera_to_world_matrix": [0.73091, -0.445252, 0.517227, 14.7943, 0.682465, 0.481101, -0.550258, -3.08517, -0.00383576, 0.755177, 0.655511, 1.57241, 0.0, 0.0, 0.0, 1.0]}, "14a6c204205543dfb373ec9e556d5b37_d2_4.png": {"intrinsics": {"fx": 1070.29, "fy": 1070.48, "cx": 636.783, "cy": 522.149}, "camera_to_world_matrix": [0.956363, 0.20646, -0.206749, 14.8085, -0.291713, 0.63454, -0.715726, -3.08196, -0.0165782, 0.744804, 0.667078, 1.57219, 0.0, 0.0, 0.0, 1.0]}, "14a6c204205543dfb373ec9e556d5b37_d2_5.png": {"intrinsics": {"fx": 1070.29, "fy": 1070.48, "cx": 636.783, "cy": 522.149}, "camera_to_world_matrix": [0.225491, 0.665084, -0.711911, 14.8183, -0.9742, 0.146807, -0.171417, -3.09265, -0.0094936, 0.732196, 0.681029, 1.57191, 0.0, 0.0, 0.0, 1.0]}, "1890cf5c07ea460f93411a6d2cb39edf_d0_0.png": {"intrinsics": {"fx": 1069.67, "fy": 1070.36, "cx": 632.9, "cy": 515.549}, "camera_to_world_matrix": [-0.348649, 0.610765, 0.710921, 27.3132, 0.937233, 0.222309, 0.268648, 1.34002, 0.00603654, 0.759962, -0.649938, 0.813236, 0.0, 0.0, 0.0, 1.0]}, "1890cf5c07ea460f93411a6d2cb39edf_d0_1.png": {"intrinsics": {"fx": 1069.67, "fy": 1070.36, "cx": 632.9, "cy": 515.549}, "camera_to_world_matrix": [0.637148, 0.497429, 0.588732, 27.3156, 0.770333, -0.435823, -0.465449, 1.35438, 0.0250553, 0.750081, -0.660871, 0.81345, 0.0, 0.0, 0.0, 1.0]}, "1890cf5c07ea460f93411a6d2cb39edf_d0_2.png": {"intrinsics": {"fx": 1069.67, "fy": 1070.36, "cx": 632.9, "cy": 515.549}, "camera_to_world_matrix": [0.985724, -0.129134, -0.108035, 27.3292, -0.166948, -0.666576, -0.726501, 1.35951, 0.0218022, 0.734166, -0.67862, 0.813797, 0.0, 0.0, 0.0, 1.0]}, "1890cf5c07ea460f93411a6d2cb39edf_d0_3.png": {"intrinsics": {"fx": 1069.67, "fy": 1070.36, "cx": 632.9, "cy": 515.549}, "camera_to_world_matrix": [0.348495, -0.642346, -0.682599, 27.3404, -0.93731, -0.239191, -0.253449, 1.35028, -0.000469618, 0.728133, -0.685435, 0.81393, 0.0, 0.0, 0.0, 1.0]}, "1890cf5c07ea460f93411a6d2cb39edf_d0_4.png": {"intrinsics": {"fx": 1069.67, "fy": 1070.36, "cx": 632.9, "cy": 515.549}, "camera_to_world_matrix": [-0.637296, -0.528984, -0.560382, 27.3381, -0.770372, 0.418937, 0.480643, 1.33592, -0.0194879, 0.738015, -0.674502, 0.813717, 0.0, 0.0, 0.0, 1.0]}, "1890cf5c07ea460f93411a6d2cb39edf_d0_5.png": {"intrinsics": {"fx": 1069.67, "fy": 1070.36, "cx": 632.9, "cy": 515.549}, "camera_to_world_matrix": [-0.985835, 0.0975877, 0.136396, 27.3245, 0.166924, 0.649665, 0.741667, 1.3308, -0.0162338, 0.75393, -0.656754, 0.81337, 0.0, 0.0, 0.0, 1.0]}, "1890cf5c07ea460f93411a6d2cb39edf_d1_0.png": {"intrinsics": {"fx": 1068.71, "fy": 1069.33, "cx": 631.868, "cy": 517.548}, "camera_to_world_matrix": [-0.352519, -0.0142637, 0.935696, 27.3228, 0.935793, -0.0102489, 0.352399, 1.34354, 0.00456346, 0.999845, 0.0169601, 0.84674, 0.0, 0.0, 0.0, 1.0]}, "1890cf5c07ea460f93411a6d2cb39edf_d1_1.png": {"intrinsics": {"fx": 1068.71, "fy": 1069.33, "cx": 631.868, "cy": 517.548}, "camera_to_world_matrix": [0.633966, -0.0167752, 0.773178, 27.3234, 0.772998, -0.0168199, -0.634184, 1.34699, 0.0236435, 0.999717, 0.00230333, 0.846792, 0.0, 0.0, 0.0, 1.0]}, "1890cf5c07ea460f93411a6d2cb39edf_d1_2.png": {"intrinsics": {"fx": 1068.71, "fy": 1069.33, "cx": 631.868, "cy": 517.548}, "camera_to_world_matrix": [0.986441, -0.0237213, -0.162389, 27.3267, -0.162828, -0.0179285, -0.986491, 1.34823, 0.0204896, 0.999557, -0.0215486, 0.846875, 0.0, 0.0, 0.0, 1.0]}, "1890cf5c07ea460f93411a6d2cb39edf_d1_3.png": {"intrinsics": {"fx": 1068.71, "fy": 1069.33, "cx": 631.868, "cy": 517.548}, "camera_to_world_matrix": [0.352423, -0.0281556, -0.935417, 27.3294, -0.935839, -0.0124661, -0.352206, 1.34601, -0.00174421, 0.999525, -0.0307431, 0.846907, 0.0, 0.0, 0.0, 1.0]}, "1890cf5c07ea460f93411a6d2cb39edf_d1_4.png": {"intrinsics": {"fx": 1068.71, "fy": 1069.33, "cx": 631.868, "cy": 517.548}, "camera_to_world_matrix": [-0.634056, -0.0256438, -0.772861, 27.3288, -0.773006, -0.00589516, 0.634371, 1.34255, -0.0208237, 0.999653, -0.0160856, 0.846856, 0.0, 0.0, 0.0, 1.0]}, "1890cf5c07ea460f93411a6d2cb39edf_d1_5.png": {"intrinsics": {"fx": 1068.71, "fy": 1069.33, "cx": 631.868, "cy": 517.548}, "camera_to_world_matrix": [-0.986494, -0.0186977, 0.16272, 27.3255, 0.162835, -0.00478681, 0.986641, 1.34132, -0.0176689, 0.999813, 0.00776615, 0.846772, 0.0, 0.0, 0.0, 1.0]}, "1890cf5c07ea460f93411a6d2cb39edf_d2_0.png": {"intrinsics": {"fx": 1070.29, "fy": 1070.48, "cx": 636.783, "cy": 522.149}, "camera_to_world_matrix": [-0.35772, -0.640037, 0.679992, 27.3118, 0.933809, -0.250061, 0.255876, 1.33927, 0.00626965, 0.726514, 0.687125, 0.879717, 0.0, 0.0, 0.0, 1.0]}, "1890cf5c07ea460f93411a6d2cb39edf_d2_1.png": {"intrinsics": {"fx": 1070.29, "fy": 1070.48, "cx": 636.783, "cy": 522.149}, "camera_to_world_matrix": [0.629646, -0.53724, 0.561178, 27.3142, 0.776468, 0.411541, -0.477214, 1.35362, 0.0254303, 0.736211, 0.676275, 0.87993, 0.0, 0.0, 0.0, 1.0]}, "1890cf5c07ea460f93411a6d2cb39edf_d2_2.png": {"intrinsics": {"fx": 1070.29, "fy": 1070.48, "cx": 636.783, "cy": 522.149}, "camera_to_world_matrix": [0.987282, 0.0870555, -0.133029, 27.3278, -0.157396, 0.653157, -0.740684, 1.35875, 0.0224083, 0.752202, 0.658553, 0.880277, 0.0, 0.0, 0.0, 1.0]}, "1890cf5c07ea460f93411a6d2cb39edf_d2_3.png": {"intrinsics": {"fx": 1070.29, "fy": 1070.48, "cx": 636.783, "cy": 522.149}, "camera_to_world_matrix": [0.357546, 0.60854, -0.708407, 27.339, -0.933897, 0.233165, -0.271059, 1.34952, 0.000225618, 0.758494, 0.651681, 0.880411, 0.0, 0.0, 0.0, 1.0]}, "1890cf5c07ea460f93411a6d2cb39edf_d2_4.png": {"intrinsics": {"fx": 1070.29, "fy": 1070.48, "cx": 636.783, "cy": 522.149}, "camera_to_world_matrix": [-0.629814, 0.505717, -0.589564, 27.3367, -0.776517, -0.428433, 0.462026, 1.33517, -0.0189345, 0.748796, 0.662531, 0.880198, 0.0, 0.0, 0.0, 1.0]}, "1890cf5c07ea460f93411a6d2cb39edf_d2_5.png": {"intrinsics": {"fx": 1070.29, "fy": 1070.48, "cx": 636.783, "cy": 522.149}, "camera_to_world_matrix": [-0.987414, -0.118588, 0.104654, 27.323, 0.157361, -0.670025, 0.725469, 1.33004, -0.0159115, 0.732806, 0.680253, 0.879851, 0.0, 0.0, 0.0, 1.0]}, "1968a423a44546ab829a498e305ef2f2_d0_0.png": {"intrinsics": {"fx": 1069.67, "fy": 1070.36, "cx": 632.9, "cy": 515.549}, "camera_to_world_matrix": [-0.228998, 0.628407, 0.743412, 27.5353, 0.973425, 0.148728, 0.174131, 3.68578, -0.00114131, 0.763533, -0.645768, 0.817862, 0.0, 0.0, 0.0, 1.0]}, "1968a423a44546ab829a498e305ef2f2_d0_1.png": {"intrinsics": {"fx": 1069.67, "fy": 1070.36, "cx": 632.9, "cy": 515.549}, "camera_to_world_matrix": [0.728108, 0.433899, 0.530649, 27.5394, 0.68496, -0.490169, -0.539039, 3.69973, 0.0262197, 0.755952, -0.654101, 0.818024, 0.0, 0.0, 0.0, 1.0]}, "1968a423a44546ab829a498e305ef2f2_d0_2.png": {"intrinsics": {"fx": 1069.67, "fy": 1070.36, "cx": 632.9, "cy": 515.549}, "camera_to_world_matrix": [0.957008, -0.216435, -0.193107, 27.5535, -0.288489, -0.641041, -0.711224, 3.70312, 0.030144, 0.736357, -0.675922, 0.818451, 0.0, 0.0, 0.0, 1.0]}, "1968a423a44546ab829a498e305ef2f2_d0_3.png": {"intrinsics": {"fx": 1069.67, "fy": 1070.36, "cx": 632.9, "cy": 515.549}, "camera_to_world_matrix": [0.228797, -0.672246, -0.704085, 27.5636, -0.97345, -0.153012, -0.170236, 3.69256, 0.0067072, 0.724342, -0.689408, 0.818715, 0.0, 0.0, 0.0, 1.0]}, "1968a423a44546ab829a498e305ef2f2_d0_4.png": {"intrinsics": {"fx": 1069.67, "fy": 1070.36, "cx": 632.9, "cy": 515.549}, "camera_to_world_matrix": [-0.728298, -0.477713, -0.491294, 27.5594, -0.684947, 0.485878, 0.542925, 3.67861, -0.0206534, 0.731923, -0.681074, 0.818553, 0.0, 0.0, 0.0, 1.0]}, "1968a423a44546ab829a498e305ef2f2_d0_5.png": {"intrinsics": {"fx": 1069.67, "fy": 1070.36, "cx": 632.9, "cy": 515.549}, "camera_to_world_matrix": [-0.95716, 0.172627, 0.23247, 27.5453, 0.28851, 0.636724, 0.715082, 3.67522, -0.0245765, 0.751519, -0.659253, 0.818126, 0.0, 0.0, 0.0, 1.0]}, "1968a423a44546ab829a498e305ef2f2_d1_0.png": {"intrinsics": {"fx": 1068.71, "fy": 1069.33, "cx": 631.868, "cy": 517.548}, "camera_to_world_matrix": [-0.233007, -0.0224177, 0.972216, 27.545, 0.972471, -0.00266022, 0.233007, 3.68826, -0.002637, 0.999745, 0.0224197, 0.851421, 0.0, 0.0, 0.0, 1.0]}, "1968a423a44546ab829a498e305ef2f2_d1_1.png": {"intrinsics": {"fx": 1068.71, "fy": 1069.33, "cx": 631.868, "cy": 517.548}, "camera_to_world_matrix": [0.725294, -0.0257286, 0.687958, 27.546, 0.687993, -0.00886719, -0.725663, 3.69162, 0.0247707, 0.999629, 0.0112691, 0.85146, 0.0, 0.0, 0.0, 1.0]}, "1968a423a44546ab829a498e305ef2f2_d1_2.png": {"intrinsics": {"fx": 1068.71, "fy": 1069.33, "cx": 631.868, "cy": 517.548}, "camera_to_world_matrix": [0.958243, -0.0327575, -0.284071, 27.5494, -0.284498, -0.0091015, -0.958633, 3.69243, 0.0288171, 0.999421, -0.0180415, 0.851563, 0.0, 0.0, 0.0, 1.0]}, "1968a423a44546ab829a498e305ef2f2_d1_3.png": {"intrinsics": {"fx": 1068.71, "fy": 1069.33, "cx": 631.868, "cy": 517.548}, "camera_to_world_matrix": [0.232886, -0.0364752, -0.97182, 27.5518, -0.972488, -0.00312884, -0.232929, 3.68989, 0.00545562, 0.999329, -0.036201, 0.851627, 0.0, 0.0, 0