{"00bb5fdd2e0d438682f400e515c36d96_d0_0.png": {"intrinsics": {"fx": 1070.27, "fy": 1071.64, "cx": 635.783, "cy": 520.892}, "camera_to_world_matrix": [-0.890394, -0.30102, -0.341444, 48.7406, -0.455188, 0.590178, 0.666702, -21.1395, 0.000821985, 0.749049, -0.662513, 1.43561, 0.0, 0.0, 0.0, 1.0]}, "00bb5fdd2e0d438682f400e515c36d96_d0_1.png": {"intrinsics": {"fx": 1070.27, "fy": 1071.64, "cx": 635.783, "cy": 520.892}, "camera_to_world_matrix": [-0.839358, 0.368909, 0.399229, 48.726, 0.543464, 0.554469, 0.630246, -21.1387, 0.0111434, 0.745969, -0.665887, 1.43567, 0.0, 0.0, 0.0, 1.0]}, "00bb5fdd2e0d438682f400e515c36d96_d0_2.png": {"intrinsics": {"fx": 1070.27, "fy": 1071.64, "cx": 635.783, "cy": 520.892}, "camera_to_world_matrix": [0.0510634, 0.672914, 0.737956, 48.7195, 0.998619, -0.0435391, -0.0293985, -21.1257, 0.0123473, 0.738438, -0.674208, 1.43584, 0.0, 0.0, 0.0, 1.0]}, "00bb5fdd2e0d438682f400e515c36d96_d0_3.png": {"intrinsics": {"fx": 1070.27, "fy": 1071.64, "cx": 635.783, "cy": 520.892}, "camera_to_world_matrix": [0.890428, 0.306983, 0.336003, 48.7274, 0.455111, -0.605824, -0.652572, -21.1135, 0.00322984, 0.733988, -0.679155, 1.43593, 0.0, 0.0, 0.0, 1.0]}, "00bb5fdd2e0d438682f400e515c36d96_d0_4.png": {"intrinsics": {"fx": 1070.27, "fy": 1071.64, "cx": 635.783, "cy": 520.892}, "camera_to_world_matrix": [0.839353, -0.362944, -0.404669, 48.742, -0.543539, -0.570088, -0.616087, -21.1143, -0.00709138, 0.737068, -0.675781, 1.43587, 0.0, 0.0, 0.0, 1.0]}, "00bb5fdd2e0d438682f400e515c36d96_d0_5.png": {"intrinsics": {"fx": 1070.27, "fy": 1071.64, "cx": 635.783, "cy": 520.892}, "camera_to_world_matrix": [-0.0510862, -0.666926, -0.74337, 48.7485, -0.998659, 0.0279318, 0.0435709, -21.1273, -0.00829486, 0.7446, -0.66746, 1.4357, 0.0, 0.0, 0.0, 1.0]}, "00bb5fdd2e0d438682f400e515c36d96_d1_0.png": {"intrinsics": {"fx": 1071.22, "fy": 1071.64, "cx": 641.222, "cy": 522.835}, "camera_to_world_matrix": [-0.89261, 0.0124306, -0.450657, 48.7357, -0.450764, -0.00780775, 0.892608, -21.13, 0.00757725, 0.999892, 0.0125718, 1.46898, 0.0, 0.0, 0.0, 1.0]}, "00bb5fdd2e0d438682f400e515c36d96_d1_1.png": {"intrinsics": {"fx": 1071.22, "fy": 1071.64, "cx": 641.222, "cy": 522.835}, "camera_to_world_matrix": [-0.83656, 0.0105997, 0.547772, 48.7322, 0.547583, -0.0164437, 0.836589, -21.1298, 0.0178752, 0.999808, 0.00795117, 1.46899, 0.0, 0.0, 0.0, 1.0]}, "00bb5fdd2e0d438682f400e515c36d96_d1_2.png": {"intrinsics": {"fx": 1071.22, "fy": 1071.64, "cx": 641.222, "cy": 522.835}, "camera_to_world_matrix": [0.0561042, 0.00220492, 0.998422, 48.7306, 0.998243, -0.0191764, -0.056052, -21.1266, 0.0190227, 0.999813, -0.00327772, 1.46903, 0.0, 0.0, 0.0, 1.0]}, "00bb5fdd2e0d438682f400e515c36d96_d1_3.png": {"intrinsics": {"fx": 1071.22, "fy": 1071.64, "cx": 641.222, "cy": 522.835}, "camera_to_world_matrix": [0.892698, -0.00435872, 0.450633, 48.7326, 0.450546, -0.0132729, -0.892654, -21.1237, 0.00987224, 0.999902, -0.00988573, 1.46906, 0.0, 0.0, 0.0, 1.0]}, "00bb5fdd2e0d438682f400e515c36d96_d1_4.png": {"intrinsics": {"fx": 1071.22, "fy": 1071.64, "cx": 641.222, "cy": 522.835}, "camera_to_world_matrix": [0.836609, -0.00252744, -0.547794, 48.7361, -0.547799, -0.00463704, -0.836596, -21.1239, -0.000425511, 0.999985, -0.00526471, 1.46904, 0.0, 0.0, 0.0, 1.0]}, "00bb5fdd2e0d438682f400e515c36d96_d1_5.png": {"intrinsics": {"fx": 1071.22, "fy": 1071.64, "cx": 641.222, "cy": 522.835}, "camera_to_world_matrix": [-0.0560729, 0.00586744, -0.998409, 48.7376, -0.998425, -0.00190474, 0.0560629, -21.127, -0.00157258, 0.99998, 0.00596421, 1.469, 0.0, 0.0, 0.0, 1.0]}, "00bb5fdd2e0d438682f400e515c36d96_d2_0.png": {"intrinsics": {"fx": 1071.02, "fy": 1071.29, "cx": 625.265, "cy": 515.217}, "camera_to_world_matrix": [-0.890183, 0.309063, -0.334743, 48.7408, -0.455599, -0.601437, 0.656279, -21.1402, 0.00150504, 0.736718, 0.676197, 1.5021, 0.0, 0.0, 0.0, 1.0]}, "00bb5fdd2e0d438682f400e515c36d96_d2_1.png": {"intrinsics": {"fx": 1071.02, "fy": 1071.29, "cx": 625.265, "cy": 515.217}, "camera_to_world_matrix": [-0.8396, -0.358075, 0.408476, 48.7263, 0.543074, -0.5697, 0.616855, -21.1394, 0.0118284, 0.739745, 0.672781, 1.50217, 0.0, 0.0, 0.0, 1.0]}, "00bb5fdd2e0d438682f400e515c36d96_d2_2.png": {"intrinsics": {"fx": 1071.02, "fy": 1071.29, "cx": 625.265, "cy": 515.217}, "camera_to_world_matrix": [0.0506123, -0.664126, 0.745905, 48.7197, 0.998632, 0.023904, -0.0464782, -21.1264, 0.0130375, 0.747238, 0.664427, 1.50233, 0.0, 0.0, 0.0, 1.0]}, "00bb5fdd2e0d438682f400e515c36d96_d2_3.png": {"intrinsics": {"fx": 1071.02, "fy": 1071.29, "cx": 625.265, "cy": 515.217}, "camera_to_world_matrix": [0.890222, -0.303032, 0.340109, 48.7277, 0.455507, 0.585759, -0.670373, -21.1142, 0.00392308, 0.751703, 0.659488, 1.50243, 0.0, 0.0, 0.0, 1.0]}, "00bb5fdd2e0d438682f400e515c36d96_d2_4.png": {"intrinsics": {"fx": 1071.02, "fy": 1071.29, "cx": 625.265, "cy": 515.217}, "camera_to_world_matrix": [0.839601, 0.364105, -0.403109, 48.7422, -0.543164, 0.553996, -0.63092, -21.115, -0.00640018, 0.748676, 0.662904, 1.50236, 0.0, 0.0, 0.0, 1.0]}, "00bb5fdd2e0d438682f400e515c36d96_d2_5.png": {"intrinsics": {"fx": 1071.02, "fy": 1071.29, "cx": 625.265, "cy": 515.217}, "camera_to_world_matrix": [-0.0506296, 0.670133, -0.740512, 48.7488, -0.998688, -0.0396205, 0.0324271, -21.128, -0.00760877, 0.741183, 0.671259, 1.5022, 0.0, 0.0, 0.0, 1.0]}, "01f032e3a9734c4f8ea08b3236abe03f_d0_0.png": {"intrinsics": {"fx": 1070.27, "fy": 1071.64, "cx": 635.783, "cy": 520.892}, "camera_to_world_matrix": [-0.835785, -0.370173, -0.405505, 33.8742, -0.549031, 0.556409, 0.623677, -22.98, -0.00524149, 0.743895, -0.668276, 1.411, 0.0, 0.0, 0.0, 1.0]}, "01f032e3a9734c4f8ea08b3236abe03f_d0_1.png": {"intrinsics": {"fx": 1070.27, "fy": 1071.64, "cx": 635.783, "cy": 520.892}, "camera_to_world_matrix": [-0.893381, 0.29968, 0.334755, 33.8597, 0.449296, 0.59353, 0.667724, -22.9808, 0.00141614, 0.746936, -0.664894, 1.41093, 0.0, 0.0, 0.0, 1.0]}, "01f032e3a9734c4f8ea08b3236abe03f_d0_2.png": {"intrinsics": {"fx": 1070.27, "fy": 1071.64, "cx": 635.783, "cy": 520.892}, "camera_to_world_matrix": [-0.0575844, 0.666763, 0.743042, 33.8517, 0.998302, 0.0319836, 0.0486664, -22.9686, 0.00868386, 0.744583, -0.667473, 1.41098, 0.0, 0.0, 0.0, 1.0]}, "01f032e3a9734c4f8ea08b3236abe03f_d0_3.png": {"intrinsics": {"fx": 1070.27, "fy": 1071.64, "cx": 635.783, "cy": 520.892}, "camera_to_world_matrix": [0.83579, 0.363985, 0.411059, 33.8583, 0.54897, -0.56667, -0.614424, -22.9556, 0.00929373, 0.739188, -0.673435, 1.4111, 0.0, 0.0, 0.0, 1.0]}, "01f032e3a9734c4f8ea08b3236abe03f_d0_4.png": {"intrinsics": {"fx": 1070.27, "fy": 1071.64, "cx": 635.783, "cy": 520.892}, "camera_to_world_matrix": [0.893347, -0.305869, -0.329203, 33.8729, -0.449359, -0.603764, -0.658441, -22.9548, 0.00263592, 0.736147, -0.676816, 1.41116, 0.0, 0.0, 0.0, 1.0]}, "01f032e3a9734c4f8ea08b3236abe03f_d0_5.png": {"intrinsics": {"fx": 1070.27, "fy": 1071.64, "cx": 635.783, "cy": 520.892}, "camera_to_world_matrix": [0.0575284, -0.67293, -0.737465, 33.8808, -0.998333, -0.0422034, -0.0393679, -22.9671, -0.00463162, 0.738501, -0.674237, 1.41111, 0.0, 0.0, 0.0, 1.0]}, "01f032e3a9734c4f8ea08b3236abe03f_d1_0.png": {"intrinsics": {"fx": 1071.22, "fy": 1071.64, "cx": 641.222, "cy": 522.835}, "camera_to_world_matrix": [-0.83853, 0.00389151, -0.54484, 33.868, -0.544852, -0.00328145, 0.838525, -22.971, 0.00147546, 0.999986, 0.0048711, 1.44428, 0.0, 0.0, 0.0, 1.0]}, "01f032e3a9734c4f8ea08b3236abe03f_d1_1.png": {"intrinsics": {"fx": 1071.22, "fy": 1071.64, "cx": 641.222, "cy": 522.835}, "camera_to_world_matrix": [-0.891109, 0.00300818, 0.453778, 33.8645, 0.453715, -0.0120652, 0.891065, -22.9712, 0.00815561, 0.999922, 0.0093858, 1.44427, 0.0, 0.0, 0.0, 1.0]}, "01f032e3a9734c4f8ea08b3236abe03f_d1_2.png": {"intrinsics": {"fx": 1071.22, "fy": 1071.64, "cx": 641.222, "cy": 522.835}, "camera_to_world_matrix": [-0.0525949, -0.00504066, 0.998603, 33.8626, 0.998496, -0.0156918, 0.0525099, -22.9682, 0.0154054, 0.999864, 0.0058576, 1.44428, 0.0, 0.0, 0.0, 1.0]}, "01f032e3a9734c4f8ea08b3236abe03f_d1_3.png": {"intrinsics": {"fx": 1071.22, "fy": 1071.64, "cx": 641.222, "cy": 522.835}, "camera_to_world_matrix": [0.838479, -0.012206, 0.544796, 33.8642, 0.544699, -0.0105345, -0.838565, -22.9651, 0.0159749, 0.999869, -0.00218521, 1.44431, 0.0, 0.0, 0.0, 1.0]}, "01f032e3a9734c4f8ea08b3236abe03f_d1_4.png": {"intrinsics": {"fx": 1071.22, "fy": 1071.64, "cx": 641.222, "cy": 522.835}, "camera_to_world_matrix": [0.891018, -0.0113223, -0.453824, 33.8677, -0.45387, -0.00175079, -0.891065, -22.9649, 0.00929455, 0.999934, -0.00669964, 1.44432, 0.0, 0.0, 0.0, 1.0]}, "01f032e3a9734c4f8ea08b3236abe03f_d1_5.png": {"intrinsics": {"fx": 1071.22, "fy": 1071.64, "cx": 641.222, "cy": 522.835}, "camera_to_world_matrix": [0.0524832, -0.00327332, -0.998616, 33.8696, -0.998619, 0.00187549, -0.0524893, -22.9679, 0.00204489, 0.999992, -0.00317117, 1.44431, 0.0, 0.0, 0.0, 1.0]}, "01f032e3a9734c4f8ea08b3236abe03f_d2_0.png": {"intrinsics": {"fx": 1071.02, "fy": 1071.29, "cx": 625.265, "cy": 515.217}, "camera_to_world_matrix": [-0.835537, 0.365552, -0.410181, 33.8739, -0.549414, -0.562075, 0.618236, -22.9805, -0.00455489, 0.741919, 0.670473, 1.47749, 0.0, 0.0, 0.0, 1.0]}, "01f032e3a9734c4f8ea08b3236abe03f_d2_1.png": {"intrinsics": {"fx": 1071.02, "fy": 1071.29, "cx": 625.265, "cy": 515.217}, "camera_to_world_matrix": [-0.893586, -0.301095, 0.332932, 33.8594, 0.448884, -0.602842, 0.659608, -22.9812, 0.00210064, 0.738866, 0.673848, 1.47743, 0.0, 0.0, 0.0, 1.0]}, "01f032e3a9734c4f8ea08b3236abe03f_d2_2.png": {"intrinsics": {"fx": 1071.02, "fy": 1071.29, "cx": 625.265, "cy": 515.217}, "camera_to_world_matrix": [-0.0580407, -0.669734, 0.740329, 33.8515, 0.998269, -0.0458956, 0.0367431, -22.969, 0.00936993, 0.741181, 0.671239, 1.47748, 0.0, 0.0, 0.0, 1.0]}, "01f032e3a9734c4f8ea08b3236abe03f_d2_3.png": {"intrinsics": {"fx": 1071.02, "fy": 1071.29, "cx": 625.265, "cy": 515.217}, "camera_to_world_matrix": [0.835536, -0.371718, 0.404603, 33.8581, 0.549344, 0.551806, -0.62748, -22.9561, 0.00998347, 0.746549, 0.665254, 1.4776, 0.0, 0.0, 0.0, 1.0]}, "01f032e3a9734c4f8ea08b3236abe03f_d2_4.png": {"intrinsics": {"fx": 1071.02, "fy": 1071.29, "cx": 625.265, "cy": 515.217}, "camera_to_world_matrix": [0.893546, 0.29493, -0.338511, 33.8726, -0.448957, 0.592547, -0.668823, -22.9553, 0.00332774, 0.749602, 0.661879, 1.47766, 0.0, 0.0, 0.0, 1.0]}, "01f032e3a9734c4f8ea08b3236abe03f_d2_5.png": {"intrinsics": {"fx": 1071.02, "fy": 1071.29, "cx": 625.265, "cy": 515.217}, "camera_to_world_matrix": [0.057979, 0.663548, -0.745884, 33.8805, -0.998309, 0.0355862, -0.0459421, -22.9675, -0.00394137, 0.747287, 0.664488, 1.47761, 0.0, 0.0, 0.0, 1.0]}, "02e18ec4d4f94d2eb4407346c822dee2_d0_0.png": {"intrinsics": {"fx": 1070.27, "fy": 1071.64, "cx": 635.783, "cy": 520.892}, "camera_to_world_matrix": [0.398435, -0.609958, -0.684981, 67.787, -0.917196, -0.26572, -0.296891, -2.06823, -0.000922173, 0.746554, -0.665324, 1.40923, 0.0, 0.0, 0.0, 1.0]}, "02e18ec4d4f94d2eb4407346c822dee2_d0_1.png": {"intrinsics": {"fx": 1070.27, "fy": 1071.64, "cx": 635.783, "cy": 520.892}, "camera_to_world_matrix": [-0.595074, -0.532287, -0.602127, 67.7852, -0.80364, 0.400655, 0.440043, -2.08268, 0.00701622, 0.745751, -0.666187, 1.40925, 0.0, 0.0, 0.0, 1.0]}, "02e18ec4d4f94d2eb4407346c822dee2_d0_2.png": {"intrinsics": {"fx": 1070.27, "fy": 1071.64, "cx": 635.783, "cy": 520.892}, "camera_to_world_matrix": [-0.993479, 0.0836314, 0.0774872, 67.7719, 0.113575, 0.666566, 0.736742, -2.08841, 0.0099645, 0.740739, -0.671719, 1.40936, 0.0, 0.0, 0.0, 1.0]}, "02e18ec4d4f94d2eb4407346c822dee2_d0_3.png": {"intrinsics": {"fx": 1070.27, "fy": 1071.64, "cx": 635.783, "cy": 520.892}, "camera_to_world_matrix": [-0.398367, 0.621865, 0.674231, 67.7602, 0.917212, 0.266096, 0.296502, -2.07969, 0.00497427, 0.73653, -0.676387, 1.40945, 0.0, 0.0, 0.0, 1.0]}, "02e18ec4d4f94d2eb4407346c822dee2_d0_4.png": {"intrinsics": {"fx": 1070.27, "fy": 1071.64, "cx": 635.783, "cy": 520.892}, "camera_to_world_matrix": [0.595138, 0.544167, 0.591347, 67.7619, 0.803618, -0.400276, -0.440428, -2.06524, -0.0029641, 0.737333, -0.675523, 1.40943, 0.0, 0.0, 0.0, 1.0]}, "02e18ec4d4f94d2eb4407346c822dee2_d0_5.png": {"intrinsics": {"fx": 1070.27, "fy": 1071.64, "cx": 635.783, "cy": 520.892}, "camera_to_world_matrix": [0.993507, -0.0717615, -0.0882781, 67.7753, -0.113612, -0.666163, -0.737101, -2.05951, -0.00591204, 0.742345, -0.669992, 1.40932, 0.0, 0.0, 0.0, 1.0]}, "02e18ec4d4f94d2eb4407346c822dee2_d1_0.png": {"intrinsics": {"fx": 1071.22, "fy": 1071.64, "cx": 641.222, "cy": 522.835}, "camera_to_world_matrix": [0.393862, 0.00581975, -0.91915, 67.7771, -0.91915, 0.00881921, -0.393806, -2.07257, 0.00581451, 0.999944, 0.00882199, 1.44256, 0.0, 0.0, 0.0, 1.0]}, "02e18ec4d4f94d2eb4407346c822dee2_d1_1.png": {"intrinsics": {"fx": 1071.22, "fy": 1071.64, "cx": 641.222, "cy": 522.835}, "camera_to_world_matrix": [-0.599027, 0.0143241, -0.800599, 67.7767, -0.800609, 0.00645035, 0.599151, -2.07605, 0.0137466, 0.999876, 0.00760326, 1.44257, 0.0, 0.0, 0.0, 1.0]}, "02e18ec4d4f94d2eb4407346c822dee2_d1_2.png": {"intrinsics": {"fx": 1071.22, "fy": 1071.64, "cx": 641.222, "cy": 522.835}, "camera_to_world_matrix": [-0.992806, 0.0165247, 0.11858, 67.7735, 0.118561, -0.00209929, 0.992944, -2.07743, 0.0166572, 0.999861, 0.00012421, 1.44259, 0.0, 0.0, 0.0, 1.0]}, "02e18ec4d4f94d2eb4407346c822dee2_d1_3.png": {"intrinsics": {"fx": 1071.22, "fy": 1071.64, "cx": 641.222, "cy": 522.835}, "camera_to_world_matrix": [-0.393686, 0.010221, 0.919187, 67.7706, 0.91917, -0.00827988, 0.393771, -2.07533, 0.0116357, 0.999913, -0.00613593, 1.44262, 0.0, 0.0, 0.0, 1.0]}, "02e18ec4d4f94d2eb4407346c822dee2_d1_4.png": {"intrinsics": {"fx": 1071.22, "fy": 1071.64, "cx": 641.222, "cy": 522.835}, "camera_to_world_matrix": [0.599199, 0.00171675, 0.800598, 67.7711, 0.800591, -0.00591069, -0.599181, -2.07185, 0.00370363, 0.99998, -0.00491689, 1.44261, 0.0, 0.0, 0.0, 1.0]}, "02e18ec4d4f94d2eb4407346c822dee2_d1_5.png": {"intrinsics": {"fx": 1071.22, "fy": 1071.64, "cx": 641.222, "cy": 522.835}, "camera_to_world_matrix": [0.992941, -0.000483549, -0.118597, 67.7743, -0.118595, 0.00263904, -0.992939, -2.07048, 0.000793306, 0.999996, 0.00256228, 1.44259, 0.0, 0.0, 0.0, 1.0]}, "02e18ec4d4f94d2eb4407346c822dee2_d2_0.png": {"intrinsics": {"fx": 1071.02, "fy": 1071.29, "cx": 625.265, "cy": 515.217}, "camera_to_world_matrix": [0.398856, 0.617609, -0.677844, 67.7875, -0.917012, 0.268438, -0.295003, -2.06821, -0.000237388, 0.739256, 0.673423, 1.47573, 0.0, 0.0, 0.0, 1.0]}, "02e18ec4d4f94d2eb4407346c822dee2_d2_1.png": {"intrinsics": {"fx": 1071.02, "fy": 1071.29, "cx": 625.265, "cy": 515.217}, "camera_to_world_matrix": [-0.594702, 0.544079, -0.591867, 67.7858, -0.803908, -0.3954, 0.444285, -2.08266, 0.00770151, 0.740025, 0.672534, 1.47575, 0.0, 0.0, 0.0, 1.0]}, "02e18ec4d4f94d2eb4407346c822dee2_d2_2.png": {"intrinsics": {"fx": 1071.02, "fy": 1071.29, "cx": 625.265, "cy": 515.217}, "camera_to_world_matrix": [-0.993523, -0.0675732, 0.091347, 67.7724, 0.113123, -0.663629, 0.739458, -2.08839, 0.0106532, 0.745003, 0.666974, 1.47586, 0.0, 0.0, 0.0, 1.0]}, "02e18ec4d4f94d2eb4407346c822dee2_d2_3.png": {"intrinsics": {"fx": 1071.02, "fy": 1071.29, "cx": 625.265, "cy": 515.217}, "camera_to_world_matrix": [-0.398777, -0.605681, 0.688569, 67.7608, 0.917029, -0.268013, 0.295337, -2.07967, 0.00566582, 0.749213, 0.662304, 1.47595, 0.0, 0.0, 0.0, 1.0]}, "02e18ec4d4f94d2eb4407346c822dee2_d2_4.png": {"intrinsics": {"fx": 1071.02, "fy": 1071.29, "cx": 625.265, "cy": 515.217}, "camera_to_world_matrix": [0.594777, -0.532124, 0.602564, 67.7625, 0.803886, 0.395823, -0.443948, -2.06522, -0.00227306, 0.748443, 0.663193, 1.47593, 0.0, 0.0, 0.0, 1.0]}, "02e18ec4d4f94d2eb4407346c822dee2_d2_5.png": {"intrinsics": {"fx": 1071.02, "fy": 1071.29, "cx": 625.265, "cy": 515.217}, "camera_to_world_matrix": [0.993562, 0.0795384, -0.080662, 67.7759, -0.113161, 0.664028, -0.739095, -2.0595, -0.00522439, 0.743465, 0.668753, 1.47582, 0.0, 0.0, 0.0, 1.0]}, "0314f51bf5574a0db9aa743b436e640a_d0_0.png": {"intrinsics": {"fx": 1070.27, "fy": 1071.64, "cx": 635.783, "cy": 520.892}, "camera_to_world_matrix": [-0.520313, 0.577776, 0.628847, 67.6727, 0.853885, 0.34127, 0.392956, -22.4161, 0.0124334, 0.741423, -0.670922, 1.38841, 0.0, 0.0, 0.0, 1.0]}, "0314f51bf5574a0db9aa743b436e640a_d0_1.png": {"intrinsics": {"fx": 1070.27, "fy": 1071.64, "cx": 635.783, "cy": 520.892}, "camera_to_world_matrix": [0.479402, 0.592129, 0.647732, 67.6724, 0.877566, -0.329436, -0.348351, -22.4016, 0.00711784, 0.735428, -0.677565, 1.38854, 0.0, 0.0, 0.0, 1.0]}, "0314f51bf5574a0db9aa743b436e640a_d0_2.png": {"intrinsics": {"fx": 1070.27, "fy": 1071.64, "cx": 635.783, "cy": 520.892}, "camera_to_world_matrix": [0.999715, 0.0184373, 0.0151629, 67.6849, 0.0236438, -0.67724, -0.735382, -22.3941, -0.00328949, 0.73553, -0.677483, 1.38853, 0.0, 0.0, 0.0, 1.0]}, "0314f51bf5574a0db9aa743b436e640a_d0_3.png": {"intrinsics": {"fx": 1070.27, "fy": 1071.64, "cx": 635.783, "cy": 520.892}, "camera_to_world_matrix": [0.520302, -0.569594, -0.636277, 67.6976, -0.853941, -0.35433, -0.381097, -22.4011, -0.00838109, 0.741628, -0.670759, 1.3884, 0.0, 0.0, 0.0, 1.0]}, "0314f51bf5574a0db9aa743b436e640a_d0_4.png": {"intrinsics": {"fx": 1070.27, "fy": 1071.64, "cx": 635.783, "cy": 520.892}, "camera_to_world_matrix": [-0.479414, -0.583921, -0.655132, 67.6979, -0.877583, 0.316378, 0.360211, -22.4156, -0.0030652, 0.747623, -0.664116, 1.38827, 0.0, 0.0, 0.0, 1.0]}, "0314f51bf5574a0db9aa743b436e640a_d0_5.png": {"intrinsics": {"fx": 1070.27, "fy": 1071.64, "cx": 635.783, "cy": 520.892}, "camera_to_world_matrix": [-0.999693, -0.0102157, -0.0225479, 67.6854, -0.0236403, 0.664159, 0.747217, -22.4231, 0.00734217, 0.747521, -0.664198, 1.38827, 0.0, 0.0, 0.0, 1.0]}, "0314f51bf5574a0db9aa743b436e640a_d1_0.png": {"intrinsics": {"fx": 1071.22, "fy": 1071.64, "cx": 641.222, "cy": 522.835}, "camera_to_world_matrix": [-0.515961, 0.00887683, 0.856566, 67.6823, 0.856398, -0.0169867, 0.516036, -22.4107, 0.0191311, 0.999816, 0.00116156, 1.42165, 0.0, 0.0, 0.0, 1.0]}, "0314f51bf5574a0db9aa743b436e640a_d1_1.png": {"intrinsics": {"fx": 1071.22, "fy": 1071.64, "cx": 641.222, "cy": 522.835}, "camera_to_world_matrix": [0.483823, 0.00012803, 0.875165, 67.6823, 0.875057, -0.0158058, -0.483761, -22.4072, 0.0137709, 0.999875, -0.00776003, 1.42168, 0.0, 0.0, 0.0, 1.0]}, "0314f51bf5574a0db9aa743b436e640a_d1_2.png": {"intrinsics": {"fx": 1071.22, "fy": 1071.64, "cx": 641.222, "cy": 522.835}, "camera_to_world_matrix": [0.999821, -0.00322319, 0.0185871, 67.6853, 0.0185623, -0.00763872, -0.999798, -22.4054, 0.00336471, 0.999965, -0.00757833, 1.42168, 0.0, 0.0, 0.0, 1.0]}, "0314f51bf5574a0db9aa743b436e640a_d1_3.png": {"intrinsics": {"fx": 1071.22, "fy": 1071.64, "cx": 641.222, "cy": 522.835}, "camera_to_world_matrix": [0.516024, 0.00217447, -0.856571, 67.6883, -0.856572, -0.00065276, -0.516026, -22.4071, -0.00168103, 0.999997, 0.00152496, 1.42165, 0.0, 0.0, 0.0, 1.0]}, "0314f51bf5574a0db9aa743b436e640a_d1_4.png": {"intrinsics": {"fx": 1071.22, "fy": 1071.64, "cx": 641.222, "cy": 522.835}, "camera_to_world_matrix": [-0.483761, 0.0109232, -0.875131, 67.6884, -0.875192, -0.00183399, 0.483772, -22.4106, 0.00367954, 0.999938, 0.0104463, 1.42162, 0.0, 0.0, 0.0, 1.0]}, "0314f51bf5574a0db9aa743b436e640a_d1_5.png": {"intrinsics": {"fx": 1071.22, "fy": 1071.64, "cx": 641.222, "cy": 522.835}, "camera_to_world_matrix": [-0.999726, 0.0142741, -0.0185331, 67.6854, -0.018677, -0.0100012, 0.999775, -22.4124, 0.0140857, 0.999848, 0.0102642, 1.42162, 0.0, 0.0, 0.0, 1.0]}, "0314f51bf5574a0db9aa743b436e640a_d2_0.png": {"intrinsics": {"fx": 1071.02, "fy": 1071.29, "cx": 625.265, "cy": 515.217}, "camera_to_world_matrix": [-0.520696, -0.565022, 0.64002, 67.6731, 0.85364, -0.356087, 0.38013, -22.4167, 0.0131216, 0.74428, 0.667737, 1.4549, 0.0, 0.0, 0.0, 1.0]}, "0314f51bf5574a0db9aa743b436e640a_d2_1.png": {"intrinsics": {"fx": 1071.02, "fy": 1071.29, "cx": 625.265, "cy": 515.217}, "camera_to_world_matrix": [0.479006, -0.583129, 0.656135, 67.6728, 0.877776, 0.31154, -0.363938, -22.4021, 0.00781009, 0.750269, 0.661085, 1.45503, 0.0, 0.0, 0.0, 1.0]}, "0314f51bf5574a0db9aa743b436e640a_d2_2.png": {"intrinsics": {"fx": 1071.02, "fy": 1071.29, "cx": 625.265, "cy": 515.217}, "camera_to_world_matrix": [0.999705, -0.0139812, 0.0197907, 67.6852, 0.0240919, 0.661055, -0.74995, -22.3946, -0.00259727, 0.750206, 0.661197, 1.45503, 0.0, 0.0, 0.0, 1.0]}, "0314f51bf5574a0db9aa743b436e640a_d2_3.png": {"intrinsics": {"fx": 1071.02, "fy": 1071.29, "cx": 625.265, "cy": 515.217}, "camera_to_world_matrix": [0.520692, 0.57326, -0.632654, 67.698, -0.853709, 0.342936, -0.391886, -22.4017, -0.00769298, 0.744155, 0.667961, 1.4549, 0.0, 0.0, 0.0, 1.0]}, "0314f51bf5574a0db9aa743b436e640a_d2_4.png": {"intrinsics": {"fx": 1071.02, "fy": 1071.29, "cx": 625.265, "cy": 515.217}, "camera_to_world_matrix": [-0.47901, 0.591341, -0.64874, 67.6982, -0.877805, -0.324692, 0.352182, -22.4162, -0.00238116, 0.738167, 0.674613, 1.45477, 0.0, 0.0, 0.0, 1.0]}, "0314f51bf5574a0db9aa743b436e640a_d2_5.png": {"intrinsics": {"fx": 1071.02, "fy": 1071.29, "cx": 625.265, "cy": 515.217}, "camera_to_world_matrix": [-0.999676, 0.0221802, -0.0123804, 67.6858, -0.0241005, -0.674185, 0.738169, -22.4237, 0.00802625, 0.738229, 0.674501, 1.45477, 0.0, 0.0, 0.0, 1.0]}, "04be9ca17ae1495a8b65b17e49aede20_d0_0.png": {"intrinsics": {"fx": 1070.27, "fy": 1071.64, "cx": 635.783, "cy": 520.892}, "camera_to_world_matrix": [-0.477584, 0.588154, 0.652677, 6.54084, 0.878526, 0.311019, 0.362573, -11.1088, 0.0102536, 0.746553, -0.665246, 1.37838, 0.0, 0.0, 0.0, 1.0]}, "04be9ca17ae1495a8b65b17e49aede20_d0_1.png": {"intrinsics": {"fx": 1070.27, "fy": 1071.64, "cx": 635.783, "cy": 520.892}, "camera_to_world_matrix": [0.522091, 0.569408, 0.634976, 6.54129, 0.852795, -0.359567, -0.378749, -11.0943, 0.0126534, 0.739247, -0.673316, 1.37854, 0.0, 0.0, 0.0, 1.0]}, "04be9ca17ae1495a8b65b17e49aede20_d0_2.png": {"intrinsics": {"fx": 1070.27, "fy": 1071.64, "cx": 635.783, "cy": 520.892}, "camera_to_world_matrix": [0.999657, -0.0207451, -0.0159185, 6.55411, -0.0257715, -0.678601, -0.734054, -11.0874, 0.00442571, 0.734213, -0.678904, 1.37864, 0.0, 0.0, 0.0, 1.0]}, "04be9ca17ae1495a8b65b17e49aede20_d0_3.png": {"intrinsics": {"fx": 1070.27, "fy": 1071.64, "cx": 635.783, "cy": 520.892}, "camera_to_world_matrix": [0.477539, -0.592139, -0.649097, 6.56648, -0.878588, -0.327044, -0.348029, -11.0951, -0.00620161, 0.736487, -0.676424, 1.37859, 0.0, 0.0, 0.0, 1.0]}, "04be9ca17ae1495a8b65b17e49aede20_d0_4.png": {"intrinsics": {"fx": 1070.27, "fy": 1071.64, "cx": 635.783, "cy": 520.892}, "camera_to_world_matrix": [-0.522135, -0.573367, -0.631366, 6.56603, -0.852819, 0.343541, 0.393292, -11.1096, -0.00860099, 0.743793, -0.668354, 1.37844, 0.0, 0.0, 0.0, 1.0]}, "04be9ca17ae1495a8b65b17e49aede20_d0_5.png": {"intrinsics": {"fx": 1070.27, "fy": 1071.64, "cx": 635.783, "cy": 520.892}, "camera_to_world_matrix": [-0.999667, 0.0167981, 0.0195421, 6.55321, 0.0257668, 0.662552, 0.748572, -11.1165, -0.000372994, 0.748827, -0.662766, 1.37833, 0.0, 0.0, 0.0, 1.0]}, "04be9ca17ae1495a8b65b17e49aede20_d1_0.png": {"intrinsics": {"fx": 1071.22, "fy": 1071.64, "cx": 641.222, "cy": 522.835}, "camera_to_world_matrix": [-0.473165, 0.000265636, 0.880973, 6.55049, 0.880809, -0.0191424, 0.473083, -11.104, 0.0169898, 0.999816, 0.00882276, 1.41171, 0.0, 0.0, 0.0, 1.0]}, "04be9ca17ae1495a8b65b17e49aede20_d1_1.png": {"intrinsics": {"fx": 1071.22, "fy": 1071.64, "cx": 641.222, "cy": 522.835}, "camera_to_world_matrix": [0.526331, -0.00841435, 0.850237, 6.5506, 0.850059, -0.0175308, -0.526395, -11.1005, 0.0193348, 0.99981, -0.00207512, 1.41175, 0.0, 0.0, 0.0, 1.0]}, "04be9ca17ae1495a8b65b17e49aede20_d1_2.png": {"intrinsics": {"fx": 1071.22, "fy": 1071.64, "cx": 641.222, "cy": 522.835}, "camera_to_world_matrix": [0.999461, -0.0113587, -0.0307586, 6.55368, -0.0308636, -0.00920835, -0.999481, -11.0988, 0.0110698, 0.999893, -0.00955477, 1.41177, 0.0, 0.0, 0.0, 1.0]}, "04be9ca17ae1495a8b65b17e49aede20_d1_3.png": {"intrinsics": {"fx": 1071.22, "fy": 1071.64, "cx": 641.222, "cy": 522.835}, "camera_to_world_matrix": [0.473084, -0.00562299, -0.880998, 6.55666, -0.881016, -0.00249766, -0.473078, -11.1007, 0.000459866, 0.999981, -0.00613635, 1.41176, 0.0, 0.0, 0.0, 1.0]}, "04be9ca17ae1495a8b65b17e49aede20_d1_4.png": {"intrinsics": {"fx": 1071.22, "fy": 1071.64, "cx": 641.222, "cy": 522.835}, "camera_to_world_matrix": [-0.526411, 0.00305693, -0.850224, 6.55655, -0.850227, -0.00410959, 0.526399, -11.1042, -0.00188472, 0.999986, 0.00476164, 1.41172, 0.0, 0.0, 0.0, 1.0]}, "04be9ca17ae1495a8b65b17e49aede20_d1_5.png": {"intrinsics": {"fx": 1071.22, "fy": 1071.64, "cx": 641.222, "cy": 522.835}, "camera_to_world_matrix": [-0.999507, 0.00600095, 0.0307906, 6.55347, 0.0307139, -0.0124322, 0.99945, -11.1058, 0.00638064, 0.999904, 0.012241, 1.4117, 0.0, 0.0, 0.0, 1.0]}, "04be9ca17ae1495a8b65b17e49aede20_d2_0.png": {"intrinsics": {"fx": 1071.02, "fy": 1071.29, "cx": 625.265, "cy": 515.217}, "camera_to_world_matrix": [-0.477984, -0.58768, 0.652812, 6.54067, 0.878299, -0.329029, 0.346883, -11.1096, 0.0109383, 0.739169, 0.673429, 1.44487, 0.0, 0.0, 0.0, 1.0]}, "04be9ca17ae1495a8b65b17e49aede20_d2_1.png": {"intrinsics": {"fx": 1071.02, "fy": 1071.29, "cx": 625.265, "cy": 515.217}, "camera_to_world_matrix": [0.5217, -0.572836, 0.632207, 6.54111, 0.853023, 0.338665, -0.397059, -11.095, 0.013343, 0.746434, 0.665324, 1.44503, 0.0, 0.0, 0.0, 1.0]}, "04be9ca17ae1495a8b65b17e49aede20_d2_2.png": {"intrinsics": {"fx": 1071.02, "fy": 1071.29, "cx": 625.265, "cy": 515.217}, "camera_to_world_matrix": [0.999665, 0.0128631, -0.0224076, 6.55393, -0.0253247, 0.659634, -0.75116, -11.0881, 0.00511879, 0.751477, 0.659738, 1.44514, 0.0, 0.0, 0.0, 1.0]}, "04be9ca17ae1495a8b65b17e49aede20_d2_3.png": {"intrinsics": {"fx": 1071.02, "fy": 1071.29, "cx": 625.265, "cy": 515.217}, "camera_to_world_matrix": [0.477935, 0.583705, -0.656404, 6.5663, -0.878377, 0.3129, -0.361311, -11.0958, -0.00551003, 0.749254, 0.662258, 1.44509, 0.0, 0.0, 0.0, 1.0]}, "04be9ca17ae1495a8b65b17e49aede20_d2_4.png": {"intrinsics": {"fx": 1071.02, "fy": 1071.29, "cx": 625.265, "cy": 515.217}, "camera_to_world_matrix": [-0.521748, 0.568835, -0.635771, 6.56585, -0.853061, -0.354794, 0.38263, -11.1103, -0.00791435, 0.741989, 0.670364, 1.44493, 0.0, 0.0, 0.0, 1.0]}, "04be9ca17ae1495a8b65b17e49aede20_d2_5.png": {"intrinsics": {"fx": 1071.02, "fy": 1071.29, "cx": 625.265, "cy": 515.217}, "camera_to_world_matrix": [-0.999679, -0.016877, 0.0188583, 6.55304, 0.0253051, -0.67574, 0.736705, -11.1172, 0.000310214, 0.736947, 0.675949, 1.44482, 0.0, 0.0, 0.0, 1.0]}, "05007a3d6dc2420b960c6dcc2e9b0353_d0_0.png": {"intrinsics": {"fx": 1070.27, "fy": 1071.64, "cx": 635.783, "cy": 520.892}, "camera_to_world_matrix": [-0.87126, -0.323114, -0.369462, 49.8123, -0.490756, 0.585716, 0.645053, -13.296, 0.00797368, 0.743325, -0.668882, 1.42406, 0.0, 0.0, 0.0, 1.0]}, "05007a3d6dc2420b960c6dcc2e9b0353_d0_1.png": {"intrinsics": {"fx": 1070.27, "fy": 1071.64, "cx": 635.783, "cy": 520.892}, "camera_to_world_matrix": [-0.860619, 0.347703, 0.372071, 49.7978, 0.509196, 0.577072, 0.638519, -13.2958, 0.00730282, 0.738979, -0.673689, 1.42416, 0.0, 0.0, 0.0, 1.0]}, "05007a3d6dc2420b960c6dcc2e9b0353_d0_2.png": {"intrinsics": {"fx": 1070.27, "fy": 1071.64, "cx": 635.783, "cy": 520.892}, "camera_to_world_matrix": [0.0106736, 0.67562, 0.737172, 49.7907, 0.999942, -0.00821089, -0.00695306, -13.2831, 0.00135527, 0.737204, -0.675669, 1.42419, 0.0, 0.0, 0.0, 1.0]}, "05007a3d6dc2420b960c6dcc2e9b0353_d0_3.png": {"intrinsics": {"fx": 1070.27, "fy": 1071.64, "cx": 635.783, "cy": 520.892}, "camera_to_world_matrix": [0.871306, 0.332713, 0.360732, 49.7982, 0.490724, -0.584837, -0.645875, -13.2706, -0.00392135, 0.739775, -0.672843, 1.42414, 0.0, 0.0, 0.0, 1.0]}, "05007a3d6dc2420b960c6dcc2e9b0353_d0_4.png": {"intrinsics": {"fx": 1070.27, "fy": 1071.64, "cx": 635.783, "cy": 520.892}, "camera_to_world_matrix": [0.860625, -0.338104, -0.3808, 49.8127, -0.509227, -0.576166, -0.639311, -13.2709, -0.00325026, 0.744122, -0.668036, 1.42404, 0.0, 0.0, 0.0, 1.0]}, "05007a3d6dc2420b960c6dcc2e9b0353_d0_5.png": {"intrinsics": {"fx": 1070.27, "fy": 1071.64, "cx": 635.783, "cy": 520.892}, "camera_to_world_matrix": [-0.0106866, -0.665999, -0.745876, 49.8198, -0.999939, 0.00912979, 0.00617464, -13.2836, 0.00269744, 0.745897, -0.666056, 1.42401, 0.0, 0.0, 0.0, 1.0]}, "05007a3d6dc2420b960c6dcc2e9b0353_d1_0.png": {"intrinsics": {"fx": 1071.22, "fy": 1071.64, "cx": 641.222, "cy": 522.835}, "camera_to_world_matrix": [-0.873639, 0.014764, -0.486349, 49.8072, -0.486351, 0.00367129, 0.873755, -13.2864, 0.0146859, 0.999884, 0.00397233, 1.45734, 0.0, 0.0, 0.0, 1.0]}, "05007a3d6dc2420b960c6dcc2e9b0353_d1_1.png": {"intrinsics": {"fx": 1071.22, "fy": 1071.64, "cx": 641.222, "cy": 522.835}, "camera_to_world_matrix": [-0.857976, 0.0132836, 0.513517, 49.8037, 0.513498, -0.00503201, 0.858075, -13.2863, 0.0139825, 0.999899, -0.00250454, 1.45736, 0.0, 0.0, 0.0, 1.0]}, "05007a3d6dc2420b960c6dcc2e9b0353_d1_2.png": {"intrinsics": {"fx": 1071.22, "fy": 1071.64, "cx": 641.222, "cy": 522.835}, "camera_to_world_matrix": [0.015739, 0.00500616, 0.999863, 49.802, 0.999843, -0.00810137, -0.0156984, -13.2833, 0.00802186, 0.999954, -0.00513368, 1.45737, 0.0, 0.0, 0.0, 1.0]}, "05007a3d6dc2420b960c6dcc2e9b0353_d1_3.png": {"intrinsics": {"fx": 1071.22, "fy": 1071.64, "cx": 641.222, "cy": 522.835}, "camera_to_world_matrix": [0.873771, -0.00179058, 0.486332, 49.8038, 0.486328, -0.00246736, -0.873772, -13.2803, 0.00276471, 0.999995, -0.00128589, 1.45736, 0.0, 0.0, 0.0, 1.0]}, "05007a3d6dc2420b960c6dcc2e9b0353_d1_4.png": {"intrinsics": {"fx": 1071.22, "fy": 1071.64, "cx": 641.222, "cy": 522.835}, "camera_to_world_matrix": [0.858069, -0.000309774, -0.513533, 49.8073, -0.513521, 0.00623588, -0.858053, -13.2803, 0.00346832, 0.99998, 0.00519095, 1.45734, 0.0, 0.0, 0.0, 1.0]}, "05007a3d6dc2420b960c6dcc2e9b0353_d1_5.png": {"intrinsics": {"fx": 1071.22, "fy": 1071.64, "cx": 641.222, "cy": 522.835}, "camera_to_world_matrix": [-0.015665, 0.00796775, -0.999845, 49.809, -0.999832, 0.00930492, 0.0157392, -13.2834, 0.00942907, 0.999924, 0.00781986, 1.45733, 0.0, 0.0, 0.0, 1.0]}, "05007a3d6dc2420b960c6dcc2e9b0353_d2_0.png": {"intrinsics": {"fx": 1071.02, "fy": 1071.29, "cx": 625.265, "cy": 515.217}, "camera_to_world_matrix": [-0.871031, 0.334619, -0.35963, 49.8128, -0.49115, -0.58034, 0.649598, -13.296, 0.00866063, 0.742452, 0.669841, 1.49056, 0.0, 0.0, 0.0, 1.0]}, "05007a3d6dc2420b960c6dcc2e9b0353_d2_1.png": {"intrinsics": {"fx": 1071.02, "fy": 1071.29, "cx": 625.265, "cy": 515.217}, "camera_to_world_matrix": [-0.860844, -0.333249, 0.384567, 49.7982, 0.508804, -0.575553, 0.6402, -13.2958, 0.00799271, 0.746782, 0.665019, 1.49065, 0.0, 0.0, 0.0, 1.0]}, "05007a3d6dc2420b960c6dcc2e9b0353_d2_2.png": {"intrinsics": {"fx": 1071.02, "fy": 1071.29, "cx": 625.265, "cy": 515.217}, "camera_to_world_matrix": [0.0102237, -0.663032, 0.74852, 49.7911, 0.999944, 0.00524756, -0.00901021, -13.2831, 0.00204638, 0.748572, 0.663049, 1.49069, 0.0, 0.0, 0.0, 1.0]}, "05007a3d6dc2420b960c6dcc2e9b0353_d2_3.png": {"intrinsics": {"fx": 1071.02, "fy": 1071.29, "cx": 625.265, "cy": 515.217}, "camera_to_world_matrix": [0.871085, -0.32494, 0.36827, 49.7986, 0.49112, 0.581248, -0.648808, -13.2706, -0.00323195, 0.746032, 0.665901, 1.49064, 0.0, 0.0, 0.0, 1.0]}, "05007a3d6dc2420b960c6dcc2e9b0353_d2_4.png": {"intrinsics": {"fx": 1071.02, "fy": 1071.29, "cx": 625.265, "cy": 515.217}, "camera_to_world_matrix": [0.860859, 0.342928, -0.375926, 49.8131, -0.508835, 0.576435, -0.639381, -13.2708, -0.0025638, 0.741702, 0.670723, 1.49054, 0.0, 0.0, 0.0, 1.0]}, "05007a3d6dc2420b960c6dcc2e9b0353_d2_5.png": {"intrinsics": {"fx": 1071.02, "fy": 1071.29, "cx": 625.265, "cy": 515.217}, "camera_to_world_matrix": [-0.0102277, 0.672688, -0.739855, 49.8202, -0.999941, -0.00437792, 0.0098433, -13.2835, 0.00338267, 0.739913, 0.672693, 1.4905, 0.0, 0.0, 0.0, 1.0]}, "07ef5f3b56d04dcea961901b49d735aa_d0_0.png": {"intrinsics": {"fx": 1070.27, "fy": 1071.64, "cx": 635.783, "cy": 520.892}, "camera_to_world_matrix": [0.562993, -0.54603, -0.620394, 60.7859, -0.826378, -0.382584, -0.413193, 0.94682, -0.011737, 0.745305, -0.66662, 1.40647, 0.0, 0.0, 0.0, 1.0]}, "07ef5f3b56d04dcea961901b49d735aa_d0_1.png": {"intrinsics": {"fx": 1070.27, "fy": 1071.64, "cx": 635.783, "cy": 520.892}, "camera_to_world_matrix": [-0.434171, -0.59441, -0.676884, 60.7869, -0.90083, 0.286529, 0.326199, 0.932306, 5.0813e-05, 0.751383, -0.659866, 1.40634, 0.0, 0.0, 0.0, 1.0]}, "07ef5f3b56d04dcea961901b49d735aa_d0_2.png": {"intrinsics": {"fx": 1070.27, "fy": 1071.64, "cx": 635.783, "cy": 520.892}, "camera_to_world_matrix": [-0.997129, -0.0391478, -0.0648141, 60.7749, -0.0744486, 0.663037, 0.744875, 0.924174, 0.0138139, 0.747562, -0.664048, 1.40642, 0.0, 0.0, 0.0, 1.0]}, "07ef5f3b56d04dcea961901b49d735aa_d0_3.png": {"intrinsics": {"fx": 1070.27, "fy": 1071.64, "cx": 635.783, "cy": 520.892}, "camera_to_world_matrix": [-0.56291, 0.564482, 0.603731, 60.7618, 0.826367, 0.370424, 0.42415, 0.930556, 0.0157889, 0.737662, -0.674985, 1.40664, 0.0, 0.0, 0.0, 1.0]}, "07ef5f3b56d04dcea961901b49d735aa_d0_4.png": {"intrinsics": {"fx": 1070.27, "fy": 1071.64, "cx": 635.783, "cy": 520.892}, "camera_to_world_matrix": [0.434256, 0.612836, 0.660192, 60.7608, 0.90078, -0.298691, -0.315243, 0.945071, 0.00400066, 0.731584, -0.681739, 1.40677, 0.0, 0.0, 0.0, 1.0]}, "07ef5f3b56d04dcea961901b49d735aa_d0_5.png": {"intrinsics": {"fx": 1070.27, "fy": 1071.64, "cx": 635.783, "cy": 520.892}, "camera_to_world_matrix": [0.997182, 0.0575586, 0.0481055, 60.7728, 0.0743763, -0.675177, -0.733896, 0.953202, -0.00976219, 0.735406, -0.677556, 1.40668, 0.0, 0.0, 0.0, 1.0]}, "07ef5f3b56d04dcea961901b49d735aa_d1_0.png": {"intrinsics": {"fx": 1071.22, "fy": 1071.64, "cx": 641.222, "cy": 522.835}, "camera_to_world_matrix": [0.558898, 0.00866925, -0.829191, 60.7772, -0.82922, -0.000197927, -0.55892, 0.940372, -0.00500935, 0.999962, 0.00707732, 1.43978, 0.0, 0.0, 0.0, 1.0]}, "07ef5f3b56d04dcea961901b49d735aa_d1_1.png": {"intrinsics": {"fx": 1071.22, "fy": 1071.64, "cx": 641.222, "cy": 522.835}, "camera_to_world_matrix": [-0.43859, 0.0174662, -0.898517, 60.7774, -0.89866, -0.000932719, 0.438643, 0.936881, 0.00682354, 0.999847, 0.0161045, 1.43975, 0.0, 0.0, 0.0, 1.0]}, "07ef5f3b56d04dcea961901b49d735aa_d1_2.png": {"intrinsics": {"fx": 1071.22, "fy": 1071.64, "cx": 641.222, "cy": 522.835}, "camera_to_world_matrix": [-0.99737, 0.0212275, -0.0692891, 60.7745, -0.0694911, -0.00891894, 0.997542, 0.934924, 0.0205575, 0.999734, 0.0103698, 1.43977, 0.0, 0.0, 0.0, 1.0]}, "07ef5f3b56d04dcea961901b49d735aa_d1_3.png": {"intrinsics": {"fx": 1071.22, "fy": 1071.64, "cx": 641.222, "cy": 522.835}, "camera_to_world_matrix": [-0.558649, 0.0161917, 0.829246, 60.7714, 0.829099, -0.0161702, 0.558866, 0.93646, 0.0224582, 0.999738, -0.00439189, 1.43982, 0.0, 0.0, 0.0, 1.0]}, "07ef5f3b56d04dcea961901b49d735aa_d1_4.png": {"intrinsics": {"fx": 1071.22, "fy": 1071.64, "cx": 641.222, "cy": 522.835}, "camera_to_world_matrix": [0.438842, 0.00739479, 0.898533, 60.7711, 0.8985, -0.015435, -0.4387, 0.939951, 0.010625, 0.999853, -0.0134186, 1.43985, 0.0, 0.0, 0.0, 1.0]}, "07ef5f3b56d04dcea961901b49d735aa_d1_5.png": {"intrinsics": {"fx": 1071.22, "fy": 1071.64, "cx": 641.222, "cy": 522.835}, "camera_to_world_matrix": [0.99759, 0.00363384, 0.0692833, 60.774, 0.0693091, -0.00744868, -0.997567, 0.941907, -0.00310874, 0.999965, -0.00768338, 1.43983, 0.0, 0.0, 0.0, 1.0]}, "07ef5f3b56d04dcea961901b49d735aa_d2_0.png": {"intrinsics": {"fx": 1071.02, "fy": 1071.29, "cx": 625.265, "cy": 515.217}, "camera_to_world_matrix": [0.563376, 0.559876, -0.607574, 60.7867, -0.826126, 0.371902, -0.423325, 0.946276, -0.0110514, 0.740424, 0.672048, 1.47296, 0.0, 0.0, 0.0, 1.0]}, "07ef5f3b56d04dcea961901b49d735aa_d2_1.png": {"intrinsics": {"fx": 1071.02, "fy": 1071.29, "cx": 625.265, "cy": 515.217}, "camera_to_world_matrix": [-0.433752, 0.611849, -0.661437, 60.7878, -0.901031, -0.293945, 0.318965, 0.931761, 0.000732214, 0.734328, 0.678793, 1.47283, 0.0, 0.0, 0.0, 1.0]}, "07ef5f3b56d04dcea961901b49d735aa_d2_2.png": {"intrinsics": {"fx": 1071.02, "fy": 1071.29, "cx": 625.265, "cy": 515.217}, "camera_to_world_matrix": [-0.997084, 0.061211, -0.0455458, 60.7757, -0.0749072, -0.671931, 0.736816, 0.923629, 0.0144979, 0.73808, 0.674556, 1.47291, 0.0, 0.0, 0.0, 1.0]}, "07ef5f3b56d04dcea961901b49d735aa_d2_3.png": {"intrinsics": {"fx": 1071.02, "fy": 1071.29, "cx": 625.265, "cy": 515.217}, "camera_to_world_matrix": [-0.563276, -0.541387, 0.624195, 60.7626, 0.826103, -0.384063, 0.412368, 0.930012, 0.0164795, 0.747928, 0.663574, 1.47313, 0.0, 0.0, 0.0, 1.0]}, "07ef5f3b56d04dcea961901b49d735aa_d2_4.png": {"intrinsics": {"fx": 1071.02, "fy": 1071.29, "cx": 625.265, "cy": 515.217}, "camera_to_world_matrix": [0.433855, -0.593334, 0.67803, 60.7616, 0.90097, 0.281786, -0.329923, 0.944527, 0.00469548, 0.754024, 0.656829, 1.47326, 0.0, 0.0, 0.0, 1.0]}, "07ef5f3b56d04dcea961901b49d735aa_d2_5.png": {"intrinsics": {"fx": 1071.02, "fy": 1071.29, "cx": 625.265, "cy": 515.217}, "camera_to_world_matrix": [0.997155, -0.042681, 0.0621218, 60.7737, 0.0748236, 0.659751, -0.74775, 0.952658, -0.00906992, 0.750271, 0.661066, 1.47318, 0.0, 0.0, 0.0, 1.0]}, "0878d36d5d4249539c9f03809e26386c_d0_0.png": {"intrinsics": {"fx": 1070.27, "fy": 1071.64, "cx": 635.783, "cy": 520.892}, "camera_to_world_matrix": [0.861274, 0.340437, 0.377239, 5.91702, 0.508116, -0.584316, -0.632766, -2.62539, 0.00501, 0.736666, -0.676238, 1.39319, 0.0, 0.0, 0.0, 1.0]}, "0878d36d5d4249539c9f03809e26386c_d0_1.png": {"intrinsics": {"fx": 1070.27, "fy": 1071.64, "cx": 635.783, "cy": 520.892}, "camera_to_world_matrix": [0.870693, -0.330432, -0.364291, 5.93157, -0.491819, -0.589139, -0.641116, -2.62532, -0.00277226, 0.73738, -0.675472, 1.39318, 0.0, 0.0, 0.0, 1.0]}, "0878d36d5d4249539c9f03809e26386c_d0_2.png": {"intrinsics": {"fx": 1070.27, "fy": 1071.64, "cx": 635.783, "cy": 520.892}, "camera_to_world_matrix": [0.00940163, -0.670031, -0.742274, 5.9389, -0.999939, -0.0105724, -0.00312171, -2.63789, -0.00575593, 0.742258, -0.67009, 1.39307, 0.0, 0.0, 0.0, 1.0]}, "0878d36d5d4249539c9f03809e26386c_d0_3.png": {"intrinsics": {"fx": 1070.27, "fy": 1071.64, "cx": 635.783, "cy": 520.892}, "camera_to_world_matrix": [-0.861289, -0.338752, -0.378718, 5.93168, -0.508114, 0.572803, 0.643209, -2.65052, -0.000957328, 0.74642, -0.665474, 1.39298, 0.0, 0.0, 0.0, 1.0]}, "0878d36d5d4249539c9f03809e26386c_d0_4.png": {"intrinsics": {"fx": 1070.27, "fy": 1071.64, "cx": 635.783, "cy": 520.892}, "camera_to_world_matrix": [-0.870669, 0.332118, 0.362812, 5.91713, 0.491821, 0.577599, 0.65153, -2.65059, 0.00682488, 0.745706, -0.66624, 1.393, 0.0, 0.0, 0.0, 1.0]}, "0878d36d5d4249539c9f03809e26386c_d0_5.png": {"intrinsics": {"fx": 1070.27, "fy": 1071.64, "cx": 635.783, "cy": 520.892}, "camera_to_world_matrix": [-0.00935787, 0.671694, 0.74077, 5.9098, 0.999908, -0.000980729, 0.0135207, -2.63802, 0.00980831, 0.740828, -0.671623, 1.3931, 0.0, 0.0, 0.0, 1.0]}, "0878d36d5d4249539c9f03809e26386c_d1_0.png": {"intrinsics": {"fx": 1071.22, "fy": 1071.64, "cx": 641.222, "cy": 522.835}, "camera_to_world_matrix": [0.863792, -0.00709325, 0.503798, 5.92263, 0.503713, -0.0110066, -0.863801, -2.63519, 0.0116724, 0.999914, -0.00593522, 1.42636, 0.0, 0.0, 0.0, 1.0]}, "0878d36d5d4249539c9f03809e26386c_d1_1.png": {"intrinsics": {"fx": 1071.22, "fy": 1071.64, "cx": 641.222, "cy": 522.835}, "camera_to_world_matrix": [0.868187, -0.00578763, -0.496202, 5.92613, -0.49622, -0.00227557, -0.868193, -2.63517, 0.00389583, 0.99998, -0.00484835, 1.42636, 0.0, 0.0, 0.0, 1.0]}, "0878d36d5d4249539c9f03809e26386c_d1_2.png": {"intrinsics": {"fx": 1071.22, "fy": 1071.64, "cx": 641.222, "cy": 522.835}, "camera_to_world_matrix": [0.00438607, 0.00242671, -0.999987, 5.92789, -0.999989, 0.00095922, -0.0043835, -2.6382, 0.000948757, 0.999996, 0.0024301, 1.42633, 0.0, 0.0, 0.0, 1.0]}, "0878d36d5d4249539c9f03809e