{"031a6316a244425c8c9a7a43ab6de08d_d0_0.png": {"intrinsics": {"fx": 1074.34, "fy": 1074.88, "cx": 628.711, "cy": 502.836}, "camera_to_world_matrix": [0.878055, 0.331493, 0.345156, -1.12667, 0.478523, -0.599157, -0.641893, -1.79874, -0.00598062, 0.728782, -0.684719, 1.50511, 0.0, 0.0, 0.0, 1.0]}, "031a6316a244425c8c9a7a43ab6de08d_d0_1.png": {"intrinsics": {"fx": 1074.34, "fy": 1074.88, "cx": 628.711, "cy": 502.836}, "camera_to_world_matrix": [0.853378, -0.340272, -0.39492, -1.11213, -0.52112, -0.576386, -0.629456, -1.79895, -0.0134399, 0.742964, -0.669197, 1.5048, 0.0, 0.0, 0.0, 1.0]}, "031a6316a244425c8c9a7a43ab6de08d_d0_2.png": {"intrinsics": {"fx": 1074.34, "fy": 1074.88, "cx": 628.711, "cy": 502.836}, "camera_to_world_matrix": [-0.0245189, -0.656333, -0.754073, -1.10504, -0.999699, 0.0168811, 0.0178125, -1.81166, 0.00103859, 0.754283, -0.656549, 1.50455, 0.0, 0.0, 0.0, 1.0]}, "031a6316a244425c8c9a7a43ab6de08d_d0_3.png": {"intrinsics": {"fx": 1074.34, "fy": 1074.88, "cx": 628.711, "cy": 502.836}, "camera_to_world_matrix": [-0.877719, -0.300622, -0.373143, -1.1125, -0.478625, 0.587363, 0.652629, -1.82415, 0.0229759, 0.75142, -0.659424, 1.50461, 0.0, 0.0, 0.0, 1.0]}, "031a6316a244425c8c9a7a43ab6de08d_d0_4.png": {"intrinsics": {"fx": 1074.34, "fy": 1074.88, "cx": 628.711, "cy": 502.836}, "camera_to_world_matrix": [-0.853004, 0.371142, 0.366932, -1.12705, 0.521018, 0.564565, 0.640162, -1.82394, 0.0304343, 0.737238, -0.674947, 1.50491, 0.0, 0.0, 0.0, 1.0]}, "031a6316a244425c8c9a7a43ab6de08d_d0_5.png": {"intrinsics": {"fx": 1074.34, "fy": 1074.88, "cx": 628.711, "cy": 502.836}, "camera_to_world_matrix": [0.0249122, 0.68718, 0.72606, -1.13413, 0.999563, -0.028714, -0.00712019, -1.81123, 0.0159552, 0.72592, -0.687594, 1.50516, 0.0, 0.0, 0.0, 1.0]}, "031a6316a244425c8c9a7a43ab6de08d_d1_0.png": {"intrinsics": {"fx": 1074.82, "fy": 1075.73, "cx": 638.427, "cy": 508.386}, "camera_to_world_matrix": [0.873247, 0.00921915, 0.487193, -1.1206, 0.487239, -0.003576, -0.873262, -1.80866, -0.0063088, 0.999952, -0.0076137, 1.53816, 0.0, 0.0, 0.0, 1.0]}, "031a6316a244425c8c9a7a43ab6de08d_d1_1.png": {"intrinsics": {"fx": 1074.82, "fy": 1075.73, "cx": 638.427, "cy": 508.386}, "camera_to_world_matrix": [0.858513, 0.0188361, -0.512447, -1.1171, -0.512604, 0.00428608, -0.858616, -1.80871, -0.0139768, 0.999814, 0.013336, 1.53809, 0.0, 0.0, 0.0, 1.0]}, "031a6316a244425c8c9a7a43ab6de08d_d1_2.png": {"intrinsics": {"fx": 1074.82, "fy": 1075.73, "cx": 638.427, "cy": 508.386}, "camera_to_world_matrix": [-0.0145869, 0.0304506, -0.999431, -1.11539, -0.999895, -0.000111926, 0.01459, -1.81176, 0.000332154, 0.999537, 0.0304499, 1.53803, 0.0, 0.0, 0.0, 1.0]}, "031a6316a244425c8c9a7a43ab6de08d_d1_3.png": {"intrinsics": {"fx": 1074.82, "fy": 1075.73, "cx": 638.427, "cy": 508.386}, "camera_to_world_matrix": [-0.872933, 0.0324479, -0.486763, -1.11719, -0.487332, -0.0123719, 0.87313, -1.81477, 0.0223088, 0.999397, 0.0266137, 1.53804, 0.0, 0.0, 0.0, 1.0]}, "031a6316a244425c8c9a7a43ab6de08d_d1_4.png": {"intrinsics": {"fx": 1074.82, "fy": 1075.73, "cx": 638.427, "cy": 508.386}, "camera_to_world_matrix": [-0.85816, 0.0228307, 0.512877, -1.12069, 0.51251, -0.0202336, 0.858444, -1.81472, 0.029976, 0.999535, 0.00566369, 1.53811, 0.0, 0.0, 0.0, 1.0]}, "031a6316a244425c8c9a7a43ab6de08d_d1_5.png": {"intrinsics": {"fx": 1074.82, "fy": 1075.73, "cx": 638.427, "cy": 508.386}, "camera_to_world_matrix": [0.0149596, 0.0112164, 0.999826, -1.12239, 0.999767, -0.0158352, -0.0147807, -1.81166, 0.0156664, 0.999812, -0.0114497, 1.53817, 0.0, 0.0, 0.0, 1.0]}, "031a6316a244425c8c9a7a43ab6de08d_d2_0.png": {"intrinsics": {"fx": 1076.91, "fy": 1077.36, "cx": 631.79, "cy": 516.81}, "camera_to_world_matrix": [0.86722, -0.326159, 0.376235, -1.12529, 0.497925, 0.570693, -0.652979, -1.79927, -0.00174066, 0.753612, 0.657319, 1.57159, 0.0, 0.0, 0.0, 1.0]}, "031a6316a244425c8c9a7a43ab6de08d_d2_1.png": {"intrinsics": {"fx": 1076.91, "fy": 1077.36, "cx": 631.79, "cy": 516.81}, "camera_to_world_matrix": [0.864829, 0.343975, -0.365725, -1.11074, -0.501977, 0.578373, -0.643044, -1.79948, -0.00966635, 0.739707, 0.672861, 1.57129, 0.0, 0.0, 0.0, 1.0]}, "031a6316a244425c8c9a7a43ab6de08d_d2_2.png": {"intrinsics": {"fx": 1076.91, "fy": 1077.36, "cx": 631.79, "cy": 516.81}, "camera_to_world_matrix": [-0.00215354, 0.685588, -0.727988, -1.10366, -0.999989, 0.00174893, 0.00460433, -1.81219, 0.00442959, 0.727989, 0.685577, 1.57104, 0.0, 0.0, 0.0, 1.0]}, "031a6316a244425c8c9a7a43ab6de08d_d2_3.png": {"intrinsics": {"fx": 1076.91, "fy": 1077.36, "cx": 631.79, "cy": 516.81}, "camera_to_world_matrix": [-0.866725, 0.357059, -0.348282, -1.11112, -0.498088, -0.582542, 0.642304, -1.82468, 0.0264509, 0.730175, 0.68275, 1.57109, 0.0, 0.0, 0.0, 1.0]}, "031a6316a244425c8c9a7a43ab6de08d_d2_4.png": {"intrinsics": {"fx": 1076.91, "fy": 1077.36, "cx": 631.79, "cy": 516.81}, "camera_to_world_matrix": [-0.864294, -0.313075, 0.393677, -1.12566, 0.501814, -0.590195, 0.63234, -1.82447, 0.0343758, 0.74408, 0.667208, 1.5714, 0.0, 0.0, 0.0, 1.0]}, "031a6316a244425c8c9a7a43ab6de08d_d2_5.png": {"intrinsics": {"fx": 1076.91, "fy": 1077.36, "cx": 631.79, "cy": 516.81}, "camera_to_world_matrix": [0.00270772, -0.654665, 0.755915, -1.13275, 0.999792, -0.0135578, -0.0153223, -1.81176, 0.0202792, 0.755798, 0.654493, 1.57165, 0.0, 0.0, 0.0, 1.0]}, "055056e12afe42578c6f429bc07159d2_d0_0.png": {"intrinsics": {"fx": 1074.34, "fy": 1074.88, "cx": 628.711, "cy": 502.836}, "camera_to_world_matrix": [-0.916672, 0.270158, 0.294497, 4.42416, 0.399634, 0.614944, 0.679807, -2.12355, 0.00255646, 0.740851, -0.671665, 4.96149, 0.0, 0.0, 0.0, 1.0]}, "055056e12afe42578c6f429bc07159d2_d0_1.png": {"intrinsics": {"fx": 1074.34, "fy": 1074.88, "cx": 628.711, "cy": 502.836}, "camera_to_world_matrix": [-0.112264, 0.664441, 0.738861, 4.41541, 0.993659, 0.0704081, 0.0876623, -2.11193, 0.0062246, 0.744017, -0.668132, 4.96142, 0.0, 0.0, 0.0, 1.0]}, "055056e12afe42578c6f429bc07159d2_d0_2.png": {"intrinsics": {"fx": 1074.34, "fy": 1074.88, "cx": 628.711, "cy": 502.836}, "camera_to_world_matrix": [0.804361, 0.389997, 0.448226, 4.42109, 0.594017, -0.543325, -0.593248, -2.09854, 0.0121675, 0.743439, -0.668694, 4.96143, 0.0, 0.0, 0.0, 1.0]}, "055056e12afe42578c6f429bc07159d2_d0_3.png": {"intrinsics": {"fx": 1074.34, "fy": 1074.88, "cx": 628.711, "cy": 502.836}, "camera_to_world_matrix": [0.916558, -0.278724, -0.286767, 4.43553, -0.399642, -0.612508, -0.681998, -2.09676, 0.014442, 0.739694, -0.672789, 4.96151, 0.0, 0.0, 0.0, 1.0]}, "055056e12afe42578c6f429bc07159d2_d0_4.png": {"intrinsics": {"fx": 1074.34, "fy": 1074.88, "cx": 628.711, "cy": 502.836}, "camera_to_world_matrix": [0.112127, -0.672986, -0.731108, 4.44429, -0.993636, -0.0679574, -0.0898353, -2.10838, 0.0107737, 0.736527, -0.676322, 4.96158, 0.0, 0.0, 0.0, 1.0]}, "055056e12afe42578c6f429bc07159d2_d0_5.png": {"intrinsics": {"fx": 1074.34, "fy": 1074.88, "cx": 628.711, "cy": 502.836}, "camera_to_world_matrix": [-0.804482, -0.398517, -0.440446, 4.4386, -0.593957, 0.545765, 0.591063, -2.12178, 0.00483087, 0.737106, -0.67576, 4.96157, 0.0, 0.0, 0.0, 1.0]}, "055056e12afe42578c6f429bc07159d2_d1_0.png": {"intrinsics": {"fx": 1074.82, "fy": 1075.73, "cx": 638.427, "cy": 508.386}, "camera_to_world_matrix": [-0.920603, -0.00211328, 0.390497, 4.42829, 0.390498, -0.0102347, 0.920548, -2.11333, 0.00205097, 0.999946, 0.0102483, 4.99474, 0.0, 0.0, 0.0, 1.0]}, "055056e12afe42578c6f429bc07159d2_d1_1.png": {"intrinsics": {"fx": 1074.82, "fy": 1075.73, "cx": 638.427, "cy": 508.386}, "camera_to_world_matrix": [-0.12214, -0.0142226, 0.992411, 4.42618, 0.992498, -0.00746448, 0.122043, -2.11053, 0.00567179, 0.999871, 0.0150286, 4.99473, 0.0, 0.0, 0.0, 1.0]}, "055056e12afe42578c6f429bc07159d2_d1_2.png": {"intrinsics": {"fx": 1074.82, "fy": 1075.73, "cx": 638.427, "cy": 508.386}, "camera_to_world_matrix": [0.79842, -0.017878, 0.601838, 4.42755, 0.601991, 0.00440787, -0.798492, -2.10731, 0.0116224, 0.999831, 0.0142827, 4.99473, 0.0, 0.0, 0.0, 1.0]}, "055056e12afe42578c6f429bc07159d2_d1_3.png": {"intrinsics": {"fx": 1074.82, "fy": 1075.73, "cx": 638.427, "cy": 508.386}, "camera_to_world_matrix": [0.920495, -0.009424, -0.390642, 4.43102, -0.390507, 0.0135098, -0.920502, -2.10688, 0.013952, 0.999865, 0.00875647, 4.99475, 0.0, 0.0, 0.0, 1.0]}, "055056e12afe42578c6f429bc07159d2_d1_4.png": {"intrinsics": {"fx": 1074.82, "fy": 1075.73, "cx": 638.427, "cy": 508.386}, "camera_to_world_matrix": [0.122009, 0.00268526, -0.992526, 4.43313, -0.992476, 0.0107391, -0.121974, -2.10968, 0.010331, 0.999939, 0.00397627, 4.99477, 0.0, 0.0, 0.0, 1.0]}, "055056e12afe42578c6f429bc07159d2_d1_5.png": {"intrinsics": {"fx": 1074.82, "fy": 1075.73, "cx": 638.427, "cy": 508.386}, "camera_to_world_matrix": [-0.798536, 0.00634019, -0.601916, 4.43176, -0.601933, -0.00113342, 0.798546, -2.1129, 0.00438045, 0.99998, 0.0047224, 4.99476, 0.0, 0.0, 0.0, 1.0]}, "055056e12afe42578c6f429bc07159d2_d2_0.png": {"intrinsics": {"fx": 1076.91, "fy": 1077.36, "cx": 631.79, "cy": 516.81}, "camera_to_world_matrix": [-0.925338, -0.249889, 0.285144, 4.42378, 0.379093, -0.622482, 0.684695, -2.12344, 0.00639862, 0.741669, 0.670738, 5.02798, 0.0, 0.0, 0.0, 1.0]}, "055056e12afe42578c6f429bc07159d2_d2_1.png": {"intrinsics": {"fx": 1076.91, "fy": 1077.36, "cx": 631.79, "cy": 516.81}, "camera_to_world_matrix": [-0.134402, -0.667214, 0.732641, 4.41502, 0.990878, -0.0979235, 0.0925976, -2.11183, 0.00996, 0.738402, 0.674289, 5.02791, 0.0, 0.0, 0.0, 1.0]}, "055056e12afe42578c6f429bc07159d2_d2_2.png": {"intrinsics": {"fx": 1076.91, "fy": 1077.36, "cx": 631.79, "cy": 516.81}, "camera_to_world_matrix": [0.790867, -0.421591, 0.443614, 4.42071, 0.611783, 0.525776, -0.591001, -2.09843, 0.0159191, 0.738798, 0.673741, 5.02793, 0.0, 0.0, 0.0, 1.0]}, "055056e12afe42578c6f429bc07159d2_d2_3.png": {"intrinsics": {"fx": 1076.91, "fy": 1077.36, "cx": 631.79, "cy": 516.81}, "camera_to_world_matrix": [0.925181, 0.241351, -0.292904, 4.43515, -0.379089, 0.624902, -0.682488, -2.09666, 0.0183167, 0.74246, 0.669642, 5.02801, 0.0, 0.0, 0.0, 1.0]}, "055056e12afe42578c6f429bc07159d2_d2_4.png": {"intrinsics": {"fx": 1076.91, "fy": 1077.36, "cx": 631.79, "cy": 516.81}, "camera_to_world_matrix": [0.134221, 0.658655, -0.740378, 4.4439, -0.990843, 0.100328, -0.0903739, -2.10827, 0.0147551, 0.745727, 0.66609, 5.02808, 0.0, 0.0, 0.0, 1.0]}, "055056e12afe42578c6f429bc07159d2_d2_5.png": {"intrinsics": {"fx": 1076.91, "fy": 1077.36, "cx": 631.79, "cy": 516.81}, "camera_to_world_matrix": [-0.791034, 0.413007, -0.451324, 4.43822, -0.611712, -0.523362, 0.593214, -2.12167, 0.00879605, 0.745331, 0.666638, 5.02806, 0.0, 0.0, 0.0, 1.0]}, "0c171ecf9f6a46828c74e9088cf0c34a_d0_0.png": {"intrinsics": {"fx": 1074.34, "fy": 1074.88, "cx": 628.711, "cy": 502.836}, "camera_to_world_matrix": [0.402379, -0.628142, -0.66598, -7.40605, -0.915394, -0.266471, -0.301741, -1.2487, 0.0120724, 0.731048, -0.682219, 1.85784, 0.0, 0.0, 0.0, 1.0]}, "0c171ecf9f6a46828c74e9088cf0c34a_d0_1.png": {"intrinsics": {"fx": 1074.34, "fy": 1074.88, "cx": 628.711, "cy": 502.836}, "camera_to_world_matrix": [-0.591533, -0.548559, -0.590908, -7.4075, -0.80628, 0.401098, 0.43478, -1.26318, -0.00149119, 0.733624, -0.679555, 1.85779, 0.0, 0.0, 0.0, 1.0]}, "0c171ecf9f6a46828c74e9088cf0c34a_d0_2.png": {"intrinsics": {"fx": 1074.34, "fy": 1074.88, "cx": 628.711, "cy": 502.836}, "camera_to_world_matrix": [-0.994017, 0.0693147, 0.084421, -7.42076, 0.109114, 0.665929, 0.737993, -1.26917, -0.00506474, 0.742788, -0.669507, 1.85759, 0.0, 0.0, 0.0, 1.0]}, "0c171ecf9f6a46828c74e9088cf0c34a_d0_3.png": {"intrinsics": {"fx": 1074.34, "fy": 1074.88, "cx": 628.711, "cy": 502.836}, "camera_to_world_matrix": [-0.402579, 0.607592, 0.684662, -7.43257, 0.915372, 0.263186, 0.304676, -1.26067, 0.00492527, 0.749377, -0.662125, 1.85745, 0.0, 0.0, 0.0, 1.0]}, "0c171ecf9f6a46828c74e9088cf0c34a_d0_4.png": {"intrinsics": {"fx": 1074.34, "fy": 1074.88, "cx": 628.711, "cy": 502.836}, "camera_to_world_matrix": [0.591329, 0.527983, 0.609562, -7.43113, 0.806219, -0.40438, -0.431843, -1.2462, 0.0184887, 0.746801, -0.664791, 1.8575, 0.0, 0.0, 0.0, 1.0]}, "0c171ecf9f6a46828c74e9088cf0c34a_d0_5.png": {"intrinsics": {"fx": 1074.34, "fy": 1074.88, "cx": 628.711, "cy": 502.836}, "camera_to_world_matrix": [0.993776, -0.0899016, -0.065779, -7.41787, -0.10919, -0.669187, -0.735029, -1.24021, 0.0220618, 0.737636, -0.674838, 1.8577, 0.0, 0.0, 0.0, 1.0]}, "0c171ecf9f6a46828c74e9088cf0c34a_d1_0.png": {"intrinsics": {"fx": 1074.82, "fy": 1075.73, "cx": 638.427, "cy": 508.386}, "camera_to_world_matrix": [0.411472, -0.00852061, -0.911383, -7.41658, -0.911348, 0.00900113, -0.41154, -1.25332, 0.0117098, 0.999924, -0.00406057, 1.89094, 0.0, 0.0, 0.0, 1.0]}, "0c171ecf9f6a46828c74e9088cf0c34a_d1_1.png": {"intrinsics": {"fx": 1074.82, "fy": 1075.73, "cx": 638.427, "cy": 508.386}, "camera_to_world_matrix": [-0.583481, -0.00150166, -0.812127, -7.41693, -0.812126, -0.00124801, 0.583482, -1.2568, -0.00189, 0.999999, -0.000490392, 1.89093, 0.0, 0.0, 0.0, 1.0]}, "0c171ecf9f6a46828c74e9088cf0c34a_d1_2.png": {"intrinsics": {"fx": 1074.82, "fy": 1075.73, "cx": 638.427, "cy": 508.386}, "camera_to_world_matrix": [-0.995051, -0.00686733, 0.0991427, -7.42012, 0.0992229, -0.0124514, 0.994988, -1.25824, -0.0055987, 0.9999, 0.0130721, 1.89088, 0.0, 0.0, 0.0, 1.0]}, "0c171ecf9f6a46828c74e9088cf0c34a_d1_3.png": {"intrinsics": {"fx": 1074.82, "fy": 1075.73, "cx": 638.427, "cy": 508.386}, "camera_to_world_matrix": [-0.411659, -0.0192518, 0.911135, -7.42296, 0.911329, -0.0134054, 0.411463, -1.2562, 0.00429247, 0.999725, 0.0230641, 1.89084, 0.0, 0.0, 0.0, 1.0]}, "0c171ecf9f6a46828c74e9088cf0c34a_d1_4.png": {"intrinsics": {"fx": 1074.82, "fy": 1075.73, "cx": 638.427, "cy": 508.386}, "camera_to_world_matrix": [0.58329, -0.0262704, 0.81184, -7.42261, 0.812068, -0.00315599, -0.583555, -1.25272, 0.0178921, 0.99965, 0.0194934, 1.89086, 0.0, 0.0, 0.0, 1.0]}, "0c171ecf9f6a46828c74e9088cf0c34a_d1_5.png": {"intrinsics": {"fx": 1074.82, "fy": 1075.73, "cx": 638.427, "cy": 508.386}, "camera_to_world_matrix": [0.994825, -0.0209043, -0.0994457, -7.41943, -0.0992971, 0.0080472, -0.995026, -1.25128, 0.0216003, 0.99975, 0.00593077, 1.8909, 0.0, 0.0, 0.0, 1.0]}, "0c171ecf9f6a46828c74e9088cf0c34a_d2_0.png": {"intrinsics": {"fx": 1076.91, "fy": 1077.36, "cx": 631.79, "cy": 516.81}, "camera_to_world_matrix": [0.422611, 0.593138, -0.685265, -7.40698, -0.906167, 0.290078, -0.307765, -1.24885, 0.0162326, 0.751028, 0.660073, 1.92433, 0.0, 0.0, 0.0, 1.0]}, "0c171ecf9f6a46828c74e9088cf0c34a_d2_1.png": {"intrinsics": {"fx": 1076.91, "fy": 1077.36, "cx": 631.79, "cy": 516.81}, "camera_to_world_matrix": [-0.573446, 0.544034, -0.612527, -7.40842, -0.819241, -0.37844, 0.430847, -1.26332, 0.00259035, 0.748873, 0.66271, 1.92428, 0.0, 0.0, 0.0, 1.0]}, "0c171ecf9f6a46828c74e9088cf0c34a_d2_2.png": {"intrinsics": {"fx": 1076.91, "fy": 1077.36, "cx": 631.79, "cy": 516.81}, "camera_to_world_matrix": [-0.996216, -0.0594223, 0.0634441, -7.42168, 0.0869174, -0.670143, 0.737126, -1.26931, -0.00128534, 0.73985, 0.672773, 1.92408, 0.0, 0.0, 0.0, 1.0]}, "0c171ecf9f6a46828c74e9088cf0c34a_d2_3.png": {"intrinsics": {"fx": 1076.91, "fy": 1077.36, "cx": 631.79, "cy": 516.81}, "camera_to_world_matrix": [-0.422919, -0.61376, 0.666662, -7.43349, 0.906129, -0.293323, 0.304786, -1.26082, 0.00848127, 0.732981, 0.680198, 1.92394, 0.0, 0.0, 0.0, 1.0]}, "0c171ecf9f6a46828c74e9088cf0c34a_d2_4.png": {"intrinsics": {"fx": 1076.91, "fy": 1077.36, "cx": 631.79, "cy": 516.81}, "camera_to_world_matrix": [0.573135, -0.564629, 0.593896, -7.43205, 0.819164, 0.375193, -0.433823, -1.24634, 0.0221234, 0.735136, 0.677561, 1.92399, 0.0, 0.0, 0.0, 1.0]}, "0c171ecf9f6a46828c74e9088cf0c34a_d2_5.png": {"intrinsics": {"fx": 1076.91, "fy": 1077.36, "cx": 631.79, "cy": 516.81}, "camera_to_world_matrix": [0.99587, 0.0388379, -0.0820873, -7.41879, -0.0870109, 0.666873, -0.740075, -1.24036, 0.0259985, 0.744159, 0.667498, 1.92419, 0.0, 0.0, 0.0, 1.0]}, "0f32205b6dc844868ad36f0137baa4c9_d0_0.png": {"intrinsics": {"fx": 1074.34, "fy": 1074.88, "cx": 628.711, "cy": 502.836}, "camera_to_world_matrix": [-0.783013, -0.42831, -0.451046, 8.89286, -0.622006, 0.539656, 0.567345, -3.58927, 0.000410061, 0.724791, -0.688969, 4.94647, 0.0, 0.0, 0.0, 1.0]}, "0f32205b6dc844868ad36f0137baa4c9_d0_1.png": {"intrinsics": {"fx": 1074.34, "fy": 1074.88, "cx": 628.711, "cy": 502.836}, "camera_to_world_matrix": [-0.930109, 0.237431, 0.280224, 8.87849, 0.366967, 0.632512, 0.682103, -3.59156, -0.0152926, 0.737263, -0.675433, 4.9462, 0.0, 0.0, 0.0, 1.0]}, "0f32205b6dc844868ad36f0137baa4c9_d0_2.png": {"intrinsics": {"fx": 1074.34, "fy": 1074.88, "cx": 628.711, "cy": 502.836}, "camera_to_world_matrix": [-0.147249, 0.650547, 0.745055, 8.86933, 0.989073, 0.102333, 0.106124, -3.58026, -0.00720512, 0.752541, -0.658507, 4.94587, 0.0, 0.0, 0.0, 1.0]}, "0f32205b6dc844868ad36f0137baa4c9_d0_3.png": {"intrinsics": {"fx": 1074.34, "fy": 1074.88, "cx": 628.711, "cy": 502.836}, "camera_to_world_matrix": [0.782688, 0.397913, 0.478607, 8.87454, 0.622193, -0.520689, -0.584601, -3.56667, 0.0165847, 0.755346, -0.655116, 4.9458, 0.0, 0.0, 0.0, 1.0]}, "0f32205b6dc844868ad36f0137baa4c9_d0_4.png": {"intrinsics": {"fx": 1074.34, "fy": 1074.88, "cx": 628.711, "cy": 502.836}, "camera_to_world_matrix": [0.929746, -0.267831, -0.252667, 8.88891, -0.366785, -0.613519, -0.699331, -3.56439, 0.0322866, 0.742874, -0.668652, 4.94607, 0.0, 0.0, 0.0, 1.0]}, "0f32205b6dc844868ad36f0137baa4c9_d0_5.png": {"intrinsics": {"fx": 1074.34, "fy": 1074.88, "cx": 628.711, "cy": 502.836}, "camera_to_world_matrix": [0.146862, -0.680926, -0.717476, 8.89807, -0.988861, -0.0833235, -0.123333, -3.57569, 0.0241983, 0.727597, -0.685578, 4.9464, 0.0, 0.0, 0.0, 1.0]}, "0f32205b6dc844868ad36f0137baa4c9_d1_0.png": {"intrinsics": {"fx": 1074.82, "fy": 1075.73, "cx": 638.427, "cy": 508.386}, "camera_to_world_matrix": [-0.776783, -0.00831787, -0.629716, 8.88522, -0.629771, 0.0104816, 0.776711, -3.58027, 0.000139593, 0.999911, -0.0133793, 4.97946, 0.0, 0.0, 0.0, 1.0]}, "0f32205b6dc844868ad36f0137baa4c9_d1_1.png": {"intrinsics": {"fx": 1074.82, "fy": 1075.73, "cx": 638.427, "cy": 508.386}, "camera_to_world_matrix": [-0.933708, -0.0164445, 0.35766, 8.88177, 0.357692, 0.00108634, 0.93384, -3.58082, -0.0157454, 0.999865, 0.0048687, 4.97939, 0.0, 0.0, 0.0, 1.0]}, "0f32205b6dc844868ad36f0137baa4c9_d1_2.png": {"intrinsics": {"fx": 1074.82, "fy": 1075.73, "cx": 638.427, "cy": 508.386}, "camera_to_world_matrix": [-0.157069, -0.0286415, 0.987173, 8.87956, 0.987557, 0.00342551, 0.157229, -3.5781, -0.0078851, 0.999584, 0.027748, 4.97931, 0.0, 0.0, 0.0, 1.0]}, "0f32205b6dc844868ad36f0137baa4c9_d1_3.png": {"intrinsics": {"fx": 1074.82, "fy": 1075.73, "cx": 638.427, "cy": 508.386}, "camera_to_world_matrix": [0.776479, -0.0327115, 0.629295, 8.88082, 0.629946, 0.0151599, -0.776492, -3.57483, 0.0158599, 0.99935, 0.0323788, 4.9793, 0.0, 0.0, 0.0, 1.0]}, "0f32205b6dc844868ad36f0137baa4c9_d1_4.png": {"intrinsics": {"fx": 1074.82, "fy": 1075.73, "cx": 638.427, "cy": 508.386}, "camera_to_world_matrix": [0.933366, -0.0245845, -0.358087, 8.88427, -0.357524, 0.0245549, -0.933582, -3.57428, 0.0317442, 0.999397, 0.0141301, 4.97936, 0.0, 0.0, 0.0, 1.0]}, "0f32205b6dc844868ad36f0137baa4c9_d1_5.png": {"intrinsics": {"fx": 1074.82, "fy": 1075.73, "cx": 638.427, "cy": 508.386}, "camera_to_world_matrix": [0.156701, -0.0123876, -0.987569, 8.88647, -0.987358, 0.0222152, -0.156947, -3.577, 0.023883, 0.999677, -0.00874889, 4.97944, 0.0, 0.0, 0.0, 1.0]}, "0f32205b6dc844868ad36f0137baa4c9_d2_0.png": {"intrinsics": {"fx": 1076.91, "fy": 1077.36, "cx": 631.79, "cy": 516.81}, "camera_to_world_matrix": [-0.769006, 0.420217, -0.481716, 8.8915, -0.639226, -0.49987, 0.584398, -3.58842, 0.00477794, 0.75733, 0.653017, 5.01295, 0.0, 0.0, 0.0, 1.0]}, "0f32205b6dc844868ad36f0137baa4c9_d2_1.png": {"intrinsics": {"fx": 1076.91, "fy": 1077.36, "cx": 631.79, "cy": 516.81}, "camera_to_world_matrix": [-0.938102, -0.238695, 0.250981, 8.87713, 0.346178, -0.622442, 0.701946, -3.59071, -0.0113304, 0.74538, 0.666546, 5.01268, 0.0, 0.0, 0.0, 1.0]}, "0f32205b6dc844868ad36f0137baa4c9_d2_2.png": {"intrinsics": {"fx": 1076.91, "fy": 1077.36, "cx": 631.79, "cy": 516.81}, "camera_to_world_matrix": [-0.169328, -0.674131, 0.71894, 8.86797, 0.985554, -0.113044, 0.126125, -3.57941, -0.00375351, 0.72991, 0.683535, 5.01235, 0.0, 0.0, 0.0, 1.0]}, "0f32205b6dc844868ad36f0137baa4c9_d2_3.png": {"intrinsics": {"fx": 1076.91, "fy": 1077.36, "cx": 631.79, "cy": 516.81}, "camera_to_world_matrix": [0.768524, -0.450646, 0.454193, 8.87318, 0.639513, 0.518916, -0.56723, -3.56582, 0.0199315, 0.726392, 0.686994, 5.01228, 0.0, 0.0, 0.0, 1.0]}, "0f32205b6dc844868ad36f0137baa4c9_d2_4.png": {"intrinsics": {"fx": 1076.91, "fy": 1077.36, "cx": 631.79, "cy": 516.81}, "camera_to_world_matrix": [0.937582, 0.20827, -0.278508, 8.88754, -0.345897, 0.641463, -0.684749, -3.56354, 0.0360391, 0.738342, 0.673464, 5.01255, 0.0, 0.0, 0.0, 1.0]}, "0f32205b6dc844868ad36f0137baa4c9_d2_5.png": {"intrinsics": {"fx": 1076.91, "fy": 1077.36, "cx": 631.79, "cy": 516.81}, "camera_to_world_matrix": [0.168783, 0.643687, -0.746445, 8.8967, -0.985244, 0.132047, -0.10891, -3.57484, 0.0284613, 0.753811, 0.656476, 5.01288, 0.0, 0.0, 0.0, 1.0]}, "0f4144bbdb16449e8851b4d26ed68a81_d0_0.png": {"intrinsics": {"fx": 1074.34, "fy": 1074.88, "cx": 628.711, "cy": 502.836}, "camera_to_world_matrix": [0.122164, -0.677385, -0.725414, -8.40101, -0.992445, -0.0750142, -0.0970858, 0.574231, 0.011348, 0.731794, -0.681431, 4.92597, 0.0, 0.0, 0.0, 1.0]}, "0f4144bbdb16449e8851b4d26ed68a81_d0_1.png": {"intrinsics": {"fx": 1074.34, "fy": 1074.88, "cx": 628.711, "cy": 502.836}, "camera_to_world_matrix": [-0.798405, -0.409193, -0.441714, -8.40655, -0.60212, 0.541471, 0.586737, 0.56078, -0.000913464, 0.734419, -0.678696, 4.92592, 0.0, 0.0, 0.0, 1.0]}, "0f4144bbdb16449e8851b4d26ed68a81_d0_2.png": {"intrinsics": {"fx": 1074.34, "fy": 1074.88, "cx": 628.711, "cy": 502.836}, "camera_to_world_matrix": [-0.920659, 0.258749, 0.292294, -8.42098, 0.390349, 0.617434, 0.682937, 0.558858, -0.00376253, 0.742849, -0.669448, 4.92574, 0.0, 0.0, 0.0, 1.0]}, "0f4144bbdb16449e8851b4d26ed68a81_d0_3.png": {"intrinsics": {"fx": 1074.34, "fy": 1074.88, "cx": 628.711, "cy": 502.836}, "camera_to_world_matrix": [-0.122342, 0.658484, 0.742585, -8.42985, 0.992472, 0.0769096, 0.0953125, 0.570388, 0.00564987, 0.748655, -0.662936, 4.92561, 0.0, 0.0, 0.0, 1.0]}, "0f4144bbdb16449e8851b4d26ed68a81_d0_4.png": {"intrinsics": {"fx": 1074.34, "fy": 1074.88, "cx": 628.711, "cy": 502.836}, "camera_to_world_matrix": [0.798212, 0.390268, 0.458857, -8.4243, 0.602111, -0.539566, -0.5885, 0.583839, 0.0179112, 0.74603, -0.665671, 4.92566, 0.0, 0.0, 0.0, 1.0]}, "0f4144bbdb16449e8851b4d26ed68a81_d0_5.png": {"intrinsics": {"fx": 1074.34, "fy": 1074.88, "cx": 628.711, "cy": 502.836}, "camera_to_world_matrix": [0.920427, -0.277678, -0.275154, -8.40988, -0.390363, -0.615502, -0.684671, 0.58576, 0.0207598, 0.7376, -0.674919, 4.92585, 0.0, 0.0, 0.0, 1.0]}, "0f4144bbdb16449e8851b4d26ed68a81_d1_0.png": {"intrinsics": {"fx": 1074.82, "fy": 1075.73, "cx": 638.427, "cy": 508.386}, "camera_to_world_matrix": [0.132036, -0.00440659, -0.991236, -8.41238, -0.991185, 0.0104848, -0.132076, 0.572815, 0.0109747, 0.999936, -0.00298242, 4.95908, 0.0, 0.0, 0.0, 1.0]}, "0f4144bbdb16449e8851b4d26ed68a81_d1_1.png": {"intrinsics": {"fx": 1074.82, "fy": 1075.73, "cx": 638.427, "cy": 508.386}, "camera_to_world_matrix": [-0.792374, -0.000631296, -0.610036, -8.41372, -0.610035, -0.00134985, 0.792374, 0.569579, -0.00132395, 0.999999, 0.000685432, 4.95907, 0.0, 0.0, 0.0, 1.0]}, "0f4144bbdb16449e8851b4d26ed68a81_d1_2.png": {"intrinsics": {"fx": 1074.82, "fy": 1075.73, "cx": 638.427, "cy": 508.386}, "camera_to_world_matrix": [-0.924494, -0.00899212, 0.381092, -8.41719, 0.381174, -0.010537, 0.924444, 0.569117, -0.0042974, 0.999905, 0.0131699, 4.95903, 0.0, 0.0, 0.0, 1.0]}, "0f4144bbdb16449e8851b4d26ed68a81_d1_3.png": {"intrinsics": {"fx": 1074.82, "fy": 1075.73, "cx": 638.427, "cy": 508.386}, "camera_to_world_matrix": [-0.132201, -0.021128, 0.990998, -8.41932, 0.991211, -0.00788931, 0.132062, 0.57189, 0.00502782, 0.999746, 0.0219863, 4.959, 0.0, 0.0, 0.0, 1.0]}, "0f4144bbdb16449e8851b4d26ed68a81_d1_4.png": {"intrinsics": {"fx": 1074.82, "fy": 1075.73, "cx": 638.427, "cy": 508.386}, "camera_to_world_matrix": [0.792194, -0.0249029, 0.609763, -8.41799, 0.610025, 0.00394551, -0.792373, 0.575126, 0.0173263, 0.999683, 0.0183179, 4.95901, 0.0, 0.0, 0.0, 1.0]}, "0f4144bbdb16449e8851b4d26ed68a81_d1_5.png": {"intrinsics": {"fx": 1074.82, "fy": 1075.73, "cx": 638.427, "cy": 508.386}, "camera_to_world_matrix": [0.924275, -0.0165417, -0.381371, -8.41452, -0.38119, 0.0131323, -0.924404, 0.575588, 0.0202992, 0.999778, 0.00583334, 4.95905, 0.0, 0.0, 0.0, 1.0]}, "0f4144bbdb16449e8851b4d26ed68a81_d2_0.png": {"intrinsics": {"fx": 1076.91, "fy": 1077.36, "cx": 631.79, "cy": 516.81}, "camera_to_world_matrix": [0.1442, 0.652376, -0.744052, -8.40186, -0.989429, 0.106821, -0.0980961, 0.574318, 0.0154843, 0.750331, 0.660883, 4.99247, 0.0, 0.0, 0.0, 1.0]}, "0f4144bbdb16449e8851b4d26ed68a81_d2_1.png": {"intrinsics": {"fx": 1076.91, "fy": 1077.36, "cx": 631.79, "cy": 516.81}, "camera_to_world_matrix": [-0.784805, 0.413102, -0.461986, -8.4074, -0.619738, -0.519338, 0.5884, 0.560866, 0.00314189, 0.748088, 0.663594, 4.99242, 0.0, 0.0, 0.0, 1.0]}, "0f4144bbdb16449e8851b4d26ed68a81_d2_2.png": {"intrinsics": {"fx": 1076.91, "fy": 1077.36, "cx": 631.79, "cy": 516.81}, "camera_to_world_matrix": [-0.929144, -0.248758, 0.273519, -8.42183, 0.369721, -0.625184, 0.687352, 0.558945, 1.46711e-05, 0.739774, 0.672857, 4.99223, 0.0, 0.0, 0.0, 1.0]}, "0f4144bbdb16449e8851b4d26ed68a81_d2_3.png": {"intrinsics": {"fx": 1076.91, "fy": 1077.36, "cx": 631.79, "cy": 516.81}, "camera_to_world_matrix": [-0.144477, -0.67133, 0.726941, -8.4307, 0.989467, -0.104869, 0.0998068, 0.570474, 0.00922991, 0.733703, 0.67941, 4.99211, 0.0, 0.0, 0.0, 1.0]}, "0f4144bbdb16449e8851b4d26ed68a81_d2_4.png": {"intrinsics": {"fx": 1076.91, "fy": 1077.36, "cx": 631.79, "cy": 516.81}, "camera_to_world_matrix": [0.784513, -0.432032, 0.444849, -8.42515, 0.619739, 0.52128, -0.586678, 0.583925, 0.0215722, 0.735946, 0.676699, 4.99216, 0.0, 0.0, 0.0, 1.0]}, "0f4144bbdb16449e8851b4d26ed68a81_d2_5.png": {"intrinsics": {"fx": 1076.91, "fy": 1077.36, "cx": 631.79, "cy": 516.81}, "camera_to_world_matrix": [0.928814, 0.229833, -0.29066, -8.41073, -0.369725, 0.6271, -0.685602, 0.585847, 0.0246989, 0.74426, 0.667435, 4.99234, 0.0, 0.0, 0.0, 1.0]}, "0f7b1ab39cb34297b01bc7d7103888ed_d0_0.png": {"intrinsics": {"fx": 1074.34, "fy": 1074.88, "cx": 628.711, "cy": 502.836}, "camera_to_world_matrix": [-0.652815, 0.51103, 0.55918, -13.6339, 0.757393, 0.426894, 0.494084, -1.79711, 0.0137811, 0.746064, -0.665732, 5.26306, 0.0, 0.0, 0.0, 1.0]}, "0f7b1ab39cb34297b01bc7d7103888ed_d0_1.png": {"intrinsics": {"fx": 1074.34, "fy": 1074.88, "cx": 628.711, "cy": 502.836}, "camera_to_world_matrix": [0.329595, 0.630286, 0.702928, -13.6368, 0.943938, -0.234718, -0.23214, -1.78284, 0.0186754, 0.740033, -0.672312, 5.26319, 0.0, 0.0, 0.0, 1.0]}, "0f7b1ab39cb34297b01bc7d7103888ed_d0_2.png": {"intrinsics": {"fx": 1074.34, "fy": 1074.88, "cx": 628.711, "cy": 502.836}, "camera_to_world_matrix": [0.982375, 0.116915, 0.145846, -13.6258, 0.186442, -0.668774, -0.71971, -1.77324, 0.0133932, 0.734216, -0.678784, 5.26332, 0.0, 0.0, 0.0, 1.0]}, "0f7b1ab39cb34297b01bc7d7103888ed_d0_3.png": {"intrinsics": {"fx": 1074.34, "fy": 1074.88, "cx": 628.711, "cy": 502.836}, "camera_to_world_matrix": [0.652732, -0.515701, -0.554973, -13.6121, -0.757583, -0.441208, -0.481045, -1.7779, 0.00321653, 0.734431, -0.678676, 5.26332, 0.0, 0.0, 0.0, 1.0]}, "0f7b1ab39cb34297b01bc7d7103888ed_d0_4.png": {"intrinsics": {"fx": 1074.34, "fy": 1074.88, "cx": 628.711, "cy": 502.836}, "camera_to_world_matrix": [-0.329685, -0.634931, -0.698693, -13.6092, -0.94409, 0.220408, 0.245184, -1.79216, -0.00167748, 0.740462, -0.672096, 5.26319, 0.0, 0.0, 0.0, 1.0]}, "0f7b1ab39cb34297b01bc7d7103888ed_d0_5.png": {"intrinsics": {"fx": 1074.34, "fy": 1074.88, "cx": 628.711, "cy": 502.836}, "camera_to_world_matrix": [-0.982436, -0.121542, -0.141591, -13.6201, -0.186568, 0.654444, 0.732732, -1.80177, 0.00360518, 0.746279, -0.665624, 5.26306, 0.0, 0.0, 0.0, 1.0]}, "0f7b1ab39cb34297b01bc7d7103888ed_d1_0.png": {"intrinsics": {"fx": 1074.82, "fy": 1075.73, "cx": 638.427, "cy": 508.386}, "camera_to_world_matrix": [-0.660318, -0.00499539, 0.75097, -13.6257, 0.750871, -0.0219639, 0.660085, -1.79013, 0.0131966, 0.999747, 0.018255, 5.29641, 0.0, 0.0, 0.0, 1.0]}, "0f7b1ab39cb34297b01bc7d7103888ed_d1_1.png": {"intrinsics": {"fx": 1074.82, "fy": 1075.73, "cx": 638.427, "cy": 508.386}, "camera_to_world_matrix": [0.320191, -0.014707, 0.94724, -13.6264, 0.94718, -0.0142179, -0.320391, -1.7867, 0.0181795, 0.999791, 0.00937865, 5.29644, 0.0, 0.0, 0.0, 1.0]}, "0f7b1ab39cb34297b01bc7d7103888ed_d1_2.png": {"intrinsics": {"fx": 1074.82, "fy": 1075.73, "cx": 638.427, "cy": 508.386}, "camera_to_world_matrix": [0.980477, -0.0128544, 0.196218, -13.6238, 0.19621, -0.00193508, -0.980561, -1.78439, 0.012984, 0.999916, 0.000625825, 5.29647, 0.0, 0.0, 0.0, 1.0]}, "0f7b1ab39cb34297b01bc7d7103888ed_d1_3.png": {"intrinsics": {"fx": 1074.82, "fy": 1075.73, "cx": 638.427, "cy": 508.386}, "camera_to_world_matrix": [0.660239, -0.00129031, -0.751055, -13.6205, -0.751052, 0.00260158, -0.66024, -1.78551, 0.00280558, 0.999996, 0.00074953, 5.29647, 0.0, 0.0, 0.0, 1.0]}, "0f7b1ab39cb34297b01bc7d7103888ed_d1_4.png": {"intrinsics": {"fx": 1074.82, "fy": 1075.73, "cx": 638.427, "cy": 508.386}, "camera_to_world_matrix": [-0.320278, 0.00842097, -0.947287, -13.6198, -0.947322, -0.00514473, 0.320244, -1.78894, -0.00217703, 0.999952, 0.00962606, 5.29644, 0.0, 0.0, 0.0, 1.0]}, "0f7b1ab39cb34297b01bc7d7103888ed_d1_5.png": {"intrinsics": {"fx": 1074.82, "fy": 1075.73, "cx": 638.427, "cy": 508.386}, "camera_to_world_matrix": [-0.980535, 0.00656793, -0.19624, -13.6224, -0.196326, -0.0174275, 0.980384, -1.79126, 0.00301886, 0.999827, 0.0183787, 5.29641, 0.0, 0.0, 0.0, 1.0]}, "0f7b1ab39cb34297b01bc7d7103888ed_d2_0.png": {"intrinsics": {"fx": 1076.91, "fy": 1077.36, "cx": 631.79, "cy": 516.81}, "camera_to_world_matrix": [-0.669524, -0.494037, 0.554677, -13.6341, 0.742588, -0.46272, 0.484207, -1.79775, 0.0174439, 0.736083, 0.676668, 5.32956, 0.0, 0.0, 0.0, 1.0]}, "0f7b1ab39cb34297b01bc7d7103888ed_d2_1.png": {"intrinsics": {"fx": 1076.91, "fy": 1077.36, "cx": 631.79, "cy": 516.81}, "camera_to_world_matrix": [0.308444, -0.642717, 0.701269, -13.637, 0.950977, 0.190879, -0.243332, -1.78349, 0.0225358, 0.741944, 0.670085, 5.32969, 0.0, 0.0, 0.0, 1.0]}, "0f7b1ab39cb34297b01bc7d7103888ed_d2_2.png": {"intrinsics": {"fx": 1076.91, "fy": 1077.36, "cx": 631.79, "cy": 516.81}, "camera_to_world_matrix": [0.977922, -0.150998, 0.14447, -13.626, 0.208248, 0.64641, -0.734022, -1.77388, 0.0174489, 0.7479, 0.663584, 5.32981, 0.0, 0.0, 0.0, 1.0]}, "0f7b1ab39cb34297b01bc7d7103888ed_d2_3.png": {"intrinsics": {"fx": 1076.91, "fy": 1077.36, "cx": 631.79, "cy": 516.81}, "camera_to_world_matrix": [0.669417, 0.48939, -0.55891, -13.6123, -0.742853, 0.448332, -0.497162, -1.77854, 0.00727026, 0.747996, 0.663666, 5.32981, 0.0, 0.0, 0.0, 1.0]}, "0f7b1ab39cb34297b01bc7d7103888ed_d2_4.png": {"intrinsics": {"fx": 1076.91, "fy": 1077.36, "cx": 631.79, "cy": 516.81}, "camera_to_world_matrix": [-0.308559, 0.638044, -0.705473, -13.6094, -0.951204, -0.205273, 0.230382, -1.79281, 0.00217868, 0.742134, 0.67025, 5.32968, 0.0, 0.0, 0.0, 1.0]}, "0f7b1ab39cb34297b01bc7d7103888ed_d2_5.png": {"intrinsics": {"fx": 1076.91, "fy": 1077.36, "cx": 631.79, "cy": 516.81}, "camera_to_world_matrix": [-0.978008, 0.146307, -0.148654, -13.6203, -0.208449, -0.660785, 0.72105, -1.80241, 0.00726588, 0.736178, 0.676751, 5.32956, 0.0, 0.0, 0.0, 1.0]}, "12fc603ce4bc4cbd81c704e630f130bd_d0_0.png": {"intrinsics": {"fx": 1074.34, "fy": 1074.88, "cx": 628.711, "cy": 502.836}, "camera_to_world_matrix": [0.812354, -0.409351, -0.415347, -7.38833, -0.582517, -0.536028, -0.611023, -0.185486, 0.0274851, 0.738314, -0.673898, 1.86034, 0.0, 0.0, 0.0, 1.0]}, "12fc603ce4bc4cbd81c704e630f130bd_d0_1.png": {"intrinsics": {"fx": 1074.34, "fy": 1074.88, "cx": 628.711, "cy": 502.836}, "camera_to_world_matrix": [-0.0985034, -0.680813, -0.725804, -7.3822, -0.995012, 0.0789468, 0.0609862, -0.19868, 0.0157797, 0.728191, -0.685193, 1.86056, 0.0, 0.0, 0.0, 1.0]}, "12fc603ce4bc4cbd81c704e630f130bd_d0_2.png": {"intrinsics": {"fx": 1074.34, "fy": 1074.88, "cx": 628.711, "cy": 502.836}, "camera_to_world_matrix": [-0.910999, -0.283972, -0.299067, -7.39057, -0.412396, 0.621627, 0.665965, -0.210588, -0.00320766, 0.730027, -0.683411, 1.86053, 0.0, 0.0, 0.0, 1.0]}, "12fc603ce4bc4cbd81c704e630f130bd_d0_3.png": {"intrinsics": {"fx": 1074.34, "fy": 1074.88, "cx": 628.711, "cy": 502.836}, "camera_to_world_matrix": [-0.812619, 0.384322, 0.438118, -7.40506, 0.582701, 0.549321, 0.598921, -0.209302, -0.0104893, 0.741987, -0.670333, 1.86027, 0.0, 0.0, 0.0, 1.0]}, "12fc603ce4bc4cbd81c704e630f130bd_d0_4.png": {"intrinsics": {"fx": 1074.34, "fy": 1074.88, "cx": 628.711, "cy": 502.836}, "camera_to_world_matrix": [0.0982547, 0.65576, 0.748549, -7.41119, 0.995161, -0.0656644, -0.0731003, -0.196107, 0.00121673, 0.752109, -0.659038, 1.86005, 0.0, 0.0, 0.0, 1.0]}, "12fc603ce4bc4cbd81c704e630f130bd_d0_5.png": {"intrinsics": {"fx": 1074.34, "fy": 1074.88, "cx": 628.711, "cy": 502.836}, "camera_to_world_matrix": [0.910728, 0.258898, 0.321788, -7.40282, 0.412513, -0.608329, -0.678062, -0.1842, 0.020204, 0.750272, -0.660821, 1.86008, 0.0, 0.0, 0.0, 1.0]}, "12fc603ce4bc4cbd81c704e630f130bd_d1_0.png": {"intrinsics": {"fx": 1074.82, "fy": 1075.73, "cx": 638.427, "cy": 508.386}, "camera_to_world_matrix": [0.818122, -0.018006, -0.574764, -7.39525, -0.574412, 0.021362, -0.818289, -0.194231, 0.027012, 0.99961, 0.00713483, 1.89356, 0.0, 0.0, 0.0, 1.0]}, "12fc603ce4bc4cbd81c704e630f130bd_d1_1.png": {"intrinsics": {"fx": 1074.82, "fy": 1075.73, "cx": 638.427, "cy": 508.386}, "camera_to_world_matrix": [-0.0885938, -0.00674679, -0.996045, -7.39377, -0.995949, 0.0161189, 0.0884757, -0.197404, 0.015458, 0.999848, -0.00814652, 1.89361, 0.0, 0.0, 0.0, 1.0]}, "12fc603ce4bc4cbd81c704e630f130bd_d1_2.png": {"intrinsics": {"fx": 1074.82, "fy": 1075.73, "cx": 638.427, "cy": 508.386}, "camera_to_world_matrix": [-0.906849, -0.00565902, -0.42142, -7.39578, -0.421443, 0.0037449, 0.906848, -0.200269, -0.00355396, 0.999978, -0.00578005, 1.8936, 0.0, 0.0, 0.0, 1.0]}, "12fc603ce4bc4cbd81c704e630f130bd_d1_3.png": {"intrinsics": {"fx": 1074.82, "fy": 1075.73, "cx": 638.427, "cy": 508.386}, "camera_to_world_matrix": [-0.81837, -0.0158305, 0.574474, -7.39927, 0.574588, -0.00338574, 0.818437, -0.199959, -0.0110115, 0.99987, 0.0118677, 1.89354, 0.0, 0.0, 0.0, 1.0]}, "12fc603ce4bc4cbd81c704e630f130bd_d1_4.png": {"intrinsics": {"fx": 1074.82, "fy": 1075.73, "cx": 638.427, "cy": 508.386}, "camera_to_world_matrix": [0.088362, -0.0270895, 0.995721, -7.40074, 0.996089, 0.00185779, -0.0883437, -0.196786, 0.000543085, 0.999632, 0.0271486, 1.89349, 0.0, 0.0, 0.0, 1.0]}, "12fc603ce4bc4cbd81c704e630f130bd_d1_5.png": {"intrinsics": {"fx": 1074.82, "fy": 1075.73, "cx": 638.427, "cy": 508.386}, "camera_to_world_matrix": [0.906595, -0.0281768, 0.421063, -7.39873, 0.421551, 0.0142319, -0.906694, -0.193921, 0.0195549, 0.999502, 0.0247814, 1.89349, 0.0, 0.0, 0.0, 1.0]}, "12fc603ce4bc4cbd81c704e630f130bd_d2_0.png": {"intrinsics": {"fx": 1076.91, "fy": 1077.36, "cx": 631.79, "cy": 516.81}, "camera_to_world_matrix": [0.825043, 0.358179, -0.437051, -7.38946, -0.5642, 0.565129, -0.601922, -0.184888, 0.0313943, 0.743195, 0.66834, 1.92683, 0.0, 0.0, 0.0, 1.0]}, "12fc603ce4bc4cbd81c704e630f130bd_d2_1.png": {"intrinsics": {"fx": 1076.91, "fy": 1077.36, "cx": 631.79, "cy": 516.81}, "camera_to_world_matrix": [-0.0763622, 0.656352, -0.750581, -7.38333, -0.99688, -0.0351338, 0.070696, -0.198082, 0.0200304, 0.753637, 0.656988, 1.92705, 0.0, 0.0, 0.0, 1.0]}, "12fc603ce4bc4cbd81c704e630f130bd_d2_2.png": {"intrinsics": {"fx": 1076.91, "fy": 1077.36, "cx": 631.79, "cy": 516.81}, "camera_to_world_matrix": [-0.901613, 0.285603, -0.324853, -7.39169, -0.432547, -0.593591, 0.678641, -0.20999, 0.000991518, 0.752384, 0.658726, 1.92701, 0.0, 0.0, 0.0, 1.0]}, "12fc603ce4bc4cbd81c704e630f130bd_d2_3.png": {"intrinsics": {"fx": 1076.91, "fy": 1077.36, "cx": 631.79, "cy": 516.81}, "camera_to_world_matrix": [-0.825439, -0.383311, 0.414396, -7.40618, 0.564454, -0.551774, 0.613954, -0.208704, -0.00668299, 0.740688, 0.671818, 1.92676, 0.0, 0.0, 0.0, 1.0]}, "12fc603ce4bc4cbd81c704e630f130bd_d2_4.png": {"intrinsics": {"fx": 1076.91, "fy": 1077.36, "cx": 631.79, "cy": 516.81}, "camera_to_world_matrix": [0.075983, -0.681461, 0.7279, -7.41231, 0.9971, 0.0485008, -0.0586762, -0.19551, 0.00468155, 0.730246, 0.68317, 1.92653, 0.0, 0.0, 0.0, 1.0]}, "12fc603ce4bc4cbd81c704e630f130bd_d2_5.png": {"intrinsics": {"fx": 1076.91, "fy": 1077.36, "cx": 631.79, "cy": 516.81}, "camera_to_world_matrix": [0.901211, -0.31069, 0.302148, -7.40395, 0.432734, 0.606944, -0.666604, -0.183602, 0.0237203, 0.7315, 0.681431, 1.92657, 0.0, 0.0, 0.0, 1.0]}, "13b86f84fb2f414692dcde76e29c6fa5_d0_0.png": {"intrinsics": {"fx": 1074.34, "fy": 1074.88, "cx": 628.711, "cy": 502.836}, "camera_to_world_matrix": [0.630781, 0.51133, 0.58366, -7.48687, 0.775902, -0.425005, -0.466206, 1.36346, 0.00967318, 0.746936, -0.664826, 1.84597, 0.0, 0.0, 0.0, 1.0]}, "13b86f84fb2f414692dcde76e29c6fa5_d0_1.png": {"intrinsics": {"fx": 1074.34, "fy": 1074.88, "cx": 628.711, "cy": 502.836}, "camera_to_world_matrix": [0.987224, -0.118999, -0.105967, -7.47333, -0.158355, -0.658793, -0.735471, 1.36878, 0.0177103, 0.742854, -0.669219, 1.84606, 0.0, 0.0, 0.0, 1.0]}, "13b86f84fb2f414692dcde76e29c6fa5_d0_2.png": {"intrinsics": {"fx": 1074.34, "fy": 1074.88, "cx": 628.711, "cy": 502.836}, "camera_to_world_matrix": [0.356349, -0.636595, -0.683932, -7.46195, -0.934207, -0.229796, -0.272859, 1.35971, 0.0165359, 0.736167, -0.676599, 1.8462, 0.0, 0.0, 0.0, 1.0]}, "13b86f84fb2f414692dcde76e29c6fa5_d0_3.png": {"intrinsics": {"fx": 1074.34, "fy": 1074.88, "cx": 628.711, "cy": 502.836}, "camera_to_world_matrix": [-0.630955, -0.52385, -0.572257, -7.46412, -0.775786, 0.432979, 0.459007, 1.34532, 0.0073244, 0.733561, -0.679584, 1.84626, 0.0, 0.0, 0.0, 1.0]}, "13b86f84fb2f414692dcde76e29c6fa5_d0_4.png": {"intrinsics": {"fx": 1074.34, "fy": 1074.88, "cx": 628.711, "cy": 502.836}, "camera_to_world_matrix": [-0.987362, 0.106489, 0.11738, -7.47766, 0.158485, 0.666742, 0.728244, 1.34, -0.000712473, 0.737643, -0.675191, 1.84618, 0.0, 0.0, 0.0, 1.0]}, "13b86f84fb2f414692dcde76e29c6fa5_d0_5.png": {"intrinsics": {"fx": 1074.34, "fy": 1074.88, "cx": 628.711, "cy": 502.836}, "camera_to_world_matrix": [-0.356457, 0.624068, 0.695327, -7.48904, 0.934312, 0.237724, 0.26561, 1.34907, 0.0004623, 0.74433, -0.667812, 1.84603, 0.0, 0.0, 0.0, 1.0]}, "13b86f84fb2f414692dcde76e29c6fa5_d1_0.png": {"intrinsics": {"fx": 1074.82, "fy": 1075.73, "cx": 638.427, "cy": 508.386}, "camera_to_world_matrix": [0.62304, -0.0208842, 0.781913, -7.47851, 0.782139, 0.00503384, -0.623085, 1.35675, 0.00907633, 0.99977, 0.0194716, 1.87933, 0.0, 0.0, 0.0, 1.0]}, "13b86f84fb2f414692dcde76e29c6fa5_d1_1.png": {"intrinsics": {"fx": 1074.82, "fy": 1075.73, "cx": 638.427, "cy": 508.386}, "camera_to_world_matrix": [0.98876, -0.0149672, -0.148768, -7.47525, -0.14853, 0.0159565, -0.98878, 1.35803, 0.0171728, 0.999761, 0.0135551, 1.87935, 0.0, 0.0, 0.0, 1.0]}, "13b86f84fb2f414692dcde76e29c6fa5_d1_2.png": {"intrinsics": {"fx": 1074.82, "fy": 1075.73, "cx": 638.427, "cy": 508.386}, "camera_to_world_matrix": [0.36563, -0.00254975, -0.930758, -7.47252, -0.930622, 0.0162937, -0.365622, 1.35585, 0.0160975, 0.999865, 0.00358558, 1.87939, 0.0, 0.0, 0.0, 1.0]}, "13b86f84fb2f414692dcde76e29c6fa5_d1_3.png": {"intrinsics": {"fx": 1074.82, "fy": 1075.73, "cx": 638.427, "cy": 508.386}, "camera_to_world_matrix": [-0.623206, 0.00395035, -0.782049, -7.47304, -0.78