{"05d8dd39b5de44b58287a6de59cdba37_d0_0.png": {"intrinsics": {"fx": 1069.12, "fy": 1069.45, "cx": 630.902, "cy": 523.937}, "camera_to_world_matrix": [0.548939, -0.566942, -0.614201, -3.87389, -0.835749, -0.384398, -0.392124, -8.86573, -0.0137858, 0.72857, -0.684833, 2.14912, 0.0, 0.0, 0.0, 1.0]}, "05d8dd39b5de44b58287a6de59cdba37_d0_1.png": {"intrinsics": {"fx": 1069.12, "fy": 1069.45, "cx": 630.902, "cy": 523.937}, "camera_to_world_matrix": [-0.449359, -0.600333, -0.661571, -3.873, -0.893041, 0.282364, 0.350354, -8.88024, -0.0235253, 0.748245, -0.663005, 2.14869, 0.0, 0.0, 0.0, 1.0]}, "05d8dd39b5de44b58287a6de59cdba37_d0_2.png": {"intrinsics": {"fx": 1069.12, "fy": 1069.45, "cx": 630.902, "cy": 523.937}, "camera_to_world_matrix": [-0.998342, -0.0393581, -0.0419885, -3.88512, -0.0574753, 0.644504, 0.762437, -8.88827, -0.00294625, 0.763587, -0.645698, 2.14836, 0.0, 0.0, 0.0, 1.0]}, "05d8dd39b5de44b58287a6de59cdba37_d0_3.png": {"intrinsics": {"fx": 1069.12, "fy": 1069.45, "cx": 630.902, "cy": 523.937}, "camera_to_world_matrix": [-0.549015, 0.554995, 0.62495, -3.89815, 0.835364, 0.339874, 0.432033, -8.88178, 0.0273718, 0.759253, -0.650219, 2.14845, 0.0, 0.0, 0.0, 1.0]}, "05d8dd39b5de44b58287a6de59cdba37_d0_4.png": {"intrinsics": {"fx": 1069.12, "fy": 1069.45, "cx": 630.902, "cy": 523.937}, "camera_to_world_matrix": [0.449285, 0.58836, 0.672291, -3.89904, 0.892617, -0.326889, -0.310447, -8.86727, 0.0371102, 0.739578, -0.672047, 2.14887, 0.0, 0.0, 0.0, 1.0]}, "05d8dd39b5de44b58287a6de59cdba37_d0_5.png": {"intrinsics": {"fx": 1069.12, "fy": 1069.45, "cx": 630.902, "cy": 523.937}, "camera_to_world_matrix": [0.998235, 0.0273705, 0.0526925, -3.88691, 0.0570299, -0.689008, -0.722506, -8.85924, 0.0165302, 0.724236, -0.689353, 2.14921, 0.0, 0.0, 0.0, 1.0]}, "05d8dd39b5de44b58287a6de59cdba37_d1_0.png": {"intrinsics": {"fx": 1072.95, "fy": 1073.66, "cx": 637.218, "cy": 518.809}, "camera_to_world_matrix": [0.552256, -0.00730064, -0.833642, -3.88337, -0.833497, -0.025372, -0.551938, -8.87282, -0.0171213, 0.999651, -0.0200983, 2.1821, 0.0, 0.0, 0.0, 1.0]}, "05d8dd39b5de44b58287a6de59cdba37_d1_1.png": {"intrinsics": {"fx": 1072.95, "fy": 1073.66, "cx": 637.218, "cy": 518.809}, "camera_to_world_matrix": [-0.445824, -0.00374816, -0.895112, -3.88315, -0.894712, -0.0282714, 0.445745, -8.87631, -0.0269764, 0.999593, 0.00924926, 2.182, 0.0, 0.0, 0.0, 1.0]}, "05d8dd39b5de44b58287a6de59cdba37_d1_2.png": {"intrinsics": {"fx": 1072.95, "fy": 1073.66, "cx": 637.218, "cy": 518.809}, "camera_to_world_matrix": [-0.998097, -0.0044832, -0.0614745, -3.88607, -0.0612957, -0.0327957, 0.99758, -8.87824, -0.00648807, 0.999451, 0.0324573, 2.18192, 0.0, 0.0, 0.0, 1.0]}, "05d8dd39b5de44b58287a6de59cdba37_d1_3.png": {"intrinsics": {"fx": 1072.95, "fy": 1073.66, "cx": 637.218, "cy": 518.809}, "camera_to_world_matrix": [-0.552277, -0.0087707, 0.833613, -3.8892, 0.833317, -0.0344206, 0.55172, -8.87668, 0.0238549, 0.999368, 0.0263172, 2.18194, 0.0, 0.0, 0.0, 1.0]}, "05d8dd39b5de44b58287a6de59cdba37_d1_4.png": {"intrinsics": {"fx": 1072.95, "fy": 1073.66, "cx": 637.218, "cy": 518.809}, "camera_to_world_matrix": [0.445805, -0.0123231, 0.895044, -3.88942, 0.894494, -0.0315211, -0.445966, -8.87319, 0.0337088, 0.999426, -0.0030307, 2.18204, 0.0, 0.0, 0.0, 1.0]}, "05d8dd39b5de44b58287a6de59cdba37_d1_5.png": {"intrinsics": {"fx": 1072.95, "fy": 1073.66, "cx": 637.218, "cy": 518.809}, "camera_to_world_matrix": [0.998046, -0.0115879, 0.0613854, -3.8865, 0.0610552, -0.0269968, -0.997769, -8.87126, 0.0132196, 0.999568, -0.0262379, 2.18212, 0.0, 0.0, 0.0, 1.0]}, "05d8dd39b5de44b58287a6de59cdba37_d2_0.png": {"intrinsics": {"fx": 1070.22, "fy": 1070.67, "cx": 630.139, "cy": 515.582}, "camera_to_world_matrix": [0.552334, 0.548681, -0.627597, -3.87442, -0.833485, 0.34971, -0.427794, -8.86771, -0.0152462, 0.759377, 0.650474, 2.21559, 0.0, 0.0, 0.0, 1.0]}, "05d8dd39b5de44b58287a6de59cdba37_d2_1.png": {"intrinsics": {"fx": 1070.22, "fy": 1070.67, "cx": 630.139, "cy": 515.582}, "camera_to_world_matrix": [-0.445734, 0.59372, -0.66994, -3.87353, -0.894815, -0.316505, 0.314854, -8.88223, -0.0251046, 0.739812, 0.672347, 2.21516, 0.0, 0.0, 0.0, 1.0]}, "05d8dd39b5de44b58287a6de59cdba37_d2_2.png": {"intrinsics": {"fx": 1070.22, "fy": 1070.67, "cx": 630.139, "cy": 515.582}, "camera_to_world_matrix": [-0.9981, 0.0390463, -0.0476956, -3.88566, -0.0614661, -0.688456, 0.72267, -8.89026, -0.00461905, 0.724227, 0.689548, 2.21483, 0.0, 0.0, 0.0, 1.0]}, "05d8dd39b5de44b58287a6de59cdba37_d2_3.png": {"intrinsics": {"fx": 1070.22, "fy": 1070.67, "cx": 630.139, "cy": 515.582}, "camera_to_world_matrix": [-0.552386, -0.560655, 0.616877, -3.89868, 0.833194, -0.394183, 0.387829, -8.88377, 0.0257245, 0.728208, 0.684876, 2.21491, 0.0, 0.0, 0.0, 1.0]}, "05d8dd39b5de44b58287a6de59cdba37_d2_4.png": {"intrinsics": {"fx": 1070.22, "fy": 1070.67, "cx": 630.139, "cy": 515.582}, "camera_to_world_matrix": [0.445685, -0.605668, 0.659191, -3.89958, 0.894484, 0.272033, -0.354821, -8.86926, 0.0355817, 0.747773, 0.663002, 2.21534, 0.0, 0.0, 0.0, 1.0]}, "05d8dd39b5de44b58287a6de59cdba37_d2_5.png": {"intrinsics": {"fx": 1070.22, "fy": 1070.67, "cx": 630.139, "cy": 515.582}, "camera_to_world_matrix": [0.998018, -0.0509796, 0.0369309, -3.88745, 0.0611136, 0.643962, -0.762613, -8.86123, 0.0150953, 0.763357, 0.645802, 2.21568, 0.0, 0.0, 0.0, 1.0]}, "1767bad8f63a4a8497c8122da77ee7d9_d0_0.png": {"intrinsics": {"fx": 1069.12, "fy": 1069.45, "cx": 630.902, "cy": 523.937}, "camera_to_world_matrix": [0.825905, 0.368907, 0.426367, -1.05321, 0.563777, -0.54847, -0.617524, -0.352829, 0.00604034, 0.750392, -0.660966, 1.38634, 0.0, 0.0, 0.0, 1.0]}, "1767bad8f63a4a8497c8122da77ee7d9_d0_1.png": {"intrinsics": {"fx": 1069.12, "fy": 1069.45, "cx": 630.902, "cy": 523.937}, "camera_to_world_matrix": [0.901114, -0.297443, -0.315471, -1.03871, -0.433344, -0.59368, -0.678054, -0.351677, 0.0143941, 0.747711, -0.663869, 1.3864, 0.0, 0.0, 0.0, 1.0]}, "1767bad8f63a4a8497c8122da77ee7d9_d0_2.png": {"intrinsics": {"fx": 1069.12, "fy": 1069.45, "cx": 630.902, "cy": 523.937}, "camera_to_world_matrix": [0.0751572, -0.669744, -0.738779, -1.03046, -0.997057, -0.0392177, -0.0658792, -0.363662, 0.015149, 0.741556, -0.67072, 1.38654, 0.0, 0.0, 0.0, 1.0]}, "1767bad8f63a4a8497c8122da77ee7d9_d0_3.png": {"intrinsics": {"fx": 1069.12, "fy": 1069.45, "cx": 630.902, "cy": 523.937}, "camera_to_world_matrix": [-0.825989, -0.375686, -0.420241, -1.03671, -0.563636, 0.560442, 0.606811, -0.376799, 0.00755037, 0.738082, -0.674669, 1.38661, 0.0, 0.0, 0.0, 1.0]}, "1767bad8f63a4a8497c8122da77ee7d9_d0_4.png": {"intrinsics": {"fx": 1069.12, "fy": 1069.45, "cx": 630.902, "cy": 523.937}, "camera_to_world_matrix": [-0.901159, 0.290667, 0.321599, -1.05122, 0.433488, 0.605626, 0.667312, -0.37795, -0.000803176, 0.740763, -0.671766, 1.38656, 0.0, 0.0, 0.0, 1.0]}, "1767bad8f63a4a8497c8122da77ee7d9_d0_5.png": {"intrinsics": {"fx": 1069.12, "fy": 1069.45, "cx": 630.902, "cy": 523.937}, "camera_to_world_matrix": [-0.0751802, 0.662946, 0.744883, -1.05947, 0.997169, 0.0511488, 0.0551206, -0.365965, -0.00155781, 0.746918, -0.664914, 1.38642, 0.0, 0.0, 0.0, 1.0]}, "1767bad8f63a4a8497c8122da77ee7d9_d1_0.png": {"intrinsics": {"fx": 1072.95, "fy": 1073.66, "cx": 637.218, "cy": 518.809}, "camera_to_world_matrix": [0.823712, -0.00910702, 0.566933, -1.0471, 0.567001, 0.00868737, -0.823671, -0.361664, 0.00257642, 0.99992, 0.0123183, 1.41969, 0.0, 0.0, 0.0, 1.0]}, "1767bad8f63a4a8497c8122da77ee7d9_d1_1.png": {"intrinsics": {"fx": 1072.95, "fy": 1073.66, "cx": 637.218, "cy": 518.809}, "camera_to_world_matrix": [0.902841, -0.00627055, -0.429927, -1.04361, -0.429833, 0.0122907, -0.902824, -0.361387, 0.0109457, 0.999904, 0.00839993, 1.41971, 0.0, 0.0, 0.0, 1.0]}, "1767bad8f63a4a8497c8122da77ee7d9_d1_2.png": {"intrinsics": {"fx": 1072.95, "fy": 1073.66, "cx": 637.218, "cy": 518.809}, "camera_to_world_matrix": [0.0790929, -0.00173177, -0.996865, -1.04162, -0.996797, 0.011636, -0.0791075, -0.36427, 0.0117369, 0.99993, -0.000807223, 1.41974, 0.0, 0.0, 0.0, 1.0]}, "1767bad8f63a4a8497c8122da77ee7d9_d1_3.png": {"intrinsics": {"fx": 1072.95, "fy": 1073.66, "cx": 637.218, "cy": 518.809}, "camera_to_world_matrix": [-0.823765, -2.9569e-05, -0.56693, -1.04313, -0.566914, 0.00737801, 0.823743, -0.36743, 0.00415885, 0.999972, -0.00609584, 1.41976, 0.0, 0.0, 0.0, 1.0]}, "1767bad8f63a4a8497c8122da77ee7d9_d1_4.png": {"intrinsics": {"fx": 1072.95, "fy": 1073.66, "cx": 637.218, "cy": 518.809}, "camera_to_world_matrix": [-0.902855, -0.00286618, 0.429934, -1.04662, 0.429923, 0.0037748, 0.902857, -0.367707, -0.00421027, 0.999988, -0.00217718, 1.41975, 0.0, 0.0, 0.0, 1.0]}, "1767bad8f63a4a8497c8122da77ee7d9_d1_5.png": {"intrinsics": {"fx": 1072.95, "fy": 1073.66, "cx": 637.218, "cy": 518.809}, "camera_to_world_matrix": [-0.0790846, -0.00740493, 0.99684, -1.0486, 0.996854, 0.00442966, 0.0791184, -0.364824, -0.00500114, 0.999962, 0.00703001, 1.41971, 0.0, 0.0, 0.0, 1.0]}, "1767bad8f63a4a8497c8122da77ee7d9_d2_0.png": {"intrinsics": {"fx": 1070.22, "fy": 1070.67, "cx": 630.139, "cy": 515.582}, "camera_to_world_matrix": [0.823634, -0.385407, 0.416043, -1.05351, 0.567107, 0.553952, -0.60953, -0.352295, 0.00444854, 0.73797, 0.674821, 1.45284, 0.0, 0.0, 0.0, 1.0]}, "1767bad8f63a4a8497c8122da77ee7d9_d2_1.png": {"intrinsics": {"fx": 1070.22, "fy": 1070.67, "cx": 630.139, "cy": 515.582}, "camera_to_world_matrix": [0.902877, 0.280187, -0.326054, -1.03901, -0.429712, 0.610799, -0.665036, -0.351143, 0.0128182, 0.740554, 0.671877, 1.4529, 0.0, 0.0, 0.0, 1.0]}, "1767bad8f63a4a8497c8122da77ee7d9_d2_2.png": {"intrinsics": {"fx": 1070.22, "fy": 1070.67, "cx": 630.139, "cy": 515.582}, "camera_to_world_matrix": [0.0791986, 0.662188, -0.745141, -1.03076, -0.996768, 0.062811, -0.0501252, -0.363128, 0.0136105, 0.746701, 0.665023, 1.45303, 0.0, 0.0, 0.0, 1.0]}, "1767bad8f63a4a8497c8122da77ee7d9_d2_3.png": {"intrinsics": {"fx": 1070.22, "fy": 1070.67, "cx": 630.139, "cy": 515.582}, "camera_to_world_matrix": [-0.823704, 0.378586, -0.422123, -1.03702, -0.566991, -0.542012, 0.620279, -0.376265, 0.00603307, 0.750264, 0.661113, 1.45311, 0.0, 0.0, 0.0, 1.0]}, "1767bad8f63a4a8497c8122da77ee7d9_d2_4.png": {"intrinsics": {"fx": 1070.22, "fy": 1070.67, "cx": 630.139, "cy": 515.582}, "camera_to_world_matrix": [-0.902908, -0.28701, 0.319977, -1.05152, 0.429832, -0.598833, 0.675756, -0.377416, -0.00233646, 0.74768, 0.664057, 1.45305, 0.0, 0.0, 0.0, 1.0]}, "1767bad8f63a4a8497c8122da77ee7d9_d2_5.png": {"intrinsics": {"fx": 1070.22, "fy": 1070.67, "cx": 630.139, "cy": 515.582}, "camera_to_world_matrix": [-0.0792074, -0.668989, 0.73904, -1.05977, 0.996855, -0.0508296, 0.0608279, -0.36543, -0.00312839, 0.741533, 0.670912, 1.45292, 0.0, 0.0, 0.0, 1.0]}, "185a777f88df4f4caef435ac26323c85_d0_0.png": {"intrinsics": {"fx": 1069.12, "fy": 1069.45, "cx": 630.902, "cy": 523.937}, "camera_to_world_matrix": [-0.878405, -0.316793, -0.357837, -1.00439, -0.477855, 0.59424, 0.646941, -8.29491, 0.00769487, 0.739271, -0.673365, 2.14513, 0.0, 0.0, 0.0, 1.0]}, "185a777f88df4f4caef435ac26323c85_d0_1.png": {"intrinsics": {"fx": 1069.12, "fy": 1069.45, "cx": 630.902, "cy": 523.937}, "camera_to_world_matrix": [-0.853075, 0.350731, 0.38633, -1.01893, 0.521788, 0.572279, 0.63264, -8.2946, 0.00079741, 0.741272, -0.671205, 2.14508, 0.0, 0.0, 0.0, 1.0]}, "185a777f88df4f4caef435ac26323c85_d0_2.png": {"intrinsics": {"fx": 1069.12, "fy": 1069.45, "cx": 630.902, "cy": 523.937}, "camera_to_world_matrix": [0.0253304, 0.665455, 0.746008, -1.02594, 0.999679, -0.0167857, -0.0189705, -8.28184, -0.000101732, 0.746249, -0.665667, 2.14498, 0.0, 0.0, 0.0, 1.0]}, "185a777f88df4f4caef435ac26323c85_d0_3.png": {"intrinsics": {"fx": 1069.12, "fy": 1069.45, "cx": 630.902, "cy": 523.937}, "camera_to_world_matrix": [0.878385, 0.312649, 0.361509, -1.01839, 0.477916, -0.583877, -0.656265, -8.2694, 0.00589669, 0.749225, -0.66229, 2.14491, 0.0, 0.0, 0.0, 1.0]}, "185a777f88df4f4caef435ac26323c85_d0_4.png": {"intrinsics": {"fx": 1069.12, "fy": 1069.45, "cx": 630.902, "cy": 523.937}, "camera_to_world_matrix": [0.853017, -0.354874, -0.382658, -1.00385, -0.521726, -0.561891, -0.641934, -8.26971, 0.0127941, 0.747223, -0.66445, 2.14495, 0.0, 0.0, 0.0, 1.0]}, "185a777f88df4f4caef435ac26323c85_d0_5.png": {"intrinsics": {"fx": 1069.12, "fy": 1069.45, "cx": 630.902, "cy": 523.937}, "camera_to_world_matrix": [-0.0254072, -0.669575, -0.742309, -0.996843, -0.999583, 0.0271869, 0.00969008, -8.28247, 0.0136929, 0.742246, -0.669987, 2.14506, 0.0, 0.0, 0.0, 1.0]}, "185a777f88df4f4caef435ac26323c85_d1_0.png": {"intrinsics": {"fx": 1072.95, "fy": 1073.66, "cx": 637.218, "cy": 518.809}, "camera_to_world_matrix": [-0.876524, 0.00168167, -0.481352, -1.0098, -0.481336, 0.00586259, 0.876516, -8.28499, 0.00429638, 0.999981, -0.00433058, 2.17829, 0.0, 0.0, 0.0, 1.0]}, "185a777f88df4f4caef435ac26323c85_d1_1.png": {"intrinsics": {"fx": 1072.95, "fy": 1073.66, "cx": 637.218, "cy": 518.809}, "camera_to_world_matrix": [-0.855123, -0.00150241, 0.51842, -1.0133, 0.518415, 0.00256241, 0.855124, -8.28492, -0.00261276, 0.999995, -0.00141363, 2.17828, 0.0, 0.0, 0.0, 1.0]}, "185a777f88df4f4caef435ac26323c85_d1_2.png": {"intrinsics": {"fx": 1072.95, "fy": 1073.66, "cx": 637.218, "cy": 518.809}, "camera_to_world_matrix": [0.0214108, -0.00595248, 0.999752, -1.01498, 0.999763, 0.00366976, -0.0213896, -8.28185, -0.00354114, 0.999975, 0.00602834, 2.17826, 0.0, 0.0, 0.0, 1.0]}, "185a777f88df4f4caef435ac26323c85_d1_3.png": {"intrinsics": {"fx": 1072.95, "fy": 1073.66, "cx": 637.218, "cy": 518.809}, "camera_to_world_matrix": [0.876524, -0.00721837, 0.481301, -1.01317, 0.481349, 0.00807726, -0.876491, -8.27886, 0.00243964, 0.999941, 0.0105532, 2.17824, 0.0, 0.0, 0.0, 1.0]}, "185a777f88df4f4caef435ac26323c85_d1_4.png": {"intrinsics": {"fx": 1072.95, "fy": 1073.66, "cx": 637.218, "cy": 518.809}, "camera_to_world_matrix": [0.855084, -0.00403417, -0.518471, -1.00967, -0.518402, 0.0113773, -0.85506, -8.27893, 0.00934866, 0.999926, 0.00763594, 2.17825, 0.0, 0.0, 0.0, 1.0]}, "185a777f88df4f4caef435ac26323c85_d1_5.png": {"intrinsics": {"fx": 1072.95, "fy": 1073.66, "cx": 637.218, "cy": 518.809}, "camera_to_world_matrix": [-0.0214687, 0.000415864, -0.999769, -1.00798, -0.999715, 0.0102698, 0.0214722, -8.282, 0.0102768, 0.999946, 0.000193944, 2.17828, 0.0, 0.0, 0.0, 1.0]}, "185a777f88df4f4caef435ac26323c85_d2_0.png": {"intrinsics": {"fx": 1070.22, "fy": 1070.67, "cx": 630.139, "cy": 515.582}, "camera_to_world_matrix": [-0.876469, 0.322973, -0.357061, -1.00457, -0.481421, -0.578399, 0.658551, -8.29445, 0.00617043, 0.749095, 0.662435, 2.21163, 0.0, 0.0, 0.0, 1.0]}, "185a777f88df4f4caef435ac26323c85_d2_1.png": {"intrinsics": {"fx": 1070.22, "fy": 1070.67, "cx": 630.139, "cy": 515.582}, "camera_to_world_matrix": [-0.855184, -0.344966, 0.38686, -1.01912, 0.518327, -0.568093, 0.639225, -8.29413, -0.000739031, 0.747174, 0.66463, 2.21158, 0.0, 0.0, 0.0, 1.0]}, "185a777f88df4f4caef435ac26323c85_d2_2.png": {"intrinsics": {"fx": 1070.22, "fy": 1070.67, "cx": 630.139, "cy": 515.582}, "camera_to_world_matrix": [0.0212905, -0.669992, 0.742063, -1.02612, 0.999773, 0.0155055, -0.014684, -8.28138, -0.00166825, 0.742207, 0.670171, 2.21147, 0.0, 0.0, 0.0, 1.0]}, "185a777f88df4f4caef435ac26323c85_d2_3.png": {"intrinsics": {"fx": 1070.22, "fy": 1070.67, "cx": 630.139, "cy": 515.582}, "camera_to_world_matrix": [0.876459, -0.327071, 0.353337, -1.01858, 0.48146, 0.588785, -0.649253, -8.26894, 0.00431198, 0.73916, 0.673518, 2.21141, 0.0, 0.0, 0.0, 1.0]}, "185a777f88df4f4caef435ac26323c85_d2_4.png": {"intrinsics": {"fx": 1070.22, "fy": 1070.67, "cx": 630.139, "cy": 515.582}, "camera_to_world_matrix": [0.855134, 0.340869, -0.390584, -1.00403, -0.518288, 0.578453, -0.629898, -8.26925, 0.0112213, 0.741081, 0.671323, 2.21145, 0.0, 0.0, 0.0, 1.0]}, "185a777f88df4f4caef435ac26323c85_d2_5.png": {"intrinsics": {"fx": 1070.22, "fy": 1070.67, "cx": 630.139, "cy": 515.582}, "camera_to_world_matrix": [-0.0213588, 0.665872, -0.745761, -0.997027, -0.999699, -0.0051584, 0.0240249, -8.282, 0.0121502, 0.746049, 0.665782, 2.21156, 0.0, 0.0, 0.0, 1.0]}, "1a6418a306b8448a8529ffc6cb508d8a_d0_0.png": {"intrinsics": {"fx": 1069.12, "fy": 1069.45, "cx": 630.902, "cy": 523.937}, "camera_to_world_matrix": [-0.786195, -0.406195, -0.465728, 2.13081, -0.617955, 0.523321, 0.586743, -0.28689, 0.00539332, 0.749093, -0.662443, 1.38512, 0.0, 0.0, 0.0, 1.0]}, "1a6418a306b8448a8529ffc6cb508d8a_d0_1.png": {"intrinsics": {"fx": 1069.12, "fy": 1069.45, "cx": 630.902, "cy": 523.937}, "camera_to_world_matrix": [-0.9282, 0.25562, 0.270374, 2.11642, 0.371874, 0.613169, 0.696945, -0.289013, 0.0123679, 0.74745, -0.664203, 1.38515, 0.0, 0.0, 0.0, 1.0]}, "1a6418a306b8448a8529ffc6cb508d8a_d0_2.png": {"intrinsics": {"fx": 1069.12, "fy": 1069.45, "cx": 630.902, "cy": 523.937}, "camera_to_world_matrix": [-0.141962, 0.66432, 0.733843, 2.10738, 0.989776, 0.0849507, 0.114569, -0.277608, 0.0137701, 0.742605, -0.669588, 1.38526, 0.0, 0.0, 0.0, 1.0]}, "1a6418a306b8448a8529ffc6cb508d8a_d0_3.png": {"intrinsics": {"fx": 1069.12, "fy": 1069.45, "cx": 630.902, "cy": 523.937}, "camera_to_world_matrix": [0.786265, 0.411196, 0.461199, 2.11274, 0.617835, -0.533104, -0.577996, -0.264081, 0.00819768, 0.739403, -0.673213, 1.38533, 0.0, 0.0, 0.0, 1.0]}, "1a6418a306b8448a8529ffc6cb508d8a_d0_4.png": {"intrinsics": {"fx": 1069.12, "fy": 1069.45, "cx": 630.902, "cy": 523.937}, "camera_to_world_matrix": [0.928232, -0.250622, -0.274907, 2.12713, -0.372, -0.622927, -0.68817, -0.261959, 0.00122321, 0.741047, -0.671453, 1.3853, 0.0, 0.0, 0.0, 1.0]}, "1a6418a306b8448a8529ffc6cb508d8a_d0_5.png": {"intrinsics": {"fx": 1069.12, "fy": 1069.45, "cx": 630.902, "cy": 523.937}, "camera_to_world_matrix": [0.141969, -0.659301, -0.738354, 2.13617, -0.989871, -0.0946925, -0.105775, -0.273364, -0.000178676, 0.745892, -0.666067, 1.38519, 0.0, 0.0, 0.0, 1.0]}, "1a6418a306b8448a8529ffc6cb508d8a_d1_0.png": {"intrinsics": {"fx": 1072.95, "fy": 1073.66, "cx": 637.218, "cy": 518.809}, "camera_to_world_matrix": [-0.783784, 0.00794613, -0.62098, 2.12406, -0.621028, -0.00691031, 0.783757, -0.278447, 0.00193707, 0.999944, 0.0103497, 1.41845, 0.0, 0.0, 0.0, 1.0]}, "1a6418a306b8448a8529ffc6cb508d8a_d1_1.png": {"intrinsics": {"fx": 1072.95, "fy": 1073.66, "cx": 637.218, "cy": 518.809}, "camera_to_world_matrix": [-0.929682, 0.00535804, 0.368321, 2.1206, 0.368252, -0.010696, 0.929664, -0.278958, 0.00892112, 0.999928, 0.00796944, 1.41846, 0.0, 0.0, 0.0, 1.0]}, "1a6418a306b8448a8529ffc6cb508d8a_d1_2.png": {"intrinsics": {"fx": 1072.95, "fy": 1073.66, "cx": 637.218, "cy": 518.809}, "camera_to_world_matrix": [-0.145865, 0.000785511, 0.989304, 2.11842, 0.989249, -0.0103475, 0.145865, -0.276215, 0.0103518, 0.999945, 0.000730952, 1.41848, 0.0, 0.0, 0.0, 1.0]}, "1a6418a306b8448a8529ffc6cb508d8a_d1_3.png": {"intrinsics": {"fx": 1072.95, "fy": 1073.66, "cx": 637.218, "cy": 518.809}, "camera_to_world_matrix": [0.783831, -0.00119882, 0.62097, 2.11971, 0.620953, -0.00621338, -0.783822, -0.272961, 0.00479839, 0.999979, -0.00412715, 1.4185, 0.0, 0.0, 0.0, 1.0]}, "1a6418a306b8448a8529ffc6cb508d8a_d1_4.png": {"intrinsics": {"fx": 1072.95, "fy": 1073.66, "cx": 637.218, "cy": 518.809}, "camera_to_world_matrix": [0.92969, 0.00138941, -0.368337, 2.12318, -0.368332, -0.00242781, -0.92969, -0.27245, -0.00218558, 0.999995, -0.00174666, 1.41849, 0.0, 0.0, 0.0, 1.0]}, "1a6418a306b8448a8529ffc6cb508d8a_d1_5.png": {"intrinsics": {"fx": 1072.95, "fy": 1073.66, "cx": 637.218, "cy": 518.809}, "camera_to_world_matrix": [0.145849, 0.00596193, -0.989288, 2.12535, -0.989299, -0.00277646, -0.145867, -0.275193, -0.00361597, 0.999978, 0.00549188, 1.41847, 0.0, 0.0, 0.0, 1.0]}, "1a6418a306b8448a8529ffc6cb508d8a_d2_0.png": {"intrinsics": {"fx": 1070.22, "fy": 1070.67, "cx": 630.139, "cy": 515.582}, "camera_to_world_matrix": [-0.783703, 0.42046, -0.457194, 2.13104, -0.621127, -0.525977, 0.580991, -0.287326, 0.00380945, 0.739299, 0.673369, 1.45162, 0.0, 0.0, 0.0, 1.0]}, "1a6418a306b8448a8529ffc6cb508d8a_d2_1.png": {"intrinsics": {"fx": 1070.22, "fy": 1070.67, "cx": 630.139, "cy": 515.582}, "camera_to_world_matrix": [-0.929713, -0.239819, 0.279505, 2.11664, 0.368131, -0.627386, 0.686199, -0.289449, 0.0107937, 0.740861, 0.671574, 1.45165, 0.0, 0.0, 0.0, 1.0]}, "1a6418a306b8448a8529ffc6cb508d8a_d2_2.png": {"intrinsics": {"fx": 1070.22, "fy": 1070.67, "cx": 630.139, "cy": 515.582}, "camera_to_world_matrix": [-0.145972, -0.657762, 0.738946, 2.10761, 0.989215, -0.106278, 0.100809, -0.278045, 0.0122252, 0.745691, 0.666182, 1.45176, 0.0, 0.0, 0.0, 1.0]}, "1a6418a306b8448a8529ffc6cb508d8a_d2_3.png": {"intrinsics": {"fx": 1070.22, "fy": 1070.67, "cx": 630.139, "cy": 515.582}, "camera_to_world_matrix": [0.783762, -0.415418, 0.461679, 2.11296, 0.621028, 0.516227, -0.589776, -0.264518, 0.0066724, 0.748958, 0.662586, 1.45183, 0.0, 0.0, 0.0, 1.0]}, "1a6418a306b8448a8529ffc6cb508d8a_d2_4.png": {"intrinsics": {"fx": 1070.22, "fy": 1070.67, "cx": 630.139, "cy": 515.582}, "camera_to_world_matrix": [0.929734, 0.244864, -0.275025, 2.12736, -0.368236, 0.61761, -0.694955, -0.262395, -0.0003118, 0.747396, 0.664381, 1.45179, 0.0, 0.0, 0.0, 1.0]}, "1a6418a306b8448a8529ffc6cb508d8a_d2_5.png": {"intrinsics": {"fx": 1070.22, "fy": 1070.67, "cx": 630.139, "cy": 515.582}, "camera_to_world_matrix": [0.145968, 0.662787, -0.734443, 2.13639, -0.989289, 0.0964857, -0.109546, -0.2738, -0.00174302, 0.742566, 0.669773, 1.45169, 0.0, 0.0, 0.0, 1.0]}, "1b321779a4374c2b952c51820daa9e6c_d0_0.png": {"intrinsics": {"fx": 1069.12, "fy": 1069.45, "cx": 630.902, "cy": 523.937}, "camera_to_world_matrix": [-0.510939, 0.581497, 0.633089, 0.0284544, 0.855827, 0.275025, 0.438089, -3.70962, 0.0806321, 0.765652, -0.638182, 3.23418, 0.0, 0.0, 0.0, 1.0]}, "1b321779a4374c2b952c51820daa9e6c_d0_1.png": {"intrinsics": {"fx": 1069.12, "fy": 1069.45, "cx": 630.902, "cy": 523.937}, "camera_to_world_matrix": [0.488946, 0.584954, 0.647116, 0.0282119, 0.869067, -0.390599, -0.303569, -3.69512, 0.0751893, 0.710817, -0.699347, 3.23537, 0.0, 0.0, 0.0, 1.0]}, "1b321779a4374c2b952c51820daa9e6c_d0_2.png": {"intrinsics": {"fx": 1069.12, "fy": 1069.45, "cx": 630.902, "cy": 523.937}, "camera_to_world_matrix": [0.999919, 0.00829064, 0.00966374, 0.0406895, 0.0126633, -0.726697, -0.686841, -3.68766, 0.00132833, 0.686908, -0.726743, 3.2359, 0.0, 0.0, 0.0, 1.0]}, "1b321779a4374c2b952c51820daa9e6c_d0_3.png": {"intrinsics": {"fx": 1069.12, "fy": 1069.45, "cx": 630.902, "cy": 523.937}, "camera_to_world_matrix": [0.510994, -0.571817, -0.641802, 0.0534094, -0.856962, -0.397163, -0.328447, -3.69469, -0.067088, 0.717835, -0.692974, 3.23524, 0.0, 0.0, 0.0, 1.0]}, "1b321779a4374c2b952c51820daa9e6c_d0_4.png": {"intrinsics": {"fx": 1069.12, "fy": 1069.45, "cx": 630.902, "cy": 523.937}, "camera_to_world_matrix": [-0.488892, -0.575248, -0.6558, 0.0536513, -0.870164, 0.268461, 0.413211, -3.70919, -0.061642, 0.772669, -0.631809, 3.23405, 0.0, 0.0, 0.0, 1.0]}, "1b321779a4374c2b952c51820daa9e6c_d0_5.png": {"intrinsics": {"fx": 1069.12, "fy": 1069.45, "cx": 630.902, "cy": 523.937}, "camera_to_world_matrix": [-0.999831, 0.00142862, -0.0183323, 0.0411734, -0.0137396, 0.604536, 0.796459, -3.71666, 0.0122204, 0.796576, -0.604415, 3.23351, 0.0, 0.0, 0.0, 1.0]}, "1b321779a4374c2b952c51820daa9e6c_d1_0.png": {"intrinsics": {"fx": 1072.95, "fy": 1073.66, "cx": 637.218, "cy": 518.809}, "camera_to_world_matrix": [-0.514345, 0.00557461, 0.857565, 0.0381468, 0.854112, -0.0865409, 0.512837, -3.70668, 0.0770736, 0.996232, 0.0397492, 3.26772, 0.0, 0.0, 0.0, 1.0]}, "1b321779a4374c2b952c51820daa9e6c_d1_1.png": {"intrinsics": {"fx": 1072.95, "fy": 1073.66, "cx": 637.218, "cy": 518.809}, "camera_to_world_matrix": [0.485499, 0.00215564, 0.874233, 0.0380885, 0.871269, -0.0834969, -0.483648, -3.70319, 0.0719536, 0.996505, -0.0424172, 3.26801, 0.0, 0.0, 0.0, 1.0]}, "1b321779a4374c2b952c51820daa9e6c_d1_2.png": {"intrinsics": {"fx": 1072.95, "fy": 1073.66, "cx": 637.218, "cy": 518.809}, "camera_to_world_matrix": [0.999855, 0.00309285, 0.016669, 0.04109, 0.0168617, -0.0790225, -0.99673, -3.7014, -0.00176508, 0.996867, -0.0790646, 3.26813, 0.0, 0.0, 0.0, 1.0]}, "1b321779a4374c2b952c51820daa9e6c_d1_3.png": {"intrinsics": {"fx": 1072.95, "fy": 1073.66, "cx": 637.218, "cy": 518.809}, "camera_to_world_matrix": [0.514355, 0.007449, -0.857544, 0.0441497, -0.854684, -0.0775922, -0.513314, -3.70309, -0.070362, 0.996957, -0.0335447, 3.26797, 0.0, 0.0, 0.0, 1.0]}, "1b321779a4374c2b952c51820daa9e6c_d1_4.png": {"intrinsics": {"fx": 1072.95, "fy": 1073.66, "cx": 637.218, "cy": 518.809}, "camera_to_world_matrix": [-0.48549, 0.0108679, -0.874174, 0.0442079, -0.871803, -0.0806363, 0.483172, -3.70658, -0.0652387, 0.996684, 0.0486215, 3.26769, 0.0, 0.0, 0.0, 1.0]}, "1b321779a4374c2b952c51820daa9e6c_d1_5.png": {"intrinsics": {"fx": 1072.95, "fy": 1073.66, "cx": 637.218, "cy": 518.809}, "camera_to_world_matrix": [-0.999812, 0.00993047, -0.0165893, 0.0412064, -0.0173754, -0.0851107, 0.99622, -3.70837, 0.00848136, 0.996321, 0.085266, 3.26756, 0.0, 0.0, 0.0, 1.0]}, "1b321779a4374c2b952c51820daa9e6c_d2_0.png": {"intrinsics": {"fx": 1070.22, "fy": 1070.67, "cx": 630.139, "cy": 515.582}, "camera_to_world_matrix": [-0.514428, -0.56595, 0.644256, 0.0288874, 0.853894, -0.407224, 0.324093, -3.71508, 0.0789359, 0.716848, 0.692749, 3.30045, 0.0, 0.0, 0.0, 1.0]}, "1b321779a4374c2b952c51820daa9e6c_d2_1.png": {"intrinsics": {"fx": 1070.22, "fy": 1070.67, "cx": 630.139, "cy": 515.582}, "camera_to_world_matrix": [0.485409, -0.581069, 0.653253, 0.0286449, 0.871167, 0.258366, -0.417514, -3.70058, 0.0738253, 0.771756, 0.631621, 3.30165, 0.0, 0.0, 0.0, 1.0]}, "1b321779a4374c2b952c51820daa9e6c_d2_2.png": {"intrinsics": {"fx": 1070.22, "fy": 1070.67, "cx": 630.139, "cy": 515.582}, "camera_to_world_matrix": [0.99986, -0.0102601, 0.0133326, 0.0411225, 0.0168224, 0.604513, -0.796419, -3.69312, 0.00011128, 0.79653, 0.604601, 3.30218, 0.0, 0.0, 0.0, 1.0]}, "1b321779a4374c2b952c51820daa9e6c_d2_3.png": {"intrinsics": {"fx": 1070.22, "fy": 1070.67, "cx": 630.139, "cy": 515.582}, "camera_to_world_matrix": [0.514463, 0.575655, -0.635571, 0.0538424, -0.854775, 0.285061, -0.433709, -3.70015, -0.0684905, 0.766396, 0.638709, 3.30152, 0.0, 0.0, 0.0, 1.0]}, "1b321779a4374c2b952c51820daa9e6c_d2_4.png": {"intrinsics": {"fx": 1070.22, "fy": 1070.67, "cx": 630.139, "cy": 515.582}, "camera_to_world_matrix": [-0.485375, 0.590748, -0.644539, 0.0540843, -0.872008, -0.38053, 0.307898, -3.71465, -0.0633767, 0.711488, 0.699836, 3.30032, 0.0, 0.0, 0.0, 1.0]}, "1b321779a4374c2b952c51820daa9e6c_d2_5.png": {"intrinsics": {"fx": 1070.22, "fy": 1070.67, "cx": 630.139, "cy": 515.582}, "camera_to_world_matrix": [-0.999792, 0.0199254, -0.00460369, 0.0416064, -0.0176436, -0.726654, 0.686778, -3.72211, 0.0103388, 0.686715, 0.726855, 3.29979, 0.0, 0.0, 0.0, 1.0]}, "1cee4c97015545f597400825b252e091_d0_0.png": {"intrinsics": {"fx": 1069.12, "fy": 1069.45, "cx": 630.902, "cy": 523.937}, "camera_to_world_matrix": [-0.459255, -0.58501, -0.668467, 5.55441, -0.888249, 0.294037, 0.352924, -11.4373, -0.00991016, 0.755847, -0.654673, 0.339462, 0.0, 0.0, 0.0, 1.0]}, "1cee4c97015545f597400825b252e091_d0_1.png": {"intrinsics": {"fx": 1069.12, "fy": 1069.45, "cx": 630.902, "cy": 523.937}, "camera_to_world_matrix": [-0.998818, -0.02, -0.0442916, 5.54219, -0.0466474, 0.65016, 0.758363, -11.4452, 0.0136294, 0.759533, -0.650326, 0.339378, 0.0, 0.0, 0.0, 1.0]}, "1cee4c97015545f597400825b252e091_d0_2.png": {"intrinsics": {"fx": 1069.12, "fy": 1069.45, "cx": 630.902, "cy": 523.937}, "camera_to_world_matrix": [-0.539487, 0.570895, 0.618895, 5.52924, 0.841447, 0.33907, 0.420711, -11.4385, 0.0303332, 0.747736, -0.663303, 0.339632, 0.0, 0.0, 0.0, 1.0]}, "1cee4c97015545f597400825b252e091_d0_3.png": {"intrinsics": {"fx": 1069.12, "fy": 1069.45, "cx": 630.902, "cy": 523.937}, "camera_to_world_matrix": [0.459397, 0.596768, 0.657892, 5.52851, 0.88792, -0.328137, -0.322373, -11.424, 0.0234971, 0.732253, -0.680627, 0.33997, 0.0, 0.0, 0.0, 1.0]}, "1cee4c97015545f597400825b252e091_d0_4.png": {"intrinsics": {"fx": 1069.12, "fy": 1069.45, "cx": 630.902, "cy": 523.937}, "camera_to_world_matrix": [0.998927, 0.0317434, 0.0337014, 5.54073, 0.0462972, -0.684238, -0.727787, -11.4161, -4.2662e-05, 0.728567, -0.684974, 0.340054, 0.0, 0.0, 0.0, 1.0]}, "1cee4c97015545f597400825b252e091_d0_5.png": {"intrinsics": {"fx": 1069.12, "fy": 1069.45, "cx": 630.902, "cy": 523.937}, "camera_to_world_matrix": [0.539561, -0.55914, -0.629472, 5.55368, -0.841779, -0.373124, -0.390109, -11.4227, -0.0167458, 0.740365, -0.671996, 0.3398, 0.0, 0.0, 0.0, 1.0]}, "1cee4c97015545f597400825b252e091_d1_0.png": {"intrinsics": {"fx": 1072.95, "fy": 1073.66, "cx": 637.218, "cy": 518.809}, "camera_to_world_matrix": [-0.455795, 0.0122121, -0.89, 5.54483, -0.889982, -0.0213135, 0.455494, -11.433, -0.0134061, 0.999698, 0.0205819, 0.372895, 0.0, 0.0, 0.0, 1.0]}, "1cee4c97015545f597400825b252e091_d1_1.png": {"intrinsics": {"fx": 1072.95, "fy": 1073.66, "cx": 637.218, "cy": 518.809}, "camera_to_world_matrix": [-0.998672, 0.0114263, -0.050213, 5.5419, -0.0504946, -0.0258305, 0.99839, -11.4349, 0.0101113, 0.9996, 0.0263718, 0.372875, 0.0, 0.0, 0.0, 1.0]}, "1cee4c97015545f597400825b252e091_d1_2.png": {"intrinsics": {"fx": 1072.95, "fy": 1073.66, "cx": 637.218, "cy": 518.809}, "camera_to_world_matrix": [-0.542828, 0.00712081, 0.839813, 5.53878, 0.839412, -0.0274092, 0.542802, -11.4333, 0.0268842, 0.999598, 0.00889988, 0.372936, 0.0, 0.0, 0.0, 1.0]}, "1cee4c97015545f597400825b252e091_d1_3.png": {"intrinsics": {"fx": 1072.95, "fy": 1073.66, "cx": 637.218, "cy": 518.809}, "camera_to_world_matrix": [0.455883, 0.00360123, 0.890031, 5.5386, 0.88981, -0.024471, -0.455671, -11.4298, 0.0201394, 0.999693, -0.0143616, 0.373017, 0.0, 0.0, 0.0, 1.0]}, "1cee4c97015545f597400825b252e091_d1_4.png": {"intrinsics": {"fx": 1072.95, "fy": 1073.66, "cx": 637.218, "cy": 518.809}, "camera_to_world_matrix": [0.998727, 0.00438722, 0.0502232, 5.54154, 0.0503014, -0.019954, -0.998534, -11.4279, -0.00337824, 0.999791, -0.0201507, 0.373038, 0.0, 0.0, 0.0, 1.0]}, "1cee4c97015545f597400825b252e091_d1_5.png": {"intrinsics": {"fx": 1072.95, "fy": 1073.66, "cx": 637.218, "cy": 518.809}, "camera_to_world_matrix": [0.542848, 0.00869279, -0.839785, 5.54466, -0.839587, -0.0183755, -0.542911, -11.4295, -0.0201505, 0.999793, -0.00267805, 0.372977, 0.0, 0.0, 0.0, 1.0]}, "1cee4c97015545f597400825b252e091_d2_0.png": {"intrinsics": {"fx": 1070.22, "fy": 1070.67, "cx": 630.139, "cy": 515.582}, "camera_to_world_matrix": [-0.455675, 0.602242, -0.655489, 5.55493, -0.890073, -0.31781, 0.326755, -11.4388, -0.0115353, 0.732326, 0.680858, 0.405942, 0.0, 0.0, 0.0, 1.0]}, "1cee4c97015545f597400825b252e091_d2_1.png": {"intrinsics": {"fx": 1070.22, "fy": 1070.67, "cx": 630.139, "cy": 515.582}, "camera_to_world_matrix": [-0.998646, 0.0434227, -0.0287004, 5.54271, -0.0506521, -0.683813, 0.727898, -11.4467, 0.0119812, 0.728365, 0.685087, 0.405858, 0.0, 0.0, 0.0, 1.0]}, "1cee4c97015545f597400825b252e091_d2_2.png": {"intrinsics": {"fx": 1070.22, "fy": 1070.67, "cx": 630.139, "cy": 515.582}, "camera_to_world_matrix": [-0.542907, -0.552937, 0.632071, 5.52976, 0.839302, -0.383024, 0.385834, -11.4401, 0.0287561, 0.739969, 0.672028, 0.406112, 0.0, 0.0, 0.0, 1.0]}, "1cee4c97015545f597400825b252e091_d2_3.png": {"intrinsics": {"fx": 1070.22, "fy": 1070.67, "cx": 630.139, "cy": 515.582}, "camera_to_world_matrix": [0.455793, -0.590463, 0.666039, 5.52903, 0.889815, 0.283762, -0.357365, -11.4255, 0.022014, 0.755535, 0.65474, 0.406451, 0.0, 0.0, 0.0, 1.0]}, "1cee4c97015545f597400825b252e091_d2_4.png": {"intrinsics": {"fx": 1070.22, "fy": 1070.67, "cx": 630.139, "cy": 515.582}, "camera_to_world_matrix": [0.998731, -0.0316289, 0.0392348, 5.54125, 0.050373, 0.649743, -0.758483, -11.4176, -0.00150283, 0.759496, 0.650512, 0.406535, 0.0, 0.0, 0.0, 1.0]}, "1cee4c97015545f597400825b252e091_d2_5.png": {"intrinsics": {"fx": 1070.22, "fy": 1070.67, "cx": 630.139, "cy": 515.582}, "camera_to_world_matrix": [0.542957, 0.564719, -0.621523, 5.5542, -0.839563, 0.348931, -0.416393, -11.4243, -0.018277, 0.747891, 0.663572, 0.406281, 0.0, 0.0, 0.0, 1.0]}, "1edaa01e4a684f99b080cffdd684e9aa_d0_0.png": {"intrinsics": {"fx": 1069.12, "fy": 1069.45, "cx": 630.902, "cy": 523.937}, "camera_to_world_matrix": [-0.873325, -0.316219, -0.370551, -1.97268, -0.486797, 0.594932, 0.639597, -0.315317, 0.0182001, 0.738959, -0.673504, 4.65772, 0.0, 0.0, 0.0, 1.0]}, "1edaa01e4a684f99b080cffdd684e9aa_d0_1.png": {"intrinsics": {"fx": 1069.12, "fy": 1069.45, "cx": 630.902, "cy": 523.937}, "camera_to_world_matrix": [-0.858368, 0.351486, 0.373713, -1.98723, 0.513002, 0.579835, 0.632945, -0.315156, 0.00577978, 0.735016, -0.678025, 4.65781, 0.0, 0.0, 0.0, 1.0]}, "1edaa01e4a684f99b080cffdd684e9aa_d0_2.png": {"intrinsics": {"fx": 1069.12, "fy": 1069.45, "cx": 630.902, "cy": 523.937}, "camera_to_world_matrix": [0.0150189, 0.6723, 0.740126, -1.99436, 0.999871, -0.00593393, -0.0148997, -0.302476, -0.00562514, 0.740254, -0.672303, 4.6577, 0.0, 0.0, 0.0, 1.0]}, "1edaa01e4a684f99b080cffdd684e9aa_d0_3.png": {"intrinsics": {"fx": 1069.12, "fy": 1069.45, "cx": 630.902, "cy": 523.937}, "camera_to_world_matrix": [0.873428, 0.325401, 0.362266, -1.98695, 0.48693, -0.576592, -0.656079, -0.289958, -0.00460941, 0.749436, -0.66206, 4.6575, 0.0, 0.0, 0.0, 1.0]}, "1edaa01e4a684f99b080cffdd684e9aa_d0_4.png": {"intrinsics": {"fx": 1069.12, "fy": 1069.45, "cx": 630.902, "cy": 523.937}, "camera_to_world_matrix": [0.858432, -0.342303, -0.381999, -1.9724, -0.512868, -0.561469, -0.649399, -0.29012, 0.00781114, 0.75338, -0.65754, 4.65741, 0.0, 0.0, 0.0, 1.0]}, "1edaa01e4a684f99b080cffdd684e9aa_d0_5.png": {"intrinsics": {"fx": 1069.12, "fy": 1069.45, "cx": 630.902, "cy": 523.937}, "camera_to_world_matrix": [-0.0149741, -0.663094, -0.748386, -1.96526, -0.999703, 0.0243125, -0.00153904, -0.3028, 0.0192157, 0.748141, -0.663262, 4.65752, 0.0, 0.0, 0.0, 1.0]}, "1edaa01e4a684f99b080cffdd684e9aa_d1_0.png": {"intrinsics": {"fx": 1072.95, "fy": 1073.66, "cx": 637.218, "cy": 518.809}, "camera_to_world_matrix": [-0.87144, 0.0106453, -0.490384, -1.97789, -0.490276, 0.0112676, 0.871493, -0.305278, 0.0148031, 0.999879, -0.00460125, 4.69088, 0.0, 0.0, 0.0, 1.0]}, "1edaa01e4a684f99b080cffdd684e9aa_d1_1.png": {"intrinsics": {"fx": 1072.95, "fy": 1073.66, "cx": 637.218, "cy": 518.809}, "camera_to_world_matrix": [-0.860412, 0.00749564, 0.509541, -1.98139, 0.50959, 0.00793504, 0.860379, -0.305239, 0.00240626, 0.99994, -0.0106484, 4.69091, 0.0, 0.0, 0.0, 1.0]}, "1edaa01e4a684f99b080cffdd684e9aa_d1_2.png": {"intrinsics": {"fx": 1072.95, "fy": 1073.66, "cx": 637.218, "cy": 518.809}, "camera_to_world_matrix": [0.0110678, 0.00303438, 0.999933, -1.98311, 0.999897, 0.00899654, -0.0110951, -0.302189, -0.00902921, 0.999954, -0.00293582, 4.69088, 0.0, 0.0, 0.0, 1.0]}, "1edaa01e4a684f99b080cffdd684e9aa_d1_3.png": {"intrinsics": {"fx": 1072.95, "fy": 1073.66, "cx": 637.218, "cy": 518.809}, "camera_to_world_matrix": [0.8715, 0.00172285, 0.490389, -1.98132, 0.490325, 0.0133906, -0.871436, -0.299178, -0.00806755, 0.999908, 0.0108238, 4.69083, 0.0, 0.0, 0.0, 1.0]}, "1edaa01e4a684f99b080cffdd684e9aa_d1_4.png": {"intrinsics": {"fx": 1072.95, "fy": 1073.66, "cx": 637.218, "cy": 518.809}, "camera_to_world_matrix": [0.860434, 0.00487261, -0.509537, -1.97782, -0.509541, 0.016723, -0.860283, -0.299217, 0.00432956, 0.999848, 0.0168705, 4.69081, 0.0, 0.0, 0.0, 1.0]}, "1edaa01e4a684f99b080cffdd684e9aa_d1_5.png": {"intrinsics": {"fx": 1072.95, "fy": 1073.66, "cx": 637.218, "cy": 518.809}, "camera_to_world_matrix": [-0.0110654, 0.00933382, -0.999895, -1.97611, -0.999813, 0.0156613, 0.011211, -0.302267, 0.0157647, 0.999833, 0.00915747, 4.69084, 0.0, 0.0, 0.0, 1.0]}, "1edaa01e4a684f99b080cffdd684e9aa_d2_0.png": {"intrinsics": {"fx": 1070.22, "fy": 1070.67, "cx": 630.139, "cy": 515.582}, "camera_to_world_matrix": [-0.871367, 0.335667, -0.35784, -1.97227, -0.490351, -0.571009, 0.658411, -0.314498, 0.016677, 0.749184, 0.662154, 4.72422, 0.0, 0.0, 0.0, 1.0]}, "1edaa01e4a684f99b080cffdd684e9aa_d2_1.png": {"intrinsics": {"fx": 1070.22, "fy": 1070.67, "cx": 630.139, "cy": 515.582}, "camera_to_world_matrix": [-0.860455, -0.332333, 0.386231, -1.98681, 0.509512, -0.567569, 0.646734, -0.314336, 0.00428089, 0.753273, 0.657696, 4.7243, 0.0, 0.0, 0.0, 1.0]}, "1edaa01e4a684f99b080cffdd684e9aa_d2_2.png": {"intrinsics": {"fx": 1070.22, "fy": 1070.67, "cx": 630.139, "cy": 515.582}, "camera_to_world_matrix": [0.0109644, -0.663391, 0.748193, -1.99395, 0.999916, 0.0126275, -0.00345606, -0.301656, -0.00715539, 0.748167, 0.663474, 4.72419, 0.0, 0.0, 0.0, 1.0]}, "1edaa01e4a684f99b080cffdd684e9aa_d2_3.png": {"intrinsics": {"fx": 1070.22, "fy": 1070.67, "cx": 630.139, "cy": 515.582}, "camera_to_world_matrix": [0.871451, -0.326441, 0.366077, -1.98654, 0.490446, 0.589371, -0.641954, -0.289138, -0.00619532, 0.738971, 0.67371, 4.72399, 0.0, 0.0, 0.0, 1.0]}, "1edaa01e4a684f99b080cffdd684e9aa_d2_4.png": {"intrinsics": {"fx": 1070.22, "fy": 1070.67, "cx": 630.139, "cy": 515.582}, "camera_to_world_matrix": [0.8605, 0.34156, -0.377994, -1.97199, -0.509416, 0.585905, -0.630247, -0.2893, 0.00620103, 0.734883, 0.678168, 4.7239, 0.0, 0.0, 0.0, 1.0]}, "1edaa01e4a684f99b080cffdd684e9aa_d2_5.png": {"intrinsics": {"fx": 1070.22, "fy": 1070.67, "cx": 630.139, "cy": 515.582}, "camera_to_world_matrix": [-0.0109387, 0.672595, -0.73993, -1.96485, -0.999786, 0.00569577, 0.0199569, -0.30198, 0.017637, 0.739989, 0.672389, 4.72402, 0.0, 0.0, 0.0, 1.0]}, "1eeba340f7204705bda0b0016a98e59a_d0_0.png": {"intrinsics": {"fx": 1069.12, "fy": 1069.45, "cx": 630.902, "cy": 523.937}, "camera_to_world_matrix": [0.809, -0.405495, -0.425549, 3.81087, -0.587768, -0.54968, -0.593616, -10.3415, 0.00679295, 0.73036, -0.683029, 0.683058, 0.0, 0.0, 0.0, 1.0]}, "1eeba340f7204705bda0b0016a98e59a_d0_1.png": {"intrinsics": {"fx": 1069.12, "fy": 1069.45, "cx": 630.902, "cy": 523.937}, "camera_to_world_matrix": [-0.10437, -0.672647, -0.732566, 3.81684, -0.994477, 0.0624113, 0.0843791, -10.3548, -0.0110369, 0.737327, -0.675446, 0.682909, 0.0, 0.0, 0.0, 1.0]}, "1eeba340f7204705bda0b0016a98e59a_d0_2.png": {"intrinsics": {"fx": 1069.12, "fy": 1069.45, "cx": 630.902, "cy": 523.937}, "camera_to_world_matrix": [-0.913451, -0.276142, -0.29892, 3.80834, -0.406799, 0.59969, 0.68912, -10.3666, -0.0110351, 0.751077, -0.660122, 0.682609, 0.0, 0.0, 0.0, 1.0]}, "1eeba340f7204705bda0b0016a98e59a_d0_3.png": {"intrinsics": {"fx": 1069.12, "fy": 1069.45, "cx": 630.902, "cy": 523.937}, "camera_to_world_matrix": [-0.809142, 0.387507, 0.441732, 3.79387, 0.587574, 0.524866, 0.615851, -10.3651, 0.00679663, 0.757861, -0.65238, 0.682459, 0.0, 0.0, 0.0, 1.0]}, "1eeba340f7204705bda0b0016a98e59a_d0_4.png": {"intrinsics": {"fx": 1069.12, "fy": 1069.45, "cx": 630.902, "cy": 523.937}, "camera_to_world_matrix": [0.104245, 0.654635, 0.748723, 3.78789, 0.994246, -0.0872358, -0.0621559, -10.3518, 0.0246261, 0.750895, -0.659963, 0.682607, 0.0, 0.0, 0.0, 1.0]}, "1eeba340f7204705bda0b0016a98e59a_d0_5.png": {"intrinsics": {"fx": 1069.12, "fy": 1069.45, "cx": 630.902, "cy": 523.937}, "camera_to_world_matrix": [0.913302, 0.258108, 0.315053, 3.7964, 0.406537, -0.624499, -0.666879, -10.34, 0.0246234, 0.737144, -0.675287, 0.682907, 0.0, 0.0, 0.0, 1.0]}, "1eeba340f7204705bda0b0016a98e59a_d1_0.png": {"intrinsics": {"fx": 1072.95, "fy": 1073.66, "cx": 637.218, "cy": 518.809}, "camera_to_world_matrix": [0.811358, -0.0130119, -0.584403, 3.80401, -0.584537, -0.0121661, -0.811275, -10.351, 0.00344675, 0.999841, -0.0174783, 0.716073, 0.0, 0.0, 0.0, 1.0]}, "1eeba340f7204705bda0b0016a98e59a_d1_1.png": {"intrinsics": {"fx": 1072.95, "fy": 1073.66, "cx": 637.218, "cy": 518.809}, "camera_to_world_matrix": [-0.100421, -0.00866361, -0.994907, 3.80545, -0.994839, -0.0136225, 0.100533, -10.3542, -0.0144237, 0.999869, -0.00725223, 0.716037, 0.0, 0.0, 0.0, 1.0]}, "1eeba340f7204705bda0b0016a98e59a_d1_2.png": {"intrinsics": {"fx": 1072.95, "fy": 1073.66, "cx": 637.218, "cy": 518.809}, "camera_to_world_matrix": [-0.911818, -0.00775018, -0.410519, 3.8034, -0.410336, -0.018116, 0.911754, -1