{"03ff19f1d0f64700b3b51346cdb554e0_d0_0.png": {"intrinsics": {"fx": 1073.51, "fy": 1073.99, "cx": 635.393, "cy": 516.959}, "camera_to_world_matrix": [0.292862, -0.663492, -0.688484, 0.404126, -0.95552, -0.176868, -0.236005, 10.9605, 0.0348164, 0.726978, -0.685778, -0.177433, 0.0, 0.0, 0.0, 1.0]}, "03ff19f1d0f64700b3b51346cdb554e0_d0_1.png": {"intrinsics": {"fx": 1073.51, "fy": 1073.99, "cx": 635.393, "cy": 516.959}, "camera_to_world_matrix": [-0.680996, -0.510885, -0.524633, 0.400862, -0.732254, 0.468332, 0.494438, 10.9463, -0.00689882, 0.720875, -0.693031, -0.177295, 0.0, 0.0, 0.0, 1.0]}, "03ff19f1d0f64700b3b51346cdb554e0_d0_2.png": {"intrinsics": {"fx": 1073.51, "fy": 1073.99, "cx": 635.393, "cy": 516.959}, "camera_to_world_matrix": [-0.974065, 0.123766, 0.189415, 0.38696, 0.22339, 0.659088, 0.718123, 10.9421, -0.035962, 0.741812, -0.669643, -0.177752, 0.0, 0.0, 0.0, 1.0]}, "03ff19f1d0f64700b3b51346cdb554e0_d0_3.png": {"intrinsics": {"fx": 1073.51, "fy": 1073.99, "cx": 635.393, "cy": 516.959}, "camera_to_world_matrix": [-0.293269, 0.605798, 0.739596, 0.376322, 0.955746, 0.204639, 0.211359, 10.952, -0.0233094, 0.768851, -0.639003, -0.178347, 0.0, 0.0, 0.0, 1.0]}, "03ff19f1d0f64700b3b51346cdb554e0_d0_4.png": {"intrinsics": {"fx": 1073.51, "fy": 1073.99, "cx": 635.393, "cy": 516.959}, "camera_to_world_matrix": [0.680581, 0.453167, 0.575716, 0.379587, 0.732441, -0.440555, -0.519077, 10.9662, 0.0184062, 0.774952, -0.631752, -0.178484, 0.0, 0.0, 0.0, 1.0]}, "03ff19f1d0f64700b3b51346cdb554e0_d0_5.png": {"intrinsics": {"fx": 1073.51, "fy": 1073.99, "cx": 635.393, "cy": 516.959}, "camera_to_world_matrix": [0.973613, -0.181493, -0.138341, 0.393489, -0.223214, -0.631286, -0.742734, 10.9704, 0.0474682, 0.754015, -0.65514, -0.178027, 0.0, 0.0, 0.0, 1.0]}, "03ff19f1d0f64700b3b51346cdb554e0_d1_0.png": {"intrinsics": {"fx": 1072.29, "fy": 1072.88, "cx": 636.224, "cy": 511.239}, "camera_to_world_matrix": [0.292511, -0.0410203, -0.955382, 0.392287, -0.955754, 0.0200454, -0.293485, 10.9579, 0.0311898, 0.998957, -0.0333416, -0.14456, 0.0, 0.0, 0.0, 1.0]}, "03ff19f1d0f64700b3b51346cdb554e0_d1_1.png": {"intrinsics": {"fx": 1072.29, "fy": 1072.88, "cx": 636.224, "cy": 511.239}, "camera_to_world_matrix": [-0.681246, -0.0384971, -0.731042, 0.391502, -0.731979, 0.0214561, 0.68099, 10.9545, -0.0105309, 0.999028, -0.0427958, -0.144527, 0.0, 0.0, 0.0, 1.0]}, "03ff19f1d0f64700b3b51346cdb554e0_d1_2.png": {"intrinsics": {"fx": 1072.29, "fy": 1072.88, "cx": 636.224, "cy": 511.239}, "camera_to_world_matrix": [-0.973824, -0.0360161, 0.224432, 0.388157, 0.223831, 0.0199759, 0.974423, 10.9535, -0.0395782, 0.999152, -0.0113913, -0.144637, 0.0, 0.0, 0.0, 1.0]}, "03ff19f1d0f64700b3b51346cdb554e0_d1_3.png": {"intrinsics": {"fx": 1072.29, "fy": 1072.88, "cx": 636.224, "cy": 511.239}, "camera_to_world_matrix": [-0.292639, -0.0360583, 0.955543, 0.385598, 0.955845, 0.0170851, 0.293376, 10.9558, -0.0269042, 0.999204, 0.0294666, -0.14478, 0.0, 0.0, 0.0, 1.0]}, "03ff19f1d0f64700b3b51346cdb554e0_d1_4.png": {"intrinsics": {"fx": 1072.29, "fy": 1072.88, "cx": 636.224, "cy": 511.239}, "camera_to_world_matrix": [0.681109, -0.0385816, 0.731165, 0.386384, 0.732032, 0.0156745, -0.68109, 10.9593, 0.0148168, 0.999133, 0.0389191, -0.144813, 0.0, 0.0, 0.0, 1.0]}, "03ff19f1d0f64700b3b51346cdb554e0_d1_5.png": {"intrinsics": {"fx": 1072.29, "fy": 1072.88, "cx": 636.224, "cy": 511.239}, "camera_to_world_matrix": [0.97365, -0.0410625, -0.22432, 0.389728, -0.22379, 0.0171548, -0.974487, 10.9603, 0.043863, 0.999009, 0.00751355, -0.144703, 0.0, 0.0, 0.0, 1.0]}, "03ff19f1d0f64700b3b51346cdb554e0_d2_0.png": {"intrinsics": {"fx": 1075.83, "fy": 1075.31, "cx": 640.954, "cy": 515.882}, "camera_to_world_matrix": [0.290597, 0.604717, -0.741533, 0.401563, -0.956387, 0.20757, -0.205523, 10.9618, 0.0296364, 0.768917, 0.638662, -0.110994, 0.0, 0.0, 0.0, 1.0]}, "03ff19f1d0f64700b3b51346cdb554e0_d2_1.png": {"intrinsics": {"fx": 1075.83, "fy": 1075.31, "cx": 640.954, "cy": 515.882}, "camera_to_world_matrix": [-0.682697, 0.455157, -0.571626, 0.398299, -0.730601, -0.438155, 0.523681, 10.9476, -0.0121038, 0.775146, 0.631666, -0.110856, 0.0, 0.0, 0.0, 1.0]}, "03ff19f1d0f64700b3b51346cdb554e0_d2_2.png": {"intrinsics": {"fx": 1075.83, "fy": 1075.31, "cx": 640.954, "cy": 515.882}, "camera_to_world_matrix": [-0.973304, -0.178427, 0.144373, 0.384397, 0.225814, -0.631814, 0.741499, 10.9433, -0.0410863, 0.754305, 0.655238, -0.111313, 0.0, 0.0, 0.0, 1.0]}, "03ff19f1d0f64700b3b51346cdb554e0_d2_3.png": {"intrinsics": {"fx": 1075.83, "fy": 1075.31, "cx": 640.954, "cy": 515.882}, "camera_to_world_matrix": [-0.29061, -0.662438, 0.69045, 0.373759, 0.956422, -0.179743, 0.230107, 10.9532, -0.028328, 0.727234, 0.685805, -0.111908, 0.0, 0.0, 0.0, 1.0]}, "03ff19f1d0f64700b3b51346cdb554e0_d2_4.png": {"intrinsics": {"fx": 1075.83, "fy": 1075.31, "cx": 640.954, "cy": 515.882}, "camera_to_world_matrix": [0.682675, -0.512853, 0.520515, 0.377024, 0.730599, 0.465976, -0.499091, 10.9674, 0.0134126, 0.721005, 0.6928, -0.112045, 0.0, 0.0, 0.0, 1.0]}, "03ff19f1d0f64700b3b51346cdb554e0_d2_5.png": {"intrinsics": {"fx": 1075.83, "fy": 1075.31, "cx": 640.954, "cy": 515.882}, "camera_to_world_matrix": [0.973244, 0.120739, -0.195493, 0.390926, -0.225828, 0.659609, -0.71688, 10.9717, 0.0423938, 0.741847, 0.669227, -0.111588, 0.0, 0.0, 0.0, 1.0]}, "082f6f6ac7c241669643586b39ce562b_d0_0.png": {"intrinsics": {"fx": 1073.51, "fy": 1073.99, "cx": 635.393, "cy": 516.959}, "camera_to_world_matrix": [0.93439, -0.245718, -0.257949, -1.25702, -0.356169, -0.628788, -0.691208, 10.1458, 0.00764679, 0.737732, -0.675051, 1.5283, 0.0, 0.0, 0.0, 1.0]}, "082f6f6ac7c241669643586b39ce562b_d0_1.png": {"intrinsics": {"fx": 1073.51, "fy": 1073.99, "cx": 635.393, "cy": 516.959}, "camera_to_world_matrix": [0.158846, -0.660899, -0.733471, -1.24784, -0.987276, -0.11186, -0.113019, 10.1345, -0.00735174, 0.742091, -0.670259, 1.5282, 0.0, 0.0, 0.0, 1.0]}, "082f6f6ac7c241669643586b39ce562b_d0_2.png": {"intrinsics": {"fx": 1073.51, "fy": 1073.99, "cx": 635.393, "cy": 516.959}, "camera_to_world_matrix": [-0.775591, -0.420814, -0.470504, -1.25303, -0.631168, 0.506082, 0.5878, 10.1209, -0.00924084, 0.752859, -0.658117, 1.52797, 0.0, 0.0, 0.0, 1.0]}, "082f6f6ac7c241669643586b39ce562b_d0_3.png": {"intrinsics": {"fx": 1073.51, "fy": 1073.99, "cx": 635.393, "cy": 516.959}, "camera_to_world_matrix": [-0.934463, 0.234447, 0.26798, -1.2674, 0.356039, 0.607082, 0.710414, 10.1186, 0.00386862, 0.759267, -0.650768, 1.52782, 0.0, 0.0, 0.0, 1.0]}, "082f6f6ac7c241669643586b39ce562b_d0_4.png": {"intrinsics": {"fx": 1073.51, "fy": 1073.99, "cx": 635.393, "cy": 516.959}, "camera_to_world_matrix": [-0.158894, 0.649608, 0.743479, -1.27657, 0.987115, 0.0901377, 0.132206, 10.1299, 0.0188669, 0.754907, -0.655561, 1.52792, 0.0, 0.0, 0.0, 1.0]}, "082f6f6ac7c241669643586b39ce562b_d0_5.png": {"intrinsics": {"fx": 1073.51, "fy": 1073.99, "cx": 635.393, "cy": 516.959}, "camera_to_world_matrix": [0.775529, 0.409499, 0.480484, -1.27139, 0.630971, -0.527795, -0.568602, 10.1435, 0.0207554, 0.744139, -0.667702, 1.52816, 0.0, 0.0, 0.0, 1.0]}, "082f6f6ac7c241669643586b39ce562b_d1_0.png": {"intrinsics": {"fx": 1072.29, "fy": 1072.88, "cx": 636.224, "cy": 511.239}, "camera_to_world_matrix": [0.934246, -0.0102389, -0.356482, -1.26121, -0.356606, -0.0155393, -0.934126, 10.135, 0.00402487, 0.999827, -0.0181686, 1.56136, 0.0, 0.0, 0.0, 1.0]}, "082f6f6ac7c241669643586b39ce562b_d1_1.png": {"intrinsics": {"fx": 1072.29, "fy": 1072.88, "cx": 636.224, "cy": 511.239}, "camera_to_world_matrix": [0.158364, -0.0097991, -0.987332, -1.259, -0.98732, -0.0126817, -0.158236, 10.1323, -0.0109705, 0.999872, -0.011683, 1.56134, 0.0, 0.0, 0.0, 1.0]}, "082f6f6ac7c241669643586b39ce562b_d1_2.png": {"intrinsics": {"fx": 1072.29, "fy": 1072.88, "cx": 636.224, "cy": 511.239}, "camera_to_world_matrix": [-0.775902, -0.00710419, -0.630814, -1.26025, -0.630723, -0.011634, 0.775922, 10.129, -0.0128512, 0.999907, 0.00454627, 1.56128, 0.0, 0.0, 0.0, 1.0]}, "082f6f6ac7c241669643586b39ce562b_d1_3.png": {"intrinsics": {"fx": 1072.29, "fy": 1072.88, "cx": 636.224, "cy": 511.239}, "camera_to_world_matrix": [-0.934265, -0.00484912, 0.356548, -1.26371, 0.356581, -0.013444, 0.934168, 10.1285, 0.000263478, 0.999898, 0.0142895, 1.56125, 0.0, 0.0, 0.0, 1.0]}, "082f6f6ac7c241669643586b39ce562b_d1_4.png": {"intrinsics": {"fx": 1072.29, "fy": 1072.88, "cx": 636.224, "cy": 511.239}, "camera_to_world_matrix": [-0.158358, -0.00528902, 0.987368, -1.26592, 0.987264, -0.0163016, 0.158254, 10.1312, 0.0152586, 0.999853, 0.00780332, 1.56127, 0.0, 0.0, 0.0, 1.0]}, "082f6f6ac7c241669643586b39ce562b_d1_5.png": {"intrinsics": {"fx": 1072.29, "fy": 1072.88, "cx": 636.224, "cy": 511.239}, "camera_to_world_matrix": [0.775895, -0.00798397, 0.630812, -1.26467, 0.63063, -0.0173492, -0.77589, 10.1345, 0.0171387, 0.999818, -0.00842601, 1.56133, 0.0, 0.0, 0.0, 1.0]}, "082f6f6ac7c241669643586b39ce562b_d2_0.png": {"intrinsics": {"fx": 1075.83, "fy": 1075.31, "cx": 640.954, "cy": 515.882}, "camera_to_world_matrix": [0.933522, 0.231474, -0.273782, -1.25752, -0.358512, 0.608031, -0.708356, 10.1449, 0.00250163, 0.75942, 0.650596, 1.59479, 0.0, 0.0, 0.0, 1.0]}, "082f6f6ac7c241669643586b39ce562b_d2_1.png": {"intrinsics": {"fx": 1075.83, "fy": 1075.31, "cx": 640.954, "cy": 515.882}, "camera_to_world_matrix": [0.156338, 0.648945, -0.7446, -1.24834, -0.987625, 0.0931839, -0.126151, 10.1336, -0.0124804, 0.755108, 0.655482, 1.59469, 0.0, 0.0, 0.0, 1.0]}, "082f6f6ac7c241669643586b39ce562b_d2_2.png": {"intrinsics": {"fx": 1075.83, "fy": 1075.31, "cx": 640.954, "cy": 515.882}, "camera_to_world_matrix": [-0.777192, 0.411807, -0.475802, -1.25353, -0.6291, -0.5257, 0.572602, 10.12, -0.0143276, 0.744349, 0.667637, 1.59446, 0.0, 0.0, 0.0, 1.0]}, "082f6f6ac7c241669643586b39ce562b_d2_3.png": {"intrinsics": {"fx": 1075.83, "fy": 1075.31, "cx": 640.954, "cy": 515.882}, "camera_to_world_matrix": [-0.933518, -0.242796, 0.263808, -1.2679, 0.358529, -0.629723, 0.689134, 10.1177, -0.00119279, 0.737902, 0.674907, 1.59432, 0.0, 0.0, 0.0, 1.0]}, "082f6f6ac7c241669643586b39ce562b_d2_4.png": {"intrinsics": {"fx": 1075.83, "fy": 1075.31, "cx": 640.954, "cy": 515.882}, "camera_to_world_matrix": [-0.156309, -0.660246, 0.734604, -1.27708, 0.987612, -0.11486, 0.106911, 10.129, 0.013789, 0.742214, 0.67002, 1.59441, 0.0, 0.0, 0.0, 1.0]}, "082f6f6ac7c241669643586b39ce562b_d2_5.png": {"intrinsics": {"fx": 1075.83, "fy": 1075.31, "cx": 640.954, "cy": 515.882}, "camera_to_world_matrix": [0.777207, -0.423084, 0.465778, -1.27189, 0.629051, 0.504015, -0.591832, 10.1426, 0.0156355, 0.752974, 0.657865, 1.59465, 0.0, 0.0, 0.0, 1.0]}, "0e6e6b0332d745178dd37fc1d4a710a2_d0_0.png": {"intrinsics": {"fx": 1073.51, "fy": 1073.99, "cx": 635.393, "cy": 516.959}, "camera_to_world_matrix": [0.99925, -0.0278789, -0.0268734, -1.26922, -0.0385888, -0.659392, -0.750808, 9.54638, 0.0032117, 0.751282, -0.659973, 3.95653, 0.0, 0.0, 0.0, 1.0]}, "0e6e6b0332d745178dd37fc1d4a710a2_d0_1.png": {"intrinsics": {"fx": 1073.51, "fy": 1073.99, "cx": 635.393, "cy": 516.959}, "camera_to_world_matrix": [0.466192, -0.586541, -0.662295, -1.25691, -0.884647, -0.302312, -0.354973, 9.53862, 0.0079865, 0.751383, -0.659818, 3.95653, 0.0, 0.0, 0.0, 1.0]}, "0e6e6b0332d745178dd37fc1d4a710a2_d0_2.png": {"intrinsics": {"fx": 1073.51, "fy": 1073.99, "cx": 635.393, "cy": 516.959}, "camera_to_world_matrix": [-0.533053, -0.556627, -0.637197, -1.25748, -0.846016, 0.360038, 0.39323, 9.52408, 0.0105328, 0.748692, -0.662835, 3.95659, 0.0, 0.0, 0.0, 1.0]}, "0e6e6b0332d745178dd37fc1d4a710a2_d0_3.png": {"intrinsics": {"fx": 1073.51, "fy": 1073.99, "cx": 635.393, "cy": 516.959}, "camera_to_world_matrix": [-0.999217, 0.0319481, 0.0233215, -1.27036, 0.0386731, 0.665293, 0.74558, 9.51731, 0.00830432, 0.745899, -0.666008, 3.95665, 0.0, 0.0, 0.0, 1.0]}, "0e6e6b0332d745178dd37fc1d4a710a2_d0_4.png": {"intrinsics": {"fx": 1073.51, "fy": 1073.99, "cx": 635.393, "cy": 516.959}, "camera_to_world_matrix": [-0.466126, 0.590596, 0.658728, -1.28267, 0.884711, 0.308191, 0.34972, 9.52507, 0.00352954, 0.745798, -0.666163, 3.95665, 0.0, 0.0, 0.0, 1.0]}, "0e6e6b0332d745178dd37fc1d4a710a2_d0_5.png": {"intrinsics": {"fx": 1073.51, "fy": 1073.99, "cx": 635.393, "cy": 516.959}, "camera_to_world_matrix": [0.533117, 0.560656, 0.633601, -1.2821, 0.846041, -0.354158, -0.398482, 9.53961, 0.000983357, 0.748489, -0.663146, 3.9566, 0.0, 0.0, 0.0, 1.0]}, "0e6e6b0332d745178dd37fc1d4a710a2_d1_0.png": {"intrinsics": {"fx": 1072.29, "fy": 1072.88, "cx": 636.224, "cy": 511.239}, "camera_to_world_matrix": [0.999234, 0.000482192, -0.0391205, -1.26956, -0.0391215, 0.00208734, -0.999232, 9.53547, -0.000400216, 0.999998, 0.00210479, 3.98983, 0.0, 0.0, 0.0, 1.0]}, "0e6e6b0332d745178dd37fc1d4a710a2_d1_1.png": {"intrinsics": {"fx": 1072.29, "fy": 1072.88, "cx": 636.224, "cy": 511.239}, "camera_to_world_matrix": [0.46573, -1.47484e-05, -0.884927, -1.2666, -0.884916, 0.00493591, -0.465725, 9.53361, 0.00437474, 0.999988, 0.00228593, 3.98983, 0.0, 0.0, 0.0, 1.0]}, "0e6e6b0332d745178dd37fc1d4a710a2_d1_2.png": {"intrinsics": {"fx": 1072.29, "fy": 1072.88, "cx": 636.224, "cy": 511.239}, "camera_to_world_matrix": [-0.533509, 0.00220375, -0.845792, -1.26674, -0.845766, 0.00679051, 0.533511, 9.53011, 0.00691902, 0.999975, -0.00175876, 3.98984, 0.0, 0.0, 0.0, 1.0]}, "0e6e6b0332d745178dd37fc1d4a710a2_d1_3.png": {"intrinsics": {"fx": 1072.29, "fy": 1072.88, "cx": 636.224, "cy": 511.239}, "camera_to_world_matrix": [-0.999222, 0.00491913, 0.039149, -1.26984, 0.0391773, 0.00579649, 0.999216, 9.52848, 0.0046883, 0.999971, -0.00598451, 3.98986, 0.0, 0.0, 0.0, 1.0]}, "0e6e6b0332d745178dd37fc1d4a710a2_d1_4.png": {"intrinsics": {"fx": 1072.29, "fy": 1072.88, "cx": 636.224, "cy": 511.239}, "camera_to_world_matrix": [-0.465684, 0.00541596, 0.884935, -1.2728, 0.884951, 0.00294789, 0.465675, 9.53035, -8.66672e-05, 0.999981, -0.00616547, 3.98986, 0.0, 0.0, 0.0, 1.0]}, "0e6e6b0332d745178dd37fc1d4a710a2_d1_5.png": {"intrinsics": {"fx": 1072.29, "fy": 1072.88, "cx": 636.224, "cy": 511.239}, "camera_to_world_matrix": [0.533554, 0.00319739, 0.84576, -1.27266, 0.845762, 0.00109339, -0.533559, 9.53384, -0.00263079, 0.999994, -0.00212067, 3.98984, 0.0, 0.0, 0.0, 1.0]}, "0e6e6b0332d745178dd37fc1d4a710a2_d2_0.png": {"intrinsics": {"fx": 1075.83, "fy": 1075.31, "cx": 640.954, "cy": 515.882}, "camera_to_world_matrix": [0.99915, 0.0288291, -0.0294778, -1.26904, -0.0411888, 0.665244, -0.745489, 9.54665, -0.00188181, 0.746069, 0.665866, 4.02303, 0.0, 0.0, 0.0, 1.0]}, "0e6e6b0332d745178dd37fc1d4a710a2_d2_1.png": {"intrinsics": {"fx": 1075.83, "fy": 1075.31, "cx": 640.954, "cy": 515.882}, "camera_to_world_matrix": [0.4639, 0.588994, -0.661726, -1.25673, -0.885883, 0.310869, -0.344344, 9.53888, 0.00289351, 0.745953, 0.665992, 4.02303, 0.0, 0.0, 0.0, 1.0]}, "0e6e6b0332d745178dd37fc1d4a710a2_d2_2.png": {"intrinsics": {"fx": 1075.83, "fy": 1075.31, "cx": 640.954, "cy": 515.882}, "camera_to_world_matrix": [-0.535258, 0.562174, -0.630444, -1.2573, -0.844671, -0.351431, 0.403766, 9.52435, 0.00542947, 0.748636, 0.662958, 4.02309, 0.0, 0.0, 0.0, 1.0]}, "0e6e6b0332d745178dd37fc1d4a710a2_d2_3.png": {"intrinsics": {"fx": 1075.83, "fy": 1075.31, "cx": 640.954, "cy": 515.882}, "camera_to_world_matrix": [-0.999144, -0.0248106, 0.0330871, -1.27018, 0.0412329, -0.65934, 0.750713, 9.51757, 0.00319001, 0.751435, 0.659799, 4.02315, 0.0, 0.0, 0.0, 1.0]}, "0e6e6b0332d745178dd37fc1d4a710a2_d2_4.png": {"intrinsics": {"fx": 1075.83, "fy": 1075.31, "cx": 640.954, "cy": 515.882}, "camera_to_world_matrix": [-0.463862, -0.584962, 0.66532, -1.28249, 0.885906, -0.304943, 0.349544, 9.52533, -0.00158529, 0.751551, 0.659673, 4.02315, 0.0, 0.0, 0.0, 1.0]}, "0e6e6b0332d745178dd37fc1d4a710a2_d2_5.png": {"intrinsics": {"fx": 1075.83, "fy": 1075.31, "cx": 640.954, "cy": 515.882}, "camera_to_world_matrix": [0.535295, -0.558116, 0.634008, -1.28192, 0.844655, 0.357356, -0.398565, 9.53987, -0.00412112, 0.748868, 0.662706, 4.02309, 0.0, 0.0, 0.0, 1.0]}, "0f69425af2544c6f981c0ae9a7f9b829_d0_0.png": {"intrinsics": {"fx": 1073.51, "fy": 1073.99, "cx": 635.393, "cy": 516.959}, "camera_to_world_matrix": [0.939314, 0.218532, 0.264449, 0.658465, 0.342714, -0.632326, -0.694774, 2.4484, 0.015388, 0.743241, -0.668847, 3.96965, 0.0, 0.0, 0.0, 1.0]}, "0f69425af2544c6f981c0ae9a7f9b829_d0_1.png": {"intrinsics": {"fx": 1073.51, "fy": 1073.99, "cx": 635.393, "cy": 516.959}, "camera_to_world_matrix": [0.766549, -0.433756, -0.473558, 0.672795, -0.642174, -0.513494, -0.569153, 2.44588, 0.00370436, 0.740391, -0.672166, 3.96972, 0.0, 0.0, 0.0, 1.0]}, "0f69425af2544c6f981c0ae9a7f9b829_d0_2.png": {"intrinsics": {"fx": 1073.51, "fy": 1073.99, "cx": 635.393, "cy": 516.959}, "camera_to_world_matrix": [-0.172818, -0.657016, -0.733801, 0.677776, -0.984936, 0.110794, 0.132762, 2.43221, -0.00592586, 0.745691, -0.666266, 3.9696, 0.0, 0.0, 0.0, 1.0]}, "0f69425af2544c6f981c0ae9a7f9b829_d0_3.png": {"intrinsics": {"fx": 1073.51, "fy": 1073.99, "cx": 635.393, "cy": 516.959}, "camera_to_world_matrix": [-0.9394, -0.227982, -0.256031, 0.668428, -0.342801, 0.616237, 0.709041, 2.42106, -0.00387225, 0.753841, -0.657046, 3.96942, 0.0, 0.0, 0.0, 1.0]}, "0f69425af2544c6f981c0ae9a7f9b829_d0_4.png": {"intrinsics": {"fx": 1073.51, "fy": 1073.99, "cx": 635.393, "cy": 516.959}, "camera_to_world_matrix": [-0.766597, 0.424302, 0.481971, 0.654098, 0.642081, 0.49738, 0.583391, 2.42358, 0.00781156, 0.756691, -0.653726, 3.96936, 0.0, 0.0, 0.0, 1.0]}, "0f69425af2544c6f981c0ae9a7f9b829_d0_5.png": {"intrinsics": {"fx": 1073.51, "fy": 1073.99, "cx": 635.393, "cy": 516.959}, "camera_to_world_matrix": [0.172784, 0.647537, 0.742187, 0.649117, 0.984805, -0.126918, -0.118534, 2.43725, 0.0174415, 0.75139, -0.659627, 3.96947, 0.0, 0.0, 0.0, 1.0]}, "0f69425af2544c6f981c0ae9a7f9b829_d1_0.png": {"intrinsics": {"fx": 1072.29, "fy": 1072.88, "cx": 636.224, "cy": 511.239}, "camera_to_world_matrix": [0.939528, -0.00767809, 0.342387, 0.662038, 0.342271, -0.0133086, -0.939507, 2.43766, 0.0117703, 0.999882, -0.00987561, 4.00281, 0.0, 0.0, 0.0, 1.0]}, "0f69425af2544c6f981c0ae9a7f9b829_d1_1.png": {"intrinsics": {"fx": 1072.29, "fy": 1072.88, "cx": 636.224, "cy": 511.239}, "camera_to_world_matrix": [0.76625, -0.00921721, -0.642476, 0.665485, -0.642542, -0.0108607, -0.766174, 2.43705, 8.42097e-05, 0.999899, -0.0142443, 4.00283, 0.0, 0.0, 0.0, 1.0]}, "0f69425af2544c6f981c0ae9a7f9b829_d1_2.png": {"intrinsics": {"fx": 1072.29, "fy": 1072.88, "cx": 636.224, "cy": 511.239}, "camera_to_world_matrix": [-0.173308, -0.00786679, -0.984836, 0.666683, -0.984822, -0.00830402, 0.173372, 2.43377, -0.00954203, 0.999935, -0.00630805, 4.0028, 0.0, 0.0, 0.0, 1.0]}, "0f69425af2544c6f981c0ae9a7f9b829_d1_3.png": {"intrinsics": {"fx": 1072.29, "fy": 1072.88, "cx": 636.224, "cy": 511.239}, "camera_to_world_matrix": [-0.939568, -0.00497729, -0.342326, 0.664434, -0.34228, -0.00819533, 0.939562, 2.43108, -0.007482, 0.999954, 0.00599662, 4.00276, 0.0, 0.0, 0.0, 1.0]}, "0f69425af2544c6f981c0ae9a7f9b829_d1_4.png": {"intrinsics": {"fx": 1072.29, "fy": 1072.88, "cx": 636.224, "cy": 511.239}, "camera_to_world_matrix": [-0.766253, -0.00343827, 0.64253, 0.660987, 0.642526, -0.0106433, 0.76619, 2.43169, 0.00420422, 0.999937, 0.0103648, 4.00274, 0.0, 0.0, 0.0, 1.0]}, "0f69425af2544c6f981c0ae9a7f9b829_d1_5.png": {"intrinsics": {"fx": 1072.29, "fy": 1072.88, "cx": 636.224, "cy": 511.239}, "camera_to_world_matrix": [0.17332, -0.00478879, 0.984854, 0.659789, 0.984769, -0.0131999, -0.173369, 2.43498, 0.0138302, 0.999902, 0.00242823, 4.00277, 0.0, 0.0, 0.0, 1.0]}, "0f69425af2544c6f981c0ae9a7f9b829_d2_0.png": {"intrinsics": {"fx": 1075.83, "fy": 1075.31, "cx": 640.954, "cy": 515.882}, "camera_to_world_matrix": [0.940243, -0.230851, 0.250301, 0.658044, 0.340349, 0.615008, -0.711286, 2.44768, 0.010264, 0.753971, 0.656827, 4.03615, 0.0, 0.0, 0.0, 1.0]}, "0f69425af2544c6f981c0ae9a7f9b829_d2_1.png": {"intrinsics": {"fx": 1075.83, "fy": 1075.31, "cx": 640.954, "cy": 515.882}, "camera_to_world_matrix": [0.764934, 0.421804, -0.486782, 0.672374, -0.644107, 0.499249, -0.579549, 2.44516, -0.00143103, 0.756857, 0.653579, 4.03621, 0.0, 0.0, 0.0, 1.0]}, "0f69425af2544c6f981c0ae9a7f9b829_d2_2.png": {"intrinsics": {"fx": 1075.83, "fy": 1075.31, "cx": 640.954, "cy": 515.882}, "camera_to_world_matrix": [-0.17533, 0.647907, -0.741266, 0.677355, -0.984448, -0.123822, 0.124623, 2.43149, -0.0110409, 0.751588, 0.659541, 4.0361, 0.0, 0.0, 0.0, 1.0]}, "0f69425af2544c6f981c0ae9a7f9b829_d2_3.png": {"intrinsics": {"fx": 1075.83, "fy": 1075.31, "cx": 640.954, "cy": 515.882}, "camera_to_world_matrix": [-0.940265, 0.221351, -0.258662, 0.668007, -0.340326, -0.631118, 0.697042, 2.42034, -0.00895546, 0.743434, 0.66875, 4.03592, 0.0, 0.0, 0.0, 1.0]}, "0f69425af2544c6f981c0ae9a7f9b829_d2_4.png": {"intrinsics": {"fx": 1075.83, "fy": 1075.31, "cx": 640.954, "cy": 515.882}, "camera_to_world_matrix": [-0.764917, -0.4313, 0.478416, 0.653677, 0.644122, -0.515333, 0.565277, 2.42287, 0.0027398, 0.740548, 0.671997, 4.03585, 0.0, 0.0, 0.0, 1.0]}, "0f69425af2544c6f981c0ae9a7f9b829_d2_5.png": {"intrinsics": {"fx": 1075.83, "fy": 1075.31, "cx": 640.954, "cy": 515.882}, "camera_to_world_matrix": [0.175361, -0.657379, 0.732872, 0.648696, 0.984427, 0.107746, -0.138905, 2.43654, 0.0123493, 0.745818, 0.666036, 4.03597, 0.0, 0.0, 0.0, 1.0]}, "128f2cd37ef241cea64bc179a8be82ae_d0_0.png": {"intrinsics": {"fx": 1073.51, "fy": 1073.99, "cx": 635.393, "cy": 516.959}, "camera_to_world_matrix": [0.877011, -0.321563, -0.357, -1.84747, -0.480427, -0.577017, -0.660485, 1.04783, 0.00639258, 0.750765, -0.660538, 3.96704, 0.0, 0.0, 0.0, 1.0]}, "128f2cd37ef241cea64bc179a8be82ae_d0_1.png": {"intrinsics": {"fx": 1073.51, "fy": 1073.99, "cx": 635.393, "cy": 516.959}, "camera_to_world_matrix": [0.0224178, -0.662176, -0.749012, -1.83992, -0.999709, -0.00816789, -0.0227001, 1.03539, 0.00891363, 0.749303, -0.662167, 3.96707, 0.0, 0.0, 0.0, 1.0]}, "128f2cd37ef241cea64bc179a8be82ae_d0_2.png": {"intrinsics": {"fx": 1073.51, "fy": 1073.99, "cx": 635.393, "cy": 516.959}, "camera_to_world_matrix": [-0.854588, -0.339836, -0.392671, -1.84691, -0.51924, 0.571229, 0.635678, 1.02264, 0.00827911, 0.747133, -0.664623, 3.96712, 0.0, 0.0, 0.0, 1.0]}, "128f2cd37ef241cea64bc179a8be82ae_d0_3.png": {"intrinsics": {"fx": 1073.51, "fy": 1073.99, "cx": 635.393, "cy": 516.959}, "camera_to_world_matrix": [-0.876981, 0.32311, 0.355675, -1.86146, 0.480498, 0.581764, 0.656255, 1.02232, 0.00512355, 0.746425, -0.66545, 3.96714, 0.0, 0.0, 0.0, 1.0]}, "128f2cd37ef241cea64bc179a8be82ae_d0_4.png": {"intrinsics": {"fx": 1073.51, "fy": 1073.99, "cx": 635.393, "cy": 516.959}, "camera_to_world_matrix": [-0.0223671, 0.663701, 0.747663, -1.86901, 0.999746, 0.0129018, 0.0184552, 1.03476, 0.00260259, 0.747886, -0.663822, 3.9671, 0.0, 0.0, 0.0, 1.0]}, "128f2cd37ef241cea64bc179a8be82ae_d0_5.png": {"intrinsics": {"fx": 1073.51, "fy": 1073.99, "cx": 635.393, "cy": 516.959}, "camera_to_world_matrix": [0.85462, 0.341338, 0.391296, -1.86201, 0.519244, -0.566483, -0.639908, 1.04751, 0.00323724, 0.750057, -0.661366, 3.96706, 0.0, 0.0, 0.0, 1.0]}, "128f2cd37ef241cea64bc179a8be82ae_d1_0.png": {"intrinsics": {"fx": 1072.29, "fy": 1072.88, "cx": 636.224, "cy": 511.239}, "camera_to_world_matrix": [0.876771, -0.00179473, -0.480905, -1.85275, -0.4809, 0.00250937, -0.876772, 1.03825, 0.00278028, 0.999995, 0.00133724, 4.00033, 0.0, 0.0, 0.0, 1.0]}, "128f2cd37ef241cea64bc179a8be82ae_d1_1.png": {"intrinsics": {"fx": 1072.29, "fy": 1072.88, "cx": 636.224, "cy": 511.239}, "camera_to_world_matrix": [0.0218963, -0.00096829, -0.99976, -1.85093, -0.999746, 0.00528035, -0.0219012, 1.03526, 0.00530024, 0.999986, -0.000852244, 4.00033, 0.0, 0.0, 0.0, 1.0]}, "128f2cd37ef241cea64bc179a8be82ae_d1_2.png": {"intrinsics": {"fx": 1072.29, "fy": 1072.88, "cx": 636.224, "cy": 511.239}, "camera_to_world_matrix": [-0.854873, 0.00184469, -0.518834, -1.85261, -0.518817, 0.00595009, 0.854865, 1.03219, 0.00466402, 0.999981, -0.00412933, 4.00035, 0.0, 0.0, 0.0, 1.0]}, "128f2cd37ef241cea64bc179a8be82ae_d1_3.png": {"intrinsics": {"fx": 1072.29, "fy": 1072.88, "cx": 636.224, "cy": 511.239}, "camera_to_world_matrix": [-0.876748, 0.00383117, 0.480935, -1.85611, 0.480948, 0.00384883, 0.876741, 1.03211, 0.00150785, 0.999985, -0.00521686, 4.00035, 0.0, 0.0, 0.0, 1.0]}, "128f2cd37ef241cea64bc179a8be82ae_d1_4.png": {"intrinsics": {"fx": 1072.29, "fy": 1072.88, "cx": 636.224, "cy": 511.239}, "camera_to_world_matrix": [-0.021853, 0.00300462, 0.999757, -1.85793, 0.999761, 0.00107788, 0.0218498, 1.03511, -0.00101202, 0.999995, -0.00302728, 4.00034, 0.0, 0.0, 0.0, 1.0]}, "128f2cd37ef241cea64bc179a8be82ae_d1_5.png": {"intrinsics": {"fx": 1072.29, "fy": 1072.88, "cx": 636.224, "cy": 511.239}, "camera_to_world_matrix": [0.854898, 0.000191618, 0.518797, -1.85624, 0.518797, 0.000408258, -0.854898, 1.03817, -0.000375669, 1.0, 0.000249787, 4.00033, 0.0, 0.0, 0.0, 1.0]}, "128f2cd37ef241cea64bc179a8be82ae_d2_0.png": {"intrinsics": {"fx": 1075.83, "fy": 1075.31, "cx": 640.954, "cy": 515.882}, "camera_to_world_matrix": [0.875777, 0.320296, -0.361143, -1.8474, -0.482714, 0.583113, -0.653427, 1.04804, 0.0012971, 0.746585, 0.665289, 4.03354, 0.0, 0.0, 0.0, 1.0]}, "128f2cd37ef241cea64bc179a8be82ae_d2_1.png": {"intrinsics": {"fx": 1075.83, "fy": 1075.31, "cx": 640.954, "cy": 515.882}, "camera_to_world_matrix": [0.0198323, 0.663462, -0.747947, -1.83985, -0.999796, 0.0160131, -0.0123058, 1.03561, 0.00381252, 0.748038, 0.663644, 4.03357, 0.0, 0.0, 0.0, 1.0]}, "128f2cd37ef241cea64bc179a8be82ae_d2_2.png": {"intrinsics": {"fx": 1075.83, "fy": 1075.31, "cx": 640.954, "cy": 515.882}, "camera_to_world_matrix": [-0.855945, 0.343913, -0.386112, -1.84685, -0.517058, -0.56472, 0.643228, 1.02285, 0.00316956, 0.75021, 0.661192, 4.03362, 0.0, 0.0, 0.0, 1.0]}, "128f2cd37ef241cea64bc179a8be82ae_d2_3.png": {"intrinsics": {"fx": 1075.83, "fy": 1075.31, "cx": 640.954, "cy": 515.882}, "camera_to_world_matrix": [-0.875757, -0.318794, 0.362519, -1.86139, 0.482752, -0.57834, 0.657627, 1.02253, 1.1146e-05, 0.750928, 0.660384, 4.03364, 0.0, 0.0, 0.0, 1.0]}, "128f2cd37ef241cea64bc179a8be82ae_d2_4.png": {"intrinsics": {"fx": 1075.83, "fy": 1075.31, "cx": 640.954, "cy": 515.882}, "camera_to_world_matrix": [-0.0197918, -0.661938, 0.749297, -1.86894, 0.999801, -0.0112263, 0.0164911, 1.03497, -0.00250418, 0.749475, 0.662028, 4.0336, 0.0, 0.0, 0.0, 1.0]}, "128f2cd37ef241cea64bc179a8be82ae_d2_5.png": {"intrinsics": {"fx": 1075.83, "fy": 1075.31, "cx": 640.954, "cy": 515.882}, "camera_to_world_matrix": [0.855966, -0.342366, 0.387437, -1.86194, 0.517028, 0.569494, -0.639029, 1.04773, -0.00186111, 0.747303, 0.664481, 4.03356, 0.0, 0.0, 0.0, 1.0]}, "1818ffc4d0eb47cfa726a12d3cfefee3_d0_0.png": {"intrinsics": {"fx": 1073.51, "fy": 1073.99, "cx": 635.393, "cy": 516.959}, "camera_to_world_matrix": [0.83746, 0.350663, 0.419161, 0.548824, 0.546193, -0.56271, -0.620508, -0.797967, 0.0182767, 0.748594, -0.662777, 3.95474, 0.0, 0.0, 0.0, 1.0]}, "1818ffc4d0eb47cfa726a12d3cfefee3_d0_1.png": {"intrinsics": {"fx": 1073.51, "fy": 1073.99, "cx": 635.393, "cy": 516.959}, "camera_to_world_matrix": [0.89178, -0.311571, -0.328104, 0.563352, -0.452306, -0.594375, -0.664934, -0.797185, 0.0121571, 0.741378, -0.670977, 3.95489, 0.0, 0.0, 0.0, 1.0]}, "1818ffc4d0eb47cfa726a12d3cfefee3_d0_2.png": {"intrinsics": {"fx": 1073.51, "fy": 1073.99, "cx": 635.393, "cy": 516.959}, "camera_to_world_matrix": [0.0542389, -0.670143, -0.740247, 0.571294, -0.998528, -0.0366702, -0.0399661, -0.809377, -0.00036199, 0.741325, -0.671146, 3.9549, 0.0, 0.0, 0.0, 1.0]}, "1818ffc4d0eb47cfa726a12d3cfefee3_d0_3.png": {"intrinsics": {"fx": 1073.51, "fy": 1073.99, "cx": 635.393, "cy": 516.959}, "camera_to_world_matrix": [-0.837603, -0.366474, -0.405115, 0.564707, -0.546238, 0.552687, 0.629413, -0.82235, -0.00676129, 0.748488, -0.663114, 3.95474, 0.0, 0.0, 0.0, 1.0]}, "1818ffc4d0eb47cfa726a12d3cfefee3_d0_4.png": {"intrinsics": {"fx": 1073.51, "fy": 1073.99, "cx": 635.393, "cy": 516.959}, "camera_to_world_matrix": [-0.891884, 0.295762, 0.342152, 0.550179, 0.452264, 0.584327, 0.673809, -0.823131, -0.00064129, 0.755703, -0.654914, 3.95458, 0.0, 0.0, 0.0, 1.0]}, "1818ffc4d0eb47cfa726a12d3cfefee3_d0_5.png": {"intrinsics": {"fx": 1073.51, "fy": 1073.99, "cx": 635.393, "cy": 516.959}, "camera_to_world_matrix": [-0.0543216, 0.654313, 0.75427, 0.542238, 0.998452, 0.0266077, 0.0488256, -0.81094, 0.0118778, 0.755756, -0.654746, 3.95458, 0.0, 0.0, 0.0, 1.0]}, "1818ffc4d0eb47cfa726a12d3cfefee3_d1_0.png": {"intrinsics": {"fx": 1072.29, "fy": 1072.88, "cx": 636.224, "cy": 511.239}, "camera_to_world_matrix": [0.837793, -0.0113119, 0.545871, 0.554504, 0.545791, -0.00949933, -0.837867, -0.807449, 0.0146632, 0.999891, -0.00178437, 3.98798, 0.0, 0.0, 0.0, 1.0]}, "1818ffc4d0eb47cfa726a12d3cfefee3_d1_1.png": {"intrinsics": {"fx": 1072.29, "fy": 1072.88, "cx": 636.224, "cy": 511.239}, "camera_to_world_matrix": [0.891596, -0.0133644, -0.452634, 0.557998, -0.452751, -0.00746251, -0.891606, -0.807261, 0.00853791, 0.999883, -0.0127041, 3.98802, 0.0, 0.0, 0.0, 1.0]}, "1818ffc4d0eb47cfa726a12d3cfefee3_d1_2.png": {"intrinsics": {"fx": 1072.29, "fy": 1072.88, "cx": 636.224, "cy": 511.239}, "camera_to_world_matrix": [0.0537605, -0.0126268, -0.998474, 0.559909, -0.998546, -0.00466667, -0.0537053, -0.810193, -0.00398147, 0.99991, -0.0128592, 3.98802, 0.0, 0.0, 0.0, 1.0]}, "1818ffc4d0eb47cfa726a12d3cfefee3_d1_3.png": {"intrinsics": {"fx": 1072.29, "fy": 1072.88, "cx": 636.224, "cy": 511.239}, "camera_to_world_matrix": [-0.83786, -0.0098368, -0.545797, 0.558324, -0.545787, -0.00390771, 0.837915, -0.813314, -0.0103753, 0.999944, -0.0020945, 3.98799, 0.0, 0.0, 0.0, 1.0]}, "1818ffc4d0eb47cfa726a12d3cfefee3_d1_4.png": {"intrinsics": {"fx": 1072.29, "fy": 1072.88, "cx": 636.224, "cy": 511.239}, "camera_to_world_matrix": [-0.891624, -0.0077844, 0.45271, 0.55483, 0.452757, -0.00594462, 0.891614, -0.813502, -0.00424954, 0.999952, 0.00882498, 3.98795, 0.0, 0.0, 0.0, 1.0]}, "1818ffc4d0eb47cfa726a12d3cfefee3_d1_5.png": {"intrinsics": {"fx": 1072.29, "fy": 1072.88, "cx": 636.224, "cy": 511.239}, "camera_to_world_matrix": [-0.0537667, -0.00852205, 0.998517, 0.552919, 0.998519, -0.00874043, 0.0536922, -0.810569, 0.00826985, 0.999926, 0.00897956, 3.98795, 0.0, 0.0, 0.0, 1.0]}, "1818ffc4d0eb47cfa726a12d3cfefee3_d2_0.png": {"intrinsics": {"fx": 1075.83, "fy": 1075.31, "cx": 640.954, "cy": 515.882}, "camera_to_world_matrix": [0.838935, -0.368992, 0.400042, 0.54812, 0.544072, 0.550843, -0.632896, -0.798413, 0.0131737, 0.74861, 0.662879, 4.02123, 0.0, 0.0, 0.0, 1.0]}, "1818ffc4d0eb47cfa726a12d3cfefee3_d2_1.png": {"intrinsics": {"fx": 1075.83, "fy": 1075.31, "cx": 640.954, "cy": 515.882}, "camera_to_world_matrix": [0.890678, 0.292905, -0.347705, 0.562649, -0.45458, 0.585583, -0.671155, -0.797631, 0.00702585, 0.755843, 0.654715, 4.02139, 0.0, 0.0, 0.0, 1.0]}, "1818ffc4d0eb47cfa726a12d3cfefee3_d2_2.png": {"intrinsics": {"fx": 1075.83, "fy": 1075.31, "cx": 640.954, "cy": 515.882}, "camera_to_world_matrix": [0.0517163, 0.653973, -0.754748, 0.570591, -0.998647, 0.0297082, -0.042687, -0.809823, -0.00549383, 0.755935, 0.654624, 4.02139, 0.0, 0.0, 0.0, 1.0]}, "1818ffc4d0eb47cfa726a12d3cfefee3_d2_3.png": {"intrinsics": {"fx": 1075.83, "fy": 1075.31, "cx": 640.954, "cy": 515.882}, "camera_to_world_matrix": [-0.83897, 0.353135, -0.414035, 0.564004, -0.544048, -0.560895, 0.624025, -0.822796, -0.0118654, 0.748794, 0.662697, 4.02123, 0.0, 0.0, 0.0, 1.0]}, "1818ffc4d0eb47cfa726a12d3cfefee3_d2_4.png": {"intrinsics": {"fx": 1075.83, "fy": 1075.31, "cx": 640.954, "cy": 515.882}, "camera_to_world_matrix": [-0.890674, -0.308764, 0.333713, 0.549476, 0.454606, -0.59561, 0.662255, -0.823577, -0.00571714, 0.741561, 0.670861, 4.02108, 0.0, 0.0, 0.0, 1.0]}, "1818ffc4d0eb47cfa726a12d3cfefee3_d2_5.png": {"intrinsics": {"fx": 1075.83, "fy": 1075.31, "cx": 640.954, "cy": 515.882}, "camera_to_world_matrix": [-0.0516909, -0.669809, 0.740731, 0.541534, 0.99864, -0.039721, 0.0337709, -0.811385, 0.00680253, 0.74147, 0.670952, 4.02107, 0.0, 0.0, 0.0, 1.0]}, "1cf9bfa7442841e9b5edc64590d0e879_d0_0.png": {"intrinsics": {"fx": 1073.51, "fy": 1073.99, "cx": 635.393, "cy": 516.959}, "camera_to_world_matrix": [0.911191, 0.264623, 0.315761, 0.574126, 0.411689, -0.613822, -0.673598, 1.05295, 0.0155713, 0.743772, -0.668252, 3.96236, 0.0, 0.0, 0.0, 1.0]}, "1cf9bfa7442841e9b5edc64590d0e879_d0_1.png": {"intrinsics": {"fx": 1073.51, "fy": 1073.99, "cx": 635.393, "cy": 516.959}, "camera_to_world_matrix": [0.81222, -0.394699, -0.429548, 0.588604, -0.583334, -0.543874, -0.60326, 1.05151, 0.00448663, 0.74055, -0.671986, 3.96243, 0.0, 0.0, 0.0, 1.0]}, "1cf9bfa7442841e9b5edc64590d0e879_d0_2.png": {"intrinsics": {"fx": 1073.51, "fy": 1073.99, "cx": 635.393, "cy": 516.959}, "camera_to_world_matrix": [-0.0990239, -0.663809, -0.741318, 0.594589, -0.995071, 0.0620687, 0.0773408, 1.03824, -0.00532687, 0.745322, -0.666683, 3.96232, 0.0, 0.0, 0.0, 1.0]}, "1cf9bfa7442841e9b5edc64590d0e879_d0_3.png": {"intrinsics": {"fx": 1073.51, "fy": 1073.99, "cx": 635.393, "cy": 516.959}, "camera_to_world_matrix": [-0.911276, -0.273591, -0.307772, 0.586096, -0.411775, 0.598049, 0.687589, 1.02643, -0.00405552, 0.753316, -0.657646, 3.96215, 0.0, 0.0, 0.0, 1.0]}, "1cf9bfa7442841e9b5edc64590d0e879_d0_4.png": {"intrinsics": {"fx": 1073.51, "fy": 1073.99, "cx": 635.393, "cy": 516.959}, "camera_to_world_matrix": [-0.812266, 0.385729, 0.437534, 0.571619, 0.583244, 0.528075, 0.617222, 1.02788, 0.00702932, 0.756538, -0.653912, 3.96208, 0.0, 0.0, 0.0, 1.0]}, "1cf9bfa7442841e9b5edc64590d0e879_d0_5.png": {"intrinsics": {"fx": 1073.51, "fy": 1073.99, "cx": 635.393, "cy": 516.959}, "camera_to_world_matrix": [0.0989937, 0.654815, 0.749278, 0.565634, 0.994945, -0.0778779, -0.0633914, 1.04114, 0.0168425, 0.751766, -0.659215, 3.96218, 0.0, 0.0, 0.0, 1.0]}, "1cf9bfa7442841e9b5edc64590d0e879_d1_0.png": {"intrinsics": {"fx": 1072.29, "fy": 1072.88, "cx": 636.224, "cy": 511.239}, "camera_to_world_matrix": [0.911439, -0.00716153, 0.411373, 0.578472, 0.411261, -0.013192, -0.911422, 1.04253, 0.011954, 0.999887, -0.00907825, 3.99552, 0.0, 0.0, 0.0, 1.0]}, "1cf9bfa7442841e9b5edc64590d0e879_d1_1.png": {"intrinsics": {"fx": 1072.29, "fy": 1072.88, "cx": 636.224, "cy": 511.239}, "camera_to_world_matrix": [0.811951, -0.00887859, -0.583658, 0.581955, -0.583725, -0.0108654, -0.811879, 1.04218, 0.000866601, 0.999902, -0.0140047, 3.99554, 0.0, 0.0, 0.0, 1.0]}, "1cf9bfa7442841e9b5edc64590d0e879_d1_2.png": {"intrinsics": {"fx": 1072.29, "fy": 1072.88, "cx": 636.224, "cy": 511.239}, "camera_to_world_matrix": [-0.0995193, -0.00772224, -0.995006, 0.583394, -0.994996, -0.00821532, 0.099582, 1.03899, -0.00894334, 0.999937, -0.00686583, 3.99552, 0.0, 0.0, 0.0, 1.0]}, "1cf9bfa7442841e9b5edc64590d0e879_d1_3.png": {"intrinsics": {"fx": 1072.29, "fy": 1072.88, "cx": 636.224, "cy": 511.239}, "camera_to_world_matrix": [-0.911481, -0.00484885, -0.411314, 0.581351, -0.411271, -0.00789185, 0.911479, 1.03615, -0.0076657, 0.999957, 0.00519926, 3.99547, 0.0, 0.0, 0.0, 1.0]}, "1cf9bfa7442841e9b5edc64590d0e879_d1_4.png": {"intrinsics": {"fx": 1072.29, "fy": 1072.88, "cx": 636.224, "cy": 511.239}, "camera_to_world_matrix": [-0.811954, -0.00313188, 0.583713, 0.577869, 0.583711, -0.0102185, 0.811897, 1.0365, 0.00342184, 0.999943, 0.0101252, 3.99546, 0.0, 0.0, 0.0, 1.0]}, "1cf9bfa7442841e9b5edc64590d0e879_d1_5.png": {"intrinsics": {"fx": 1072.29, "fy": 1072.88, "cx": 636.224, "cy": 511.239}, "camera_to_world_matrix": [0.0995326, -0.00428834, 0.995025, 0.576429, 0.994947, -0.0128685, -0.0995802, 1.03969, 0.0132315, 0.999908, 0.00298601, 3.99548, 0.0, 0.0, 0.0, 1.0]}, "1cf9bfa7442841e9b5edc64590d0e879_d2_0.png": {"intrinsics": {"fx": 1075.83, "fy": 1075.31, "cx": 640.954, "cy": 515.882}, "camera_to_world_matrix": [0.912297, -0.276361, 0.302224, 0.573727, 0.409396, 0.59661, -0.690254, 1.05225, 0.0104494, 0.753446, 0.657427, 4.02885, 0.0, 0.0, 0.0, 1.0]}, "1cf9bfa7442841e9b5edc64590d0e879_d2_1.png": {"intrinsics": {"fx": 1075.83, "fy": 1075.31, "cx": 640.954, "cy": 515.882}, "camera_to_world_matrix": [0.810756, 0.383098, -0.442618, 0.588205, -0.585384, 0.529753, -0.613749, 1.0508, -0.000648147, 0.756702, 0.65376, 4.02892, 0.0, 0.0, 0.0, 1.0]}, "1cf9bfa7442841e9b5edc64590d0e879_d2_2.png": {"intrinsics": {"fx": 1075.83, "fy": 1075.31, "cx": 640.954, "cy": 515.882}, "camera_to_world_matrix": [-0.101563, 0.654954, -0.748812, 0.59419, -0.994774, -0.0747629, 0.0695316, 1.03754, -0.0104433, 0.751961, 0.659125, 4.02882, 0.0, 0.0, 0.0, 1.0]}, "1cf9bfa7442841e9b5edc64590d0e879_d2_3.png": {"intrinsics": {"fx": 1075.83, "fy": 1075.31, "cx": 640.954, "cy": 515.882}, "camera_to_world_matrix": [-0.912321, 0.267344, -0.310158, 0.585697, -0.409375, -0.612407, 0.676291, 1.02573, -0.00914082, 0.743965, 0.668156, 4.02864, 0.0, 0.0, 0.0, 1.0]}, "1cf9bfa7442841e9b5edc64590d0e879_d2_4.png": {"intrinsics": {"fx": 1075.83, "fy": 1075.31, "cx": 640.954, "cy": 515.882}, "camera_to_world_matrix": [-0.810741, -0.392112, 0.43468, 0.571219, 0.585402, -0.545524, 0.599756, 1.02718, 0.00195692, 0.74071, 0.671822, 4.02857, 0.0, 0.0, 0.0, 1.0]}, "1cf9bfa7442841e9b5edc64590d0e879_d2_5.png": {"intrinsics": {"fx": 1075.83, "fy": 1075.31, "cx": 640.954, "cy": 515.882}, "camera_to_world_matrix": [0.101594, -0.663944, 0.740848, 0.565235, 0.994757, 0.059002, -0.083536, 1.04044, 0.0117518, 0.74545, 0.666457, 4.02868, 0.0, 0.0, 0.0, 1.0]}, "20c874407177474180a32c6ea562fce7_d0_0.png": {"intrinsics": {"fx": 1073.51, "fy": 1073.99, "cx": 635.393, "cy": 516.959}, "camera_to_world_matrix": [0.198987, -0.649072, -0.734241, -1.49339, -0.980001, -0.130897, -0.149877, 1.16696, 0.00117103, 0.749381, -0.662138, 1.54493, 0.0, 0.0, 0.0, 1.0]}, "20c874407177474180a32c6ea562fce7_d0_1.png": {"intrinsics": {"fx": 1073.51, "fy": 1073.99, "cx": 635.393, "cy": 516.959}, "camera_to_world_matrix": [-0.749201, -0.434353, -0.500034, -1.49802, -0.662327, 0.496399, 0.561169, 1.15317, 0.00447096, 0.751615, -0.659586, 1.54488, 0.0, 0.0, 0.0, 1.0]}, "20c874407177474180a32c6ea562fce7_d0_2.png": {"intrinsics": {"fx": 1073.51, "fy": 1073.99, "cx": 635.393, "cy": 516.959}, "camera_to_world_matrix": [-0.94816, 0.216264, 0.232858, -1.51228, 0.317665, 0.624092, 0.713861, 1.15028, 0.00905806, 0.750825, -0.660439, 1.5449, 0.0, 0.0, 0.0, 1.0]}, "20c874407177474180a32c6ea562fce7_d0_3.png": {"intrinsics": {"fx": 1073.51, "fy": 1073.99, "cx": 635.393, "cy": 516.959}, "camera_to_world_matrix": [-0.198925, 0.652148, 0.731527, -1.52191, 0.97996, 0.124487, 0.155503, 1.16118, 0.0103451, 0.7478, -0.663843, 1.54497, 0.0, 0.0, 0.0, 1.0]}, "20c874407177474180a32c6ea562fce7_d0_4.png": {"intrinsics": {"fx": 1073.51, "fy": 1073.99, "cx": 635.393, "cy": 516.959}, "camera_to_world_matrix": [0.749251, 0.437405, 0.497292, -1.51728, 0.662249, -0.5028, -0.555535, 1.17498, 0.00704506, 0.745566, -0.666394, 1.54502, 0.0, 0.0, 0.0, 1.0]}, "20c874407177474180a32c6ea562fce7_d0_5.png": {"intrinsics": {"fx": 1073.51, "fy": 1073.99, "cx": 635.393, "cy": 516.959}, "camera_to_world_matrix": [0.948171, -0.213217, -0.235606, -1.50302, -0.317751, -0.630468, -0.708197, 1.17787, 0.00245801, 0.746356, -0.665542, 1.545, 0.0, 0.0, 0.0, 1.0]}, "20c874407177474180a32c6ea562fce7_d1_0.png": {"intrinsics": {"fx": 1072.29, "fy": 1072.88, "cx": 636.224, "cy": 511.239}, "camera_to_world_matrix": [0.198474, -0.000275422, -0.980106, -1.50415, -0.980103, -0.00254771, -0.198473, 1.16462, -0.00244242, 0.999997, -0.000775418, 1.5782, 0.0, 0.0, 0.0, 1.0]}, "20c874407177474180a32c6ea562fce7_d1_1.png": {"intrinsics": {"fx": 1072.29, "fy": 1072.88, "cx": 636.224, "cy": 511.239}, "camera_to_world_matrix": [-0.749563, 0.00237463, -0.661929, -1.50527, -0.661933, -0.00139073, 0.749562, 1.16131, 0.000859321, 0.999996, 0.00261446, 1.57818, 0.0, 0.0, 0.0, 1.0]}, "20c874407177474180a32c6ea562fce7_d1_2.png": {"intrinsics": {"fx": 1072.29, "fy": 1072.88, "cx": 636.224, "cy": 511.239}, "camera_to_world_matrix": [-0.948016, 0.00470161, 0.318188, -1.5087, 0.318176, -0.00310725, 0.948027, 1.16061, 0.00544589, 0.999984, 0.00144997, 1.57819, 0.0, 0.0, 0.0, 1.0]}, "20c87440