{"00fd406a44e6443a93c0ac23e987e565_d0_0.png": {"intrinsics": {"fx": 1073.47, "fy": 1074.46, "cx": 630.898, "cy": 515.152}, "camera_to_world_matrix": [-0.985606, -0.103126, -0.133963, 8.69444, -0.168614, 0.657129, 0.734677, -1.49632, 0.0122667, 0.746691, -0.665059, 1.50286, 0.0, 0.0, 0.0, 1.0]}, "00fd406a44e6443a93c0ac23e987e565_d0_1.png": {"intrinsics": {"fx": 1073.47, "fy": 1074.46, "cx": 630.898, "cy": 515.152}, "camera_to_world_matrix": [-0.638852, 0.51543, 0.57114, 8.68075, 0.769254, 0.417522, 0.483658, -1.4914, 0.0108282, 0.748337, -0.66323, 1.50283, 0.0, 0.0, 0.0, 1.0]}, "00fd406a44e6443a93c0ac23e987e565_d0_2.png": {"intrinsics": {"fx": 1073.47, "fy": 1074.46, "cx": 630.898, "cy": 515.152}, "camera_to_world_matrix": [0.346744, 0.617191, 0.70629, 8.67816, 0.937881, -0.237969, -0.252491, -1.47709, 0.0122394, 0.749965, -0.661365, 1.50279, 0.0, 0.0, 0.0, 1.0]}, "00fd406a44e6443a93c0ac23e987e565_d0_3.png": {"intrinsics": {"fx": 1073.47, "fy": 1074.46, "cx": 630.898, "cy": 515.152}, "camera_to_world_matrix": [0.985563, 0.100394, 0.136334, 8.68926, 0.168636, -0.653837, -0.737604, -1.46768, 0.0150891, 0.749946, -0.661327, 1.50279, 0.0, 0.0, 0.0, 1.0]}, "00fd406a44e6443a93c0ac23e987e565_d0_4.png": {"intrinsics": {"fx": 1073.47, "fy": 1074.46, "cx": 630.898, "cy": 515.152}, "camera_to_world_matrix": [0.638773, -0.518153, -0.56876, 8.70296, -0.769219, -0.414205, -0.486557, -1.4726, 0.0165276, 0.7483, -0.663155, 1.50283, 0.0, 0.0, 0.0, 1.0]}, "00fd406a44e6443a93c0ac23e987e565_d0_5.png": {"intrinsics": {"fx": 1073.47, "fy": 1074.46, "cx": 630.898, "cy": 515.152}, "camera_to_world_matrix": [-0.34683, -0.619888, -0.703881, 8.70554, -0.937807, 0.241289, 0.249598, -1.48692, 0.0151163, 0.746672, -0.665021, 1.50286, 0.0, 0.0, 0.0, 1.0]}, "00fd406a44e6443a93c0ac23e987e565_d1_0.png": {"intrinsics": {"fx": 1076.78, "fy": 1077.4, "cx": 634.153, "cy": 508.896}, "camera_to_world_matrix": [-0.984026, 0.00176557, -0.178019, 8.69241, -0.178019, 0.000219351, 0.984027, -1.48537, 0.00177632, 0.999999, 9.87984e-05, 1.53609, 0.0, 0.0, 0.0, 1.0]}, "00fd406a44e6443a93c0ac23e987e565_d1_1.png": {"intrinsics": {"fx": 1076.78, "fy": 1077.4, "cx": 634.153, "cy": 508.896}, "camera_to_world_matrix": [-0.646177, -0.0017391, 0.763186, 8.68912, 0.763188, -0.00188442, 0.646175, -1.48419, 0.000314299, 0.999997, 0.00254527, 1.53608, 0.0, 0.0, 0.0, 1.0]}, "00fd406a44e6443a93c0ac23e987e565_d1_2.png": {"intrinsics": {"fx": 1076.78, "fy": 1077.4, "cx": 634.153, "cy": 508.896}, "camera_to_world_matrix": [0.337857, -0.00531331, 0.941183, 8.6885, 0.941196, 9.88662e-05, -0.337862, -1.48075, 0.00170201, 0.999986, 0.00503461, 1.53607, 0.0, 0.0, 0.0, 1.0]}, "00fd406a44e6443a93c0ac23e987e565_d1_3.png": {"intrinsics": {"fx": 1076.78, "fy": 1077.4, "cx": 634.153, "cy": 508.896}, "camera_to_world_matrix": [0.984021, -0.00538278, 0.177971, 8.69117, 0.177994, 0.00418587, -0.984023, -1.47848, 0.00455171, 0.999977, 0.00507743, 1.53607, 0.0, 0.0, 0.0, 1.0]}, "00fd406a44e6443a93c0ac23e987e565_d1_4.png": {"intrinsics": {"fx": 1076.78, "fy": 1077.4, "cx": 634.153, "cy": 508.896}, "camera_to_world_matrix": [0.646136, -0.00187803, -0.76322, 8.69446, -0.763199, 0.00628951, -0.646133, -1.47967, 0.00601363, 0.999979, 0.00263091, 1.53608, 0.0, 0.0, 0.0, 1.0]}, "00fd406a44e6443a93c0ac23e987e565_d1_5.png": {"intrinsics": {"fx": 1076.78, "fy": 1077.4, "cx": 634.153, "cy": 508.896}, "camera_to_world_matrix": [-0.337906, 0.00169611, -0.941179, 8.69508, -0.941169, 0.00430608, 0.33791, -1.48311, 0.00462582, 0.99999, 0.000141616, 1.53609, 0.0, 0.0, 0.0, 1.0]}, "00fd406a44e6443a93c0ac23e987e565_d2_0.png": {"intrinsics": {"fx": 1076.33, "fy": 1076.54, "cx": 640.144, "cy": 512.831}, "camera_to_world_matrix": [-0.983695, 0.125104, -0.129189, 8.69432, -0.179704, -0.656326, 0.732763, -1.49617, 0.00688151, 0.744032, 0.668106, 1.56936, 0.0, 0.0, 0.0, 1.0]}, "00fd406a44e6443a93c0ac23e987e565_d2_1.png": {"intrinsics": {"fx": 1076.33, "fy": 1076.54, "cx": 640.144, "cy": 512.831}, "camera_to_world_matrix": [-0.647486, -0.507937, 0.56812, 8.68063, 0.762056, -0.436847, 0.477946, -1.49126, 0.00541527, 0.742404, 0.669928, 1.56933, 0.0, 0.0, 0.0, 1.0]}, "00fd406a44e6443a93c0ac23e987e565_d2_2.png": {"intrinsics": {"fx": 1076.33, "fy": 1076.54, "cx": 640.144, "cy": 512.831}, "camera_to_world_matrix": [0.336208, -0.634372, 0.696085, 8.67804, 0.941761, 0.221124, -0.253352, -1.47694, 0.00679867, 0.740726, 0.67177, 1.56929, 0.0, 0.0, 0.0, 1.0]}, "00fd406a44e6443a93c0ac23e987e565_d2_3.png": {"intrinsics": {"fx": 1076.33, "fy": 1076.54, "cx": 640.144, "cy": 512.831}, "camera_to_world_matrix": [0.983672, -0.127764, 0.126737, 8.68914, 0.179703, 0.659601, -0.729817, -1.46754, 0.00964818, 0.740676, 0.67179, 1.56929, 0.0, 0.0, 0.0, 1.0]}, "00fd406a44e6443a93c0ac23e987e565_d2_4.png": {"intrinsics": {"fx": 1076.33, "fy": 1076.54, "cx": 640.144, "cy": 512.831}, "camera_to_world_matrix": [0.647426, 0.505269, -0.570562, 8.70284, -0.762045, 0.440097, -0.474973, -1.47245, 0.0111143, 0.742305, 0.669968, 1.56933, 0.0, 0.0, 0.0, 1.0]}, "00fd406a44e6443a93c0ac23e987e565_d2_5.png": {"intrinsics": {"fx": 1076.33, "fy": 1076.54, "cx": 640.144, "cy": 512.831}, "camera_to_world_matrix": [-0.336275, 0.631678, -0.698498, 8.70542, -0.941712, -0.217879, 0.25633, -1.48677, 0.00973087, 0.743983, 0.668126, 1.56936, 0.0, 0.0, 0.0, 1.0]}, "011224faadd14fb089aa6c82623b5c72_d0_0.png": {"intrinsics": {"fx": 1073.47, "fy": 1074.46, "cx": 630.898, "cy": 515.152}, "camera_to_world_matrix": [-0.754305, 0.448207, 0.479724, -0.607002, 0.656212, 0.492149, 0.571993, -8.58149, 0.0202757, 0.746258, -0.665348, -1.82802, 0.0, 0.0, 0.0, 1.0]}, "011224faadd14fb089aa6c82623b5c72_d0_1.png": {"intrinsics": {"fx": 1073.47, "fy": 1074.46, "cx": 630.898, "cy": 515.152}, "camera_to_world_matrix": [0.191226, 0.654244, 0.731709, -0.611865, 0.981441, -0.13838, -0.132761, -8.56778, 0.0143961, 0.743516, -0.668563, -1.82796, 0.0, 0.0, 0.0, 1.0]}, "011224faadd14fb089aa6c82623b5c72_d0_2.png": {"intrinsics": {"fx": 1073.47, "fy": 1074.46, "cx": 630.898, "cy": 515.152}, "camera_to_world_matrix": [0.945621, 0.211212, 0.247369, -0.60242, 0.325178, -0.632084, -0.70337, -8.55671, 0.00779799, 0.74556, -0.666393, -1.828, 0.0, 0.0, 0.0, 1.0]}, "011224faadd14fb089aa6c82623b5c72_d0_3.png": {"intrinsics": {"fx": 1073.47, "fy": 1074.46, "cx": 630.898, "cy": 515.152}, "camera_to_world_matrix": [0.754469, -0.437848, -0.488944, -0.588113, -0.656298, -0.495248, -0.569212, -8.55936, 0.00707953, 0.750346, -0.661007, -1.8281, 0.0, 0.0, 0.0, 1.0]}, "011224faadd14fb089aa6c82623b5c72_d0_4.png": {"intrinsics": {"fx": 1073.47, "fy": 1074.46, "cx": 630.898, "cy": 515.152}, "camera_to_world_matrix": [-0.191074, -0.643861, -0.740901, -0.583251, -0.98149, 0.135289, 0.135552, -8.57307, 0.0129593, 0.753088, -0.657793, -1.82817, 0.0, 0.0, 0.0, 1.0]}, "011224faadd14fb089aa6c82623b5c72_d0_5.png": {"intrinsics": {"fx": 1073.47, "fy": 1074.46, "cx": 630.898, "cy": 515.152}, "camera_to_world_matrix": [-0.945444, -0.200809, -0.256539, -0.592696, -0.325198, 0.628976, 0.706142, -8.58414, 0.0195573, 0.751043, -0.659963, -1.82812, 0.0, 0.0, 0.0, 1.0]}, "011224faadd14fb089aa6c82623b5c72_d1_0.png": {"intrinsics": {"fx": 1076.78, "fy": 1077.4, "cx": 634.153, "cy": 508.896}, "camera_to_world_matrix": [-0.760652, 0.00766145, 0.649115, -0.599599, 0.649086, -0.00610485, 0.760691, -8.57316, 0.00979064, 0.999952, -0.000328931, -1.7948, 0.0, 0.0, 0.0, 1.0]}, "011224faadd14fb089aa6c82623b5c72_d1_1.png": {"intrinsics": {"fx": 1076.78, "fy": 1077.4, "cx": 634.153, "cy": 508.896}, "camera_to_world_matrix": [0.181826, 0.00381447, 0.983324, -0.600769, 0.983323, -0.00472338, -0.181808, -8.56986, 0.00395102, 0.999982, -0.00460935, -1.79479, 0.0, 0.0, 0.0, 1.0]}, "011224faadd14fb089aa6c82623b5c72_d1_2.png": {"intrinsics": {"fx": 1076.78, "fy": 1077.4, "cx": 634.153, "cy": 508.896}, "camera_to_world_matrix": [0.942496, 0.00308745, 0.334204, -0.598497, 0.334208, -0.000700975, -0.942499, -8.5672, -0.00267575, 0.999995, -0.00169217, -1.7948, 0.0, 0.0, 0.0, 1.0]}, "011224faadd14fb089aa6c82623b5c72_d1_3.png": {"intrinsics": {"fx": 1076.78, "fy": 1077.4, "cx": 634.153, "cy": 508.896}, "camera_to_world_matrix": [0.760671, 0.00620741, -0.649109, -0.595055, -0.649129, 0.00193988, -0.760676, -8.56783, -0.00346274, 0.999979, 0.00550536, -1.79482, 0.0, 0.0, 0.0, 1.0]}, "011224faadd14fb089aa6c82623b5c72_d1_4.png": {"intrinsics": {"fx": 1076.78, "fy": 1077.4, "cx": 634.153, "cy": 508.896}, "camera_to_world_matrix": [-0.181821, 0.0100543, -0.983281, -0.593886, -0.983329, 0.000558259, 0.181835, -8.57113, 0.00237706, 0.99995, 0.00978555, -1.79484, 0.0, 0.0, 0.0, 1.0]}, "011224faadd14fb089aa6c82623b5c72_d1_5.png": {"intrinsics": {"fx": 1076.78, "fy": 1077.4, "cx": 634.153, "cy": 508.896}, "camera_to_world_matrix": [-0.942465, 0.0107812, -0.334132, -0.596158, -0.334184, -0.00346418, 0.942502, -8.57379, 0.00900371, 0.999936, 0.00686811, -1.79483, 0.0, 0.0, 0.0, 1.0]}, "011224faadd14fb089aa6c82623b5c72_d2_0.png": {"intrinsics": {"fx": 1076.33, "fy": 1076.54, "cx": 640.144, "cy": 512.831}, "camera_to_world_matrix": [-0.761715, -0.424172, 0.489762, -0.606541, 0.647738, -0.515925, 0.560584, -8.58163, 0.0148962, 0.744244, 0.66774, -1.76152, 0.0, 0.0, 0.0, 1.0]}, "011224faadd14fb089aa6c82623b5c72_d2_1.png": {"intrinsics": {"fx": 1076.33, "fy": 1076.54, "cx": 640.144, "cy": 512.831}, "camera_to_world_matrix": [0.180154, -0.654961, 0.733873, -0.611404, 0.983595, 0.113077, -0.14054, -8.56792, 0.00906414, 0.747154, 0.664586, -1.76146, 0.0, 0.0, 0.0, 1.0]}, "011224faadd14fb089aa6c82623b5c72_d2_2.png": {"intrinsics": {"fx": 1076.33, "fy": 1076.54, "cx": 640.144, "cy": 512.831}, "camera_to_world_matrix": [0.941922, -0.225626, 0.248741, -0.601959, 0.335817, 0.627453, -0.702516, -8.55685, 0.00243258, 0.745248, 0.66678, -1.7615, 0.0, 0.0, 0.0, 1.0]}, "011224faadd14fb089aa6c82623b5c72_d2_3.png": {"intrinsics": {"fx": 1076.33, "fy": 1076.54, "cx": 640.144, "cy": 512.831}, "camera_to_world_matrix": [0.761804, 0.434488, -0.480492, -0.587652, -0.647802, 0.512816, -0.563355, -8.5595, 0.00163314, 0.740432, 0.672127, -1.76161, 0.0, 0.0, 0.0, 1.0]}, "011224faadd14fb089aa6c82623b5c72_d2_4.png": {"intrinsics": {"fx": 1076.33, "fy": 1076.54, "cx": 640.144, "cy": 512.831}, "camera_to_world_matrix": [-0.180078, 0.665252, -0.724576, -0.58279, -0.983622, -0.116195, 0.137778, -8.57321, 0.00746534, 0.737522, 0.67528, -1.76167, 0.0, 0.0, 0.0, 1.0]}, "011224faadd14fb089aa6c82623b5c72_d2_5.png": {"intrinsics": {"fx": 1076.33, "fy": 1076.54, "cx": 640.144, "cy": 512.831}, "camera_to_world_matrix": [-0.941821, 0.235896, -0.239422, -0.592235, -0.335815, -0.630554, 0.699735, -8.58428, 0.0140969, 0.739428, 0.673086, -1.76163, 0.0, 0.0, 0.0, 1.0]}, "027c36f1fb444f0c87bfa768d6d94930_d0_0.png": {"intrinsics": {"fx": 1073.47, "fy": 1074.46, "cx": 630.898, "cy": 515.152}, "camera_to_world_matrix": [0.824803, -0.388978, -0.410363, 3.58362, -0.565093, -0.542355, -0.621709, 9.65527, 0.0192689, 0.74468, -0.667144, -1.81816, 0.0, 0.0, 0.0, 1.0]}, "027c36f1fb444f0c87bfa768d6d94930_d0_1.png": {"intrinsics": {"fx": 1073.47, "fy": 1074.46, "cx": 630.898, "cy": 515.152}, "camera_to_world_matrix": [-0.0770131, -0.66621, -0.741778, 3.59003, -0.996961, 0.0602784, 0.0493692, 9.64221, 0.0118229, 0.743325, -0.668826, -1.81813, 0.0, 0.0, 0.0, 1.0]}, "027c36f1fb444f0c87bfa768d6d94930_d0_2.png": {"intrinsics": {"fx": 1073.47, "fy": 1074.46, "cx": 630.898, "cy": 515.152}, "camera_to_world_matrix": [-0.901919, -0.28294, -0.326326, 3.58192, -0.431862, 0.601681, 0.671919, 9.63013, 0.00623152, 0.746944, -0.664858, -1.8182, 0.0, 0.0, 0.0, 1.0]}, "027c36f1fb444f0c87bfa768d6d94930_d0_3.png": {"intrinsics": {"fx": 1073.47, "fy": 1074.46, "cx": 630.898, "cy": 515.152}, "camera_to_world_matrix": [-0.82499, 0.377553, 0.420531, 3.5674, 0.565091, 0.540439, 0.623378, 9.63111, 0.0080863, 0.751918, -0.659207, -1.81831, 0.0, 0.0, 0.0, 1.0]}, "027c36f1fb444f0c87bfa768d6d94930_d0_4.png": {"intrinsics": {"fx": 1073.47, "fy": 1074.46, "cx": 630.898, "cy": 515.152}, "camera_to_world_matrix": [0.0768428, 0.654761, 0.751921, 3.561, 0.996923, -0.0622053, -0.0477135, 9.64417, 0.0155325, 0.753273, -0.657525, -1.81835, 0.0, 0.0, 0.0, 1.0]}, "027c36f1fb444f0c87bfa768d6d94930_d0_5.png": {"intrinsics": {"fx": 1073.47, "fy": 1074.46, "cx": 630.898, "cy": 515.152}, "camera_to_world_matrix": [0.901726, 0.27147, 0.336444, 3.5691, 0.431792, -0.603593, -0.670247, 9.65626, 0.0211236, 0.749653, -0.661493, -1.81827, 0.0, 0.0, 0.0, 1.0]}, "027c36f1fb444f0c87bfa768d6d94930_d1_0.png": {"intrinsics": {"fx": 1076.78, "fy": 1077.4, "cx": 634.153, "cy": 508.896}, "camera_to_world_matrix": [0.830293, -0.00883326, -0.557257, 3.57721, -0.557258, 0.00264173, -0.830336, 9.64606, 0.00880659, 0.999958, -0.00272865, -1.78497, 0.0, 0.0, 0.0, 1.0]}, "027c36f1fb444f0c87bfa768d6d94930_d1_1.png": {"intrinsics": {"fx": 1076.78, "fy": 1077.4, "cx": 634.153, "cy": 508.896}, "camera_to_world_matrix": [-0.0674537, -0.00485288, -0.997711, 3.57875, -0.997722, 0.00171209, 0.0674462, 9.64291, 0.00138076, 0.999987, -0.00495696, -1.78496, 0.0, 0.0, 0.0, 1.0]}, "027c36f1fb444f0c87bfa768d6d94930_d1_2.png": {"intrinsics": {"fx": 1076.78, "fy": 1077.4, "cx": 634.153, "cy": 508.896}, "camera_to_world_matrix": [-0.89777, -0.00366777, -0.440451, 3.5768, -0.440446, -0.00219994, 0.897777, 9.64001, -0.0042619, 0.999991, 0.000359934, -1.78498, 0.0, 0.0, 0.0, 1.0]}, "027c36f1fb444f0c87bfa768d6d94930_d1_3.png": {"intrinsics": {"fx": 1076.78, "fy": 1077.4, "cx": 634.153, "cy": 508.896}, "camera_to_world_matrix": [-0.83032, -0.00646307, 0.55725, 3.57331, 0.557282, -0.00518226, 0.830308, 9.64024, -0.00247862, 0.999966, 0.00790502, -1.78501, 0.0, 0.0, 0.0, 1.0]}, "027c36f1fb444f0c87bfa768d6d94930_d1_4.png": {"intrinsics": {"fx": 1076.78, "fy": 1077.4, "cx": 634.153, "cy": 508.896}, "camera_to_world_matrix": [0.0674443, -0.0104434, 0.997669, 3.57177, 0.997711, -0.00425247, -0.0674917, 9.64339, 0.0049473, 0.999937, 0.010133, -1.78501, 0.0, 0.0, 0.0, 1.0]}, "027c36f1fb444f0c87bfa768d6d94930_d1_5.png": {"intrinsics": {"fx": 1076.78, "fy": 1077.4, "cx": 634.153, "cy": 508.896}, "camera_to_world_matrix": [0.897739, -0.0116284, 0.440376, 3.57372, 0.440402, -0.000340383, -0.897801, 9.64629, 0.0105898, 0.999933, 0.00481592, -1.785, 0.0, 0.0, 0.0, 1.0]}, "027c36f1fb444f0c87bfa768d6d94930_d2_0.png": {"intrinsics": {"fx": 1076.33, "fy": 1076.54, "cx": 640.144, "cy": 512.831}, "camera_to_world_matrix": [0.831191, 0.361591, -0.42234, 3.58311, -0.555809, 0.559419, -0.614918, 9.65519, 0.0139163, 0.745856, 0.66596, -1.75166, 0.0, 0.0, 0.0, 1.0]}, "027c36f1fb444f0c87bfa768d6d94930_d2_1.png": {"intrinsics": {"fx": 1076.33, "fy": 1076.54, "cx": 640.144, "cy": 512.831}, "camera_to_world_matrix": [-0.065764, 0.663234, -0.745517, 3.58952, -0.997812, -0.0388487, 0.0534602, 9.64213, 0.00649455, 0.747403, 0.664337, -1.75163, 0.0, 0.0, 0.0, 1.0]}, "027c36f1fb444f0c87bfa768d6d94930_d2_2.png": {"intrinsics": {"fx": 1076.33, "fy": 1076.54, "cx": 640.144, "cy": 512.831}, "camera_to_world_matrix": [-0.897017, 0.295949, -0.328284, 3.58141, -0.441991, -0.59921, 0.667526, 9.63004, 0.00084291, 0.743882, 0.668308, -1.75171, 0.0, 0.0, 0.0, 1.0]}, "027c36f1fb444f0c87bfa768d6d94930_d2_3.png": {"intrinsics": {"fx": 1076.33, "fy": 1076.54, "cx": 640.144, "cy": 512.831}, "camera_to_world_matrix": [-0.831296, -0.372969, 0.412116, 3.5669, 0.555821, -0.561291, 0.613199, 9.63103, 0.00261306, 0.738814, 0.673902, -1.75182, 0.0, 0.0, 0.0, 1.0]}, "027c36f1fb444f0c87bfa768d6d94930_d2_4.png": {"intrinsics": {"fx": 1076.33, "fy": 1076.54, "cx": 640.144, "cy": 512.831}, "camera_to_world_matrix": [0.0656766, -0.674587, 0.735267, 3.56049, 0.997789, 0.0369889, -0.0551911, 9.64409, 0.0100349, 0.737267, 0.675524, -1.75185, 0.0, 0.0, 0.0, 1.0]}, "027c36f1fb444f0c87bfa768d6d94930_d2_5.png": {"intrinsics": {"fx": 1076.33, "fy": 1076.54, "cx": 640.144, "cy": 512.831}, "camera_to_world_matrix": [0.896908, -0.307281, 0.31801, 3.5686, 0.441935, 0.597336, -0.669241, 9.65617, 0.0156864, 0.740788, 0.671553, -1.75177, 0.0, 0.0, 0.0, 1.0]}, "0328d42616e244aeaa60f339795c9ad8_d0_0.png": {"intrinsics": {"fx": 1073.47, "fy": 1074.46, "cx": 630.898, "cy": 515.152}, "camera_to_world_matrix": [-0.360673, -0.598756, -0.715128, -0.413423, -0.932283, 0.254166, 0.257388, -1.89773, 0.0276488, 0.759534, -0.64988, -1.81941, 0.0, 0.0, 0.0, 1.0]}, "0328d42616e244aeaa60f339795c9ad8_d0_1.png": {"intrinsics": {"fx": 1073.47, "fy": 1074.46, "cx": 630.898, "cy": 515.152}, "camera_to_world_matrix": [-0.987534, -0.0757877, -0.137962, -0.424668, -0.153299, 0.662012, 0.733649, -1.90696, 0.0357311, 0.745653, -0.665376, -1.81911, 0.0, 0.0, 0.0, 1.0]}, "0328d42616e244aeaa60f339795c9ad8_d0_2.png": {"intrinsics": {"fx": 1073.47, "fy": 1074.46, "cx": 630.898, "cy": 515.152}, "camera_to_world_matrix": [-0.626548, 0.53889, 0.563059, -0.438283, 0.779079, 0.41288, 0.471769, -1.90184, 0.0217563, 0.734254, -0.678527, -1.81886, 0.0, 0.0, 0.0, 1.0]}, "0328d42616e244aeaa60f339795c9ad8_d0_3.png": {"intrinsics": {"fx": 1073.47, "fy": 1074.46, "cx": 630.898, "cy": 515.152}, "camera_to_world_matrix": [0.361291, 0.630587, 0.686899, -0.440652, 0.932454, -0.244091, -0.266365, -1.88748, -0.000300474, 0.736736, -0.67618, -1.8189, 0.0, 0.0, 0.0, 1.0]}, "0328d42616e244aeaa60f339795c9ad8_d0_4.png": {"intrinsics": {"fx": 1073.47, "fy": 1074.46, "cx": 630.898, "cy": 515.152}, "camera_to_world_matrix": [0.988122, 0.107603, 0.109715, -0.429408, 0.153445, -0.651916, -0.742604, -1.87825, -0.00838191, 0.750618, -0.660683, -1.81921, 0.0, 0.0, 0.0, 1.0]}, "0328d42616e244aeaa60f339795c9ad8_d0_5.png": {"intrinsics": {"fx": 1073.47, "fy": 1074.46, "cx": 630.898, "cy": 515.152}, "camera_to_world_matrix": [0.6271, -0.507065, -0.591296, -0.415793, -0.77892, -0.402761, -0.480697, -1.88338, 0.00559354, 0.762017, -0.647533, -1.81946, 0.0, 0.0, 0.0, 1.0]}, "0328d42616e244aeaa60f339795c9ad8_d1_0.png": {"intrinsics": {"fx": 1076.78, "fy": 1077.4, "cx": 634.153, "cy": 508.896}, "camera_to_world_matrix": [-0.352045, 0.0248105, -0.935655, -0.423056, -0.93583, 0.00879689, 0.352344, -1.89362, 0.0169726, 0.999654, 0.0201218, -1.78598, 0.0, 0.0, 0.0, 1.0]}, "0328d42616e244aeaa60f339795c9ad8_d1_1.png": {"intrinsics": {"fx": 1076.78, "fy": 1077.4, "cx": 634.153, "cy": 508.896}, "camera_to_world_matrix": [-0.98634, 0.0248176, -0.162842, -0.425761, -0.162775, 0.00470938, 0.986652, -1.89584, 0.0252531, 0.999681, -0.000605037, -1.78591, 0.0, 0.0, 0.0, 1.0]}, "0328d42616e244aeaa60f339795c9ad8_d1_2.png": {"intrinsics": {"fx": 1076.78, "fy": 1077.4, "cx": 634.153, "cy": 508.896}, "camera_to_world_matrix": [-0.634206, 0.0212819, 0.772872, -0.429036, 0.77308, 0.00266006, 0.634304, -1.8946, 0.0114432, 0.99977, -0.0181393, -1.78584, 0.0, 0.0, 0.0, 1.0]}, "0328d42616e244aeaa60f339795c9ad8_d1_3.png": {"intrinsics": {"fx": 1076.78, "fy": 1077.4, "cx": 634.153, "cy": 508.896}, "camera_to_world_matrix": [0.352216, 0.0177392, 0.935751, -0.429606, 0.935859, 0.00469829, -0.352345, -1.89115, -0.0106469, 0.999832, -0.0149463, -1.78586, 0.0, 0.0, 0.0, 1.0]}, "0328d42616e244aeaa60f339795c9ad8_d1_4.png": {"intrinsics": {"fx": 1076.78, "fy": 1077.4, "cx": 634.153, "cy": 508.896}, "camera_to_world_matrix": [0.986481, 0.0177323, 0.162913, -0.426901, 0.162779, 0.0087858, -0.986624, -1.88893, -0.0189266, 0.999804, 0.00578092, -1.78593, 0.0, 0.0, 0.0, 1.0]}, "0328d42616e244aeaa60f339795c9ad8_d1_5.png": {"intrinsics": {"fx": 1076.78, "fy": 1077.4, "cx": 634.153, "cy": 508.896}, "camera_to_world_matrix": [0.63431, 0.0212681, -0.772786, -0.423626, -0.773062, 0.010835, -0.634238, -1.89016, -0.00511601, 0.999715, 0.0233146, -1.78599, 0.0, 0.0, 0.0, 1.0]}, "0328d42616e244aeaa60f339795c9ad8_d2_0.png": {"intrinsics": {"fx": 1076.33, "fy": 1076.54, "cx": 640.144, "cy": 512.831}, "camera_to_world_matrix": [-0.350305, 0.645258, -0.678916, -0.412009, -0.936374, -0.224206, 0.27006, -1.89728, 0.0220414, 0.730324, 0.682743, -1.75293, 0.0, 0.0, 0.0, 1.0]}, "0328d42616e244aeaa60f339795c9ad8_d2_1.png": {"intrinsics": {"fx": 1076.33, "fy": 1076.54, "cx": 640.144, "cy": 512.831}, "camera_to_world_matrix": [-0.985918, 0.13213, -0.102491, -0.423253, -0.164442, -0.654814, 0.737683, -1.90651, 0.0303574, 0.74415, 0.66732, -1.75263, 0.0, 0.0, 0.0, 1.0]}, "0328d42616e244aeaa60f339795c9ad8_d2_2.png": {"intrinsics": {"fx": 1076.33, "fy": 1076.54, "cx": 640.144, "cy": 512.831}, "camera_to_world_matrix": [-0.635414, -0.497337, 0.590681, -0.436868, 0.771991, -0.425584, 0.472127, -1.90139, 0.0165784, 0.755998, 0.654361, -1.75237, 0.0, 0.0, 0.0, 1.0]}, "0328d42616e244aeaa60f339795c9ad8_d2_3.png": {"intrinsics": {"fx": 1076.33, "fy": 1076.54, "cx": 640.144, "cy": 512.831}, "camera_to_world_matrix": [0.350694, -0.613661, 0.707412, -0.439238, 0.936472, 0.234249, -0.261046, -1.88703, -0.0055165, 0.75402, 0.656825, -1.75242, 0.0, 0.0, 0.0, 1.0]}, "0328d42616e244aeaa60f339795c9ad8_d2_4.png": {"intrinsics": {"fx": 1076.33, "fy": 1076.54, "cx": 640.144, "cy": 512.831}, "camera_to_world_matrix": [0.986276, -0.100516, 0.130969, -0.427993, 0.164515, 0.664837, -0.728647, -1.8778, -0.0138318, 0.740194, 0.672248, -1.75272, 0.0, 0.0, 0.0, 1.0]}, "0328d42616e244aeaa60f339795c9ad8_d2_5.png": {"intrinsics": {"fx": 1076.33, "fy": 1076.54, "cx": 640.144, "cy": 512.831}, "camera_to_world_matrix": [0.635736, 0.528941, -0.562193, -0.414378, -0.771905, 0.435582, -0.463064, -1.88293, -5.19892e-05, 0.728346, 0.685207, -1.75298, 0.0, 0.0, 0.0, 1.0]}, "03a24b8a20e44c4897ad0c0ae672363f_d0_0.png": {"intrinsics": {"fx": 1073.47, "fy": 1074.46, "cx": 630.898, "cy": 515.152}, "camera_to_world_matrix": [0.518891, -0.582658, -0.62551, -2.51062, -0.854087, -0.322622, -0.407985, 3.52716, 0.035912, 0.745939, -0.665045, 4.34989, 0.0, 0.0, 0.0, 1.0]}, "03a24b8a20e44c4897ad0c0ae672363f_d0_1.png": {"intrinsics": {"fx": 1073.47, "fy": 1074.46, "cx": 630.898, "cy": 515.152}, "camera_to_world_matrix": [-0.48068, -0.587206, -0.651258, -2.51016, -0.876615, 0.340604, 0.339906, 3.51262, 0.0222262, 0.734288, -0.678474, 4.35015, 0.0, 0.0, 0.0, 1.0]}, "03a24b8a20e44c4897ad0c0ae672363f_d0_2.png": {"intrinsics": {"fx": 1073.47, "fy": 1074.46, "cx": 630.898, "cy": 515.152}, "camera_to_world_matrix": [-0.999753, -0.0150728, -0.0163935, -2.52252, -0.0222696, 0.67629, 0.7363, 3.50494, -1.15046e-05, 0.736482, -0.676457, 4.35011, 0.0, 0.0, 0.0, 1.0]}, "03a24b8a20e44c4897ad0c0ae672363f_d0_3.png": {"intrinsics": {"fx": 1073.47, "fy": 1074.46, "cx": 630.898, "cy": 515.152}, "camera_to_world_matrix": [-0.519242, 0.561595, 0.644204, -2.53534, 0.854585, 0.348741, 0.384793, 3.51181, -0.00856293, 0.750327, -0.661011, 4.34981, 0.0, 0.0, 0.0, 1.0]}, "03a24b8a20e44c4897ad0c0ae672363f_d0_4.png": {"intrinsics": {"fx": 1073.47, "fy": 1074.46, "cx": 630.898, "cy": 515.152}, "camera_to_world_matrix": [0.480329, 0.566117, 0.669922, -2.53581, 0.877074, -0.314485, -0.3631, 3.52635, 0.0051236, 0.761978, -0.647582, 4.34955, 0.0, 0.0, 0.0, 1.0]}, "03a24b8a20e44c4897ad0c0ae672363f_d0_5.png": {"intrinsics": {"fx": 1073.47, "fy": 1074.46, "cx": 630.898, "cy": 515.152}, "camera_to_world_matrix": [0.999368, -0.00602873, 0.0350422, -2.52344, 0.0227082, -0.650148, -0.759468, 3.53402, 0.0273612, 0.759784, -0.6496, 4.34959, 0.0, 0.0, 0.0, 1.0]}, "03a24b8a20e44c4897ad0c0ae672363f_d1_0.png": {"intrinsics": {"fx": 1076.78, "fy": 1077.4, "cx": 634.153, "cy": 508.896}, "camera_to_world_matrix": [0.527189, -0.0135514, -0.84964, -2.52048, -0.849368, 0.021519, -0.527363, 3.52191, 0.0254298, 0.999677, -0.000165147, 4.3831, 0.0, 0.0, 0.0, 1.0]}, "03a24b8a20e44c4897ad0c0ae672363f_d1_1.png": {"intrinsics": {"fx": 1076.78, "fy": 1077.4, "cx": 634.153, "cy": 508.896}, "camera_to_world_matrix": [-0.472213, -0.0103069, -0.881424, -2.52037, -0.881404, 0.0190343, 0.47198, 3.51841, 0.0119125, 0.999766, -0.0180724, 4.38316, 0.0, 0.0, 0.0, 1.0]}, "03a24b8a20e44c4897ad0c0ae672363f_d1_2.png": {"intrinsics": {"fx": 1076.78, "fy": 1077.4, "cx": 634.153, "cy": 508.896}, "camera_to_world_matrix": [-0.999436, -0.0108374, -0.0318005, -2.52334, -0.031961, 0.0149817, 0.999377, 3.51657, -0.0103543, 0.999829, -0.0153193, 4.38315, 0.0, 0.0, 0.0, 1.0]}, "03a24b8a20e44c4897ad0c0ae672363f_d1_3.png": {"intrinsics": {"fx": 1076.78, "fy": 1077.4, "cx": 634.153, "cy": 508.896}, "camera_to_world_matrix": [-0.527245, -0.0146123, 0.849588, -2.52642, 0.849499, 0.0134141, 0.52742, 3.51822, -0.0191034, 0.999803, 0.00534102, 4.38308, 0.0, 0.0, 0.0, 1.0]}, "03a24b8a20e44c4897ad0c0ae672363f_d1_4.png": {"intrinsics": {"fx": 1076.78, "fy": 1077.4, "cx": 634.153, "cy": 508.896}, "camera_to_world_matrix": [0.472159, -0.0178567, 0.881333, -2.52654, 0.881496, 0.0158989, -0.471924, 3.52172, -0.00558536, 0.999714, 0.0232478, 4.38302, 0.0, 0.0, 0.0, 1.0]}, "03a24b8a20e44c4897ad0c0ae672363f_d1_5.png": {"intrinsics": {"fx": 1076.78, "fy": 1077.4, "cx": 634.153, "cy": 508.896}, "camera_to_world_matrix": [0.999348, -0.017326, 0.0316884, -2.52356, 0.0320324, 0.0199515, -0.999288, 3.52356, 0.0166814, 0.999651, 0.0204938, 4.38303, 0.0, 0.0, 0.0, 1.0]}, "03a24b8a20e44c4897ad0c0ae672363f_d2_0.png": {"intrinsics": {"fx": 1076.33, "fy": 1076.54, "cx": 640.144, "cy": 512.831}, "camera_to_world_matrix": [0.52857, 0.554903, -0.642414, -2.51156, -0.848338, 0.372512, -0.376235, 3.52832, 0.0305334, 0.743852, 0.667644, 4.41637, 0.0, 0.0, 0.0, 1.0]}, "03a24b8a20e44c4897ad0c0ae672363f_d2_1.png": {"intrinsics": {"fx": 1076.33, "fy": 1076.54, "cx": 640.144, "cy": 512.831}, "camera_to_world_matrix": [-0.470744, 0.583493, -0.661765, -2.5111, -0.882103, -0.296779, 0.365806, 3.51378, 0.0170475, 0.755948, 0.654407, 4.41663, 0.0, 0.0, 0.0, 1.0]}, "03a24b8a20e44c4897ad0c0ae672363f_d2_2.png": {"intrinsics": {"fx": 1076.33, "fy": 1076.54, "cx": 640.144, "cy": 512.831}, "camera_to_world_matrix": [-0.99942, 0.0181224, -0.0287713, -2.52346, -0.0336002, -0.656318, 0.753735, 3.5061, -0.00522329, 0.754266, 0.656546, 4.41659, 0.0, 0.0, 0.0, 1.0]}, "03a24b8a20e44c4897ad0c0ae672363f_d2_3.png": {"intrinsics": {"fx": 1076.33, "fy": 1076.54, "cx": 640.144, "cy": 512.831}, "camera_to_world_matrix": [-0.528769, -0.575825, 0.623561, -2.53628, 0.848648, -0.346557, 0.399614, 3.51297, -0.0140078, 0.740488, 0.671921, 4.41629, 0.0, 0.0, 0.0, 1.0]}, "03a24b8a20e44c4897ad0c0ae672363f_d2_4.png": {"intrinsics": {"fx": 1076.33, "fy": 1076.54, "cx": 640.144, "cy": 512.831}, "camera_to_world_matrix": [0.470546, -0.604388, 0.642883, -2.53674, 0.882373, 0.322735, -0.342428, 3.52751, -0.000521266, 0.728393, 0.685157, 4.41603, 0.0, 0.0, 0.0, 1.0]}, "03a24b8a20e44c4897ad0c0ae672363f_d2_5.png": {"intrinsics": {"fx": 1076.33, "fy": 1076.54, "cx": 640.144, "cy": 512.831}, "camera_to_world_matrix": [0.999188, -0.0390037, 0.00987385, -2.52438, 0.0338497, 0.682252, -0.730332, 3.53519, 0.0217495, 0.730075, 0.683018, 4.41607, 0.0, 0.0, 0.0, 1.0]}, "0730f29b10af4cbc93265ce3c73aff20_d0_0.png": {"intrinsics": {"fx": 1073.47, "fy": 1074.46, "cx": 630.898, "cy": 515.152}, "camera_to_world_matrix": [0.670119, 0.469567, 0.574847, 8.73929, 0.742053, -0.441884, -0.50408, -4.06482, 0.0173161, 0.764359, -0.644558, 4.43823, 0.0, 0.0, 0.0, 1.0]}, "0730f29b10af4cbc93265ce3c73aff20_d0_1.png": {"intrinsics": {"fx": 1073.47, "fy": 1074.46, "cx": 630.898, "cy": 515.152}, "camera_to_world_matrix": [0.977147, -0.164651, -0.134446, 8.75309, -0.209363, -0.636006, -0.742741, -4.06021, 0.0367848, 0.753914, -0.655942, 4.43845, 0.0, 0.0, 0.0, 1.0]}, "0730f29b10af4cbc93265ce3c73aff20_d0_2.png": {"intrinsics": {"fx": 1073.47, "fy": 1074.46, "cx": 630.898, "cy": 515.152}, "camera_to_world_matrix": [0.306723, -0.649693, -0.695573, 8.76398, -0.951222, -0.183794, -0.247785, -4.06986, 0.0331419, 0.737645, -0.674375, 4.43881, 0.0, 0.0, 0.0, 1.0]}, "0730f29b10af4cbc93265ce3c73aff20_d0_3.png": {"intrinsics": {"fx": 1073.47, "fy": 1074.46, "cx": 630.898, "cy": 515.152}, "camera_to_world_matrix": [-0.670713, -0.500504, -0.547394, 8.76106, -0.74165, 0.46253, 0.485821, -4.08412, 0.0100304, 0.731821, -0.681423, 4.43895, 0.0, 0.0, 0.0, 1.0]}, "0730f29b10af4cbc93265ce3c73aff20_d0_4.png": {"intrinsics": {"fx": 1073.47, "fy": 1074.46, "cx": 630.898, "cy": 515.152}, "camera_to_world_matrix": [-0.977704, 0.133722, 0.161908, 8.74726, 0.209778, 0.656627, 0.724455, -4.08872, -0.00943777, 0.742267, -0.670038, 4.43872, 0.0, 0.0, 0.0, 1.0]}, "0730f29b10af4cbc93265ce3c73aff20_d0_5.png": {"intrinsics": {"fx": 1073.47, "fy": 1074.46, "cx": 630.898, "cy": 515.152}, "camera_to_world_matrix": [-0.307252, 0.618746, 0.723015, 8.73637, 0.951611, 0.204396, 0.229476, -4.07907, -0.00579394, 0.758536, -0.651605, 4.43837, 0.0, 0.0, 0.0, 1.0]}, "0730f29b10af4cbc93265ce3c73aff20_d1_0.png": {"intrinsics": {"fx": 1076.78, "fy": 1077.4, "cx": 634.153, "cy": 508.896}, "camera_to_world_matrix": [0.663311, -0.0247172, 0.747936, 8.74687, 0.748315, 0.0131308, -0.663214, -4.07169, 0.00657169, 0.999608, 0.0272064, 4.47174, 0.0, 0.0, 0.0, 1.0]}, "0730f29b10af4cbc93265ce3c73aff20_d1_1.png": {"intrinsics": {"fx": 1076.78, "fy": 1077.4, "cx": 634.153, "cy": 508.896}, "camera_to_world_matrix": [0.979402, -0.0232628, -0.200579, 8.75019, -0.200218, 0.0169509, -0.979605, -4.07058, 0.0261882, 0.999586, 0.0119444, 4.4718, 0.0, 0.0, 0.0, 1.0]}, "0730f29b10af4cbc93265ce3c73aff20_d1_2.png": {"intrinsics": {"fx": 1076.78, "fy": 1077.4, "cx": 634.153, "cy": 508.896}, "camera_to_world_matrix": [0.316003, -0.0192281, -0.948564, 8.75281, -0.948485, 0.017602, -0.316334, -4.0729, 0.022779, 0.99966, -0.0126749, 4.47188, 0.0, 0.0, 0.0, 1.0]}, "0730f29b10af4cbc93265ce3c73aff20_d1_3.png": {"intrinsics": {"fx": 1076.78, "fy": 1077.4, "cx": 634.153, "cy": 508.896}, "camera_to_world_matrix": [-0.663471, -0.0166479, -0.748017, 8.7521, -0.748202, 0.0144331, 0.663314, -4.07633, -0.000246643, 0.999757, -0.0220316, 4.47191, 0.0, 0.0, 0.0, 1.0]}, "0730f29b10af4cbc93265ce3c73aff20_d1_4.png": {"intrinsics": {"fx": 1076.78, "fy": 1077.4, "cx": 634.153, "cy": 508.896}, "camera_to_world_matrix": [-0.979525, -0.0181025, 0.20051, 8.74879, 0.200343, 0.0106132, 0.979669, -4.07744, -0.0198626, 0.99978, -0.00676881, 4.47186, 0.0, 0.0, 0.0, 1.0]}, "0730f29b10af4cbc93265ce3c73aff20_d1_5.png": {"intrinsics": {"fx": 1076.78, "fy": 1077.4, "cx": 634.153, "cy": 508.896}, "camera_to_world_matrix": [-0.316097, -0.0221372, 0.948469, 8.74617, 0.948585, 0.00996217, 0.316368, -4.07511, -0.0164524, 0.999706, 0.0178504, 4.47178, 0.0, 0.0, 0.0, 1.0]}, "0730f29b10af4cbc93265ce3c73aff20_d2_0.png": {"intrinsics": {"fx": 1076.33, "fy": 1076.54, "cx": 640.144, "cy": 512.831}, "camera_to_world_matrix": [0.66189, -0.521324, 0.538629, 8.73792, 0.749509, 0.449124, -0.486336, -4.0639, 0.0116283, 0.725609, 0.688006, 4.50471, 0.0, 0.0, 0.0, 1.0]}, "0730f29b10af4cbc93265ce3c73aff20_d2_1.png": {"intrinsics": {"fx": 1076.33, "fy": 1076.54, "cx": 640.144, "cy": 512.831}, "camera_to_world_matrix": [0.979611, 0.111841, -0.166885, 8.75172, -0.198446, 0.668019, -0.717195, -4.0593, 0.0312705, 0.735691, 0.676593, 4.50493, 0.0, 0.0, 0.0, 1.0]}, "0730f29b10af4cbc93265ce3c73aff20_d2_2.png": {"intrinsics": {"fx": 1076.33, "fy": 1076.54, "cx": 640.144, "cy": 512.831}, "camera_to_world_matrix": [0.317528, 0.617808, -0.719366, 8.7626, -0.947836, 0.229112, -0.221609, -4.06895, 0.0279041, 0.75221, 0.65833, 4.50529, 0.0, 0.0, 0.0, 1.0]}, "0730f29b10af4cbc93265ce3c73aff20_d2_3.png": {"intrinsics": {"fx": 1076.33, "fy": 1076.54, "cx": 640.144, "cy": 512.831}, "camera_to_world_matrix": [-0.662261, 0.490599, -0.566322, 8.75968, -0.749255, -0.428681, 0.504825, -4.0832, 0.00489534, 0.758647, 0.651481, 4.50543, 0.0, 0.0, 0.0, 1.0]}, "0730f29b10af4cbc93265ce3c73aff20_d2_4.png": {"intrinsics": {"fx": 1076.33, "fy": 1076.54, "cx": 640.144, "cy": 512.831}, "camera_to_world_matrix": [-0.979945, -0.142575, 0.1392, 8.74588, 0.198712, -0.647551, 0.735656, -4.0878, -0.0147464, 0.748564, 0.662896, 4.5052, 0.0, 0.0, 0.0, 1.0]}, "0730f29b10af4cbc93265ce3c73aff20_d2_5.png": {"intrinsics": {"fx": 1076.33, "fy": 1076.54, "cx": 640.144, "cy": 512.831}, "camera_to_world_matrix": [-0.317833, -0.648525, 0.691663, 8.735, 0.948077, -0.208625, 0.240048, -4.07815, -0.0113789, 0.732046, 0.681158, 4.50485, 0.0, 0.0, 0.0, 1.0]}, "083bda5a16e94813802376df1513dbeb_d0_0.png": {"intrinsics": {"fx": 1073.47, "fy": 1074.46, "cx": 630.898, "cy": 515.152}, "camera_to_world_matrix": [-0.6164, 0.52939, 0.582921, -5.13044, 0.787359, 0.404171, 0.465524, -14.2417, 0.0108439, 0.745917, -0.665951, -1.84367, 0.0, 0.0, 0.0, 1.0]}, "083bda5a16e94813802376df1513dbeb_d0_1.png": {"intrinsics": {"fx": 1073.47, "fy": 1074.46, "cx": 630.898, "cy": 515.152}, "camera_to_world_matrix": [0.373643, 0.612236, 0.69682, -5.13262, 0.927529, -0.253973, -0.274207, -14.2273, 0.00909422, 0.748776, -0.662761, -1.84373, 0.0, 0.0, 0.0, 1.0]}, "083bda5a16e94813802376df1513dbeb_d0_2.png": {"intrinsics": {"fx": 1073.47, "fy": 1074.46, "cx": 630.898, "cy": 515.152}, "camera_to_world_matrix": [0.990051, 0.0836794, 0.113132, -5.12124, 0.14021, -0.654782, -0.7427, -14.2183, 0.0119282, 0.751172, -0.659999, -1.84379, 0.0, 0.0, 0.0, 1.0]}, "083bda5a16e94813802376df1513dbeb_d0_3.png": {"intrinsics": {"fx": 1073.47, "fy": 1074.46, "cx": 630.898, "cy": 515.152}, "camera_to_world_matrix": [0.616401, -0.527712, -0.584441, -5.1077, -0.78726, -0.397437, -0.471451, -14.2236, 0.0165118, 0.75071, -0.660426, -1.84378, 0.0, 0.0, 0.0, 1.0]}, "083bda5a16e94813802376df1513dbeb_d0_4.png": {"intrinsics": {"fx": 1073.47, "fy": 1074.46, "cx": 630.898, "cy": 515.152}, "camera_to_world_matrix": [-0.373648, -0.610532, -0.698311, -5.10552, -0.927391, 0.260711, 0.268284, -14.238, 0.0182613, 0.747851, -0.663615, -1.84372, 0.0, 0.0, 0.0, 1.0]}, "083bda5a16e94813802376df1513dbeb_d0_5.png": {"intrinsics": {"fx": 1073.47, "fy": 1074.46, "cx": 630.898, "cy": 515.152}, "camera_to_world_matrix": [-0.990025, -0.0819592, -0.114605, -5.11689, -0.140049, 0.661499, 0.736754, -14.247, 0.0154271, 0.745455, -0.666378, -1.84366, 0.0, 0.0, 0.0, 1.0]}, "083bda5a16e94813802376df1513dbeb_d1_0.png": {"intrinsics": {"fx": 1076.78, "fy": 1077.4, "cx": 634.153, "cy": 508.896}, "camera_to_world_matrix": [-0.623927, 0.00108395, 0.781482, -5.12177, 0.781483, 0.000398614, 0.623927, -14.2347, 0.000364694, 1.0, -0.00109545, -1.81046, 0.0, 0.0, 0.0, 1.0]}, "083bda5a16e94813802376df1513dbeb_d1_1.png": {"intrinsics": {"fx": 1076.78, "fy": 1077.4, "cx": 634.153, "cy": 508.896}, "camera_to_world_matrix": [0.364825, -0.00243169, 0.931073, -5.12229, 0.931075, 0.002484, -0.36482, -14.2312, -0.00142576, 0.999994, 0.00317065, -1.81048, 0.0, 0.0, 0.0, 1.0]}, "083bda5a16e94813802376df1513dbeb_d1_2.png": {"intrinsics": {"fx": 1076.78, "fy": 1077.4, "cx": 634.153, "cy": 508.896}, "camera_to_world_matrix": [0.988748, -0.00238345, 0.149573, -5.11955, 0.149586, 0.00657128, -0.988727, -14.229, 0.0013736, 0.999976, 0.00685421, -1.81049, 0.0, 0.0, 0.0, 1.0]}, "083bda5a16e94813802376df1513dbeb_d1_3.png": {"intrinsics": {"fx": 1076.78, "fy": 1077.4, "cx": 634.153, "cy": 508.896}, "camera_to_world_matrix": [0.623904, 0.00118041, -0.7815, -5.1163, -0.781479, 0.00857309, -0.623874, -14.2303, 0.00596334, 0.999963, 0.00627159, -1.81049, 0.0, 0.0, 0.0, 1.0]}, "083bda5a16e94813802376df1513dbeb_d1_4.png": {"intrinsics": {"fx": 1076.78, "fy": 1077.4, "cx": 634.153, "cy": 508.896}, "camera_to_world_matrix": [-0.364855, 0.00469597, -0.931053, -5.11577, -0.931033, 0.00648756, 0.364879, -14.2338, 0.00775362, 0.999968, 0.00200542, -1.81047, 0.0, 0.0, 0.0, 1.0]}, "083bda5a16e94813802376df1513dbeb_d1_5.png": {"intrinsics": {"fx": 1076.78, "fy": 1077.4, "cx": 634.153, "cy": 508.896}, "camera_to_world_matrix": [-0.988747, 0.00464757, -0.149528, -5.11851, -0.149519, 0.00240028, 0.988756, -14.236, 0.00495413, 0.999987, -0.00167803, -1.81046, 0.0, 0.0, 0.0, 1.0]}, "083bda5a16e94813802376df1513dbeb_d2_0.png": {"intrinsics": {"fx": 1076.33, "fy": 1076.54, "cx": 640.144, "cy": 512.831}, "camera_to_world_matrix": [-0.625253, -0.518169, 0.583573, -5.13036, 0.7804, -0.420377, 0.462877, -14.2414, 0.00547196, 0.744838, 0.667221, -1.77717, 0.0, 0.0, 0.0, 1.0]}, "083bda5a16e94813802376df1513dbeb_d2_1.png": {"intrinsics": {"fx": 1076.33, "fy": 1076.54, "cx": 640.144, "cy": 512.831}, "camera_to_world_matrix": [0.363208, -0.625608, 0.69043, -5.13254, 0.931699, 0.240958, -0.271797, -14.227, 0.00367416, 0.741993, 0.670395, -1.77723, 0.0, 0.0, 0.0, 1.0]}, "083bda5a16e94813802376df1513dbeb_d2_2.png": {"intrinsics": {"fx": 1076.33, "fy": 1076.54, "cx": 640.144, "cy": 512.831}, "camera_to_world_matrix": [0.988463, -0.106584, 0.107599, -5.12117, 0.151315, 0.66466, -0.731663, -14.218, 0.00646709, 0.739504, 0.673118, -1.77729, 0.0, 0.0, 0.0, 1.0]}, "083bda5a16e94813802376df1513dbeb_d2_3.png": {"intrinsics": {"fx": 1076.33, "fy": 1076.54, "cx": 640.144, "cy": 512.831}, "camera_to_world_matrix": [0.625242, 0.519867, -0.582074, -5.10762, -0.78035, 0.427017, -0.456844, -14.2233, 0.0110577, 0.739861, 0.672666, -1.77728, 0.0, 0.0, 0.0, 1.0]}, "083bda5a16e94813802376df1513dbeb_d2_4.png": {"intrinsics": {"fx": 1076.33, "fy": 1076.54, "cx": 640.144, "cy": 512.831}, "camera_to_world_matrix": [-0.363226, 0.62728, -0.688902, -5.10545, -0.931611, -0.234322, 0.277835, -14.2377, 0.0128553, 0.742706, 0.669491, -1.77722, 0.0, 0.0, 0.0, 1.0]}, "083bda5a16e94813802376df1513dbeb_d2_5.png": {"intrinsics": {"fx": 1076.33, "fy": 1076.54, "cx": 640.144, "cy": 512.831}, "camera_to_world_matrix": [-0.98845, 0.108239, -0.106054, -5.11682, -0.151202, -0.658004, 0.737678, -14.2467, 0.0100623, 0.745194, 0.666769, -1.77716, 0.0, 0.0, 0.0, 1.0]}, "08b7967373ca471e8b00cc96a3e8e2c1_d0_0.png": {"intrinsics": {"fx": 1073.47, "fy": 1074.46, "cx": 630.898, "cy": 515.152}, "camera_to_world_matrix": [0.492309, -0.580576, -0.648509, 3.32411, -0.870158, -0.309952, -0.383088, 11.2835, 0.0214046, 0.752903, -0.657784, 1.52301, 0.0, 0.0, 0.0, 1.0]}, "08b7967373ca471e8b00cc96a3e8e2c1_d0_1.png": {"intrinsics": {"fx": 1073.47, "fy": 1074.46, "cx": 630.898, "cy": 515.152}, "camera_to_world_matrix": [-0.507567, -0.564471, -0.65096, 3.32412, -0.861288, 0.353162, 0.365324, 11.269, 0.0236792, 0.746089, -0.665425, 1.52315, 0.0, 0.0, 0.0, 1.0]}, "08b7967373ca471e8b00cc96a3e8e2c1_d0_2.png": {"intrinsics": {"fx": 1073.47, "fy": 1074.46, "cx": 630.898, "cy": 515.152}, "camera_to_world_matrix": [-0.999833, 0.017887, -0.00400468, 3.31153, 0.00902924, 0.670751, 0.741628, 11.2617, 0.0159515, 0.741467, -0.6708, 1.52326, 0.0, 0.0, 0.0, 1.0]}, "08b7967373ca471e8b00cc96a3e8e2c1_d0_3.png": {"intrinsics": {"fx": 1073.47, "fy": 1074.46, "cx": 630.898, "cy": 515.152}, "camera_to_world_matrix": [-0.492211, 0.584128, 0.645387, 3.29892, 0.870456, 0.32522, 0.369512, 11.269, 0.00594939, 0.743658, -0.668534, 1.52321, 0.0, 0.0, 0.0, 1.0]}, "08b7967373ca471e8b00cc96a3e8e2c1_d0_4.png": {"intrinsics": {"fx": 1073.47, "fy": 1074.46, "cx": 630.898, "cy": 515.152}, "camera_to_world_matrix": [0.507665, 0.567998, 0.647808, 3.29891, 0.861547, -0.337893, -0.3789, 11.2835, 0.00367525, 0.750471, -0.660893, 1.52307, 0.0, 0.0, 0.0, 1.0]}, "08b7967373ca471e8b00cc96a3e8e2c1_d0_5.png": {"intrinsics": {"fx": 1073.47, "fy": 1074.46, "cx": 630.898, "cy": 515.152}, "camera_to_world_matrix": [0.999897, -0.0143729, 0.00083791, 3.31151, -0.00878902, -0.65546, -0.755179, 11.2908, 0.0114032, 0.755093, -0.655518, 1.52296, 0.0, 0.0, 0.0, 1.0]}, "08b7967373ca471e8b00cc96a3e8e2c1_d1_0.png": {"intrinsics": {"fx": 1076.78, "fy": 1077.4, "cx": 634.153, "cy": 508.896}, "camera_to_world_matrix": [0.500584, 0.00302174, -0.865683, 3.31463, -0.865621, 0.0142508, -0.500498, 11.2784, 0.0108242, 0.999894, 0.00974973, 1.55633, 0.0, 0.0, 0.0, 1.0]}, "08b7967373ca471e8b00cc96a3e8e2c1_d1_1.png": {"intrinsics": {"fx": 1076.78, "fy": 1077.4, "cx": 634.153, "cy": 508.896}, "camera_to_world_matrix": [-0.49942, 0.00618755, -0.866338, 3.31463, -0.86626, 0.0116651, 0.499458, 11.2749, 0.0131962, 0.999913, -0.000465411, 1.55637, 0.0, 0.0, 0.0, 1.0]}, "08b7967373ca471e8b00cc96a3e8e2c1_d1_2.png": {"intrinsics": {"fx": 1076.78, "fy": 1077.4, "cx": 634.153, "cy": 508.896}, "camera_to_world_matrix": [-0.999985, 0.00553108, -0.000629804, 3.3116, -0.000587584, 0.00763077, 0.999971, 11.2731, 0.00553562, 0.999956, -0.00762706, 1.55639, 0.0, 0.0, 0.0, 1.0]}, "08b7967373ca471e8b00cc96a3e8e2c1_d1_3.png": {"intrinsics": {"fx": 1076.78, "fy": 1077.4, "cx"