{"00beb82b024142b4830560d98a570b3e_d0_0.png": {"intrinsics": {"fx": 1073.67, "fy": 1075.17, "cx": 638.284, "cy": 536.875}, "camera_to_world_matrix": [-0.977124, 0.14342, 0.157032, -9.68159, 0.212599, 0.639815, 0.738538, 39.8273, 0.00544949, 0.755029, -0.655669, 1.10003, 0.0, 0.0, 0.0, 1.0]}, "00beb82b024142b4830560d98a570b3e_d0_1.png": {"intrinsics": {"fx": 1073.67, "fy": 1075.17, "cx": 638.284, "cy": 536.875}, "camera_to_world_matrix": [-0.30441, 0.631578, 0.713052, -9.69238, 0.952391, 0.188524, 0.239603, 39.8371, 0.0169009, 0.752042, -0.658898, 1.10009, 0.0, 0.0, 0.0, 1.0]}, "00beb82b024142b4830560d98a570b3e_d0_2.png": {"intrinsics": {"fx": 1073.67, "fy": 1075.17, "cx": 638.284, "cy": 536.875}, "camera_to_world_matrix": [0.672689, 0.48482, 0.558963, -9.68933, 0.739686, -0.459835, -0.491342, 39.8513, 0.0188185, 0.743977, -0.66794, 1.10027, 0.0, 0.0, 0.0, 1.0]}, "00beb82b024142b4830560d98a570b3e_d0_3.png": {"intrinsics": {"fx": 1073.67, "fy": 1075.17, "cx": 638.284, "cy": 536.875}, "camera_to_world_matrix": [0.977051, -0.150094, -0.151143, -9.67548, -0.212806, -0.656887, -0.723335, 39.8558, 0.00928465, 0.738899, -0.673753, 1.10038, 0.0, 0.0, 0.0, 1.0]}, "00beb82b024142b4830560d98a570b3e_d0_4.png": {"intrinsics": {"fx": 1073.67, "fy": 1075.17, "cx": 638.284, "cy": 536.875}, "camera_to_world_matrix": [0.304307, -0.638236, -0.707144, -9.66469, -0.952572, -0.205577, -0.224378, 39.846, -0.0021665, 0.741885, -0.670524, 1.10032, 0.0, 0.0, 0.0, 1.0]}, "00beb82b024142b4830560d98a570b3e_d0_5.png": {"intrinsics": {"fx": 1073.67, "fy": 1075.17, "cx": 638.284, "cy": 536.875}, "camera_to_world_matrix": [-0.672783, -0.491452, -0.553026, -9.66774, -0.739828, 0.442776, 0.506561, 39.8318, -0.00408367, 0.74995, -0.661482, 1.10014, 0.0, 0.0, 0.0, 1.0]}, "00beb82b024142b4830560d98a570b3e_d1_0.png": {"intrinsics": {"fx": 1073.4, "fy": 1073.92, "cx": 635.478, "cy": 530.184}, "camera_to_world_matrix": [-0.977733, -0.00140614, 0.20984, -9.67942, 0.209842, -0.00216046, 0.977732, 39.8378, -0.000921034, 0.999996, 0.00240568, 1.13341, 0.0, 0.0, 0.0, 1.0]}, "00beb82b024142b4830560d98a570b3e_d1_1.png": {"intrinsics": {"fx": 1073.4, "fy": 1073.92, "cx": 635.478, "cy": 530.184}, "camera_to_world_matrix": [-0.307151, 0.00510012, 0.951646, -9.68201, 0.9516, -0.00943229, 0.307187, 39.8401, 0.0105433, 0.999941, -0.00195789, 1.13343, 0.0, 0.0, 0.0, 1.0]}, "00beb82b024142b4830560d98a570b3e_d1_2.png": {"intrinsics": {"fx": 1073.4, "fy": 1073.92, "cx": 635.478, "cy": 530.184}, "camera_to_world_matrix": [0.670584, 0.00205547, 0.741828, -9.68128, 0.741726, -0.0187021, -0.670441, 39.8435, 0.0124961, 0.999822, -0.0140677, 1.13347, 0.0, 0.0, 0.0, 1.0]}, "00beb82b024142b4830560d98a570b3e_d1_3.png": {"intrinsics": {"fx": 1073.4, "fy": 1073.92, "cx": 635.478, "cy": 530.184}, "camera_to_world_matrix": [0.977716, -0.00749535, -0.209791, -9.67795, -0.209903, -0.0206999, -0.977502, 39.8446, 0.00298452, 0.999757, -0.0218137, 1.1335, 0.0, 0.0, 0.0, 1.0]}, "00beb82b024142b4830560d98a570b3e_d1_4.png": {"intrinsics": {"fx": 1073.4, "fy": 1073.92, "cx": 635.478, "cy": 530.184}, "camera_to_world_matrix": [0.307105, -0.0140013, -0.951572, -9.67535, -0.951636, -0.0134278, -0.306928, 39.8423, -0.00847969, 0.999811, -0.0174497, 1.13348, 0.0, 0.0, 0.0, 1.0]}, "00beb82b024142b4830560d98a570b3e_d1_5.png": {"intrinsics": {"fx": 1073.4, "fy": 1073.92, "cx": 635.478, "cy": 530.184}, "camera_to_world_matrix": [-0.670623, -0.0109563, -0.741716, -9.67609, -0.741723, -0.00415811, 0.670692, 39.8388, -0.010432, 0.99993, -0.00533978, 1.13344, 0.0, 0.0, 0.0, 1.0]}, "00beb82b024142b4830560d98a570b3e_d2_0.png": {"intrinsics": {"fx": 1073.9, "fy": 1073.99, "cx": 620.81, "cy": 513.6}, "camera_to_world_matrix": [-0.977071, -0.145916, 0.155046, -9.68188, 0.212885, -0.658469, 0.721871, 39.8266, -0.00323918, 0.738327, 0.674435, 1.16652, 0.0, 0.0, 0.0, 1.0]}, "00beb82b024142b4830560d98a570b3e_d2_1.png": {"intrinsics": {"fx": 1073.9, "fy": 1073.99, "cx": 620.81, "cy": 513.6}, "camera_to_world_matrix": [-0.304202, -0.637521, 0.707833, -9.69268, 0.952572, -0.209981, 0.220259, 39.8363, 0.00821163, 0.741266, 0.671161, 1.16659, 0.0, 0.0, 0.0, 1.0]}, "00beb82b024142b4830560d98a570b3e_d2_2.png": {"intrinsics": {"fx": 1073.9, "fy": 1073.99, "cx": 620.81, "cy": 513.6}, "camera_to_world_matrix": [0.672882, -0.494913, 0.549809, -9.68962, 0.73968, 0.43996, -0.509223, 39.8506, 0.0101271, 0.74933, 0.662119, 1.16676, 0.0, 0.0, 0.0, 1.0]}, "00beb82b024142b4830560d98a570b3e_d2_3.png": {"intrinsics": {"fx": 1073.9, "fy": 1073.99, "cx": 620.81, "cy": 513.6}, "camera_to_world_matrix": [0.977075, 0.139297, -0.160998, -9.67578, -0.212893, 0.641399, -0.737078, 39.855, 0.000591586, 0.754456, 0.65635, 1.16688, 0.0, 0.0, 0.0, 1.0]}, "00beb82b024142b4830560d98a570b3e_d2_4.png": {"intrinsics": {"fx": 1073.9, "fy": 1073.99, "cx": 620.81, "cy": 513.6}, "camera_to_world_matrix": [0.304177, 0.630884, -0.713765, -9.66498, -0.952553, 0.192891, -0.235445, 39.8453, -0.0108591, 0.751517, 0.659624, 1.16681, 0.0, 0.0, 0.0, 1.0]}, "00beb82b024142b4830560d98a570b3e_d2_5.png": {"intrinsics": {"fx": 1073.9, "fy": 1073.99, "cx": 620.81, "cy": 513.6}, "camera_to_world_matrix": [-0.672899, 0.488251, -0.555713, -9.66804, -0.739623, -0.457045, 0.494032, 39.831, -0.012774, 0.743452, 0.668667, 1.16664, 0.0, 0.0, 0.0, 1.0]}, "00dfcc36826e4cb89a28926aa8b4f32c_d0_0.png": {"intrinsics": {"fx": 1073.67, "fy": 1075.17, "cx": 638.284, "cy": 536.875}, "camera_to_world_matrix": [0.530705, -0.568476, -0.628639, -13.3102, -0.84743, -0.343052, -0.40519, 32.1034, 0.014685, 0.747764, -0.663803, 1.12172, 0.0, 0.0, 0.0, 1.0]}, "00dfcc36826e4cb89a28926aa8b4f32c_d0_1.png": {"intrinsics": {"fx": 1073.67, "fy": 1075.17, "cx": 638.284, "cy": 536.875}, "camera_to_world_matrix": [-0.468632, -0.586817, -0.660326, -13.3096, -0.883311, 0.321489, 0.341184, 32.0889, 0.0120745, 0.743163, -0.669002, 1.12182, 0.0, 0.0, 0.0, 1.0]}, "00dfcc36826e4cb89a28926aa8b4f32c_d0_2.png": {"intrinsics": {"fx": 1073.67, "fy": 1075.17, "cx": 638.284, "cy": 536.875}, "camera_to_world_matrix": [-0.999347, -0.0204624, -0.0297717, -13.3219, -0.035811, 0.669646, 0.741817, 32.0811, 0.0047571, 0.742399, -0.669942, 1.12184, 0.0, 0.0, 0.0, 1.0]}, "00dfcc36826e4cb89a28926aa8b4f32c_d0_3.png": {"intrinsics": {"fx": 1073.67, "fy": 1075.17, "cx": 638.284, "cy": 536.875}, "camera_to_world_matrix": [-0.530714, 0.56422, 0.632454, -13.3348, 0.847551, 0.353255, 0.396066, 32.0879, 5.03086e-05, 0.746235, -0.665683, 1.12175, 0.0, 0.0, 0.0, 1.0]}, "00dfcc36826e4cb89a28926aa8b4f32c_d0_4.png": {"intrinsics": {"fx": 1073.67, "fy": 1075.17, "cx": 638.284, "cy": 536.875}, "camera_to_world_matrix": [0.468625, 0.582535, 0.664112, -13.3354, 0.883394, -0.311286, -0.35031, 32.1024, 0.00266111, 0.750836, -0.660484, 1.12165, 0.0, 0.0, 0.0, 1.0]}, "00dfcc36826e4cb89a28926aa8b4f32c_d0_5.png": {"intrinsics": {"fx": 1073.67, "fy": 1075.17, "cx": 638.284, "cy": 536.875}, "camera_to_world_matrix": [0.999306, 0.0161666, 0.033542, -13.3231, 0.0358726, -0.659421, -0.750917, 32.1102, 0.00997852, 0.7516, -0.659544, 1.12163, 0.0, 0.0, 0.0, 1.0]}, "00dfcc36826e4cb89a28926aa8b4f32c_d1_0.png": {"intrinsics": {"fx": 1073.4, "fy": 1073.92, "cx": 635.478, "cy": 530.184}, "camera_to_world_matrix": [0.533192, -0.0116163, -0.845913, -13.3196, -0.845951, 0.00254291, -0.533252, 32.0977, 0.00834596, 0.999928, -0.00847276, 1.15498, 0.0, 0.0, 0.0, 1.0]}, "00dfcc36826e4cb89a28926aa8b4f32c_d1_1.png": {"intrinsics": {"fx": 1073.4, "fy": 1073.92, "cx": 635.478, "cy": 530.184}, "camera_to_world_matrix": [-0.466061, -0.0109616, -0.884683, -13.3195, -0.884732, 0.0122785, 0.465935, 32.0942, 0.00575558, 0.999864, -0.0154224, 1.155, 0.0, 0.0, 0.0, 1.0]}, "00dfcc36826e4cb89a28926aa8b4f32c_d1_2.png": {"intrinsics": {"fx": 1073.4, "fy": 1073.92, "cx": 635.478, "cy": 530.184}, "camera_to_world_matrix": [-0.999246, -0.00220286, -0.0387225, -13.3225, -0.0387541, 0.0165793, 0.99911, 32.0924, -0.00155846, 0.999859, -0.016654, 1.15501, 0.0, 0.0, 0.0, 1.0]}, "00dfcc36826e4cb89a28926aa8b4f32c_d1_3.png": {"intrinsics": {"fx": 1073.4, "fy": 1073.92, "cx": 635.478, "cy": 530.184}, "camera_to_world_matrix": [-0.533165, 0.00590104, 0.845989, -13.3256, 0.845986, 0.0111445, 0.533086, 32.094, -0.00628195, 0.999919, -0.0109358, 1.15499, 0.0, 0.0, 0.0, 1.0]}, "00dfcc36826e4cb89a28926aa8b4f32c_d1_4.png": {"intrinsics": {"fx": 1073.4, "fy": 1073.92, "cx": 635.478, "cy": 530.184}, "camera_to_world_matrix": [0.46609, 0.00524597, 0.88472, -13.3257, 0.884728, 0.00140901, -0.466103, 32.0975, -0.0036913, 0.999984, -0.00398629, 1.15496, 0.0, 0.0, 0.0, 1.0]}, "00dfcc36826e4cb89a28926aa8b4f32c_d1_5.png": {"intrinsics": {"fx": 1073.4, "fy": 1073.92, "cx": 635.478, "cy": 530.184}, "camera_to_world_matrix": [0.999241, -0.00351298, 0.0387388, -13.3227, 0.0387291, -0.00289151, -0.999245, 32.0994, 0.00362279, 0.999989, -0.00275502, 1.15496, 0.0, 0.0, 0.0, 1.0]}, "00dfcc36826e4cb89a28926aa8b4f32c_d2_0.png": {"intrinsics": {"fx": 1073.9, "fy": 1073.99, "cx": 620.81, "cy": 513.6}, "camera_to_world_matrix": [0.530586, 0.56244, -0.634145, -13.3104, -0.847609, 0.357348, -0.392249, 32.1039, 0.00599409, 0.74563, 0.666333, 1.18822, 0.0, 0.0, 0.0, 1.0]}, "00dfcc36826e4cb89a28926aa8b4f32c_d2_1.png": {"intrinsics": {"fx": 1073.9, "fy": 1073.99, "cx": 620.81, "cy": 513.6}, "camera_to_world_matrix": [-0.468783, 0.585194, -0.661657, -13.3098, -0.883306, -0.307698, 0.353682, 32.0893, 0.00338222, 0.750247, 0.661149, 1.18832, 0.0, 0.0, 0.0, 1.0]}, "00dfcc36826e4cb89a28926aa8b4f32c_d2_2.png": {"intrinsics": {"fx": 1073.9, "fy": 1073.99, "cx": 620.81, "cy": 513.6}, "camera_to_world_matrix": [-0.999355, 0.0206077, -0.029399, -13.3221, -0.0356861, -0.659931, 0.750478, 32.0816, -0.00393555, 0.751044, 0.66024, 1.18833, 0.0, 0.0, 0.0, 1.0]}, "00dfcc36826e4cb89a28926aa8b4f32c_d2_3.png": {"intrinsics": {"fx": 1073.9, "fy": 1073.99, "cx": 620.81, "cy": 513.6}, "camera_to_world_matrix": [-0.530545, -0.56672, 0.630357, -13.335, 0.847612, -0.347109, 0.401334, 32.0884, -0.00864138, 0.747224, 0.664515, 1.18825, 0.0, 0.0, 0.0, 1.0]}, "00dfcc36826e4cb89a28926aa8b4f32c_d2_4.png": {"intrinsics": {"fx": 1073.9, "fy": 1073.99, "cx": 620.81, "cy": 513.6}, "camera_to_world_matrix": [0.468825, -0.589448, 0.65784, -13.3356, 0.88327, 0.317939, -0.344599, 32.1029, -0.00602928, 0.742607, 0.669699, 1.18815, 0.0, 0.0, 0.0, 1.0]}, "00dfcc36826e4cb89a28926aa8b4f32c_d2_5.png": {"intrinsics": {"fx": 1073.9, "fy": 1073.99, "cx": 620.81, "cy": 513.6}, "camera_to_world_matrix": [0.999364, -0.0248481, 0.0255663, -13.3233, 0.0356288, 0.670149, -0.741371, 32.1106, 0.00128858, 0.74181, 0.670608, 1.18813, 0.0, 0.0, 0.0, 1.0]}, "06392493e75a463388d9f3bd2673799f_d0_0.png": {"intrinsics": {"fx": 1073.67, "fy": 1075.17, "cx": 638.284, "cy": 536.875}, "camera_to_world_matrix": [-0.999966, 0.00705145, -0.00425583, -0.320815, 0.00141956, 0.656547, 0.754284, 41.2643, 0.00811294, 0.754253, -0.656534, 1.11248, 0.0, 0.0, 0.0, 1.0]}, "06392493e75a463388d9f3bd2673799f_d0_1.png": {"intrinsics": {"fx": 1073.67, "fy": 1075.17, "cx": 638.284, "cy": 536.875}, "camera_to_world_matrix": [-0.498663, 0.57951, 0.644596, -0.333426, 0.866625, 0.318544, 0.384046, 41.2715, 0.0172263, 0.750132, -0.661064, 1.11257, 0.0, 0.0, 0.0, 1.0]}, "06392493e75a463388d9f3bd2673799f_d0_2.png": {"intrinsics": {"fx": 1073.67, "fy": 1075.17, "cx": 638.284, "cy": 536.875}, "camera_to_world_matrix": [0.50132, 0.57299, 0.648353, -0.333446, 0.865105, -0.346194, -0.362964, 41.2861, 0.0164806, 0.742854, -0.66925, 1.11273, 0.0, 0.0, 0.0, 1.0]}, "06392493e75a463388d9f3bd2673799f_d0_3.png": {"intrinsics": {"fx": 1073.67, "fy": 1075.17, "cx": 638.284, "cy": 536.875}, "camera_to_world_matrix": [0.999977, -0.00598814, 0.00325748, -0.320855, -0.00161995, -0.672913, -0.739719, 41.2934, 0.00662146, 0.739697, -0.672908, 1.1128, 0.0, 0.0, 0.0, 1.0]}, "06392493e75a463388d9f3bd2673799f_d0_4.png": {"intrinsics": {"fx": 1073.67, "fy": 1075.17, "cx": 638.284, "cy": 536.875}, "camera_to_world_matrix": [0.49864, -0.578433, -0.64558, -0.308245, -0.866806, -0.334888, -0.369456, 41.2861, -0.00249162, 0.743818, -0.668378, 1.11271, 0.0, 0.0, 0.0, 1.0]}, "06392493e75a463388d9f3bd2673799f_d0_5.png": {"intrinsics": {"fx": 1073.67, "fy": 1075.17, "cx": 638.284, "cy": 536.875}, "camera_to_world_matrix": [-0.501343, -0.571887, -0.649307, -0.308225, -0.865247, 0.329849, 0.377555, 41.2716, -0.00174548, 0.751095, -0.660191, 1.11255, 0.0, 0.0, 0.0, 1.0]}, "06392493e75a463388d9f3bd2673799f_d1_0.png": {"intrinsics": {"fx": 1073.4, "fy": 1073.92, "cx": 635.478, "cy": 530.184}, "camera_to_world_matrix": [-0.999996, 0.00174707, -0.00140919, -0.320807, -0.00141181, -0.00125064, 0.999997, 41.275, 0.00174575, 0.999997, 0.00125135, 1.14585, 0.0, 0.0, 0.0, 1.0]}, "06392493e75a463388d9f3bd2673799f_d1_1.png": {"intrinsics": {"fx": 1073.4, "fy": 1073.92, "cx": 635.478, "cy": 530.184}, "camera_to_world_matrix": [-0.501192, 0.00964234, 0.865281, -0.32384, 0.865265, -0.0069842, 0.501262, 41.2767, 0.0108771, 0.999928, -0.00484452, 1.14587, 0.0, 0.0, 0.0, 1.0]}, "06392493e75a463388d9f3bd2673799f_d1_2.png": {"intrinsics": {"fx": 1073.4, "fy": 1073.92, "cx": 635.478, "cy": 530.184}, "camera_to_world_matrix": [0.498816, 0.00862409, 0.866664, -0.323845, 0.866647, -0.0166881, -0.498641, 41.2802, 0.0101631, 0.999823, -0.0158001, 1.14591, 0.0, 0.0, 0.0, 1.0]}, "06392493e75a463388d9f3bd2673799f_d1_3.png": {"intrinsics": {"fx": 1073.4, "fy": 1073.92, "cx": 635.478, "cy": 530.184}, "camera_to_world_matrix": [0.999997, -0.000289408, 0.00135605, -0.320816, 0.00135024, -0.0206582, -0.999785, 41.282, 0.000317812, 0.999786, -0.0206596, 1.14592, 0.0, 0.0, 0.0, 1.0]}, "06392493e75a463388d9f3bd2673799f_d1_4.png": {"intrinsics": {"fx": 1073.4, "fy": 1073.92, "cx": 635.478, "cy": 530.184}, "camera_to_world_matrix": [0.50116, -0.00818446, -0.865315, -0.317783, -0.865308, -0.0149244, -0.501015, 41.2802, -0.00881328, 0.999854, -0.0145633, 1.1459, 0.0, 0.0, 0.0, 1.0]}, "06392493e75a463388d9f3bd2673799f_d1_5.png": {"intrinsics": {"fx": 1073.4, "fy": 1073.92, "cx": 635.478, "cy": 530.184}, "camera_to_world_matrix": [-0.498848, -0.00716583, -0.866658, -0.317778, -0.86665, -0.00522049, 0.498887, 41.2767, -0.00809888, 0.99996, -0.00360778, 1.14586, 0.0, 0.0, 0.0, 1.0]}, "06392493e75a463388d9f3bd2673799f_d2_0.png": {"intrinsics": {"fx": 1073.9, "fy": 1073.99, "cx": 620.81, "cy": 513.6}, "camera_to_world_matrix": [-0.999998, -0.00157123, 0.0008687, -0.320767, 0.00170015, -0.673578, 0.739114, 41.2635, -0.000576009, 0.739114, 0.673579, 1.17897, 0.0, 0.0, 0.0, 1.0]}, "06392493e75a463388d9f3bd2673799f_d2_1.png": {"intrinsics": {"fx": 1073.9, "fy": 1073.99, "cx": 620.81, "cy": 513.6}, "camera_to_world_matrix": [-0.498521, -0.576807, 0.647125, -0.333378, 0.866835, -0.339043, 0.365576, 41.2708, 0.00853643, 0.743199, 0.669016, 1.17906, 0.0, 0.0, 0.0, 1.0]}, "06392493e75a463388d9f3bd2673799f_d2_2.png": {"intrinsics": {"fx": 1073.9, "fy": 1073.99, "cx": 620.81, "cy": 513.6}, "camera_to_world_matrix": [0.501487, -0.574678, 0.646727, -0.333398, 0.86513, 0.326366, -0.380836, 41.2853, 0.00778867, 0.750487, 0.660839, 1.17922, 0.0, 0.0, 0.0, 1.0]}, "06392493e75a463388d9f3bd2673799f_d2_3.png": {"intrinsics": {"fx": 1073.9, "fy": 1073.99, "cx": 620.81, "cy": 513.6}, "camera_to_world_matrix": [0.999996, 0.00268556, 7.2442e-05, -0.320807, -0.00171016, 0.657224, -0.753694, 41.2926, -0.00207158, 0.753691, 0.657225, 1.17929, 0.0, 0.0, 0.0, 1.0]}, "06392493e75a463388d9f3bd2673799f_d2_4.png": {"intrinsics": {"fx": 1073.9, "fy": 1073.99, "cx": 620.81, "cy": 513.6}, "camera_to_world_matrix": [0.498485, 0.577908, -0.646169, -0.308196, -0.866825, 0.322666, -0.380131, 41.2854, -0.0111838, 0.749606, 0.661789, 1.1792, 0.0, 0.0, 0.0, 1.0]}, "06392493e75a463388d9f3bd2673799f_d2_5.png": {"intrinsics": {"fx": 1073.9, "fy": 1073.99, "cx": 620.81, "cy": 513.6}, "camera_to_world_matrix": [-0.501523, 0.575753, -0.645742, -0.308177, -0.865081, -0.342743, 0.366281, 41.2708, -0.0104356, 0.742318, 0.669966, 1.17904, 0.0, 0.0, 0.0, 1.0]}, "067c553c59ab4d3e9749e7e7441a3c7e_d0_0.png": {"intrinsics": {"fx": 1073.67, "fy": 1075.17, "cx": 638.284, "cy": 536.875}, "camera_to_world_matrix": [0.897389, -0.289915, -0.332631, -9.29804, -0.440981, -0.563395, -0.698657, 0.137047, 0.015149, 0.773651, -0.633431, 1.40861, 0.0, 0.0, 0.0, 1.0]}, "067c553c59ab4d3e9749e7e7441a3c7e_d0_1.png": {"intrinsics": {"fx": 1073.67, "fy": 1075.17, "cx": 638.284, "cy": 536.875}, "camera_to_world_matrix": [0.0666269, -0.655294, -0.75243, -9.28991, -0.996677, -0.00829663, -0.0810293, 0.124988, 0.0468554, 0.755328, -0.653669, 1.40901, 0.0, 0.0, 0.0, 1.0]}, "067c553c59ab4d3e9749e7e7441a3c7e_d0_2.png": {"intrinsics": {"fx": 1073.67, "fy": 1075.17, "cx": 638.284, "cy": 536.875}, "camera_to_world_matrix": [-0.830681, -0.357028, -0.427201, -9.29629, -0.555377, 0.585222, 0.590823, 0.111926, 0.0390669, 0.728043, -0.684417, 1.40961, 0.0, 0.0, 0.0, 1.0]}, "067c553c59ab4d3e9749e7e7441a3c7e_d0_3.png": {"intrinsics": {"fx": 1073.67, "fy": 1075.17, "cx": 638.284, "cy": 536.875}, "camera_to_world_matrix": [-0.897207, 0.306611, 0.31782, -9.31081, 0.44161, 0.623629, 0.645033, 0.110923, -0.000427763, 0.719081, -0.694927, 1.40981, 0.0, 0.0, 0.0, 1.0]}, "067c553c59ab4d3e9749e7e7441a3c7e_d0_4.png": {"intrinsics": {"fx": 1073.67, "fy": 1075.17, "cx": 638.284, "cy": 536.875}, "camera_to_world_matrix": [-0.0664235, 0.671968, 0.737595, -9.31894, 0.997274, 0.0685164, 0.0273887, 0.122982, -0.032133, 0.737404, -0.674687, 1.40941, 0.0, 0.0, 0.0, 1.0]}, "067c553c59ab4d3e9749e7e7441a3c7e_d0_5.png": {"intrinsics": {"fx": 1073.67, "fy": 1075.17, "cx": 638.284, "cy": 536.875}, "camera_to_world_matrix": [0.830867, 0.373678, 0.41234, -9.31256, 0.555938, -0.52499, -0.644451, 0.136044, -0.024343, 0.764689, -0.643939, 1.40882, 0.0, 0.0, 0.0, 1.0]}, "067c553c59ab4d3e9749e7e7441a3c7e_d1_0.png": {"intrinsics": {"fx": 1073.4, "fy": 1073.92, "cx": 635.478, "cy": 530.184}, "camera_to_world_matrix": [0.898616, 0.00597599, -0.438691, -9.30252, -0.438645, 0.0320639, -0.898087, 0.128468, 0.00869961, 0.999467, 0.0314327, 1.44229, 0.0, 0.0, 0.0, 1.0]}, "067c553c59ab4d3e9749e7e7441a3c7e_d1_1.png": {"intrinsics": {"fx": 1073.4, "fy": 1073.92, "cx": 635.478, "cy": 530.184}, "camera_to_world_matrix": [0.069452, 0.00140823, -0.997583, -9.30056, -0.996762, 0.0406814, -0.0693372, 0.125567, 0.0404858, 0.99917, 0.00422731, 1.44238, 0.0, 0.0, 0.0, 1.0]}, "067c553c59ab4d3e9749e7e7441a3c7e_d1_2.png": {"intrinsics": {"fx": 1073.4, "fy": 1073.92, "cx": 635.478, "cy": 530.184}, "camera_to_world_matrix": [-0.829154, 0.00659127, -0.558978, -9.3021, -0.558053, 0.0489395, 0.82836, 0.122425, 0.0328165, 0.998779, -0.036902, 1.44253, 0.0, 0.0, 0.0, 1.0]}, "067c553c59ab4d3e9749e7e7441a3c7e_d1_3.png": {"intrinsics": {"fx": 1073.4, "fy": 1073.92, "cx": 635.478, "cy": 530.184}, "camera_to_world_matrix": [-0.898576, 0.0163419, 0.43851, -9.30559, 0.438763, 0.0485799, 0.897287, 0.122184, -0.00663891, 0.998685, -0.0508249, 1.44258, 0.0, 0.0, 0.0, 1.0]}, "067c553c59ab4d3e9749e7e7441a3c7e_d1_4.png": {"intrinsics": {"fx": 1073.4, "fy": 1073.92, "cx": 635.478, "cy": 530.184}, "camera_to_world_matrix": [-0.06939, 0.0209094, 0.997369, -9.30755, 0.996848, 0.0399623, 0.0685155, 0.125084, -0.0384241, 0.998981, -0.0236182, 1.44248, 0.0, 0.0, 0.0, 1.0]}, "067c553c59ab4d3e9749e7e7441a3c7e_d1_5.png": {"intrinsics": {"fx": 1073.4, "fy": 1073.92, "cx": 635.478, "cy": 530.184}, "camera_to_world_matrix": [0.829199, 0.015726, 0.558729, -9.30601, 0.558103, 0.0317043, -0.829164, 0.128226, -0.0307531, 0.999373, 0.0175108, 1.44234, 0.0, 0.0, 0.0, 1.0]}, "067c553c59ab4d3e9749e7e7441a3c7e_d2_0.png": {"intrinsics": {"fx": 1073.9, "fy": 1073.99, "cx": 620.81, "cy": 513.6}, "camera_to_world_matrix": [0.897233, 0.302933, -0.321254, -9.2973, -0.441509, 0.626151, -0.642654, 0.139728, 0.00647288, 0.718447, 0.695551, 1.47505, 0.0, 0.0, 0.0, 1.0]}, "067c553c59ab4d3e9749e7e7441a3c7e_d2_1.png": {"intrinsics": {"fx": 1073.9, "fy": 1073.99, "cx": 620.81, "cy": 513.6}, "camera_to_world_matrix": [0.0663467, 0.672331, -0.737272, -9.28917, -0.997065, 0.0729423, -0.0232079, 0.12767, 0.038175, 0.736648, 0.675197, 1.47545, 0.0, 0.0, 0.0, 1.0]}, "067c553c59ab4d3e9749e7e7441a3c7e_d2_2.png": {"intrinsics": {"fx": 1073.9, "fy": 1073.99, "cx": 620.81, "cy": 513.6}, "camera_to_world_matrix": [-0.830902, 0.377713, -0.408575, -9.29555, -0.555587, -0.52311, 0.64628, 0.114607, 0.0303787, 0.763995, 0.644506, 1.47605, 0.0, 0.0, 0.0, 1.0]}, "067c553c59ab4d3e9749e7e7441a3c7e_d2_3.png": {"intrinsics": {"fx": 1073.9, "fy": 1073.99, "cx": 620.81, "cy": 513.6}, "camera_to_world_matrix": [-0.897245, -0.286296, 0.336132, -9.31007, 0.441437, -0.56594, 0.696307, 0.113604, -0.00911949, 0.77314, 0.634169, 1.47625, 0.0, 0.0, 0.0, 1.0]}, "067c553c59ab4d3e9749e7e7441a3c7e_d2_4.png": {"intrinsics": {"fx": 1073.9, "fy": 1073.99, "cx": 620.81, "cy": 513.6}, "camera_to_world_matrix": [-0.0663373, -0.655672, 0.752125, -9.3182, 0.996961, -0.0127169, 0.0768454, 0.125664, -0.0408205, 0.754938, 0.654524, 1.47586, 0.0, 0.0, 0.0, 1.0]}, "067c553c59ab4d3e9749e7e7441a3c7e_d2_5.png": {"intrinsics": {"fx": 1073.9, "fy": 1073.99, "cx": 620.81, "cy": 513.6}, "camera_to_world_matrix": [0.830895, -0.361031, 0.423402, -9.31182, 0.555448, 0.583324, -0.59263, 0.138726, -0.0330227, 0.727592, 0.685215, 1.47526, 0.0, 0.0, 0.0, 1.0]}, "084ee8230aac42918476f2b67585fe01_d0_0.png": {"intrinsics": {"fx": 1073.67, "fy": 1075.17, "cx": 638.284, "cy": 536.875}, "camera_to_world_matrix": [0.572417, -0.554323, -0.604206, -5.89569, -0.819893, -0.396548, -0.412948, 71.3264, -0.0106902, 0.731763, -0.681476, 2.54773, 0.0, 0.0, 0.0, 1.0]}, "084ee8230aac42918476f2b67585fe01_d0_1.png": {"intrinsics": {"fx": 1073.67, "fy": 1075.17, "cx": 638.284, "cy": 536.875}, "camera_to_world_matrix": [-0.423841, -0.605913, -0.673222, -5.8944, -0.905487, 0.266013, 0.330651, 71.3119, -0.0212598, 0.749738, -0.661394, 2.54734, 0.0, 0.0, 0.0, 1.0]}, "084ee8230aac42918476f2b67585fe01_d0_2.png": {"intrinsics": {"fx": 1073.67, "fy": 1075.17, "cx": 638.284, "cy": 536.875}, "camera_to_world_matrix": [-0.996309, -0.0577171, -0.0635365, -5.9063, -0.0857781, 0.641819, 0.762044, 71.3036, -0.00320415, 0.764682, -0.6444, 2.54701, 0.0, 0.0, 0.0, 1.0]}, "084ee8230aac42918476f2b67585fe01_d0_3.png": {"intrinsics": {"fx": 1073.67, "fy": 1075.17, "cx": 638.284, "cy": 536.875}, "camera_to_world_matrix": [-0.572506, 0.542057, 0.615152, -5.9195, 0.819506, 0.355054, 0.449829, 71.3097, 0.0254206, 0.76165, -0.647489, 2.54707, 0.0, 0.0, 0.0, 1.0]}, "084ee8230aac42918476f2b67585fe01_d0_4.png": {"intrinsics": {"fx": 1073.67, "fy": 1075.17, "cx": 638.284, "cy": 536.875}, "camera_to_world_matrix": [0.423756, 0.593621, 0.684139, -5.92079, 0.905062, -0.307509, -0.293772, 71.3242, 0.0359892, 0.743675, -0.667572, 2.54747, 0.0, 0.0, 0.0, 1.0]}, "084ee8230aac42918476f2b67585fe01_d0_5.png": {"intrinsics": {"fx": 1073.67, "fy": 1075.17, "cx": 638.284, "cy": 536.875}, "camera_to_world_matrix": [0.996192, 0.0454102, 0.0744359, -5.90888, 0.08533, -0.683292, -0.725142, 71.3325, 0.0179327, 0.728731, -0.684565, 2.5478, 0.0, 0.0, 0.0, 1.0]}, "084ee8230aac42918476f2b67585fe01_d1_0.png": {"intrinsics": {"fx": 1073.4, "fy": 1073.92, "cx": 635.478, "cy": 530.184}, "camera_to_world_matrix": [0.574859, -0.0167516, -0.81808, -5.905, -0.818074, -0.0324872, -0.574191, 71.3191, -0.0169581, 0.999331, -0.0323814, 2.58072, 0.0, 0.0, 0.0, 1.0]}, "084ee8230aac42918476f2b67585fe01_d1_1.png": {"intrinsics": {"fx": 1073.4, "fy": 1073.92, "cx": 635.478, "cy": 530.184}, "camera_to_world_matrix": [-0.42117, -0.0165852, -0.906829, -5.90469, -0.90656, -0.0227347, 0.421462, 71.3157, -0.027606, 0.999603, -0.00546204, 2.58063, 0.0, 0.0, 0.0, 1.0]}, "084ee8230aac42918476f2b67585fe01_d1_2.png": {"intrinsics": {"fx": 1073.4, "fy": 1073.92, "cx": 635.478, "cy": 530.184}, "camera_to_world_matrix": [-0.996029, -0.00805299, -0.0886487, -5.90756, -0.0884933, -0.0180045, 0.995913, 71.3136, -0.00961572, 0.999804, 0.0172186, 2.58055, 0.0, 0.0, 0.0, 1.0]}, "084ee8230aac42918476f2b67585fe01_d1_3.png": {"intrinsics": {"fx": 1073.4, "fy": 1073.92, "cx": 635.478, "cy": 530.184}, "camera_to_world_matrix": [-0.574844, 0.000312631, 0.818262, -5.91073, 0.818039, -0.023027, 0.574698, 71.3151, 0.0190222, 0.999734, 0.0129794, 2.58056, 0.0, 0.0, 0.0, 1.0]}, "084ee8230aac42918476f2b67585fe01_d1_4.png": {"intrinsics": {"fx": 1073.4, "fy": 1073.92, "cx": 635.478, "cy": 530.184}, "camera_to_world_matrix": [0.421189, 0.000145857, 0.906972, -5.91104, 0.906486, -0.0327795, -0.420959, 71.3186, 0.0296691, 0.999462, -0.0139404, 2.58065, 0.0, 0.0, 0.0, 1.0]}, "084ee8230aac42918476f2b67585fe01_d1_5.png": {"intrinsics": {"fx": 1073.4, "fy": 1073.92, "cx": 635.478, "cy": 530.184}, "camera_to_world_matrix": [0.996015, -0.00838654, 0.0887692, -5.90818, 0.0883969, -0.0375093, -0.995378, 71.3206, 0.0116779, 0.99926, -0.0366203, 2.58073, 0.0, 0.0, 0.0, 1.0]}, "084ee8230aac42918476f2b67585fe01_d2_0.png": {"intrinsics": {"fx": 1073.9, "fy": 1073.99, "cx": 620.81, "cy": 513.6}, "camera_to_world_matrix": [0.572351, 0.540077, -0.617034, -5.89623, -0.819779, 0.359072, -0.446127, 71.3246, -0.0193827, 0.761173, 0.648258, 2.61421, 0.0, 0.0, 0.0, 1.0]}, "084ee8230aac42918476f2b67585fe01_d2_1.png": {"intrinsics": {"fx": 1073.9, "fy": 1073.99, "cx": 620.81, "cy": 513.6}, "camera_to_world_matrix": [-0.423949, 0.5961, -0.681859, -5.89494, -0.90519, -0.303775, 0.297238, 71.3101, -0.0299476, 0.743227, 0.668369, 2.61381, 0.0, 0.0, 0.0, 1.0]}, "084ee8230aac42918476f2b67585fe01_d2_2.png": {"intrinsics": {"fx": 1073.9, "fy": 1073.99, "cx": 620.81, "cy": 513.6}, "camera_to_world_matrix": [-0.996279, 0.0498739, -0.0702797, -5.90685, -0.0853545, -0.68356, 0.724886, 71.3017, -0.0118873, 0.728188, 0.685274, 2.61348, 0.0, 0.0, 0.0, 1.0]}, "084ee8230aac42918476f2b67585fe01_d2_3.png": {"intrinsics": {"fx": 1073.9, "fy": 1073.99, "cx": 620.81, "cy": 513.6}, "camera_to_world_matrix": [-0.572297, -0.552363, 0.606111, -5.92004, 0.819875, -0.400491, 0.40916, 71.3078, 0.0167374, 0.731096, 0.682068, 2.61355, 0.0, 0.0, 0.0, 1.0]}, "084ee8230aac42918476f2b67585fe01_d2_4.png": {"intrinsics": {"fx": 1073.9, "fy": 1073.99, "cx": 620.81, "cy": 513.6}, "camera_to_world_matrix": [0.424006, -0.60836, 0.670907, -5.92134, 0.905247, 0.262358, -0.334208, 71.3223, 0.0273012, 0.749043, 0.661958, 2.61394, 0.0, 0.0, 0.0, 1.0]}, "084ee8230aac42918476f2b67585fe01_d2_5.png": {"intrinsics": {"fx": 1073.9, "fy": 1073.99, "cx": 620.81, "cy": 513.6}, "camera_to_world_matrix": [0.996304, -0.0621195, 0.0593107, -5.90943, 0.0853889, 0.642122, -0.761832, 71.3307, 0.00924005, 0.764081, 0.645053, 2.61427, 0.0, 0.0, 0.0, 1.0]}, "08d03c5388474478920a0e0615d96205_d0_0.png": {"intrinsics": {"fx": 1073.67, "fy": 1075.17, "cx": 638.284, "cy": 536.875}, "camera_to_world_matrix": [0.122825, 0.647549, 0.75206, 1.55292, 0.992333, -0.0906485, -0.0840141, 38.0242, 0.0137698, 0.756613, -0.653718, 1.11343, 0.0, 0.0, 0.0, 1.0]}, "08d03c5388474478920a0e0615d96205_d0_1.png": {"intrinsics": {"fx": 1073.67, "fy": 1075.17, "cx": 638.284, "cy": 536.875}, "camera_to_world_matrix": [0.920691, 0.242542, 0.30578, 1.56165, 0.3896, -0.617779, -0.683053, 38.0358, 0.0232352, 0.748012, -0.663278, 1.11362, 0.0, 0.0, 0.0, 1.0]}, "08d03c5388474478920a0e0615d96205_d0_2.png": {"intrinsics": {"fx": 1073.67, "fy": 1075.17, "cx": 638.284, "cy": 536.875}, "camera_to_world_matrix": [0.797733, -0.416445, -0.436114, 1.57609, -0.602776, -0.53052, -0.595995, 38.0341, 0.016832, 0.738324, -0.674236, 1.11383, 0.0, 0.0, 0.0, 1.0]}, "08d03c5388474478920a0e0615d96205_d0_3.png": {"intrinsics": {"fx": 1073.67, "fy": 1075.17, "cx": 638.284, "cy": 536.875}, "camera_to_world_matrix": [-0.123089, -0.670409, -0.731711, 1.5818, -0.992395, 0.083868, 0.0900996, 38.0207, 0.000963438, 0.737236, -0.675634, 1.11386, 0.0, 0.0, 0.0, 1.0]}, "08d03c5388474478920a0e0615d96205_d0_4.png": {"intrinsics": {"fx": 1073.67, "fy": 1075.17, "cx": 638.284, "cy": 536.875}, "camera_to_world_matrix": [-0.920932, -0.265381, -0.285407, 1.57307, -0.389631, 0.610983, 0.689121, 38.0091, -0.0085014, 0.745837, -0.666074, 1.11367, 0.0, 0.0, 0.0, 1.0]}, "08d03c5388474478920a0e0615d96205_d0_5.png": {"intrinsics": {"fx": 1073.67, "fy": 1075.17, "cx": 638.284, "cy": 536.875}, "camera_to_world_matrix": [-0.797935, 0.393602, 0.456484, 1.55862, 0.60274, 0.523698, 0.602034, 38.0108, -0.0020976, 0.755525, -0.655116, 1.11346, 0.0, 0.0, 0.0, 1.0]}, "08d03c5388474478920a0e0615d96205_d1_0.png": {"intrinsics": {"fx": 1073.4, "fy": 1073.92, "cx": 635.478, "cy": 530.184}, "camera_to_world_matrix": [0.120046, -0.00579473, 0.992751, 1.56338, 0.992739, -0.00674513, -0.120084, 38.0227, 0.00739252, 0.999959, 0.00494119, 1.14684, 0.0, 0.0, 0.0, 1.0]}, "08d03c5388474478920a0e0615d96205_d1_1.png": {"intrinsics": {"fx": 1073.4, "fy": 1073.92, "cx": 635.478, "cy": 530.184}, "camera_to_world_matrix": [0.919677, -0.0124444, 0.392474, 1.56548, 0.392308, -0.013885, -0.919728, 38.0255, 0.0168954, 0.999825, -0.00788941, 1.14688, 0.0, 0.0, 0.0, 1.0]}, "08d03c5388474478920a0e0615d96205_d1_2.png": {"intrinsics": {"fx": 1073.4, "fy": 1073.92, "cx": 635.478, "cy": 530.184}, "camera_to_world_matrix": [0.799595, -0.0219523, -0.600137, 1.56895, -0.600445, -0.0116949, -0.799579, 38.0251, 0.0105345, 0.99969, -0.0225341, 1.14693, 0.0, 0.0, 0.0, 1.0]}, "08d03c5388474478920a0e0615d96205_d1_3.png": {"intrinsics": {"fx": 1073.4, "fy": 1073.92, "cx": 635.478, "cy": 530.184}, "camera_to_world_matrix": [-0.120116, -0.0248102, -0.992449, 1.57032, -0.992744, -0.0023651, 0.120211, 38.0219, -0.00532925, 0.999688, -0.0243479, 1.14694, 0.0, 0.0, 0.0, 1.0]}, "08d03c5388474478920a0e0615d96205_d1_4.png": {"intrinsics": {"fx": 1073.4, "fy": 1073.92, "cx": 635.478, "cy": 530.184}, "camera_to_world_matrix": [-0.919724, -0.0181602, -0.392141, 1.56822, -0.392282, 0.0047745, 0.919832, 38.0191, -0.0148317, 0.999823, -0.0115169, 1.1469, 0.0, 0.0, 0.0, 1.0]}, "08d03c5388474478920a0e0615d96205_d1_5.png": {"intrinsics": {"fx": 1073.4, "fy": 1073.92, "cx": 635.478, "cy": 530.184}, "camera_to_world_matrix": [-0.799603, -0.00865248, 0.600465, 1.56475, 0.600467, 0.00258408, 0.799644, 38.0195, -0.00847012, 0.999958, 0.00312755, 1.14684, 0.0, 0.0, 0.0, 1.0]}, "08d03c5388474478920a0e0615d96205_d2_0.png": {"intrinsics": {"fx": 1073.9, "fy": 1073.99, "cx": 620.81, "cy": 513.6}, "camera_to_world_matrix": [0.123145, -0.671603, 0.730605, 1.5519, 0.992375, 0.0795677, -0.0941251, 38.0239, 0.00508229, 0.736626, 0.67628, 1.17992, 0.0, 0.0, 0.0, 1.0]}, "08d03c5388474478920a0e0615d96205_d2_1.png": {"intrinsics": {"fx": 1073.9, "fy": 1073.99, "cx": 620.81, "cy": 513.6}, "camera_to_world_matrix": [0.92092, -0.2697, 0.281366, 1.56063, 0.389478, 0.609876, -0.690187, 38.0355, 0.0145455, 0.745193, 0.666689, 1.18011, 0.0, 0.0, 0.0, 1.0]}, "08d03c5388474478920a0e0615d96205_d2_2.png": {"intrinsics": {"fx": 1073.9, "fy": 1073.99, "cx": 620.81, "cy": 513.6}, "camera_to_world_matrix": [0.797775, 0.390486, -0.45943, 1.57508, -0.6029, 0.526894, -0.599078, 38.0338, 0.00813941, 0.75492, 0.655766, 1.18032, 0.0, 0.0, 0.0, 1.0]}, "08d03c5388474478920a0e0615d96205_d2_3.png": {"intrinsics": {"fx": 1073.9, "fy": 1073.99, "cx": 620.81, "cy": 513.6}, "camera_to_world_matrix": [-0.123143, 0.648754, -0.750969, 1.58078, -0.992358, -0.0863943, 0.0880911, 38.0204, -0.00772985, 0.756078, 0.654435, 1.18035, 0.0, 0.0, 0.0, 1.0]}, "08d03c5388474478920a0e0615d96205_d2_4.png": {"intrinsics": {"fx": 1073.9, "fy": 1073.99, "cx": 620.81, "cy": 513.6}, "camera_to_world_matrix": [-0.920895, 0.24683, -0.301706, 1.57205, -0.38943, -0.616687, 0.684136, 38.0088, -0.0171926, 0.747511, 0.664027, 1.18016, 0.0, 0.0, 0.0, 1.0]}, "08d03c5388474478920a0e0615d96205_d2_5.png": {"intrinsics": {"fx": 1073.9, "fy": 1073.99, "cx": 620.81, "cy": 513.6}, "camera_to_world_matrix": [-0.797711, -0.413353, 0.439086, 1.55761, 0.602943, -0.533679, 0.592997, 38.0105, -0.0107859, 0.737785, 0.674949, 1.17995, 0.0, 0.0, 0.0, 1.0]}, "0906d43f2b9b4d39999db185ba229baf_d0_0.png": {"intrinsics": {"fx": 1073.67, "fy": 1075.17, "cx": 638.284, "cy": 536.875}, "camera_to_world_matrix": [0.515281, 0.561281, 0.647649, -5.80579, 0.856781, -0.355278, -0.373771, 54.6988, 0.0203052, 0.74749, -0.663963, 1.46402, 0.0, 0.0, 0.0, 1.0]}, "0906d43f2b9b4d39999db185ba229baf_d0_1.png": {"intrinsics": {"fx": 1073.67, "fy": 1075.17, "cx": 638.284, "cy": 536.875}, "camera_to_world_matrix": [0.999731, -0.0229294, -0.00348381, -5.79308, -0.0180019, -0.672469, -0.739907, 54.7059, 0.0146228, 0.73977, -0.672701, 1.46419, 0.0, 0.0, 0.0, 1.0]}, "0906d43f2b9b4d39999db185ba229baf_d0_2.png": {"intrinsics": {"fx": 1073.67, "fy": 1075.17, "cx": 638.284, "cy": 536.875}, "camera_to_world_matrix": [0.484373, -0.589773, -0.646182, -5.78059, -0.874861, -0.325109, -0.35906, 54.6984, 0.00168467, 0.739238, -0.673443, 1.46421, 0.0, 0.0, 0.0, 1.0]}, "0906d43f2b9b4d39999db185ba229baf_d0_3.png": {"intrinsics": {"fx": 1073.67, "fy": 1075.17, "cx": 638.284, "cy": 536.875}, "camera_to_world_matrix": [-0.515425, -0.572394, -0.637733, -5.78081, -0.856917, 0.339435, 0.387914, 54.6839, -0.00557079, 0.746424, -0.665447, 1.46405, 0.0, 0.0, 0.0, 1.0]}, "0906d43f2b9b4d39999db185ba229baf_d0_4.png": {"intrinsics": {"fx": 1073.67, "fy": 1075.17, "cx": 638.284, "cy": 536.875}, "camera_to_world_matrix": [-0.99984, 0.0118294, 0.0134138, -5.79351, 0.0178845, 0.656603, 0.754025, 54.6768, 0.000112142, 0.754144, -0.656709, 1.46388, 0.0, 0.0, 0.0, 1.0]}, "0906d43f2b9b4d39999db185ba229baf_d0_5.png": {"intrinsics": {"fx": 1073.67, "fy": 1075.17, "cx": 638.284, "cy": 536.875}, "camera_to_world_matrix": [-0.484448, 0.57866, 0.656097, -5.806, 0.874723, 0.30922, 0.373153, 54.6843, 0.0130503, 0.754676, -0.655968, 1.46387, 0.0, 0.0, 0.0, 1.0]}, "0906d43f2b9b4d39999db185ba229baf_d1_0.png": {"intrinsics": {"fx": 1073.4, "fy": 1073.92, "cx": 635.478, "cy": 530.184}, "camera_to_world_matrix": [0.512853, 0.000353827, 0.858475, -5.79655, 0.858361, -0.0164811, -0.512779, 54.6928, 0.0139676, 0.999863, -0.00875784, 1.49728, 0.0, 0.0, 0.0, 1.0]}, "0906d43f2b9b4d39999db185ba229baf_d1_1.png": {"intrinsics": {"fx": 1073.4, "fy": 1073.92, "cx": 635.478, "cy": 530.184}, "camera_to_world_matrix": [0.999851, -0.00862296, -0.0148624, -5.79349, -0.0150345, -0.0203046, -0.99968, 54.6945, 0.00831887, 0.999756, -0.020433, 1.49732, 0.0, 0.0, 0.0, 1.0]}, "0906d43f2b9b4d39999db185ba229baf_d1_2.png": {"intrinsics": {"fx": 1073.4, "fy": 1073.92, "cx": 635.478, "cy": 530.184}, "camera_to_world_matrix": [0.486968, -0.0164233, -0.873265, -5.79049, -0.873406, -0.0144421, -0.486775, 54.6927, -0.00461691, 0.99976, -0.0213788, 1.49733, 0.0, 0.0, 0.0, 1.0]}, "0906d43f2b9b4d39999db185ba229baf_d1_3.png": {"intrinsics": {"fx": 1073.4, "fy": 1073.92, "cx": 635.478, "cy": 530.184}, "camera_to_world_matrix": [-0.512902, -0.0152466, -0.85831, -5.79054, -0.858363, -0.00475623, 0.513019, 54.6892, -0.0119037, 0.999871, -0.0106494, 1.49729, 0.0, 0.0, 0.0, 1.0]}, "0906d43f2b9b4d39999db185ba229baf_d1_4.png": {"intrinsics": {"fx": 1073.4, "fy": 1073.92, "cx": 635.478, "cy": 530.184}, "camera_to_world_matrix": [-0.999866, -0.00626971, 0.0150461, -5.7936, 0.0150517, -0.000933014, 0.999886, 54.6875, -0.00625452, 0.999979, 0.00102552, 1.49725, 0.0, 0.0, 0.0, 1.0]}, "0906d43f2b9b4d39999db185ba229baf_d1_5.png": {"intrinsics": {"fx": 1073.4, "fy": 1073.92, "cx": 635.478, "cy": 530.184}, "camera_to_world_matrix": [-0.486949, 0.00153038, 0.873428, -5.7966, 0.873403, -0.0067958, 0.486947, 54.6893, 0.0066813, 0.999975, 0.00197082, 1.49724, 0.0, 0.0, 0.0, 1.0]}, "0906d43f2b9b4d39999db185ba229baf_d2_0.png": {"intrinsics": {"fx": 1073.9, "fy": 1073.99, "cx": 620.81, "cy": 513.6}, "camera_to_world_matrix": [0.515518, -0.575236, 0.635094, -5.80628, 0.8568, 0.335997, -0.391152, 54.6981, 0.0116149, 0.745795, 0.666074, 1.53052, 0.0, 0.0, 0.0, 1.0]}, "0906d43f2b9b4d39999db185ba229baf_d2_1.png": {"intrinsics": {"fx": 1073.9, "fy": 1073.99, "cx": 620.81, "cy": 513.6}, "camera_to_world_matrix": [0.999818, 0.00742798, -0.0175341, -5.79357, -0.0180953, 0.657352, -0.753366, 54.7052, 0.00593017, 0.753547, 0.657367, 1.53069, 0.0, 0.0, 0.0, 1.0]}, "0906d43f2b9b4d39999db185ba229baf_d2_2.png": {"intrinsics": {"fx": 1073.9, "fy": 1073.99, "cx": 620.81, "cy": 513.6}, "camera_to_world_matrix": [0.484288, 0.577105, -0.657583, -5.78108, -0.87488, 0.313413, -0.369264, 54.6977, -0.00700844, 0.754137, 0.65668, 1.5307, 0.0, 0.0, 0.0, 1.0]}, "0906d43f2b9b4d39999db185ba229baf_d2_3.png": {"intrinsics": {"fx": 1073.9, "fy": 1073.99, "cx": 620.81, "cy": 513.6}, "camera_to_world_matrix": [-0.515532, 0.564105, -0.64499, -5.7813, -0.856751, -0.351873, 0.377044, 54.6832, -0.0142621, 0.746974, 0.664699, 1.53055, 0.0, 0.0, 0.0, 1.0]}, "0906d43f2b9b4d39999db185ba229baf_d2_4.png": {"intrinsics": {"fx": 1073.9, "fy": 1073.99, "cx": 620.81, "cy": 513.6}, "camera_to_world_matrix": [-0.999798, -0.0185714, 0.00765228, -5.79401, 0.0181625, -0.673205, 0.739233, 54.6761, -0.00857688, 0.739222, 0.673406, 1.53038, 0.0, 0.0, 0.0, 1.0]}, "0906d43f2b9b4d39999db185ba229baf_d2_5.png": {"intrinsics": {"fx": 1073.9, "fy": 1073.99, "cx": 620.81, "cy": 513.6}, "camera_to_world_matrix": [-0.484234, -0.588235, 0.647687, -5.8065, 0.874928, -0.329244, 0.355105, 54.6835, 0.0043618, 0.738633, 0.674093, 1.53036, 0.0, 0.0, 0.0, 1.0]}, "0b8f20c5b92b4f4abaa425184a1bbddd_d0_0.png": {"intrinsics": {"fx": 1073.67, "fy": 1075.17, "cx": 638.284, "cy": 536.875}, "camera_to_world_matrix": [0.610564, 0.52384, 0.593973, -5.84428, 0.791721, -0.422428, -0.441286, 59.6446, 0.0197477, 0.739694, -0.672654, 1.75535, 0.0, 0.0, 0.0, 1.0]}, "0b8f20c5b92b4f4abaa425184a1bbddd_d0_1.png": {"intrinsics": {"fx": 1073.67, "fy": 1075.17, "cx": 638.284, "cy": 536.875}, "camera_to_world_matrix": [0.991122, -0.0930191, -0.0949993, -5.83084, -0.132889, -0.670308, -0.730087, 59.6501, 0.00423315, 0.73623, -0.676718, 1.75543, 0.0, 0.0, 0.0, 1.0]}, "0b8f20c5b92b4f4abaa425184a1bbddd_d0_2.png": {"intrinsics": {"fx": 1073.67, "fy": 1075.17, "cx": 638.284, "cy": 536.875}, "camera_to_world_matrix": [0.380543, -0.616134, -0.689613, -5.81929, -0.924728, -0.260101, -0.277897, 59.6413, -0.00814755, 0.743456, -0.668736, 1.75527, 0.0, 0.0, 0.0, 1.0]}, "0b8f20c5b92b4f4abaa425184a1bbddd_d0_3.png": {"intrinsics": {"fx": 1073.67, "fy": 1075.17, "cx": 638.284, "cy": 536.875}, "camera_to_world_matrix": [-0.610581, -0.522379, -0.595241, -5.82118, -0.791938, 0.397977, 0.463085, 59.6269, -0.0050135, 0.754145, -0.656689, 1.75504, 0.0, 0.0, 0.0, 1.0]}, "0b8f20c5b92b4f4abaa425184a1bbddd_d0_4.png": {"intrinsics": {"fx": 1073.67, "fy": 1075.17, "cx": 638.284, "cy": 536.875}, "camera_to_world_matrix": [-0.991103, 0.0944899, 0.0937423, -5.83462, 0.132686, 0.645834, 0.75186, 59.6213, 0.0105013, 0.757609, -0.652625, 1.75496, 0.0, 0.0, 0.0, 1.0]}, "0b8f20c5b92b4f4abaa425184a1bbddd_d0_5.png": {"intrinsics": {"fx": 1073.67, "fy": 1075.17, "cx": 638.284, "cy": 536.875}, "camera_to_world_matrix": [-0.380492, 0.617589, 0.688338, -5.84617, 0.924501, 0.235606, 0.299646, 59.6301, 0.0228815, 0.750382, -0.660608, 1.75511, 0.0, 0.0, 0.0, 1.0]}, "0b8f20c5b92b4f4abaa425184a1bbddd_d1_0.png": {"intrinsics": {"fx": 1073.4, "fy": 1073.92, "cx": 635.478, "cy": 530.184}, "camera_to_world_matrix": [0.608273, 0.00804125, 0.793685, -5.83547, 0.793612, -0.0230982, -0.607984, 59.6373, 0.0134442, 0.9997, -0.0204334, 1.78848, 0.0, 0.0, 0.0, 1.0]}, "0b8f20c5b92b4f4abaa425184a1bbddd_d1_1.png": {"intrinsics": {"fx": 1073.4, "fy": 1073.92, "cx": 635.478, "cy": 530.184}, "camera_to_world_matrix": [0.991522, -0.0013163, -0.129923, -5.83224, -0.129913, -0.0258638, -0.991187, 59.6386, -0.00205515, 0.999664, -0.0258173, 1.7885, 0.0, 0.0, 0.0, 1.0]}, "0b8f20c5b92b4f4abaa425184a1bbddd_d1_2.png": {"intrinsics": {"fx": 1073.4, "fy": 1073.92, "cx": 635.478, "cy": 530.184}, "camera_to_world_matrix": [0.383227, -0.00839028, -0.923615, -5.82946, -0.923539, -0.0191438, -0.383022, 59.6365, -0.0144674, 0.999781, -0.0150869, 1.78846, 0.0, 0.0, 0.0, 1.0]}, "0b8f20c5b92b4f4abaa425184a1bbddd_d1_3.png": {"intrinsics": {"fx": 1073.4, "fy": 1073.92, "cx": 635.478, "cy": 530.184}, "camera_to_world_matrix": [-0.608302, -0.00610655, -0.79368, -5.82992, -0.793622, -0.00965825, 0.608333, 59.633, -0.0113799, 0.999934, 0.0010271