{"0026d80fc3c84d91bd088b831d230738_d0_0.png": {"intrinsics": {"fx": 1077.72, "fy": 1078.41, "cx": 632.706, "cy": 516.468}, "camera_to_world_matrix": [0.406417, -0.612008, -0.678434, -7.159, -0.913681, -0.269222, -0.30448, -2.04452, 0.00369459, 0.743618, -0.668595, -4.46628, 0.0, 0.0, 0.0, 1.0]}, "0026d80fc3c84d91bd088b831d230738_d0_1.png": {"intrinsics": {"fx": 1077.72, "fy": 1078.41, "cx": 632.706, "cy": 516.468}, "camera_to_world_matrix": [-0.588044, -0.536334, -0.605436, -7.1605, -0.808792, 0.397225, 0.43367, -2.059, 0.00790189, 0.744688, -0.667367, -4.46631, 0.0, 0.0, 0.0, 1.0]}, "0026d80fc3c84d91bd088b831d230738_d0_2.png": {"intrinsics": {"fx": 1077.72, "fy": 1078.41, "cx": 632.706, "cy": 516.468}, "camera_to_world_matrix": [-0.994419, 0.0786629, 0.0703203, -7.17379, 0.104893, 0.664909, 0.739523, -2.06493, 0.0114163, 0.742771, -0.669448, -4.46627, 0.0, 0.0, 0.0, 1.0]}, "0026d80fc3c84d91bd088b831d230738_d0_3.png": {"intrinsics": {"fx": 1077.72, "fy": 1078.41, "cx": 632.706, "cy": 516.468}, "camera_to_world_matrix": [-0.406324, 0.617972, 0.673063, -7.18557, 0.913667, 0.26614, 0.307219, -2.0564, 0.0107232, 0.739785, -0.672758, -4.4662, 0.0, 0.0, 0.0, 1.0]}, "0026d80fc3c84d91bd088b831d230738_d0_4.png": {"intrinsics": {"fx": 1077.72, "fy": 1078.41, "cx": 632.706, "cy": 516.468}, "camera_to_world_matrix": [0.588133, 0.542272, 0.600035, -7.18407, 0.808739, -0.400304, -0.430929, -2.04192, 0.00651582, 0.738715, -0.673987, -4.46618, 0.0, 0.0, 0.0, 1.0]}, "0026d80fc3c84d91bd088b831d230738_d0_5.png": {"intrinsics": {"fx": 1077.72, "fy": 1078.41, "cx": 632.706, "cy": 516.468}, "camera_to_world_matrix": [0.994473, -0.0727357, -0.0757326, -7.17079, -0.104961, -0.667964, -0.736755, -2.03599, 0.00300158, 0.740632, -0.671905, -4.46622, 0.0, 0.0, 0.0, 1.0]}, "0026d80fc3c84d91bd088b831d230738_d1_0.png": {"intrinsics": {"fx": 1075.21, "fy": 1075.49, "cx": 633.906, "cy": 504.499}, "camera_to_world_matrix": [0.40806, 0.00383499, -0.912947, -7.16896, -0.912942, 0.00708928, -0.408028, -2.0491, 0.00490735, 0.999967, 0.00639393, -4.433, 0.0, 0.0, 0.0, 1.0]}, "0026d80fc3c84d91bd088b831d230738_d1_1.png": {"intrinsics": {"fx": 1075.21, "fy": 1075.49, "cx": 633.906, "cy": 504.499}, "camera_to_world_matrix": [-0.586578, 0.0118487, -0.809806, -7.16932, -0.809841, 0.00266823, 0.586643, -2.05258, 0.00911168, 0.999926, 0.00803038, -4.43301, 0.0, 0.0, 0.0, 1.0]}, "0026d80fc3c84d91bd088b831d230738_d1_2.png": {"intrinsics": {"fx": 1075.21, "fy": 1075.49, "cx": 633.906, "cy": 504.499}, "camera_to_world_matrix": [-0.994591, 0.0120266, 0.103174, -7.17252, 0.103101, -0.00648243, 0.99465, -2.05401, 0.0126311, 0.999907, 0.00520735, -4.433, 0.0, 0.0, 0.0, 1.0]}, "0026d80fc3c84d91bd088b831d230738_d1_3.png": {"intrinsics": {"fx": 1075.21, "fy": 1075.49, "cx": 633.906, "cy": 504.499}, "camera_to_world_matrix": [-0.407956, 0.00419089, 0.912992, -7.17535, 0.912923, -0.0112118, 0.407977, -2.05196, 0.0119461, 0.999928, 0.00074793, -4.43298, 0.0, 0.0, 0.0, 1.0]}, "0026d80fc3c84d91bd088b831d230738_d1_4.png": {"intrinsics": {"fx": 1075.21, "fy": 1075.49, "cx": 633.906, "cy": 504.499}, "camera_to_world_matrix": [0.586677, -0.00382263, 0.809812, -7.17499, 0.809784, -0.00679047, -0.586689, -2.04847, 0.00774169, 0.99997, -0.00088836, -4.43298, 0.0, 0.0, 0.0, 1.0]}, "0026d80fc3c84d91bd088b831d230738_d1_5.png": {"intrinsics": {"fx": 1075.21, "fy": 1075.49, "cx": 633.906, "cy": 504.499}, "camera_to_world_matrix": [0.994654, -0.00400022, -0.103184, -7.17179, -0.103175, 0.0023602, -0.99466, -2.04705, 0.00422239, 0.999989, 0.00193481, -4.43299, 0.0, 0.0, 0.0, 1.0]}, "0026d80fc3c84d91bd088b831d230738_d2_0.png": {"intrinsics": {"fx": 1075.16, "fy": 1075.17, "cx": 634.783, "cy": 503.818}, "camera_to_world_matrix": [0.415662, 0.613905, -0.671078, -7.15874, -0.909519, 0.279097, -0.308032, -2.04466, -0.00180684, 0.738395, 0.674368, -4.39979, 0.0, 0.0, 0.0, 1.0]}, "0026d80fc3c84d91bd088b831d230738_d2_1.png": {"intrinsics": {"fx": 1075.16, "fy": 1075.17, "cx": 634.783, "cy": 503.818}, "camera_to_world_matrix": [-0.579837, 0.551453, -0.599741, -7.16024, -0.81473, -0.390307, 0.428808, -2.05913, 0.00238381, 0.737265, 0.675601, -4.39981, 0.0, 0.0, 0.0, 1.0]}, "0026d80fc3c84d91bd088b831d230738_d2_2.png": {"intrinsics": {"fx": 1075.16, "fy": 1075.17, "cx": 634.783, "cy": 503.818}, "camera_to_world_matrix": [-0.99548, -0.059493, 0.0740487, -7.17352, 0.0948031, -0.670921, 0.735444, -2.06507, 0.00592682, 0.739139, 0.673529, -4.39977, 0.0, 0.0, 0.0, 1.0]}, "0026d80fc3c84d91bd088b831d230738_d2_3.png": {"intrinsics": {"fx": 1075.16, "fy": 1075.17, "cx": 634.783, "cy": 503.818}, "camera_to_world_matrix": [-0.415613, -0.607974, 0.676487, -7.18531, 0.909528, -0.282125, 0.305234, -2.05653, 0.00527911, 0.742142, 0.670224, -4.3997, 0.0, 0.0, 0.0, 1.0]}, "0026d80fc3c84d91bd088b831d230738_d2_4.png": {"intrinsics": {"fx": 1075.16, "fy": 1075.17, "cx": 634.783, "cy": 503.818}, "camera_to_world_matrix": [0.579883, -0.545496, 0.605121, -7.1838, 0.814701, 0.387277, -0.431603, -2.04206, 0.00108839, 0.743271, 0.668992, -4.39968, 0.0, 0.0, 0.0, 1.0]}, "0026d80fc3c84d91bd088b831d230738_d2_5.png": {"intrinsics": {"fx": 1075.16, "fy": 1075.17, "cx": 634.783, "cy": 503.818}, "camera_to_world_matrix": [0.99549, 0.0654611, -0.0686813, -7.17052, -0.0948493, 0.667867, -0.738213, -2.03612, -0.00245453, 0.741397, 0.671064, -4.39972, 0.0, 0.0, 0.0, 1.0]}, "005bcfda078e4a79892f5477b347a7fe_d0_0.png": {"intrinsics": {"fx": 1077.72, "fy": 1078.41, "cx": 632.706, "cy": 516.468}, "camera_to_world_matrix": [0.806891, -0.392184, -0.441725, 5.84815, -0.590702, -0.535846, -0.603276, -4.02162, -0.000101537, 0.747705, -0.664031, 1.69993, 0.0, 0.0, 0.0, 1.0]}, "005bcfda078e4a79892f5477b347a7fe_d0_1.png": {"intrinsics": {"fx": 1077.72, "fy": 1078.41, "cx": 632.706, "cy": 516.468}, "camera_to_world_matrix": [-0.108055, -0.65785, -0.745359, 5.85405, -0.994082, 0.0800272, 0.0734811, -4.03493, 0.0113094, 0.748887, -0.662602, 1.69991, 0.0, 0.0, 0.0, 1.0]}, "005bcfda078e4a79892f5477b347a7fe_d0_2.png": {"intrinsics": {"fx": 1077.72, "fy": 1078.41, "cx": 632.706, "cy": 516.468}, "camera_to_world_matrix": [-0.914864, -0.257352, -0.311122, 5.84547, -0.403336, 0.618028, 0.674805, -4.04668, 0.0186194, 0.742841, -0.669209, 1.70004, 0.0, 0.0, 0.0, 1.0]}, "005bcfda078e4a79892f5477b347a7fe_d0_3.png": {"intrinsics": {"fx": 1077.72, "fy": 1078.41, "cx": 632.706, "cy": 516.468}, "camera_to_world_matrix": [-0.806707, 0.408802, 0.42674, 5.83101, 0.590775, 0.540144, 0.599359, -4.04513, 0.0145183, 0.735613, -0.677246, 1.70019, 0.0, 0.0, 0.0, 1.0]}, "005bcfda078e4a79892f5477b347a7fe_d0_4.png": {"intrinsics": {"fx": 1077.72, "fy": 1078.41, "cx": 632.706, "cy": 516.468}, "camera_to_world_matrix": [0.108256, 0.674444, 0.730348, 5.82511, 0.994119, -0.0757398, -0.0774102, -4.03183, 0.0031073, 0.734432, -0.678676, 1.70022, 0.0, 0.0, 0.0, 1.0]}, "005bcfda078e4a79892f5477b347a7fe_d0_5.png": {"intrinsics": {"fx": 1077.72, "fy": 1078.41, "cx": 632.706, "cy": 516.468}, "camera_to_world_matrix": [0.915041, 0.273926, 0.296087, 5.83369, 0.403342, -0.613725, -0.678718, -4.02007, -0.00420234, 0.740478, -0.672068, 1.70009, 0.0, 0.0, 0.0, 1.0]}, "005bcfda078e4a79892f5477b347a7fe_d1_0.png": {"intrinsics": {"fx": 1075.21, "fy": 1075.49, "cx": 633.906, "cy": 504.499}, "camera_to_world_matrix": [0.807957, 0.00648469, -0.589206, 5.84201, -0.589241, 0.0107587, -0.807886, -4.03045, 0.00110019, 0.999921, 0.0125135, 1.73328, 0.0, 0.0, 0.0, 1.0]}, "005bcfda078e4a79892f5477b347a7fe_d1_1.png": {"intrinsics": {"fx": 1075.21, "fy": 1075.49, "cx": 633.906, "cy": 504.499}, "camera_to_world_matrix": [-0.106254, 0.0156353, -0.994216, 5.84343, -0.99426, 0.0109066, 0.10643, -4.03365, 0.0125076, 0.999818, 0.0143867, 1.73327, 0.0, 0.0, 0.0, 1.0]}, "005bcfda078e4a79892f5477b347a7fe_d1_2.png": {"intrinsics": {"fx": 1075.21, "fy": 1075.49, "cx": 633.906, "cy": 504.499}, "camera_to_world_matrix": [-0.914114, 0.0203389, -0.404948, 5.84137, -0.404973, 0.00305541, 0.914324, -4.03648, 0.0198336, 0.999788, 0.00544367, 1.7333, 0.0, 0.0, 0.0, 1.0]}, "005bcfda078e4a79892f5477b347a7fe_d1_3.png": {"intrinsics": {"fx": 1075.21, "fy": 1075.49, "cx": 633.906, "cy": 504.499}, "camera_to_world_matrix": [-0.807745, 0.0158918, 0.589318, 5.83789, 0.589321, -0.0049436, 0.807884, -4.03611, 0.0157521, 0.999861, -0.00537225, 1.73334, 0.0, 0.0, 0.0, 1.0]}, "005bcfda078e4a79892f5477b347a7fe_d1_4.png": {"intrinsics": {"fx": 1075.21, "fy": 1075.49, "cx": 633.906, "cy": 504.499}, "camera_to_world_matrix": [0.106481, 0.00674115, 0.994292, 5.83647, 0.994305, -0.0050912, -0.106448, -4.03291, 0.00434455, 0.999964, -0.00724492, 1.73335, 0.0, 0.0, 0.0, 1.0]}, "005bcfda078e4a79892f5477b347a7fe_d1_5.png": {"intrinsics": {"fx": 1075.21, "fy": 1075.49, "cx": 633.906, "cy": 504.499}, "camera_to_world_matrix": [0.914318, 0.00203785, 0.404992, 5.83853, 0.404986, 0.00276022, -0.914319, -4.03008, -0.00298112, 0.999994, 0.00169837, 1.73332, 0.0, 0.0, 0.0, 1.0]}, "005bcfda078e4a79892f5477b347a7fe_d2_0.png": {"intrinsics": {"fx": 1075.16, "fy": 1075.17, "cx": 634.783, "cy": 503.818}, "camera_to_world_matrix": [0.812806, 0.398823, -0.424603, 5.8489, -0.582509, 0.54936, -0.599074, -4.02143, -0.00566476, 0.734265, 0.678841, 1.76643, 0.0, 0.0, 0.0, 1.0]}, "005bcfda078e4a79892f5477b347a7fe_d2_1.png": {"intrinsics": {"fx": 1075.16, "fy": 1075.17, "cx": 634.783, "cy": 503.818}, "camera_to_world_matrix": [-0.0980197, 0.677431, -0.729027, 5.85479, -0.995169, -0.0625054, 0.0757206, -4.03473, 0.00572701, 0.732927, 0.680285, 1.7664, 0.0, 0.0, 0.0, 1.0]}, "005bcfda078e4a79892f5477b347a7fe_d2_2.png": {"intrinsics": {"fx": 1075.16, "fy": 1075.17, "cx": 634.783, "cy": 503.818}, "camera_to_world_matrix": [-0.910804, 0.286876, -0.296885, 5.84622, -0.412633, -0.609711, 0.676747, -4.04649, 0.0131278, 0.738888, 0.673702, 1.76653, 0.0, 0.0, 0.0, 1.0]}, "005bcfda078e4a79892f5477b347a7fe_d2_3.png": {"intrinsics": {"fx": 1075.16, "fy": 1075.17, "cx": 634.783, "cy": 503.818}, "camera_to_world_matrix": [-0.812745, -0.382279, 0.439671, 5.83175, 0.582551, -0.545039, 0.602967, -4.04494, 0.0091366, 0.746188, 0.665675, 1.76669, 0.0, 0.0, 0.0, 1.0]}, "005bcfda078e4a79892f5477b347a7fe_d2_4.png": {"intrinsics": {"fx": 1075.16, "fy": 1075.17, "cx": 634.783, "cy": 503.818}, "camera_to_world_matrix": [0.0980974, -0.660863, 0.744069, 5.82586, 0.995176, 0.0668366, -0.0718395, -4.03164, -0.00225525, 0.747526, 0.664231, 1.76672, 0.0, 0.0, 0.0, 1.0]}, "005bcfda078e4a79892f5477b347a7fe_d2_5.png": {"intrinsics": {"fx": 1075.16, "fy": 1075.17, "cx": 634.783, "cy": 503.818}, "camera_to_world_matrix": [0.910859, -0.270286, 0.311903, 5.83443, 0.412607, 0.614027, -0.67285, -4.01988, -0.00965569, 0.741564, 0.670815, 1.76659, 0.0, 0.0, 0.0, 1.0]}, "00ef8a0394f447c68796213e64155467_d0_0.png": {"intrinsics": {"fx": 1077.72, "fy": 1078.41, "cx": 632.706, "cy": 516.468}, "camera_to_world_matrix": [0.888569, 0.303498, 0.344, -3.04611, 0.45868, -0.600494, -0.654997, -6.64169, 0.00777951, 0.739795, -0.672787, -4.47188, 0.0, 0.0, 0.0, 1.0]}, "00ef8a0394f447c68796213e64155467_d0_1.png": {"intrinsics": {"fx": 1077.72, "fy": 1078.41, "cx": 632.706, "cy": 516.468}, "camera_to_world_matrix": [0.841526, -0.366217, -0.397142, -3.03158, -0.540196, -0.563602, -0.624935, -6.64235, 0.00503129, 0.740432, -0.672112, -4.47189, 0.0, 0.0, 0.0, 1.0]}, "00ef8a0394f447c68796213e64155467_d0_2.png": {"intrinsics": {"fx": 1077.72, "fy": 1078.41, "cx": 632.706, "cy": 516.468}, "camera_to_world_matrix": [-0.0470564, -0.669115, -0.741669, -3.02488, -0.998883, 0.0348366, 0.0319469, -6.65527, 0.00446087, 0.742343, -0.670006, -4.47194, 0.0, 0.0, 0.0, 1.0]}, "00ef8a0394f447c68796213e64155467_d0_3.png": {"intrinsics": {"fx": 1077.72, "fy": 1078.41, "cx": 632.706, "cy": 516.468}, "camera_to_world_matrix": [-0.888575, -0.302292, -0.345045, -3.03272, -0.458685, 0.596369, 0.658752, -6.66753, 0.00663864, 0.743616, -0.668574, -4.47196, 0.0, 0.0, 0.0, 1.0]}, "00ef8a0394f447c68796213e64155467_d0_4.png": {"intrinsics": {"fx": 1077.72, "fy": 1078.41, "cx": 632.706, "cy": 516.468}, "camera_to_world_matrix": [-0.841493, 0.367422, 0.396097, -3.04725, 0.540188, 0.559451, 0.62866, -6.66687, 0.00938676, 0.742979, -0.669249, -4.47195, 0.0, 0.0, 0.0, 1.0]}, "00ef8a0394f447c68796213e64155467_d0_5.png": {"intrinsics": {"fx": 1077.72, "fy": 1078.41, "cx": 632.706, "cy": 516.468}, "camera_to_world_matrix": [0.0471071, 0.670297, 0.740598, -3.05395, 0.998842, -0.0389999, -0.0282352, -6.65395, 0.00995711, 0.741069, -0.671356, -4.47191, 0.0, 0.0, 0.0, 1.0]}, "00ef8a0394f447c68796213e64155467_d1_0.png": {"intrinsics": {"fx": 1075.21, "fy": 1075.49, "cx": 633.906, "cy": 504.499}, "camera_to_world_matrix": [0.887735, -0.00832723, 0.460281, -3.041, 0.460268, -0.0034973, -0.887773, -6.6516, 0.00900242, 0.999959, 0.000728031, -4.43866, 0.0, 0.0, 0.0, 1.0]}, "00ef8a0394f447c68796213e64155467_d1_1.png": {"intrinsics": {"fx": 1075.21, "fy": 1075.49, "cx": 633.906, "cy": 504.499}, "camera_to_world_matrix": [0.842487, -0.00437833, -0.538698, -3.0375, -0.53868, 0.00475936, -0.842497, -6.65175, 0.00625258, 0.999979, 0.00165113, -4.43867, 0.0, 0.0, 0.0, 1.0]}, "00ef8a0394f447c68796213e64155467_d1_2.png": {"intrinsics": {"fx": 1075.21, "fy": 1075.49, "cx": 633.906, "cy": 504.499}, "camera_to_world_matrix": [-0.0452594, 0.00474662, -0.998964, -3.03589, -0.998959, 0.00546776, 0.0452852, -6.65486, 0.00567704, 0.999974, 0.00449416, -4.43868, 0.0, 0.0, 0.0, 1.0]}, "00ef8a0394f447c68796213e64155467_d1_3.png": {"intrinsics": {"fx": 1075.21, "fy": 1075.49, "cx": 633.906, "cy": 504.499}, "camera_to_world_matrix": [-0.887739, 0.00992247, -0.46024, -3.03778, -0.46028, -0.00208052, 0.887771, -6.65781, 0.00785134, 0.999949, 0.00641403, -4.43868, 0.0, 0.0, 0.0, 1.0]}, "00ef8a0394f447c68796213e64155467_d1_4.png": {"intrinsics": {"fx": 1075.21, "fy": 1075.49, "cx": 633.906, "cy": 504.499}, "camera_to_world_matrix": [-0.842453, 0.00597326, 0.538737, -3.04127, 0.538666, -0.010337, 0.842456, -6.65765, 0.0106011, 0.999929, 0.00549082, -4.43868, 0.0, 0.0, 0.0, 1.0]}, "00ef8a0394f447c68796213e64155467_d1_5.png": {"intrinsics": {"fx": 1075.21, "fy": 1075.49, "cx": 633.906, "cy": 504.499}, "camera_to_world_matrix": [0.0453121, -0.00315172, 0.998968, -3.04288, 0.99891, -0.0110451, -0.0453443, -6.65454, 0.0111766, 0.999934, 0.00264776, -4.43867, 0.0, 0.0, 0.0, 1.0]}, "00ef8a0394f447c68796213e64155467_d2_0.png": {"intrinsics": {"fx": 1075.16, "fy": 1075.17, "cx": 634.783, "cy": 503.818}, "camera_to_world_matrix": [0.883883, -0.314989, 0.34574, -3.04606, 0.467706, 0.591568, -0.656735, -6.64188, 0.00233554, 0.74218, 0.670199, -4.40538, 0.0, 0.0, 0.0, 1.0]}, "00ef8a0394f447c68796213e64155467_d2_1.png": {"intrinsics": {"fx": 1075.16, "fy": 1075.17, "cx": 634.783, "cy": 503.818}, "camera_to_world_matrix": [0.846984, 0.356911, -0.393998, -3.03152, -0.531621, 0.568047, -0.628255, -6.64254, -0.00042202, 0.741578, 0.670868, -4.40539, 0.0, 0.0, 0.0, 1.0]}, "00ef8a0394f447c68796213e64155467_d2_2.png": {"intrinsics": {"fx": 1075.16, "fy": 1075.17, "cx": 634.783, "cy": 503.818}, "camera_to_world_matrix": [-0.0369166, 0.672482, -0.739193, -3.02483, -0.999319, -0.025598, 0.026619, -6.65545, -0.00102132, 0.739671, 0.67297, -4.40544, 0.0, 0.0, 0.0, 1.0]}, "00ef8a0394f447c68796213e64155467_d2_3.png": {"intrinsics": {"fx": 1075.16, "fy": 1075.17, "cx": 634.783, "cy": 503.818}, "camera_to_world_matrix": [-0.883898, 0.316147, -0.344642, -3.03266, -0.467681, -0.595709, 0.652998, -6.66771, 0.00113696, 0.738365, 0.674402, -4.40546, 0.0, 0.0, 0.0, 1.0]}, "00ef8a0394f447c68796213e64155467_d2_4.png": {"intrinsics": {"fx": 1075.16, "fy": 1075.17, "cx": 634.783, "cy": 503.818}, "camera_to_world_matrix": [-0.846961, -0.355752, 0.395095, -3.0472, 0.531644, -0.572162, 0.62449, -6.66705, 0.00389449, 0.738967, 0.673732, -4.40545, 0.0, 0.0, 0.0, 1.0]}, "00ef8a0394f447c68796213e64155467_d2_5.png": {"intrinsics": {"fx": 1075.16, "fy": 1075.17, "cx": 634.783, "cy": 503.818}, "camera_to_world_matrix": [0.0369586, -0.6713, 0.740264, -3.0539, 0.999308, 0.0214953, -0.0303979, -6.65414, 0.00449366, 0.740874, 0.671631, -4.40541, 0.0, 0.0, 0.0, 1.0]}, "013aeede69d04db1b99dae6124da4fd5_d0_0.png": {"intrinsics": {"fx": 1077.72, "fy": 1078.41, "cx": 632.706, "cy": 516.468}, "camera_to_world_matrix": [-0.531205, -0.564906, -0.631431, 13.6366, -0.847214, 0.360497, 0.390221, -5.64625, 0.00719068, 0.742243, -0.670092, -4.51291, 0.0, 0.0, 0.0, 1.0]}, "013aeede69d04db1b99dae6124da4fd5_d0_1.png": {"intrinsics": {"fx": 1077.72, "fy": 1078.41, "cx": 632.706, "cy": 516.468}, "camera_to_world_matrix": [-0.999306, 0.0302841, 0.0217573, 13.6238, 0.0364453, 0.669736, 0.741706, -5.65309, 0.00789006, 0.741983, -0.670373, -4.5129, 0.0, 0.0, 0.0, 1.0]}, "013aeede69d04db1b99dae6124da4fd5_d0_2.png": {"intrinsics": {"fx": 1077.72, "fy": 1078.41, "cx": 632.706, "cy": 516.468}, "camera_to_world_matrix": [-0.468073, 0.595683, 0.652741, 13.6114, 0.883655, 0.308898, 0.351763, -5.64538, 0.00790844, 0.741448, -0.670964, -4.51289, 0.0, 0.0, 0.0, 1.0]}, "013aeede69d04db1b99dae6124da4fd5_d0_3.png": {"intrinsics": {"fx": 1077.72, "fy": 1078.41, "cx": 632.706, "cy": 516.468}, "camera_to_world_matrix": [0.531247, 0.565879, 0.630523, 13.6119, 0.847187, -0.36117, -0.389657, -5.63084, 0.00722738, 0.741174, -0.671274, -4.51288, 0.0, 0.0, 0.0, 1.0]}, "013aeede69d04db1b99dae6124da4fd5_d0_4.png": {"intrinsics": {"fx": 1077.72, "fy": 1078.41, "cx": 632.706, "cy": 516.468}, "camera_to_world_matrix": [0.999314, -0.0293231, -0.0226789, 13.6248, -0.0364907, -0.670386, -0.741116, -5.624, 0.00652795, 0.741434, -0.670994, -4.51289, 0.0, 0.0, 0.0, 1.0]}, "013aeede69d04db1b99dae6124da4fd5_d0_5.png": {"intrinsics": {"fx": 1077.72, "fy": 1078.41, "cx": 632.706, "cy": 516.468}, "camera_to_world_matrix": [0.468048, -0.594708, -0.653648, 13.6371, -0.88368, -0.309526, -0.351149, -5.63171, 0.00650965, 0.741969, -0.670403, -4.5129, 0.0, 0.0, 0.0, 1.0]}, "013aeede69d04db1b99dae6124da4fd5_d1_0.png": {"intrinsics": {"fx": 1075.21, "fy": 1075.49, "cx": 633.906, "cy": 504.499}, "camera_to_world_matrix": [-0.529675, 0.00815818, -0.848162, 13.6273, -0.848159, 0.0048169, 0.52972, -5.64041, 0.00840705, 0.999955, 0.004368, -4.47965, 0.0, 0.0, 0.0, 1.0]}, "013aeede69d04db1b99dae6124da4fd5_d1_1.png": {"intrinsics": {"fx": 1075.21, "fy": 1075.49, "cx": 633.906, "cy": 504.499}, "camera_to_world_matrix": [-0.999358, 0.00896346, 0.0346855, 13.6242, 0.034648, -0.00430001, 0.99939, -5.64206, 0.00910714, 0.999951, 0.00398664, -4.47965, 0.0, 0.0, 0.0, 1.0]}, "013aeede69d04db1b99dae6124da4fd5_d1_2.png": {"intrinsics": {"fx": 1075.21, "fy": 1075.49, "cx": 633.906, "cy": 504.499}, "camera_to_world_matrix": [-0.469655, 0.00147055, 0.882849, 13.6212, 0.882803, -0.00955576, 0.469647, -5.6402, 0.00912692, 0.999953, 0.00318966, -4.47964, 0.0, 0.0, 0.0, 1.0]}, "013aeede69d04db1b99dae6124da4fd5_d1_3.png": {"intrinsics": {"fx": 1075.21, "fy": 1075.49, "cx": 633.906, "cy": 504.499}, "camera_to_world_matrix": [0.529719, -0.00682746, 0.848146, 13.6213, 0.848131, -0.00569448, -0.529756, -5.63671, 0.00844663, 0.99996, 0.00277406, -4.47964, 0.0, 0.0, 0.0, 1.0]}, "013aeede69d04db1b99dae6124da4fd5_d1_4.png": {"intrinsics": {"fx": 1075.21, "fy": 1075.49, "cx": 633.906, "cy": 504.499}, "camera_to_world_matrix": [0.999368, -0.00763238, -0.0347198, 13.6244, -0.0346945, 0.00342247, -0.999392, -5.63506, 0.00774656, 0.999965, 0.00315546, -4.47964, 0.0, 0.0, 0.0, 1.0]}, "013aeede69d04db1b99dae6124da4fd5_d1_5.png": {"intrinsics": {"fx": 1075.21, "fy": 1075.49, "cx": 633.906, "cy": 504.499}, "camera_to_world_matrix": [0.469632, -0.000139268, -0.882862, 13.6274, -0.882828, 0.00867792, -0.469615, -5.63692, 0.00772681, 0.999962, 0.00395243, -4.47965, 0.0, 0.0, 0.0, 1.0]}, "013aeede69d04db1b99dae6124da4fd5_d2_0.png": {"intrinsics": {"fx": 1075.16, "fy": 1075.17, "cx": 634.783, "cy": 503.818}, "camera_to_world_matrix": [-0.522591, 0.574358, -0.63009, 13.6367, -0.852583, -0.350569, 0.387563, -5.64628, 0.00170974, 0.73974, 0.672893, -4.44641, 0.0, 0.0, 0.0, 1.0]}, "013aeede69d04db1b99dae6124da4fd5_d2_1.png": {"intrinsics": {"fx": 1075.16, "fy": 1075.17, "cx": 634.783, "cy": 503.818}, "camera_to_world_matrix": [-0.999653, -0.0159038, 0.0210835, 13.6238, 0.0262993, -0.672429, 0.739695, -5.65312, 0.00241299, 0.739991, 0.672614, -4.4464, 0.0, 0.0, 0.0, 1.0]}, "013aeede69d04db1b99dae6124da4fd5_d2_2.png": {"intrinsics": {"fx": 1075.16, "fy": 1075.17, "cx": 634.783, "cy": 503.818}, "camera_to_world_matrix": [-0.477038, -0.589769, 0.65162, 13.6115, 0.878881, -0.32217, 0.35182, -5.64541, 0.00243944, 0.740527, 0.672024, -4.44639, 0.0, 0.0, 0.0, 1.0]}, "013aeede69d04db1b99dae6124da4fd5_d2_3.png": {"intrinsics": {"fx": 1075.16, "fy": 1075.17, "cx": 634.783, "cy": 503.818}, "camera_to_world_matrix": [0.522627, -0.573359, 0.630969, 13.612, 0.852561, 0.349941, -0.388178, -5.63087, 0.00176264, 0.740811, 0.671713, -4.44638, 0.0, 0.0, 0.0, 1.0]}, "013aeede69d04db1b99dae6124da4fd5_d2_4.png": {"intrinsics": {"fx": 1075.16, "fy": 1075.17, "cx": 634.783, "cy": 503.818}, "camera_to_world_matrix": [0.999654, 0.0169153, -0.0202175, 13.6248, -0.0263398, 0.671778, -0.740284, -5.62403, 0.00105941, 0.740559, 0.671992, -4.44639, 0.0, 0.0, 0.0, 1.0]}, "013aeede69d04db1b99dae6124da4fd5_d2_5.png": {"intrinsics": {"fx": 1075.16, "fy": 1075.17, "cx": 634.783, "cy": 503.818}, "camera_to_world_matrix": [0.477005, 0.590767, -0.650739, 13.6372, -0.878901, 0.321497, -0.352385, -5.63174, 0.00103296, 0.740024, 0.672582, -4.4464, 0.0, 0.0, 0.0, 1.0]}, "03732a8d7aae49dbaf9b3c25a3fe96d0_d0_0.png": {"intrinsics": {"fx": 1077.72, "fy": 1078.41, "cx": 632.706, "cy": 516.468}, "camera_to_world_matrix": [0.967136, -0.178908, -0.18067, -16.1713, -0.253959, -0.644984, -0.720765, -2.77282, 0.0124214, 0.74296, -0.669221, 1.62003, 0.0, 0.0, 0.0, 1.0]}, "03732a8d7aae49dbaf9b3c25a3fe96d0_d0_1.png": {"intrinsics": {"fx": 1077.72, "fy": 1078.41, "cx": 632.706, "cy": 516.468}, "camera_to_world_matrix": [0.263573, -0.651758, -0.711156, -16.1609, -0.964572, -0.169296, -0.202341, -2.78304, 0.0114812, 0.739292, -0.673287, 1.62011, 0.0, 0.0, 0.0, 1.0]}, "03732a8d7aae49dbaf9b3c25a3fe96d0_d0_2.png": {"intrinsics": {"fx": 1077.72, "fy": 1078.41, "cx": 632.706, "cy": 516.468}, "camera_to_world_matrix": [-0.703602, -0.476212, -0.527417, -16.1646, -0.710568, 0.478054, 0.516293, -2.79712, 0.00626865, 0.73803, -0.67474, 1.62014, 0.0, 0.0, 0.0, 1.0]}, "03732a8d7aae49dbaf9b3c25a3fe96d0_d0_3.png": {"intrinsics": {"fx": 1077.72, "fy": 1078.41, "cx": 632.706, "cy": 516.468}, "camera_to_world_matrix": [-0.967192, 0.172179, 0.186805, -16.1786, 0.254043, 0.649702, 0.716486, -2.80098, 0.00199636, 0.740435, -0.672125, 1.62009, 0.0, 0.0, 0.0, 1.0]}, "03732a8d7aae49dbaf9b3c25a3fe96d0_d0_4.png": {"intrinsics": {"fx": 1077.72, "fy": 1078.41, "cx": 632.706, "cy": 516.468}, "camera_to_world_matrix": [-0.263601, 0.64501, 0.717271, -16.189, 0.964629, 0.173995, 0.198041, -2.79076, 0.00293673, 0.744103, -0.668059, 1.62001, 0.0, 0.0, 0.0, 1.0]}, "03732a8d7aae49dbaf9b3c25a3fe96d0_d0_5.png": {"intrinsics": {"fx": 1077.72, "fy": 1078.41, "cx": 632.706, "cy": 516.468}, "camera_to_world_matrix": [0.703564, 0.46944, 0.533504, -16.1853, 0.710587, -0.473349, -0.520586, -2.77668, 0.00814942, 0.745365, -0.666607, 1.61998, 0.0, 0.0, 0.0, 1.0]}, "03732a8d7aae49dbaf9b3c25a3fe96d0_d1_0.png": {"intrinsics": {"fx": 1075.21, "fy": 1075.49, "cx": 633.906, "cy": 504.499}, "camera_to_world_matrix": [0.967576, -0.0118061, -0.252306, -16.1742, -0.252214, 0.00876602, -0.967632, -2.7834, 0.0136357, 0.999892, 0.00550407, 1.6533, 0.0, 0.0, 0.0, 1.0]}, "03732a8d7aae49dbaf9b3c25a3fe96d0_d1_1.png": {"intrinsics": {"fx": 1075.21, "fy": 1075.49, "cx": 633.906, "cy": 504.499}, "camera_to_world_matrix": [0.265298, -0.0033457, -0.964161, -16.1717, -0.964083, 0.012257, -0.265319, -2.78586, 0.0127054, 0.999919, 2.61765e-05, 1.65332, 0.0, 0.0, 0.0, 1.0]}, "03732a8d7aae49dbaf9b3c25a3fe96d0_d1_2.png": {"intrinsics": {"fx": 1075.21, "fy": 1075.49, "cx": 633.906, "cy": 504.499}, "camera_to_world_matrix": [-0.702322, 0.00390759, -0.711849, -16.1726, -0.711821, 0.00667541, 0.70233, -2.78925, 0.00749629, 0.99997, -0.00190683, 1.65333, 0.0, 0.0, 0.0, 1.0]}, "03732a8d7aae49dbaf9b3c25a3fe96d0_d1_3.png": {"intrinsics": {"fx": 1075.21, "fy": 1075.49, "cx": 633.906, "cy": 504.499}, "camera_to_world_matrix": [-0.967643, 0.00270027, 0.252311, -16.176, 0.252305, -0.00239699, 0.967645, -2.79018, 0.00321767, 0.999993, 0.00163809, 1.65332, 0.0, 0.0, 0.0, 1.0]}, "03732a8d7aae49dbaf9b3c25a3fe96d0_d1_4.png": {"intrinsics": {"fx": 1075.21, "fy": 1075.49, "cx": 633.906, "cy": 504.499}, "camera_to_world_matrix": [-0.265337, -0.00576031, 0.964138, -16.1785, 0.964147, -0.00588762, 0.265305, -2.78772, 0.00414823, 0.999966, 0.00711595, 1.6533, 0.0, 0.0, 0.0, 1.0]}, "03732a8d7aae49dbaf9b3c25a3fe96d0_d1_5.png": {"intrinsics": {"fx": 1075.21, "fy": 1075.49, "cx": 633.906, "cy": 504.499}, "camera_to_world_matrix": [0.702273, -0.0130134, 0.711789, -16.1776, 0.711847, -0.000305767, -0.702335, -2.78433, 0.00935739, 0.999915, 0.00904875, 1.65329, 0.0, 0.0, 0.0, 1.0]}, "03732a8d7aae49dbaf9b3c25a3fe96d0_d2_0.png": {"intrinsics": {"fx": 1075.16, "fy": 1075.17, "cx": 634.783, "cy": 503.818}, "camera_to_world_matrix": [0.969715, 0.159537, -0.184944, -16.1716, -0.244149, 0.654625, -0.715443, -2.77261, 0.006929, 0.738929, 0.67375, 1.68653, 0.0, 0.0, 0.0, 1.0]}, "03732a8d7aae49dbaf9b3c25a3fe96d0_d2_1.png": {"intrinsics": {"fx": 1075.16, "fy": 1075.17, "cx": 634.783, "cy": 503.818}, "camera_to_world_matrix": [0.273386, 0.64296, -0.715446, -16.1612, -0.961887, 0.187408, -0.199135, -2.78282, 0.00604442, 0.742618, 0.66969, 1.68661, 0.0, 0.0, 0.0, 1.0]}, "03732a8d7aae49dbaf9b3c25a3fe96d0_d2_2.png": {"intrinsics": {"fx": 1075.16, "fy": 1075.17, "cx": 634.783, "cy": 503.818}, "camera_to_world_matrix": [-0.696343, 0.480039, -0.533547, -16.1649, -0.717711, -0.464863, 0.518454, -2.7969, 0.000851496, 0.743953, 0.668233, 1.68664, 0.0, 0.0, 0.0, 1.0]}, "03732a8d7aae49dbaf9b3c25a3fe96d0_d2_3.png": {"intrinsics": {"fx": 1075.16, "fy": 1075.17, "cx": 634.783, "cy": 503.818}, "camera_to_world_matrix": [-0.969721, -0.166303, 0.17885, -16.1789, 0.244198, -0.649903, 0.719719, -2.80076, -0.00345672, 0.7416, 0.670836, 1.68659, 0.0, 0.0, 0.0, 1.0]}, "03732a8d7aae49dbaf9b3c25a3fe96d0_d2_4.png": {"intrinsics": {"fx": 1075.16, "fy": 1075.17, "cx": 634.783, "cy": 503.818}, "camera_to_world_matrix": [-0.273364, -0.649709, 0.709332, -16.1893, 0.961909, -0.182668, 0.203389, -2.79055, -0.00257192, 0.737911, 0.674895, 1.68651, 0.0, 0.0, 0.0, 1.0]}, "03732a8d7aae49dbaf9b3c25a3fe96d0_d2_5.png": {"intrinsics": {"fx": 1075.16, "fy": 1075.17, "cx": 634.783, "cy": 503.818}, "camera_to_world_matrix": [0.696355, -0.486761, 0.527405, -16.1856, 0.717695, 0.469597, -0.514193, -2.77647, 0.00262105, 0.736575, 0.676352, 1.68648, 0.0, 0.0, 0.0, 1.0]}, "03e418be259e4659bb47e1734b02ec67_d0_0.png": {"intrinsics": {"fx": 1077.72, "fy": 1078.41, "cx": 632.706, "cy": 516.468}, "camera_to_world_matrix": [0.690532, 0.478817, 0.542128, -16.8767, 0.723252, -0.46601, -0.50965, -14.8022, 0.00860787, 0.744023, -0.668098, 1.59351, 0.0, 0.0, 0.0, 1.0]}, "03e418be259e4659bb47e1734b02ec67_d0_1.png": {"intrinsics": {"fx": 1077.72, "fy": 1078.41, "cx": 632.706, "cy": 516.468}, "camera_to_world_matrix": [0.97159, -0.166355, -0.168345, -16.8627, -0.236421, -0.649394, -0.722769, -14.798, 0.0109133, 0.742035, -0.670273, 1.59355, 0.0, 0.0, 0.0, 1.0]}, "03e418be259e4659bb47e1734b02ec67_d0_2.png": {"intrinsics": {"fx": 1077.72, "fy": 1078.41, "cx": 632.706, "cy": 516.468}, "camera_to_world_matrix": [0.281012, -0.647746, -0.708138, -16.8522, -0.959658, -0.182342, -0.214032, -14.8081, 0.0095144, 0.739715, -0.672853, 1.5936, 0.0, 0.0, 0.0, 1.0]}, "03e418be259e4659bb47e1734b02ec67_d0_3.png": {"intrinsics": {"fx": 1077.72, "fy": 1078.41, "cx": 632.706, "cy": 516.468}, "camera_to_world_matrix": [-0.69061, -0.483955, -0.537446, -16.8556, -0.723205, 0.468082, 0.507814, -14.8222, 0.00580999, 0.739384, -0.673259, 1.59361, 0.0, 0.0, 0.0, 1.0]}, "03e418be259e4659bb47e1734b02ec67_d0_4.png": {"intrinsics": {"fx": 1077.72, "fy": 1078.41, "cx": 632.706, "cy": 516.468}, "camera_to_world_matrix": [-0.971631, 0.161224, 0.173036, -16.8695, 0.236479, 0.651441, 0.720905, -14.8263, 0.00350457, 0.741373, -0.671085, 1.59357, 0.0, 0.0, 0.0, 1.0]}, "03e418be259e4659bb47e1734b02ec67_d0_5.png": {"intrinsics": {"fx": 1077.72, "fy": 1078.41, "cx": 632.706, "cy": 516.468}, "camera_to_world_matrix": [-0.281024, 0.642597, 0.712809, -16.8801, 0.959689, 0.184371, 0.212147, -14.8163, 0.00490369, 0.743692, -0.668504, 1.59352, 0.0, 0.0, 0.0, 1.0]}, "03e418be259e4659bb47e1734b02ec67_d1_0.png": {"intrinsics": {"fx": 1075.21, "fy": 1075.49, "cx": 633.906, "cy": 504.499}, "camera_to_world_matrix": [0.689219, -0.0118712, 0.724456, -16.8688, 0.724486, -0.00225932, -0.689285, -14.8097, 0.00981942, 0.999927, 0.00704331, 1.6268, 0.0, 0.0, 0.0, 1.0]}, "03e418be259e4659bb47e1734b02ec67_d1_1.png": {"intrinsics": {"fx": 1075.21, "fy": 1075.49, "cx": 633.906, "cy": 504.499}, "camera_to_world_matrix": [0.971999, -0.0108288, -0.234734, -16.8654, -0.23467, 0.00683352, -0.972051, -14.8087, 0.0121302, 0.999918, 0.00410094, 1.62681, 0.0, 0.0, 0.0, 1.0]}, "03e418be259e4659bb47e1734b02ec67_d1_2.png": {"intrinsics": {"fx": 1075.21, "fy": 1075.49, "cx": 633.906, "cy": 504.499}, "camera_to_world_matrix": [0.282729, -0.00243292, -0.959197, -16.8629, -0.95914, 0.0104771, -0.282739, -14.8112, 0.0107375, 0.999942, 0.000628623, 1.62682, 0.0, 0.0, 0.0, 1.0]}, "03e418be259e4659bb47e1734b02ec67_d1_3.png": {"intrinsics": {"fx": 1075.21, "fy": 1075.49, "cx": 633.906, "cy": 504.499}, "camera_to_world_matrix": [-0.689306, 0.00492031, -0.724454, -16.8637, -0.724436, 0.00502774, 0.689323, -14.8146, 0.00703404, 0.999975, 9.8756e-05, 1.62682, 0.0, 0.0, 0.0, 1.0]}, "03e418be259e4659bb47e1734b02ec67_d1_4.png": {"intrinsics": {"fx": 1075.21, "fy": 1075.49, "cx": 633.906, "cy": 504.499}, "camera_to_world_matrix": [-0.972049, 0.00387752, 0.234747, -16.867, 0.234731, -0.00406507, 0.972052, -14.8155, 0.00472341, 0.999984, 0.00304122, 1.62681, 0.0, 0.0, 0.0, 1.0]}, "03e418be259e4659bb47e1734b02ec67_d1_5.png": {"intrinsics": {"fx": 1075.21, "fy": 1075.49, "cx": 633.906, "cy": 504.499}, "camera_to_world_matrix": [-0.28275, -0.00451848, 0.959183, -16.8696, 0.959174, -0.00770831, 0.282711, -14.8131, 0.00611625, 0.99996, 0.00651348, 1.6268, 0.0, 0.0, 0.0, 1.0]}, "03e418be259e4659bb47e1734b02ec67_d2_0.png": {"intrinsics": {"fx": 1075.16, "fy": 1075.17, "cx": 634.783, "cy": 503.818}, "camera_to_world_matrix": [0.683188, -0.494386, 0.537437, -16.8769, 0.730237, 0.459399, -0.505674, -14.8021, 0.00309979, 0.737926, 0.674876, 1.66001, 0.0, 0.0, 0.0, 1.0]}, "03e418be259e4659bb47e1734b02ec67_d2_1.png": {"intrinsics": {"fx": 1075.16, "fy": 1075.17, "cx": 634.783, "cy": 503.818}, "camera_to_world_matrix": [0.973984, 0.148493, -0.171192, -16.8629, -0.226556, 0.656137, -0.719832, -14.798, 0.00543512, 0.739889, 0.672709, 1.66005, 0.0, 0.0, 0.0, 1.0]}, "03e418be259e4659bb47e1734b02ec67_d2_2.png": {"intrinsics": {"fx": 1075.16, "fy": 1075.17, "cx": 634.783, "cy": 503.818}, "camera_to_world_matrix": [0.290768, 0.640303, -0.710962, -16.8524, -0.956786, 0.197748, -0.213211, -14.808, 0.00407143, 0.742233, 0.670132, 1.6601, 0.0, 0.0, 0.0, 1.0]}, "03e418be259e4659bb47e1734b02ec67_d2_3.png": {"intrinsics": {"fx": 1075.16, "fy": 1075.17, "cx": 634.783, "cy": 503.818}, "camera_to_world_matrix": [-0.683229, 0.489222, -0.542091, -16.8558, -0.730206, -0.457369, 0.507557, -14.8221, 0.000372461, 0.742614, 0.669721, 1.66011, 0.0, 0.0, 0.0, 1.0]}, "03e418be259e4659bb47e1734b02ec67_d2_4.png": {"intrinsics": {"fx": 1075.16, "fy": 1075.17, "cx": 634.783, "cy": 503.818}, "camera_to_world_matrix": [-0.973988, -0.153665, 0.166547, -16.8698, 0.226599, -0.654081, 0.721687, -14.8262, -0.00196275, 0.740652, 0.671888, 1.66007, 0.0, 0.0, 0.0, 1.0]}, "03e418be259e4659bb47e1734b02ec67_d2_5.png": {"intrinsics": {"fx": 1075.16, "fy": 1075.17, "cx": 634.783, "cy": 503.818}, "camera_to_world_matrix": [-0.290743, -0.645456, 0.706297, -16.8803, 0.956802, -0.195673, 0.215044, -14.8162, -0.000598955, 0.738308, 0.674465, 1.66002, 0.0, 0.0, 0.0, 1.0]}, "062df9954974450a9eb914da2727062d_d0_0.png": {"intrinsics": {"fx": 1077.72, "fy": 1078.41, "cx": 632.706, "cy": 516.468}, "camera_to_world_matrix": [0.520871, 0.567993, 0.637243, -0.211622, 0.853635, -0.345306, -0.389964, 8.5383, -0.00145286, 0.747094, -0.664717, -4.50818, 0.0, 0.0, 0.0, 1.0]}, "062df9954974450a9eb914da2727062d_d0_1.png": {"intrinsics": {"fx": 1077.72, "fy": 1078.41, "cx": 632.706, "cy": 516.468}, "camera_to_world_matrix": [0.999659, -0.0233987, -0.0116294, -0.198861, -0.0242066, -0.66174, -0.749343, 8.54529, 0.00983789, 0.749369, -0.66208, -4.50823, 0.0, 0.0, 0.0, 1.0]}, "062df9954974450a9eb914da2727062d_d0_2.png": {"intrinsics": {"fx": 1077.72, "fy": 1078.41, "cx": 632.706, "cy": 516.468}, "camera_to_world_matrix": [0.478749, -0.593133, -0.647297, -0.186427, -0.877758, -0.30783, -0.367129, 8.53773, 0.0184993, 0.743932, -0.667999, -4.50812, 0.0, 0.0, 0.0, 1.0]}, "062df9954974450a9eb914da2727062d_d0_3.png": {"intrinsics": {"fx": 1077.72, "fy": 1078.41, "cx": 632.706, "cy": 516.468}, "camera_to_world_matrix": [-0.520938, -0.571463, -0.634078, -0.186756, -0.853448, 0.362507, 0.374456, 8.52319, 0.0158696, 0.73622, -0.676556, -4.50795, 0.0, 0.0, 0.0, 1.0]}, "062df9954974450a9eb914da2727062d_d0_4.png": {"intrinsics": {"fx": 1077.72, "fy": 1078.41, "cx": 632.706, "cy": 516.468}, "camera_to_world_matrix": [-0.999692, 0.0199408, 0.0148087, -0.199517, 0.0244126, 0.678917, 0.73381, 8.5162, 0.00457868, 0.733945, -0.679194, -4.5079, 0.0, 0.0, 0.0, 1.0]}, "062df9954974450a9eb914da2727062d_d0_5.png": {"intrinsics": {"fx": 1077.72, "fy": 1078.41, "cx": 632.706, "cy": 516.468}, "camera_to_world_matrix": [-0.478749, 0.589662, 0.650462, -0.211951, 0.877944, 0.324984, 0.351571, 8.52376, -0.00408233, 0.739382, -0.673274, -4.50802, 0.0, 0.0, 0.0, 1.0]}, "062df9954974450a9eb914da2727062d_d1_0.png": {"intrinsics": {"fx": 1075.21, "fy": 1075.49, "cx": 633.906, "cy": 504.499}, "camera_to_world_matrix": [0.519327, -0.00977693, 0.854519, -0.202258, 0.854575, 0.00623336, -0.51929, 8.53295, -0.000249474, 0.999933, 0.0115922, -4.47485, 0.0, 0.0, 0.0, 1.0]}, "062df9954974450a9eb914da2727062d_d1_1.png": {"intrinsics": {"fx": 1075.21, "fy": 1075.49, "cx": 633.906, "cy": 504.499}, "camera_to_world_matrix": [0.999688, -0.0106928, -0.0225607, -0.199188, -0.0223953, 0.0153392, -0.999631, 8.53463, 0.0110349, 0.999825, 0.0150949, -4.47486, 0.0, 0.0, 0.0, 1.0]}, "062df9954974450a9eb914da2727062d_d1_2.png": {"intrinsics": {"fx": 1075.21, "fy": 1075.49, "cx": 633.906, "cy": 504.499}, "camera_to_world_matrix": [0.480318, -0.00326423, -0.877088, -0.196197, -0.876872, 0.0206853, -0.480278, 8.53281, 0.0197106, 0.999781, 0.00707319, -4.47483, 0.0, 0.0, 0.0, 1.0]}, "062df9954974450a9eb914da2727062d_d1_3.png": {"intrinsics": {"fx": 1075.21, "fy": 1075.49, "cx": 633.906, "cy": 504.499}, "camera_to_world_matrix": [-0.5194, 0.00508001, -0.854516, -0.196276, -0.85436, 0.0169255, 0.519406, 8.52931, 0.0171017, 0.999844, -0.004451, -4.47479, 0.0, 0.0, 0.0, 1.0]}, "062df9954974450a9eb914da2727062d_d1_4.png": {"intrinsics": {"fx": 1075.21, "fy": 1075.49, "cx": 633.906, "cy": 504.499}, "camera_to_world_matrix": [-0.999727, 0.00599551, 0.022583, -0.199346, 0.0226295, 0.00781964, 0.999713, 8.52763, 0.00581719, 0.999951, -0.00795323, -4.47478, 0.0, 0.0, 0.0, 1.0]}, "062df9954974450a9eb914da2727062d_d1_5.png": {"intrinsics": {"fx": 1075.21, "fy": 1075.49, "cx": 633.906, "cy": 504.499}, "camera_to_world_matrix": [-0.480324, -0.00143325, 0.87709, -0.202337, 0.877086, 0.0024738, 0.480326, 8.52945, -0.00285818, 0.999996, 6.88194e-05, -4.47481, 0.0, 0.0, 0.0, 1.0]}, "062df9954974450a9eb914da2727062d_d2_0.png": {"intrinsics": {"fx": 1075.16, "fy": 1075.17, "cx": 634.783, "cy": 503.818}, "camera_to_world_matrix": [0.512202, -0.579811, 0.633617, -0.211778, 0.858838, 0.351788, -0.37235, 8.53907, -0.0070067, 0.734891, 0.67815, -4.44169, 0.0, 0.0, 0.0, 1.0]}, "062df9954974450a9eb914da2727062d_d2_1.png": {"intrinsics": {"fx": 1075.16, "fy": 1075.17, "cx": 634.783, "cy": 503.818}, "camera_to_world_matrix": [0.999893, 0.0065002, -0.0132334, -0.199017, -0.0141188, 0.680781, -0.732351, 8.54606, 0.00424839, 0.732459, 0.6808, -4.44174, 0.0, 0.0, 0.0, 1.0]}, "062df9954974450a9eb914da2727062d_d2_2.png": {"intrinsics": {"fx": 1075.16, "fy": 1075.17, "cx": 634.783, "cy": 503.818}, "camera_to_world_matrix": [0.487664, 0.584572, -0.648429, -0.186583, -0.872936, 0.33755, -0.3522, 8.5385, 0.0129911, 0.737791, 0.674906, -4.44162, 0.0, 0.0, 0.0, 1.0]}, "062df9954974450a9eb914da2727062d_d2_3.png": {"intrinsics": {"fx": 1075.16, "fy": 1075.17, "cx": 634.783, "cy": 503.818}, "camera_to_world_matrix": [-0.512244, 0.57632, -0.63676, -0.186912, -0.858778, -0.334666, 0.387945, 8.52396, 0.0104786, 0.745557, 0.666362, -4.44145, 0.0, 0.0, 0.0, 1.0]}, "062df9954974450a9eb914da2727062d_d2_4.png": {"intrinsics": {"fx": 1075.16, "fy": 1075.17, "cx": 634.783, "cy": 503.818}, "camera_to_world_matrix": [-0.9999, -0.0100037, 0.0101042, -0.199674, 0.014198, -0.663636, 0.747921, 8.51697, -0.000776666, 0.747989, 0.663712, -4.4414, 0.0, 0.0, 0.0, 1.0]}, "062df9954974450a9eb914da2727062d_d2_5.png": {"intrinsics": {"fx": 1075.16, "fy": 1075.17, "cx": 634.783, "cy": 503.818}, "camera_to_world_matrix": [-0.487638, -0.588062, 0.645285, -0.212107, 0.872996, -0.320383, 0.367745, 8.52453, -0.00951911, 0.742656, 0.669607, -4.44152, 0.0, 0.0, 0.0, 1.0]}, "076a42f6b3e7408cb3a2ee5f2c6d637b_d0_0.png": {"intrinsics": {"fx": 1077.72, "fy": 1078.41, "cx": 632.706, "cy": 516.468}, "camera_to_world_matrix": [-0.430047, 0.608983, 0.666484, -9.2546, 0.902807, 0.290934, 0.3167, -5.29058, -0.00103868, 0.737902, -0.674908, -4.46483, 0.0, 0.0, 0.0, 1.0]}, "076a42f6b3e7408cb3a2ee5f2c6d637b_d0_1.png": {"intrinsics": {"fx": 1077.72, "fy": 1078.41, "cx": 632.706, "cy": 516.468}, "camera_to_world_matrix": [0.566816, 0.550698, 0.612742, -9.25348, 0.823843, -0.377226, -0.423066, -5.27607, -0.00183946, 0.744604, -0.667505, -4.46497, 0.0, 0.0, 0.0, 1.0]}, "076a42f6b3e7408cb3a2ee5f2c6d637b_d0_2.png": {"intrinsics": {"fx": 1077.72, "fy": 1078.41, "cx": 632.706, "cy": 516.468}, "camera_to_world_matrix": [0.996862, -0.0571204, -0.0548199, -9.24036, -0.0789109, -0.660815, -0.74639, -5.26979, 0.00640813, 0.748373, -0.663247, -4.46506, 0.0, 0.0, 0.0, 1.0]}, "076a42f6b3e7408cb3a2ee5f2c6d637b_d0_3.png": {"intrinsics": {"fx": 1077.72, "fy": 1078.41, "cx": 632.706, "cy": 516.468}, "camera_to_world_matrix": [0.430035, -0.60664, -0.668625, -9.22836, -0.902681, -0.276238, -0.329942, -5.27802, 0.0154563, 0.745441, -0.666392, -4.46499, 0.0, 0.0, 0.0, 1.0]}, "076a42f6b3e7408cb3a2ee5f2c6d637b_d0_4.png": {"intrinsics": {"fx": 1077.72, "fy": 1078.41, "cx": 632.706, "cy": 516.468}, "camera_to_world_matrix": [-0.566826, -0.548329, -0.614855, -9.22948, -0.823679, 0.39192, 0.409822, -5.29253, 0.0162566, 0.738739, -0.673795, -4.46485, 0.0, 0.0, 0.0, 1.0]}, "076a42f6b3e7408cb3a2ee5f2c6d637b_d0_5.png": {"intrinsics": {"fx": 1077.72, "fy": 1078.41, "cx": 632.706, "cy": 516.468}, "camera_to_world_matrix": [-0.996836, 0.0595005, 0.0527206, -9.2426, 0.0790927, 0.675486, 0.73312, -5.29881, 0.00800883, 0.73497, -0.678053, -4.46477, 0.0, 0.0, 0.0, 1.0]}, "076a42f6b3e7408cb3a2ee5f2c6d637b_d1_0.png": {"intrinsics": {"fx": 1075.21, "fy": 1075.49, "cx": 633.906, "cy": 504.499}, "camera_to_world_matrix": [-0.431663, 0.00200318, 0.902033, -9.24458, 0.902035, 0.000748636, 0.431662, -5.28548, 0.000189394, 0.999997, -0.00213015, -4.43164, 0.0, 0.0, 0.0, 1.0]}, "076a42f6b3e7408cb3a2ee5f2c6d637b_d1_1.png": {"intrinsics": {"fx": 1075.21, "fy": 1075.49, "cx": 633.906, "cy": 504.499}, "camera_to_world_matrix": [0.56533, -0.00612303, 0.824842, -9.24431, 0.824864, 0.00495939, -0.565309, -5.28199, -0.000629312, 0.999969, 0.00785431, -4.43168, 0.0, 0.0, 0.0, 1.0]}, "076a42f6b3e7408cb3a2ee5f2c6d637b_d1_2.png": {"intrinsics": {"fx": 1075.21, "fy": 1075.49, "cx": 633.906, "cy": 504.499}, "camera_to_world_matrix": [0.996994, -0.00653934, -0.0772041, -9.24116, -0.0771062, 0.0141019, -0.99