{"0977162f6d4e47f7b3764379ba68d8db_d0_0.png": {"intrinsics": {"fx": 1069.67, "fy": 1070.36, "cx": 632.9, "cy": 515.549}, "camera_to_world_matrix": [0.368183, -0.634771, -0.679342, 16.8435, -0.929374, -0.230434, -0.288377, 2.14968, 0.0265102, 0.737539, -0.674783, 1.327, 0.0, 0.0, 0.0, 1.0]}, "0977162f6d4e47f7b3764379ba68d8db_d0_1.png": {"intrinsics": {"fx": 1069.67, "fy": 1070.36, "cx": 632.9, "cy": 515.549}, "camera_to_world_matrix": [-0.620966, -0.535283, -0.5726, 16.8414, -0.783811, 0.429924, 0.448112, 2.13528, 0.00630835, 0.727073, -0.686531, 1.32723, 0.0, 0.0, 0.0, 1.0]}, "0977162f6d4e47f7b3764379ba68d8db_d0_2.png": {"intrinsics": {"fx": 1069.67, "fy": 1070.36, "cx": 632.9, "cy": 515.549}, "camera_to_world_matrix": [-0.989184, 0.0863313, 0.118572, 16.8279, 0.145633, 0.674125, 0.724116, 2.12986, -0.0174181, 0.733553, -0.679409, 1.32709, 0.0, 0.0, 0.0, 1.0]}, "0977162f6d4e47f7b3764379ba68d8db_d0_3.png": {"intrinsics": {"fx": 1069.67, "fy": 1070.36, "cx": 632.9, "cy": 515.549}, "camera_to_world_matrix": [-0.368245, 0.608444, 0.702986, 16.8165, 0.929492, 0.257962, 0.263626, 2.13884, -0.0209422, 0.750499, -0.660539, 1.32672, 0.0, 0.0, 0.0, 1.0]}, "0977162f6d4e47f7b3764379ba68d8db_d0_4.png": {"intrinsics": {"fx": 1069.67, "fy": 1070.36, "cx": 632.9, "cy": 515.549}, "camera_to_world_matrix": [0.620898, 0.508931, 0.596216, 16.8186, 0.78389, -0.402392, -0.472859, 2.15324, -0.000739801, 0.760965, -0.648792, 1.32649, 0.0, 0.0, 0.0, 1.0]}, "0977162f6d4e47f7b3764379ba68d8db_d0_5.png": {"intrinsics": {"fx": 1069.67, "fy": 1070.36, "cx": 632.9, "cy": 515.549}, "camera_to_world_matrix": [0.98908, -0.112693, -0.0949672, 16.8321, -0.145569, -0.646569, -0.748837, 2.15866, 0.0229863, 0.754485, -0.655915, 1.32663, 0.0, 0.0, 0.0, 1.0]}, "0977162f6d4e47f7b3764379ba68d8db_d1_0.png": {"intrinsics": {"fx": 1068.71, "fy": 1069.33, "cx": 631.868, "cy": 517.548}, "camera_to_world_matrix": [0.372075, -0.024614, -0.927876, 16.8327, -0.927861, 0.0172511, -0.372526, 2.14618, 0.0251764, 0.999548, -0.0164203, 1.36013, 0.0, 0.0, 0.0, 1.0]}, "0977162f6d4e47f7b3764379ba68d8db_d1_1.png": {"intrinsics": {"fx": 1068.71, "fy": 1069.33, "cx": 631.868, "cy": 517.548}, "camera_to_world_matrix": [-0.617676, -0.0222409, -0.786117, 16.8322, -0.786415, 0.0238741, 0.617236, 2.14271, 0.00504015, 0.999467, -0.0322377, 1.36019, 0.0, 0.0, 0.0, 1.0]}, "0977162f6d4e47f7b3764379ba68d8db_d1_2.png": {"intrinsics": {"fx": 1068.71, "fy": 1069.33, "cx": 631.868, "cy": 517.548}, "camera_to_world_matrix": [-0.989762, -0.0153192, 0.141899, 16.8289, 0.141489, 0.0251323, 0.98962, 2.14141, -0.0187263, 0.999566, -0.0227082, 1.36015, 0.0, 0.0, 0.0, 1.0]}, "0977162f6d4e47f7b3764379ba68d8db_d1_3.png": {"intrinsics": {"fx": 1068.71, "fy": 1069.33, "cx": 631.868, "cy": 517.548}, "camera_to_world_matrix": [-0.372088, -0.0107708, 0.928135, 16.8262, 0.927927, 0.0197674, 0.372235, 2.14357, -0.0223559, 0.999746, 0.0026386, 1.36007, 0.0, 0.0, 0.0, 1.0]}, "0977162f6d4e47f7b3764379ba68d8db_d1_4.png": {"intrinsics": {"fx": 1068.71, "fy": 1069.33, "cx": 631.868, "cy": 517.548}, "camera_to_world_matrix": [0.617657, -0.0131441, 0.786337, 16.8267, 0.786444, 0.0131445, -0.617522, 2.14703, -0.00221909, 0.999827, 0.0184552, 1.36001, 0.0, 0.0, 0.0, 1.0]}, "0977162f6d4e47f7b3764379ba68d8db_d1_5.png": {"intrinsics": {"fx": 1068.71, "fy": 1069.33, "cx": 631.868, "cy": 517.548}, "camera_to_world_matrix": [0.989706, -0.0200658, -0.141693, 16.8299, -0.141476, 0.0118866, -0.98987, 2.14834, 0.021547, 0.999728, 0.00892475, 1.36004, 0.0, 0.0, 0.0, 1.0]}, "0977162f6d4e47f7b3764379ba68d8db_d2_0.png": {"intrinsics": {"fx": 1070.29, "fy": 1070.48, "cx": 636.783, "cy": 522.149}, "camera_to_world_matrix": [0.377162, 0.605967, -0.700395, 16.8423, -0.925753, 0.268768, -0.265984, 2.15091, 0.0270665, 0.748711, 0.662345, 1.39348, 0.0, 0.0, 0.0, 1.0]}, "0977162f6d4e47f7b3764379ba68d8db_d2_1.png": {"intrinsics": {"fx": 1070.29, "fy": 1070.48, "cx": 636.783, "cy": 522.149}, "camera_to_world_matrix": [-0.613354, 0.51709, -0.597006, 16.8403, -0.789778, -0.394832, 0.469425, 2.13651, 0.00701806, 0.759425, 0.650558, 1.39371, 0.0, 0.0, 0.0, 1.0]}, "0977162f6d4e47f7b3764379ba68d8db_d2_2.png": {"intrinsics": {"fx": 1070.29, "fy": 1070.48, "cx": 636.783, "cy": 522.149}, "camera_to_world_matrix": [-0.99056, -0.10203, 0.0915556, 16.8268, 0.136053, -0.649843, 0.747793, 2.13109, -0.0168006, 0.753189, 0.657591, 1.39357, 0.0, 0.0, 0.0, 1.0]}, "0977162f6d4e47f7b3764379ba68d8db_d2_3.png": {"intrinsics": {"fx": 1070.29, "fy": 1070.48, "cx": 636.783, "cy": 522.149}, "camera_to_world_matrix": [-0.377241, -0.632258, 0.676712, 16.8153, 0.925888, -0.241249, 0.290745, 2.14007, -0.0205702, 0.736239, 0.67641, 1.3932, 0.0, 0.0, 0.0, 1.0]}, "0977162f6d4e47f7b3764379ba68d8db_d2_4.png": {"intrinsics": {"fx": 1070.29, "fy": 1070.48, "cx": 636.783, "cy": 522.149}, "camera_to_world_matrix": [0.61327, -0.543356, 0.573294, 16.8174, 0.789874, 0.422348, -0.44466, 2.15447, -0.000521104, 0.725526, 0.688196, 1.39297, 0.0, 0.0, 0.0, 1.0]}, "0977162f6d4e47f7b3764379ba68d8db_d2_5.png": {"intrinsics": {"fx": 1070.29, "fy": 1070.48, "cx": 636.783, "cy": 522.149}, "camera_to_world_matrix": [0.99044, 0.0757742, -0.115279, 16.8309, -0.135971, 0.677335, -0.723001, 2.15989, 0.0232972, 0.731762, 0.681163, 1.39311, 0.0, 0.0, 0.0, 1.0]}, "0e3f642a048a42389f79daf3adee6970_d0_0.png": {"intrinsics": {"fx": 1069.67, "fy": 1070.36, "cx": 632.9, "cy": 515.549}, "camera_to_world_matrix": [-0.859072, 0.371626, 0.351976, 10.8958, 0.510259, 0.567559, 0.64615, -3.63044, 0.0403593, 0.73469, -0.677202, 4.20675, 0.0, 0.0, 0.0, 1.0]}, "0e3f642a048a42389f79daf3adee6970_d0_1.png": {"intrinsics": {"fx": 1069.67, "fy": 1070.36, "cx": 632.9, "cy": 515.549}, "camera_to_world_matrix": [0.0123472, 0.696409, 0.717537, 10.8886, 0.999872, -0.0157932, -0.00187734, -3.61779, 0.010025, 0.71747, -0.696517, 4.20712, 0.0, 0.0, 0.0, 1.0]}, "0e3f642a048a42389f79daf3adee6970_d0_2.png": {"intrinsics": {"fx": 1069.67, "fy": 1070.36, "cx": 632.9, "cy": 515.549}, "camera_to_world_matrix": [0.871528, 0.353882, 0.339418, 10.896, 0.489569, -0.589095, -0.642874, -3.60524, -0.027552, 0.726452, -0.686664, 4.20693, 0.0, 0.0, 0.0, 1.0]}, "0e3f642a048a42389f79daf3adee6970_d0_3.png": {"intrinsics": {"fx": 1069.67, "fy": 1070.36, "cx": 632.9, "cy": 515.549}, "camera_to_world_matrix": [0.85927, -0.31342, -0.404254, 10.9105, -0.510336, -0.579032, -0.635829, -3.60536, -0.0347938, 0.752654, -0.657496, 4.20636, 0.0, 0.0, 0.0, 1.0]}, "0e3f642a048a42389f79daf3adee6970_d0_4.png": {"intrinsics": {"fx": 1069.67, "fy": 1070.36, "cx": 632.9, "cy": 515.549}, "camera_to_world_matrix": [-0.0121683, -0.638181, -0.769789, 10.9177, -0.999915, 0.00433345, 0.0122135, -3.61801, -0.00445851, 0.769873, -0.638181, 4.20598, 0.0, 0.0, 0.0, 1.0]}, "0e3f642a048a42389f79daf3adee6970_d0_5.png": {"intrinsics": {"fx": 1069.67, "fy": 1070.36, "cx": 632.9, "cy": 515.549}, "camera_to_world_matrix": [-0.871329, -0.295631, -0.391645, 10.9103, -0.489578, 0.577622, 0.653195, -3.63056, 0.033118, 0.76089, -0.648035, 4.20618, 0.0, 0.0, 0.0, 1.0]}, "0e3f642a048a42389f79daf3adee6970_d1_0.png": {"intrinsics": {"fx": 1068.71, "fy": 1069.33, "cx": 631.868, "cy": 517.548}, "camera_to_world_matrix": [-0.861245, 0.0438236, 0.506296, 10.9027, 0.506687, -0.00248839, 0.862126, -3.62117, 0.0390415, 0.999036, -0.0200624, 4.23982, 0.0, 0.0, 0.0, 1.0]}, "0e3f642a048a42389f79daf3adee6970_d1_1.png": {"intrinsics": {"fx": 1068.71, "fy": 1069.33, "cx": 631.868, "cy": 517.548}, "camera_to_world_matrix": [0.00813405, 0.045993, 0.998908, 10.901, 0.999927, -0.00917997, -0.00771988, -3.61813, 0.00881506, 0.998899, -0.0460651, 4.23992, 0.0, 0.0, 0.0, 1.0]}, "0e3f642a048a42389f79daf3adee6970_d1_2.png": {"intrinsics": {"fx": 1068.71, "fy": 1069.33, "cx": 631.868, "cy": 517.548}, "camera_to_world_matrix": [0.869434, 0.0412863, 0.49232, 10.9028, 0.493207, -0.0144076, -0.869792, -3.61511, -0.0288172, 0.999043, -0.0328899, 4.23987, 0.0, 0.0, 0.0, 1.0]}, "0e3f642a048a42389f79daf3adee6970_d1_3.png": {"intrinsics": {"fx": 1068.71, "fy": 1069.33, "cx": 631.868, "cy": 517.548}, "camera_to_world_matrix": [0.861335, 0.0344103, -0.506869, 10.9062, -0.506743, -0.0129436, -0.862, -3.61514, -0.0362222, 0.999324, 0.00628768, 4.23973, 0.0, 0.0, 0.0, 1.0]}, "0e3f642a048a42389f79daf3adee6970_d1_4.png": {"intrinsics": {"fx": 1068.71, "fy": 1069.33, "cx": 631.868, "cy": 517.548}, "camera_to_world_matrix": [-0.00806277, 0.032241, -0.999447, 10.908, -0.999949, -0.00625196, 0.00786533, -3.61818, -0.00599477, 0.99946, 0.0322892, 4.23964, 0.0, 0.0, 0.0, 1.0]}, "0e3f642a048a42389f79daf3adee6970_d1_5.png": {"intrinsics": {"fx": 1068.71, "fy": 1069.33, "cx": 631.868, "cy": 517.548}, "camera_to_world_matrix": [-0.869343, 0.036948, -0.492825, 10.9062, -0.493194, -0.00102447, 0.869918, -3.6212, 0.031637, 0.999316, 0.0191125, 4.23969, 0.0, 0.0, 0.0, 1.0]}, "0e3f642a048a42389f79daf3adee6970_d2_0.png": {"intrinsics": {"fx": 1070.29, "fy": 1070.48, "cx": 636.783, "cy": 522.149}, "camera_to_world_matrix": [-0.863956, -0.304879, 0.400787, 10.8984, 0.501902, -0.586062, 0.636103, -3.63095, 0.0409506, 0.75072, 0.659351, 4.27319, 0.0, 0.0, 0.0, 1.0]}, "0e3f642a048a42389f79daf3adee6970_d2_1.png": {"intrinsics": {"fx": 1070.29, "fy": 1070.48, "cx": 636.783, "cy": 522.149}, "camera_to_world_matrix": [0.00268616, -0.640037, 0.76834, 10.8912, 0.999938, -0.00663196, -0.00901992, -3.6183, 0.0108684, 0.768316, 0.63998, 4.27357, 0.0, 0.0, 0.0, 1.0]}, "0e3f642a048a42389f79daf3adee6970_d2_2.png": {"intrinsics": {"fx": 1070.29, "fy": 1070.48, "cx": 636.783, "cy": 522.149}, "camera_to_world_matrix": [0.866769, -0.306089, 0.39373, 10.8986, 0.497989, 0.573699, -0.65029, -3.60576, -0.0268359, 0.759724, 0.649694, 4.27338, 0.0, 0.0, 0.0, 1.0]}, "0e3f642a048a42389f79daf3adee6970_d2_3.png": {"intrinsics": {"fx": 1070.29, "fy": 1070.48, "cx": 636.783, "cy": 522.149}, "camera_to_world_matrix": [0.86419, 0.363009, -0.348425, 10.9131, -0.501985, 0.574587, -0.646422, -3.60587, -0.0344572, 0.733536, 0.678778, 4.27281, 0.0, 0.0, 0.0, 1.0]}, "0e3f642a048a42389f79daf3adee6970_d2_4.png": {"intrinsics": {"fx": 1070.29, "fy": 1070.48, "cx": 636.783, "cy": 522.149}, "camera_to_world_matrix": [-0.00247098, 0.698144, -0.715953, 10.9203, -0.999988, -0.00485625, -0.00128472, -3.61853, -0.00437399, 0.715941, 0.698149, 4.27243, 0.0, 0.0, 0.0, 1.0]}, "0e3f642a048a42389f79daf3adee6970_d2_5.png": {"intrinsics": {"fx": 1070.29, "fy": 1070.48, "cx": 636.783, "cy": 522.149}, "camera_to_world_matrix": [-0.866534, 0.364173, -0.341318, 10.9129, -0.498005, -0.585174, 0.639971, -3.63107, 0.0333299, 0.724534, 0.688434, 4.27262, 0.0, 0.0, 0.0, 1.0]}, "0ee61863ec0c4c06bac95fb886e98945_d0_0.png": {"intrinsics": {"fx": 1069.67, "fy": 1070.36, "cx": 632.9, "cy": 515.549}, "camera_to_world_matrix": [-0.943542, -0.199862, -0.264163, 8.20732, -0.329377, 0.650776, 0.684104, 4.25186, 0.0351847, 0.732491, -0.679866, 4.21129, 0.0, 0.0, 0.0, 1.0]}, "0ee61863ec0c4c06bac95fb886e98945_d0_1.png": {"intrinsics": {"fx": 1069.67, "fy": 1070.36, "cx": 632.9, "cy": 515.549}, "camera_to_world_matrix": [-0.757595, 0.45578, 0.467239, 8.19302, 0.652708, 0.524118, 0.547055, 4.25451, 0.00444875, 0.719418, -0.694563, 4.21158, 0.0, 0.0, 0.0, 1.0]}, "0ee61863ec0c4c06bac95fb886e98945_d0_2.png": {"intrinsics": {"fx": 1069.67, "fy": 1070.36, "cx": 632.9, "cy": 515.549}, "camera_to_world_matrix": [0.186034, 0.674278, 0.71466, 8.18816, 0.982145, -0.106922, -0.154782, 4.26823, -0.0279531, 0.730695, -0.682131, 4.21134, 0.0, 0.0, 0.0, 1.0]}, "0ee61863ec0c4c06bac95fb886e98945_d0_3.png": {"intrinsics": {"fx": 1069.67, "fy": 1070.36, "cx": 632.9, "cy": 515.549}, "camera_to_world_matrix": [0.943694, 0.237128, 0.230673, 8.1976, 0.329488, -0.611291, -0.719555, 4.27928, -0.0296183, 0.755045, -0.655004, 4.21081, 0.0, 0.0, 0.0, 1.0]}, "0ee61863ec0c4c06bac95fb886e98945_d0_4.png": {"intrinsics": {"fx": 1069.67, "fy": 1070.36, "cx": 632.9, "cy": 515.549}, "camera_to_world_matrix": [0.757709, -0.41851, -0.500724, 8.21191, -0.65259, -0.484607, -0.582478, 4.27663, 0.00111835, 0.768117, -0.640308, 4.21052, 0.0, 0.0, 0.0, 1.0]}, "0ee61863ec0c4c06bac95fb886e98945_d0_5.png": {"intrinsics": {"fx": 1069.67, "fy": 1070.36, "cx": 632.9, "cy": 515.549}, "camera_to_world_matrix": [-0.185933, -0.636983, -0.748118, 8.21676, -0.981989, 0.146442, 0.11937, 4.26291, 0.0335196, 0.756839, -0.65274, 4.21076, 0.0, 0.0, 0.0, 1.0]}, "0ee61863ec0c4c06bac95fb886e98945_d1_0.png": {"intrinsics": {"fx": 1068.71, "fy": 1069.33, "cx": 631.868, "cy": 517.548}, "camera_to_world_matrix": [-0.942197, 0.0240776, -0.334192, 8.20446, -0.33334, 0.033498, 0.942211, 4.26315, 0.033881, 0.999148, -0.0235364, 4.24434, 0.0, 0.0, 0.0, 1.0]}, "0ee61863ec0c4c06bac95fb886e98945_d1_1.png": {"intrinsics": {"fx": 1068.71, "fy": 1069.33, "cx": 631.868, "cy": 517.548}, "camera_to_world_matrix": [-0.76034, 0.0305969, 0.648804, 8.20102, 0.649516, 0.0308539, 0.759721, 4.26379, 0.00322719, 0.999055, -0.0433333, 4.24441, 0.0, 0.0, 0.0, 1.0]}, "0ee61863ec0c4c06bac95fb886e98945_d1_2.png": {"intrinsics": {"fx": 1068.71, "fy": 1069.33, "cx": 631.868, "cy": 517.548}, "camera_to_world_matrix": [0.181909, 0.0315703, 0.982808, 8.19985, 0.98288, 0.0238876, -0.18269, 4.26709, -0.0292443, 0.999216, -0.0266851, 4.24435, 0.0, 0.0, 0.0, 1.0]}, "0ee61863ec0c4c06bac95fb886e98945_d1_3.png": {"intrinsics": {"fx": 1068.71, "fy": 1069.33, "cx": 631.868, "cy": 517.548}, "camera_to_world_matrix": [0.94228, 0.0260243, 0.333809, 8.20213, 0.333379, 0.0195656, -0.94259, 4.26975, -0.0310613, 0.999469, 0.00975965, 4.24422, 0.0, 0.0, 0.0, 1.0]}, "0ee61863ec0c4c06bac95fb886e98945_d1_4.png": {"intrinsics": {"fx": 1068.71, "fy": 1069.33, "cx": 631.868, "cy": 517.548}, "camera_to_world_matrix": [0.760385, 0.019505, -0.649179, 8.20557, -0.649471, 0.0222099, -0.760061, 4.26911, -0.00040665, 0.999563, 0.0295554, 4.24415, 0.0, 0.0, 0.0, 1.0]}, "0ee61863ec0c4c06bac95fb886e98945_d1_5.png": {"intrinsics": {"fx": 1068.71, "fy": 1069.33, "cx": 631.868, "cy": 517.548}, "camera_to_world_matrix": [-0.181877, 0.0185319, -0.983146, 8.20674, -0.982798, 0.0291763, 0.182363, 4.26581, 0.0320642, 0.999402, 0.012906, 4.24421, 0.0, 0.0, 0.0, 1.0]}, "0ee61863ec0c4c06bac95fb886e98945_d2_0.png": {"intrinsics": {"fx": 1070.29, "fy": 1070.48, "cx": 636.783, "cy": 522.149}, "camera_to_world_matrix": [-0.940289, 0.248016, -0.233125, 8.20899, -0.338492, -0.609277, 0.717081, 4.25362, 0.0358097, 0.753173, 0.656848, 4.27775, 0.0, 0.0, 0.0, 1.0]}, "0ee61863ec0c4c06bac95fb886e98945_d2_1.png": {"intrinsics": {"fx": 1070.29, "fy": 1070.48, "cx": 636.783, "cy": 522.149}, "camera_to_world_matrix": [-0.763865, -0.4113, 0.497336, 8.19468, 0.645356, -0.493085, 0.583425, 4.25628, 0.00526582, 0.766616, 0.642085, 4.27804, 0.0, 0.0, 0.0, 1.0]}, "0ee61863ec0c4c06bac95fb886e98945_d2_2.png": {"intrinsics": {"fx": 1070.29, "fy": 1070.48, "cx": 636.783, "cy": 522.149}, "camera_to_world_matrix": [0.176522, -0.6407, 0.747224, 8.18983, 0.983919, 0.13591, -0.115902, 4.26999, -0.0272971, 0.755667, 0.654388, 4.27779, 0.0, 0.0, 0.0, 1.0]}, "0ee61863ec0c4c06bac95fb886e98945_d2_3.png": {"intrinsics": {"fx": 1070.29, "fy": 1070.48, "cx": 636.783, "cy": 522.149}, "camera_to_world_matrix": [0.940465, -0.210779, 0.266647, 8.19927, 0.338627, 0.648698, -0.681558, 4.28105, -0.0293153, 0.731275, 0.681454, 4.27726, 0.0, 0.0, 0.0, 1.0]}, "0ee61863ec0c4c06bac95fb886e98945_d2_4.png": {"intrinsics": {"fx": 1070.29, "fy": 1070.48, "cx": 636.783, "cy": 522.149}, "camera_to_world_matrix": [0.764003, 0.448533, -0.463809, 8.21357, -0.645213, 0.53248, -0.547874, 4.27839, 0.00122937, 0.717833, 0.696216, 4.27698, 0.0, 0.0, 0.0, 1.0]}, "0ee61863ec0c4c06bac95fb886e98945_d2_5.png": {"intrinsics": {"fx": 1070.29, "fy": 1070.48, "cx": 636.783, "cy": 522.149}, "camera_to_world_matrix": [-0.176398, 0.677908, -0.71367, 8.21843, -0.98374, -0.0965238, 0.151463, 4.26468, 0.0337916, 0.728783, 0.683912, 4.27722, 0.0, 0.0, 0.0, 1.0]}, "10157b7114c445ed86f982a6c215adb3_d0_0.png": {"intrinsics": {"fx": 1069.67, "fy": 1070.36, "cx": 632.9, "cy": 515.549}, "camera_to_world_matrix": [-0.707801, 0.426776, 0.562919, 18.5368, 0.705282, 0.471957, 0.528992, -6.37254, -0.0399123, 0.771438, -0.635051, -0.331103, 0.0, 0.0, 0.0, 1.0]}, "10157b7114c445ed86f982a6c215adb3_d0_1.png": {"intrinsics": {"fx": 1069.67, "fy": 1070.36, "cx": 632.9, "cy": 515.549}, "camera_to_world_matrix": [0.255706, 0.598982, 0.758837, 18.533, 0.96658, -0.17327, -0.18894, -6.35851, 0.0183125, 0.78179, -0.623272, -0.331334, 0.0, 0.0, 0.0, 1.0]}, "10157b7114c445ed86f982a6c215adb3_d0_2.png": {"intrinsics": {"fx": 1069.67, "fy": 1070.36, "cx": 632.9, "cy": 515.549}, "camera_to_world_matrix": [0.963333, 0.127313, 0.236174, 18.5432, 0.261276, -0.645282, -0.717875, -6.34815, 0.0610041, 0.75326, -0.654887, -0.330717, 0.0, 0.0, 0.0, 1.0]}, "10157b7114c445ed86f982a6c215adb3_d0_3.png": {"intrinsics": {"fx": 1069.67, "fy": 1070.36, "cx": 632.9, "cy": 515.549}, "camera_to_world_matrix": [0.707438, -0.516551, -0.482395, 18.5572, -0.70531, -0.472055, -0.528867, -6.35182, 0.04547, 0.714379, -0.69828, -0.329869, 0.0, 0.0, 0.0, 1.0]}, "10157b7114c445ed86f982a6c215adb3_d0_4.png": {"intrinsics": {"fx": 1069.67, "fy": 1070.36, "cx": 632.9, "cy": 515.549}, "camera_to_world_matrix": [-0.256079, -0.688732, -0.678285, 18.5611, -0.966571, 0.173179, 0.189072, -6.36585, -0.0127555, 0.704028, -0.710057, -0.329637, 0.0, 0.0, 0.0, 1.0]}, "10157b7114c445ed86f982a6c215adb3_d0_5.png": {"intrinsics": {"fx": 1069.67, "fy": 1070.36, "cx": 632.9, "cy": 515.549}, "camera_to_world_matrix": [-0.963679, -0.217044, -0.155601, 18.5509, -0.261239, 0.645172, 0.717987, -6.37621, -0.0554454, 0.732559, -0.678441, -0.330254, 0.0, 0.0, 0.0, 1.0]}, "10157b7114c445ed86f982a6c215adb3_d1_0.png": {"intrinsics": {"fx": 1068.71, "fy": 1069.33, "cx": 631.868, "cy": 517.548}, "camera_to_world_matrix": [-0.710645, -0.054463, 0.701439, 18.5425, 0.702327, 0.00383795, 0.711843, -6.36468, -0.041461, 0.998508, 0.0355228, -0.297444, 0.0, 0.0, 0.0, 1.0]}, "10157b7114c445ed86f982a6c215adb3_d1_1.png": {"intrinsics": {"fx": 1068.71, "fy": 1069.33, "cx": 631.868, "cy": 517.548}, "camera_to_world_matrix": [0.251771, -0.0539948, 0.966279, 18.5416, 0.967642, -0.0031822, -0.252304, -6.3613, 0.0166981, 0.998536, 0.0514458, -0.2975, 0.0, 0.0, 0.0, 1.0]}, "10157b7114c445ed86f982a6c215adb3_d1_2.png": {"intrinsics": {"fx": 1068.71, "fy": 1069.33, "cx": 631.868, "cy": 517.548}, "camera_to_world_matrix": [0.962325, -0.0598293, 0.265234, 18.5441, 0.265293, -0.00709838, -0.964141, -6.35881, 0.0595668, 0.998183, 0.00904069, -0.297352, 0.0, 0.0, 0.0, 1.0]}, "10157b7114c445ed86f982a6c215adb3_d1_3.png": {"intrinsics": {"fx": 1068.71, "fy": 1069.33, "cx": 631.868, "cy": 517.548}, "camera_to_world_matrix": [0.710448, -0.0661319, -0.700635, 18.5475, -0.702355, -0.00399432, -0.711815, -6.35969, 0.0442753, 0.997803, -0.0492865, -0.297148, 0.0, 0.0, 0.0, 1.0]}, "10157b7114c445ed86f982a6c215adb3_d1_4.png": {"intrinsics": {"fx": 1068.71, "fy": 1069.33, "cx": 631.868, "cy": 517.548}, "camera_to_world_matrix": [-0.251979, -0.0665998, -0.965438, 18.5484, -0.967633, 0.00302584, 0.252343, -6.36307, -0.0138846, 0.997775, -0.0652073, -0.297092, 0.0, 0.0, 0.0, 1.0]}, "10157b7114c445ed86f982a6c215adb3_d1_5.png": {"intrinsics": {"fx": 1068.71, "fy": 1069.33, "cx": 631.868, "cy": 517.548}, "camera_to_world_matrix": [-0.962506, -0.0607651, -0.264365, 18.5459, -0.265256, 0.0069418, 0.964153, -6.36556, -0.0567515, 0.998128, -0.0228005, -0.29724, 0.0, 0.0, 0.0, 1.0]}, "10157b7114c445ed86f982a6c215adb3_d2_0.png": {"intrinsics": {"fx": 1070.29, "fy": 1070.48, "cx": 636.783, "cy": 522.149}, "camera_to_world_matrix": [-0.714616, -0.509846, 0.478939, 18.5328, 0.698382, -0.480991, 0.530012, -6.37254, -0.0398593, 0.713236, 0.699791, -0.264724, 0.0, 0.0, 0.0, 1.0]}, "10157b7114c445ed86f982a6c215adb3_d2_1.png": {"intrinsics": {"fx": 1070.29, "fy": 1070.48, "cx": 636.783, "cy": 522.149}, "camera_to_world_matrix": [0.24632, -0.693057, 0.677495, 18.5289, 0.969019, 0.162975, -0.185591, -6.35852, 0.0182109, 0.702219, 0.711729, -0.264955, 0.0, 0.0, 0.0, 1.0]}, "10157b7114c445ed86f982a6c215adb3_d2_2.png": {"intrinsics": {"fx": 1070.29, "fy": 1070.48, "cx": 636.783, "cy": 522.149}, "camera_to_world_matrix": [0.960734, -0.227982, 0.158164, 18.5391, 0.270614, 0.643903, -0.715651, -6.34816, 0.061313, 0.730351, 0.680316, -0.264338, 0.0, 0.0, 0.0, 1.0]}, "10157b7114c445ed86f982a6c215adb3_d2_3.png": {"intrinsics": {"fx": 1070.29, "fy": 1070.48, "cx": 636.783, "cy": 522.149}, "camera_to_world_matrix": [0.714197, 0.420294, -0.559711, 18.5532, -0.69841, 0.480856, -0.530096, -6.35183, 0.0463439, 0.7695, 0.636964, -0.26349, 0.0, 0.0, 0.0, 1.0]}, "10157b7114c445ed86f982a6c215adb3_d2_4.png": {"intrinsics": {"fx": 1070.29, "fy": 1070.48, "cx": 636.783, "cy": 522.149}, "camera_to_world_matrix": [-0.24675, 0.603481, -0.758239, 18.5571, -0.96901, -0.163116, 0.185515, -6.36586, -0.0117269, 0.780516, 0.625028, -0.263258, 0.0, 0.0, 0.0, 1.0]}, "10157b7114c445ed86f982a6c215adb3_d2_5.png": {"intrinsics": {"fx": 1070.29, "fy": 1070.48, "cx": 636.783, "cy": 522.149}, "camera_to_world_matrix": [-0.961137, 0.138386, -0.238888, 18.5469, -0.270577, -0.644027, 0.715554, -6.37622, -0.0548274, 0.752382, 0.656443, -0.263875, 0.0, 0.0, 0.0, 1.0]}, "12c84e77f6564013a032220e8f9037e8_d0_0.png": {"intrinsics": {"fx": 1069.67, "fy": 1070.36, "cx": 632.9, "cy": 515.549}, "camera_to_world_matrix": [-0.620723, 0.544288, 0.564315, 14.9672, 0.783349, 0.400588, 0.475281, -4.58003, 0.0326323, 0.737074, -0.675023, 4.21634, 0.0, 0.0, 0.0, 1.0]}, "12c84e77f6564013a032220e8f9037e8_d0_1.png": {"intrinsics": {"fx": 1069.67, "fy": 1070.36, "cx": 632.9, "cy": 515.549}, "camera_to_world_matrix": [0.368234, 0.639658, 0.674715, 14.9651, 0.929689, -0.260316, -0.260599, -4.56565, 0.00894531, 0.723237, -0.690541, 4.21664, 0.0, 0.0, 0.0, 1.0]}, "12c84e77f6564013a032220e8f9037e8_d0_2.png": {"intrinsics": {"fx": 1069.67, "fy": 1070.36, "cx": 632.9, "cy": 515.549}, "camera_to_world_matrix": [0.989023, 0.115057, 0.0927052, 14.9764, 0.146272, -0.67363, -0.724449, -4.55656, -0.0209038, 0.730057, -0.683066, 4.2165, 0.0, 0.0, 0.0, 1.0]}, "12c84e77f6564013a032220e8f9037e8_d0_3.png": {"intrinsics": {"fx": 1069.67, "fy": 1070.36, "cx": 632.9, "cy": 515.549}, "camera_to_world_matrix": [0.620841, -0.504901, -0.599692, 14.99, -0.783468, -0.426031, -0.452408, -4.56186, -0.0270652, 0.750713, -0.660073, 4.21605, 0.0, 0.0, 0.0, 1.0]}, "12c84e77f6564013a032220e8f9037e8_d0_4.png": {"intrinsics": {"fx": 1069.67, "fy": 1070.36, "cx": 632.9, "cy": 515.549}, "camera_to_world_matrix": [-0.368123, -0.600245, -0.710063, 14.9921, -0.92977, 0.234877, 0.283476, -4.57624, -0.00337749, 0.76455, -0.644555, 4.21574, 0.0, 0.0, 0.0, 1.0]}, "12c84e77f6564013a032220e8f9037e8_d0_5.png": {"intrinsics": {"fx": 1069.67, "fy": 1070.36, "cx": 632.9, "cy": 515.549}, "camera_to_world_matrix": [-0.988881, -0.0756285, -0.128035, 14.9808, -0.146328, 0.64817, 0.747303, -4.58532, 0.0264713, 0.757729, -0.652031, 4.21589, 0.0, 0.0, 0.0, 1.0]}, "12c84e77f6564013a032220e8f9037e8_d1_0.png": {"intrinsics": {"fx": 1068.71, "fy": 1069.33, "cx": 631.868, "cy": 517.548}, "camera_to_world_matrix": [-0.624018, 0.0327332, 0.780724, 14.9767, 0.780782, -0.0139023, 0.624648, -4.5737, 0.0313007, 0.999367, -0.0168829, 4.24946, 0.0, 0.0, 0.0, 1.0]}, "12c84e77f6564013a032220e8f9037e8_d1_1.png": {"intrinsics": {"fx": 1068.71, "fy": 1069.33, "cx": 631.868, "cy": 517.548}, "camera_to_world_matrix": [0.364326, 0.0323731, 0.930708, 14.9762, 0.931239, -0.020928, -0.363807, -4.57024, 0.00770042, 0.999256, -0.0377724, 4.24953, 0.0, 0.0, 0.0, 1.0]}, "12c84e77f6564013a032220e8f9037e8_d1_2.png": {"intrinsics": {"fx": 1068.71, "fy": 1069.33, "cx": 631.868, "cy": 517.548}, "camera_to_world_matrix": [0.988374, 0.02611, 0.149781, 14.979, 0.150412, -0.0241316, -0.988329, -4.56805, -0.0221906, 0.999367, -0.027779, 4.2495, 0.0, 0.0, 0.0, 1.0]}, "12c84e77f6564013a032220e8f9037e8_d1_3.png": {"intrinsics": {"fx": 1068.71, "fy": 1069.33, "cx": 631.868, "cy": 517.548}, "camera_to_world_matrix": [0.624062, 0.0202071, -0.781113, 14.9822, -0.780855, -0.0203094, -0.624382, -4.56932, -0.0284807, 0.999589, 0.00310379, 4.24939, 0.0, 0.0, 0.0, 1.0]}, "12c84e77f6564013a032220e8f9037e8_d1_4.png": {"intrinsics": {"fx": 1068.71, "fy": 1069.33, "cx": 631.868, "cy": 517.548}, "camera_to_world_matrix": [-0.364288, 0.0205674, -0.931059, 14.9827, -0.931273, -0.0132837, 0.364079, -4.57278, -0.00487962, 0.9997, 0.0239924, 4.24932, 0.0, 0.0, 0.0, 1.0]}, "12c84e77f6564013a032220e8f9037e8_d1_5.png": {"intrinsics": {"fx": 1068.71, "fy": 1069.33, "cx": 631.868, "cy": 517.548}, "camera_to_world_matrix": [-0.988305, 0.0268307, -0.150107, 14.98, -0.150421, -0.0100804, 0.98857, -4.57497, 0.0250111, 0.999589, 0.0139977, 4.24935, 0.0, 0.0, 0.0, 1.0]}, "12c84e77f6564013a032220e8f9037e8_d2_0.png": {"intrinsics": {"fx": 1070.29, "fy": 1070.48, "cx": 636.783, "cy": 522.149}, "camera_to_world_matrix": [-0.628272, -0.499417, 0.596538, 14.969, 0.777287, -0.435653, 0.45391, -4.58117, 0.033193, 0.748859, 0.661899, 4.2828, 0.0, 0.0, 0.0, 1.0]}, "12c84e77f6564013a032220e8f9037e8_d2_1.png": {"intrinsics": {"fx": 1070.29, "fy": 1070.48, "cx": 636.783, "cy": 522.149}, "camera_to_world_matrix": [0.359226, -0.60588, 0.709835, 14.9668, 0.933201, 0.225289, -0.279968, -4.56678, 0.00970855, 0.76299, 0.646338, 4.28311, 0.0, 0.0, 0.0, 1.0]}, "12c84e77f6564013a032220e8f9037e8_d2_2.png": {"intrinsics": {"fx": 1070.29, "fy": 1070.48, "cx": 636.783, "cy": 522.149}, "camera_to_world_matrix": [0.987576, -0.0867887, 0.131007, 14.9782, 0.155838, 0.648232, -0.745326, -4.5577, -0.0202372, 0.756481, 0.653704, 4.28296, 0.0, 0.0, 0.0, 1.0]}, "12c84e77f6564013a032220e8f9037e8_d2_3.png": {"intrinsics": {"fx": 1070.29, "fy": 1070.48, "cx": 636.783, "cy": 522.149}, "camera_to_world_matrix": [0.628414, 0.538754, -0.561106, 14.9917, -0.777422, 0.410222, -0.476796, -4.56299, -0.0266978, 0.735841, 0.676629, 4.28251, 0.0, 0.0, 0.0, 1.0]}, "12c84e77f6564013a032220e8f9037e8_d2_4.png": {"intrinsics": {"fx": 1070.29, "fy": 1070.48, "cx": 636.783, "cy": 522.149}, "camera_to_world_matrix": [-0.359091, 0.645192, -0.674375, 14.9939, -0.933298, -0.250724, 0.257086, -4.57738, -0.00321248, 0.72171, 0.69219, 4.28221, 0.0, 0.0, 0.0, 1.0]}, "12c84e77f6564013a032220e8f9037e8_d2_5.png": {"intrinsics": {"fx": 1070.29, "fy": 1070.48, "cx": 636.783, "cy": 522.149}, "camera_to_world_matrix": [-0.98741, 0.126084, -0.0955285, 14.9825, -0.15591, -0.673647, 0.722422, -4.58646, 0.0267329, 0.72822, 0.684824, 4.28236, 0.0, 0.0, 0.0, 1.0]}, "15db0029a9844a5c8f8aadefe7178d10_d0_0.png": {"intrinsics": {"fx": 1069.67, "fy": 1070.36, "cx": 632.9, "cy": 515.549}, "camera_to_world_matrix": [-0.418444, 0.591473, 0.689248, 12.026, 0.908238, 0.270253, 0.319477, 0.00588972, 0.00269069, 0.759685, -0.650285, 3.70361, 0.0, 0.0, 0.0, 1.0]}, "15db0029a9844a5c8f8aadefe7178d10_d0_1.png": {"intrinsics": {"fx": 1069.67, "fy": 1070.36, "cx": 632.9, "cy": 515.549}, "camera_to_world_matrix": [0.577123, 0.528175, 0.622863, 12.0273, 0.816332, -0.394587, -0.421783, 0.0203831, 0.0229985, 0.751884, -0.658894, 3.70377, 0.0, 0.0, 0.0, 1.0]}, "15db0029a9844a5c8f8aadefe7178d10_d0_2.png": {"intrinsics": {"fx": 1069.67, "fy": 1070.36, "cx": 632.9, "cy": 515.549}, "camera_to_world_matrix": [0.995495, -0.0791536, -0.0521811, 12.0405, -0.0919508, -0.672054, -0.73477, 0.0265239, 0.0230913, 0.736258, -0.676306, 3.70411, 0.0, 0.0, 0.0, 1.0]}, "15db0029a9844a5c8f8aadefe7178d10_d0_3.png": {"intrinsics": {"fx": 1069.67, "fy": 1070.36, "cx": 632.9, "cy": 515.549}, "camera_to_world_matrix": [0.41829, -0.623172, -0.660824, 12.0524, -0.908308, -0.284674, -0.306489, 0.0181712, 0.00287633, 0.728434, -0.68511, 3.70429, 0.0, 0.0, 0.0, 1.0]}, "15db0029a9844a5c8f8aadefe7178d10_d0_4.png": {"intrinsics": {"fx": 1069.67, "fy": 1070.36, "cx": 632.9, "cy": 515.549}, "camera_to_world_matrix": [-0.577274, -0.559849, -0.59441, 12.0511, -0.816364, 0.380165, 0.434768, 0.00367785, -0.0174311, 0.736235, -0.676501, 3.70412, 0.0, 0.0, 0.0, 1.0]}, "15db0029a9844a5c8f8aadefe7178d10_d0_5.png": {"intrinsics": {"fx": 1069.67, "fy": 1070.36, "cx": 632.9, "cy": 515.549}, "camera_to_world_matrix": [-0.99561, 0.0474913, 0.0806465, 12.038, 0.0919357, 0.657607, 0.747729, -0.00246242, -0.0175229, 0.751861, -0.659088, 3.70378, 0.0, 0.0, 0.0, 1.0]}, "15db0029a9844a5c8f8aadefe7178d10_d1_0.png": {"intrinsics": {"fx": 1068.71, "fy": 1069.33, "cx": 631.868, "cy": 517.548}, "camera_to_world_matrix": [-0.422192, -0.0144457, 0.906391, 12.0354, 0.906505, -0.00807275, 0.422117, 0.0102308, 0.00121946, 0.999863, 0.0165027, 3.73711, 0.0, 0.0, 0.0, 1.0]}, "15db0029a9844a5c8f8aadefe7178d10_d1_1.png": {"intrinsics": {"fx": 1068.71, "fy": 1069.33, "cx": 631.868, "cy": 517.548}, "camera_to_world_matrix": [0.573751, -0.0164537, 0.818864, 12.0357, 0.818745, -0.0148151, -0.573966, 0.0137172, 0.0215755, 0.999754, 0.00497054, 3.73715, 0.0, 0.0, 0.0, 1.0]}, "15db0029a9844a5c8f8aadefe7178d10_d1_2.png": {"intrinsics": {"fx": 1068.71, "fy": 1069.33, "cx": 631.868, "cy": 517.548}, "camera_to_world_matrix": [0.9959, -0.023296, -0.0873987, 12.0388, -0.087792, -0.0164456, -0.996003, 0.0151944, 0.0217657, 0.999593, -0.0184241, 3.73723, 0.0, 0.0, 0.0, 1.0]}, "15db0029a9844a5c8f8aadefe7178d10_d1_3.png": {"intrinsics": {"fx": 1068.71, "fy": 1069.33, "cx": 631.868, "cy": 517.548}, "camera_to_world_matrix": [0.422097, -0.0281302, -0.906114, 12.0417, -0.906549, -0.0113339, -0.421948, 0.0131851, 0.00159986, 0.99954, -0.0302861, 3.73727, 0.0, 0.0, 0.0, 1.0]}, "15db0029a9844a5c8f8aadefe7178d10_d1_4.png": {"intrinsics": {"fx": 1068.71, "fy": 1069.33, "cx": 631.868, "cy": 517.548}, "camera_to_world_matrix": [-0.573843, -0.026122, -0.818548, 12.0414, -0.81875, -0.00459165, 0.574131, 0.00969877, -0.0187558, 0.999648, -0.0187531, 3.73723, 0.0, 0.0, 0.0, 1.0]}, "15db0029a9844a5c8f8aadefe7178d10_d1_5.png": {"intrinsics": {"fx": 1068.71, "fy": 1069.33, "cx": 631.868, "cy": 517.548}, "camera_to_world_matrix": [-0.995957, -0.0192796, 0.0877312, 12.0382, 0.0878037, -0.00296134, 0.996133, 0.00822173, -0.018945, 0.999809, 0.00464153, 3.73715, 0.0, 0.0, 0.0, 1.0]}, "15db0029a9844a5c8f8aadefe7178d10_d2_0.png": {"intrinsics": {"fx": 1070.29, "fy": 1070.48, "cx": 636.783, "cy": 522.149}, "camera_to_world_matrix": [-0.42723, -0.620047, 0.65804, 12.0246, 0.904139, -0.295344, 0.308717, 0.00524443, 0.00292827, 0.726852, 0.686789, 3.77009, 0.0, 0.0, 0.0, 1.0]}, "15db0029a9844a5c8f8aadefe7178d10_d2_1.png": {"intrinsics": {"fx": 1070.29, "fy": 1070.48, "cx": 636.783, "cy": 522.149}, "camera_to_world_matrix": [0.569179, -0.567521, 0.594943, 12.0259, 0.821883, 0.372161, -0.431283, 0.0197378, 0.0233477, 0.73445, 0.678263, 3.77026, 0.0, 0.0, 0.0, 1.0]}, "15db0029a9844a5c8f8aadefe7178d10_d2_2.png": {"intrinsics": {"fx": 1070.29, "fy": 1070.48, "cx": 636.783, "cy": 522.149}, "camera_to_world_matrix": [0.996327, 0.0367271, -0.0773657, 12.0391, -0.0823058, 0.660289, -0.746488, 0.0258786, 0.0236671, 0.750113, 0.660887, 3.7706, 0.0, 0.0, 0.0, 1.0]}, "15db0029a9844a5c8f8aadefe7178d10_d2_3.png": {"intrinsics": {"fx": 1070.29, "fy": 1070.48, "cx": 636.783, "cy": 522.149}, "camera_to_world_matrix": [0.427057, 0.588436, -0.686561, 12.051, -0.904219, 0.280906, -0.321686, 0.0175259, 0.00356713, 0.758179, 0.652038, 3.77077, 0.0, 0.0, 0.0, 1.0]}, "15db0029a9844a5c8f8aadefe7178d10_d2_4.png": {"intrinsics": {"fx": 1070.29, "fy": 1070.48, "cx": 636.783, "cy": 522.149}, "camera_to_world_matrix": [-0.569349, 0.535884, -0.623435, 12.0497, -0.821924, -0.386597, 0.418312, 0.00303255, -0.0168518, 0.750581, 0.660565, 3.7706, 0.0, 0.0, 0.0, 1.0]}, "15db0029a9844a5c8f8aadefe7178d10_d2_5.png": {"intrinsics": {"fx": 1070.29, "fy": 1070.48, "cx": 636.783, "cy": 522.149}, "camera_to_world_matrix": [-0.996462, -0.0683759, 0.0488853, 12.0365, 0.0822818, -0.674701, 0.733491, -0.00310771, -0.0171704, 0.734917, 0.67794, 3.77026, 0.0, 0.0, 0.0, 1.0]}, "16eb46a968384060821cb59d0e04f4dd_d0_0.png": {"intrinsics": {"fx": 1069.67, "fy": 1070.36, "cx": 632.9, "cy": 515.549}, "camera_to_world_matrix": [-0.831623, -0.352161, -0.429398, 9.00344, -0.554427, 0.570774, 0.605661, 1.07348, 0.0317991, 0.741753, -0.669919, 1.49136, 0.0, 0.0, 0.0, 1.0]}, "16eb46a968384060821cb59d0e04f4dd_d0_1.png": {"intrinsics": {"fx": 1069.67, "fy": 1070.36, "cx": 632.9, "cy": 515.549}, "camera_to_world_matrix": [-0.896234, 0.314299, 0.313014, 8.98893, 0.44334, 0.611583, 0.655297, 1.07248, 0.0145251, 0.726072, -0.687465, 1.4917, 0.0, 0.0, 0.0, 1.0]}, "16eb46a968384060821cb59d0e04f4dd_d0_2.png": {"intrinsics": {"fx": 1069.67, "fy": 1070.36, "cx": 632.9, "cy": 515.549}, "camera_to_world_matrix": [-0.0645286, 0.683103, 0.727465, 8.9808, 0.99781, 0.0547528, 0.0370951, 1.08455, -0.0144908, 0.728266, -0.685141, 1.49166, 0.0, 0.0, 0.0, 1.0]}, "16eb46a968384060821cb59d0e04f4dd_d0_3.png": {"intrinsics": {"fx": 1069.67, "fy": 1070.36, "cx": 632.9, "cy": 515.549}, "camera_to_world_matrix": [0.83177, 0.385438, 0.399494, 8.98719, 0.554499, -0.542873, -0.630728, 1.09762, -0.0262319, 0.74614, -0.665272, 1.49127, 0.0, 0.0, 0.0, 1.0]}, "16eb46a968384060821cb59d0e04f4dd_d0_4.png": {"intrinsics": {"fx": 1069.67, "fy": 1070.36, "cx": 632.9, "cy": 515.549}, "camera_to_world_matrix": [0.896342, -0.281024, -0.342921, 9.00171, -0.443271, -0.583655, -0.680335, 1.09861, -0.00895701, 0.76182, -0.647726, 1.49092, 0.0, 0.0, 0.0, 1.0]}, "16eb46a968384060821cb59d0e04f4dd_d0_5.png": {"intrinsics": {"fx": 1069.67, "fy": 1070.36, "cx": 632.9, "cy": 515.549}, "camera_to_world_matrix": [0.0646141, -0.649806, -0.757347, 9.00983, -0.997708, -0.026811, -0.0621167, 1.08654, 0.0200588, 0.759626, -0.650051, 1.49097, 0.0, 0.0, 0.0, 1.0]}, "16eb46a968384060821cb59d0e04f4dd_d1_0.png": {"intrinsics": {"fx": 1068.71, "fy": 1069.33, "cx": 631.868, "cy": 517.548}, "camera_to_world_matrix": [-0.82934, 0.0196909, -0.558396, 8.99801, -0.557913, 0.0252591, 0.829515, 1.08327, 0.0304386, 0.999487, -0.00996329, 1.52456, 0.0, 0.0, 0.0, 1.0]}, "16eb46a968384060821cb59d0e04f4dd_d1_1.png": {"intrinsics": {"fx": 1068.71, "fy": 1069.33, "cx": 631.868, "cy": 517.548}, "camera_to_world_matrix": [-0.898104, 0.0266628, 0.438973, 8.99452, 0.439582, 0.0243235, 0.897873, 1.08303, 0.0132626, 0.999348, -0.0335662, 1.52464, 0.0, 0.0, 0.0, 1.0]}, "16eb46a968384060821cb59d0e04f4dd_d1_2.png": {"intrinsics": {"fx": 1068.71, "fy": 1069.33, "cx": 631.868, "cy": 517.548}, "camera_to_world_matrix": [-0.068712, 0.029341, 0.997205, 8.99257, 0.997511, 0.0178177, 0.0682087, 1.08593, -0.0157664, 0.99941, -0.030493, 1.52463, 0.0, 0.0, 0.0, 1.0]}, "16eb46a968384060821cb59d0e04f4dd_d1_3.png": {"intrinsics": {"fx": 1068.71, "fy": 1069.33, "cx": 631.868, "cy": 517.548}, "camera_to_world_matrix": [0.829425, 0.0250472, 0.558055, 8.99411, 0.557934, 0.0122476, -0.829795, 1.08907, -0.0276187, 0.999611, -0.00381685, 1.52454, 0.0, 0.0, 0.0, 1.0]}, "16eb46a968384060821cb59d0e04f4dd_d1_4.png": {"intrinsics": {"fx": 1068.71, "fy": 1069.33, "cx": 631.868, "cy": 517.548}, "camera_to_world_matrix": [0.89815, 0.0180753, -0.439316, 8.9976, -0.439564, 0.0131835, -0.898114, 1.08931, -0.0104418, 0.999749, 0.0197854, 1.52445, 0.0, 0.0, 0.0, 1.0]}, "16eb46a968384060821cb59d0e04f4dd_d1_5.png": {"intrinsics": {"fx": 1068.71, "fy": 1069.33, "cx": 631.868, "cy": 517.548}, "camera_to_world_matrix": [0.068736, 0.0153974, -0.997516, 8.99955, -0.997461, 0.0196895, -0.0684281, 1.08641, 0.0185871, 0.999687, 0.016711, 1.52447, 0.0, 0.0, 0.0, 1.0]}, "16eb46a968384060821cb59d0e04f4dd_d2_0.png": {"intrinsics": {"fx": 1070.29, "fy": 1070.48, "cx": 636.783, "cy": 522.149}, "camera_to_world_matrix": [-0.8262, 0.395473, -0.401243, 9.00493, -0.562452, -0.538187, 0.627697, 1.07472, 0.0322929, 0.744283, 0.667085, 1.55783, 0.0, 0.0, 0.0, 1.0]}, "16eb46a968384060821cb59d0e04f4dd_d2_1.png": {"intrinsics": {"fx": 1070.29, "fy": 1070.48, "cx": 636.783, "cy": 522.149}, "camera_to_world_matrix": [-0.900473, -0.271937, 0.339412, 8.99041, 0.434648, -0.59005, 0.680385, 1.07373, 0.0152475, 0.760192, 0.649521, 1.55817, 0.0, 0.0, 0.0, 1.0]}, "16eb46a968384060821cb59d0e04f4dd_d2_2.png": {"intrinsics": {"fx": 1070.29, "fy": 1070.48, "cx": 636.783, "cy": 522.149}, "camera_to_world_matrix": [-0.0741793, -0.650789, 0.755627, 8.98229, 0.99715, -0.0379204, 0.0652306, 1.0858, -0.0137979, 0.758311, 0.651748, 1.55813, 0.0, 0.0, 0.0, 1.0]}, "16eb46a968384060821cb59d0e04f4dd_d2_3.png": {"intrinsics": {"fx": 1070.29, "fy": 1070.48, "cx": 636.783, "cy": 522.149}, "camera_to_world_matrix": [0.826368, -0.362222, 0.431177, 8.98868, 0.562541, 0.566059, -0.602598, 1.09887, -0.0257974, 0.740522, 0.671538, 1.55774, 0.0, 0.0, 0.0, 1.0]}, "16eb46a968384060821cb59d0e04f4dd_d2_4.png": {"intrinsics": {"fx": 1070.29, "fy": 1070.48, "cx": 636.783, "cy": 522.149}, "camera_to_world_matrix": [0.900601, 0.30519, -0.309481, 9.00319, -0.434561, 0.617896, -0.655257, 1.09986, -0.00875118, 0.724613, 0.689102, 1.5574, 0.0, 0.0, 0.0, 1.0]}, "16eb46a968384060821cb59d0e04f4dd_d2_5.png": {"intrinsics": {"fx": 1070.29, "fy": 1070.48, "cx": 636.783, "cy": 522.149}, "camera_to_world_matrix": [0.0742855, 0.68402, -0.725671, 9.01132, -0.997032, 0.065752, -0.0400865, 1.08779, 0.0202942, 0.726494, 0.686874, 1.55744, 0.0, 0.0, 0.0, 1.0]}, "184edf3d3a4d482dae288e4811945331_d0_0.png": {"intrinsics": {"fx": 1069.67, "fy": 1070.36, "cx": 632.9, "cy": 515.549}, "camera_to_world_matrix": [0.562732, -0.582395, -0.586641, 9.02665, -0.825727, -0.36272, -0.43198, 0.670277, 0.0387965, 0.727495, -0.685015, 4.20784, 0.0, 0.0, 0.0, 1.0]}, "184edf3d3a4d482dae288e4811945331_d0_1.png": {"intrinsics": {"fx": 1069.67, "fy": 1070.36, "cx": 632.9, "cy": 515.549}, "camera_to_world_matrix": [-0.433679, -0.63018, -0.644045, 9.0278, -0.901066, 0.303339, 0.309941, 0.655775, 4.58087e-05, 0.714743, -0.699387, 4.20812, 0.0, 0.0, 0.0, 1.0]}, "184edf3d3a4d482dae288e4811945331_d0_2.png": {"intrinsics": {"fx": 1069.67, "fy": 1070.36, "cx": 632.9, "cy": 515.549}, "camera_to_world_matrix": [-0.996513, -0.0776036, -0.0306188, 9.01582, -0.0752735, 0.678148, 0.731059, 0.647522, -0.0359685, 0.730815, -0.681627, 4.20777, 0.0, 0.0, 0.0, 1.0]}, "184edf3d3a4d482dae288e4811945331_d0_3.png": {"intrinsics": {"fx": 1069.67, "fy": 1070.36, "cx": 632.9, "cy": 515.549}, "camera_to_world_matrix": [-0.562923, 0.522745, 0.640198, 9.0027, 0.82584, 0.38689, 0.410247, 0.653772, -0.0332314, 0.759639, -0.649495, 4.20714, 0.0, 0.0, 0.0, 1.0]}, "184edf3d3a4d482dae288e4811945331_d0_4.png": {"intrinsics": {"fx": 1069.67, "fy": 1070.36, "cx": 632.9, "cy": 515.549}, "camera_to_world_matrix": [0.433491, 0.570504, 0.697574, 9.00155, 0.90114, -0.279171, -0.331676, 0.668274, 0.00552005, 0.77239, -0.635124, 4.20686, 0.0, 0.0, 0.0, 1.0]}, "184edf3d3a4d482dae288e4811945331_d0_5.png": {"intrinsics": {"fx": 1069.67, "fy": 1070.36, "cx": 632.9, "cy": 515.549}, "camera_to_world_matrix": [0.996293, 0.0179133, 0.0841306, 9.01353, 0.0753249, -0.653959, -0.75277, 0.676526, 0.0415335, 0.756317, -0.652885, 4.20721, 0.0, 0.0, 0.0, 1.0]}, "184edf3d3a4d482dae288e4811945331_d1_0.png": {"intrinsics": {"fx": 1068.71, "fy": 1069.33, "cx": 631.868, "cy": 517.548}, "camera_to_world_matrix": [0.566221, -0.0465549, -0.822937, 9.01622, -0.823398, 0.0135032, -0.567302, 0.664549, 0.0375231, 0.998824, -0.0306881, 4.24079, 0.0, 0.0, 0.0, 1.0]}, "184edf3d3a4d482dae288e4811945331_d1_1.png": {"intrinsics": {"fx": 1068.71, "fy": 1069.33, "cx": 631.868, "cy": 517.548}, "camera_to_world_matrix": [-0.429874, -0.0456931, -0.901731, 9.0165, -0.902887, 0.0204856, 0.429388, 0.661061, -0.00114741, 0.998745, -0.0500626, 4.24086, 0.0, 0.0, 0.0, 1.0]}, "184edf3d3a4d482dae288e4811945331_d1_2.png": {"intrinsics": {"fx": 1068.71, "fy": 1069.33, "cx": 631.868, "cy": 517.548}, "camera_to_world_matrix": [-0.996142, -0.0392198, -0.0784972, 9.01362, -0.0794457, 0.0232338, 0.996568, 0.659076, -0.0372613, 0.99896, -0.0262607, 4.24078, 0.0, 0.0, 0.0, 1.0]}, "184edf3d3a4d482dae288e4811945331_d1_3.png": {"intrinsics": {"fx": 1068.71, "fy": 1069.33, "cx": 631.868, "cy": 517.548}, "camera_to_world_matrix": [-0.566302, -0.0336085, 0.823512, 9.01046, 0.823466, 0.0189997, 0.567046, 0.660579, -0.0347038, 0.999254, 0.0169152, 4.24062, 0.0, 0.0, 0.0, 1.0]}, "184edf3d3a4d482