{"0474c76236cf49399eec4f9c4f519822_d0_0.png": {"intrinsics": {"fx": 1072.27, "fy": 1073.08, "cx": 626.949, "cy": 506.267}, "camera_to_world_matrix": [0.953211, -0.206564, -0.220725, 3.44408, -0.302267, -0.639546, -0.706835, 1.32053, 0.00484283, 0.740481, -0.67206, 4.48626, 0.0, 0.0, 0.0, 1.0]}, "0474c76236cf49399eec4f9c4f519822_d0_1.png": {"intrinsics": {"fx": 1072.27, "fy": 1073.08, "cx": 626.949, "cy": 506.267}, "camera_to_world_matrix": [0.214903, -0.648659, -0.730108, 3.45394, -0.976634, -0.143998, -0.159532, 1.30983, -0.00165208, 0.747333, -0.664448, 4.48611, 0.0, 0.0, 0.0, 1.0]}, "0474c76236cf49399eec4f9c4f519822_d0_2.png": {"intrinsics": {"fx": 1072.27, "fy": 1073.08, "cx": 626.949, "cy": 506.267}, "camera_to_world_matrix": [-0.738291, -0.440502, -0.510768, 3.44961, -0.674471, 0.486623, 0.555237, 1.29595, 0.00396908, 0.754424, -0.656375, 4.48595, 0.0, 0.0, 0.0, 1.0]}, "0474c76236cf49399eec4f9c4f519822_d0_3.png": {"intrinsics": {"fx": 1072.27, "fy": 1073.08, "cx": 626.949, "cy": 506.267}, "camera_to_world_matrix": [-0.953155, 0.209746, 0.217949, 3.43542, 0.302054, 0.621682, 0.722686, 1.29275, 0.016085, 0.754664, -0.655914, 4.48595, 0.0, 0.0, 0.0, 1.0]}, "0474c76236cf49399eec4f9c4f519822_d0_4.png": {"intrinsics": {"fx": 1072.27, "fy": 1073.08, "cx": 626.949, "cy": 506.267}, "camera_to_world_matrix": [-0.21482, 0.651821, 0.727311, 3.42555, 0.976393, 0.126117, 0.175363, 1.30345, 0.0225796, 0.747813, -0.663526, 4.4861, 0.0, 0.0, 0.0, 1.0]}, "0474c76236cf49399eec4f9c4f519822_d0_5.png": {"intrinsics": {"fx": 1072.27, "fy": 1073.08, "cx": 626.949, "cy": 506.267}, "camera_to_world_matrix": [0.738362, 0.443639, 0.507943, 3.42989, 0.674192, -0.504497, -0.539397, 1.31734, 0.016958, 0.740721, -0.671599, 4.48625, 0.0, 0.0, 0.0, 1.0]}, "0474c76236cf49399eec4f9c4f519822_d1_0.png": {"intrinsics": {"fx": 1074.95, "fy": 1075.4, "cx": 636.202, "cy": 512.819}, "camera_to_world_matrix": [0.954602, 0.00536988, -0.297834, 3.44086, -0.297777, -0.00937921, -0.954589, 1.30959, -0.00791943, 0.999942, -0.00735461, 4.51939, 0.0, 0.0, 0.0, 1.0]}, "0474c76236cf49399eec4f9c4f519822_d1_1.png": {"intrinsics": {"fx": 1074.95, "fy": 1075.4, "cx": 636.202, "cy": 512.819}, "camera_to_world_matrix": [0.21934, 0.00595975, -0.97563, 3.44323, -0.975541, -0.0134824, -0.219403, 1.30701, -0.0144614, 0.999891, 0.00285654, 4.51935, 0.0, 0.0, 0.0, 1.0]}, "0474c76236cf49399eec4f9c4f519822_d1_2.png": {"intrinsics": {"fx": 1074.95, "fy": 1075.4, "cx": 636.202, "cy": 512.819}, "camera_to_world_matrix": [-0.735272, 0.00270096, -0.677767, 3.44219, -0.677714, -0.0160448, 0.735151, 1.30367, -0.00888899, 0.999868, 0.0136276, 4.51932, 0.0, 0.0, 0.0, 1.0]}, "0474c76236cf49399eec4f9c4f519822_d1_3.png": {"intrinsics": {"fx": 1074.95, "fy": 1075.4, "cx": 636.202, "cy": 512.819}, "camera_to_world_matrix": [-0.954601, -0.00114764, 0.297886, 3.43878, 0.297871, -0.014504, 0.954496, 1.30291, 0.00322517, 0.999894, 0.0141872, 4.51931, 0.0, 0.0, 0.0, 1.0]}, "0474c76236cf49399eec4f9c4f519822_d1_4.png": {"intrinsics": {"fx": 1074.95, "fy": 1075.4, "cx": 636.202, "cy": 512.819}, "camera_to_world_matrix": [-0.219312, -0.00173736, 0.975653, 3.4364, 0.975606, -0.0104009, 0.219283, 1.30548, 0.00976669, 0.999944, 0.00397579, 4.51935, 0.0, 0.0, 0.0, 1.0]}, "0474c76236cf49399eec4f9c4f519822_d1_5.png": {"intrinsics": {"fx": 1074.95, "fy": 1075.4, "cx": 636.202, "cy": 512.819}, "camera_to_world_matrix": [0.735289, 0.00152154, 0.677752, 3.43745, 0.677741, -0.00783854, -0.735259, 1.30882, 0.0041939, 0.999968, -0.00679501, 4.51939, 0.0, 0.0, 0.0, 1.0]}, "0474c76236cf49399eec4f9c4f519822_d2_0.png": {"intrinsics": {"fx": 1067.86, "fy": 1068.47, "cx": 636.653, "cy": 509.034}, "camera_to_world_matrix": [0.955929, 0.19633, -0.218299, 3.44422, -0.293593, 0.634958, -0.714585, 1.31974, -0.001684, 0.747184, 0.664615, 4.55276, 0.0, 0.0, 0.0, 1.0]}, "0474c76236cf49399eec4f9c4f519822_d2_1.png": {"intrinsics": {"fx": 1067.86, "fy": 1068.47, "cx": 636.653, "cy": 509.034}, "camera_to_world_matrix": [0.223698, 0.656524, -0.720372, 3.45409, -0.974623, 0.144404, -0.171046, 1.30904, -0.00827136, 0.740354, 0.672167, 4.55261, 0.0, 0.0, 0.0, 1.0]}, "0474c76236cf49399eec4f9c4f519822_d2_2.png": {"intrinsics": {"fx": 1067.86, "fy": 1068.47, "cx": 636.653, "cy": 509.034}, "camera_to_world_matrix": [-0.732228, 0.461742, -0.500637, 3.44975, -0.681054, -0.499393, 0.53551, 1.29515, -0.00274706, 0.733076, 0.680141, 4.55245, 0.0, 0.0, 0.0, 1.0]}, "0474c76236cf49399eec4f9c4f519822_d2_3.png": {"intrinsics": {"fx": 1067.86, "fy": 1068.47, "cx": 636.653, "cy": 509.034}, "camera_to_world_matrix": [-0.955901, -0.193231, 0.221166, 3.43556, 0.293538, -0.652623, 0.698512, 1.29196, 0.00936443, 0.732629, 0.680563, 4.55244, 0.0, 0.0, 0.0, 1.0]}, "0474c76236cf49399eec4f9c4f519822_d2_4.png": {"intrinsics": {"fx": 1067.86, "fy": 1068.47, "cx": 636.653, "cy": 509.034}, "camera_to_world_matrix": [-0.223644, -0.653406, 0.723218, 3.42569, 0.974541, -0.162051, 0.154953, 1.30266, 0.0159514, 0.739459, 0.673012, 4.55259, 0.0, 0.0, 0.0, 1.0]}, "0474c76236cf49399eec4f9c4f519822_d2_5.png": {"intrinsics": {"fx": 1067.86, "fy": 1068.47, "cx": 636.653, "cy": 509.034}, "camera_to_world_matrix": [0.732271, -0.458598, 0.503455, 3.43003, 0.680934, 0.481739, -0.551595, 1.31655, 0.0104267, 0.746737, 0.665038, 4.55275, 0.0, 0.0, 0.0, 1.0]}, "0c0be1b10965495a8ba10ef89c80483d_d0_0.png": {"intrinsics": {"fx": 1072.27, "fy": 1073.08, "cx": 626.949, "cy": 506.267}, "camera_to_world_matrix": [-0.627352, -0.524787, -0.57535, 2.98927, -0.778495, 0.404265, 0.48012, -3.377, -0.0193671, 0.749112, -0.662161, 1.38234, 0.0, 0.0, 0.0, 1.0]}, "0c0be1b10965495a8ba10ef89c80483d_d0_1.png": {"intrinsics": {"fx": 1072.27, "fy": 1073.08, "cx": 626.949, "cy": 506.267}, "camera_to_world_matrix": [-0.988071, 0.0972999, 0.119364, 2.97573, 0.153978, 0.636228, 0.755979, -3.3823, -0.0023858, 0.765341, -0.643621, 1.38198, 0.0, 0.0, 0.0, 1.0]}, "0c0be1b10965495a8ba10ef89c80483d_d0_2.png": {"intrinsics": {"fx": 1072.27, "fy": 1073.08, "cx": 626.949, "cy": 506.267}, "camera_to_world_matrix": [-0.360874, 0.609482, 0.705905, 2.96436, 0.932211, 0.213464, 0.29226, -3.37322, 0.0274414, 0.763521, -0.645199, 1.38201, 0.0, 0.0, 0.0, 1.0]}, "0c0be1b10965495a8ba10ef89c80483d_d0_3.png": {"intrinsics": {"fx": 1072.27, "fy": 1073.08, "cx": 626.949, "cy": 506.267}, "camera_to_world_matrix": [0.627029, 0.499565, 0.59772, 2.96653, 0.777953, -0.441253, -0.447308, -3.35884, 0.0402866, 0.745473, -0.665317, 1.38241, 0.0, 0.0, 0.0, 1.0]}, "0c0be1b10965495a8ba10ef89c80483d_d0_4.png": {"intrinsics": {"fx": 1072.27, "fy": 1073.08, "cx": 626.949, "cy": 506.267}, "camera_to_world_matrix": [0.987713, -0.122531, -0.0970049, 2.98008, -0.154534, -0.673193, -0.72314, -3.35354, 0.0233044, 0.729245, -0.683856, 1.38277, 0.0, 0.0, 0.0, 1.0]}, "0c0be1b10965495a8ba10ef89c80483d_d0_5.png": {"intrinsics": {"fx": 1072.27, "fy": 1073.08, "cx": 626.949, "cy": 506.267}, "camera_to_world_matrix": [0.360484, -0.634697, -0.683528, 2.99145, -0.932743, -0.250409, -0.259397, -3.36261, -0.00652271, 0.731065, -0.682277, 1.38273, 0.0, 0.0, 0.0, 1.0]}, "0c0be1b10965495a8ba10ef89c80483d_d1_0.png": {"intrinsics": {"fx": 1074.95, "fy": 1075.4, "cx": 636.202, "cy": 512.819}, "camera_to_world_matrix": [-0.623609, -0.0156508, -0.781579, 2.98008, -0.781073, -0.0286892, 0.62378, -3.37092, -0.0321855, 0.999466, 0.00566621, 1.4156, 0.0, 0.0, 0.0, 1.0]}, "0c0be1b10965495a8ba10ef89c80483d_d1_1.png": {"intrinsics": {"fx": 1074.95, "fy": 1075.4, "cx": 636.202, "cy": 512.819}, "camera_to_world_matrix": [-0.988598, -0.0196883, 0.149283, 2.97682, 0.149795, -0.0277495, 0.988327, -3.3722, -0.0153159, 0.999421, 0.0303821, 1.41552, 0.0, 0.0, 0.0, 1.0]}, "0c0be1b10965495a8ba10ef89c80483d_d1_2.png": {"intrinsics": {"fx": 1074.95, "fy": 1075.4, "cx": 636.202, "cy": 512.819}, "camera_to_world_matrix": [-0.364927, -0.0208946, 0.930802, 2.97408, 0.930923, -0.023784, 0.364441, -3.37002, 0.0145234, 0.999499, 0.0281304, 1.41552, 0.0, 0.0, 0.0, 1.0]}, "0c0be1b10965495a8ba10ef89c80483d_d1_3.png": {"intrinsics": {"fx": 1074.95, "fy": 1075.4, "cx": 636.202, "cy": 512.819}, "camera_to_world_matrix": [0.623719, -0.0180633, 0.78144, 2.97461, 0.781165, -0.0207583, -0.623979, -3.36656, 0.0274925, 0.999621, 0.00116288, 1.41562, 0.0, 0.0, 0.0, 1.0]}, "0c0be1b10965495a8ba10ef89c80483d_d1_4.png": {"intrinsics": {"fx": 1074.95, "fy": 1075.4, "cx": 636.202, "cy": 512.819}, "camera_to_world_matrix": [0.988672, -0.0140258, -0.149437, 2.97786, -0.149717, -0.0216981, -0.988491, -3.36528, 0.0106219, 0.999666, -0.0235524, 1.4157, 0.0, 0.0, 0.0, 1.0]}, "0c0be1b10965495a8ba10ef89c80483d_d1_5.png": {"intrinsics": {"fx": 1074.95, "fy": 1075.4, "cx": 636.202, "cy": 512.819}, "camera_to_world_matrix": [0.36497, -0.0128197, -0.930931, 2.9806, -0.930821, -0.0256636, -0.364573, -3.36746, -0.0192173, 0.999588, -0.0212995, 1.4157, 0.0, 0.0, 0.0, 1.0]}, "0c0be1b10965495a8ba10ef89c80483d_d2_0.png": {"intrinsics": {"fx": 1067.86, "fy": 1068.47, "cx": 636.653, "cy": 509.034}, "camera_to_world_matrix": [-0.620222, 0.516838, -0.590087, 2.98815, -0.783995, -0.433367, 0.44446, -3.37864, -0.0260101, 0.738289, 0.673982, 1.44881, 0.0, 0.0, 0.0, 1.0]}, "0c0be1b10965495a8ba10ef89c80483d_d2_1.png": {"intrinsics": {"fx": 1067.86, "fy": 1068.47, "cx": 636.653, "cy": 509.034}, "camera_to_world_matrix": [-0.989354, -0.107157, 0.098469, 2.97461, 0.145235, -0.684002, 0.714876, -3.38394, -0.0092509, 0.721566, 0.692283, 1.44845, 0.0, 0.0, 0.0, 1.0]}, "0c0be1b10965495a8ba10ef89c80483d_d2_2.png": {"intrinsics": {"fx": 1067.86, "fy": 1068.47, "cx": 636.653, "cy": 509.034}, "camera_to_world_matrix": [-0.369175, -0.636467, 0.677215, 2.96324, 0.929132, -0.268915, 0.253769, -3.37487, 0.020598, 0.722907, 0.690638, 1.44849, 0.0, 0.0, 0.0, 1.0]}, "0c0be1b10965495a8ba10ef89c80483d_d2_3.png": {"intrinsics": {"fx": 1067.86, "fy": 1068.47, "cx": 636.653, "cy": 509.034}, "camera_to_world_matrix": [0.620123, -0.54177, 0.567392, 2.96541, 0.783781, 0.396798, -0.477743, -3.36048, 0.0336871, 0.74097, 0.670692, 1.44888, 0.0, 0.0, 0.0, 1.0]}, "0c0be1b10965495a8ba10ef89c80483d_d2_4.png": {"intrinsics": {"fx": 1067.86, "fy": 1068.47, "cx": 636.653, "cy": 509.034}, "camera_to_world_matrix": [0.989219, 0.0822355, -0.121175, 2.97895, -0.145463, 0.647409, -0.748132, -3.35518, 0.016927, 0.757693, 0.652391, 1.44924, 0.0, 0.0, 0.0, 1.0]}, "0c0be1b10965495a8ba10ef89c80483d_d2_5.png": {"intrinsics": {"fx": 1067.86, "fy": 1068.47, "cx": 636.653, "cy": 509.034}, "camera_to_world_matrix": [0.369009, 0.611529, -0.699903, 2.99033, -0.929336, 0.232301, -0.287002, -3.36426, -0.0129219, 0.756352, 0.654037, 1.4492, 0.0, 0.0, 0.0, 1.0]}, "0d24c66abcef47fa898d9c239e6a3de9_d0_0.png": {"intrinsics": {"fx": 1072.27, "fy": 1073.08, "cx": 626.949, "cy": 506.267}, "camera_to_world_matrix": [-0.64608, 0.504735, 0.572558, -3.29927, 0.763165, 0.43961, 0.473627, -6.14304, -0.0126464, 0.742957, -0.669219, 2.27216, 0.0, 0.0, 0.0, 1.0]}, "0d24c66abcef47fa898d9c239e6a3de9_d0_1.png": {"intrinsics": {"fx": 1072.27, "fy": 1073.08, "cx": 626.949, "cy": 506.267}, "camera_to_world_matrix": [0.337892, 0.615127, 0.712354, -3.30192, 0.941158, -0.215091, -0.260687, -6.12874, -0.00713427, 0.758521, -0.651609, 2.27182, 0.0, 0.0, 0.0, 1.0]}, "0d24c66abcef47fa898d9c239e6a3de9_d0_2.png": {"intrinsics": {"fx": 1072.27, "fy": 1073.08, "cx": 626.949, "cy": 506.267}, "camera_to_world_matrix": [0.983864, 0.103196, 0.146158, -3.29086, 0.178204, -0.63814, -0.749014, -6.11929, 0.0159739, 0.762973, -0.646233, 2.27171, 0.0, 0.0, 0.0, 1.0]}, "0d24c66abcef47fa898d9c239e6a3de9_d0_3.png": {"intrinsics": {"fx": 1072.27, "fy": 1073.08, "cx": 626.949, "cy": 506.267}, "camera_to_world_matrix": [0.64585, -0.519115, -0.55982, -3.27715, -0.762726, -0.406477, -0.503016, -6.12414, 0.0335696, 0.751862, -0.658466, 2.27195, 0.0, 0.0, 0.0, 1.0]}, "0d24c66abcef47fa898d9c239e6a3de9_d0_4.png": {"intrinsics": {"fx": 1072.27, "fy": 1073.08, "cx": 626.949, "cy": 506.267}, "camera_to_world_matrix": [-0.33813, -0.629482, -0.699586, -3.27449, -0.940681, 0.248229, 0.231303, -6.13845, 0.0280565, 0.736298, -0.676075, 2.27229, 0.0, 0.0, 0.0, 1.0]}, "0d24c66abcef47fa898d9c239e6a3de9_d0_5.png": {"intrinsics": {"fx": 1072.27, "fy": 1073.08, "cx": 626.949, "cy": 506.267}, "camera_to_world_matrix": [-0.984072, -0.117534, -0.133372, -3.28556, -0.177702, 0.671257, 0.719608, -6.1479, 0.00494806, 0.731846, -0.681452, 2.2724, 0.0, 0.0, 0.0, 1.0]}, "0d24c66abcef47fa898d9c239e6a3de9_d1_0.png": {"intrinsics": {"fx": 1074.95, "fy": 1075.4, "cx": 636.202, "cy": 512.819}, "camera_to_world_matrix": [-0.649466, -0.0137287, 0.760266, -3.29119, 0.759965, 0.0217103, 0.649601, -6.13513, -0.0254238, 0.99967, -0.00366696, 2.30532, 0.0, 0.0, 0.0, 1.0]}, "0d24c66abcef47fa898d9c239e6a3de9_d1_1.png": {"intrinsics": {"fx": 1074.95, "fy": 1075.4, "cx": 636.202, "cy": 512.819}, "camera_to_world_matrix": [0.333735, -0.0120436, 0.94259, -3.29183, 0.942454, 0.0254974, -0.333362, -6.13169, -0.0200187, 0.999602, 0.0198597, 2.30524, 0.0, 0.0, 0.0, 1.0]}, "0d24c66abcef47fa898d9c239e6a3de9_d1_2.png": {"intrinsics": {"fx": 1074.95, "fy": 1075.4, "cx": 636.202, "cy": 512.819}, "camera_to_world_matrix": [0.983217, -0.00792094, 0.182269, -3.28917, 0.182416, 0.0259325, -0.982879, -6.12942, 0.00305867, 0.999632, 0.0269419, 2.30521, 0.0, 0.0, 0.0, 1.0]}, "0d24c66abcef47fa898d9c239e6a3de9_d1_3.png": {"intrinsics": {"fx": 1074.95, "fy": 1075.4, "cx": 636.202, "cy": 512.819}, "camera_to_world_matrix": [0.649482, -0.00548355, -0.760357, -3.28587, -0.760094, 0.0225805, -0.64942, -6.13058, 0.0207304, 0.99973, 0.0104974, 2.30527, 0.0, 0.0, 0.0, 1.0]}, "0d24c66abcef47fa898d9c239e6a3de9_d1_4.png": {"intrinsics": {"fx": 1074.95, "fy": 1075.4, "cx": 636.202, "cy": 512.819}, "camera_to_world_matrix": [-0.333727, -0.00716886, -0.942643, -3.28523, -0.942545, 0.0187935, 0.33355, -6.13403, 0.0153244, 0.999798, -0.0130291, 2.30535, 0.0, 0.0, 0.0, 1.0]}, "0d24c66abcef47fa898d9c239e6a3de9_d1_5.png": {"intrinsics": {"fx": 1074.95, "fy": 1075.4, "cx": 636.202, "cy": 512.819}, "camera_to_world_matrix": [-0.983179, -0.0112915, -0.182296, -3.28789, -0.182481, 0.0183585, 0.983038, -6.1363, -0.00775325, 0.999768, -0.0201104, 2.30538, 0.0, 0.0, 0.0, 1.0]}, "0d24c66abcef47fa898d9c239e6a3de9_d2_0.png": {"intrinsics": {"fx": 1067.86, "fy": 1068.47, "cx": 636.653, "cy": 509.034}, "camera_to_world_matrix": [-0.652905, -0.514718, 0.555681, -3.29991, 0.757197, -0.424936, 0.496067, -6.14157, -0.0192059, 0.744644, 0.667186, 2.33864, 0.0, 0.0, 0.0, 1.0]}, "0d24c66abcef47fa898d9c239e6a3de9_d2_1.png": {"intrinsics": {"fx": 1067.86, "fy": 1068.47, "cx": 636.653, "cy": 509.034}, "camera_to_world_matrix": [0.32947, -0.64309, 0.691292, -3.30256, 0.944064, 0.235168, -0.231171, -6.12727, -0.0139057, 0.728787, 0.684599, 2.3383, 0.0, 0.0, 0.0, 1.0]}, "0d24c66abcef47fa898d9c239e6a3de9_d2_2.png": {"intrinsics": {"fx": 1067.86, "fy": 1068.47, "cx": 636.653, "cy": 509.034}, "camera_to_world_matrix": [0.982331, -0.135466, 0.129134, -3.2915, 0.186931, 0.676486, -0.712337, -6.11782, 0.00913974, 0.723889, 0.689856, 2.33819, 0.0, 0.0, 0.0, 1.0]}, "0d24c66abcef47fa898d9c239e6a3de9_d2_3.png": {"intrinsics": {"fx": 1067.86, "fy": 1068.47, "cx": 636.653, "cy": 509.034}, "camera_to_world_matrix": [0.652801, 0.500519, -0.568622, -3.27778, -0.757052, 0.45769, -0.466253, -6.12267, 0.0268845, 0.734847, 0.677699, 2.33843, 0.0, 0.0, 0.0, 1.0]}, "0d24c66abcef47fa898d9c239e6a3de9_d2_4.png": {"intrinsics": {"fx": 1067.86, "fy": 1068.47, "cx": 636.653, "cy": 509.034}, "camera_to_world_matrix": [-0.329581, 0.628865, -0.704206, -3.27513, -0.943881, -0.202419, 0.260991, -6.13697, 0.0215834, 0.750703, 0.660287, 2.33877, 0.0, 0.0, 0.0, 1.0]}, "0d24c66abcef47fa898d9c239e6a3de9_d2_5.png": {"intrinsics": {"fx": 1067.86, "fy": 1068.47, "cx": 636.653, "cy": 509.034}, "camera_to_world_matrix": [-0.982412, 0.121223, -0.142029, -3.2862, -0.186722, -0.643717, 0.742134, -6.14642, -0.00146233, 0.755601, 0.65503, 2.33888, 0.0, 0.0, 0.0, 1.0]}, "0e51c17b16974fe3ac943e17686c4842_d0_0.png": {"intrinsics": {"fx": 1072.27, "fy": 1073.08, "cx": 626.949, "cy": 506.267}, "camera_to_world_matrix": [-0.902896, 0.292403, 0.315087, 7.32357, 0.429721, 0.595356, 0.678889, -3.63393, 0.0109199, 0.748366, -0.663196, 1.39504, 0.0, 0.0, 0.0, 1.0]}, "0e51c17b16974fe3ac943e17686c4842_d0_1.png": {"intrinsics": {"fx": 1072.27, "fy": 1073.08, "cx": 626.949, "cy": 506.267}, "camera_to_world_matrix": [-0.0792748, 0.66255, 0.74481, 7.31526, 0.996785, 0.0439461, 0.0670015, -3.62198, 0.0116603, 0.747727, -0.663904, 1.39506, 0.0, 0.0, 0.0, 1.0]}, "0e51c17b16974fe3ac943e17686c4842_d0_2.png": {"intrinsics": {"fx": 1072.27, "fy": 1073.08, "cx": 626.949, "cy": 506.267}, "camera_to_world_matrix": [0.823622, 0.370081, 0.429752, 7.32146, 0.567029, -0.552312, -0.611089, -3.60882, 0.0112048, 0.746988, -0.664743, 1.39507, 0.0, 0.0, 0.0, 1.0]}, "0e51c17b16974fe3ac943e17686c4842_d0_3.png": {"intrinsics": {"fx": 1072.27, "fy": 1073.08, "cx": 626.949, "cy": 506.267}, "camera_to_world_matrix": [0.902878, -0.292529, -0.315022, 7.33596, -0.429781, -0.597147, -0.677277, -3.6076, 0.010009, 0.746888, -0.664874, 1.39508, 0.0, 0.0, 0.0, 1.0]}, "0e51c17b16974fe3ac943e17686c4842_d0_4.png": {"intrinsics": {"fx": 1072.27, "fy": 1073.08, "cx": 626.949, "cy": 506.267}, "camera_to_world_matrix": [0.0792344, -0.662656, -0.744721, 7.34426, -0.996813, -0.0457223, -0.0653719, -3.61954, 0.0092687, 0.747527, -0.664166, 1.39506, 0.0, 0.0, 0.0, 1.0]}, "0e51c17b16974fe3ac943e17686c4842_d0_5.png": {"intrinsics": {"fx": 1072.27, "fy": 1073.08, "cx": 626.949, "cy": 506.267}, "camera_to_world_matrix": [-0.823646, -0.370163, -0.429636, 7.33807, -0.567021, 0.550525, 0.612706, -3.63271, 0.00972425, 0.748266, -0.663327, 1.39505, 0.0, 0.0, 0.0, 1.0]}, "0e51c17b16974fe3ac943e17686c4842_d1_0.png": {"intrinsics": {"fx": 1074.95, "fy": 1075.4, "cx": 636.202, "cy": 512.819}, "camera_to_world_matrix": [-0.904893, -0.00364776, 0.425623, 7.32827, 0.425635, -0.00329784, 0.904889, -3.62397, -0.00189714, 0.999988, 0.0045366, 1.42831, 0.0, 0.0, 0.0, 1.0]}, "0e51c17b16974fe3ac943e17686c4842_d1_1.png": {"intrinsics": {"fx": 1074.95, "fy": 1075.4, "cx": 636.202, "cy": 512.819}, "camera_to_world_matrix": [-0.0838253, -0.00367078, 0.996474, 7.32627, 0.996479, 0.000847739, 0.0838287, -3.6211, -0.00115243, 0.999993, 0.00358659, 1.42831, 0.0, 0.0, 0.0, 1.0]}, "0e51c17b16974fe3ac943e17686c4842_d1_2.png": {"intrinsics": {"fx": 1074.95, "fy": 1075.4, "cx": 636.202, "cy": 512.819}, "camera_to_world_matrix": [0.82107, -9.20818e-05, 0.570828, 7.32776, 0.570825, 0.00294042, -0.821066, -3.61793, -0.00160282, 0.999996, 0.00246664, 1.42831, 0.0, 0.0, 0.0, 1.0]}, "0e51c17b16974fe3ac943e17686c4842_d1_3.png": {"intrinsics": {"fx": 1074.95, "fy": 1075.4, "cx": 636.202, "cy": 512.819}, "camera_to_world_matrix": [0.904877, 0.00350955, -0.425659, 7.33125, -0.425664, 0.000887466, -0.904881, -3.61764, -0.00279793, 0.999993, 0.00229673, 1.42831, 0.0, 0.0, 0.0, 1.0]}, "0e51c17b16974fe3ac943e17686c4842_d1_4.png": {"intrinsics": {"fx": 1074.95, "fy": 1075.4, "cx": 636.202, "cy": 512.819}, "camera_to_world_matrix": [0.0837867, 0.00353241, -0.996477, 7.33325, -0.996477, -0.00325812, -0.0837981, -3.62051, -0.00354261, 0.999988, 0.00324677, 1.42831, 0.0, 0.0, 0.0, 1.0]}, "0e51c17b16974fe3ac943e17686c4842_d1_5.png": {"intrinsics": {"fx": 1074.95, "fy": 1075.4, "cx": 636.202, "cy": 512.819}, "camera_to_world_matrix": [-0.821092, -4.63712e-05, -0.570796, 7.33176, -0.570788, -0.00535065, 0.82108, -3.62368, -0.00309216, 0.999986, 0.0043667, 1.42831, 0.0, 0.0, 0.0, 1.0]}, "0e51c17b16974fe3ac943e17686c4842_d2_0.png": {"intrinsics": {"fx": 1067.86, "fy": 1068.47, "cx": 636.653, "cy": 509.034}, "camera_to_world_matrix": [-0.906777, -0.281059, 0.314263, 7.32356, 0.421588, -0.612032, 0.669089, -3.63401, 0.00428567, 0.739204, 0.673467, 1.46154, 0.0, 0.0, 0.0, 1.0]}, "0e51c17b16974fe3ac943e17686c4842_d2_1.png": {"intrinsics": {"fx": 1067.86, "fy": 1068.47, "cx": 636.653, "cy": 509.034}, "camera_to_world_matrix": [-0.0882652, -0.669819, 0.73726, 7.31526, 0.996084, -0.0630936, 0.0619299, -3.62206, 0.00503458, 0.739839, 0.672765, 1.46156, 0.0, 0.0, 0.0, 1.0]}, "0e51c17b16974fe3ac943e17686c4842_d2_2.png": {"intrinsics": {"fx": 1067.86, "fy": 1068.47, "cx": 636.653, "cy": 509.034}, "camera_to_world_matrix": [0.818514, -0.388796, 0.422934, 7.32145, 0.574469, 0.548048, -0.607971, -3.6089, 0.00458919, 0.740595, 0.671936, 1.46157, 0.0, 0.0, 0.0, 1.0]}, "0e51c17b16974fe3ac943e17686c4842_d2_3.png": {"intrinsics": {"fx": 1067.86, "fy": 1068.47, "cx": 636.653, "cy": 509.034}, "camera_to_world_matrix": [0.90676, 0.28098, -0.314382, 7.33595, -0.421633, 0.610237, -0.670698, -3.60768, 0.00339486, 0.740716, 0.671809, 1.46158, 0.0, 0.0, 0.0, 1.0]}, "0e51c17b16974fe3ac943e17686c4842_d2_4.png": {"intrinsics": {"fx": 1067.86, "fy": 1068.47, "cx": 636.653, "cy": 509.034}, "camera_to_world_matrix": [0.0882258, 0.669719, -0.737355, 7.34426, -0.996097, 0.0612839, -0.0635223, -3.61962, 0.00264597, 0.740081, 0.672512, 1.46156, 0.0, 0.0, 0.0, 1.0]}, "0e51c17b16974fe3ac943e17686c4842_d2_5.png": {"intrinsics": {"fx": 1067.86, "fy": 1068.47, "cx": 636.653, "cy": 509.034}, "camera_to_world_matrix": [-0.818537, 0.388673, -0.423003, 7.33806, -0.574446, -0.549847, 0.606367, -3.63279, 0.00309141, 0.739326, 0.673341, 1.46155, 0.0, 0.0, 0.0, 1.0]}, "0ed4c12ae2734b52866842a32a2bbaad_d0_0.png": {"intrinsics": {"fx": 1072.27, "fy": 1073.08, "cx": 626.949, "cy": 506.267}, "camera_to_world_matrix": [0.504286, -0.56873, -0.649801, -5.67158, -0.863536, -0.330898, -0.380543, -3.1362, 0.00140864, 0.753029, -0.657986, 4.5002, 0.0, 0.0, 0.0, 1.0]}, "0ed4c12ae2734b52866842a32a2bbaad_d0_1.png": {"intrinsics": {"fx": 1072.27, "fy": 1073.08, "cx": 626.949, "cy": 506.267}, "camera_to_world_matrix": [-0.495592, -0.564147, -0.660399, -5.67144, -0.868459, 0.333208, 0.367085, -3.15075, 0.0129599, 0.755454, -0.655074, 4.50014, 0.0, 0.0, 0.0, 1.0]}, "0ed4c12ae2734b52866842a32a2bbaad_d0_2.png": {"intrinsics": {"fx": 1072.27, "fy": 1073.08, "cx": 626.949, "cy": 506.267}, "camera_to_world_matrix": [-0.999746, 0.0132458, -0.0182658, -5.68397, -0.00494266, 0.661309, 0.750098, -3.15814, 0.0220149, 0.749997, -0.661075, 4.50026, 0.0, 0.0, 0.0, 1.0]}, "0ed4c12ae2734b52866842a32a2bbaad_d0_3.png": {"intrinsics": {"fx": 1072.27, "fy": 1073.08, "cx": 626.949, "cy": 506.267}, "camera_to_world_matrix": [-0.50401, 0.586043, 0.63445, -5.69664, 0.863477, 0.325297, 0.385472, -3.15099, 0.0195185, 0.742115, -0.669988, 4.50043, 0.0, 0.0, 0.0, 1.0]}, "0ed4c12ae2734b52866842a32a2bbaad_d0_4.png": {"intrinsics": {"fx": 1072.27, "fy": 1073.08, "cx": 626.949, "cy": 506.267}, "camera_to_world_matrix": [0.495868, 0.581435, 0.645019, -5.69677, 0.868362, -0.338808, -0.362157, -3.13644, 0.00796711, 0.739691, -0.672899, 4.50049, 0.0, 0.0, 0.0, 1.0]}, "0ed4c12ae2734b52866842a32a2bbaad_d0_5.png": {"intrinsics": {"fx": 1072.27, "fy": 1073.08, "cx": 626.949, "cy": 506.267}, "camera_to_world_matrix": [0.999988, 0.00402854, 0.00287048, -5.68424, 0.00482534, -0.666887, -0.745144, -3.12905, -0.00108757, 0.745148, -0.666898, 4.50037, 0.0, 0.0, 0.0, 1.0]}, "0ed4c12ae2734b52866842a32a2bbaad_d1_0.png": {"intrinsics": {"fx": 1074.95, "fy": 1075.4, "cx": 636.202, "cy": 512.819}, "camera_to_world_matrix": [0.508098, 0.0157055, -0.861156, -5.68071, -0.861223, -0.00401566, -0.508211, -3.14194, -0.0114398, 0.999869, 0.0114854, 4.53353, 0.0, 0.0, 0.0, 1.0]}, "0ed4c12ae2734b52866842a32a2bbaad_d1_1.png": {"intrinsics": {"fx": 1074.95, "fy": 1075.4, "cx": 636.202, "cy": 512.819}, "camera_to_world_matrix": [-0.491799, 0.0133905, -0.870606, -5.68067, -0.870709, -0.00745467, 0.491742, -3.14544, 9.4634e-05, 0.999882, 0.0153252, 4.53352, 0.0, 0.0, 0.0, 1.0]}, "0ed4c12ae2734b52866842a32a2bbaad_d1_2.png": {"intrinsics": {"fx": 1074.95, "fy": 1075.4, "cx": 636.202, "cy": 512.819}, "camera_to_world_matrix": [-0.999913, 0.00925497, -0.00939089, -5.68369, -0.00945741, -0.00716924, 0.99993, -3.14722, 0.00918703, 0.999931, 0.00725593, 4.53355, 0.0, 0.0, 0.0, 1.0]}, "0ed4c12ae2734b52866842a32a2bbaad_d1_3.png": {"intrinsics": {"fx": 1074.95, "fy": 1075.4, "cx": 636.202, "cy": 512.819}, "camera_to_world_matrix": [-0.508119, 0.00743459, 0.861255, -5.68673, 0.86126, -0.00344481, 0.508152, -3.1455, 0.0067448, 0.999966, -0.00465295, 4.53359, 0.0, 0.0, 0.0, 1.0]}, "0ed4c12ae2734b52866842a32a2bbaad_d1_4.png": {"intrinsics": {"fx": 1074.95, "fy": 1075.4, "cx": 636.202, "cy": 512.819}, "camera_to_world_matrix": [0.491778, 0.00974977, 0.870666, -5.68677, 0.870707, -5.89108e-06, -0.491802, -3.142, -0.00478978, 0.999952, -0.0084923, 4.5336, 0.0, 0.0, 0.0, 1.0]}, "0ed4c12ae2734b52866842a32a2bbaad_d1_5.png": {"intrinsics": {"fx": 1074.95, "fy": 1075.4, "cx": 636.202, "cy": 512.819}, "camera_to_world_matrix": [0.999859, 0.0138853, 0.00943074, -5.68375, 0.00943571, -0.000291483, -0.999956, -3.14022, -0.0138819, 0.999904, -0.000422668, 4.53357, 0.0, 0.0, 0.0, 1.0]}, "0ed4c12ae2734b52866842a32a2bbaad_d2_0.png": {"intrinsics": {"fx": 1067.86, "fy": 1068.47, "cx": 636.653, "cy": 509.034}, "camera_to_world_matrix": [0.512001, 0.584862, -0.62912, -5.67081, -0.858969, 0.344093, -0.379174, -3.13645, -0.00528827, 0.734532, 0.678554, 4.56669, 0.0, 0.0, 0.0, 1.0]}, "0ed4c12ae2734b52866842a32a2bbaad_d2_1.png": {"intrinsics": {"fx": 1067.86, "fy": 1068.47, "cx": 636.653, "cy": 509.034}, "camera_to_world_matrix": [-0.48784, 0.597051, -0.636822, -5.67067, -0.872911, -0.328449, 0.36076, -3.151, 0.00622885, 0.731882, 0.681403, 4.56664, 0.0, 0.0, 0.0, 1.0]}, "0ed4c12ae2734b52866842a32a2bbaad_d2_2.png": {"intrinsics": {"fx": 1067.86, "fy": 1068.47, "cx": 636.653, "cy": 509.034}, "camera_to_world_matrix": [-0.999785, 0.0207379, 9.56305e-05, -5.6832, -0.0139366, -0.675295, 0.737416, -3.15839, 0.0153571, 0.737256, 0.675439, 4.56675, 0.0, 0.0, 0.0, 1.0]}, "0ed4c12ae2734b52866842a32a2bbaad_d2_3.png": {"intrinsics": {"fx": 1067.86, "fy": 1068.47, "cx": 636.653, "cy": 509.034}, "camera_to_world_matrix": [-0.511878, -0.567752, 0.6447, -5.69587, 0.85896, -0.349591, 0.37413, -3.15124, 0.012968, 0.745281, 0.666624, 4.56693, 0.0, 0.0, 0.0, 1.0]}, "0ed4c12ae2734b52866842a32a2bbaad_d2_4.png": {"intrinsics": {"fx": 1067.86, "fy": 1068.47, "cx": 636.653, "cy": 509.034}, "camera_to_world_matrix": [0.487963, -0.579916, 0.652373, -5.696, 0.872863, 0.322952, -0.365804, -3.13669, 0.00145068, 0.74793, 0.663775, 4.56698, 0.0, 0.0, 0.0, 1.0]}, "0ed4c12ae2734b52866842a32a2bbaad_d2_5.png": {"intrinsics": {"fx": 1067.86, "fy": 1068.47, "cx": 636.653, "cy": 509.034}, "camera_to_world_matrix": [0.999874, -0.00358863, 0.0154404, -5.68347, 0.0138687, 0.669775, -0.742435, -3.12929, -0.00767724, 0.742556, 0.66974, 4.56686, 0.0, 0.0, 0.0, 1.0]}, "1084a51245eb45f59e6493068d74b7ea_d0_0.png": {"intrinsics": {"fx": 1072.27, "fy": 1073.08, "cx": 626.949, "cy": 506.267}, "camera_to_world_matrix": [-0.535219, -0.578077, -0.615929, 5.04039, -0.844675, 0.359264, 0.396804, 0.356267, -0.00810214, 0.732637, -0.680572, 1.38041, 0.0, 0.0, 0.0, 1.0]}, "1084a51245eb45f59e6493068d74b7ea_d0_1.png": {"intrinsics": {"fx": 1072.27, "fy": 1073.08, "cx": 626.949, "cy": 506.267}, "camera_to_world_matrix": [-0.998987, 0.0135799, 0.0428998, 5.02754, 0.0411758, 0.660388, 0.749795, 0.349458, -0.0181484, 0.750802, -0.660278, 1.38001, 0.0, 0.0, 0.0, 1.0]}, "1084a51245eb45f59e6493068d74b7ea_d0_2.png": {"intrinsics": {"fx": 1072.27, "fy": 1073.08, "cx": 626.949, "cy": 506.267}, "camera_to_world_matrix": [-0.464047, 0.570133, 0.677945, 5.01522, 0.885811, 0.298316, 0.355454, 0.35719, 0.000414417, 0.765478, -0.643462, 1.37969, 0.0, 0.0, 0.0, 1.0]}, "1084a51245eb45f59e6493068d74b7ea_d0_3.png": {"intrinsics": {"fx": 1072.27, "fy": 1073.08, "cx": 626.949, "cy": 506.267}, "camera_to_world_matrix": [0.534649, 0.535017, 0.654146, 5.01575, 0.844576, -0.364871, -0.391868, 0.371731, 0.0290232, 0.761988, -0.64694, 1.37976, 0.0, 0.0, 0.0, 1.0]}, "1084a51245eb45f59e6493068d74b7ea_d0_4.png": {"intrinsics": {"fx": 1072.27, "fy": 1073.08, "cx": 626.949, "cy": 506.267}, "camera_to_world_matrix": [0.998383, -0.0566516, -0.00469613, 5.02861, -0.041293, -0.665972, -0.744833, 0.378539, 0.0390684, 0.743823, -0.667234, 1.38015, 0.0, 0.0, 0.0, 1.0]}, "1084a51245eb45f59e6493068d74b7ea_d0_5.png": {"intrinsics": {"fx": 1072.27, "fy": 1073.08, "cx": 626.949, "cy": 506.267}, "camera_to_world_matrix": [0.46341, -0.61319, -0.639726, 5.04093, -0.885907, -0.303878, -0.350467, 0.370806, 0.0205047, 0.729147, -0.68405, 1.38048, 0.0, 0.0, 0.0, 1.0]}, "1084a51245eb45f59e6493068d74b7ea_d1_0.png": {"intrinsics": {"fx": 1074.95, "fy": 1075.4, "cx": 636.202, "cy": 512.819}, "camera_to_world_matrix": [-0.53102, -0.0271413, -0.846925, 5.03008, -0.847104, -0.00753972, 0.531374, 0.362015, -0.0208077, 0.999603, -0.0189879, 1.4134, 0.0, 0.0, 0.0, 1.0]}, "1084a51245eb45f59e6493068d74b7ea_d1_1.png": {"intrinsics": {"fx": 1074.95, "fy": 1075.4, "cx": 636.202, "cy": 512.819}, "camera_to_world_matrix": [-0.998847, -0.0312579, 0.0364294, 5.02699, 0.0366668, -0.00706386, 0.999302, 0.360377, -0.0309787, 0.999486, 0.00820164, 1.4133, 0.0, 0.0, 0.0, 1.0]}, "1084a51245eb45f59e6493068d74b7ea_d1_2.png": {"intrinsics": {"fx": 1074.95, "fy": 1075.4, "cx": 636.202, "cy": 512.819}, "camera_to_world_matrix": [-0.467737, -0.0329046, 0.883255, 5.02402, 0.883779, -0.00325943, 0.467893, 0.362237, -0.0125169, 0.999453, 0.0306047, 1.41322, 0.0, 0.0, 0.0, 1.0]}, "1084a51245eb45f59e6493068d74b7ea_d1_3.png": {"intrinsics": {"fx": 1074.95, "fy": 1075.4, "cx": 636.202, "cy": 512.819}, "camera_to_world_matrix": [0.531188, -0.0304346, 0.846707, 5.02415, 0.847101, 6.90569e-05, -0.531432, 0.365734, 0.0161155, 0.999537, 0.0258177, 1.41324, 0.0, 0.0, 0.0, 1.0]}, "1084a51245eb45f59e6493068d74b7ea_d1_4.png": {"intrinsics": {"fx": 1074.95, "fy": 1075.4, "cx": 636.202, "cy": 512.819}, "camera_to_world_matrix": [0.998981, -0.026318, -0.0366651, 5.02724, -0.0366883, -0.000406958, -0.999327, 0.367372, 0.0262854, 0.999654, -0.00137232, 1.41334, 0.0, 0.0, 0.0, 1.0]}, "1084a51245eb45f59e6493068d74b7ea_d1_5.png": {"intrinsics": {"fx": 1074.95, "fy": 1075.4, "cx": 636.202, "cy": 512.819}, "camera_to_world_matrix": [0.467838, -0.0246715, -0.88347, 5.03021, -0.883779, -0.00421145, -0.467884, 0.365512, 0.00782276, 0.999687, -0.0237747, 1.41341, 0.0, 0.0, 0.0, 1.0]}, "1084a51245eb45f59e6493068d74b7ea_d2_0.png": {"intrinsics": {"fx": 1067.86, "fy": 1068.47, "cx": 636.653, "cy": 509.034}, "camera_to_world_matrix": [-0.527416, 0.551396, -0.646371, 5.03848, -0.849483, -0.355248, 0.3901, 0.356018, -0.0145224, 0.754826, 0.655765, 1.44688, 0.0, 0.0, 0.0, 1.0]}, "1084a51245eb45f59e6493068d74b7ea_d2_1.png": {"intrinsics": {"fx": 1067.86, "fy": 1068.47, "cx": 636.653, "cy": 509.034}, "camera_to_world_matrix": [-0.999174, -0.0400441, 0.00695751, 5.02563, 0.0321897, -0.675146, 0.736982, 0.34921, -0.0248144, 0.736596, 0.675877, 1.44649, 0.0, 0.0, 0.0, 1.0]}, "1084a51245eb45f59e6493068d74b7ea_d2_2.png": {"intrinsics": {"fx": 1067.86, "fy": 1068.47, "cx": 636.653, "cy": 509.034}, "camera_to_world_matrix": [-0.471846, -0.612742, 0.633963, 5.01331, 0.881657, -0.322647, 0.344353, 0.356942, -0.00645271, 0.72142, 0.692468, 1.44616, 0.0, 0.0, 0.0, 1.0]}, "1084a51245eb45f59e6493068d74b7ea_d2_3.png": {"intrinsics": {"fx": 1067.86, "fy": 1068.47, "cx": 636.653, "cy": 509.034}, "camera_to_world_matrix": [0.527228, -0.593986, 0.607627, 5.01384, 0.849434, 0.349742, -0.395149, 0.371482, 0.0222006, 0.724473, 0.688946, 1.44623, 0.0, 0.0, 0.0, 1.0]}, "1084a51245eb45f59e6493068d74b7ea_d2_4.png": {"intrinsics": {"fx": 1067.86, "fy": 1068.47, "cx": 636.653, "cy": 509.034}, "camera_to_world_matrix": [0.998951, -0.00253399, -0.0457146, 5.02669, -0.0322574, 0.669617, -0.742006, 0.37829, 0.0324916, 0.742702, 0.668833, 1.44662, 0.0, 0.0, 0.0, 1.0]}, "1084a51245eb45f59e6493068d74b7ea_d2_5.png": {"intrinsics": {"fx": 1067.86, "fy": 1068.47, "cx": 636.653, "cy": 509.034}, "camera_to_world_matrix": [0.47159, 0.57015, -0.672705, 5.03901, -0.881705, 0.317096, -0.349352, 0.370558, 0.014129, 0.757878, 0.652243, 1.44695, 0.0, 0.0, 0.0, 1.0]}, "118169c7cc3f488e88a237f10cad437b_d0_0.png": {"intrinsics": {"fx": 1072.27, "fy": 1073.08, "cx": 626.949, "cy": 506.267}, "camera_to_world_matrix": [-0.646246, 0.513617, 0.564414, -3.35528, 0.763102, 0.441147, 0.472298, -4.48978, -0.00640979, 0.735926, -0.677031, 1.37468, 0.0, 0.0, 0.0, 1.0]}, "118169c7cc3f488e88a237f10cad437b_d0_1.png": {"intrinsics": {"fx": 1072.27, "fy": 1073.08, "cx": 626.949, "cy": 506.267}, "camera_to_world_matrix": [0.337707, 0.62424, 0.70447, -3.35794, 0.94116, -0.213516, -0.261971, -4.47548, -0.0131175, 0.751489, -0.659616, 1.37434, 0.0, 0.0, 0.0, 1.0]}, "118169c7cc3f488e88a237f10cad437b_d0_2.png": {"intrinsics": {"fx": 1072.27, "fy": 1073.08, "cx": 626.949, "cy": 506.267}, "camera_to_world_matrix": [0.983971, 0.112434, 0.13842, -3.34688, 0.17829, -0.636582, -0.750317, -4.46602, 0.00375422, 0.762969, -0.646424, 1.37409, 0.0, 0.0, 0.0, 1.0]}, "118169c7cc3f488e88a237f10cad437b_d0_3.png": {"intrinsics": {"fx": 1072.27, "fy": 1073.08, "cx": 626.949, "cy": 506.267}, "camera_to_world_matrix": [0.646268, -0.509985, -0.567674, -3.33316, -0.762621, -0.404977, -0.504384, -4.47088, 0.0273333, 0.758887, -0.650648, 1.37417, 0.0, 0.0, 0.0, 1.0]}, "118169c7cc3f488e88a237f10cad437b_d0_4.png": {"intrinsics": {"fx": 1072.27, "fy": 1073.08, "cx": 626.949, "cy": 506.267}, "camera_to_world_matrix": [-0.337692, -0.620583, -0.707701, -3.3305, -0.940641, 0.24969, 0.22989, -4.48518, 0.0340401, 0.743325, -0.668064, 1.37451, 0.0, 0.0, 0.0, 1.0]}, "118169c7cc3f488e88a237f10cad437b_d0_5.png": {"intrinsics": {"fx": 1072.27, "fy": 1073.08, "cx": 626.949, "cy": 506.267}, "camera_to_world_matrix": [-0.983927, -0.10876, -0.141631, -3.34156, -0.177745, 0.672737, 0.718214, -4.49463, 0.0171677, 0.731845, -0.681255, 1.37476, 0.0, 0.0, 0.0, 1.0]}, "118169c7cc3f488e88a237f10cad437b_d1_0.png": {"intrinsics": {"fx": 1074.95, "fy": 1075.4, "cx": 636.202, "cy": 512.819}, "camera_to_world_matrix": [-0.649786, -0.00168259, 0.760115, -3.3468, 0.759876, 0.023741, 0.649634, -4.4818, -0.0191389, 0.999717, -0.0141482, 1.40773, 0.0, 0.0, 0.0, 1.0]}, "118169c7cc3f488e88a237f10cad437b_d1_1.png": {"intrinsics": {"fx": 1074.95, "fy": 1075.4, "cx": 636.202, "cy": 512.819}, "camera_to_world_matrix": [0.333395, 1.33435e-06, 0.942787, -3.34744, 0.94243, 0.027528, -0.333269, -4.47836, -0.0259535, 0.999621, 0.00917625, 1.40764, 0.0, 0.0, 0.0, 1.0]}, "118169c7cc3f488e88a237f10cad437b_d1_2.png": {"intrinsics": {"fx": 1074.95, "fy": 1075.4, "cx": 636.202, "cy": 512.819}, "camera_to_world_matrix": [0.983168, 0.00412401, 0.182659, -3.34478, 0.182476, 0.0279634, -0.982813, -4.47608, -0.00916085, 0.9996, 0.02674, 1.40758, 0.0, 0.0, 0.0, 1.0]}, "118169c7cc3f488e88a237f10cad437b_d1_3.png": {"intrinsics": {"fx": 1074.95, "fy": 1075.4, "cx": 636.202, "cy": 512.819}, "camera_to_world_matrix": [0.649745, 0.00656266, -0.760124, -3.34148, -0.760015, 0.0246117, -0.649439, -4.47725, 0.014446, 0.999675, 0.0209789, 1.4076, 0.0, 0.0, 0.0, 1.0]}, "118169c7cc3f488e88a237f10cad437b_d1_4.png": {"intrinsics": {"fx": 1074.95, "fy": 1075.4, "cx": 636.202, "cy": 512.819}, "camera_to_world_matrix": [-0.333443, 0.00487859, -0.942758, -3.34084, -0.94253, 0.0208248, 0.333471, -4.48069, 0.0212596, 0.999771, -0.00234587, 1.40769, 0.0, 0.0, 0.0, 1.0]}, "118169c7cc3f488e88a237f10cad437b_d1_5.png": {"intrinsics": {"fx": 1074.95, "fy": 1075.4, "cx": 636.202, "cy": 512.819}, "camera_to_world_matrix": [-0.983186, 0.000755904, -0.182604, -3.3435, -0.182551, 0.0203896, 0.982985, -4.48296, 0.00446629, 0.999792, -0.019909, 1.40775, 0.0, 0.0, 0.0, 1.0]}, "118169c7cc3f488e88a237f10cad437b_d2_0.png": {"intrinsics": {"fx": 1067.86, "fy": 1068.47, "cx": 636.653, "cy": 509.034}, "camera_to_world_matrix": [-0.653149, -0.505673, 0.563641, -3.35512, 0.75712, -0.42345, 0.497452, -4.48817, -0.0128744, 0.751654, 0.659432, 1.44116, 0.0, 0.0, 0.0, 1.0]}, "118169c7cc3f488e88a237f10cad437b_d2_1.png": {"intrinsics": {"fx": 1067.86, "fy": 1068.47, "cx": 636.653, "cy": 509.034}, "camera_to_world_matrix": [0.329204, -0.634279, 0.69951, -3.35777, 0.944051, 0.236613, -0.229741, -4.47387, -0.0197929, 0.736005, 0.676686, 1.44082, 0.0, 0.0, 0.0, 1.0]}, "118169c7cc3f488e88a237f10cad437b_d2_2.png": {"intrinsics": {"fx": 1067.86, "fy": 1068.47, "cx": 636.653, "cy": 509.034}, "camera_to_world_matrix": [0.982354, -0.126786, 0.137495, -3.34671, 0.187003, 0.677948, -0.710926, -4.46442, -0.00307873, 0.724093, 0.689695, 1.44057, 0.0, 0.0, 0.0, 1.0]}, "118169c7cc3f488e88a237f10cad437b_d2_3.png": {"intrinsics": {"fx": 1067.86, "fy": 1068.47, "cx": 636.653, "cy": 509.034}, "camera_to_world_matrix": [0.653138, 0.509302, -0.560377, -3.333, -0.75696, 0.45921, -0.464906, -4.46927, 0.0205534, 0.727831, 0.685448, 1.44065, 0.0, 0.0, 0.0, 1.0]}, "118169c7cc3f488e88a237f10cad437b_d2_4.png": {"intrinsics": {"fx": 1067.86, "fy": 1068.47, "cx": 636.653, "cy": 509.034}, "camera_to_world_matrix": [-0.329222, 0.637882, -0.696218, -3.33034, -0.943853, -0.200858, 0.262293, -4.48357, 0.0274709, 0.74348, 0.668194, 1.44099, 0.0, 0.0, 0.0, 1.0]}, "118169c7cc3f488e88a237f10cad437b_d2_5.png": {"intrinsics": {"fx": 1067.86, "fy": 1068.47, "cx": 636.653, "cy": 509.034}, "camera_to_world_matrix": [-0.982343, 0.130371, -0.134184, -3.3414, -0.186779, -0.642174, 0.743456, -4.49302, 0.0107561, 0.755391, 0.655185, 1.44124, 0.0, 0.0, 0.0, 1.0]}, "181111f8575a49039444d6180bf71c10_d0_0.png": {"intrinsics": {"fx": 1072.27, "fy": 1073.08, "cx": 626.949, "cy": 506.267}, "camera_to_world_matrix": [0.609398, -0.510214, -0.606891, -7.54268, -0.792761, -0.404505, -0.455968, -4.15733, -0.0128495, 0.758985, -0.650982, 1.38027, 0.0, 0.0, 0.0, 1.0]}, "181111f8575a49039444d6180bf71c10_d0_1.png": {"intrinsics": {"fx": 1072.27, "fy": 1073.08, "cx": 626.949, "cy": 506.267}, "camera_to_world_matrix": [-0.381517, -0.589613, -0.711901, -7.5407, -0.924259, 0.254815, 0.284279, -4.17174, 0.0137887, 0.766438, -0.642171, 1.3801, 0.0, 0.0, 0.0, 1.0]}, "181111f8575a49039444d6180bf71c10_d0_2.png": {"intrinsics": {"fx": 1072.27, "fy": 1073.08, "cx": 626.949, "cy": 506.267}, "camera_to_world_matrix": [-0.990614, -0.0585082, -0.123537, -7.55219, -0.131561, 0.653381, 0.74551, -4.18066, 0.0370982, 0.754765, -0.654945, 1.38035, 0.0, 0.0, 0.0, 1.0]}, "181111f8575a49039444d6180bf71c10_d0_3.png": {"intrinsics": {"fx": 1072.27, "fy": 1073.08, "cx": 626.949, "cy": 506.267}, "camera_to_world_matrix": [-0.608783, 0.551983, 0.569823, -7.56566, 0.792618, 0.392618, 0.466485, -4.17517, 0.033769, 0.73564, -0.67653, 1.38077, 0.0, 0.0, 0.0, 1.0]}, "181111f8575a49039444d6180bf71c10_d0_4.png": {"intrinsics": {"fx": 1072.27, "fy": 1073.08, "cx": 626.949, "cy": 506.267}, "camera_to_world_matrix": [0.382137, 0.631356, 0.674804, -7.56764, 0.924078, -0.266706, -0.273766, -4.16076, 0.00713037, 0.728188, -0.685341, 1.38094, 0.0, 0.0, 0.0, 1.0]}, "181111f8575a49039444d6180bf71c10_d0_5.png": {"intrinsics": {"fx": 1072.27, "fy": 1073.08, "cx": 626.949, "cy": 506.267}, "camera_to_world_matrix": [0.991204, 0.100236, 0.0864225, -7.55614, 0.131356, -0.665251, -0.734974, -4.15183, -0.0161784, 0.739861, -0.672565, 1.38069, 0.0, 0.0, 0.0, 1.0]}, "181111f8575a49039444d6180bf71c10_d1_0.png": {"intrinsics": {"fx": 1074.95, "fy": 1075.4, "cx": 636.202, "cy": 512.819}, "camera_to_world_matrix": [0.612682, 0.0320611, -0.78968, -7.55048, -0.789911, -0.00769559, -0.613174, -4.16437, -0.025736, 0.999456, 0.0206102, 1.41369, 0.0, 0.0, 0.0, 1.0]}, "181111f8575a49039444d6180bf71c10_d1_1.png": {"intrinsics": {"fx": 1074.95, "fy": 1075.4, "cx": 636.202, "cy": 512.819}, "camera_to_world_matrix": [-0.377675, 0.0302, -0.925445, -7.55, -0.925938, -0.0114, 0.377504, -4.16783, 0.00085064, 0.999479, 0.0322686, 1.41365, 0.0, 0.0, 0.0, 1.0]}, "181111f8575a49039444d6180bf71c10_d1_2.png": {"intrinsics": {"fx": 1074.95, "fy": 1075.4, "cx": 636.202, "cy": 512.819}, "camera_to_world_matrix": [-0.990414, 0.0260629, -0.13565, -7.55277, -0.135987, -0.0116405, 0.990642, -4.16998, 0.0242401, 0.999592, 0.015073, 1.41371, 0.0, 0.0, 0.0, 1.0]}, "181111f8575a49039444d6180bf71c10_d1_3.png": {"intrinsics": {"fx": 1074.95, "fy": 1075.4, "cx": 636.202, "cy": 512.819}, "camera_to_world_matrix": [-