{"01cada103ecb4ad3864861c13baee57d_d0_0.png": {"intrinsics": {"fx": 1067.82, "fy": 1068.0, "cx": 635.787, "cy": 521.767}, "camera_to_world_matrix": [-0.428654, 0.600698, 0.674846, 3.27054, 0.903448, 0.289943, 0.315773, -2.93381, -0.0059832, 0.745046, -0.666986, 1.42118, 0.0, 0.0, 0.0, 1.0]}, "01cada103ecb4ad3864861c13baee57d_d0_1.png": {"intrinsics": {"fx": 1067.82, "fy": 1068.0, "cx": 635.787, "cy": 521.767}, "camera_to_world_matrix": [0.568101, 0.544639, 0.616951, 3.27171, 0.822954, -0.373531, -0.428043, -2.91931, -0.00267827, 0.750894, -0.660417, 1.42105, 0.0, 0.0, 0.0, 1.0]}, "01cada103ecb4ad3864861c13baee57d_d0_2.png": {"intrinsics": {"fx": 1067.82, "fy": 1068.0, "cx": 635.787, "cy": 521.767}, "camera_to_world_matrix": [0.996733, -0.0580005, -0.0561873, 3.28485, -0.0804837, -0.656728, -0.74982, -2.91307, 0.00659032, 0.751893, -0.659252, 1.42103, 0.0, 0.0, 0.0, 1.0]}, "01cada103ecb4ad3864861c13baee57d_d0_3.png": {"intrinsics": {"fx": 1067.82, "fy": 1068.0, "cx": 635.787, "cy": 521.767}, "camera_to_world_matrix": [0.428601, -0.604568, -0.671415, 3.29683, -0.903406, -0.276443, -0.327774, -2.92133, 0.0125537, 0.747045, -0.664655, 1.42113, 0.0, 0.0, 0.0, 1.0]}, "01cada103ecb4ad3864861c13baee57d_d0_4.png": {"intrinsics": {"fx": 1067.82, "fy": 1068.0, "cx": 635.787, "cy": 521.767}, "camera_to_world_matrix": [-0.56815, -0.548483, -0.61349, 3.29566, -0.822872, 0.387029, 0.416039, -2.93583, 0.00924844, 0.741197, -0.671223, 1.42126, 0.0, 0.0, 0.0, 1.0]}, "01cada103ecb4ad3864861c13baee57d_d0_5.png": {"intrinsics": {"fx": 1067.82, "fy": 1068.0, "cx": 635.787, "cy": 521.767}, "camera_to_world_matrix": [-0.996747, 0.0541675, 0.0596605, 3.28252, 0.0805822, 0.670202, 0.73779, -2.94207, -2.01841e-05, 0.740198, -0.672389, 1.42128, 0.0, 0.0, 0.0, 1.0]}, "01cada103ecb4ad3864861c13baee57d_d1_0.png": {"intrinsics": {"fx": 1065.71, "fy": 1065.89, "cx": 632.738, "cy": 512.838}, "camera_to_world_matrix": [-0.428919, -0.00113465, 0.903343, 3.28044, 0.903343, 0.00147518, 0.42892, -2.92877, -0.00181964, 0.999999, 0.000393505, 1.45441, 0.0, 0.0, 0.0, 1.0]}, "01cada103ecb4ad3864861c13baee57d_d1_1.png": {"intrinsics": {"fx": 1065.71, "fy": 1065.89, "cx": 632.738, "cy": 512.838}, "camera_to_world_matrix": [0.567839, -0.0084047, 0.823098, 3.28072, 0.82314, 0.00399632, -0.567826, -2.92528, 0.00148268, 0.999957, 0.00918876, 1.45438, 0.0, 0.0, 0.0, 1.0]}, "01cada103ecb4ad3864861c13baee57d_d1_2.png": {"intrinsics": {"fx": 1065.71, "fy": 1065.89, "cx": 632.738, "cy": 512.838}, "camera_to_world_matrix": [0.996726, -0.00985603, -0.0802683, 3.28388, -0.0801538, 0.0115528, -0.996716, -2.92378, 0.0107506, 0.999885, 0.0107262, 1.45437, 0.0, 0.0, 0.0, 1.0]}, "01cada103ecb4ad3864861c13baee57d_d1_3.png": {"intrinsics": {"fx": 1065.71, "fy": 1065.89, "cx": 632.738, "cy": 512.838}, "camera_to_world_matrix": [0.428845, -0.00403728, -0.90337, 3.28676, -0.903225, 0.0165879, -0.42885, -2.92577, 0.016716, 0.999855, 0.00346834, 1.4544, 0.0, 0.0, 0.0, 1.0]}, "01cada103ecb4ad3864861c13baee57d_d1_4.png": {"intrinsics": {"fx": 1065.71, "fy": 1065.89, "cx": 632.738, "cy": 512.838}, "camera_to_world_matrix": [-0.567909, 0.00323267, -0.823086, 3.28648, -0.822983, 0.0140665, 0.567893, -2.92926, 0.0134134, 0.999896, -0.00532678, 1.45443, 0.0, 0.0, 0.0, 1.0]}, "01cada103ecb4ad3864861c13baee57d_d1_5.png": {"intrinsics": {"fx": 1065.71, "fy": 1065.89, "cx": 632.738, "cy": 512.838}, "camera_to_world_matrix": [-0.996761, 0.00468371, 0.0802974, 3.28332, 0.0803275, 0.00650998, 0.996748, -2.93076, 0.00414537, 0.999968, -0.00686386, 1.45443, 0.0, 0.0, 0.0, 1.0]}, "01cada103ecb4ad3864861c13baee57d_d2_0.png": {"intrinsics": {"fx": 1066.12, "fy": 1065.83, "cx": 633.512, "cy": 520.513}, "camera_to_world_matrix": [-0.432794, -0.601161, 0.671784, 3.27037, 0.901476, -0.284234, 0.32642, -2.93321, -0.00528682, 0.746871, 0.664947, 1.48767, 0.0, 0.0, 0.0, 1.0]}, "01cada103ecb4ad3864861c13baee57d_d2_1.png": {"intrinsics": {"fx": 1066.12, "fy": 1065.83, "cx": 633.512, "cy": 520.513}, "camera_to_world_matrix": [0.564317, -0.553525, 0.6125, 3.27154, 0.825555, 0.380183, -0.417036, -2.91871, -0.00202228, 0.740993, 0.671509, 1.48755, 0.0, 0.0, 0.0, 1.0]}, "01cada103ecb4ad3864861c13baee57d_d2_2.png": {"intrinsics": {"fx": 1066.12, "fy": 1065.83, "cx": 633.512, "cy": 520.513}, "camera_to_world_matrix": [0.997088, 0.0457197, -0.0610211, 3.28468, -0.0759041, 0.671145, -0.73743, -2.91247, 0.00723917, 0.739915, 0.672661, 1.48752, 0.0, 0.0, 0.0, 1.0]}, "01cada103ecb4ad3864861c13baee57d_d2_3.png": {"intrinsics": {"fx": 1066.12, "fy": 1065.83, "cx": 633.512, "cy": 520.513}, "camera_to_world_matrix": [0.432739, 0.597315, -0.675242, 3.29666, -0.901422, 0.297683, -0.314361, -2.92073, 0.0132358, 0.744714, 0.667251, 1.48763, 0.0, 0.0, 0.0, 1.0]}, "01cada103ecb4ad3864861c13baee57d_d2_4.png": {"intrinsics": {"fx": 1066.12, "fy": 1065.83, "cx": 633.512, "cy": 520.513}, "camera_to_world_matrix": [-0.56437, 0.549653, -0.615929, 3.29549, -0.825461, -0.366733, 0.429092, -2.93523, 0.00997087, 0.750592, 0.660689, 1.48776, 0.0, 0.0, 0.0, 1.0]}, "01cada103ecb4ad3864861c13baee57d_d2_5.png": {"intrinsics": {"fx": 1066.12, "fy": 1065.83, "cx": 633.512, "cy": 520.513}, "camera_to_world_matrix": [-0.997106, -0.0496034, 0.0576048, 3.28235, 0.076015, -0.657671, 0.74946, -2.94147, 0.000709427, 0.75167, 0.659538, 1.48778, 0.0, 0.0, 0.0, 1.0]}, "062a2a53b6fd44ea8bc55cc1dfa859ae_d0_0.png": {"intrinsics": {"fx": 1067.82, "fy": 1068.0, "cx": 635.787, "cy": 521.767}, "camera_to_world_matrix": [0.932227, 0.258961, 0.252763, 3.34307, 0.361345, -0.628523, -0.688758, -1.58045, -0.0194942, 0.733415, -0.679502, 1.41339, 0.0, 0.0, 0.0, 1.0]}, "062a2a53b6fd44ea8bc55cc1dfa859ae_d0_1.png": {"intrinsics": {"fx": 1067.82, "fy": 1068.0, "cx": 635.787, "cy": 521.767}, "camera_to_world_matrix": [0.778796, -0.398375, -0.484534, 3.35745, -0.626808, -0.524069, -0.576595, -1.58267, -0.0242287, 0.75276, -0.657849, 1.41297, 0.0, 0.0, 0.0, 1.0]}, "062a2a53b6fd44ea8bc55cc1dfa859ae_d0_2.png": {"intrinsics": {"fx": 1067.82, "fy": 1068.0, "cx": 635.787, "cy": 521.767}, "camera_to_world_matrix": [-0.153357, -0.636462, -0.755908, 3.3627, -0.988169, 0.097652, 0.118257, -1.59624, -0.00144986, 0.765101, -0.643909, 1.4127, 0.0, 0.0, 0.0, 1.0]}, "062a2a53b6fd44ea8bc55cc1dfa859ae_d0_3.png": {"intrinsics": {"fx": 1067.82, "fy": 1068.0, "cx": 635.787, "cy": 521.767}, "camera_to_world_matrix": [-0.932058, -0.217207, -0.289979, 3.35359, -0.361369, 0.614906, 0.700929, -1.60758, 0.0260628, 0.758096, -0.651622, 1.41285, 0.0, 0.0, 0.0, 1.0]}, "062a2a53b6fd44ea8bc55cc1dfa859ae_d0_4.png": {"intrinsics": {"fx": 1067.82, "fy": 1068.0, "cx": 635.787, "cy": 521.767}, "camera_to_world_matrix": [-0.778588, 0.440125, 0.447314, 3.33921, 0.626778, 0.510427, 0.588737, -1.60535, 0.0307961, 0.738751, -0.673275, 1.41327, 0.0, 0.0, 0.0, 1.0]}, "062a2a53b6fd44ea8bc55cc1dfa859ae_d0_5.png": {"intrinsics": {"fx": 1067.82, "fy": 1068.0, "cx": 635.787, "cy": 521.767}, "camera_to_world_matrix": [0.15358, 0.678187, 0.718661, 3.33396, 0.988103, -0.111303, -0.106125, -1.59179, 0.00801664, 0.726411, -0.687214, 1.41354, 0.0, 0.0, 0.0, 1.0]}, "062a2a53b6fd44ea8bc55cc1dfa859ae_d1_0.png": {"intrinsics": {"fx": 1065.71, "fy": 1065.89, "cx": 632.738, "cy": 512.838}, "camera_to_world_matrix": [0.93222, 0.0203254, 0.361325, 3.348, 0.361572, -0.0100258, -0.932291, -1.59105, -0.015327, 0.999744, -0.0166941, 1.44642, 0.0, 0.0, 0.0, 1.0]}, "062a2a53b6fd44ea8bc55cc1dfa859ae_d1_1.png": {"intrinsics": {"fx": 1065.71, "fy": 1065.89, "cx": 632.738, "cy": 512.838}, "camera_to_world_matrix": [0.779079, 0.0233726, -0.626491, 3.35145, -0.626606, -0.00295999, -0.779332, -1.59159, -0.0200698, 0.999723, 0.0123406, 1.44632, 0.0, 0.0, 0.0, 1.0]}, "062a2a53b6fd44ea8bc55cc1dfa859ae_d1_2.png": {"intrinsics": {"fx": 1065.71, "fy": 1065.89, "cx": 632.738, "cy": 512.838}, "camera_to_world_matrix": [-0.15295, 0.0310126, -0.987748, 3.35272, -0.988231, -0.00206553, 0.152959, -1.59485, 0.00270308, 0.999517, 0.0309648, 1.44625, 0.0, 0.0, 0.0, 1.0]}, "062a2a53b6fd44ea8bc55cc1dfa859ae_d1_3.png": {"intrinsics": {"fx": 1065.71, "fy": 1065.89, "cx": 632.738, "cy": 512.838}, "camera_to_world_matrix": [-0.931817, 0.0356052, -0.361181, 3.35052, -0.361671, -0.00823687, 0.93227, -1.59758, 0.0302183, 0.999332, 0.0205539, 1.44629, 0.0, 0.0, 0.0, 1.0]}, "062a2a53b6fd44ea8bc55cc1dfa859ae_d1_4.png": {"intrinsics": {"fx": 1065.71, "fy": 1065.89, "cx": 632.738, "cy": 512.838}, "camera_to_world_matrix": [-0.778638, 0.0325577, 0.626629, 3.34707, 0.6265, -0.0153025, 0.779272, -1.59704, 0.0349599, 0.999353, -0.00848097, 1.44639, 0.0, 0.0, 0.0, 1.0]}, "062a2a53b6fd44ea8bc55cc1dfa859ae_d1_5.png": {"intrinsics": {"fx": 1065.71, "fy": 1065.89, "cx": 632.738, "cy": 512.838}, "camera_to_world_matrix": [0.153405, 0.0249177, 0.98785, 3.3458, 0.988089, -0.0161967, -0.153033, -1.59378, 0.0121863, 0.999559, -0.0271043, 1.44646, 0.0, 0.0, 0.0, 1.0]}, "062a2a53b6fd44ea8bc55cc1dfa859ae_d2_0.png": {"intrinsics": {"fx": 1066.12, "fy": 1065.83, "cx": 633.512, "cy": 520.513}, "camera_to_world_matrix": [0.930578, -0.225229, 0.288607, 3.34493, 0.365611, 0.612082, -0.701201, -1.58105, -0.0187195, 0.758042, 0.651936, 1.47986, 0.0, 0.0, 0.0, 1.0]}, "062a2a53b6fd44ea8bc55cc1dfa859ae_d2_1.png": {"intrinsics": {"fx": 1066.12, "fy": 1065.83, "cx": 633.512, "cy": 520.513}, "camera_to_world_matrix": [0.78168, 0.433665, -0.44823, 3.35931, -0.623232, 0.51596, -0.587679, -1.58328, -0.0235872, 0.738729, 0.673589, 1.47944, 0.0, 0.0, 0.0, 1.0]}, "062a2a53b6fd44ea8bc55cc1dfa859ae_d2_2.png": {"intrinsics": {"fx": 1066.12, "fy": 1065.83, "cx": 633.512, "cy": 520.513}, "camera_to_world_matrix": [-0.148805, 0.679742, -0.718197, 3.36456, -0.988865, -0.102945, 0.107453, -1.59685, -0.000894031, 0.72619, 0.687492, 1.47917, 0.0, 0.0, 0.0, 1.0]}, "062a2a53b6fd44ea8bc55cc1dfa859ae_d2_3.png": {"intrinsics": {"fx": 1066.12, "fy": 1065.83, "cx": 633.512, "cy": 520.513}, "camera_to_world_matrix": [-0.93037, 0.266921, -0.251321, 3.35545, -0.365648, -0.625712, 0.689047, -1.60818, 0.0266661, 0.732964, 0.679743, 1.47932, 0.0, 0.0, 0.0, 1.0]}, "062a2a53b6fd44ea8bc55cc1dfa859ae_d2_4.png": {"intrinsics": {"fx": 1066.12, "fy": 1065.83, "cx": 633.512, "cy": 520.513}, "camera_to_world_matrix": [-0.781434, -0.39197, 0.48551, 3.34107, 0.62319, -0.529564, 0.575495, -1.60596, 0.0315325, 0.752277, 0.658091, 1.47974, 0.0, 0.0, 0.0, 1.0]}, "062a2a53b6fd44ea8bc55cc1dfa859ae_d2_5.png": {"intrinsics": {"fx": 1066.12, "fy": 1065.83, "cx": 633.512, "cy": 520.513}, "camera_to_world_matrix": [0.149066, -0.638023, 0.75545, 3.33582, 0.988787, 0.0893496, -0.119647, -1.59239, 0.00883874, 0.764815, 0.644188, 1.48001, 0.0, 0.0, 0.0, 1.0]}, "06bd0a2d004b454b9e93ddcf08344732_d0_0.png": {"intrinsics": {"fx": 1067.82, "fy": 1068.0, "cx": 635.787, "cy": 521.767}, "camera_to_world_matrix": [0.686351, 0.504789, 0.523554, 0.16069, 0.727087, -0.460139, -0.509525, -0.702665, -0.0162947, 0.730383, -0.682844, 1.4092, 0.0, 0.0, 0.0, 1.0]}, "06bd0a2d004b454b9e93ddcf08344732_d0_1.png": {"intrinsics": {"fx": 1067.82, "fy": 1068.0, "cx": 635.787, "cy": 521.767}, "camera_to_world_matrix": [0.972586, -0.133595, -0.190338, 0.174624, -0.231023, -0.648501, -0.72531, -0.698494, -0.0265363, 0.749399, -0.661587, 1.40879, 0.0, 0.0, 0.0, 1.0]}, "06bd0a2d004b454b9e93ddcf08344732_d0_2.png": {"intrinsics": {"fx": 1067.82, "fy": 1068.0, "cx": 635.787, "cy": 521.767}, "camera_to_world_matrix": [0.286312, -0.615805, -0.734036, 0.1852, -0.958111, -0.189574, -0.214674, -0.70848, -0.00695707, 0.764752, -0.644287, 1.40845, 0.0, 0.0, 0.0, 1.0]}, "06bd0a2d004b454b9e93ddcf08344732_d0_3.png": {"intrinsics": {"fx": 1067.82, "fy": 1068.0, "cx": 635.787, "cy": 521.767}, "camera_to_world_matrix": [-0.686181, -0.45962, -0.56383, 0.181843, -0.727071, 0.457704, 0.511736, -0.722638, 0.0228633, 0.761089, -0.648245, 1.40853, 0.0, 0.0, 0.0, 1.0]}, "06bd0a2d004b454b9e93ddcf08344732_d0_4.png": {"intrinsics": {"fx": 1067.82, "fy": 1068.0, "cx": 635.787, "cy": 521.767}, "camera_to_world_matrix": [-0.972378, 0.178771, 0.15007, 0.16791, 0.231051, 0.64604, 0.727493, -0.726808, 0.0331038, 0.742072, -0.669501, 1.40895, 0.0, 0.0, 0.0, 1.0]}, "06bd0a2d004b454b9e93ddcf08344732_d0_5.png": {"intrinsics": {"fx": 1067.82, "fy": 1068.0, "cx": 635.787, "cy": 521.767}, "camera_to_world_matrix": [-0.286076, 0.660963, 0.693749, 0.157334, 0.958111, 0.187095, 0.216836, -0.716822, 0.0135237, 0.72672, -0.686801, 1.40928, 0.0, 0.0, 0.0, 1.0]}, "06bd0a2d004b454b9e93ddcf08344732_d1_0.png": {"intrinsics": {"fx": 1065.71, "fy": 1065.89, "cx": 632.738, "cy": 512.838}, "camera_to_world_matrix": [0.686251, 0.023745, 0.726979, 0.169729, 0.727265, -0.00573749, -0.686334, -0.710304, -0.0121263, 0.999702, -0.021205, 1.44218, 0.0, 0.0, 0.0, 1.0]}, "06bd0a2d004b454b9e93ddcf08344732_d1_1.png": {"intrinsics": {"fx": 1065.71, "fy": 1065.89, "cx": 632.738, "cy": 512.838}, "camera_to_world_matrix": [0.972759, 0.023459, -0.230634, 0.173081, -0.230742, 0.00195206, -0.973014, -0.7093, -0.022376, 0.999723, 0.00731308, 1.44208, 0.0, 0.0, 0.0, 1.0]}, "06bd0a2d004b454b9e93ddcf08344732_d1_2.png": {"intrinsics": {"fx": 1065.71, "fy": 1065.89, "cx": 632.738, "cy": 512.838}, "camera_to_world_matrix": [0.286711, 0.0299723, -0.957549, 0.175625, -0.958014, 0.00604492, -0.286662, -0.711703, -0.00280397, 0.999533, 0.0304483, 1.442, 0.0, 0.0, 0.0, 1.0]}, "06bd0a2d004b454b9e93ddcf08344732_d1_3.png": {"intrinsics": {"fx": 1065.71, "fy": 1065.89, "cx": 632.738, "cy": 512.838}, "camera_to_world_matrix": [-0.685829, 0.0367715, -0.726835, 0.174817, -0.727263, 0.00244813, 0.686356, -0.715108, 0.0270174, 0.999321, 0.0250648, 1.44202, 0.0, 0.0, 0.0, 1.0]}, "06bd0a2d004b454b9e93ddcf08344732_d1_4.png": {"intrinsics": {"fx": 1065.71, "fy": 1065.89, "cx": 632.738, "cy": 512.838}, "camera_to_world_matrix": [-0.972299, 0.0370573, 0.230788, 0.171466, 0.230755, -0.00524143, 0.972999, -0.716111, 0.037266, 0.9993, -0.00345364, 1.44212, 0.0, 0.0, 0.0, 1.0]}, "06bd0a2d004b454b9e93ddcf08344732_d1_5.png": {"intrinsics": {"fx": 1065.71, "fy": 1065.89, "cx": 632.738, "cy": 512.838}, "camera_to_world_matrix": [-0.286223, 0.0305438, 0.957677, 0.168922, 0.958001, -0.00933404, 0.286618, -0.713709, 0.017693, 0.99949, -0.0265881, 1.4422, 0.0, 0.0, 0.0, 1.0]}, "06bd0a2d004b454b9e93ddcf08344732_d2_0.png": {"intrinsics": {"fx": 1066.12, "fy": 1065.83, "cx": 633.512, "cy": 520.513}, "camera_to_world_matrix": [0.683029, -0.465649, 0.562709, 0.162703, 0.730226, 0.451706, -0.512574, -0.702774, -0.0154994, 0.761008, 0.648556, 1.47567, 0.0, 0.0, 0.0, 1.0]}, "06bd0a2d004b454b9e93ddcf08344732_d2_1.png": {"intrinsics": {"fx": 1066.12, "fy": 1065.83, "cx": 633.512, "cy": 520.513}, "camera_to_world_matrix": [0.973654, 0.170561, -0.151351, 0.176636, -0.226558, 0.648258, -0.726934, -0.698603, -0.0258717, 0.742071, 0.66982, 1.47526, 0.0, 0.0, 0.0, 1.0]}, "06bd0a2d004b454b9e93ddcf08344732_d2_2.png": {"intrinsics": {"fx": 1066.12, "fy": 1065.83, "cx": 633.512, "cy": 520.513}, "camera_to_world_matrix": [0.290723, 0.658774, -0.6939, 0.187212, -0.956786, 0.195311, -0.215439, -0.70859, -0.00639882, 0.726546, 0.687086, 1.47492, 0.0, 0.0, 0.0, 1.0]}, "06bd0a2d004b454b9e93ddcf08344732_d2_3.png": {"intrinsics": {"fx": 1066.12, "fy": 1065.83, "cx": 633.512, "cy": 520.513}, "camera_to_world_matrix": [-0.682817, 0.510767, -0.522376, 0.183856, -0.730212, -0.454178, 0.510404, -0.722747, 0.0234459, 0.729958, 0.683088, 1.475, 0.0, 0.0, 0.0, 1.0]}, "06bd0a2d004b454b9e93ddcf08344732_d2_4.png": {"intrinsics": {"fx": 1066.12, "fy": 1065.83, "cx": 633.512, "cy": 520.513}, "camera_to_world_matrix": [-0.973404, -0.12545, 0.191692, 0.169922, 0.226583, -0.650706, 0.724736, -0.726918, 0.0338171, 0.748895, 0.661824, 1.47542, 0.0, 0.0, 0.0, 1.0]}, "06bd0a2d004b454b9e93ddcf08344732_d2_5.png": {"intrinsics": {"fx": 1066.12, "fy": 1065.83, "cx": 633.512, "cy": 520.513}, "camera_to_world_matrix": [-0.290445, -0.613646, 0.734221, 0.159346, 0.956784, -0.19774, 0.21322, -0.716931, 0.0143433, 0.76442, 0.644558, 1.47575, 0.0, 0.0, 0.0, 1.0]}, "089b249af5e644e786ebce2fafd07373_d0_0.png": {"intrinsics": {"fx": 1067.82, "fy": 1068.0, "cx": 635.787, "cy": 521.767}, "camera_to_world_matrix": [-0.59077, 0.543246, 0.596551, 0.6243, 0.806456, 0.374786, 0.457344, -4.10338, 0.0248714, 0.751278, -0.659518, 5.026, 0.0, 0.0, 0.0, 1.0]}, "089b249af5e644e786ebce2fafd07373_d0_1.png": {"intrinsics": {"fx": 1067.82, "fy": 1068.0, "cx": 635.787, "cy": 521.767}, "camera_to_world_matrix": [0.403341, 0.61288, 0.67948, 0.622721, 0.914804, -0.287254, -0.283932, -4.08892, 0.0211669, 0.736113, -0.676527, 5.02633, 0.0, 0.0, 0.0, 1.0]}, "089b249af5e644e786ebce2fafd07373_d0_2.png": {"intrinsics": {"fx": 1067.82, "fy": 1068.0, "cx": 635.787, "cy": 521.767}, "camera_to_world_matrix": [0.994122, 0.0742089, 0.0788179, 0.634458, 0.108255, -0.678636, -0.726453, -4.08032, -0.000420438, 0.730716, -0.682682, 5.02645, 0.0, 0.0, 0.0, 1.0]}, "089b249af5e644e786ebce2fafd07373_d0_3.png": {"intrinsics": {"fx": 1067.82, "fy": 1068.0, "cx": 635.787, "cy": 521.767}, "camera_to_world_matrix": [0.590779, -0.534084, -0.604759, 0.647773, -0.806625, -0.407969, -0.427687, -4.08618, -0.0183027, 0.740483, -0.671826, 5.02624, 0.0, 0.0, 0.0, 1.0]}, "089b249af5e644e786ebce2fafd07373_d0_4.png": {"intrinsics": {"fx": 1067.82, "fy": 1068.0, "cx": 635.787, "cy": 521.767}, "camera_to_world_matrix": [-0.403337, -0.603691, -0.687659, 0.649351, -0.914934, 0.254073, 0.313593, -4.10064, -0.0145973, 0.755647, -0.654816, 5.02591, 0.0, 0.0, 0.0, 1.0]}, "089b249af5e644e786ebce2fafd07373_d0_5.png": {"intrinsics": {"fx": 1067.82, "fy": 1068.0, "cx": 635.787, "cy": 521.767}, "camera_to_world_matrix": [-0.994086, -0.065005, -0.0869798, 0.637614, -0.108362, 0.645434, 0.75609, -4.10924, 0.00699035, 0.761044, -0.648663, 5.02579, 0.0, 0.0, 0.0, 1.0]}, "089b249af5e644e786ebce2fafd07373_d1_0.png": {"intrinsics": {"fx": 1065.71, "fy": 1065.89, "cx": 632.738, "cy": 512.838}, "camera_to_world_matrix": [-0.590968, 0.00899633, 0.806646, 0.633417, 0.806174, -0.029399, 0.590949, -4.09759, 0.0290306, 0.999528, 0.0101225, 5.05933, 0.0, 0.0, 0.0, 1.0]}, "089b249af5e644e786ebce2fafd07373_d1_1.png": {"intrinsics": {"fx": 1065.71, "fy": 1065.89, "cx": 632.738, "cy": 512.838}, "camera_to_world_matrix": [0.403092, 0.00138208, 0.915159, 0.633038, 0.91481, -0.0282901, -0.402894, -4.09411, 0.0253328, 0.999599, -0.0126666, 5.05941, 0.0, 0.0, 0.0, 1.0]}, "089b249af5e644e786ebce2fafd07373_d1_2.png": {"intrinsics": {"fx": 1065.71, "fy": 1065.89, "cx": 632.738, "cy": 512.838}, "camera_to_world_matrix": [0.994096, -0.00146352, 0.108505, 0.635861, 0.10845, -0.0211429, -0.993878, -4.09204, 0.00374829, 0.999776, -0.0208581, 5.05944, 0.0, 0.0, 0.0, 1.0]}, "089b249af5e644e786ebce2fafd07373_d1_3.png": {"intrinsics": {"fx": 1065.71, "fy": 1065.89, "cx": 632.738, "cy": 512.838}, "camera_to_world_matrix": [0.591028, 0.00330519, -0.806645, 0.639064, -0.806529, -0.0151047, -0.591004, -4.09345, -0.0141379, 0.999881, -0.00626031, 5.05939, 0.0, 0.0, 0.0, 1.0]}, "089b249af5e644e786ebce2fafd07373_d1_4.png": {"intrinsics": {"fx": 1065.71, "fy": 1065.89, "cx": 632.738, "cy": 512.838}, "camera_to_world_matrix": [-0.403036, 0.0109194, -0.91512, 0.639444, -0.915126, -0.0162139, 0.402844, -4.09693, -0.0104392, 0.999809, 0.0165286, 5.05931, 0.0, 0.0, 0.0, 1.0]}, "089b249af5e644e786ebce2fafd07373_d1_5.png": {"intrinsics": {"fx": 1065.71, "fy": 1065.89, "cx": 632.738, "cy": 512.838}, "camera_to_world_matrix": [-0.994009, 0.0137647, -0.108442, 0.63662, -0.108742, -0.0233612, 0.993796, -4.099, 0.0111456, 0.999633, 0.0247193, 5.05928, 0.0, 0.0, 0.0, 1.0]}, "089b249af5e644e786ebce2fafd07373_d2_0.png": {"intrinsics": {"fx": 1066.12, "fy": 1065.83, "cx": 633.512, "cy": 520.513}, "camera_to_world_matrix": [-0.594459, -0.529276, 0.60538, 0.624709, 0.80372, -0.414971, 0.426418, -4.10486, 0.0255227, 0.740044, 0.672073, 5.09248, 0.0, 0.0, 0.0, 1.0]}, "089b249af5e644e786ebce2fafd07373_d2_1.png": {"intrinsics": {"fx": 1066.12, "fy": 1065.83, "cx": 633.512, "cy": 520.513}, "camera_to_world_matrix": [0.399143, -0.607359, 0.686876, 0.62313, 0.916626, 0.246411, -0.314766, -4.0904, 0.0219227, 0.755246, 0.655074, 5.09281, 0.0, 0.0, 0.0, 1.0]}, "089b249af5e644e786ebce2fafd07373_d2_2.png": {"intrinsics": {"fx": 1066.12, "fy": 1065.83, "cx": 633.512, "cy": 520.513}, "camera_to_world_matrix": [0.993617, -0.0734819, 0.0855786, 0.634867, 0.112797, 0.644779, -0.756, -4.0818, 0.000373233, 0.760828, 0.648952, 5.09293, 0.0, 0.0, 0.0, 1.0]}, "089b249af5e644e786ebce2fafd07373_d2_3.png": {"intrinsics": {"fx": 1066.12, "fy": 1065.83, "cx": 633.512, "cy": 520.513}, "camera_to_world_matrix": [0.594477, 0.538467, -0.597202, 0.648182, -0.80392, 0.381757, -0.45604, -4.08766, -0.0175758, 0.751209, 0.659829, 5.09272, 0.0, 0.0, 0.0, 1.0]}, "089b249af5e644e786ebce2fafd07373_d2_4.png": {"intrinsics": {"fx": 1066.12, "fy": 1065.83, "cx": 633.512, "cy": 520.513}, "camera_to_world_matrix": [-0.39913, 0.616524, -0.67867, 0.64976, -0.916787, -0.279627, 0.285147, -4.10212, -0.013975, 0.736007, 0.676828, 5.09239, 0.0, 0.0, 0.0, 1.0]}, "089b249af5e644e786ebce2fafd07373_d2_5.png": {"intrinsics": {"fx": 1066.12, "fy": 1065.83, "cx": 633.512, "cy": 520.513}, "camera_to_world_matrix": [-0.993573, 0.0826308, -0.0773551, 0.638023, -0.112935, -0.677975, 0.726357, -4.11072, 0.00757483, 0.730425, 0.68295, 5.09227, 0.0, 0.0, 0.0, 1.0]}, "164e2c5908234d52a7f0226ea820c0a5_d0_0.png": {"intrinsics": {"fx": 1067.82, "fy": 1068.0, "cx": 635.787, "cy": 521.767}, "camera_to_world_matrix": [-0.469413, 0.57975, 0.665989, -1.73654, 0.882904, 0.317974, 0.345503, -2.42162, -0.0114617, 0.750188, -0.661125, 1.42143, 0.0, 0.0, 0.0, 1.0]}, "164e2c5908234d52a7f0226ea820c0a5_d0_1.png": {"intrinsics": {"fx": 1067.82, "fy": 1068.0, "cx": 635.787, "cy": 521.767}, "camera_to_world_matrix": [0.529903, 0.554014, 0.642083, -1.73603, 0.848056, -0.347362, -0.400173, -2.40708, 0.00133383, 0.756576, -0.653904, 1.42129, 0.0, 0.0, 0.0, 1.0]}, "164e2c5908234d52a7f0226ea820c0a5_d0_2.png": {"intrinsics": {"fx": 1067.82, "fy": 1068.0, "cx": 635.787, "cy": 521.767}, "camera_to_world_matrix": [0.999263, -0.0350379, -0.0156298, -1.72319, -0.0348333, -0.657807, -0.75238, -2.40024, 0.0160806, 0.752371, -0.658544, 1.42138, 0.0, 0.0, 0.0, 1.0]}, "164e2c5908234d52a7f0226ea820c0a5_d0_3.png": {"intrinsics": {"fx": 1067.82, "fy": 1068.0, "cx": 635.787, "cy": 521.767}, "camera_to_world_matrix": [0.469297, -0.598341, -0.649421, -1.71085, -0.882856, -0.302908, -0.358903, -2.40795, 0.0180314, 0.741778, -0.670403, 1.42161, 0.0, 0.0, 0.0, 1.0]}, "164e2c5908234d52a7f0226ea820c0a5_d0_4.png": {"intrinsics": {"fx": 1067.82, "fy": 1068.0, "cx": 635.787, "cy": 521.767}, "camera_to_world_matrix": [-0.530018, -0.572579, -0.625486, -1.71135, -0.847969, 0.362427, 0.386773, -2.42249, 0.00523545, 0.73539, -0.677624, 1.42175, 0.0, 0.0, 0.0, 1.0]}, "164e2c5908234d52a7f0226ea820c0a5_d0_5.png": {"intrinsics": {"fx": 1067.82, "fy": 1068.0, "cx": 635.787, "cy": 521.767}, "camera_to_world_matrix": [-0.999344, 0.016485, 0.0322403, -1.7242, 0.0349387, 0.672849, 0.738954, -2.42932, -0.00951103, 0.739596, -0.672984, 1.42166, 0.0, 0.0, 0.0, 1.0]}, "164e2c5908234d52a7f0226ea820c0a5_d1_0.png": {"intrinsics": {"fx": 1065.71, "fy": 1065.89, "cx": 632.738, "cy": 512.838}, "camera_to_world_matrix": [-0.469712, -0.0106563, 0.882756, -1.7272, 0.882791, 0.00259912, 0.469762, -2.41609, -0.00730068, 0.99994, 0.00818769, 1.45474, 0.0, 0.0, 0.0, 1.0]}, "164e2c5908234d52a7f0226ea820c0a5_d1_1.png": {"intrinsics": {"fx": 1065.71, "fy": 1065.89, "cx": 632.738, "cy": 512.838}, "camera_to_world_matrix": [0.529593, -0.0180332, 0.848061, -1.72708, 0.848235, 0.00478527, -0.529599, -2.41259, 0.00549182, 0.999826, 0.0178319, 1.45471, 0.0, 0.0, 0.0, 1.0]}, "164e2c5908234d52a7f0226ea820c0a5_d1_2.png": {"intrinsics": {"fx": 1065.71, "fy": 1065.89, "cx": 632.738, "cy": 512.838}, "camera_to_world_matrix": [0.999201, -0.0198276, -0.0347378, -1.72399, -0.0344992, 0.0122674, -0.99933, -2.41095, 0.0202401, 0.999729, 0.0115748, 1.45473, 0.0, 0.0, 0.0, 1.0]}, "164e2c5908234d52a7f0226ea820c0a5_d1_3.png": {"intrinsics": {"fx": 1065.71, "fy": 1065.89, "cx": 632.738, "cy": 512.838}, "camera_to_world_matrix": [0.469493, -0.014245, -0.882822, -1.72102, -0.882659, 0.0175632, -0.469689, -2.4128, 0.0221955, 0.999745, -0.00432638, 1.45479, 0.0, 0.0, 0.0, 1.0]}, "164e2c5908234d52a7f0226ea820c0a5_d1_4.png": {"intrinsics": {"fx": 1065.71, "fy": 1065.89, "cx": 632.738, "cy": 512.838}, "camera_to_world_matrix": [-0.529812, -0.00686811, -0.848089, -1.72114, -0.848065, 0.0153768, 0.529671, -2.4163, 0.00940264, 0.999859, -0.0139701, 1.45482, 0.0, 0.0, 0.0, 1.0]}, "164e2c5908234d52a7f0226ea820c0a5_d1_5.png": {"intrinsics": {"fx": 1065.71, "fy": 1065.89, "cx": 632.738, "cy": 512.838}, "camera_to_world_matrix": [-0.999385, -0.00507405, 0.0347289, -1.72423, 0.0346886, 0.00789456, 0.999368, -2.41795, -0.00534538, 0.999956, -0.00771243, 1.4548, 0.0, 0.0, 0.0, 1.0]}, "164e2c5908234d52a7f0226ea820c0a5_d2_0.png": {"intrinsics": {"fx": 1066.12, "fy": 1065.83, "cx": 633.512, "cy": 520.513}, "camera_to_world_matrix": [-0.473466, -0.59458, 0.64985, -1.73737, 0.880745, -0.310535, 0.357567, -2.42095, -0.0108011, 0.741648, 0.670701, 1.48792, 0.0, 0.0, 0.0, 1.0]}, "164e2c5908234d52a7f0226ea820c0a5_d2_1.png": {"intrinsics": {"fx": 1066.12, "fy": 1065.83, "cx": 633.512, "cy": 520.513}, "camera_to_world_matrix": [0.525998, -0.577301, 0.624539, -1.73686, 0.850483, 0.355358, -0.387813, -2.40641, 0.00195006, 0.735149, 0.677901, 1.48778, 0.0, 0.0, 0.0, 1.0]}, "164e2c5908234d52a7f0226ea820c0a5_d2_2.png": {"intrinsics": {"fx": 1066.12, "fy": 1065.83, "cx": 633.512, "cy": 520.513}, "camera_to_world_matrix": [0.999402, 0.00800595, -0.0336185, -1.72402, -0.0302414, 0.673404, -0.738656, -2.39957, 0.0167254, 0.739231, 0.673243, 1.48787, 0.0, 0.0, 0.0, 1.0]}, "164e2c5908234d52a7f0226ea820c0a5_d2_3.png": {"intrinsics": {"fx": 1066.12, "fy": 1065.83, "cx": 633.512, "cy": 520.513}, "camera_to_world_matrix": [0.473332, 0.57602, -0.666451, -1.71168, -0.880684, 0.32555, -0.344111, -2.40728, 0.0187491, 0.749812, 0.661384, 1.4881, 0.0, 0.0, 0.0, 1.0]}, "164e2c5908234d52a7f0226ea820c0a5_d2_4.png": {"intrinsics": {"fx": 1066.12, "fy": 1065.83, "cx": 633.512, "cy": 520.513}, "camera_to_world_matrix": [-0.52613, 0.558714, -0.641112, -1.71218, -0.850382, -0.340342, 0.401269, -2.42182, 0.00599752, 0.75631, 0.654185, 1.48824, 0.0, 0.0, 0.0, 1.0]}, "164e2c5908234d52a7f0226ea820c0a5_d2_5.png": {"intrinsics": {"fx": 1066.12, "fy": 1065.83, "cx": 633.512, "cy": 520.513}, "camera_to_world_matrix": [-0.9995, -0.0266048, 0.0170596, -1.72503, 0.0303608, -0.658365, 0.752086, -2.42865, -0.00877747, 0.752228, 0.658843, 1.48815, 0.0, 0.0, 0.0, 1.0]}, "1bccb9088318447bb8ff07cff1254795_d0_0.png": {"intrinsics": {"fx": 1067.82, "fy": 1068.0, "cx": 635.787, "cy": 521.767}, "camera_to_world_matrix": [0.0771659, -0.66782, -0.740311, -0.449918, -0.996798, -0.0360916, -0.071343, -7.62399, 0.0209254, 0.743447, -0.668468, 5.01217, 0.0, 0.0, 0.0, 1.0]}, "1bccb9088318447bb8ff07cff1254795_d0_1.png": {"intrinsics": {"fx": 1067.82, "fy": 1068.0, "cx": 635.787, "cy": 521.767}, "camera_to_world_matrix": [-0.824858, -0.37818, -0.420223, -0.456195, -0.565268, 0.563412, 0.602526, -7.63711, 0.00889536, 0.734537, -0.67851, 5.01237, 0.0, 0.0, 0.0, 1.0]}, "1bccb9088318447bb8ff07cff1254795_d0_2.png": {"intrinsics": {"fx": 1067.82, "fy": 1068.0, "cx": 635.787, "cy": 521.767}, "camera_to_world_matrix": [-0.902022, 0.285875, 0.323466, -0.470701, 0.431599, 0.6124, 0.662335, -7.63824, -0.00874531, 0.737049, -0.675783, 5.01232, 0.0, 0.0, 0.0, 1.0]}, "1bccb9088318447bb8ff07cff1254795_d0_3.png": {"intrinsics": {"fx": 1067.82, "fy": 1068.0, "cx": 635.787, "cy": 521.767}, "camera_to_world_matrix": [-0.0771602, 0.660276, 0.747048, -0.47893, 0.996915, 0.0618827, 0.0482733, -7.62624, -0.0143556, 0.748469, -0.663014, 5.01207, 0.0, 0.0, 0.0, 1.0]}, "1bccb9088318447bb8ff07cff1254795_d0_4.png": {"intrinsics": {"fx": 1067.82, "fy": 1068.0, "cx": 635.787, "cy": 521.767}, "camera_to_world_matrix": [0.824847, 0.370612, 0.426933, -0.472652, 0.56535, -0.53761, -0.625583, -7.61312, -0.00232501, 0.757378, -0.652973, 5.01187, 0.0, 0.0, 0.0, 1.0]}, "1bccb9088318447bb8ff07cff1254795_d0_5.png": {"intrinsics": {"fx": 1067.82, "fy": 1068.0, "cx": 635.787, "cy": 521.767}, "camera_to_world_matrix": [0.901972, -0.293445, -0.316757, -0.458146, -0.431521, -0.586572, -0.685363, -7.61199, 0.0153155, 0.754866, -0.6557, 5.01192, 0.0, 0.0, 0.0, 1.0]}, "1bccb9088318447bb8ff07cff1254795_d1_0.png": {"intrinsics": {"fx": 1065.71, "fy": 1065.89, "cx": 632.738, "cy": 512.838}, "camera_to_world_matrix": [0.0774339, -0.00371013, -0.996991, -0.461102, -0.996683, 0.0248762, -0.0775029, -7.62427, 0.0250885, 0.999684, -0.00177029, 5.04538, 0.0, 0.0, 0.0, 1.0]}, "1bccb9088318447bb8ff07cff1254795_d1_1.png": {"intrinsics": {"fx": 1065.71, "fy": 1065.89, "cx": 632.738, "cy": 512.838}, "camera_to_world_matrix": [-0.824698, 0.00217728, -0.565572, -0.462612, -0.565425, 0.0199228, 0.82456, -7.62743, 0.0130627, 0.9998, -0.0151979, 5.04542, 0.0, 0.0, 0.0, 1.0]}, "1bccb9088318447bb8ff07cff1254795_d1_2.png": {"intrinsics": {"fx": 1065.71, "fy": 1065.89, "cx": 632.738, "cy": 512.838}, "camera_to_world_matrix": [-0.902151, 0.00083005, 0.431422, -0.466102, 0.431399, 0.0123478, 0.902077, -7.6277, -0.00457871, 0.999924, -0.0114963, 5.04541, 0.0, 0.0, 0.0, 1.0]}, "1bccb9088318447bb8ff07cff1254795_d1_3.png": {"intrinsics": {"fx": 1065.71, "fy": 1065.89, "cx": 632.738, "cy": 512.838}, "camera_to_world_matrix": [-0.0774704, -0.00640456, 0.996975, -0.468081, 0.996944, 0.00972634, 0.0775309, -7.62481, -0.0101938, 0.999933, 0.00563273, 5.04535, 0.0, 0.0, 0.0, 1.0]}, "1bccb9088318447bb8ff07cff1254795_d1_4.png": {"intrinsics": {"fx": 1065.71, "fy": 1065.89, "cx": 632.738, "cy": 512.838}, "camera_to_world_matrix": [0.824644, -0.0122918, 0.56552, -0.466571, 0.565651, 0.01468, -0.824515, -7.62165, 0.00183255, 0.999817, 0.0190599, 5.0453, 0.0, 0.0, 0.0, 1.0]}, "1bccb9088318447bb8ff07cff1254795_d1_5.png": {"intrinsics": {"fx": 1065.71, "fy": 1065.89, "cx": 632.738, "cy": 512.838}, "camera_to_world_matrix": [0.902058, -0.0109443, -0.431477, -0.463082, -0.431177, 0.022255, -0.901994, -7.62138, 0.0194738, 0.999693, 0.0153576, 5.04532, 0.0, 0.0, 0.0, 1.0]}, "1bccb9088318447bb8ff07cff1254795_d2_0.png": {"intrinsics": {"fx": 1066.12, "fy": 1065.83, "cx": 633.512, "cy": 520.513}, "camera_to_world_matrix": [0.0817351, 0.659882, -0.74691, -0.450254, -0.996419, 0.0703688, -0.0468692, -7.62284, 0.0216313, 0.748067, 0.66327, 5.07866, 0.0, 0.0, 0.0, 1.0]}, "1bccb9088318447bb8ff07cff1254795_d2_1.png": {"intrinsics": {"fx": 1066.12, "fy": 1065.83, "cx": 633.512, "cy": 520.513}, "camera_to_world_matrix": [-0.822258, 0.37777, -0.425653, -0.456531, -0.569032, -0.533026, 0.626167, -7.63596, 0.009663, 0.757081, 0.653248, 5.07886, 0.0, 0.0, 0.0, 1.0]}, "1bccb9088318447bb8ff07cff1254795_d2_2.png": {"intrinsics": {"fx": 1066.12, "fy": 1065.83, "cx": 633.512, "cy": 520.513}, "camera_to_world_matrix": [-0.903994, -0.285892, 0.317898, -0.471037, 0.427468, -0.590479, 0.684547, -7.63709, -0.00799442, 0.754719, 0.655999, 5.0788, 0.0, 0.0, 0.0, 1.0]}, "1bccb9088318447bb8ff07cff1254795_d2_3.png": {"intrinsics": {"fx": 1066.12, "fy": 1065.83, "cx": 633.512, "cy": 520.513}, "camera_to_world_matrix": [-0.0817365, -0.667428, 0.740175, -0.479266, 0.996559, -0.0445348, 0.0698907, -7.62509, -0.0136832, 0.743341, 0.668771, 5.07856, 0.0, 0.0, 0.0, 1.0]}, "1bccb9088318447bb8ff07cff1254795_d2_4.png": {"intrinsics": {"fx": 1066.12, "fy": 1065.83, "cx": 633.512, "cy": 520.513}, "camera_to_world_matrix": [0.82224, -0.385293, 0.418891, -0.472989, 0.569138, 0.55885, -0.603133, -7.61197, -0.0017144, 0.734327, 0.678792, 5.07836, 0.0, 0.0, 0.0, 1.0]}, "1bccb9088318447bb8ff07cff1254795_d2_5.png": {"intrinsics": {"fx": 1066.12, "fy": 1065.83, "cx": 633.512, "cy": 520.513}, "camera_to_world_matrix": [0.903937, 0.278372, -0.324662, -0.458482, -0.427366, 0.616276, -0.661484, -7.61084, 0.0159429, 0.73669, 0.676041, 5.07841, 0.0, 0.0, 0.0, 1.0]}, "1e034f23e0b547dc98f803712788d4b5_d0_0.png": {"intrinsics": {"fx": 1067.82, "fy": 1068.0, "cx": 635.787, "cy": 521.767}, "camera_to_world_matrix": [0.870499, -0.313257, -0.379605, 10.1425, -0.491976, -0.57542, -0.653338, -2.32803, -0.0137697, 0.755488, -0.655018, 5.00774, 0.0, 0.0, 0.0, 1.0]}, "1e034f23e0b547dc98f803712788d4b5_d0_1.png": {"intrinsics": {"fx": 1067.82, "fy": 1068.0, "cx": 635.787, "cy": 521.767}, "camera_to_world_matrix": [0.00936365, -0.649343, -0.760437, 10.1499, -0.999929, -0.000618758, -0.0117842, -2.34056, 0.00718161, 0.760494, -0.649305, 5.00763, 0.0, 0.0, 0.0, 1.0]}, "1e034f23e0b547dc98f803712788d4b5_d0_2.png": {"intrinsics": {"fx": 1067.82, "fy": 1068.0, "cx": 635.787, "cy": 521.767}, "camera_to_world_matrix": [-0.861064, -0.319729, -0.3954, 10.1428, -0.507918, 0.57786, 0.638824, -2.35323, 0.0242358, 0.7509, -0.659971, 5.00784, 0.0, 0.0, 0.0, 1.0]}, "1e034f23e0b547dc98f803712788d4b5_d0_3.png": {"intrinsics": {"fx": 1067.82, "fy": 1068.0, "cx": 635.787, "cy": 521.767}, "camera_to_world_matrix": [-0.870336, 0.345966, 0.350459, 10.1282, 0.492037, 0.581524, 0.647864, -2.35337, 0.0203383, 0.736299, -0.676351, 5.00816, 0.0, 0.0, 0.0, 1.0]}, "1e034f23e0b547dc98f803712788d4b5_d0_4.png": {"intrinsics": {"fx": 1067.82, "fy": 1068.0, "cx": 635.787, "cy": 521.767}, "camera_to_world_matrix": [-0.00918064, 0.68203, 0.731266, 10.1208, 0.999957, 0.00671032, 0.00629521, -2.34083, -0.000613359, 0.731293, -0.682063, 5.00827, 0.0, 0.0, 0.0, 1.0]}, "1e034f23e0b547dc98f803712788d4b5_d0_5.png": {"intrinsics": {"fx": 1067.82, "fy": 1068.0, "cx": 635.787, "cy": 521.767}, "camera_to_world_matrix": [0.861227, 0.352392, 0.366204, 10.128, 0.507911, -0.571755, -0.644299, -2.32817, -0.0176669, 0.740888, -0.671397, 5.00806, 0.0, 0.0, 0.0, 1.0]}, "1e034f23e0b547dc98f803712788d4b5_d1_0.png": {"intrinsics": {"fx": 1065.71, "fy": 1065.89, "cx": 632.738, "cy": 512.838}, "camera_to_world_matrix": [0.870716, 0.0163687, -0.491516, 10.1378, -0.491695, 0.00944312, -0.870717, -2.33751, -0.00961145, 0.999822, 0.0162719, 5.04114, 0.0, 0.0, 0.0, 1.0]}, "1e034f23e0b547dc98f803712788d4b5_d1_1.png": {"intrinsics": {"fx": 1065.71, "fy": 1065.89, "cx": 632.738, "cy": 512.838}, "camera_to_world_matrix": [0.00974619, 0.0237629, -0.999671, 10.1396, -0.999889, 0.0115665, -0.00947366, -2.34053, 0.0113372, 0.999651, 0.0238742, 5.04111, 0.0, 0.0, 0.0, 1.0]}, "1e034f23e0b547dc98f803712788d4b5_d1_2.png": {"intrinsics": {"fx": 1065.71, "fy": 1065.89, "cx": 632.738, "cy": 512.838}, "camera_to_world_matrix": [-0.860807, 0.0292989, -0.50809, 10.1379, -0.508141, 0.00622297, 0.861252, -2.34358, 0.0283952, 0.999552, 0.00953249, 5.04116, 0.0, 0.0, 0.0, 1.0]}, "1e034f23e0b547dc98f803712788d4b5_d1_3.png": {"intrinsics": {"fx": 1065.71, "fy": 1065.89, "cx": 632.738, "cy": 512.838}, "camera_to_world_matrix": [-0.87037, 0.0274407, 0.491634, 10.1344, 0.49179, -0.00124385, 0.870714, -2.34361, 0.0245042, 0.999623, -0.0124112, 5.04124, 0.0, 0.0, 0.0, 1.0]}, "1e034f23e0b547dc98f803712788d4b5_d1_4.png": {"intrinsics": {"fx": 1065.71, "fy": 1065.89, "cx": 632.738, "cy": 512.838}, "camera_to_world_matrix": [-0.00938088, 0.0200465, 0.999756, 10.1326, 0.999951, -0.00336696, 0.00945046, -2.34059, 0.00355521, 0.999794, -0.0200126, 5.04127, 0.0, 0.0, 0.0, 1.0]}, "1e034f23e0b547dc98f803712788d4b5_d1_5.png": {"intrinsics": {"fx": 1065.71, "fy": 1065.89, "cx": 632.738, "cy": 512.838}, "camera_to_world_matrix": [0.861153, 0.0145106, 0.508141, 10.1343, 0.508169, 0.00197681, -0.861256, -2.33755, -0.0135022, 0.999893, -0.00567025, 5.04121, 0.0, 0.0, 0.0, 1.0]}, "1e034f23e0b547dc98f803712788d4b5_d2_0.png": {"intrinsics": {"fx": 1066.12, "fy": 1065.83, "cx": 633.512, "cy": 520.513}, "camera_to_world_matrix": [0.872759, 0.338693, -0.351537, 10.144, -0.487973, 0.585931, -0.646967, -2.32776, -0.0131462, 0.736187, 0.67665, 5.07422, 0.0, 0.0, 0.0, 1.0]}, "1e034f23e0b547dc98f803712788d4b5_d2_1.png": {"intrinsics": {"fx": 1066.12, "fy": 1065.83, "cx": 633.512, "cy": 520.513}, "camera_to_world_matrix": [0.0139648, 0.682207, -0.731025, 10.1514, -0.999872, 0.0152083, -0.00490742, -2.34029, 0.00776997, 0.731001, 0.682331, 5.07411, 0.0, 0.0, 0.0, 1.0]}, "1e034f23e0b547dc98f803712788d4b5_d2_2.png": {"intrinsics": {"fx": 1066.12, "fy": 1065.83, "cx": 633.512, "cy": 520.513}, "camera_to_world_matrix": [-0.858707, 0.359837, -0.36488, 10.1442, -0.51186, -0.567666, 0.64479, -2.35296, 0.0248898, 0.740454, 0.671645, 5.07432, 0.0, 0.0, 0.0, 1.0]}, "1e034f23e0b547dc98f803712788d4b5_d2_3.png": {"intrinsics": {"fx": 1066.12, "fy": 1065.83, "cx": 633.512, "cy": 520.513}, "camera_to_world_matrix": [-0.872566, -0.30604, 0.380746, 10.1297, 0.488039, -0.579803, 0.652414, -2.35309, 0.0210929, 0.755094, 0.655276, 5.07464, 0.0, 0.0, 0.0, 1.0]}, "1e034f23e0b547dc98f803712788d4b5_d2_4.png": {"intrinsics": {"fx": 1066.12, "fy": 1065.83, "cx": 633.512, "cy": 520.513}, "camera_to_world_matrix": [-0.0137516, -0.649532, 0.760209, 10.1223, 0.999905, -0.00906673, 0.0103404, -2.34056, 0.000176418, 0.76028, 0.649595, 5.07475, 0.0, 0.0, 0.0, 1.0]}, "1e034f23e0b547dc98f803712788d4b5_d2_5.png": {"intrinsics": {"fx": 1066.12, "fy": 1065.83, "cx": 633.512, "cy": 520.513}, "camera_to_world_matrix": [0.858902, -0.327139, 0.394039, 10.1294, 0.511859, 0.573795, -0.639343, -2.32789, -0.0169428, 0.750826, 0.660282, 5.07454, 0.0, 0.0, 0.0, 1.0]}, "2086a9c97c6541e7a7c76c63e4f1d984_d0_0.png": {"intrinsics": {"fx": 1067.82, "fy": 1068.0, "cx": 635.787, "cy": 521.767}, "camera_to_world_matrix": [0.943732, -0.242959, -0.224364, 1.57711, -0.328704, -0.614528, -0.717153, -8.46072, 0.0363607, 0.75055, -0.659813, 5.0131, 0.0, 0.0, 0.0, 1.0]}, "2086a9c97c6541e7a7c76c63e4f1d984_d0_1.png": {"intrinsics": {"fx": 1067.82, "fy": 1068.0, "cx": 635.787, "cy": 521.767}, "camera_to_world_matrix": [0.186739, -0.675772, -0.713063, 1.58661, -0.982057, -0.108975, -0.153908, -8.47173, 0.0263006, 0.72901, -0.683998, 5.01357, 0.0, 0.0, 0.0, 1.0]}, "2086a9c97c6541e7a7c76c63e4f1d984_d0_2.png": {"intrinsics": {"fx": 1067.82, "fy": 1068.0, "cx": 635.787, "cy": 521.767}, "camera_to_world_matrix": [-0.757092, -0.454266, -0.469524, 1.58182, -0.653272, 0.518947, 0.551297, -8.48547, -0.00677708, 0.72411, -0.689651, 5.01368, 0.0, 0.0, 0.0, 1.0]}, "2086a9c97c6541e7a7c76c63e4f1d984_d0_3.png": {"intrinsics": {"fx": 1067.82, "fy": 1068.0, "cx": 635.787, "cy": 521.767}, "camera_to_world_matrix": [-0.943908, 0.200049, 0.262709, 1.56754, 0.328858, 0.641302, 0.69324, -8.4882, -0.029794, 0.74075, -0.67112, 5.01332, 0.0, 0.0, 0.0, 1.0]}, "2086a9c97c6541e7a7c76c63e4f1d984_d0_4.png": {"intrinsics": {"fx": 1067.82, "fy": 1068.0, "cx": 635.787, "cy": 521.767}, "camera_to_world_matrix": [-0.186889, 0.632842, 0.751386, 1.55803, 0.982182, 0.135732, 0.129976, -8.47719, -0.0197327, 0.76229, -0.646935, 5.01285, 0.0, 0.0, 0.0, 1.0]}, "2086a9c97c6541e7a7c76c63e4f1d984_d0_5.png": {"intrinsics": {"fx": 1067.82, "fy": 1068.0, "cx": 635.787, "cy": 521.767}, "camera_to_world_matrix": [0.756929, 0.411312, 0.507819, 1.56282, 0.65336, -0.492182, -0.575219, -8.46345, 0.0133453, 0.767189, -0.641282, 5.01274, 0.0, 0.0, 0.0, 1.0]}, "2086a9c97c6541e7a7c76c63e4f1d984_d1_0.png": {"intrinsics": {"fx": 1065.71, "fy": 1065.89, "cx": 632.738, "cy": 512.838}, "camera_to_world_matrix": [0.943689, -0.0351691, -0.328963, 1.57252, -0.328347, 0.0222179, -0.944297, -8.47055, 0.0405185, 0.999135, 0.00942044, 5.04642, 0.0, 0.0, 0.0, 1.0]}, "2086a9c97c6541e7a7c76c63e4f1d984_d1_1.png": {"intrinsics": {"fx": 1065.71, "fy": 1065.89, "cx": 632.738, "cy": 512.838}, "camera_to_world_matrix": [0.186901, -0.0282714, -0.981972, 1.5748, -0.981907, 0.025626, -0.187627, -8.4732, 0.0304681, 0.999272, -0.022969, 5.04653, 0.0, 0.0, 0.0, 1.0]}, "2086a9c97c6541e7a7c76c63e4f1d984_d1_2.png": {"intrinsics": {"fx": 1065.71, "fy": 1065.89, "cx": 632.738, "cy": 512.838}, "camera_to_world_matrix": [-0.757006, -0.021875, -0.653043, 1.57365, -0.653405, 0.0213564, 0.756709, -8.47651, -0.00260671, 0.999533, -0.0304588, 5.04656, 0.0, 0.0, 0.0, 1.0]}, "2086a9c97c6541e7a7c76c63e4f1d984_d1_3.png": {"intrinsics": {"fx": 1065.71, "fy": 1065.89, "cx": 632.738, "cy": 512.838}, "cam