{"02b20a729e84406887ebdbbf7d627370_d0_0.png": {"intrinsics": {"fx": 1074.34, "fy": 1074.88, "cx": 628.711, "cy": 502.836}, "camera_to_world_matrix": [-0.137618, 0.649134, 0.748123, 36.0487, 0.989946, 0.0652135, 0.125518, 7.48864, 0.03269, 0.757874, -0.651581, -2.48259, 0.0, 0.0, 0.0, 1.0]}, "02b20a729e84406887ebdbbf7d627370_d0_1.png": {"intrinsics": {"fx": 1074.34, "fy": 1074.88, "cx": 628.711, "cy": 502.836}, "camera_to_world_matrix": [0.788635, 0.390457, 0.474973, 36.054, 0.613281, -0.554894, -0.562121, 7.50217, 0.0440753, 0.7346, -0.677068, -2.48209, 0.0, 0.0, 0.0, 1.0]}, "02b20a729e84406887ebdbbf7d627370_d0_2.png": {"intrinsics": {"fx": 1074.34, "fy": 1074.88, "cx": 628.711, "cy": 502.836}, "camera_to_world_matrix": [0.926035, -0.276114, -0.257333, 36.0684, -0.376914, -0.640592, -0.669013, 7.5043, 0.0198784, 0.716522, -0.697281, -2.48169, 0.0, 0.0, 0.0, 1.0]}, "02b20a729e84406887ebdbbf7d627370_d0_3.png": {"intrinsics": {"fx": 1074.34, "fy": 1074.88, "cx": 628.711, "cy": 502.836}, "camera_to_world_matrix": [0.13718, -0.683994, -0.716474, 36.0775, -0.990422, -0.106181, -0.0882642, 7.49291, -0.0157034, 0.721719, -0.692008, -2.48179, 0.0, 0.0, 0.0, 1.0]}, "02b20a729e84406887ebdbbf7d627370_d0_4.png": {"intrinsics": {"fx": 1074.34, "fy": 1074.88, "cx": 628.711, "cy": 502.836}, "camera_to_world_matrix": [-0.789059, -0.425293, -0.443298, 36.0721, -0.613721, 0.513917, 0.599364, 7.47938, -0.0270874, 0.744994, -0.666521, -2.48229, 0.0, 0.0, 0.0, 1.0]}, "02b20a729e84406887ebdbbf7d627370_d0_5.png": {"intrinsics": {"fx": 1074.34, "fy": 1074.88, "cx": 628.711, "cy": 502.836}, "camera_to_world_matrix": [-0.926421, 0.241282, 0.289013, 36.0577, 0.37648, 0.599588, 0.706227, 7.47725, -0.00288939, 0.763071, -0.646308, -2.48269, 0.0, 0.0, 0.0, 1.0]}, "02b20a729e84406887ebdbbf7d627370_d1_0.png": {"intrinsics": {"fx": 1074.82, "fy": 1075.73, "cx": 638.427, "cy": 508.386}, "camera_to_world_matrix": [-0.14745, -0.0317585, 0.98856, 36.0588, 0.988555, -0.0369902, 0.146261, 7.48934, 0.0319217, 0.998811, 0.0368501, -2.44906, 0.0, 0.0, 0.0, 1.0]}, "02b20a729e84406887ebdbbf7d627370_d1_1.png": {"intrinsics": {"fx": 1074.82, "fy": 1075.73, "cx": 638.427, "cy": 508.386}, "camera_to_world_matrix": [0.782503, -0.0357136, 0.621624, 36.0601, 0.621117, -0.0252165, -0.783313, 7.49259, 0.0436499, 0.999044, 0.00245129, -2.44894, 0.0, 0.0, 0.0, 1.0]}, "02b20a729e84406887ebdbbf7d627370_d1_2.png": {"intrinsics": {"fx": 1074.82, "fy": 1075.73, "cx": 638.427, "cy": 508.386}, "camera_to_world_matrix": [0.929747, -0.027496, -0.367174, 36.0636, -0.367674, -0.0159116, -0.92982, 7.49311, 0.0197237, 0.999496, -0.0249023, -2.44884, 0.0, 0.0, 0.0, 1.0]}, "02b20a729e84406887ebdbbf7d627370_d1_3.png": {"intrinsics": {"fx": 1074.82, "fy": 1075.73, "cx": 638.427, "cy": 508.386}, "camera_to_world_matrix": [0.147035, -0.0153233, -0.989013, 36.0657, -0.989004, -0.0183804, -0.146749, 7.49037, -0.0159301, 0.999714, -0.0178564, -2.44886, 0.0, 0.0, 0.0, 1.0]}, "02b20a729e84406887ebdbbf7d627370_d1_4.png": {"intrinsics": {"fx": 1074.82, "fy": 1075.73, "cx": 638.427, "cy": 508.386}, "camera_to_world_matrix": [-0.782904, -0.0113686, -0.62204, 36.0645, -0.621529, -0.0301542, 0.782811, 7.48711, -0.0276569, 0.999481, 0.0165428, -2.44898, 0.0, 0.0, 0.0, 1.0]}, "02b20a729e84406887ebdbbf7d627370_d1_5.png": {"intrinsics": {"fx": 1074.82, "fy": 1075.73, "cx": 638.427, "cy": 508.386}, "camera_to_world_matrix": [-0.930109, -0.0195866, 0.366763, 36.061, 0.367267, -0.0394589, 0.929279, 7.4866, -0.00372963, 0.99903, 0.0438955, -2.44908, 0.0, 0.0, 0.0, 1.0]}, "02b20a729e84406887ebdbbf7d627370_d2_0.png": {"intrinsics": {"fx": 1076.91, "fy": 1077.36, "cx": 631.79, "cy": 516.81}, "camera_to_world_matrix": [-0.159742, -0.677495, 0.717972, 36.0471, 0.986506, -0.136035, 0.0911221, 7.4868, 0.0359345, 0.722839, 0.690084, -2.41613, 0.0, 0.0, 0.0, 1.0]}, "02b20a729e84406887ebdbbf7d627370_d2_1.png": {"intrinsics": {"fx": 1076.91, "fy": 1077.36, "cx": 631.79, "cy": 516.81}, "camera_to_world_matrix": [0.774629, -0.447876, 0.446498, 36.0525, 0.630588, 0.493317, -0.599164, 7.50033, 0.0480859, 0.745685, 0.664563, -2.41563, 0.0, 0.0, 0.0, 1.0]}, "02b20a729e84406887ebdbbf7d627370_d2_2.png": {"intrinsics": {"fx": 1076.91, "fy": 1077.36, "cx": 631.79, "cy": 516.81}, "camera_to_world_matrix": [0.934062, 0.212158, -0.287263, 36.0668, -0.356274, 0.608795, -0.708829, 7.50246, 0.0245003, 0.764434, 0.644239, -2.41523, 0.0, 0.0, 0.0, 1.0]}, "02b20a729e84406887ebdbbf7d627370_d2_3.png": {"intrinsics": {"fx": 1076.91, "fy": 1077.36, "cx": 631.79, "cy": 516.81}, "camera_to_world_matrix": [0.159121, 0.642558, -0.749533, 36.0759, -0.987197, 0.0949173, -0.128206, 7.49106, -0.0112361, 0.760336, 0.649435, -2.41533, 0.0, 0.0, 0.0, 1.0]}, "02b20a729e84406887ebdbbf7d627370_d2_4.png": {"intrinsics": {"fx": 1076.91, "fy": 1077.36, "cx": 631.79, "cy": 516.81}, "camera_to_world_matrix": [-0.775235, 0.412915, -0.478032, 36.0705, -0.631242, -0.534426, 0.56207, 7.47754, -0.0233862, 0.737489, 0.674956, -2.41583, 0.0, 0.0, 0.0, 1.0]}, "02b20a729e84406887ebdbbf7d627370_d2_5.png": {"intrinsics": {"fx": 1076.91, "fy": 1077.36, "cx": 631.79, "cy": 516.81}, "camera_to_world_matrix": [-0.93463, -0.247124, 0.255733, 36.0562, 0.355627, -0.649878, 0.671706, 7.47541, 0.000200463, 0.718741, 0.695279, -2.41623, 0.0, 0.0, 0.0, 1.0]}, "0348e31e9f9044f5ac4e4e7f451d83eb_d0_0.png": {"intrinsics": {"fx": 1074.34, "fy": 1074.88, "cx": 628.711, "cy": 502.836}, "camera_to_world_matrix": [0.998236, 0.0379006, 0.0457022, 24.5295, 0.0593295, -0.666216, -0.743396, 18.0359, 0.00227231, 0.744796, -0.667288, 1.50183, 0.0, 0.0, 0.0, 1.0]}, "0348e31e9f9044f5ac4e4e7f451d83eb_d0_1.png": {"intrinsics": {"fx": 1074.34, "fy": 1074.88, "cx": 628.711, "cy": 502.836}, "camera_to_world_matrix": [0.550497, -0.560386, -0.618806, 24.5426, -0.834763, -0.359557, -0.417002, 18.0295, 0.0111857, 0.746114, -0.665724, 1.50179, 0.0, 0.0, 0.0, 1.0]}, "0348e31e9f9044f5ac4e4e7f451d83eb_d0_2.png": {"intrinsics": {"fx": 1074.34, "fy": 1074.88, "cx": 628.711, "cy": 502.836}, "camera_to_world_matrix": [-0.447702, -0.593967, -0.668406, 24.5436, -0.894014, 0.311889, 0.321661, 18.015, 0.0174124, 0.741572, -0.670647, 1.50189, 0.0, 0.0, 0.0, 1.0]}, "0348e31e9f9044f5ac4e4e7f451d83eb_d0_3.png": {"intrinsics": {"fx": 1074.34, "fy": 1074.88, "cx": 628.711, "cy": 502.836}, "camera_to_world_matrix": [-0.99814, -0.0292591, -0.0534968, 24.5315, -0.0591707, 0.676662, 0.733913, 18.0069, 0.0147255, 0.735713, -0.677134, 1.50202, 0.0, 0.0, 0.0, 1.0]}, "0348e31e9f9044f5ac4e4e7f451d83eb_d0_4.png": {"intrinsics": {"fx": 1074.34, "fy": 1074.88, "cx": 628.711, "cy": 502.836}, "camera_to_world_matrix": [-0.550365, 0.569016, 0.610999, 24.5184, 0.834904, 0.36998, 0.407493, 18.0132, 0.00581212, 0.734395, -0.678698, 1.50205, 0.0, 0.0, 0.0, 1.0]}, "0348e31e9f9044f5ac4e4e7f451d83eb_d0_5.png": {"intrinsics": {"fx": 1074.34, "fy": 1074.88, "cx": 628.711, "cy": 502.836}, "camera_to_world_matrix": [0.447836, 0.60257, 0.66057, 24.5174, 0.894116, -0.301467, -0.331172, 18.0278, -0.000414325, 0.738937, -0.673775, 1.50195, 0.0, 0.0, 0.0, 1.0]}, "0348e31e9f9044f5ac4e4e7f451d83eb_d1_0.png": {"intrinsics": {"fx": 1074.82, "fy": 1075.73, "cx": 638.427, "cy": 508.386}, "camera_to_world_matrix": [0.997599, -0.00282166, 0.0692159, 24.5305, 0.069252, 0.0159796, -0.997472, 18.0251, 0.00170822, 0.999869, 0.0161375, 1.53515, 0.0, 0.0, 0.0, 1.0]}, "0348e31e9f9044f5ac4e4e7f451d83eb_d1_1.png": {"intrinsics": {"fx": 1074.82, "fy": 1075.73, "cx": 638.427, "cy": 508.386}, "camera_to_world_matrix": [0.558773, 0.00922784, -0.82927, 24.5336, -0.829254, 0.0189991, -0.55855, 18.0236, 0.0106009, 0.999777, 0.0182693, 1.53514, 0.0, 0.0, 0.0, 1.0]}, "0348e31e9f9044f5ac4e4e7f451d83eb_d1_2.png": {"intrinsics": {"fx": 1074.82, "fy": 1075.73, "cx": 638.427, "cy": 508.386}, "camera_to_world_matrix": [-0.438792, 0.0178679, -0.898412, 24.5339, -0.898431, 0.0100735, 0.439001, 18.0201, 0.0168939, 0.99979, 0.0116338, 1.53516, 0.0, 0.0, 0.0, 1.0]}, "0348e31e9f9044f5ac4e4e7f451d83eb_d1_3.png": {"intrinsics": {"fx": 1074.82, "fy": 1075.73, "cx": 638.427, "cy": 508.386}, "camera_to_world_matrix": [-0.997509, 0.0144582, -0.0690664, 24.531, -0.0691002, -0.00187135, 0.997609, 18.0181, 0.0142942, 0.999894, 0.00286671, 1.53519, 0.0, 0.0, 0.0, 1.0]}, "0348e31e9f9044f5ac4e4e7f451d83eb_d1_4.png": {"intrinsics": {"fx": 1074.82, "fy": 1075.73, "cx": 638.427, "cy": 508.386}, "camera_to_world_matrix": [-0.558648, 0.00240863, 0.829403, 24.5278, 0.829389, -0.00489038, 0.558652, 18.0197, 0.00540141, 0.999986, 0.00073527, 1.5352, 0.0, 0.0, 0.0, 1.0]}, "0348e31e9f9044f5ac4e4e7f451d83eb_d1_5.png": {"intrinsics": {"fx": 1074.82, "fy": 1075.73, "cx": 638.427, "cy": 508.386}, "camera_to_world_matrix": [0.43892, -0.00623108, 0.898506, 24.5276, 0.898527, 0.00403552, -0.438902, 18.0231, -0.000891366, 0.999973, 0.00737101, 1.53518, 0.0, 0.0, 0.0, 1.0]}, "0348e31e9f9044f5ac4e4e7f451d83eb_d2_0.png": {"intrinsics": {"fx": 1076.91, "fy": 1077.36, "cx": 631.79, "cy": 516.81}, "camera_to_world_matrix": [0.99665, -0.059482, 0.0561659, 24.5299, 0.0815894, 0.672493, -0.735594, 18.0364, 0.0059831, 0.73771, 0.675093, 1.56832, 0.0, 0.0, 0.0, 1.0]}, "0348e31e9f9044f5ac4e4e7f451d83eb_d2_1.png": {"intrinsics": {"fx": 1076.91, "fy": 1077.36, "cx": 631.79, "cy": 516.81}, "camera_to_world_matrix": [0.568969, 0.550287, -0.611113, 24.543, -0.822227, 0.394085, -0.410662, 18.03, 0.0148484, 0.736126, 0.676683, 1.56829, 0.0, 0.0, 0.0, 1.0]}, "0348e31e9f9044f5ac4e4e7f451d83eb_d2_2.png": {"intrinsics": {"fx": 1076.91, "fy": 1077.36, "cx": 631.79, "cy": 516.81}, "camera_to_world_matrix": [-0.427622, 0.614075, -0.663366, 24.544, -0.903711, -0.273181, 0.329669, 18.0155, 0.0212226, 0.740463, 0.671764, 1.56839, 0.0, 0.0, 0.0, 1.0]}, "0348e31e9f9044f5ac4e4e7f451d83eb_d2_3.png": {"intrinsics": {"fx": 1076.91, "fy": 1077.36, "cx": 631.79, "cy": 516.81}, "camera_to_world_matrix": [-0.996509, 0.0680922, -0.0483374, 24.5319, -0.0813762, -0.662024, 0.745052, 18.0073, 0.0187313, 0.746383, 0.665255, 1.56852, 0.0, 0.0, 0.0, 1.0]}, "0348e31e9f9044f5ac4e4e7f451d83eb_d2_4.png": {"intrinsics": {"fx": 1076.91, "fy": 1077.36, "cx": 631.79, "cy": 516.81}, "camera_to_world_matrix": [-0.568793, -0.541666, 0.618929, 24.5188, 0.822424, -0.383593, 0.420094, 18.0137, 0.00986601, 0.747967, 0.663664, 1.56855, 0.0, 0.0, 0.0, 1.0]}, "0348e31e9f9044f5ac4e4e7f451d83eb_d2_5.png": {"intrinsics": {"fx": 1076.91, "fy": 1077.36, "cx": 631.79, "cy": 516.81}, "camera_to_world_matrix": [0.427801, -0.605428, 0.671153, 24.5178, 0.903868, 0.283675, -0.320239, 18.0282, 0.00349207, 0.74363, 0.668584, 1.56845, 0.0, 0.0, 0.0, 1.0]}, "054075be204d4fd58f51f17368afd5fd_d0_0.png": {"intrinsics": {"fx": 1074.34, "fy": 1074.88, "cx": 628.711, "cy": 502.836}, "camera_to_world_matrix": [-0.0439508, 0.674531, 0.736937, 15.8334, 0.999031, 0.0277682, 0.0341651, -3.94888, 0.00258192, 0.737724, -0.675097, 1.5124, 0.0, 0.0, 0.0, 1.0]}, "054075be204d4fd58f51f17368afd5fd_d0_1.png": {"intrinsics": {"fx": 1074.34, "fy": 1074.88, "cx": 628.711, "cy": 502.836}, "camera_to_world_matrix": [0.843198, 0.358744, 0.400401, 15.84, 0.5376, -0.565733, -0.625247, -3.93591, 0.00221686, 0.742462, -0.669885, 1.5123, 0.0, 0.0, 0.0, 1.0]}, "054075be204d4fd58f51f17368afd5fd_d0_2.png": {"intrinsics": {"fx": 1074.34, "fy": 1074.88, "cx": 628.711, "cy": 502.836}, "camera_to_world_matrix": [0.88716, -0.31315, -0.338948, 15.8545, -0.461391, -0.588987, -0.663485, -3.93513, 0.00813434, 0.745005, -0.66701, 1.51224, 0.0, 0.0, 0.0, 1.0]}, "054075be204d4fd58f51f17368afd5fd_d0_3.png": {"intrinsics": {"fx": 1074.34, "fy": 1074.88, "cx": 628.711, "cy": 502.836}, "camera_to_world_matrix": [0.0439726, -0.669241, -0.741744, 15.8625, -0.998929, -0.0187395, -0.0423115, -3.94732, 0.0144166, 0.74281, -0.669347, 1.51229, 0.0, 0.0, 0.0, 1.0]}, "054075be204d4fd58f51f17368afd5fd_d0_4.png": {"intrinsics": {"fx": 1074.34, "fy": 1074.88, "cx": 628.711, "cy": 502.836}, "camera_to_world_matrix": [-0.843158, -0.35343, -0.405182, 15.8559, -0.537463, 0.57475, 0.617087, -3.96029, 0.0147814, 0.738072, -0.67456, 1.51239, 0.0, 0.0, 0.0, 1.0]}, "054075be204d4fd58f51f17368afd5fd_d0_5.png": {"intrinsics": {"fx": 1074.34, "fy": 1074.88, "cx": 628.711, "cy": 502.836}, "camera_to_world_matrix": [-0.887081, 0.318465, 0.334168, 15.8414, 0.46153, 0.597977, 0.655297, -3.96107, 0.00886382, 0.73553, -0.677435, 1.51245, 0.0, 0.0, 0.0, 1.0]}, "054075be204d4fd58f51f17368afd5fd_d1_0.png": {"intrinsics": {"fx": 1074.82, "fy": 1075.73, "cx": 638.427, "cy": 508.386}, "camera_to_world_matrix": [-0.0538873, -0.00548286, 0.998533, 15.8446, 0.998546, -0.00242181, 0.0538749, -3.94809, 0.00212261, 0.999983, 0.00560635, 1.54561, 0.0, 0.0, 0.0, 1.0]}, "054075be204d4fd58f51f17368afd5fd_d1_1.png": {"intrinsics": {"fx": 1074.82, "fy": 1075.73, "cx": 638.427, "cy": 508.386}, "camera_to_world_matrix": [0.837811, -0.00831759, 0.545899, 15.8462, 0.545959, 0.00967267, -0.837756, -3.94497, 0.00168755, 0.999919, 0.0126459, 1.54558, 0.0, 0.0, 0.0, 1.0]}, "054075be204d4fd58f51f17368afd5fd_d1_2.png": {"intrinsics": {"fx": 1074.82, "fy": 1075.73, "cx": 638.427, "cy": 508.386}, "camera_to_world_matrix": [0.891708, 0.00073937, -0.452612, 15.8497, -0.45255, 0.0181745, -0.891555, -3.94478, 0.00756654, 0.999835, 0.0165419, 1.54557, 0.0, 0.0, 0.0, 1.0]}, "054075be204d4fd58f51f17368afd5fd_d1_3.png": {"intrinsics": {"fx": 1074.82, "fy": 1075.73, "cx": 638.427, "cy": 508.386}, "camera_to_world_matrix": [0.0539056, 0.0126308, -0.998467, 15.8516, -0.998451, 0.0145816, -0.0537205, -3.94771, 0.0138805, 0.999815, 0.0133982, 1.54558, 0.0, 0.0, 0.0, 1.0]}, "054075be204d4fd58f51f17368afd5fd_d1_4.png": {"intrinsics": {"fx": 1074.82, "fy": 1075.73, "cx": 638.427, "cy": 508.386}, "camera_to_world_matrix": [-0.837775, 0.0154651, -0.545798, 15.85, -0.545829, 0.00248701, 0.837893, -3.95083, 0.0143152, 0.999878, 0.0063587, 1.5456, 0.0, 0.0, 0.0, 1.0]}, "054075be204d4fd58f51f17368afd5fd_d1_5.png": {"intrinsics": {"fx": 1074.82, "fy": 1075.73, "cx": 638.427, "cy": 508.386}, "camera_to_world_matrix": [-0.891633, 0.0064078, 0.452715, 15.8465, 0.452682, -0.00601444, 0.891652, -3.95102, 0.00843609, 0.999962, 0.00246293, 1.54562, 0.0, 0.0, 0.0, 1.0]}, "054075be204d4fd58f51f17368afd5fd_d2_0.png": {"intrinsics": {"fx": 1076.91, "fy": 1077.36, "cx": 631.79, "cy": 516.81}, "camera_to_world_matrix": [-0.0661921, -0.665515, 0.743444, 15.8337, 0.997787, -0.0490225, 0.0449541, -3.94848, 0.00652752, 0.744773, 0.667288, 1.5789, 0.0, 0.0, 0.0, 1.0]}, "054075be204d4fd58f51f17368afd5fd_d2_1.png": {"intrinsics": {"fx": 1076.91, "fy": 1077.36, "cx": 631.79, "cy": 516.81}, "camera_to_world_matrix": [0.830986, -0.3778, 0.408328, 15.8403, 0.556263, 0.556394, -0.61725, -3.93551, 0.00600563, 0.740063, 0.672512, 1.5788, 0.0, 0.0, 0.0, 1.0]}, "054075be204d4fd58f51f17368afd5fd_d2_2.png": {"intrinsics": {"fx": 1076.91, "fy": 1077.36, "cx": 631.79, "cy": 516.81}, "camera_to_world_matrix": [0.897204, 0.290376, -0.332729, 15.8548, -0.441461, 0.609916, -0.658115, -3.93472, 0.0118358, 0.73735, 0.675409, 1.57874, 0.0, 0.0, 0.0, 1.0]}, "054075be204d4fd58f51f17368afd5fd_d2_3.png": {"intrinsics": {"fx": 1076.91, "fy": 1077.36, "cx": 631.79, "cy": 516.81}, "camera_to_world_matrix": [0.0662416, 0.670822, -0.738655, 15.8627, -0.997639, 0.0580209, -0.0367748, -3.94691, 0.0181878, 0.739346, 0.673082, 1.57879, 0.0, 0.0, 0.0, 1.0]}, "054075be204d4fd58f51f17368afd5fd_d2_4.png": {"intrinsics": {"fx": 1076.91, "fy": 1077.36, "cx": 631.79, "cy": 516.81}, "camera_to_world_matrix": [-0.83092, 0.383083, -0.403513, 15.8561, -0.55608, -0.547384, 0.625417, -3.95989, 0.0187094, 0.744056, 0.667858, 1.57889, 0.0, 0.0, 0.0, 1.0]}, "054075be204d4fd58f51f17368afd5fd_d2_5.png": {"intrinsics": {"fx": 1076.91, "fy": 1077.36, "cx": 631.79, "cy": 516.81}, "camera_to_world_matrix": [-0.897098, -0.285095, 0.337546, 15.8416, 0.441647, -0.60088, 0.666252, -3.96067, 0.0128791, 0.746769, 0.664961, 1.57894, 0.0, 0.0, 0.0, 1.0]}, "074c5b0962df4968bb729730c552bf46_d0_0.png": {"intrinsics": {"fx": 1074.34, "fy": 1074.88, "cx": 628.711, "cy": 502.836}, "camera_to_world_matrix": [0.557159, 0.557646, 0.61531, 39.2369, 0.830406, -0.374017, -0.412962, 5.68553, -0.000150288, 0.741042, -0.671459, 1.50296, 0.0, 0.0, 0.0, 1.0]}, "074c5b0962df4968bb729730c552bf46_d0_1.png": {"intrinsics": {"fx": 1074.34, "fy": 1074.88, "cx": 628.711, "cy": 502.836}, "camera_to_world_matrix": [0.997722, -0.0486296, -0.0467646, 39.2499, -0.0672727, -0.664528, -0.74423, 5.69207, 0.00511507, 0.74568, -0.666285, 1.50286, 0.0, 0.0, 0.0, 1.0]}, "074c5b0962df4968bb729730c552bf46_d0_2.png": {"intrinsics": {"fx": 1074.34, "fy": 1074.88, "cx": 628.711, "cy": 502.836}, "camera_to_world_matrix": [0.440574, -0.603374, -0.664707, 39.2621, -0.897611, -0.284731, -0.336486, 5.68408, 0.0137646, 0.744895, -0.66704, 1.50288, 0.0, 0.0, 0.0, 1.0]}, "074c5b0962df4968bb729730c552bf46_d0_3.png": {"intrinsics": {"fx": 1074.34, "fy": 1074.88, "cx": 628.711, "cy": 502.836}, "camera_to_world_matrix": [-0.557125, -0.551831, -0.620561, 39.2612, -0.830252, 0.385569, 0.402515, 5.66956, 0.0171484, 0.739473, -0.672968, 1.50299, 0.0, 0.0, 0.0, 1.0]}, "074c5b0962df4968bb729730c552bf46_d0_4.png": {"intrinsics": {"fx": 1074.34, "fy": 1074.88, "cx": 628.711, "cy": 502.836}, "camera_to_world_matrix": [-0.997653, 0.0544557, 0.0415268, 39.2482, 0.067444, 0.676057, 0.733757, 5.66302, 0.0118828, 0.734835, -0.678142, 1.5031, 0.0, 0.0, 0.0, 1.0]}, "074c5b0962df4968bb729730c552bf46_d0_5.png": {"intrinsics": {"fx": 1074.34, "fy": 1074.88, "cx": 628.711, "cy": 502.836}, "camera_to_world_matrix": [-0.440472, 0.609186, 0.659453, 39.2361, 0.897761, 0.296238, 0.32599, 5.67101, 0.00323337, 0.73562, -0.677387, 1.50308, 0.0, 0.0, 0.0, 1.0]}, "074c5b0962df4968bb729730c552bf46_d1_0.png": {"intrinsics": {"fx": 1074.82, "fy": 1075.73, "cx": 638.427, "cy": 508.386}, "camera_to_world_matrix": [0.548873, -0.00841746, 0.835865, 39.2463, 0.835907, 0.00631441, -0.548836, 5.67973, -0.000658453, 0.999945, 0.010503, 1.53622, 0.0, 0.0, 0.0, 1.0]}, "074c5b0962df4968bb729730c552bf46_d1_1.png": {"intrinsics": {"fx": 1074.82, "fy": 1075.73, "cx": 638.427, "cy": 508.386}, "camera_to_world_matrix": [0.998345, -0.003526, -0.0574208, 39.2494, -0.05735, 0.0177327, -0.998197, 5.6813, 0.00453761, 0.999837, 0.0175021, 1.5362, 0.0, 0.0, 0.0, 1.0]}, "074c5b0962df4968bb729730c552bf46_d1_2.png": {"intrinsics": {"fx": 1074.82, "fy": 1075.73, "cx": 638.427, "cy": 508.386}, "camera_to_world_matrix": [0.449481, 0.00880866, -0.893247, 39.2523, -0.893194, 0.0192054, -0.449265, 5.67938, 0.0131975, 0.999777, 0.0165013, 1.5362, 0.0, 0.0, 0.0, 1.0]}, "074c5b0962df4968bb729730c552bf46_d1_3.png": {"intrinsics": {"fx": 1074.82, "fy": 1075.73, "cx": 638.427, "cy": 508.386}, "camera_to_world_matrix": [-0.548842, 0.0162516, -0.835769, 39.2521, -0.835761, 0.00925972, 0.549017, 5.67588, 0.0166611, 0.999826, 0.00850127, 1.53623, 0.0, 0.0, 0.0, 1.0]}, "074c5b0962df4968bb729730c552bf46_d1_4.png": {"intrinsics": {"fx": 1074.82, "fy": 1075.73, "cx": 638.427, "cy": 508.386}, "camera_to_world_matrix": [-0.99828, 0.0113597, 0.0575342, 39.249, 0.0575136, -0.00215842, 0.998343, 5.67431, 0.0114648, 0.999934, 0.00150233, 1.53626, 0.0, 0.0, 0.0, 1.0]}, "074c5b0962df4968bb729730c552bf46_d1_5.png": {"intrinsics": {"fx": 1074.82, "fy": 1075.73, "cx": 638.427, "cy": 508.386}, "camera_to_world_matrix": [-0.449384, -0.000975038, 0.893339, 39.2461, 0.893336, -0.00363061, 0.449378, 5.67623, 0.00280494, 0.999994, 0.00250352, 1.53625, 0.0, 0.0, 0.0, 1.0]}, "074c5b0962df4968bb729730c552bf46_d2_0.png": {"intrinsics": {"fx": 1076.91, "fy": 1077.36, "cx": 631.79, "cy": 516.81}, "camera_to_world_matrix": [0.538504, -0.566799, 0.623502, 39.2372, 0.842616, 0.358988, -0.401406, 5.68605, 0.00368629, 0.741531, 0.670911, 1.56946, 0.0, 0.0, 0.0, 1.0]}, "074c5b0962df4968bb729730c552bf46_d2_1.png": {"intrinsics": {"fx": 1076.91, "fy": 1077.36, "cx": 631.79, "cy": 516.81}, "camera_to_world_matrix": [0.99895, 0.0239428, -0.0390858, 39.2502, -0.044985, 0.675742, -0.735764, 5.69259, 0.00879533, 0.736749, 0.676111, 1.56936, 0.0, 0.0, 0.0, 1.0]}, "074c5b0962df4968bb729730c552bf46_d2_2.png": {"intrinsics": {"fx": 1076.91, "fy": 1077.36, "cx": 631.79, "cy": 516.81}, "camera_to_world_matrix": [0.460472, 0.593648, -0.659961, 39.2623, -0.887504, 0.322518, -0.329122, 5.6846, 0.0174665, 0.737269, 0.675376, 1.56937, 0.0, 0.0, 0.0, 1.0]}, "074c5b0962df4968bb729730c552bf46_d2_3.png": {"intrinsics": {"fx": 1076.91, "fy": 1077.36, "cx": 631.79, "cy": 516.81}, "camera_to_world_matrix": [-0.538441, 0.572599, -0.618235, 39.2615, -0.842403, -0.347452, 0.411869, 5.67008, 0.0210285, 0.742569, 0.669441, 1.56949, 0.0, 0.0, 0.0, 1.0]}, "074c5b0962df4968bb729730c552bf46_d2_4.png": {"intrinsics": {"fx": 1076.91, "fy": 1077.36, "cx": 631.79, "cy": 516.81}, "camera_to_world_matrix": [-0.998852, -0.018155, 0.0443655, 39.2485, 0.0452165, -0.664183, 0.746202, 5.66354, 0.0159192, 0.74735, 0.664242, 1.56959, 0.0, 0.0, 0.0, 1.0]}, "074c5b0962df4968bb729730c552bf46_d2_5.png": {"intrinsics": {"fx": 1076.91, "fy": 1077.36, "cx": 631.79, "cy": 516.81}, "camera_to_world_matrix": [-0.46034, -0.587846, 0.665225, 39.2363, 0.887715, -0.310937, 0.339535, 5.67153, 0.00724803, 0.74683, 0.664977, 1.56958, 0.0, 0.0, 0.0, 1.0]}, "0871e41cf2a745cdb6a50fbda8d2387b_d0_0.png": {"intrinsics": {"fx": 1074.34, "fy": 1074.88, "cx": 628.711, "cy": 502.836}, "camera_to_world_matrix": [-0.366314, -0.628063, -0.686551, 39.0721, -0.930483, 0.250361, 0.267433, 8.04899, 0.00392078, 0.736788, -0.676112, -2.44251, 0.0, 0.0, 0.0, 1.0]}, "0871e41cf2a745cdb6a50fbda8d2387b_d0_1.png": {"intrinsics": {"fx": 1074.34, "fy": 1074.88, "cx": 628.711, "cy": 502.836}, "camera_to_world_matrix": [-0.988982, -0.0981283, -0.110847, 39.0608, -0.148031, 0.664049, 0.732889, 8.03982, 0.00169049, 0.741222, -0.671258, -2.44261, 0.0, 0.0, 0.0, 1.0]}, "0871e41cf2a745cdb6a50fbda8d2387b_d0_2.png": {"intrinsics": {"fx": 1074.34, "fy": 1074.88, "cx": 628.711, "cy": 502.836}, "camera_to_world_matrix": [-0.622701, 0.5251, 0.580098, 39.0472, 0.782435, 0.411934, 0.467018, 8.04502, 0.00626912, 0.744702, -0.667368, -2.44269, 0.0, 0.0, 0.0, 1.0]}, "0871e41cf2a745cdb6a50fbda8d2387b_d0_3.png": {"intrinsics": {"fx": 1074.34, "fy": 1074.88, "cx": 628.711, "cy": 502.836}, "camera_to_world_matrix": [0.366239, 0.61838, 0.695324, 39.0449, 0.930429, -0.253863, -0.264302, 8.05939, 0.0130778, 0.743747, -0.668333, -2.44267, 0.0, 0.0, 0.0, 1.0]}, "0871e41cf2a745cdb6a50fbda8d2387b_d0_4.png": {"intrinsics": {"fx": 1074.34, "fy": 1074.88, "cx": 628.711, "cy": 502.836}, "camera_to_world_matrix": [0.988876, 0.0884294, 0.119602, 39.0562, 0.147953, -0.667531, -0.729736, 8.06856, 0.0153079, 0.739313, -0.673188, -2.44257, 0.0, 0.0, 0.0, 1.0]}, "0871e41cf2a745cdb6a50fbda8d2387b_d0_5.png": {"intrinsics": {"fx": 1074.34, "fy": 1074.88, "cx": 628.711, "cy": 502.836}, "camera_to_world_matrix": [0.622559, -0.53479, -0.571333, 39.0698, -0.7825, -0.415391, -0.463838, 8.06336, 0.0107291, 0.735834, -0.677077, -2.4425, 0.0, 0.0, 0.0, 1.0]}, "0871e41cf2a745cdb6a50fbda8d2387b_d1_0.png": {"intrinsics": {"fx": 1074.82, "fy": 1075.73, "cx": 638.427, "cy": 508.386}, "camera_to_world_matrix": [-0.357039, 0.00519947, -0.934076, 39.0615, -0.934084, 0.00173319, 0.357052, 8.05286, 0.00347514, 0.999986, 0.00423887, -2.40932, 0.0, 0.0, 0.0, 1.0]}, "0871e41cf2a745cdb6a50fbda8d2387b_d1_1.png": {"intrinsics": {"fx": 1074.82, "fy": 1075.73, "cx": 638.427, "cy": 508.386}, "camera_to_world_matrix": [-0.987462, 0.00286831, -0.157839, 39.0588, -0.15786, -0.0104685, 0.987406, 8.05066, 0.00117959, 0.999942, 0.0107909, -2.40935, 0.0, 0.0, 0.0, 1.0]}, "0871e41cf2a745cdb6a50fbda8d2387b_d1_2.png": {"intrinsics": {"fx": 1074.82, "fy": 1075.73, "cx": 638.427, "cy": 508.386}, "camera_to_world_matrix": [-0.630452, -0.00886409, 0.776178, 39.0555, 0.776208, -0.0145501, 0.63031, 8.05191, 0.00570607, 0.999856, 0.0160545, -2.40936, 0.0, 0.0, 0.0, 1.0]}, "0871e41cf2a745cdb6a50fbda8d2387b_d1_3.png": {"intrinsics": {"fx": 1074.82, "fy": 1075.73, "cx": 638.427, "cy": 508.386}, "camera_to_world_matrix": [0.356971, -0.0182651, 0.933938, 39.055, 0.934032, -0.00642998, -0.357133, 8.05536, 0.012528, 0.999813, 0.0147658, -2.40936, 0.0, 0.0, 0.0, 1.0]}, "0871e41cf2a745cdb6a50fbda8d2387b_d1_4.png": {"intrinsics": {"fx": 1074.82, "fy": 1075.73, "cx": 638.427, "cy": 508.386}, "camera_to_world_matrix": [0.987364, -0.0159334, 0.157676, 39.0577, 0.157784, 0.00577158, -0.987457, 8.05757, 0.0148233, 0.999857, 0.00821364, -2.40934, 0.0, 0.0, 0.0, 1.0]}, "0871e41cf2a745cdb6a50fbda8d2387b_d1_5.png": {"intrinsics": {"fx": 1074.82, "fy": 1075.73, "cx": 638.427, "cy": 508.386}, "camera_to_world_matrix": [0.630317, -0.00420087, -0.776327, 39.061, -0.776271, 0.00985274, -0.630324, 8.05632, 0.0102966, 0.999943, 0.0029503, -2.40932, 0.0, 0.0, 0.0, 1.0]}, "0871e41cf2a745cdb6a50fbda8d2387b_d2_0.png": {"intrinsics": {"fx": 1076.91, "fy": 1077.36, "cx": 631.79, "cy": 516.81}, "camera_to_world_matrix": [-0.345494, 0.627297, -0.69795, 39.0716, -0.938389, -0.224681, 0.262576, 8.04884, 0.00789678, 0.745666, 0.666275, -2.37602, 0.0, 0.0, 0.0, 1.0]}, "0871e41cf2a745cdb6a50fbda8d2387b_d2_1.png": {"intrinsics": {"fx": 1076.91, "fy": 1077.36, "cx": 631.79, "cy": 516.81}, "camera_to_world_matrix": [-0.985423, 0.118158, -0.122407, 39.0603, -0.170042, -0.660674, 0.731161, 8.03967, 0.00552064, 0.741316, 0.671136, -2.37611, 0.0, 0.0, 0.0, 1.0]}, "0871e41cf2a745cdb6a50fbda8d2387b_d2_2.png": {"intrinsics": {"fx": 1076.91, "fy": 1077.36, "cx": 631.79, "cy": 516.81}, "camera_to_world_matrix": [-0.639988, -0.51399, 0.571167, 39.0467, 0.768322, -0.437721, 0.466994, 8.04486, 0.00998158, 0.737709, 0.675046, -2.37619, 0.0, 0.0, 0.0, 1.0]}, "0871e41cf2a745cdb6a50fbda8d2387b_d2_3.png": {"intrinsics": {"fx": 1076.91, "fy": 1077.36, "cx": 631.79, "cy": 516.81}, "camera_to_world_matrix": [0.345369, -0.636984, 0.689183, 39.0444, 0.938318, 0.221219, -0.265752, 8.05923, 0.0168186, 0.738454, 0.674096, -2.37617, 0.0, 0.0, 0.0, 1.0]}, "0871e41cf2a745cdb6a50fbda8d2387b_d2_4.png": {"intrinsics": {"fx": 1076.91, "fy": 1077.36, "cx": 631.79, "cy": 516.81}, "camera_to_world_matrix": [0.985268, -0.127828, 0.113622, 39.0557, 0.169945, 0.657193, -0.734314, 8.0684, 0.0191945, 0.742804, 0.669235, -2.37607, 0.0, 0.0, 0.0, 1.0]}, "0871e41cf2a745cdb6a50fbda8d2387b_d2_5.png": {"intrinsics": {"fx": 1076.91, "fy": 1077.36, "cx": 631.79, "cy": 516.81}, "camera_to_world_matrix": [0.639796, 0.50431, -0.579942, 39.0693, -0.768406, 0.434215, -0.47012, 8.0632, 0.0147333, 0.74641, 0.665325, -2.376, 0.0, 0.0, 0.0, 1.0]}, "08a23021dcc74d6fa13548811fba32f9_d0_0.png": {"intrinsics": {"fx": 1074.34, "fy": 1074.88, "cx": 628.711, "cy": 502.836}, "camera_to_world_matrix": [0.956397, 0.190924, 0.22103, 21.7789, 0.292008, -0.640867, -0.709945, 15.7597, 0.00610568, 0.743531, -0.668674, 1.52311, 0.0, 0.0, 0.0, 1.0]}, "08a23021dcc74d6fa13548811fba32f9_d0_1.png": {"intrinsics": {"fx": 1074.34, "fy": 1074.88, "cx": 628.711, "cy": 502.836}, "camera_to_world_matrix": [0.731048, -0.462637, -0.501535, 21.7931, -0.68223, -0.483236, -0.548676, 15.7565, 0.0114778, 0.74327, -0.668893, 1.52312, 0.0, 0.0, 0.0, 1.0]}, "08a23021dcc74d6fa13548811fba32f9_d0_2.png": {"intrinsics": {"fx": 1074.34, "fy": 1074.88, "cx": 628.711, "cy": 502.836}, "camera_to_world_matrix": [-0.225358, -0.652897, -0.723146, 21.7975, -0.974178, 0.161573, 0.157711, 15.7426, 0.0138714, 0.740014, -0.672449, 1.52319, 0.0, 0.0, 0.0, 1.0]}, "08a23021dcc74d6fa13548811fba32f9_d0_3.png": {"intrinsics": {"fx": 1074.34, "fy": 1074.88, "cx": 628.711, "cy": 502.836}, "camera_to_world_matrix": [-0.956393, -0.189593, -0.222188, 21.7876, -0.291881, 0.648736, 0.702814, 15.7319, 0.0108927, 0.737019, -0.675785, 1.52325, 0.0, 0.0, 0.0, 1.0]}, "08a23021dcc74d6fa13548811fba32f9_d0_4.png": {"intrinsics": {"fx": 1074.34, "fy": 1074.88, "cx": 628.711, "cy": 502.836}, "camera_to_world_matrix": [-0.731006, 0.463961, 0.500371, 21.7734, 0.682349, 0.49108, 0.541517, 15.7351, 0.00552064, 0.73728, -0.675566, 1.52325, 0.0, 0.0, 0.0, 1.0]}, "08a23021dcc74d6fa13548811fba32f9_d0_5.png": {"intrinsics": {"fx": 1074.34, "fy": 1074.88, "cx": 628.711, "cy": 502.836}, "camera_to_world_matrix": [0.225411, 0.654196, 0.721954, 21.769, 0.974259, -0.153736, -0.164879, 15.7489, 0.00312727, 0.740536, -0.67201, 1.52318, 0.0, 0.0, 0.0, 1.0]}, "08a23021dcc74d6fa13548811fba32f9_d1_0.png": {"intrinsics": {"fx": 1074.82, "fy": 1075.73, "cx": 638.427, "cy": 508.386}, "camera_to_world_matrix": [0.953449, -0.00961234, 0.301404, 21.7822, 0.301505, 0.0119573, -0.95339, 15.7493, 0.00556007, 0.999883, 0.0142998, 1.55642, 0.0, 0.0, 0.0, 1.0]}, "08a23021dcc74d6fa13548811fba32f9_d1_1.png": {"intrinsics": {"fx": 1074.82, "fy": 1075.73, "cx": 638.427, "cy": 508.386}, "camera_to_world_matrix": [0.737801, 0.00139175, -0.675017, 21.7856, -0.674931, 0.0177214, -0.737669, 15.7485, 0.0109353, 0.999843, 0.0140151, 1.55642, 0.0, 0.0, 0.0, 1.0]}, "08a23021dcc74d6fa13548811fba32f9_d1_2.png": {"intrinsics": {"fx": 1074.82, "fy": 1075.73, "cx": 638.427, "cy": 508.386}, "camera_to_world_matrix": [-0.215658, 0.0118857, -0.976397, 21.7867, -0.976379, 0.0110736, 0.215788, 15.7452, 0.0133767, 0.999869, 0.00921776, 1.55643, 0.0, 0.0, 0.0, 1.0]}, "08a23021dcc74d6fa13548811fba32f9_d1_3.png": {"intrinsics": {"fx": 1074.82, "fy": 1075.73, "cx": 638.427, "cy": 508.386}, "camera_to_world_matrix": [-0.953447, 0.0113753, -0.30135, 21.7843, -0.301383, -0.00133817, 0.953503, 15.7426, 0.0104428, 0.999935, 0.00470514, 1.55645, 0.0, 0.0, 0.0, 1.0]}, "08a23021dcc74d6fa13548811fba32f9_d1_4.png": {"intrinsics": {"fx": 1074.82, "fy": 1075.73, "cx": 638.427, "cy": 508.386}, "camera_to_world_matrix": [-0.737761, 0.000370946, 0.675063, 21.7809, 0.675045, -0.00710183, 0.737744, 15.7434, 0.00506758, 0.999975, 0.00499, 1.55645, 0.0, 0.0, 0.0, 1.0]}, "08a23021dcc74d6fa13548811fba32f9_d1_5.png": {"intrinsics": {"fx": 1074.82, "fy": 1075.73, "cx": 638.427, "cy": 508.386}, "camera_to_world_matrix": [0.21571, -0.0101227, 0.976406, 21.7799, 0.976455, -0.000453614, -0.215725, 15.7467, 0.00262637, 0.999949, 0.00978747, 1.55643, 0.0, 0.0, 0.0, 1.0]}, "08a23021dcc74d6fa13548811fba32f9_d2_0.png": {"intrinsics": {"fx": 1076.91, "fy": 1077.36, "cx": 631.79, "cy": 516.81}, "camera_to_world_matrix": [0.949617, -0.217998, 0.225183, 21.7789, 0.313263, 0.637583, -0.703815, 15.76, 0.0098573, 0.738895, 0.67375, 1.58961, 0.0, 0.0, 0.0, 1.0]}, "08a23021dcc74d6fa13548811fba32f9_d2_1.png": {"intrinsics": {"fx": 1076.91, "fy": 1077.36, "cx": 631.79, "cy": 516.81}, "camera_to_world_matrix": [0.746049, 0.440091, -0.499731, 21.7931, -0.665718, 0.51011, -0.544619, 15.7569, 0.0152354, 0.738992, 0.673544, 1.58962, 0.0, 0.0, 0.0, 1.0]}, "08a23021dcc74d6fa13548811fba32f9_d2_2.png": {"intrinsics": {"fx": 1076.91, "fy": 1077.36, "cx": 631.79, "cy": 516.81}, "camera_to_world_matrix": [-0.203573, 0.658734, -0.724313, 21.7975, -0.978901, -0.123544, 0.162767, 15.743, 0.0177357, 0.742164, 0.669986, 1.58969, 0.0, 0.0, 0.0, 1.0]}, "08a23021dcc74d6fa13548811fba32f9_d2_3.png": {"intrinsics": {"fx": 1076.91, "fy": 1077.36, "cx": 631.79, "cy": 516.81}, "camera_to_world_matrix": [-0.949607, 0.219282, -0.223974, 21.7877, -0.313095, -0.62971, 0.710942, 15.7323, 0.0148579, 0.745239, 0.666634, 1.58975, 0.0, 0.0, 0.0, 1.0]}, "08a23021dcc74d6fa13548811fba32f9_d2_4.png": {"intrinsics": {"fx": 1076.91, "fy": 1077.36, "cx": 631.79, "cy": 516.81}, "camera_to_world_matrix": [-0.746002, -0.438802, 0.500934, 21.7735, 0.665879, -0.502211, 0.551717, 15.7354, 0.00947981, 0.745142, 0.66684, 1.58975, 0.0, 0.0, 0.0, 1.0]}, "08a23021dcc74d6fa13548811fba32f9_d2_5.png": {"intrinsics": {"fx": 1076.91, "fy": 1077.36, "cx": 631.79, "cy": 516.81}, "camera_to_world_matrix": [0.203634, -0.65742, 0.725488, 21.7691, 0.979024, 0.131451, -0.155678, 15.7493, 0.00697967, 0.74197, 0.670398, 1.58968, 0.0, 0.0, 0.0, 1.0]}, "097c1697dd3e4b39839479cbfb767e14_d0_0.png": {"intrinsics": {"fx": 1074.34, "fy": 1074.88, "cx": 628.711, "cy": 502.836}, "camera_to_world_matrix": [-0.240662, -0.658749, -0.712834, 21.1933, -0.970603, 0.160782, 0.179106, 16.8373, -0.00337442, 0.734983, -0.678078, -2.80814, 0.0, 0.0, 0.0, 1.0]}, "097c1697dd3e4b39839479cbfb767e14_d0_1.png": {"intrinsics": {"fx": 1074.34, "fy": 1074.88, "cx": 628.711, "cy": 502.836}, "camera_to_world_matrix": [-0.960889, -0.187903, -0.203433, 21.1833, -0.276901, 0.640574, 0.716234, 16.8267, -0.00426848, 0.744552, -0.667551, -2.80835, 0.0, 0.0, 0.0, 1.0]}, "097c1697dd3e4b39839479cbfb767e14_d0_2.png": {"intrinsics": {"fx": 1074.34, "fy": 1074.88, "cx": 628.711, "cy": 502.836}, "camera_to_world_matrix": [-0.720295, 0.463068, 0.516473, 21.1691, 0.693627, 0.472651, 0.543584, 16.8301, 0.00760483, 0.74978, -0.661644, -2.80847, 0.0, 0.0, 0.0, 1.0]}, "097c1697dd3e4b39839479cbfb767e14_d0_3.png": {"intrinsics": {"fx": 1074.34, "fy": 1074.88, "cx": 628.711, "cy": 502.836}, "camera_to_world_matrix": [0.240521, 0.643177, 0.726962, 21.165, 0.97043, -0.17506, -0.166191, 16.844, 0.0203718, 0.745438, -0.666264, -2.80838, 0.0, 0.0, 0.0, 1.0]}, "097c1697dd3e4b39839479cbfb767e14_d0_4.png": {"intrinsics": {"fx": 1074.34, "fy": 1074.88, "cx": 628.711, "cy": 502.836}, "camera_to_world_matrix": [0.960722, 0.172312, 0.21754, 21.175, 0.2767, -0.654834, -0.7033, 16.8546, 0.0212653, 0.735868, -0.676791, -2.80817, 0.0, 0.0, 0.0, 1.0]}, "097c1697dd3e4b39839479cbfb767e14_d0_5.png": {"intrinsics": {"fx": 1074.34, "fy": 1074.88, "cx": 628.711, "cy": 502.836}, "camera_to_world_matrix": [0.720089, -0.478652, -0.50236, 21.1891, -0.693819, -0.486885, -0.530622, 16.8512, 0.00939175, 0.730641, -0.682698, -2.80805, 0.0, 0.0, 0.0, 1.0]}, "097c1697dd3e4b39839479cbfb767e14_d1_0.png": {"intrinsics": {"fx": 1074.82, "fy": 1075.73, "cx": 638.427, "cy": 508.386}, "camera_to_world_matrix": [-0.230993, 0.0005801, -0.972956, 21.1822, -0.972949, -0.00403603, 0.230988, 16.8395, -0.00379315, 0.999992, 0.00149766, -2.77499, 0.0, 0.0, 0.0, 1.0]}, "097c1697dd3e4b39839479cbfb767e14_d1_1.png": {"intrinsics": {"fx": 1074.82, "fy": 1075.73, "cx": 638.427, "cy": 508.386}, "camera_to_world_matrix": [-0.958087, -0.000124479, -0.286482, 21.1798, -0.286441, -0.0164378, 0.957957, 16.837, -0.00482863, 0.999865, 0.0157141, -2.77503, 0.0, 0.0, 0.0, 1.0]}, "097c1697dd3e4b39839479cbfb767e14_d1_2.png": {"intrinsics": {"fx": 1074.82, "fy": 1075.73, "cx": 638.427, "cy": 508.386}, "camera_to_world_matrix": [-0.727157, -0.0112171, 0.686381, 21.1764, 0.686438, -0.0220273, 0.726856, 16.8378, 0.00696565, 0.999695, 0.023718, -2.77506, 0.0, 0.0, 0.0, 1.0]}, "097c1697dd3e4b39839479cbfb767e14_d1_3.png": {"intrinsics": {"fx": 1074.82, "fy": 1075.73, "cx": 638.427, "cy": 508.386}, "camera_to_world_matrix": [0.230862, -0.0216048, 0.972747, 21.1754, 0.972786, -0.0152148, -0.231209, 16.8412, 0.0197951, 0.999651, 0.0175053, -2.77504, 0.0, 0.0, 0.0, 1.0]}, "097c1697dd3e4b39839479cbfb767e14_d1_4.png": {"intrinsics": {"fx": 1074.82, "fy": 1075.73, "cx": 638.427, "cy": 508.386}, "camera_to_world_matrix": [0.95793, -0.0208997, 0.286244, 21.1778, 0.286249, -0.00281309, -0.958152, 16.8437, 0.0208301, 0.999778, 0.00328875, -2.77499, 0.0, 0.0, 0.0, 1.0]}, "097c1697dd3e4b39839479cbfb767e14_d1_5.png": {"intrinsics": {"fx": 1074.82, "fy": 1075.73, "cx": 638.427, "cy": 508.386}, "camera_to_world_matrix": [0.726962, -0.00980694, -0.686609, 21.1812, -0.68662, 0.00277593, -0.727012, 16.8429, 0.00903548, 0.999949, -0.00471468, -2.77496, 0.0, 0.0, 0.0, 1.0]}, "097c1697dd3e4b39839479cbfb767e14_d2_0.png": {"intrinsics": {"fx": 1076.91, "fy": 1077.36, "cx": 631.79, "cy": 516.81}, "camera_to_world_matrix": [-0.219, 0.648166, -0.729329, 21.1926, -0.975726, -0.144971, 0.164148, 16.8367, 0.000662862, 0.747572, 0.664182, -2.74165, 0.0, 0.0, 0.0, 1.0]}, "097c1697dd3e4b39839479cbfb767e14_d2_1.png": {"intrinsics": {"fx": 1076.91, "fy": 1077.36, "cx": 631.79, "cy": 516.81}, "camera_to_world_matrix": [-0.954481, 0.20087, -0.220499, 21.1826, -0.298276, -0.644138, 0.704357, 16.8261, -0.000547987, 0.738064, 0.674733, -2.74186, 0.0, 0.0, 0.0, 1.0]}, "097c1697dd3e4b39839479cbfb767e14_d2_2.png": {"intrinsics": {"fx": 1076.91, "fy": 1077.36, "cx": 631.79, "cy": 516.81}, "camera_to_world_matrix": [-0.735589, -0.455102, 0.501788, 21.1684, 0.677338, -0.506296, 0.533742, 16.8294, 0.0111461, 0.732494, 0.680684, -2.74197, 0.0, 0.0, 0.0, 1.0]}, "097c1697dd3e4b39839479cbfb767e14_d2_3.png": {"intrinsics": {"fx": 1076.91, "fy": 1077.36, "cx": 631.79, "cy": 516.81}, "camera_to_world_matrix": [0.218778, -0.663764, 0.715231, 21.1643, 0.97548, 0.13071, -0.177079, 16.8434, 0.0240507, 0.736433, 0.676085, -2.74188, 0.0, 0.0, 0.0, 1.0]}, "097c1697dd3e4b39839479cbfb767e14_d2_4.png": {"intrinsics": {"fx": 1076.91, "fy": 1077.36, "cx": 631.79, "cy": 516.81}, "camera_to_world_matrix": [0.954233, -0.216448, 0.20638, 21.1743, 0.298, 0.629859, -0.717268, 16.854, 0.025261, 0.745941, 0.665534, -2.74168, 0.0, 0.0, 0.0, 1.0]}, "097c1697dd3e4b39839479cbfb767e14_d2_5.png": {"intrinsics": {"fx": 1076.91, "fy": 1077.36, "cx": 631.79, "cy": 516.81}, "camera_to_world_matrix": [0.735303, 0.439519, -0.515901, 21.1884, -0.677605, 0.491991, -0.546625, 16.8506, 0.0135666, 0.751511, 0.659583, -2.74156, 0.0, 0.0, 0.0, 1.0]}, "0ab628f228a14756b3e4c22b539a7d29_d0_0.png": {"intrinsics": {"fx": 1074.34, "fy": 1074.88, "cx": 628.711, "cy": 502.836}, "camera_to_world_matrix": [0.908391, 0.270038, 0.319229, -3.98539, 0.41797, -0.607131, -0.675791, -4.40093, 0.0113241, 0.74731, -0.664379, 1.54982, 0.0, 0.0, 0.0, 1.0]}, "0ab628f228a14756b3e4c22b539a7d29_d0_1.png": {"intrinsics": {"fx": 1074.34, "fy": 1074.88, "cx": 628.711, "cy": 502.836}, "camera_to_world_matrix": [0.816027, -0.398762, -0.418437, -3.97089, -0.577701, -0.538811, -0.613145, -4.40213, 0.01904, 0.742073, -0.670048, 1.54993, 0.0, 0.0, 0.0, 1.0]}, "0ab628f228a14756b3e4c22b539a7d29_d0_2.png": {"intrinsics": {"fx": 1074.34, "fy": 1074.88, "cx": 628.711, "cy": 502.836}, "camera_to_world_matrix": [-0.0924409, -0.673952, -0.732969, -3.96468, -0.995587, 0.0745476, 0.0570166, -4.41529, 0.0162146, 0.735005, -0.677868, 1.55009, 0.0, 0.0, 0.0, 1.0]}, "0ab628f228a14756b3e4c22b539a7d29_d0_3.png": {"intrinsics": {"fx": 1074.34, "fy": 1074.88, "cx": 628.711, "cy": 502.836}, "camera_to_world_matrix": [-0.908525, -0.280337, -0.309829, -3.97297, -0.417792, 0.619572, 0.664516, -4.42725, 0.00567329, 0.733173, -0.680019, 1.55013, 0.0, 0.0, 0.0, 1.0]}, "0ab628f228a14756b3e4c22b539a7d29_d0_4.png": {"intrinsics": {"fx": 1074.34, "fy": 1074.88, "cx": 628.711, "cy": 502.836}, "camera_to_world_matrix": [-0.816123, 0.388461, 0.427834, -3.98747, 0.577875, 0.551226, 0.60184, -4.42605, -0.00204231, 0.73841, -0.674349, 1.55002, 0.0, 0.0, 0.0, 1.0]}, "0ab628f228a14756b3e4c22b539a7d29_d0_5.png": {"intrinsics": {"fx": 1074.34, "fy": 1074.88, "cx": 628.711, "cy": 502.836}, "camera_to_world_matrix": [0.0923614, 0.663627, 0.742341, -3.99368, 0.995726, -0.0621433, -0.0683335, -4.41289, 0.000783525, 0.745479, -0.666529, 1.54987, 0.0, 0.0, 0.0, 1.0]}, "0ab628f228a14756b3e4c22b539a7d29_d1_0.png": {"intrinsics": {"fx": 1074.82, "fy": 1075.73, "cx": 638.427, "cy": 508.386}, "camera_to_world_matrix": [0.904197, -0.0182632, 0.426728, -3.98091, 0.426983, 0.0135712, -0.904158, -4.41065, 0.0107214, 0.999742, 0.0200701, 1.58319, 0.0, 0.0, 0.0, 1.0]}, "0ab628f228a14756b3e4c22b539a7d29_d1_1.png": {"intrinsics": {"fx": 1074.82, "fy": 1075.73, "cx": 638.427, "cy": 508.386}, "camera_to_world_matrix": [0.821742, -0.00813393, -0.569803, -3.97742, -0.569561, 0.0207624, -0.821688, -4.41094, 0.0185138, 0.999752, 0.0124295, 1.58321, 0.0, 0.0, 0.0, 1.0]}, "0ab628f228a14756b3e4c22b539a7d29_d1_2.png": {"intrinsics": {"fx": 1074.82, "fy": 1075.73, "cx": 638.427, "cy": 508.386}, "camera_to_world_matrix": [-0.0825297, 0.00315797, -0.996584, -3.97593, -0.996465, 0.0155861, 0.0825688, -4.4141, 0.0157933, 0.999874, 0.00186145, 1.58325, 0.0, 0.0, 0.0, 1.0]}, "0ab628f228a14756b3e4c22b539a7d29_d1_3.png": {"intrinsics": {"fx": 1074.82, "fy": 1075.73, "cx": 638.427, "cy": 508.386}, "camera_to_world_matrix": [-0.904325, 0.00432031, -0.426825, -3.97792, -0.426814, 0.00321866, 0.904335, -4.41698, 0.00528054, 0.999986, -0.00106579, 1.58326, 0.0, 0.0, 0.0, 1.0]}, "0ab628f228a14756b3e4c22b539a7d29_d1