{"0b02e18654324edd8d74c078b66bfb20_d0_0.png": {"intrinsics": {"fx": 1075.94, "fy": 1076.58, "cx": 624.716, "cy": 515.4}, "camera_to_world_matrix": [0.896188, 0.283125, 0.341598, -2.47681, 0.443451, -0.596118, -0.669324, -3.14496, 0.0141304, 0.751322, -0.659785, 1.48379, 0.0, 0.0, 0.0, 1.0]}, "0b02e18654324edd8d74c078b66bfb20_d0_1.png": {"intrinsics": {"fx": 1075.94, "fy": 1076.58, "cx": 624.716, "cy": 515.4}, "camera_to_world_matrix": [0.83209, -0.376854, -0.40695, -2.46228, -0.554448, -0.545774, -0.628267, -3.1458, 0.0146622, 0.748407, -0.663078, 1.48386, 0.0, 0.0, 0.0, 1.0]}, "0b02e18654324edd8d74c078b66bfb20_d0_2.png": {"intrinsics": {"fx": 1075.94, "fy": 1076.58, "cx": 624.716, "cy": 515.4}, "camera_to_world_matrix": [-0.0641627, -0.663234, -0.745657, -2.45575, -0.997878, 0.0509662, 0.0405334, -3.1588, 0.01112, 0.746675, -0.665096, 1.48389, 0.0, 0.0, 0.0, 1.0]}, "0b02e18654324edd8d74c078b66bfb20_d0_3.png": {"intrinsics": {"fx": 1075.94, "fy": 1076.58, "cx": 624.716, "cy": 515.4}, "camera_to_world_matrix": [-0.896297, -0.289629, -0.335808, -2.46374, -0.443399, 0.597348, 0.668262, -3.17096, 0.00704597, 0.747858, -0.663822, 1.48387, 0.0, 0.0, 0.0, 1.0]}, "0b02e18654324edd8d74c078b66bfb20_d0_4.png": {"intrinsics": {"fx": 1075.94, "fy": 1076.58, "cx": 624.716, "cy": 515.4}, "camera_to_world_matrix": [-0.832161, 0.370347, 0.412738, -2.47826, 0.554498, 0.546977, 0.627176, -3.17012, 0.00651425, 0.750772, -0.660529, 1.48381, 0.0, 0.0, 0.0, 1.0]}, "0b02e18654324edd8d74c078b66bfb20_d0_5.png": {"intrinsics": {"fx": 1075.94, "fy": 1076.58, "cx": 624.716, "cy": 515.4}, "camera_to_world_matrix": [0.0641096, 0.656704, 0.751419, -2.4848, 0.997893, -0.0497737, -0.0416384, -3.15712, 0.0100566, 0.752504, -0.658511, 1.48377, 0.0, 0.0, 0.0, 1.0]}, "0b02e18654324edd8d74c078b66bfb20_d1_0.png": {"intrinsics": {"fx": 1078.65, "fy": 1079.1, "cx": 627.81, "cy": 510.778}, "camera_to_world_matrix": [0.893342, -0.0126674, 0.449196, -2.47199, 0.449248, 0.00145288, -0.893405, -3.15481, 0.0106649, 0.999918, 0.00698754, 1.51707, 0.0, 0.0, 0.0, 1.0]}, "0b02e18654324edd8d74c078b66bfb20_d1_1.png": {"intrinsics": {"fx": 1078.65, "fy": 1079.1, "cx": 627.81, "cy": 510.778}, "camera_to_world_matrix": [0.835697, -0.00795623, -0.549132, -2.4685, -0.549074, 0.00833239, -0.835731, -3.15501, 0.0112252, 0.999933, 0.00259359, 1.51709, 0.0, 0.0, 0.0, 1.0]}, "0b02e18654324edd8d74c078b66bfb20_d1_2.png": {"intrinsics": {"fx": 1078.65, "fy": 1079.1, "cx": 627.81, "cy": 510.778}, "camera_to_world_matrix": [-0.057695, 0.000357129, -0.998334, -2.46692, -0.998304, 0.00769199, 0.0576965, -3.15814, 0.00770012, 0.99997, -8.84733e-05, 1.5171, 0.0, 0.0, 0.0, 1.0]}, "0b02e18654324edd8d74c078b66bfb20_d1_3.png": {"intrinsics": {"fx": 1078.65, "fy": 1079.1, "cx": 627.81, "cy": 510.778}, "camera_to_world_matrix": [-0.893422, 0.00395908, -0.449198, -2.46885, -0.449201, 0.000172092, 0.89343, -3.16106, 0.00361481, 0.999991, 0.00162347, 1.51709, 0.0, 0.0, 0.0, 1.0]}, "0b02e18654324edd8d74c078b66bfb20_d1_4.png": {"intrinsics": {"fx": 1078.65, "fy": 1079.1, "cx": 627.81, "cy": 510.778}, "camera_to_world_matrix": [-0.835738, -0.0007524, 0.549127, -2.47234, 0.549118, -0.00670723, 0.835717, -3.16086, 0.00305467, 0.999977, 0.00601745, 1.51707, 0.0, 0.0, 0.0, 1.0]}, "0b02e18654324edd8d74c078b66bfb20_d1_5.png": {"intrinsics": {"fx": 1078.65, "fy": 1079.1, "cx": 627.81, "cy": 510.778}, "camera_to_world_matrix": [0.057672, -0.00906573, 0.998294, -2.47391, 0.998313, -0.0060665, -0.0577287, -3.15773, 0.00657984, 0.99994, 0.00869937, 1.51706, 0.0, 0.0, 0.0, 1.0]}, "0b02e18654324edd8d74c078b66bfb20_d2_0.png": {"intrinsics": {"fx": 1078.86, "fy": 1079.25, "cx": 635.596, "cy": 513.03}, "camera_to_world_matrix": [0.891942, -0.308884, 0.330192, -2.4771, 0.452081, 0.596854, -0.662863, -3.14491, 0.00767191, 0.74051, 0.671999, 1.55029, 0.0, 0.0, 0.0, 1.0]}, "0b02e18654324edd8d74c078b66bfb20_d2_1.png": {"intrinsics": {"fx": 1078.86, "fy": 1079.25, "cx": 635.596, "cy": 513.03}, "camera_to_world_matrix": [0.837459, 0.360314, -0.410895, -2.46257, -0.546435, 0.56343, -0.61964, -3.14575, 0.00824618, 0.743451, 0.668737, 1.55035, 0.0, 0.0, 0.0, 1.0]}, "0b02e18654324edd8d74c078b66bfb20_d2_2.png": {"intrinsics": {"fx": 1078.86, "fy": 1079.25, "cx": 635.596, "cy": 513.03}, "camera_to_world_matrix": [-0.0545198, 0.665957, -0.743995, -2.45604, -0.9985, -0.032833, 0.0437818, -3.15875, 0.00472953, 0.745267, 0.666748, 1.55039, 0.0, 0.0, 0.0, 1.0]}, "0b02e18654324edd8d74c078b66bfb20_d2_3.png": {"intrinsics": {"fx": 1078.86, "fy": 1079.25, "cx": 635.596, "cy": 513.03}, "camera_to_world_matrix": [-0.891996, 0.302396, -0.336001, -2.46403, -0.45204, -0.595659, 0.663965, -3.17091, 0.000638745, 0.744141, 0.66802, 1.55037, 0.0, 0.0, 0.0, 1.0]}, "0b02e18654324edd8d74c078b66bfb20_d2_4.png": {"intrinsics": {"fx": 1078.86, "fy": 1079.25, "cx": 635.596, "cy": 513.03}, "camera_to_world_matrix": [-0.837475, -0.3668, 0.405084, -2.47855, 0.546474, -0.56221, 0.620713, -3.17007, 6.46752e-05, 0.7412, 0.671282, 1.5503, 0.0, 0.0, 0.0, 1.0]}, "0b02e18654324edd8d74c078b66bfb20_d2_5.png": {"intrinsics": {"fx": 1078.86, "fy": 1079.25, "cx": 635.596, "cy": 513.03}, "camera_to_world_matrix": [0.0545228, -0.672421, 0.738158, -2.48509, 0.998505, 0.0340658, -0.0427219, -3.15707, 0.0035814, 0.739385, 0.673272, 1.55027, 0.0, 0.0, 0.0, 1.0]}, "0d8c5fbfd73f44e28d6da370520611e4_d0_0.png": {"intrinsics": {"fx": 1075.94, "fy": 1076.58, "cx": 624.716, "cy": 515.4}, "camera_to_world_matrix": [0.828338, 0.356207, 0.432405, -6.16561, 0.55985, -0.554727, -0.615505, -0.0279984, 0.0206191, 0.751928, -0.658923, 1.47631, 0.0, 0.0, 0.0, 1.0]}, "0d8c5fbfd73f44e28d6da370520611e4_d0_1.png": {"intrinsics": {"fx": 1075.94, "fy": 1076.58, "cx": 624.716, "cy": 515.4}, "camera_to_world_matrix": [0.89897, -0.30452, -0.314835, -6.15111, -0.437606, -0.593545, -0.67543, -0.0268776, 0.018813, 0.744965, -0.666838, 1.47646, 0.0, 0.0, 0.0, 1.0]}, "0d8c5fbfd73f44e28d6da370520611e4_d0_2.png": {"intrinsics": {"fx": 1075.94, "fy": 1076.58, "cx": 624.716, "cy": 515.4}, "camera_to_world_matrix": [0.0705023, -0.668506, -0.740358, -6.14288, -0.997473, -0.0407129, -0.058225, -0.0388807, 0.00878154, 0.742592, -0.669687, 1.47652, 0.0, 0.0, 0.0, 1.0]}, "0d8c5fbfd73f44e28d6da370520611e4_d0_3.png": {"intrinsics": {"fx": 1075.94, "fy": 1076.58, "cx": 624.716, "cy": 515.4}, "camera_to_world_matrix": [-0.82858, -0.371758, -0.418632, -6.14917, -0.559872, 0.550924, 0.618892, -0.0520042, 0.000556227, 0.747181, -0.664621, 1.47642, 0.0, 0.0, 0.0, 1.0]}, "0d8c5fbfd73f44e28d6da370520611e4_d0_4.png": {"intrinsics": {"fx": 1075.94, "fy": 1076.58, "cx": 624.716, "cy": 515.4}, "camera_to_world_matrix": [-0.899173, 0.28897, 0.32861, -6.16367, 0.437587, 0.589716, 0.678788, -0.0531245, 0.00236263, 0.754143, -0.656706, 1.47627, 0.0, 0.0, 0.0, 1.0]}, "0d8c5fbfd73f44e28d6da370520611e4_d0_5.png": {"intrinsics": {"fx": 1075.94, "fy": 1076.58, "cx": 624.716, "cy": 515.4}, "camera_to_world_matrix": [-0.0706831, 0.652935, 0.754109, -6.17189, 0.997422, 0.0368699, 0.0615657, -0.0411211, 0.0123943, 0.756516, -0.653857, 1.47621, 0.0, 0.0, 0.0, 1.0]}, "0d8c5fbfd73f44e28d6da370520611e4_d1_0.png": {"intrinsics": {"fx": 1078.65, "fy": 1079.1, "cx": 627.81, "cy": 510.778}, "camera_to_world_matrix": [0.82476, -0.0187104, 0.565172, -6.15971, 0.565221, -0.0030289, -0.824933, -0.0371986, 0.017147, 0.99982, 0.00807619, 1.5096, 0.0, 0.0, 0.0, 1.0]}, "0d8c5fbfd73f44e28d6da370520611e4_d1_1.png": {"intrinsics": {"fx": 1078.65, "fy": 1079.1, "cx": 627.81, "cy": 510.778}, "camera_to_world_matrix": [0.901843, -0.014967, -0.431803, -6.15622, -0.431786, 0.00442137, -0.901964, -0.036929, 0.0154092, 0.999878, -0.00247636, 1.50964, 0.0, 0.0, 0.0, 1.0]}, "0d8c5fbfd73f44e28d6da370520611e4_d1_2.png": {"intrinsics": {"fx": 1078.65, "fy": 1079.1, "cx": 627.81, "cy": 510.778}, "camera_to_world_matrix": [0.0769887, -0.00664334, -0.997009, -6.15424, -0.997016, 0.00490415, -0.0770216, -0.0398163, 0.00540151, 0.999965, -0.00624716, 1.50965, 0.0, 0.0, 0.0, 1.0]}, "0d8c5fbfd73f44e28d6da370520611e4_d1_3.png": {"intrinsics": {"fx": 1078.65, "fy": 1079.1, "cx": 627.81, "cy": 510.778}, "camera_to_world_matrix": [-0.82493, -0.00206335, -0.565229, -6.15576, -0.565225, -0.00206336, 0.824933, -0.0429732, -0.00286805, 0.999995, 0.000534665, 1.50963, 0.0, 0.0, 0.0, 1.0]}, "0d8c5fbfd73f44e28d6da370520611e4_d1_4.png": {"intrinsics": {"fx": 1078.65, "fy": 1079.1, "cx": 627.81, "cy": 510.778}, "camera_to_world_matrix": [-0.901974, -0.00580709, 0.431748, -6.15925, 0.431785, -0.00951349, 0.901925, -0.0432426, -0.00112978, 0.999937, 0.0110871, 1.50959, 0.0, 0.0, 0.0, 1.0]}, "0d8c5fbfd73f44e28d6da370520611e4_d1_5.png": {"intrinsics": {"fx": 1078.65, "fy": 1079.1, "cx": 627.81, "cy": 510.778}, "camera_to_world_matrix": [-0.0770979, -0.0141307, 0.996923, -6.16122, 0.996983, -0.00999594, 0.0769606, -0.0403552, 0.00887801, 0.99985, 0.0148576, 1.50957, 0.0, 0.0, 0.0, 1.0]}, "0d8c5fbfd73f44e28d6da370520611e4_d2_0.png": {"intrinsics": {"fx": 1078.86, "fy": 1079.25, "cx": 635.596, "cy": 513.03}, "camera_to_world_matrix": [0.823009, -0.390728, 0.412292, -6.1663, 0.567849, 0.547867, -0.61432, -0.0281677, 0.0141508, 0.739712, 0.672773, 1.54281, 0.0, 0.0, 0.0, 1.0]}, "0d8c5fbfd73f44e28d6da370520611e4_d2_1.png": {"intrinsics": {"fx": 1078.86, "fy": 1079.25, "cx": 635.596, "cy": 513.03}, "camera_to_world_matrix": [0.903252, 0.276859, -0.327845, -6.1518, -0.428926, 0.604691, -0.671096, -0.0270469, 0.0124464, 0.746791, 0.66494, 1.54296, 0.0, 0.0, 0.0, 1.0]}, "0d8c5fbfd73f44e28d6da370520611e4_d2_2.png": {"intrinsics": {"fx": 1078.86, "fy": 1079.25, "cx": 635.596, "cy": 513.03}, "camera_to_world_matrix": [0.0801792, 0.65987, -0.74709, -6.14357, -0.996776, 0.0549206, -0.0584666, -0.03905, 0.00245056, 0.74937, 0.662145, 1.54301, 0.0, 0.0, 0.0, 1.0]}, "0d8c5fbfd73f44e28d6da370520611e4_d2_3.png": {"intrinsics": {"fx": 1078.86, "fy": 1079.25, "cx": 635.596, "cy": 513.03}, "camera_to_world_matrix": [-0.823118, 0.375284, -0.426187, -6.14986, -0.567838, -0.551662, 0.610924, -0.0521735, -0.0058406, 0.744869, 0.667183, 1.54291, 0.0, 0.0, 0.0, 1.0]}, "0d8c5fbfd73f44e28d6da370520611e4_d2_4.png": {"intrinsics": {"fx": 1078.86, "fy": 1079.25, "cx": 635.596, "cy": 513.03}, "camera_to_world_matrix": [-0.903322, -0.292305, 0.313952, -6.16436, 0.42894, -0.60846, 0.667671, -0.0532938, -0.00413575, 0.73779, 0.675016, 1.54276, 0.0, 0.0, 0.0, 1.0]}, "0d8c5fbfd73f44e28d6da370520611e4_d2_5.png": {"intrinsics": {"fx": 1078.86, "fy": 1079.25, "cx": 635.596, "cy": 513.03}, "camera_to_world_matrix": [-0.0802264, -0.675293, 0.733173, -6.17259, 0.996758, -0.0586744, 0.0550258, -0.0412904, 0.00586023, 0.735211, 0.677811, 1.54271, 0.0, 0.0, 0.0, 1.0]}, "1db1c0a09ecf40d188197efc05ced3bb_d0_0.png": {"intrinsics": {"fx": 1075.94, "fy": 1076.58, "cx": 624.716, "cy": 515.4}, "camera_to_world_matrix": [0.997772, 0.0153501, 0.0649328, -4.04232, 0.0590212, -0.656937, -0.751632, -3.03846, 0.031119, 0.753789, -0.656379, 0.941006, 0.0, 0.0, 0.0, 1.0]}, "1db1c0a09ecf40d188197efc05ced3bb_d0_1.png": {"intrinsics": {"fx": 1075.94, "fy": 1076.58, "cx": 624.716, "cy": 515.4}, "camera_to_world_matrix": [0.549715, -0.572626, -0.608205, -4.02928, -0.834924, -0.353289, -0.422008, -3.0449, 0.0267806, 0.739788, -0.672307, 0.941315, 0.0, 0.0, 0.0, 1.0]}, "1db1c0a09ecf40d188197efc05ced3bb_d0_2.png": {"intrinsics": {"fx": 1075.94, "fy": 1076.58, "cx": 624.716, "cy": 515.4}, "camera_to_world_matrix": [-0.448291, -0.603632, -0.659291, -4.02833, -0.893866, 0.307873, 0.325911, -3.05941, 0.0062471, 0.735421, -0.677582, 0.941416, 0.0, 0.0, 0.0, 1.0]}, "1db1c0a09ecf40d188197efc05ced3bb_d0_3.png": {"intrinsics": {"fx": 1075.94, "fy": 1076.58, "cx": 624.716, "cy": 515.4}, "camera_to_world_matrix": [-0.998217, -0.0466604, -0.0372375, -4.04042, -0.0588632, 0.665371, 0.74419, -3.0675, -0.00994757, 0.745054, -0.66693, 0.941209, 0.0, 0.0, 0.0, 1.0]}, "1db1c0a09ecf40d188197efc05ced3bb_d0_4.png": {"intrinsics": {"fx": 1075.94, "fy": 1076.58, "cx": 624.716, "cy": 515.4}, "camera_to_world_matrix": [-0.550125, 0.541304, 0.635888, -4.05347, 0.835064, 0.361699, 0.414539, -3.06106, -0.00560837, 0.759055, -0.651003, 0.9409, 0.0, 0.0, 0.0, 1.0]}, "1db1c0a09ecf40d188197efc05ced3bb_d0_5.png": {"intrinsics": {"fx": 1075.94, "fy": 1076.58, "cx": 624.716, "cy": 515.4}, "camera_to_world_matrix": [0.447883, 0.572284, 0.686944, -4.05442, 0.893968, -0.299464, -0.333382, -3.04654, 0.0149254, 0.763422, -0.645728, 0.940798, 0.0, 0.0, 0.0, 1.0]}, "1db1c0a09ecf40d188197efc05ced3bb_d1_0.png": {"intrinsics": {"fx": 1078.65, "fy": 1079.1, "cx": 627.81, "cy": 510.778}, "camera_to_world_matrix": [0.997471, -0.0283051, 0.0651666, -4.0423, 0.0654573, 0.00945462, -0.99781, -3.0493, 0.0276273, 0.999554, 0.0112823, 0.974325, 0.0, 0.0, 0.0, 1.0]}, "1db1c0a09ecf40d188197efc05ced3bb_d1_1.png": {"intrinsics": {"fx": 1078.65, "fy": 1079.1, "cx": 627.81, "cy": 510.778}, "camera_to_world_matrix": [0.55519, -0.0212857, -0.83145, -4.03916, -0.831392, 0.0139531, -0.555509, -3.05085, 0.023426, 0.999675, -0.00995135, 0.9744, 0.0, 0.0, 0.0, 1.0]}, "1db1c0a09ecf40d188197efc05ced3bb_d1_2.png": {"intrinsics": {"fx": 1078.65, "fy": 1079.1, "cx": 627.81, "cy": 510.778}, "camera_to_world_matrix": [-0.442443, -0.0138817, -0.896688, -4.03893, -0.89679, 0.0101225, 0.442338, -3.05434, 0.00293664, 0.999852, -0.0169288, 0.974424, 0.0, 0.0, 0.0, 1.0]}, "1db1c0a09ecf40d188197efc05ced3bb_d1_3.png": {"intrinsics": {"fx": 1078.65, "fy": 1079.1, "cx": 627.81, "cy": 510.778}, "camera_to_world_matrix": [-0.997773, -0.0134974, -0.0653078, -4.04184, -0.0653382, 0.00179345, 0.997861, -3.05628, -0.013351, 0.999907, -0.00267255, 0.974374, 0.0, 0.0, 0.0, 1.0]}, "1db1c0a09ecf40d188197efc05ced3bb_d1_4.png": {"intrinsics": {"fx": 1078.65, "fy": 1079.1, "cx": 627.81, "cy": 510.778}, "camera_to_world_matrix": [-0.555456, -0.020517, 0.831292, -4.04498, 0.831494, -0.00270476, 0.555525, -3.05474, -0.00914891, 0.999785, 0.0185609, 0.9743, 0.0, 0.0, 0.0, 1.0]}, "1db1c0a09ecf40d188197efc05ced3bb_d1_5.png": {"intrinsics": {"fx": 1078.65, "fy": 1079.1, "cx": 627.81, "cy": 510.778}, "camera_to_world_matrix": [0.44218, -0.0279208, 0.896491, -4.04521, 0.896853, 0.00112616, -0.442324, -3.05124, 0.0113408, 0.999609, 0.0255376, 0.974275, 0.0, 0.0, 0.0, 1.0]}, "1db1c0a09ecf40d188197efc05ced3bb_d2_0.png": {"intrinsics": {"fx": 1078.86, "fy": 1079.25, "cx": 635.596, "cy": 513.03}, "camera_to_world_matrix": [0.997339, -0.0644547, 0.0340303, -4.04371, 0.0686027, 0.672399, -0.737002, -3.03809, 0.0246216, 0.737377, 0.675031, 1.00749, 0.0, 0.0, 0.0, 1.0]}, "1db1c0a09ecf40d188197efc05ced3bb_d2_1.png": {"intrinsics": {"fx": 1078.86, "fy": 1079.25, "cx": 635.596, "cy": 513.03}, "camera_to_world_matrix": [0.557893, 0.538606, -0.631394, -4.03067, -0.829658, 0.380738, -0.408292, -3.04452, 0.0204876, 0.751625, 0.65927, 1.0078, 0.0, 0.0, 0.0, 1.0]}, "1db1c0a09ecf40d188197efc05ced3bb_d2_2.png": {"intrinsics": {"fx": 1078.86, "fy": 1079.25, "cx": 635.596, "cy": 513.03}, "camera_to_world_matrix": [-0.439545, 0.587532, -0.679415, -4.02972, -0.898219, -0.287494, 0.332488, -3.05904, 2.00202e-05, 0.756408, 0.654098, 1.0079, 0.0, 0.0, 0.0, 1.0]}, "1db1c0a09ecf40d188197efc05ced3bb_d2_3.png": {"intrinsics": {"fx": 1078.86, "fy": 1079.25, "cx": 635.596, "cy": 513.03}, "camera_to_world_matrix": [-0.997515, 0.0333963, -0.0620106, -4.04181, -0.0685171, -0.664051, 0.744541, -3.06712, -0.016313, 0.746941, 0.664688, 1.00769, 0.0, 0.0, 0.0, 1.0]}, "1db1c0a09ecf40d188197efc05ced3bb_d2_4.png": {"intrinsics": {"fx": 1078.86, "fy": 1079.25, "cx": 635.596, "cy": 513.03}, "camera_to_world_matrix": [-0.558034, -0.569653, 0.603401, -4.05486, 0.829727, -0.372367, 0.415805, -3.06069, -0.0121781, 0.732692, 0.680449, 1.00738, 0.0, 0.0, 0.0, 1.0]}, "1db1c0a09ecf40d188197efc05ced3bb_d2_5.png": {"intrinsics": {"fx": 1078.86, "fy": 1079.25, "cx": 635.596, "cy": 513.03}, "camera_to_world_matrix": [0.439407, -0.618553, 0.651393, -4.05581, 0.898248, 0.295868, -0.324977, -3.04617, 0.00828971, 0.72791, 0.68562, 1.00728, 0.0, 0.0, 0.0, 1.0]}, "565cc21cd28b4ee6bb5ba83c5270c032_d0_0.png": {"intrinsics": {"fx": 1075.94, "fy": 1076.58, "cx": 624.716, "cy": 515.4}, "camera_to_world_matrix": [-0.880865, -0.303572, -0.36321, -3.90747, -0.473117, 0.589588, 0.654635, 0.165693, 0.0154148, 0.748486, -0.662972, 1.47544, 0.0, 0.0, 0.0, 1.0]}, "565cc21cd28b4ee6bb5ba83c5270c032_d0_1.png": {"intrinsics": {"fx": 1075.94, "fy": 1076.58, "cx": 624.716, "cy": 515.4}, "camera_to_world_matrix": [-0.850183, 0.357723, 0.386295, -3.92202, 0.526361, 0.561337, 0.638628, 0.166046, 0.0116102, 0.746281, -0.66553, 1.47549, 0.0, 0.0, 0.0, 1.0]}, "565cc21cd28b4ee6bb5ba83c5270c032_d0_2.png": {"intrinsics": {"fx": 1075.94, "fy": 1076.58, "cx": 624.716, "cy": 515.4}, "camera_to_world_matrix": [0.0307386, 0.663905, 0.747185, -3.92899, 0.999505, -0.0254901, -0.0184698, 0.17882, 0.00678352, 0.747383, -0.664359, 1.47546, 0.0, 0.0, 0.0, 1.0]}, "565cc21cd28b4ee6bb5ba83c5270c032_d0_3.png": {"intrinsics": {"fx": 1075.94, "fy": 1076.58, "cx": 624.716, "cy": 515.4}, "camera_to_world_matrix": [0.880957, 0.308785, 0.358562, -3.92141, 0.473161, -0.584054, -0.659546, 0.19124, 0.00576161, 0.750689, -0.660631, 1.47539, 0.0, 0.0, 0.0, 1.0]}, "565cc21cd28b4ee6bb5ba83c5270c032_d0_4.png": {"intrinsics": {"fx": 1075.94, "fy": 1076.58, "cx": 624.716, "cy": 515.4}, "camera_to_world_matrix": [0.850236, -0.35251, -0.390943, -3.90686, -0.526315, -0.555777, -0.64351, 0.190887, 0.00956637, 0.752894, -0.658073, 1.47534, 0.0, 0.0, 0.0, 1.0]}, "565cc21cd28b4ee6bb5ba83c5270c032_d0_5.png": {"intrinsics": {"fx": 1075.94, "fy": 1076.58, "cx": 624.716, "cy": 515.4}, "camera_to_world_matrix": [-0.0307038, -0.658669, -0.751807, -3.89989, -0.999425, 0.0310621, 0.0136026, 0.178113, 0.014393, 0.751792, -0.659243, 1.47536, 0.0, 0.0, 0.0, 1.0]}, "565cc21cd28b4ee6bb5ba83c5270c032_d1_0.png": {"intrinsics": {"fx": 1078.65, "fy": 1079.1, "cx": 627.81, "cy": 510.778}, "camera_to_world_matrix": [-0.877824, 0.011822, -0.478834, -3.91265, -0.47883, 0.00333733, 0.8779, 0.175517, 0.0119769, 0.999924, 0.00272996, 1.50867, 0.0, 0.0, 0.0, 1.0]}, "565cc21cd28b4ee6bb5ba83c5270c032_d1_1.png": {"intrinsics": {"fx": 1078.65, "fy": 1079.1, "cx": 627.81, "cy": 510.778}, "camera_to_world_matrix": [-0.853605, 0.00734357, 0.520867, -3.91615, 0.520854, -0.0036958, 0.853637, 0.175602, 0.0081941, 0.999966, -0.000671378, 1.50868, 0.0, 0.0, 0.0, 1.0]}, "565cc21cd28b4ee6bb5ba83c5270c032_d1_2.png": {"intrinsics": {"fx": 1078.65, "fy": 1079.1, "cx": 627.81, "cy": 510.778}, "camera_to_world_matrix": [0.0242634, -0.000986587, 0.999704, -3.91782, 0.999699, -0.00333371, -0.024267, 0.178675, 0.00335701, 0.999993, 0.0009042, 1.50868, 0.0, 0.0, 0.0, 1.0]}, "565cc21cd28b4ee6bb5ba83c5270c032_d1_3.png": {"intrinsics": {"fx": 1078.65, "fy": 1079.1, "cx": 627.81, "cy": 510.778}, "camera_to_world_matrix": [0.877893, -0.00483808, 0.47883, -3.916, 0.478849, 0.00406151, -0.877887, 0.181662, 0.00230286, 0.999979, 0.00588108, 1.50866, 0.0, 0.0, 0.0, 1.0]}, "565cc21cd28b4ee6bb5ba83c5270c032_d1_4.png": {"intrinsics": {"fx": 1078.65, "fy": 1079.1, "cx": 627.81, "cy": 510.778}, "camera_to_world_matrix": [0.853635, -0.000359328, -0.52087, -3.9125, -0.520834, 0.0110945, -0.853585, 0.181577, 0.00608584, 0.999938, 0.00928227, 1.50865, 0.0, 0.0, 0.0, 1.0]}, "565cc21cd28b4ee6bb5ba83c5270c032_d1_5.png": {"intrinsics": {"fx": 1078.65, "fy": 1079.1, "cx": 627.81, "cy": 510.778}, "camera_to_world_matrix": [-0.0242527, 0.00797081, -0.999673, -3.91082, -0.999645, 0.010732, 0.024338, 0.178504, 0.0109229, 0.99991, 0.0077065, 1.50865, 0.0, 0.0, 0.0, 1.0]}, "565cc21cd28b4ee6bb5ba83c5270c032_d2_0.png": {"intrinsics": {"fx": 1078.86, "fy": 1079.25, "cx": 635.596, "cy": 513.03}, "camera_to_world_matrix": [-0.876328, 0.328019, -0.352775, -3.90724, -0.481628, -0.582948, 0.654374, 0.165939, 0.0089975, 0.743354, 0.668836, 1.54194, 0.0, 0.0, 0.0, 1.0]}, "565cc21cd28b4ee6bb5ba83c5270c032_d2_1.png": {"intrinsics": {"fx": 1078.86, "fy": 1079.25, "cx": 635.596, "cy": 513.03}, "camera_to_world_matrix": [-0.855275, -0.341925, 0.389345, -3.92179, 0.518144, -0.571917, 0.635952, 0.166292, 0.00522542, 0.745652, 0.666313, 1.54199, 0.0, 0.0, 0.0, 1.0]}, "565cc21cd28b4ee6bb5ba83c5270c032_d2_2.png": {"intrinsics": {"fx": 1078.86, "fy": 1079.25, "cx": 635.596, "cy": 513.03}, "camera_to_world_matrix": [0.021086, -0.667343, 0.744451, -3.92875, 0.999776, 0.01379, -0.0159572, 0.179066, 0.000383238, 0.744622, 0.667484, 1.54196, 0.0, 0.0, 0.0, 1.0]}, "565cc21cd28b4ee6bb5ba83c5270c032_d2_3.png": {"intrinsics": {"fx": 1078.86, "fy": 1079.25, "cx": 635.596, "cy": 513.03}, "camera_to_world_matrix": [0.876375, -0.322811, 0.357429, -3.92117, 0.481625, 0.588453, -0.64943, 0.191486, -0.0006867, 0.741293, 0.671179, 1.54189, 0.0, 0.0, 0.0, 1.0]}, "565cc21cd28b4ee6bb5ba83c5270c032_d2_4.png": {"intrinsics": {"fx": 1078.86, "fy": 1079.25, "cx": 635.596, "cy": 513.03}, "camera_to_world_matrix": [0.855284, 0.347132, -0.38469, -3.90663, -0.518147, 0.577396, -0.63098, 0.191133, 0.00308554, 0.738994, 0.673703, 1.54184, 0.0, 0.0, 0.0, 1.0]}, "565cc21cd28b4ee6bb5ba83c5270c032_d2_5.png": {"intrinsics": {"fx": 1078.86, "fy": 1079.25, "cx": 635.596, "cy": 513.03}, "camera_to_world_matrix": [-0.0210962, 0.672528, -0.739771, -3.89966, -0.999745, -0.00832392, 0.0209436, 0.178359, 0.00792763, 0.740025, 0.672531, 1.54186, 0.0, 0.0, 0.0, 1.0]}, "5fd70cff4992429a99a84fd3c117ccb5_d0_0.png": {"intrinsics": {"fx": 1075.94, "fy": 1076.58, "cx": 624.716, "cy": 515.4}, "camera_to_world_matrix": [-0.841142, -0.347611, -0.414303, 0.0220874, -0.54076, 0.551421, 0.635228, -0.00553043, 0.00764326, 0.758355, -0.651797, 1.47878, 0.0, 0.0, 0.0, 1.0]}, "5fd70cff4992429a99a84fd3c117ccb5_d0_1.png": {"intrinsics": {"fx": 1075.94, "fy": 1076.58, "cx": 624.716, "cy": 515.4}, "camera_to_world_matrix": [-0.888724, 0.313865, 0.334153, 0.00755869, 0.457978, 0.575024, 0.677941, -0.00631712, 0.0206355, 0.755537, -0.654781, 1.47884, 0.0, 0.0, 0.0, 1.0]}, "5fd70cff4992429a99a84fd3c117ccb5_d0_2.png": {"intrinsics": {"fx": 1075.94, "fy": 1076.58, "cx": 624.716, "cy": 515.4}, "camera_to_world_matrix": [-0.047512, 0.665003, 0.745328, -0.000386114, 0.998593, 0.0140083, 0.0511581, 0.005871, 0.0235794, 0.746709, -0.664733, 1.47903, 0.0, 0.0, 0.0, 1.0]}, "5fd70cff4992429a99a84fd3c117ccb5_d0_3.png": {"intrinsics": {"fx": 1075.94, "fy": 1076.58, "cx": 624.716, "cy": 515.4}, "camera_to_world_matrix": [0.841263, 0.354659, 0.408037, 0.00619803, 0.540457, -0.570598, -0.618324, 0.0188455, 0.0135309, 0.740699, -0.6717, 1.47916, 0.0, 0.0, 0.0, 1.0]}, "5fd70cff4992429a99a84fd3c117ccb5_d0_4.png": {"intrinsics": {"fx": 1075.94, "fy": 1076.58, "cx": 624.716, "cy": 515.4}, "camera_to_world_matrix": [0.888806, -0.306818, -0.340422, 0.0207268, -0.458283, -0.594176, -0.661008, 0.0196316, 0.000538795, 0.743518, -0.668716, 1.4791, 0.0, 0.0, 0.0, 1.0]}, "5fd70cff4992429a99a84fd3c117ccb5_d0_5.png": {"intrinsics": {"fx": 1075.94, "fy": 1076.58, "cx": 624.716, "cy": 515.4}, "camera_to_world_matrix": [0.0475727, -0.657934, -0.751571, 0.0286711, -0.998865, -0.0331463, -0.0342092, 0.00744321, -0.00240455, 0.752346, -0.658764, 1.47891, 0.0, 0.0, 0.0, 1.0]}, "5fd70cff4992429a99a84fd3c117ccb5_d1_0.png": {"intrinsics": {"fx": 1078.65, "fy": 1079.1, "cx": 627.81, "cy": 510.778}, "camera_to_world_matrix": [-0.837669, 0.0130484, -0.546019, 0.0162105, -0.54616, -0.0124911, 0.837587, 0.00330058, 0.00410917, 0.999836, 0.0175887, 1.51217, 0.0, 0.0, 0.0, 1.0]}, "5fd70cff4992429a99a84fd3c117ccb5_d1_1.png": {"intrinsics": {"fx": 1078.65, "fy": 1079.1, "cx": 627.81, "cy": 510.778}, "camera_to_world_matrix": [-0.891711, 0.00913377, 0.452511, 0.0127156, 0.452278, -0.0198527, 0.891655, 0.00311134, 0.0171281, 0.999761, 0.0135706, 1.51218, 0.0, 0.0, 0.0, 1.0]}, "5fd70cff4992429a99a84fd3c117ccb5_d1_2.png": {"intrinsics": {"fx": 1078.65, "fy": 1079.1, "cx": 627.81, "cy": 510.778}, "camera_to_world_matrix": [-0.0539877, 0.000800861, 0.998541, 0.0108044, 0.998337, -0.0201438, 0.0539926, 0.00604319, 0.020158, 0.999796, 0.000286778, 1.51223, 0.0, 0.0, 0.0, 1.0]}, "5fd70cff4992429a99a84fd3c117ccb5_d1_3.png": {"intrinsics": {"fx": 1078.65, "fy": 1079.1, "cx": 627.81, "cy": 510.778}, "camera_to_world_matrix": [0.837758, -0.0036172, 0.546027, 0.0123883, 0.545945, -0.0130733, -0.837718, 0.00916421, 0.0101689, 0.999907, -0.00897869, 1.51226, 0.0, 0.0, 0.0, 1.0]}, "5fd70cff4992429a99a84fd3c117ccb5_d1_4.png": {"intrinsics": {"fx": 1078.65, "fy": 1079.1, "cx": 627.81, "cy": 510.778}, "camera_to_world_matrix": [0.89176, 0.000297752, -0.452505, 0.0158832, -0.452496, -0.00571185, -0.891747, 0.00935331, -0.00284981, 0.999983, -0.00496008, 1.51225, 0.0, 0.0, 0.0, 1.0]}, "5fd70cff4992429a99a84fd3c117ccb5_d1_5.png": {"intrinsics": {"fx": 1078.65, "fy": 1079.1, "cx": 627.81, "cy": 510.778}, "camera_to_world_matrix": [0.0540159, 0.00863067, -0.998502, 0.0177942, -0.998521, -0.00542106, -0.0540635, 0.00642139, -0.0058792, 0.999947, 0.0083239, 1.5122, 0.0, 0.0, 0.0, 1.0]}, "5fd70cff4992429a99a84fd3c117ccb5_d2_0.png": {"intrinsics": {"fx": 1078.86, "fy": 1079.25, "cx": 635.596, "cy": 513.03}, "camera_to_world_matrix": [-0.835963, 0.373736, -0.401851, 0.022401, -0.548782, -0.567869, 0.613484, -0.00638049, 0.00108279, 0.73338, 0.679816, 1.54527, 0.0, 0.0, 0.0, 1.0]}, "5fd70cff4992429a99a84fd3c117ccb5_d2_1.png": {"intrinsics": {"fx": 1078.86, "fy": 1079.25, "cx": 635.596, "cy": 513.03}, "camera_to_world_matrix": [-0.893169, -0.295014, 0.339432, 0.00787229, 0.449497, -0.609315, 0.653212, -0.00716717, 0.0141146, 0.736004, 0.676828, 1.54533, 0.0, 0.0, 0.0, 1.0]}, "5fd70cff4992429a99a84fd3c117ccb5_d2_2.png": {"intrinsics": {"fx": 1078.86, "fy": 1079.25, "cx": 635.596, "cy": 513.03}, "camera_to_world_matrix": [-0.057166, -0.665242, 0.744435, -7.25128e-05, 0.998215, -0.0509215, 0.0311488, 0.00502094, 0.0171866, 0.744888, 0.666966, 1.54552, 0.0, 0.0, 0.0, 1.0]}, "5fd70cff4992429a99a84fd3c117ccb5_d2_3.png": {"intrinsics": {"fx": 1078.86, "fy": 1079.25, "cx": 635.596, "cy": 513.03}, "camera_to_world_matrix": [0.836024, -0.366713, 0.408146, 0.00651163, 0.548643, 0.548905, -0.630629, 0.0179955, 0.00722677, 0.751149, 0.660092, 1.54566, 0.0, 0.0, 0.0, 1.0]}, "5fd70cff4992429a99a84fd3c117ccb5_d2_4.png": {"intrinsics": {"fx": 1078.86, "fy": 1079.25, "cx": 635.596, "cy": 513.03}, "camera_to_world_matrix": [0.893191, 0.302039, -0.333139, 0.0210404, -0.449638, 0.590325, -0.670329, 0.0187816, -0.00580485, 0.748524, 0.66308, 1.5456, 0.0, 0.0, 0.0, 1.0]}, "5fd70cff4992429a99a84fd3c117ccb5_d2_5.png": {"intrinsics": {"fx": 1078.86, "fy": 1079.25, "cx": 635.596, "cy": 513.03}, "camera_to_world_matrix": [0.057166, 0.672246, -0.738117, 0.0289847, -0.998324, 0.0319171, -0.0482491, 0.00659315, -0.00887636, 0.739639, 0.672943, 1.54541, 0.0, 0.0, 0.0, 1.0]}, "6178647ca8d14dc09370f6c1b7ed2fd6_d0_0.png": {"intrinsics": {"fx": 1075.94, "fy": 1076.58, "cx": 624.716, "cy": 515.4}, "camera_to_world_matrix": [0.858399, -0.356455, -0.368907, -3.68667, -0.512213, -0.556151, -0.654473, 1.96955, 0.0281219, 0.750757, -0.65998, 1.48183, 0.0, 0.0, 0.0, 1.0]}, "6178647ca8d14dc09370f6c1b7ed2fd6_d0_1.png": {"intrinsics": {"fx": 1075.94, "fy": 1076.58, "cx": 624.716, "cy": 515.4}, "camera_to_world_matrix": [-0.0146716, -0.672064, -0.740349, -3.6795, -0.999668, 0.0255632, -0.00339479, 1.95689, 0.021207, 0.740052, -0.672215, 1.48206, 0.0, 0.0, 0.0, 1.0]}, "6178647ca8d14dc09370f6c1b7ed2fd6_d0_2.png": {"intrinsics": {"fx": 1075.94, "fy": 1076.58, "cx": 624.716, "cy": 515.4}, "camera_to_world_matrix": [-0.873218, -0.32606, -0.362184, -3.68688, -0.487318, 0.589828, 0.643914, 1.94435, 0.00367166, 0.738776, -0.673942, 1.4821, 0.0, 0.0, 0.0, 1.0]}, "6178647ca8d14dc09370f6c1b7ed2fd6_d0_3.png": {"intrinsics": {"fx": 1075.94, "fy": 1076.58, "cx": 624.716, "cy": 515.4}, "camera_to_world_matrix": [-0.858674, 0.335545, 0.387413, -3.70143, 0.512476, 0.572365, 0.640131, 1.94447, -0.00694859, 0.748204, -0.663433, 1.48189, 0.0, 0.0, 0.0, 1.0]}, "6178647ca8d14dc09370f6c1b7ed2fd6_d0_4.png": {"intrinsics": {"fx": 1075.94, "fy": 1076.58, "cx": 624.716, "cy": 515.4}, "camera_to_world_matrix": [0.0144149, 0.651131, 0.758829, -3.7086, 0.999897, -0.00936197, -0.0109612, 1.95713, -3.31858e-05, 0.758908, -0.651198, 1.48165, 0.0, 0.0, 0.0, 1.0]}, "6178647ca8d14dc09370f6c1b7ed2fd6_d0_5.png": {"intrinsics": {"fx": 1075.94, "fy": 1076.58, "cx": 624.716, "cy": 515.4}, "camera_to_world_matrix": [0.872941, 0.305105, 0.380639, -3.70122, 0.487513, -0.573613, -0.658256, 1.96967, 0.0175023, 0.760184, -0.649472, 1.48162, 0.0, 0.0, 0.0, 1.0]}, "6178647ca8d14dc09370f6c1b7ed2fd6_d1_0.png": {"intrinsics": {"fx": 1078.65, "fy": 1079.1, "cx": 627.81, "cy": 510.778}, "camera_to_world_matrix": [0.861767, -0.017932, -0.506985, -3.69274, -0.506702, 0.0181542, -0.861929, 1.96039, 0.0246603, 0.999674, 0.00655736, 1.5151, 0.0, 0.0, 0.0, 1.0]}, "6178647ca8d14dc09370f6c1b7ed2fd6_d1_1.png": {"intrinsics": {"fx": 1078.65, "fy": 1079.1, "cx": 627.81, "cy": 510.778}, "camera_to_world_matrix": [-0.00815833, -0.00959779, -0.99992, -3.69101, -0.999806, 0.0179284, 0.00798576, 1.95734, 0.0178506, 0.999793, -0.00974342, 1.51515, 0.0, 0.0, 0.0, 1.0]}, "6178647ca8d14dc09370f6c1b7ed2fd6_d1_2.png": {"intrinsics": {"fx": 1078.65, "fy": 1079.1, "cx": 627.81, "cy": 510.778}, "camera_to_world_matrix": [-0.870025, -0.0056275, -0.492973, -3.69279, -0.493005, 0.0105975, 0.869962, 1.95433, 0.000328893, 0.999927, -0.0119957, 1.51516, 0.0, 0.0, 0.0, 1.0]}, "6178647ca8d14dc09370f6c1b7ed2fd6_d1_3.png": {"intrinsics": {"fx": 1078.65, "fy": 1079.1, "cx": 627.81, "cy": 510.778}, "camera_to_world_matrix": [-0.861947, -0.00999147, 0.506898, -3.69629, 0.50689, 0.00349261, 0.862003, 1.95435, -0.0103827, 0.999943, 0.00205294, 1.51511, 0.0, 0.0, 0.0, 1.0]}, "6178647ca8d14dc09370f6c1b7ed2fd6_d1_4.png": {"intrinsics": {"fx": 1078.65, "fy": 1079.1, "cx": 627.81, "cy": 510.778}, "camera_to_world_matrix": [0.00799802, -0.0183256, 0.9998, -3.69801, 0.99996, 0.00371881, -0.00793166, 1.9574, -0.00357237, 0.999825, 0.0183535, 1.51505, 0.0, 0.0, 0.0, 1.0]}, "6178647ca8d14dc09370f6c1b7ed2fd6_d1_5.png": {"intrinsics": {"fx": 1078.65, "fy": 1079.1, "cx": 627.81, "cy": 510.778}, "camera_to_world_matrix": [0.869845, -0.0222956, 0.492818, -3.69624, 0.493125, 0.0110499, -0.869888, 1.96041, 0.0139494, 0.99969, 0.020605, 1.51505, 0.0, 0.0, 0.0, 1.0]}, "6178647ca8d14dc09370f6c1b7ed2fd6_d2_0.png": {"intrinsics": {"fx": 1078.86, "fy": 1079.25, "cx": 635.596, "cy": 513.03}, "camera_to_world_matrix": [0.863425, 0.324778, -0.386024, -3.6876, -0.504009, 0.588223, -0.63243, 1.97027, 0.0216693, 0.740616, 0.671577, 1.54832, 0.0, 0.0, 0.0, 1.0]}, "6178647ca8d14dc09370f6c1b7ed2fd6_d2_1.png": {"intrinsics": {"fx": 1078.86, "fy": 1079.25, "cx": 635.596, "cy": 513.03}, "camera_to_world_matrix": [-0.00494897, 0.659601, -0.751599, -3.68043, -0.999875, 0.00794274, 0.0135553, 1.95761, 0.0149112, 0.751574, 0.659478, 1.54855, 0.0, 0.0, 0.0, 1.0]}, "6178647ca8d14dc09370f6c1b7ed2fd6_d2_2.png": {"intrinsics": {"fx": 1078.86, "fy": 1079.25, "cx": 635.596, "cy": 513.03}, "camera_to_world_matrix": [-0.868432, 0.324443, -0.374913, -3.68781, -0.495799, -0.572245, 0.653237, 1.94507, -0.00260362, 0.753174, 0.657814, 1.54859, 0.0, 0.0, 0.0, 1.0]}, "6178647ca8d14dc09370f6c1b7ed2fd6_d2_3.png": {"intrinsics": {"fx": 1078.86, "fy": 1079.25, "cx": 635.596, "cy": 513.03}, "camera_to_world_matrix": [-0.863521, -0.34553, 0.36734, -3.70235, 0.504133, -0.57214, 0.646919, 1.94519, -0.0133599, 0.743818, 0.668247, 1.54838, 0.0, 0.0, 0.0, 1.0]}, "6178647ca8d14dc09370f6c1b7ed2fd6_d2_4.png": {"intrinsics": {"fx": 1078.86, "fy": 1079.25, "cx": 635.596, "cy": 513.03}, "camera_to_world_matrix": [0.00487197, -0.68033, 0.73289, -3.70953, 0.999965, 0.00815327, 0.000920044, 1.95785, -0.00660109, 0.73286, 0.680345, 1.54814, 0.0, 0.0, 0.0, 1.0]}, "6178647ca8d14dc09370f6c1b7ed2fd6_d2_5.png": {"intrinsics": {"fx": 1078.86, "fy": 1079.25, "cx": 635.596, "cy": 513.03}, "camera_to_world_matrix": [0.868335, -0.345149, 0.356178, -3.70215, 0.495855, 0.588328, -0.638747, 1.97039, 0.0109138, 0.73126, 0.682009, 1.54811, 0.0, 0.0, 0.0, 1.0]}, "86d342c576ff46a9828d2ba377cc8cd5_d0_0.png": {"intrinsics": {"fx": 1075.94, "fy": 1076.58, "cx": 624.716, "cy": 515.4}, "camera_to_world_matrix": [-0.544485, 0.553662, 0.630076, -1.79516, 0.838709, 0.350213, 0.417037, -1.90969, 0.0102367, 0.75552, -0.655046, 1.48898, 0.0, 0.0, 0.0, 1.0]}, "86d342c576ff46a9828d2ba377cc8cd5_d0_1.png": {"intrinsics": {"fx": 1075.94, "fy": 1076.58, "cx": 624.716, "cy": 515.4}, "camera_to_world_matrix": [0.454083, 0.580219, 0.676133, -1.79601, 0.890774, -0.311151, -0.331221, -1.89516, 0.0181983, 0.752683, -0.658132, 1.48904, 0.0, 0.0, 0.0, 1.0]}, "86d342c576ff46a9828d2ba377cc8cd5_d0_2.png": {"intrinsics": {"fx": 1075.94, "fy": 1076.58, "cx": 624.716, "cy": 515.4}, "camera_to_world_matrix": [0.998475, 0.0207479, 0.0511593, -1.78386, 0.0519968, -0.664805, -0.745206, -1.88716, 0.0185494, 0.746729, -0.66487, 1.48917, 0.0, 0.0, 0.0, 1.0]}, "86d342c576ff46a9828d2ba377cc8cd5_d0_3.png": {"intrinsics": {"fx": 1075.94, "fy": 1076.58, "cx": 624.716, "cy": 515.4}, "camera_to_world_matrix": [0.544289, -0.565268, -0.619857, -1.77086, -0.838827, -0.357088, -0.410923, -1.89369, 0.0109387, 0.743613, -0.668521, 1.48924, 0.0, 0.0, 0.0, 1.0]}, "86d342c576ff46a9828d2ba377cc8cd5_d0_4.png": {"intrinsics": {"fx": 1075.94, "fy": 1076.58, "cx": 624.716, "cy": 515.4}, "camera_to_world_matrix": [-0.454281, -0.5918, -0.665884, -1.77, -0.890854, 0.304277, 0.337336, -1.90821, 0.00297725, 0.746451, -0.665434, 1.48918, 0.0, 0.0, 0.0, 1.0]}, "86d342c576ff46a9828d2ba377cc8cd5_d0_5.png": {"intrinsics": {"fx": 1075.94, "fy": 1076.58, "cx": 624.716, "cy": 515.4}, "camera_to_world_matrix": [-0.998641, -0.032315, -0.0408946, -1.78216, -0.0520551, 0.657909, 0.751297, -1.91621, 0.00262659, 0.752404, -0.658697, 1.48905, 0.0, 0.0, 0.0, 1.0]}, "86d342c576ff46a9828d2ba377cc8cd5_d1_0.png": {"intrinsics": {"fx": 1078.65, "fy": 1079.1, "cx": 627.81, "cy": 510.778}, "camera_to_world_matrix": [-0.549886, -0.00740409, 0.835206, -1.78619, 0.835211, -0.0129317, 0.549776, -1.90376, 0.00673036, 0.999888, 0.0132937, 1.52233, 0.0, 0.0, 0.0, 1.0]}, "86d342c576ff46a9828d2ba377cc8cd5_d1_1.png": {"intrinsics": {"fx": 1078.65, "fy": 1079.1, "cx": 627.81, "cy": 510.778}, "camera_to_world_matrix": [0.448352, -0.0147835, 0.893734, -1.78639, 0.893734, -0.0090501, -0.448503, -1.90027, 0.0147191, 0.999849, 0.00915367, 1.52235, 0.0, 0.0, 0.0, 1.0]}, "86d342c576ff46a9828d2ba377cc8cd5_d1_2.png": {"intrinsics": {"fx": 1078.65, "fy": 1079.1, "cx": 627.81, "cy": 510.778}, "camera_to_world_matrix": [0.998173, -0.0151118, 0.0584746, -1.78347, 0.0584707, -0.000718574, -0.998288, -1.89835, 0.0151283, 0.999885, 0.000165129, 1.52238, 0.0, 0.0, 0.0, 1.0]}, "86d342c576ff46a9828d2ba377cc8cd5_d1_3.png": {"intrinsics": {"fx": 1078.65, "fy": 1079.1, "cx": 627.81, "cy": 510.778}, "camera_to_world_matrix": [0.549744, -0.00806075, -0.835294, -1.78034, -0.835298, 0.00373119, -0.549783, -1.89992, 0.00754865, 0.99996, -0.00468314, 1.52239, 0.0, 0.0, 0.0, 1.0]}, "86d342c576ff46a9828d2ba377cc8cd5_d1_4.png": {"intrinsics": {"fx": 1078.65, "fy": 1079.1, "cx": 627.81, "cy": 510.778}, "camera_to_world_matrix": [-0.448497, -0.000681521, -0.893783, -1.78014, -0.893782, -0.000150674, 0.448498, -1.90341, -0.000439983, 0.999999, -0.000542758, 1.52238, 0.0, 0.0, 0.0, 1.0]}, "86d342c576ff46a9828d2ba377cc8cd5_d1_5.png": {"intrinsics": {"fx": 1078.65, "fy": 1079.1, "cx": 627.81, "cy": 510.778}, "camera_to_world_matrix": [-0.998286, -0.000353517, -0.058502, -1.78306, -0.0584973, -0.00848221, 0.998251, -1.90533, -0.00084878, 0.999963, 0.0084458, 1.52235, 0.0, 0.0, 0.0, 1.0]}, "86d342c576ff46a9828d2ba377cc8cd5_d2_0.png": {"intrinsics": {"fx": 1078.86, "fy": 1079.25, "cx": 635.596, "cy": 513.03}, "camera_to_world_matrix": [-0.552516, -0.56249, 0.615085, -1.79568, 0.833492, -0.376154, 0.404717, -1.90999, 0.00371746, 0.736283, 0.676662, 1.55548, 0.0, 0.0, 0.0, 1.0]}, "86d342c576ff46a9828d2ba377cc8cd5_d2_1.png": {"intrinsics": {"fx": 1078.86, "fy": 1079.25, "cx": 635.596, "cy": 513.03}, "camera_to_world_matrix": [0.445549, -0.606924, 0.658125, -1.79653, 0.895179, 0.292404, -0.336381, -1.89547, 0.0117195, 0.739015, 0.673585, 1.55554, 0.0, 0.0, 0.0, 1.0]}, "86d342c576ff46a9828d2ba377cc8cd5_d2_2.png": {"intrinsics": {"fx": 1078.86, "fy": 1079.25, "cx": 635.596, "cy": 513.03}, "camera_to_world_matrix": [0.998022, -0.0501602, 0.0378435, -1.78437, 0.0616479, 0.665136, -0.744173, -1.88747, 0.0121571, 0.745035, 0.666912, 1.55567, 0.0, 0.0, 0.0, 1.0]}, "86d342c576ff46a9828d2ba377cc8cd5_d2_3.png": {"intrinsics": {"fx": 1078.86, "fy": 1079.25, "cx": 635.596, "cy": 513.03}, "camera_to_world_matrix": [0.552419, 0.551024, -0.625463, -1.77137, -0.833552, 0.369302, -0.410858, -1.89399, 0.0045927, 0.748323, 0.663316, 1.55574, 0.0, 0.0, 0.0, 1.0]}, "86d342c576ff46a9828d2ba377cc8cd5_d2_4.png": {"intrinsics": {"fx": 1078.86, "fy": 1079.25, "cx": 635.596, "cy": 513.03}, "camera_to_world_matrix": [-0.445648, 0.595432, -0.668474, -1.77052, -0.8952, -0.299257, 0.330242, -1.90852, -0.00340914, 0.745591, 0.666393, 1.55568, 0.0, 0.0, 0.0, 1.0]}, "86d342c576ff46a9828d2ba377cc8cd5_d2_5.png": {"intrinsics": {"fx": 1078.86, "fy": 1079.25, "cx": 635.596, "cy": 513.03}, "camera_to_world_matrix": [-0.998089, 0.0386533, -0.0481767, -1.78267, -0.061647, -0.671968, 0.73801, -1.91652, -0.00384641, 0.73957, 0.673066, 1.55555, 0.0, 0.0, 0.0, 1.0]}, "8dba9ff900b14f9b84ead660f5f7f701_d0_0.png": {"intrinsics": {"fx": 1075.94, "fy": 1076.58, "cx": 624.716, "cy": 515.4}, "camera_to_world_matrix": [0.502194, -0.570868, -0.649548, -4.10353, -0.864737, -0.326547, -0.381573, -2.89512, 0.00572019, 0.753311, -0.65764, 1.48285, 0.0, 0.0, 0.0, 1.0]}, "8dba9ff900b14f9b84ead660f5f7f701_d0_1.png": {"intrinsics": {"fx": 1075.94, "fy": 1076.58, "cx": 624.716, "cy": 515.4}, "camera_to_world_matrix": [-0.497733, -0.564576, -0.65842, -4.1034, -0.867234, 0.335325, 0.368054, -2.90967, 0.0129901, 0.754196, -0.656522, 1.48282, 0.0, 0.0, 0.0, 1.0]}, "8dba9ff900b14f9b84ead660f5f7f701_d0_2.png": {"intrinsics": {"fx": 1075.94, "fy": 1076.58, "cx": 624.716, "cy": 515.4}, "camera_to_world_matrix": [-0.999838, 0.0117568, -0.0136711, -4.11593, -0.00249226, 0.660811, 0.750549, -2.91706, 0.0178579, 0.750461, -0.660674, 1.48291, 0.0, 0.0, 0.0, 1.0]}, "8dba9ff900b14f9b84ead660f5f7f701_d0_3.png": {"intrinsics": {"fx": 1075.94, "fy": 1076.58, "cx": 624.716, "cy": 515.4}, "camera_to_world_matrix": [-0.502006, 0.581786, 0.639935, -4.1286, 0.864727, 0.324417, 0.383409, -2.9099, 0.0154557, 0.745842, -0.665944, 1.48301, 0.0, 0.0, 0.0, 1.0]}, "8dba9ff900b14f9b84ead660f5f7f701_d0_4.png": {"intrinsics": {"fx": 1075.94, "fy": 1076.58, "cx": 624.716, "cy": 515.4}, "camera_to_world_matrix": [0.497921, 0.575468, 0.648778, -4.12873, 0.867185, -0.337455, -0.366219, -2.89535, 0.00818568, 0.744957, -0.667062, 1.48303, 0.0, 0.0, 0.0, 1.0]}, "8dba9ff900b14f9b84ead660f5f7f701_d0_5.png": {"intrinsics": {"fx": 1075.94, "fy": 1076.58, "cx": 624.716, "cy": 515.4}, "camera_to_world_matrix": [0.999992, -0.00087793, 0.00401399, -4.11619, 0.00242329, -0.662918, -0.748689, -2.88796, 0.00331809, 0.748692, -0.66291, 1.48295, 0.0, 0.0, 0.0, 1.0]}, "8dba9ff900b14f9b84ead660f5f7f701_d1_0.png": {"intrinsics": {"fx": 1078.65, "fy": 1079.1, "cx": 627.81, "cy": 510.778}, "camera_to_world_matrix": [0.507764, 0.00735882, -0.861464, -4.11281, -0.861492, 0.006932, -0.507722, -2.90078, 0.00223577, 0.999948, 0.00985819, 1.51616, 0.0, 0.0, 0.0, 1.0]}, "8dba9ff900b14f9b84ead660f5f7f701_d1_1.png": {"intrinsics": {"fx": 1078.65, "fy": 1079.1, "cx": 627.81, "cy": 510.778}, "camera_to_world_matrix": [-0.492154, 0.0145365, -0.870386, -4.11277, -0.870455, 0.00268933, 0.492238, -2.90428, 0.00949654, 0.99989, 0.0113287, 1.51615, 0.0, 0.0, 0.0, 1.0]}, "8dba9ff900b14f9b84ead660f5f7f701_d1_2.png": {"intrinsics": {"fx": 1078.65, "fy": 1079.1, "cx": 627.81, "cy": 510.778}, "camera_to_world_matrix": [-0.999855, 0.0144511, -0.00887107, -4.11579, -0.00895392, -0.00564829, 0.999943, -2.90606, 0.0144005, 0.999879, 0.00577567, 1.51617, 0.0, 0.0, 0.0, 1.0]}, "8dba9ff900b14f9b84ead660f5f7f701_d1_3.png": {"intrinsics": {"fx": 1078.65, "f