{"0071597aa35c49e093a1dd95810f1b13_d0_0.png": {"intrinsics": {"fx": 1068.71, "fy": 1068.71, "cx": 641.262, "cy": 499.747}, "camera_to_world_matrix": [-0.888059, -0.297342, -0.350627, 3.09159, -0.459521, 0.597107, 0.657498, -8.26041, 0.01386, 0.745017, -0.666901, 8.56211, 0.0, 0.0, 0.0, 1.0]}, "0071597aa35c49e093a1dd95810f1b13_d0_1.png": {"intrinsics": {"fx": 1068.71, "fy": 1068.71, "cx": 641.262, "cy": 499.747}, "camera_to_world_matrix": [-0.842101, 0.361258, 0.400449, 3.07706, 0.539319, 0.565773, 0.623728, -8.25976, -0.00123689, 0.741212, -0.67127, 8.5622, 0.0, 0.0, 0.0, 1.0]}, "0071597aa35c49e093a1dd95810f1b13_d0_2.png": {"intrinsics": {"fx": 1068.71, "fy": 1068.71, "cx": 641.262, "cy": 499.747}, "camera_to_world_matrix": [0.0459857, 0.663465, 0.746793, 3.07035, 0.998847, -0.0202092, -0.0435521, -8.24685, -0.0138033, 0.747934, -0.663629, 8.56205, 0.0, 0.0, 0.0, 1.0]}, "0071597aa35c49e093a1dd95810f1b13_d0_3.png": {"intrinsics": {"fx": 1068.71, "fy": 1068.71, "cx": 641.262, "cy": 499.747}, "camera_to_world_matrix": [0.888094, 0.307067, 0.342052, 3.07819, 0.459525, -0.574843, -0.677047, -8.23459, -0.0112725, 0.758462, -0.651619, 8.56182, 0.0, 0.0, 0.0, 1.0]}, "0071597aa35c49e093a1dd95810f1b13_d0_4.png": {"intrinsics": {"fx": 1068.71, "fy": 1068.71, "cx": 641.262, "cy": 499.747}, "camera_to_world_matrix": [0.842097, -0.351531, -0.409023, 3.09272, -0.539314, -0.543483, -0.643248, -8.23524, 0.00382472, 0.762268, -0.64725, 8.56173, 0.0, 0.0, 0.0, 1.0]}, "0071597aa35c49e093a1dd95810f1b13_d0_5.png": {"intrinsics": {"fx": 1068.71, "fy": 1068.71, "cx": 641.262, "cy": 499.747}, "camera_to_world_matrix": [-0.0460081, -0.653717, -0.75534, 3.09942, -0.998807, 0.0425109, 0.0240462, -8.24815, 0.0163907, 0.755545, -0.654892, 8.56188, 0.0, 0.0, 0.0, 1.0]}, "0071597aa35c49e093a1dd95810f1b13_d1_0.png": {"intrinsics": {"fx": 1070.74, "fy": 1070.54, "cx": 631.576, "cy": 520.251}, "camera_to_world_matrix": [-0.887289, 0.0239232, -0.460594, 3.08672, -0.460374, 0.0143347, 0.88761, -8.25011, 0.0278369, 0.999611, -0.00170521, 8.59525, 0.0, 0.0, 0.0, 1.0]}, "0071597aa35c49e093a1dd95810f1b13_d1_1.png": {"intrinsics": {"fx": 1070.74, "fy": 1070.54, "cx": 631.576, "cy": 520.251}, "camera_to_world_matrix": [-0.842588, 0.0147904, 0.538356, 3.08322, 0.538408, -0.00053018, 0.842684, -8.24996, 0.012749, 0.999891, -0.00751633, 8.59527, 0.0, 0.0, 0.0, 1.0]}, "0071597aa35c49e093a1dd95810f1b13_d1_2.png": {"intrinsics": {"fx": 1070.74, "fy": 1070.54, "cx": 631.576, "cy": 520.251}, "camera_to_world_matrix": [0.0448187, -0.00265134, 0.998992, 3.08161, 0.998995, -5.25573e-05, -0.044819, -8.24685, 0.000171289, 0.999997, 0.00264651, 8.59523, 0.0, 0.0, 0.0, 1.0]}, "0071597aa35c49e093a1dd95810f1b13_d1_3.png": {"intrinsics": {"fx": 1070.74, "fy": 1070.54, "cx": 631.576, "cy": 520.251}, "camera_to_world_matrix": [0.887505, -0.0109598, 0.460669, 3.08349, 0.460791, 0.0152899, -0.887377, -8.2439, 0.00268181, 0.999823, 0.0186202, 8.59518, 0.0, 0.0, 0.0, 1.0]}, "0071597aa35c49e093a1dd95810f1b13_d1_4.png": {"intrinsics": {"fx": 1070.74, "fy": 1070.54, "cx": 631.576, "cy": 520.251}, "camera_to_world_matrix": [0.842765, -0.00182632, -0.538279, 3.08699, -0.537989, 0.0301545, -0.842413, -8.24406, 0.01777, 0.999544, 0.0244308, 8.59516, 0.0, 0.0, 0.0, 1.0]}, "0071597aa35c49e093a1dd95810f1b13_d1_5.png": {"intrinsics": {"fx": 1070.74, "fy": 1070.54, "cx": 631.576, "cy": 520.251}, "camera_to_world_matrix": [-0.04466, 0.0156154, -0.99888, 3.0886, -0.998542, 0.0296762, 0.0451088, -8.24716, 0.0303473, 0.999438, 0.0142674, 8.59519, 0.0, 0.0, 0.0, 1.0]}, "0071597aa35c49e093a1dd95810f1b13_d2_0.png": {"intrinsics": {"fx": 1065.34, "fy": 1065.1, "cx": 639.386, "cy": 516.077}, "camera_to_world_matrix": [-0.887036, 0.318574, -0.334179, 3.09202, -0.461186, -0.577327, 0.673795, -8.25943, 0.0217235, 0.7518, 0.659032, 8.62861, 0.0, 0.0, 0.0, 1.0]}, "0071597aa35c49e093a1dd95810f1b13_d2_1.png": {"intrinsics": {"fx": 1065.34, "fy": 1065.1, "cx": 639.386, "cy": 516.077}, "camera_to_world_matrix": [-0.843107, -0.347865, 0.410072, 3.07749, 0.537703, -0.554776, 0.6349, -8.25877, 0.00663895, 0.755787, 0.654783, 8.62869, 0.0, 0.0, 0.0, 1.0]}, "0071597aa35c49e093a1dd95810f1b13_d2_2.png": {"intrinsics": {"fx": 1065.34, "fy": 1065.1, "cx": 639.386, "cy": 516.077}, "camera_to_world_matrix": [0.0440074, -0.6616, 0.748564, 3.07079, 0.999013, 0.0336043, -0.0290314, -8.24586, -0.00594756, 0.749103, 0.662425, 8.62854, 0.0, 0.0, 0.0, 1.0]}, "0071597aa35c49e093a1dd95810f1b13_d2_3.png": {"intrinsics": {"fx": 1065.34, "fy": 1065.1, "cx": 639.386, "cy": 516.077}, "camera_to_world_matrix": [0.887173, -0.308889, 0.342797, 3.07862, 0.461423, 0.599419, -0.654053, -8.2336, -0.00344925, 0.738433, 0.674316, 8.62831, 0.0, 0.0, 0.0, 1.0]}, "0071597aa35c49e093a1dd95810f1b13_d2_4.png": {"intrinsics": {"fx": 1065.34, "fy": 1065.1, "cx": 639.386, "cy": 516.077}, "camera_to_world_matrix": [0.843205, 0.357549, -0.401452, 3.09315, -0.537465, 0.576841, -0.615129, -8.23426, 0.0116355, 0.734447, 0.678565, 8.62823, 0.0, 0.0, 0.0, 1.0]}, "0071597aa35c49e093a1dd95810f1b13_d2_5.png": {"intrinsics": {"fx": 1065.34, "fy": 1065.1, "cx": 639.386, "cy": 516.077}, "camera_to_world_matrix": [-0.0439281, 0.671261, -0.739918, 3.09985, -0.99874, -0.0115509, 0.0488157, -8.24717, 0.0242216, 0.741131, 0.670922, 8.62837, 0.0, 0.0, 0.0, 1.0]}, "0161d2ef9de54cc5b715efb1e9c8958e_d0_0.png": {"intrinsics": {"fx": 1068.71, "fy": 1068.71, "cx": 641.262, "cy": 499.747}, "camera_to_world_matrix": [0.998594, 0.0390709, 0.0358241, 17.4639, 0.0526811, -0.656498, -0.752486, -6.9876, -0.00588199, 0.753316, -0.657633, 3.52458, 0.0, 0.0, 0.0, 1.0]}, "0161d2ef9de54cc5b715efb1e9c8958e_d0_1.png": {"intrinsics": {"fx": 1068.71, "fy": 1068.71, "cx": 641.262, "cy": 499.747}, "camera_to_world_matrix": [0.544926, -0.548069, -0.634568, 17.4768, -0.838484, -0.356489, -0.412141, -6.99419, -0.000334401, 0.756662, -0.653807, 3.5245, 0.0, 0.0, 0.0, 1.0]}, "0161d2ef9de54cc5b715efb1e9c8958e_d0_2.png": {"intrinsics": {"fx": 1068.71, "fy": 1068.71, "cx": 641.262, "cy": 499.747}, "camera_to_world_matrix": [-0.453671, -0.581829, -0.675024, 17.4776, -0.891143, 0.302, 0.338615, -7.00872, 0.00684131, 0.755163, -0.655502, 3.52454, 0.0, 0.0, 0.0, 1.0]}, "0161d2ef9de54cc5b715efb1e9c8958e_d0_3.png": {"intrinsics": {"fx": 1068.71, "fy": 1068.71, "cx": 641.262, "cy": 499.747}, "camera_to_world_matrix": [-0.998578, -0.0284496, -0.0450871, 17.4654, -0.0526354, 0.660465, 0.74901, -7.01666, 0.00846931, 0.750318, -0.661023, 3.52464, 0.0, 0.0, 0.0, 1.0]}, "0161d2ef9de54cc5b715efb1e9c8958e_d0_4.png": {"intrinsics": {"fx": 1068.71, "fy": 1068.71, "cx": 641.262, "cy": 499.747}, "camera_to_world_matrix": [-0.544875, 0.558678, 0.625292, 17.4525, 0.838512, 0.360433, 0.408639, -7.01007, 0.00292158, 0.746972, -0.664849, 3.52472, 0.0, 0.0, 0.0, 1.0]}, "0161d2ef9de54cc5b715efb1e9c8958e_d0_5.png": {"intrinsics": {"fx": 1068.71, "fy": 1068.71, "cx": 641.262, "cy": 499.747}, "camera_to_world_matrix": [0.453725, 0.592413, 0.665719, 17.4517, 0.891132, -0.298057, -0.34212, -6.99554, -0.00425409, 0.748471, -0.663154, 3.52469, 0.0, 0.0, 0.0, 1.0]}, "0161d2ef9de54cc5b715efb1e9c8958e_d1_0.png": {"intrinsics": {"fx": 1070.74, "fy": 1070.54, "cx": 631.576, "cy": 520.251}, "camera_to_world_matrix": [0.998511, -0.00864896, 0.0538758, 17.4647, 0.0539636, 0.0102611, -0.99849, -6.99855, 0.00808302, 0.99991, 0.0107128, 3.55785, 0.0, 0.0, 0.0, 1.0]}, "0161d2ef9de54cc5b715efb1e9c8958e_d1_1.png": {"intrinsics": {"fx": 1070.74, "fy": 1070.54, "cx": 631.576, "cy": 520.251}, "camera_to_world_matrix": [0.546012, 0.00580051, -0.837757, 17.4678, -0.837667, 0.0200411, -0.545814, -7.00013, 0.0136236, 0.999783, 0.0158018, 3.55783, 0.0, 0.0, 0.0, 1.0]}, "0161d2ef9de54cc5b715efb1e9c8958e_d1_2.png": {"intrinsics": {"fx": 1070.74, "fy": 1070.54, "cx": 631.576, "cy": 520.251}, "camera_to_world_matrix": [-0.452403, 0.0214949, -0.891555, 17.468, -0.891571, 0.0124169, 0.452711, -7.00363, 0.0208013, 0.999692, 0.013547, 3.55784, 0.0, 0.0, 0.0, 1.0]}, "0161d2ef9de54cc5b715efb1e9c8958e_d1_3.png": {"intrinsics": {"fx": 1070.74, "fy": 1070.54, "cx": 631.576, "cy": 520.251}, "camera_to_world_matrix": [-0.998298, 0.0227396, -0.0537177, 17.4651, -0.0538442, -0.00498715, 0.998537, -7.00554, 0.0224383, 0.999729, 0.00620324, 3.55787, 0.0, 0.0, 0.0, 1.0]}, "0161d2ef9de54cc5b715efb1e9c8958e_d1_4.png": {"intrinsics": {"fx": 1070.74, "fy": 1070.54, "cx": 631.576, "cy": 520.251}, "camera_to_world_matrix": [-0.545764, 0.00828971, 0.837898, 17.462, 0.837769, -0.0147666, 0.545826, -7.00395, 0.0168976, 0.999857, 0.00111442, 3.55789, 0.0, 0.0, 0.0, 1.0]}, "0161d2ef9de54cc5b715efb1e9c8958e_d1_5.png": {"intrinsics": {"fx": 1070.74, "fy": 1070.54, "cx": 631.576, "cy": 520.251}, "camera_to_world_matrix": [0.452653, -0.00740443, 0.891656, 17.4618, 0.891634, -0.00714177, -0.452701, -7.00046, 0.00971995, 0.999947, 0.00336948, 3.55788, 0.0, 0.0, 0.0, 1.0]}, "0161d2ef9de54cc5b715efb1e9c8958e_d2_0.png": {"intrinsics": {"fx": 1065.34, "fy": 1065.1, "cx": 639.386, "cy": 516.077}, "camera_to_world_matrix": [0.998499, -0.0380359, 0.0393952, 17.4643, 0.054726, 0.667382, -0.742701, -6.98743, 0.00195787, 0.743743, 0.668461, 3.59108, 0.0, 0.0, 0.0, 1.0]}, "0161d2ef9de54cc5b715efb1e9c8958e_d2_1.png": {"intrinsics": {"fx": 1065.34, "fy": 1065.1, "cx": 639.386, "cy": 516.077}, "camera_to_world_matrix": [0.546659, 0.559867, -0.622665, 17.4773, -0.837321, 0.372145, -0.4005, -6.99401, 0.00749488, 0.740309, 0.672224, 3.591, 0.0, 0.0, 0.0, 1.0]}, "0161d2ef9de54cc5b715efb1e9c8958e_d2_2.png": {"intrinsics": {"fx": 1065.34, "fy": 1065.1, "cx": 639.386, "cy": 516.077}, "camera_to_world_matrix": [-0.451788, 0.603142, -0.657348, 17.4781, -0.892004, -0.29328, 0.343969, -7.00854, 0.0146749, 0.741759, 0.670505, 3.59104, 0.0, 0.0, 0.0, 1.0]}, "0161d2ef9de54cc5b715efb1e9c8958e_d2_3.png": {"intrinsics": {"fx": 1065.34, "fy": 1065.1, "cx": 639.386, "cy": 516.077}, "camera_to_world_matrix": [-0.998372, 0.0485123, -0.0299695, 17.4659, -0.0546389, -0.663453, 0.74622, -7.01648, 0.0163177, 0.746644, 0.665023, 3.59114, 0.0, 0.0, 0.0, 1.0]}, "0161d2ef9de54cc5b715efb1e9c8958e_d2_4.png": {"intrinsics": {"fx": 1065.34, "fy": 1065.1, "cx": 639.386, "cy": 516.077}, "camera_to_world_matrix": [-0.546497, -0.549379, 0.632078, 17.4529, 0.83739, -0.368192, 0.403993, -7.0099, 0.0107805, 0.750078, 0.66126, 3.59122, 0.0, 0.0, 0.0, 1.0]}, "0161d2ef9de54cc5b715efb1e9c8958e_d2_5.png": {"intrinsics": {"fx": 1065.34, "fy": 1065.1, "cx": 639.386, "cy": 516.077}, "camera_to_world_matrix": [0.451951, -0.592628, 0.666731, 17.4521, 0.892034, 0.297235, -0.340477, -6.99537, 0.00360063, 0.748627, 0.66298, 3.59118, 0.0, 0.0, 0.0, 1.0]}, "01e637135bdc467cbbd4c7c2c6572eb6_d0_0.png": {"intrinsics": {"fx": 1068.71, "fy": 1068.71, "cx": 641.262, "cy": 499.747}, "camera_to_world_matrix": [0.159484, 0.648049, 0.744713, -3.28491, 0.9872, -0.105933, -0.119231, -7.4906, 0.00162183, 0.754195, -0.656648, -4.90531, 0.0, 0.0, 0.0, 1.0]}, "01e637135bdc467cbbd4c7c2c6572eb6_d0_1.png": {"intrinsics": {"fx": 1068.71, "fy": 1068.71, "cx": 641.262, "cy": 499.747}, "camera_to_world_matrix": [0.934678, 0.230766, 0.270415, -3.27573, 0.355467, -0.616445, -0.702595, -7.47931, 0.00456091, 0.752824, -0.658206, -4.90528, 0.0, 0.0, 0.0, 1.0]}, "01e637135bdc467cbbd4c7c2c6572eb6_d0_2.png": {"intrinsics": {"fx": 1068.71, "fy": 1068.71, "cx": 641.262, "cy": 499.747}, "camera_to_world_matrix": [0.775169, -0.419988, -0.471937, -3.26136, -0.631741, -0.510312, -0.583512, -7.48161, 0.00423272, 0.750462, -0.6609, -4.90523, 0.0, 0.0, 0.0, 1.0]}, "01e637135bdc467cbbd4c7c2c6572eb6_d0_3.png": {"intrinsics": {"fx": 1068.71, "fy": 1068.71, "cx": 641.262, "cy": 499.747}, "camera_to_world_matrix": [-0.159532, -0.653443, -0.739975, -3.25617, -0.987193, 0.10633, 0.118933, -7.49521, 0.0009655, 0.749471, -0.662036, -4.90521, 0.0, 0.0, 0.0, 1.0]}, "01e637135bdc467cbbd4c7c2c6572eb6_d0_4.png": {"intrinsics": {"fx": 1068.71, "fy": 1068.71, "cx": 641.262, "cy": 499.747}, "camera_to_world_matrix": [-0.934702, -0.236139, -0.265654, -3.26535, -0.355429, 0.616826, 0.70228, -7.5065, -0.00197344, 0.750843, -0.660478, -4.90524, 0.0, 0.0, 0.0, 1.0]}, "01e637135bdc467cbbd4c7c2c6572eb6_d0_5.png": {"intrinsics": {"fx": 1068.71, "fy": 1068.71, "cx": 641.262, "cy": 499.747}, "camera_to_world_matrix": [-0.775153, 0.41461, 0.476694, -3.27972, 0.631772, 0.510668, 0.583167, -7.50419, -0.00164516, 0.753205, -0.657784, -4.90529, 0.0, 0.0, 0.0, 1.0]}, "01e637135bdc467cbbd4c7c2c6572eb6_d1_0.png": {"intrinsics": {"fx": 1070.74, "fy": 1070.54, "cx": 631.576, "cy": 520.251}, "camera_to_world_matrix": [0.158178, -0.0143566, 0.987307, -3.27412, 0.987288, -0.0134821, -0.158371, -7.49234, 0.0155846, 0.999806, 0.0120417, -4.87202, 0.0, 0.0, 0.0, 1.0]}, "01e637135bdc467cbbd4c7c2c6572eb6_d1_1.png": {"intrinsics": {"fx": 1070.74, "fy": 1070.54, "cx": 631.576, "cy": 520.251}, "camera_to_world_matrix": [0.934074, -0.0208629, 0.356471, -3.27191, 0.3566, 0.00270794, -0.934254, -7.48962, 0.0185259, 0.999779, 0.00996933, -4.87202, 0.0, 0.0, 0.0, 1.0]}, "01e637135bdc467cbbd4c7c2c6572eb6_d1_2.png": {"intrinsics": {"fx": 1070.74, "fy": 1070.54, "cx": 631.576, "cy": 520.251}, "camera_to_world_matrix": [0.77582, -0.010095, -0.630874, -3.26845, -0.630692, 0.0164376, -0.77586, -7.49018, 0.0182023, 0.999814, 0.00638593, -4.872, 0.0, 0.0, 0.0, 1.0]}, "01e637135bdc467cbbd4c7c2c6572eb6_d1_3.png": {"intrinsics": {"fx": 1070.74, "fy": 1070.54, "cx": 631.576, "cy": 520.251}, "camera_to_world_matrix": [-0.158326, 0.00717903, -0.987361, -3.2672, -0.987274, 0.0139768, 0.158414, -7.49345, 0.0149374, 0.999877, 0.00487497, -4.872, 0.0, 0.0, 0.0, 1.0]}, "01e637135bdc467cbbd4c7c2c6572eb6_d1_4.png": {"intrinsics": {"fx": 1070.74, "fy": 1070.54, "cx": 631.576, "cy": 520.251}, "camera_to_world_matrix": [-0.934197, 0.0136848, -0.356495, -3.26941, -0.356556, -0.00221352, 0.934272, -7.49616, 0.0119961, 0.999904, 0.00694744, -4.872, 0.0, 0.0, 0.0, 1.0]}, "01e637135bdc467cbbd4c7c2c6572eb6_d1_5.png": {"intrinsics": {"fx": 1070.74, "fy": 1070.54, "cx": 631.576, "cy": 520.251}, "camera_to_world_matrix": [-0.775905, 0.00291631, 0.630844, -3.27287, 0.63073, -0.0159427, 0.775839, -7.49561, 0.0123199, 0.999869, 0.0105308, -4.87202, 0.0, 0.0, 0.0, 1.0]}, "01e637135bdc467cbbd4c7c2c6572eb6_d2_0.png": {"intrinsics": {"fx": 1065.34, "fy": 1065.1, "cx": 639.386, "cy": 516.077}, "camera_to_world_matrix": [0.157445, -0.662213, 0.732588, -3.28515, 0.987482, 0.0984693, -0.123217, -7.49058, 0.00945884, 0.742818, 0.669426, -4.83881, 0.0, 0.0, 0.0, 1.0]}, "01e637135bdc467cbbd4c7c2c6572eb6_d2_1.png": {"intrinsics": {"fx": 1065.34, "fy": 1065.1, "cx": 639.386, "cy": 516.077}, "camera_to_world_matrix": [0.933887, -0.247319, 0.258236, -3.27597, 0.357349, 0.62051, -0.698046, -7.47929, 0.012402, 0.744178, 0.667865, -4.83878, 0.0, 0.0, 0.0, 1.0]}, "01e637135bdc467cbbd4c7c2c6572eb6_d2_2.png": {"intrinsics": {"fx": 1065.34, "fy": 1065.1, "cx": 639.386, "cy": 516.077}, "camera_to_world_matrix": [0.776388, 0.412225, -0.476751, -3.2616, -0.630138, 0.522211, -0.574648, -7.4816, 0.0120811, 0.74657, 0.665196, -4.83873, 0.0, 0.0, 0.0, 1.0]}, "01e637135bdc467cbbd4c7c2c6572eb6_d2_3.png": {"intrinsics": {"fx": 1065.34, "fy": 1065.1, "cx": 639.386, "cy": 516.077}, "camera_to_world_matrix": [-0.15755, 0.656859, -0.73737, -3.25641, -0.987471, -0.0981261, 0.123576, -7.49519, 0.0088171, 0.747601, 0.664088, -4.83871, 0.0, 0.0, 0.0, 1.0]}, "01e637135bdc467cbbd4c7c2c6572eb6_d2_4.png": {"intrinsics": {"fx": 1065.34, "fy": 1065.1, "cx": 639.386, "cy": 516.077}, "camera_to_world_matrix": [-0.933967, 0.241944, -0.262996, -3.26559, -0.357308, -0.620151, 0.698387, -7.50648, 0.00587405, 0.746241, 0.665648, -4.83874, 0.0, 0.0, 0.0, 1.0]}, "01e637135bdc467cbbd4c7c2c6572eb6_d2_5.png": {"intrinsics": {"fx": 1065.34, "fy": 1065.1, "cx": 639.386, "cy": 516.077}, "camera_to_world_matrix": [-0.776429, -0.417595, 0.471987, -3.27996, 0.630173, -0.521826, 0.57496, -7.50417, 0.00619508, 0.743849, 0.668317, -4.83879, 0.0, 0.0, 0.0, 1.0]}, "040e38c4060149998fd950fffa79e88a_d0_0.png": {"intrinsics": {"fx": 1068.71, "fy": 1068.71, "cx": 641.262, "cy": 499.747}, "camera_to_world_matrix": [-0.378554, 0.612012, 0.694362, 4.12509, 0.925574, 0.252902, 0.281699, -7.33501, -0.00320209, 0.749322, -0.662198, -0.724298, 0.0, 0.0, 0.0, 1.0]}, "040e38c4060149998fd950fffa79e88a_d0_1.png": {"intrinsics": {"fx": 1068.71, "fy": 1068.71, "cx": 641.262, "cy": 499.747}, "camera_to_world_matrix": [0.612306, 0.522065, 0.593742, 4.12704, 0.79061, -0.400279, -0.463372, -7.32059, -0.00424778, 0.753144, -0.657842, -0.724382, 0.0, 0.0, 0.0, 1.0]}, "040e38c4060149998fd950fffa79e88a_d0_2.png": {"intrinsics": {"fx": 1068.71, "fy": 1068.71, "cx": 641.262, "cy": 499.747}, "camera_to_world_matrix": [0.990849, -0.0885915, -0.101832, 4.1405, -0.134975, -0.64896, -0.748754, -7.31507, 0.000248133, 0.755647, -0.654979, -0.724438, 0.0, 0.0, 0.0, 1.0]}, "040e38c4060149998fd950fffa79e88a_d0_3.png": {"intrinsics": {"fx": 1068.71, "fy": 1068.71, "cx": 641.262, "cy": 499.747}, "camera_to_world_matrix": [0.378523, -0.609287, -0.696771, 4.15201, -0.925574, -0.244456, -0.289058, -7.32397, 0.00578968, 0.754328, -0.656472, -0.724409, 0.0, 0.0, 0.0, 1.0]}, "040e38c4060149998fd950fffa79e88a_d0_4.png": {"intrinsics": {"fx": 1068.71, "fy": 1068.71, "cx": 641.262, "cy": 499.747}, "camera_to_world_matrix": [-0.612333, -0.519315, -0.596122, 4.15006, -0.790571, 0.408721, 0.45601, -7.33838, 0.0068352, 0.750506, -0.660828, -0.724324, 0.0, 0.0, 0.0, 1.0]}, "040e38c4060149998fd950fffa79e88a_d0_5.png": {"intrinsics": {"fx": 1068.71, "fy": 1068.71, "cx": 641.262, "cy": 499.747}, "camera_to_world_matrix": [-0.990839, 0.0913511, 0.0994636, 4.1366, 0.135028, 0.657379, 0.741364, -7.34391, 0.00233909, 0.748003, -0.663691, -0.724269, 0.0, 0.0, 0.0, 1.0]}, "040e38c4060149998fd950fffa79e88a_d1_0.png": {"intrinsics": {"fx": 1070.74, "fy": 1070.54, "cx": 631.576, "cy": 520.251}, "camera_to_world_matrix": [-0.379645, -0.000212886, 0.925132, 4.13537, 0.92507, -0.0117294, 0.379617, -7.33063, 0.0107704, 0.999931, 0.00465012, -0.691091, 0.0, 0.0, 0.0, 1.0]}, "040e38c4060149998fd950fffa79e88a_d1_1.png": {"intrinsics": {"fx": 1070.74, "fy": 1070.54, "cx": 631.576, "cy": 520.251}, "camera_to_world_matrix": [0.611269, -0.0142055, 0.791295, 4.13584, 0.791363, -0.00130553, -0.611345, -7.32716, 0.0097175, 0.999898, 0.0104439, -0.691111, 0.0, 0.0, 0.0, 1.0]}, "040e38c4060149998fd950fffa79e88a_d1_2.png": {"intrinsics": {"fx": 1070.74, "fy": 1070.54, "cx": 631.576, "cy": 520.251}, "camera_to_world_matrix": [0.990929, -0.0121743, -0.133839, 4.13908, -0.133639, 0.0160241, -0.990901, -7.32583, 0.0142082, 0.999798, 0.014252, -0.691124, 0.0, 0.0, 0.0, 1.0]}, "040e38c4060149998fd950fffa79e88a_d1_3.png": {"intrinsics": {"fx": 1070.74, "fy": 1070.54, "cx": 631.576, "cy": 520.251}, "camera_to_world_matrix": [0.379665, 0.0038495, -0.925116, 4.14185, -0.924914, 0.0229295, -0.379486, -7.32797, 0.0197516, 0.99973, 0.0122662, -0.691117, 0.0, 0.0, 0.0, 1.0]}, "040e38c4060149998fd950fffa79e88a_d1_4.png": {"intrinsics": {"fx": 1070.74, "fy": 1070.54, "cx": 631.576, "cy": 520.251}, "camera_to_world_matrix": [-0.611245, 0.0178418, -0.791241, 4.14138, -0.791169, 0.0125051, 0.611471, -7.33144, 0.0208042, 0.999763, 0.00647234, -0.691097, 0.0, 0.0, 0.0, 1.0]}, "040e38c4060149998fd950fffa79e88a_d1_5.png": {"intrinsics": {"fx": 1070.74, "fy": 1070.54, "cx": 631.576, "cy": 520.251}, "camera_to_world_matrix": [-0.990868, 0.0158099, 0.133909, 4.13814, 0.133849, -0.00482445, 0.99099, -7.33277, 0.0163134, 0.999864, 0.00266445, -0.691084, 0.0, 0.0, 0.0, 1.0]}, "040e38c4060149998fd950fffa79e88a_d2_0.png": {"intrinsics": {"fx": 1065.34, "fy": 1065.1, "cx": 639.386, "cy": 516.077}, "camera_to_world_matrix": [-0.380402, -0.612706, 0.692738, 4.12521, 0.924809, -0.255784, 0.281605, -7.33464, 0.00465004, 0.747774, 0.663936, -0.657799, 0.0, 0.0, 0.0, 1.0]}, "040e38c4060149998fd950fffa79e88a_d2_1.png": {"intrinsics": {"fx": 1065.34, "fy": 1065.1, "cx": 639.386, "cy": 516.077}, "camera_to_world_matrix": [0.610689, -0.530809, 0.587622, 4.12716, 0.791861, 0.405989, -0.45621, -7.32022, 0.00359262, 0.743918, 0.668259, -0.657883, 0.0, 0.0, 0.0, 1.0]}, "040e38c4060149998fd950fffa79e88a_d2_2.png": {"intrinsics": {"fx": 1065.34, "fy": 1065.1, "cx": 639.386, "cy": 516.077}, "camera_to_world_matrix": [0.991094, 0.0832641, -0.103917, 4.14062, -0.132914, 0.665938, -0.734071, -7.3147, 0.00808064, 0.741346, 0.671073, -0.657939, 0.0, 0.0, 0.0, 1.0]}, "040e38c4060149998fd950fffa79e88a_d2_3.png": {"intrinsics": {"fx": 1065.34, "fy": 1065.1, "cx": 639.386, "cy": 516.077}, "camera_to_world_matrix": [0.380399, 0.615426, -0.690324, 4.15213, -0.924721, 0.264108, -0.27411, -7.32359, 0.013626, 0.742629, 0.669563, -0.65791, 0.0, 0.0, 0.0, 1.0]}, "040e38c4060149998fd950fffa79e88a_d2_4.png": {"intrinsics": {"fx": 1065.34, "fy": 1065.1, "cx": 639.386, "cy": 516.077}, "camera_to_world_matrix": [-0.610687, 0.533503, -0.585179, 4.15018, -0.791735, -0.397662, 0.463702, -7.33801, 0.0146832, 0.746484, 0.665239, -0.657826, 0.0, 0.0, 0.0, 1.0]}, "040e38c4060149998fd950fffa79e88a_d2_5.png": {"intrinsics": {"fx": 1065.34, "fy": 1065.1, "cx": 639.386, "cy": 516.077}, "camera_to_world_matrix": [-0.991055, -0.0805801, 0.106371, 4.13672, 0.133055, -0.657587, 0.741536, -7.34353, 0.010195, 0.749057, 0.662426, -0.65777, 0.0, 0.0, 0.0, 1.0]}, "045640780a2246948b2974cf135141e4_d0_0.png": {"intrinsics": {"fx": 1068.71, "fy": 1068.71, "cx": 641.262, "cy": 499.747}, "camera_to_world_matrix": [-0.237622, -0.640201, -0.730534, 15.0286, -0.971233, 0.168672, 0.168099, -14.0571, 0.0156029, 0.749462, -0.661863, -0.834005, 0.0, 0.0, 0.0, 1.0]}, "045640780a2246948b2974cf135141e4_d0_1.png": {"intrinsics": {"fx": 1068.71, "fy": 1068.71, "cx": 641.262, "cy": 499.747}, "camera_to_world_matrix": [-0.960035, -0.183574, -0.21127, 15.0186, -0.27983, 0.644268, 0.711768, -14.0676, 0.00545258, 0.742441, -0.669889, -0.833849, 0.0, 0.0, 0.0, 1.0]}, "045640780a2246948b2974cf135141e4_d0_2.png": {"intrinsics": {"fx": 1068.71, "fy": 1068.71, "cx": 641.262, "cy": 499.747}, "camera_to_world_matrix": [-0.722391, 0.456661, 0.519242, 15.0044, 0.691428, 0.486651, 0.533946, -14.0641, -0.00885684, 0.744736, -0.6673, -0.833899, 0.0, 0.0, 0.0, 1.0]}, "045640780a2246948b2974cf135141e4_d0_3.png": {"intrinsics": {"fx": 1068.71, "fy": 1068.71, "cx": 641.262, "cy": 499.747}, "camera_to_world_matrix": [0.23766, 0.640255, 0.730474, 15.0004, 0.971262, -0.14656, -0.187541, -14.0502, -0.0130156, 0.754051, -0.656686, -0.834105, 0.0, 0.0, 0.0, 1.0]}, "045640780a2246948b2974cf135141e4_d0_4.png": {"intrinsics": {"fx": 1068.71, "fy": 1068.71, "cx": 641.262, "cy": 499.747}, "camera_to_world_matrix": [0.960046, 0.18361, 0.211189, 15.0104, 0.27983, -0.622139, -0.731189, -14.0397, -0.00286477, 0.761072, -0.648661, -0.83426, 0.0, 0.0, 0.0, 1.0]}, "045640780a2246948b2974cf135141e4_d0_5.png": {"intrinsics": {"fx": 1068.71, "fy": 1068.71, "cx": 641.262, "cy": 499.747}, "camera_to_world_matrix": [0.722364, -0.456619, -0.519316, 15.0245, -0.691419, -0.464497, -0.553339, -14.0431, 0.0114445, 0.758777, -0.65125, -0.83421, 0.0, 0.0, 0.0, 1.0]}, "045640780a2246948b2974cf135141e4_d1_0.png": {"intrinsics": {"fx": 1070.74, "fy": 1070.54, "cx": 631.576, "cy": 520.251}, "camera_to_world_matrix": [-0.236376, 0.0118674, -0.971589, 15.0179, -0.971212, 0.0275461, 0.23662, -14.054, 0.0295715, 0.99955, 0.00501474, -0.800796, 0.0, 0.0, 0.0, 1.0]}, "045640780a2246948b2974cf135141e4_d1_1.png": {"intrinsics": {"fx": 1070.74, "fy": 1070.54, "cx": 631.576, "cy": 520.251}, "camera_to_world_matrix": [-0.959571, 0.0170635, -0.280949, 15.0155, -0.280795, 0.0108909, 0.959706, -14.0565, 0.0194357, 0.999795, -0.0056591, -0.800759, 0.0, 0.0, 0.0, 1.0]}, "045640780a2246948b2974cf135141e4_d1_2.png": {"intrinsics": {"fx": 1070.74, "fy": 1070.54, "cx": 631.576, "cy": 520.251}, "camera_to_world_matrix": [-0.723173, 0.00523601, 0.690647, 15.0121, 0.690648, -0.0019359, 0.723189, -14.0557, 0.0051236, 0.999985, -0.00221606, -0.800771, 0.0, 0.0, 0.0, 1.0]}, "045640780a2246948b2974cf135141e4_d1_3.png": {"intrinsics": {"fx": 1070.74, "fy": 1070.54, "cx": 631.576, "cy": 520.251}, "camera_to_world_matrix": [0.236415, -0.0117872, 0.971581, 15.0111, 0.971652, 0.00189269, -0.236409, -14.0523, 0.000947667, 0.999929, 0.0119007, -0.80082, 0.0, 0.0, 0.0, 1.0]}, "045640780a2246948b2974cf135141e4_d1_4.png": {"intrinsics": {"fx": 1070.74, "fy": 1070.54, "cx": 631.576, "cy": 520.251}, "camera_to_world_matrix": [0.959584, -0.0169826, 0.280912, 15.0135, 0.281207, 0.018548, -0.959468, -14.0498, 0.0110839, 0.999684, 0.0225742, -0.800858, 0.0, 0.0, 0.0, 1.0]}, "045640780a2246948b2974cf135141e4_d1_5.png": {"intrinsics": {"fx": 1070.74, "fy": 1070.54, "cx": 631.576, "cy": 520.251}, "camera_to_world_matrix": [0.723147, -0.00515468, -0.690675, 15.0169, -0.690227, 0.0313744, -0.722913, -14.0506, 0.0253958, 0.999495, 0.0191306, -0.800846, 0.0, 0.0, 0.0, 1.0]}, "045640780a2246948b2974cf135141e4_d2_0.png": {"intrinsics": {"fx": 1065.34, "fy": 1065.1, "cx": 639.386, "cy": 516.077}, "camera_to_world_matrix": [-0.23564, 0.649647, -0.722795, 15.0286, -0.971556, -0.139525, 0.191335, -14.0561, 0.0234528, 0.747323, 0.664046, -0.767512, 0.0, 0.0, 0.0, 1.0]}, "045640780a2246948b2974cf135141e4_d2_1.png": {"intrinsics": {"fx": 1065.34, "fy": 1065.1, "cx": 639.386, "cy": 516.077}, "camera_to_world_matrix": [-0.959424, 0.194483, -0.204157, 15.0186, -0.28165, -0.626803, 0.726492, -14.0666, 0.0133245, 0.754516, 0.656145, -0.767357, 0.0, 0.0, 0.0, 1.0]}, "045640780a2246948b2974cf135141e4_d2_2.png": {"intrinsics": {"fx": 1065.34, "fy": 1065.1, "cx": 639.386, "cy": 516.077}, "camera_to_world_matrix": [-0.723762, -0.455137, 0.518669, 15.0044, 0.690048, -0.476293, 0.544956, -14.0632, -0.000991249, 0.752326, 0.658789, -0.767407, 0.0, 0.0, 0.0, 1.0]}, "045640780a2246948b2974cf135141e4_d2_3.png": {"intrinsics": {"fx": 1065.34, "fy": 1065.1, "cx": 639.386, "cy": 516.077}, "camera_to_world_matrix": [0.235678, -0.649581, 0.722842, 15.0004, 0.971816, 0.161491, -0.171732, -14.0492, -0.00517844, 0.742944, 0.669333, -0.767612, 0.0, 0.0, 0.0, 1.0]}, "045640780a2246948b2974cf135141e4_d2_4.png": {"intrinsics": {"fx": 1065.34, "fy": 1065.1, "cx": 639.386, "cy": 516.077}, "camera_to_world_matrix": [0.959435, -0.194398, 0.204183, 15.0104, 0.281881, 0.648752, -0.706869, -14.0387, 0.00495025, 0.735751, 0.677232, -0.767767, 0.0, 0.0, 0.0, 1.0]}, "045640780a2246948b2974cf135141e4_d2_5.png": {"intrinsics": {"fx": 1065.34, "fy": 1065.1, "cx": 639.386, "cy": 516.077}, "camera_to_world_matrix": [0.723736, 0.455217, -0.518636, 15.0245, -0.689807, 0.498217, -0.525305, -14.0421, 0.0192659, 0.737941, 0.674588, -0.767717, 0.0, 0.0, 0.0, 1.0]}, "06c43392eb4f41949c7bdfa6e46b984b_d0_0.png": {"intrinsics": {"fx": 1068.71, "fy": 1068.71, "cx": 641.262, "cy": 499.747}, "camera_to_world_matrix": [-0.388809, 0.613329, 0.6875, 3.94421, 0.921319, 0.259147, 0.289855, -4.77139, -0.000386977, 0.746104, -0.665829, -0.709513, 0.0, 0.0, 0.0, 1.0]}, "06c43392eb4f41949c7bdfa6e46b984b_d0_1.png": {"intrinsics": {"fx": 1068.71, "fy": 1068.71, "cx": 641.262, "cy": 499.747}, "camera_to_world_matrix": [0.603467, 0.530655, 0.595176, 3.946, 0.797358, -0.394994, -0.45629, -4.75695, -0.00704172, 0.749924, -0.661487, -0.709597, 0.0, 0.0, 0.0, 1.0]}, "06c43392eb4f41949c7bdfa6e46b984b_d0_2.png": {"intrinsics": {"fx": 1068.71, "fy": 1068.71, "cx": 641.262, "cy": 499.747}, "camera_to_world_matrix": [0.992272, -0.0771821, -0.0971639, 3.9594, -0.123972, -0.650438, -0.749375, -4.75127, -0.00536088, 0.755628, -0.654979, -0.709723, 0.0, 0.0, 0.0, 1.0]}, "06c43392eb4f41949c7bdfa6e46b984b_d0_3.png": {"intrinsics": {"fx": 1068.71, "fy": 1068.71, "cx": 641.262, "cy": 499.747}, "camera_to_world_matrix": [0.388792, -0.602332, -0.697164, 3.97101, -0.921321, -0.251735, -0.296307, -4.76004, 0.0029747, 0.757514, -0.652813, -0.709765, 0.0, 0.0, 0.0, 1.0]}, "06c43392eb4f41949c7bdfa6e46b984b_d0_4.png": {"intrinsics": {"fx": 1068.71, "fy": 1068.71, "cx": 641.262, "cy": 499.747}, "camera_to_world_matrix": [-0.603479, -0.519632, -0.604811, 3.96922, -0.797322, 0.402403, 0.449834, -4.77448, 0.00962927, 0.753694, -0.657155, -0.709681, 0.0, 0.0, 0.0, 1.0]}, "06c43392eb4f41949c7bdfa6e46b984b_d0_5.png": {"intrinsics": {"fx": 1068.71, "fy": 1068.71, "cx": 641.262, "cy": 499.747}, "camera_to_world_matrix": [-0.992248, 0.0882148, 0.0875402, 3.95582, 0.124024, 0.657823, 0.742892, -4.78015, 0.00794805, 0.747989, -0.663663, -0.709555, 0.0, 0.0, 0.0, 1.0]}, "06c43392eb4f41949c7bdfa6e46b984b_d1_0.png": {"intrinsics": {"fx": 1070.74, "fy": 1070.54, "cx": 631.576, "cy": 520.251}, "camera_to_world_matrix": [-0.389817, 0.00548109, 0.920877, 3.95463, 0.920793, -0.0124383, 0.389855, -4.76691, 0.0135909, 0.999908, -0.000198096, -0.67636, 0.0, 0.0, 0.0, 1.0]}, "06c43392eb4f41949c7bdfa6e46b984b_d1_1.png": {"intrinsics": {"fx": 1070.74, "fy": 1070.54, "cx": 631.576, "cy": 520.251}, "camera_to_world_matrix": [0.602499, -0.0086263, 0.798073, 3.95506, 0.79809, -0.00217035, -0.602535, -4.76344, 0.00692969, 0.999961, 0.00557711, -0.67638, 0.0, 0.0, 0.0, 1.0]}, "06c43392eb4f41949c7bdfa6e46b984b_d1_2.png": {"intrinsics": {"fx": 1070.74, "fy": 1070.54, "cx": 631.576, "cy": 520.251}, "camera_to_world_matrix": [0.992414, -0.00678801, -0.122759, 3.95828, -0.122646, 0.0151808, -0.992335, -4.76208, 0.00859951, 0.999862, 0.0142333, -0.67641, 0.0, 0.0, 0.0, 1.0]}, "06c43392eb4f41949c7bdfa6e46b984b_d1_3.png": {"intrinsics": {"fx": 1070.74, "fy": 1070.54, "cx": 631.576, "cy": 520.251}, "camera_to_world_matrix": [0.390004, 0.00915762, -0.920768, 3.96108, -0.920658, 0.0222636, -0.389736, -4.76419, 0.0169305, 0.999711, 0.0171141, -0.67642, 0.0, 0.0, 0.0, 1.0]}, "06c43392eb4f41949c7bdfa6e46b984b_d1_4.png": {"intrinsics": {"fx": 1070.74, "fy": 1070.54, "cx": 631.576, "cy": 520.251}, "camera_to_world_matrix": [-0.602307, 0.0232646, -0.797926, 3.96065, -0.797917, 0.0119951, 0.602649, -4.76766, 0.0235916, 0.999658, 0.0113387, -0.6764, 0.0, 0.0, 0.0, 1.0]}, "06c43392eb4f41949c7bdfa6e46b984b_d1_5.png": {"intrinsics": {"fx": 1070.74, "fy": 1070.54, "cx": 631.576, "cy": 520.251}, "camera_to_world_matrix": [-0.992186, 0.0214256, 0.122922, 3.95742, 0.122834, -0.00535599, 0.992413, -4.76902, 0.0219214, 0.999756, 0.00268251, -0.67637, 0.0, 0.0, 0.0, 1.0]}, "06c43392eb4f41949c7bdfa6e46b984b_d2_0.png": {"intrinsics": {"fx": 1065.34, "fy": 1065.1, "cx": 639.386, "cy": 516.077}, "camera_to_world_matrix": [-0.390604, -0.605661, 0.693255, 3.9447, 0.920527, -0.263095, 0.288805, -4.77106, 0.00747471, 0.75097, 0.660293, -0.643016, 0.0, 0.0, 0.0, 1.0]}, "06c43392eb4f41949c7bdfa6e46b984b_d2_1.png": {"intrinsics": {"fx": 1065.34, "fy": 1065.1, "cx": 639.386, "cy": 516.077}, "camera_to_world_matrix": [0.601879, -0.531132, 0.596355, 3.94649, 0.798586, 0.399548, -0.450135, -4.75662, 0.000808514, 0.747168, 0.664633, -0.6431, 0.0, 0.0, 0.0, 1.0]}, "06c43392eb4f41949c7bdfa6e46b984b_d2_2.png": {"intrinsics": {"fx": 1065.34, "fy": 1065.1, "cx": 639.386, "cy": 516.077}, "camera_to_world_matrix": [0.992537, 0.0799964, -0.0920329, 3.95988, -0.121915, 0.666296, -0.735653, -4.75095, 0.00247173, 0.741384, 0.671075, -0.643225, 0.0, 0.0, 0.0, 1.0]}, "06c43392eb4f41949c7bdfa6e46b984b_d2_3.png": {"intrinsics": {"fx": 1065.34, "fy": 1065.1, "cx": 639.386, "cy": 516.077}, "camera_to_world_matrix": [0.390702, 0.616581, -0.683505, 3.97149, -0.920453, 0.270395, -0.282226, -4.75972, 0.0108011, 0.739401, 0.673177, -0.643267, 0.0, 0.0, 0.0, 1.0]}, "06c43392eb4f41949c7bdfa6e46b984b_d2_4.png": {"intrinsics": {"fx": 1065.34, "fy": 1065.1, "cx": 639.386, "cy": 516.077}, "camera_to_world_matrix": [-0.601777, 0.542026, -0.586576, 3.96971, -0.798472, -0.392246, 0.45671, -4.77416, 0.0174671, 0.743203, 0.668837, -0.643183, 0.0, 0.0, 0.0, 1.0]}, "06c43392eb4f41949c7bdfa6e46b984b_d2_5.png": {"intrinsics": {"fx": 1065.34, "fy": 1065.1, "cx": 639.386, "cy": 516.077}, "camera_to_world_matrix": [-0.992398, -0.0691123, 0.101823, 3.95631, 0.122044, -0.65897, 0.742202, -4.77983, 0.0158036, 0.748987, 0.662395, -0.643057, 0.0, 0.0, 0.0, 1.0]}, "07711134346f4b9ba59ab031845bfca8_d0_0.png": {"intrinsics": {"fx": 1068.71, "fy": 1068.71, "cx": 641.262, "cy": 499.747}, "camera_to_world_matrix": [0.998864, 0.0222367, 0.0421479, -11.7799, 0.0462037, -0.668454, -0.742317, -6.94223, 0.0116671, 0.743421, -0.668722, -0.496656, 0.0, 0.0, 0.0, 1.0]}, "07711134346f4b9ba59ab031845bfca8_d0_1.png": {"intrinsics": {"fx": 1068.71, "fy": 1068.71, "cx": 641.262, "cy": 499.747}, "camera_to_world_matrix": [0.539555, -0.562972, -0.626054, -11.767, -0.841939, -0.364682, -0.397676, -6.9489, -0.00443042, 0.741667, -0.670754, -0.496617, 0.0, 0.0, 0.0, 1.0]}, "07711134346f4b9ba59ab031845bfca8_d0_2.png": {"intrinsics": {"fx": 1068.71, "fy": 1068.71, "cx": 641.262, "cy": 499.747}, "camera_to_world_matrix": [-0.459334, -0.592549, -0.661739, -11.7663, -0.888141, 0.293957, 0.353265, -6.96344, -0.0148039, 0.749984, -0.66129, -0.4968, 0.0, 0.0, 0.0, 1.0]}, "07711134346f4b9ba59ab031845bfca8_d0_3.png": {"intrinsics": {"fx": 1068.71, "fy": 1068.71, "cx": 641.262, "cy": 499.747}, "camera_to_world_matrix": [-0.998891, -0.0369159, -0.0292228, -11.7785, -0.0461986, 0.64881, 0.759547, -6.9713, -0.00907952, 0.760055, -0.649795, -0.497023, 0.0, 0.0, 0.0, 1.0]}, "07711134346f4b9ba59ab031845bfca8_d0_4.png": {"intrinsics": {"fx": 1068.71, "fy": 1068.71, "cx": 641.262, "cy": 499.747}, "camera_to_world_matrix": [-0.539548, 0.548281, 0.638965, -11.7915, 0.841926, 0.345015, 0.41488, -6.96463, 0.00701822, 0.761809, -0.647764, -0.497062, 0.0, 0.0, 0.0, 1.0]}, "07711134346f4b9ba59ab031845bfca8_d0_5.png": {"intrinsics": {"fx": 1068.71, "fy": 1068.71, "cx": 641.262, "cy": 499.747}, "camera_to_world_matrix": [0.459343, 0.577832, 0.674622, -11.7922, 0.888089, -0.313626, -0.336062, -6.9501, 0.0173911, 0.753492, -0.657228, -0.496879, 0.0, 0.0, 0.0, 1.0]}, "07711134346f4b9ba59ab031845bfca8_d1_0.png": {"intrinsics": {"fx": 1070.74, "fy": 1070.54, "cx": 631.576, "cy": 520.251}, "camera_to_world_matrix": [0.998553, -0.0254231, 0.0473889, -11.7797, 0.0472679, -0.00533874, -0.998868, -6.95371, 0.0256473, 0.999663, -0.00412913, -0.46355, 0.0, 0.0, 0.0, 1.0]}, "07711134346f4b9ba59ab031845bfca8_d1_1.png": {"intrinsics": {"fx": 1070.74, "fy": 1070.54, "cx": 631.576, "cy": 520.251}, "camera_to_world_matrix": [0.540411, -0.0109121, -0.841331, -11.7766, -0.841347, 0.00434692, -0.540478, -6.95531, 0.00955492, 0.999931, -0.00683159, -0.46354, 0.0, 0.0, 0.0, 1.0]}, "07711134346f4b9ba59ab031845bfca8_d1_2.png": {"intrinsics": {"fx": 1070.74, "fy": 1070.54, "cx": 631.576, "cy": 520.251}, "camera_to_world_matrix": [-0.458304, 0.00473319, -0.888783, -11.7764, -0.888796, -0.00337792, 0.458292, -6.95881, -0.000833103, 0.999983, 0.00575513, -0.463585, 0.0, 0.0, 0.0, 1.0]}, "07711134346f4b9ba59ab031845bfca8_d1_3.png": {"intrinsics": {"fx": 1070.74, "fy": 1070.54, "cx": 631.576, "cy": 520.251}, "camera_to_world_matrix": [-0.998854, 0.0058672, -0.0475154, -11.7794, -0.0476278, -0.0207882, 0.998649, -6.9607, 0.00487147, 0.999767, 0.021044, -0.463638, 0.0, 0.0, 0.0, 1.0]}, "07711134346f4b9ba59ab031845bfca8_d1_4.png": {"intrinsics": {"fx": 1070.74, "fy": 1070.54, "cx": 631.576, "cy": 520.251}, "camera_to_world_matrix": [-0.540677, -0.00864414, 0.841186, -11.7825, 0.84097, -0.0304733, 0.540224, -6.95909, 0.0209639, 0.999498, 0.0237459, -0.463647, 0.0, 0.0, 0.0, 1.0]}, "07711134346f4b9ba59ab031845bfca8_d1_5.png": {"intrinsics": {"fx": 1070.74, "fy": 1070.54, "cx": 631.576, "cy": 520.251}, "camera_to_world_matrix": [0.45804, -0.0242892, 0.8886, -11.7827, 0.888379, -0.0227479, -0.458548, -6.9556, 0.0313515, 0.999447, 0.0111587, -0.463603, 0.0, 0.0, 0.0, 1.0]}, "07711134346f4b9ba59ab031845bfca8_d2_0.png": {"intrinsics": {"fx": 1065.34, "fy": 1065.1, "cx": 639.386, "cy": 516.077}, "camera_to_world_matrix": [0.998649, -0.0463464, 0.0234463, -11.7806, 0.0481261, 0.655892, -0.753319, -6.9431, 0.0195356, 0.753431, 0.657236, -0.430165, 0.0, 0.0, 0.0, 1.0]}, "07711134346f4b9ba59ab031845bfca8_d2_1.png": {"intrinsics": {"fx": 1065.34, "fy": 1065.1, "cx": 639.386, "cy": 516.077}, "camera_to_world_matrix": [0.541163, 0.549656, -0.636412, -11.7676, -0.84091, 0.356821, -0.406876, -6.94977, 0.00344414, 0.755352, 0.655309, -0.430126, 0.0, 0.0, 0.0, 1.0]}, "07711134346f4b9ba59ab031845bfca8_d2_2.png": {"intrinsics": {"fx": 1065.34, "fy": 1065.1, "cx": 639.386, "cy": 516.077}, "camera_to_world_matrix": [-0.457588, 0.588702, -0.666365, -11.7669, -0.889136, -0.308815, 0.337741, -6.96431, -0.00695442, 0.747036, 0.664746, -0.430309, 0.0, 0.0, 0.0, 1.0]}, "07711134346f4b9ba59ab031845bfca8_d2_3.png": {"intrinsics": {"fx": 1065.34, "fy": 1065.1, "cx": 639.386, "cy": 516.077}, "camera_to_world_matrix": [-0.99883, 0.031745, -0.0364582, -11.7792, -0.048326, -0.675366, 0.735898, -6.97217, -0.0012613, 0.736799, 0.676109, -0.430532, 0.0, 0.0, 0.0, 1.0]}, "07711134346f4b9ba59ab031845bfca8_d2_4.png": {"intrinsics": {"fx": 1065.34, "fy": 1065.1, "cx": 639.386, "cy": 516.077}, "camera_to_world_matrix": [-0.541309, -0.564246, 0.623387, -11.7921, 0.840692, -0.376272, 0.389428, -6.9655, 0.0148302, 0.734878, 0.678036, -0.430571, 0.0, 0.0, 0.0, 1.0]}, "07711134346f4b9ba59ab031845bfca8_d2_5.png": {"intrinsics": {"fx": 1065.34, "fy": 1065.1, "cx": 639.386, "cy": 516.077}, "camera_to_world_matrix": [0.457444, -0.603266, 0.65331, -11.7928, 0.888879, 0.289366, -0.35519, -6.95096, 0.0252283, 0.743194, 0.668598, -0.430388, 0.0, 0.0, 0.0, 1.0]}, "078205ae85ea491bbd006c4d075a0285_d0_0.png": {"intrinsics": {"fx": 1068.71, "fy": 1068.71, "cx": 641.262, "cy": 499.747}, "camera_to_world_matrix": [-0.427824, -0.585749, -0.688378, -16.0308, -0.90386, 0.278711, 0.324587, -15.2756, 0.00173222, 0.761064, -0.648674, 4.70635, 0.0, 0.0, 0.0, 1.0]}, "078205ae85ea491bbd006c4d075a0285_d0_1.png": {"intrinsics": {"fx": 1068.71, "fy": 1068.71, "cx": 641.262, "cy": 499.747}, "camera_to_world_matrix": [-0.996585, -0.0429384, -0.0705401, -16.0428, -0.0814316, 0.652987, 0.752979, -15.2839, 0.01373, 0.756151, -0.654253, 4.70646, 0.0, 0.0, 0.0, 1.0]}, "078205ae85ea491bbd006c4d075a0285_d0_2.png": {"intrinsics": {"fx": 1068.71, "fy": 1068.71, "cx": 641.262, "cy": 499.747}, "camera_to_world_matrix": [-0.568721, 0.552539, 0.609309, -16.0559, 0.822424, 0.370021, 0.432093, -15.2777, 0.0132911, 0.74685, -0.664859, 4.70667, 0.0, 0.0, 0.0, 1.0]}, "078205ae85ea491bbd006c4d075a0285_d0_3.png": {"intrinsics": {"fx": 1068.71, "fy": 1068.71, "cx": 641.262, "cy": 499.747}, "camera_to_world_matrix": [0.427893, 0.605193, 0.671304, -16.0571, 0.903829, -0.287214, -0.317177, -15.2632, 0.000854459, 0.742462, -0.669887, 4.70676, 0.0, 0.0, 0.0, 1.0]}, "078205ae85ea491bbd006c4d075a0285_d0_4.png": {"intrinsics": {"fx": 1068.71, "fy": 1068.71, "cx": 641.262, "cy": 499.747}, "camera_to_world_matrix": [0.996621, 0.0623677, 0.0534492, -16.0452, 0.081378, -0.661469, -0.745545, -15.2549, -0.011143, 0.747376, -0.664309, 4.70666, 0.0, 0.0, 0.0, 1.0]}, "078205ae85ea491bbd006c4d075a0285_d0_5.png": {"intrinsics": {"fx": 1068.71, "fy": 1068.71, "cx": 641.262, "cy": 499.747}, "camera_to_world_matrix": [0.568722, -0.533099, -0.626387, -16.032, -0.82246, -0.378479, -0.424633, -15.2611, -0.0107036, 0.756677, -0.653702, 4.70645, 0.0, 0.0, 0.0, 1.0]}, "078205ae85ea491bbd006c4d075a0285_d1_0.png": {"intrinsics": {"fx": 1070.74, "fy": 1070.54, "cx": 631.576, "cy": 520.251}, "camera_to_world_matrix": [-0.426461, 0.0270977, -0.9041, -16.0404, -0.90437, 0.00455399, 0.426725, -15.2711, 0.0156805, 0.999623, 0.0225645, 4.73975, 0.0, 0.0, 0.0, 1.0]}, "078205ae85ea491bbd006c4d075a0285_d1_1.png": {"intrinsics": {"fx": 1070.74, "fy": 1070.54, "cx": 631.576, "cy": 520.251}, "camera_to_world_matrix": [-0.996186, 0.0288422, -0.0823543, -16.0433, -0.0827501, -0.0128067, 0.996488, -15.2731, 0.0276862, 0.999502, 0.0151448, 4.73978, 0.0, 0.0, 0.0, 1.0]}, "078205ae85ea491bbd006c4d075a0285_d1_2.png": {"intrinsics": {"fx": 1070.74, "fy": 1070.54, "cx": 631.576, "cy": 520.251}, "camera_to_world_matrix": [-0.569505, 0.0146804, 0.821857, -16.0464, 0.821536, -0.0229989, 0.569693, -15.2716, 0.027265, 0.999628, 0.00103766, 4.73983, 0.0, 0.0, 0.0, 1.0]}, "078205ae85ea491bbd006c4d075a0285_d1