{"0167dd7b10ef452690c67dd6b7630be7_d0_0.png": {"intrinsics": {"fx": 1074.61, "fy": 1075.44, "cx": 635.684, "cy": 519.372}, "camera_to_world_matrix": [0.544641, 0.564197, 0.620523, 6.62308, 0.838606, -0.37544, -0.394695, -5.02415, 0.010284, 0.735341, -0.677619, 2.41293, 0.0, 0.0, 0.0, 1.0]}, "0167dd7b10ef452690c67dd6b7630be7_d0_1.png": {"intrinsics": {"fx": 1074.61, "fy": 1075.44, "cx": 635.684, "cy": 519.372}, "camera_to_world_matrix": [0.998601, -0.0284433, -0.0445823, 6.63598, -0.0521611, -0.66858, -0.741808, -5.01742, -0.00870732, 0.743095, -0.669129, 2.41276, 0.0, 0.0, 0.0, 1.0]}, "0167dd7b10ef452690c67dd6b7630be7_d0_2.png": {"intrinsics": {"fx": 1074.61, "fy": 1075.44, "cx": 635.684, "cy": 519.372}, "camera_to_world_matrix": [0.45414, -0.578484, -0.677578, 6.64825, -0.890892, -0.301902, -0.339362, -5.02523, -0.00824679, 0.757767, -0.652473, 2.41244, 0.0, 0.0, 0.0, 1.0]}, "0167dd7b10ef452690c67dd6b7630be7_d0_3.png": {"intrinsics": {"fx": 1074.61, "fy": 1075.44, "cx": 635.684, "cy": 519.372}, "camera_to_world_matrix": [-0.544268, -0.535873, -0.645455, 6.64763, -0.838836, 0.357908, 0.410189, -5.03976, 0.0112051, 0.764684, -0.644308, 2.41228, 0.0, 0.0, 0.0, 1.0]}, "0167dd7b10ef452690c67dd6b7630be7_d0_4.png": {"intrinsics": {"fx": 1074.61, "fy": 1075.44, "cx": 635.684, "cy": 519.372}, "camera_to_world_matrix": [-0.998193, 0.0567786, 0.0196632, 6.63473, 0.0519486, 0.651025, 0.757276, -5.04649, 0.0301959, 0.756929, -0.652799, 2.41245, 0.0, 0.0, 0.0, 1.0]}, "0167dd7b10ef452690c67dd6b7630be7_d0_5.png": {"intrinsics": {"fx": 1074.61, "fy": 1075.44, "cx": 635.684, "cy": 519.372}, "camera_to_world_matrix": [-0.4537, 0.606805, 0.652644, 6.62245, 0.890658, 0.284325, 0.354805, -5.03868, 0.0297345, 0.742258, -0.669455, 2.41277, 0.0, 0.0, 0.0, 1.0]}, "0167dd7b10ef452690c67dd6b7630be7_d1_0.png": {"intrinsics": {"fx": 1075.98, "fy": 1076.47, "cx": 627.187, "cy": 512.785}, "camera_to_world_matrix": [0.536843, 0.0102246, 0.843619, 6.63303, 0.84365, -0.0150654, -0.536681, -5.03046, 0.0072224, 0.999834, -0.0167148, 2.44592, 0.0, 0.0, 0.0, 1.0]}, "0167dd7b10ef452690c67dd6b7630be7_d1_1.png": {"intrinsics": {"fx": 1075.98, "fy": 1076.47, "cx": 627.187, "cy": 512.785}, "camera_to_world_matrix": [0.999007, 0.0116323, -0.0429857, 6.63613, -0.042919, -0.00589706, -0.999061, -5.02885, -0.0118746, 0.999915, -0.00539297, 2.44588, 0.0, 0.0, 0.0, 1.0]}, "0167dd7b10ef452690c67dd6b7630be7_d1_2.png": {"intrinsics": {"fx": 1075.98, "fy": 1076.47, "cx": 627.187, "cy": 512.785}, "camera_to_world_matrix": [0.462282, 0.0202751, -0.886501, 6.63908, -0.886656, -0.00253048, -0.462421, -5.03072, -0.0116187, 0.999791, 0.0168063, 2.44581, 0.0, 0.0, 0.0, 1.0]}, "0167dd7b10ef452690c67dd6b7630be7_d1_3.png": {"intrinsics": {"fx": 1075.98, "fy": 1076.47, "cx": 627.187, "cy": 512.785}, "camera_to_world_matrix": [-0.536594, 0.02751, -0.843391, 6.63893, -0.843804, -0.00833234, 0.536585, -5.03422, 0.00773432, 0.999586, 0.0276832, 2.44577, 0.0, 0.0, 0.0, 1.0]}, "0167dd7b10ef452690c67dd6b7630be7_d1_4.png": {"intrinsics": {"fx": 1075.98, "fy": 1076.47, "cx": 627.187, "cy": 512.785}, "camera_to_world_matrix": [-0.998723, 0.026102, 0.0432318, 6.63583, 0.0427831, -0.0175007, 0.998931, -5.03584, 0.0268309, 0.999506, 0.0163606, 2.44581, 0.0, 0.0, 0.0, 1.0]}, "0167dd7b10ef452690c67dd6b7630be7_d1_5.png": {"intrinsics": {"fx": 1075.98, "fy": 1076.47, "cx": 627.187, "cy": 512.785}, "camera_to_world_matrix": [-0.461965, 0.017459, 0.886726, 6.63288, 0.886499, -0.0208669, 0.462258, -5.03396, 0.0265741, 0.999629, -0.00583865, 2.44588, 0.0, 0.0, 0.0, 1.0]}, "0167dd7b10ef452690c67dd6b7630be7_d2_0.png": {"intrinsics": {"fx": 1074.72, "fy": 1075.57, "cx": 634.139, "cy": 513.071}, "camera_to_world_matrix": [0.539843, -0.5547, 0.633149, 6.62433, 0.841765, 0.356383, -0.40549, -5.02492, -0.00071756, 0.751864, 0.659318, 2.47941, 0.0, 0.0, 0.0, 1.0]}, "0167dd7b10ef452690c67dd6b7630be7_d2_1.png": {"intrinsics": {"fx": 1074.72, "fy": 1075.57, "cx": 634.139, "cy": 513.071}, "camera_to_world_matrix": [0.99872, 0.04579, -0.0214575, 6.63723, -0.0465421, 0.666431, -0.744113, -5.0182, -0.0197729, 0.744159, 0.667709, 2.47925, 0.0, 0.0, 0.0, 1.0]}, "0167dd7b10ef452690c67dd6b7630be7_d2_2.png": {"intrinsics": {"fx": 1074.72, "fy": 1075.57, "cx": 634.139, "cy": 513.071}, "camera_to_world_matrix": [0.458848, 0.614396, -0.641854, 6.64951, -0.888302, 0.30141, -0.346513, -5.026, -0.0194344, 0.729156, 0.68407, 2.47892, 0.0, 0.0, 0.0, 1.0]}, "0167dd7b10ef452690c67dd6b7630be7_d2_3.png": {"intrinsics": {"fx": 1074.72, "fy": 1075.57, "cx": 634.139, "cy": 513.071}, "camera_to_world_matrix": [-0.53989, 0.582499, -0.60763, 6.64888, -0.841735, -0.37365, 0.389701, -5.04054, -4.05873e-05, 0.721859, 0.69204, 2.47876, 0.0, 0.0, 0.0, 1.0]}, "0167dd7b10ef452690c67dd6b7630be7_d2_4.png": {"intrinsics": {"fx": 1074.72, "fy": 1075.57, "cx": 634.139, "cy": 513.071}, "camera_to_world_matrix": [-0.998733, -0.0180032, 0.04699, 6.63598, 0.04659, -0.683675, 0.728297, -5.04727, 0.0190143, 0.729564, 0.683648, 2.47893, 0.0, 0.0, 0.0, 1.0]}, "0167dd7b10ef452690c67dd6b7630be7_d2_5.png": {"intrinsics": {"fx": 1074.72, "fy": 1075.57, "cx": 634.139, "cy": 513.071}, "camera_to_world_matrix": [-0.458827, -0.586595, 0.667371, 6.62371, 0.888329, -0.318633, 0.330673, -5.03946, 0.018675, 0.744567, 0.667286, 2.47925, 0.0, 0.0, 0.0, 1.0]}, "0226a22e35fb4630898a9fadbed1dfaf_d0_0.png": {"intrinsics": {"fx": 1074.61, "fy": 1075.44, "cx": 635.684, "cy": 519.372}, "camera_to_world_matrix": [-0.844385, -0.342784, -0.41172, 1.22804, -0.535534, 0.561204, 0.631073, 31.0196, 0.0147375, 0.753358, -0.657445, 1.71773, 0.0, 0.0, 0.0, 1.0]}, "0226a22e35fb4630898a9fadbed1dfaf_d0_1.png": {"intrinsics": {"fx": 1074.61, "fy": 1075.44, "cx": 635.684, "cy": 519.372}, "camera_to_world_matrix": [-0.885906, 0.318141, 0.337574, 1.21351, 0.463554, 0.580611, 0.669334, 31.0189, 0.0169433, 0.749451, -0.661843, 1.71782, 0.0, 0.0, 0.0, 1.0]}, "0226a22e35fb4630898a9fadbed1dfaf_d0_2.png": {"intrinsics": {"fx": 1074.61, "fy": 1075.44, "cx": 635.684, "cy": 519.372}, "camera_to_world_matrix": [-0.0414372, 0.665395, 0.74534, 1.2056, 0.999057, 0.0179232, 0.0395419, 31.0311, 0.0129522, 0.746276, -0.665511, 1.71789, 0.0, 0.0, 0.0, 1.0]}, "0226a22e35fb4630898a9fadbed1dfaf_d0_3.png": {"intrinsics": {"fx": 1074.61, "fy": 1075.44, "cx": 635.684, "cy": 519.372}, "camera_to_world_matrix": [0.844534, 0.351717, 0.403803, 1.21223, 0.535459, -0.564158, -0.628497, 31.0441, 0.00675541, 0.747007, -0.664782, 1.71788, 0.0, 0.0, 0.0, 1.0]}, "0226a22e35fb4630898a9fadbed1dfaf_d0_4.png": {"intrinsics": {"fx": 1074.61, "fy": 1075.44, "cx": 635.684, "cy": 519.372}, "camera_to_world_matrix": [0.886016, -0.309208, -0.345492, 1.22676, -0.463631, -0.583539, -0.666729, 31.0448, 0.00454982, 0.750914, -0.660384, 1.71779, 0.0, 0.0, 0.0, 1.0]}, "0226a22e35fb4630898a9fadbed1dfaf_d0_5.png": {"intrinsics": {"fx": 1074.61, "fy": 1075.44, "cx": 635.684, "cy": 519.372}, "camera_to_world_matrix": [0.0415263, -0.656441, -0.753234, 1.23466, -0.999101, -0.0208376, -0.0369213, 31.0326, 0.00854108, 0.75409, -0.656716, 1.71772, 0.0, 0.0, 0.0, 1.0]}, "0226a22e35fb4630898a9fadbed1dfaf_d1_0.png": {"intrinsics": {"fx": 1075.98, "fy": 1076.47, "cx": 627.187, "cy": 512.785}, "camera_to_world_matrix": [-0.839457, 0.0152285, -0.54321, 1.22223, -0.543303, -0.00250234, 0.839532, 31.0289, 0.0114258, 0.99988, 0.0103733, 1.75104, 0.0, 0.0, 0.0, 1.0]}, "0226a22e35fb4630898a9fadbed1dfaf_d1_1.png": {"intrinsics": {"fx": 1075.98, "fy": 1076.47, "cx": 627.187, "cy": 512.785}, "camera_to_world_matrix": [-0.890186, 0.0101283, 0.455482, 1.21874, 0.455389, -0.0102506, 0.890233, 31.0287, 0.0136858, 0.999896, 0.00451158, 1.75106, 0.0, 0.0, 0.0, 1.0]}, "0226a22e35fb4630898a9fadbed1dfaf_d1_2.png": {"intrinsics": {"fx": 1075.98, "fy": 1076.47, "cx": 627.187, "cy": 512.785}, "camera_to_world_matrix": [-0.0506642, 0.000868247, 0.998715, 1.21684, 0.998667, -0.00970771, 0.05067, 31.0316, 0.0097395, 0.999952, -0.00037627, 1.75107, 0.0, 0.0, 0.0, 1.0]}, "0226a22e35fb4630898a9fadbed1dfaf_d1_3.png": {"intrinsics": {"fx": 1075.98, "fy": 1076.47, "cx": 627.187, "cy": 512.785}, "camera_to_world_matrix": [0.839568, -0.00329146, 0.543243, 1.21843, 0.543241, -0.00141661, -0.839575, 31.0347, 0.00353327, 0.999993, 0.000597707, 1.75107, 0.0, 0.0, 0.0, 1.0]}, "0226a22e35fb4630898a9fadbed1dfaf_d1_4.png": {"intrinsics": {"fx": 1075.98, "fy": 1076.47, "cx": 627.187, "cy": 512.785}, "camera_to_world_matrix": [0.890258, 0.00180901, -0.455452, 1.22193, -0.455453, 0.00633142, -0.890236, 31.0349, 0.00127348, 0.999978, 0.00645951, 1.75105, 0.0, 0.0, 0.0, 1.0]}, "0226a22e35fb4630898a9fadbed1dfaf_d1_5.png": {"intrinsics": {"fx": 1075.98, "fy": 1076.47, "cx": 627.187, "cy": 512.785}, "camera_to_world_matrix": [0.0507143, 0.0110691, -0.998651, 1.22383, -0.998699, 0.00578819, -0.0506523, 31.032, 0.00521998, 0.999922, 0.0113472, 1.75103, 0.0, 0.0, 0.0, 1.0]}, "0226a22e35fb4630898a9fadbed1dfaf_d2_0.png": {"intrinsics": {"fx": 1074.72, "fy": 1075.57, "cx": 634.139, "cy": 513.071}, "camera_to_world_matrix": [-0.841542, 0.369229, -0.394304, 1.22843, -0.540179, -0.570352, 0.618794, 31.0195, 0.00358484, 0.733736, 0.679425, 1.78423, 0.0, 0.0, 0.0, 1.0]}, "0226a22e35fb4630898a9fadbed1dfaf_d2_1.png": {"intrinsics": {"fx": 1074.72, "fy": 1075.57, "cx": 634.139, "cy": 513.071}, "camera_to_world_matrix": [-0.888559, -0.305878, 0.341907, 1.2139, 0.458724, -0.601857, 0.653713, 31.0188, 0.00582311, 0.737704, 0.675099, 1.78432, 0.0, 0.0, 0.0, 1.0]}, "0226a22e35fb4630898a9fadbed1dfaf_d2_2.png": {"intrinsics": {"fx": 1074.72, "fy": 1075.57, "cx": 634.139, "cy": 513.071}, "camera_to_world_matrix": [-0.0469994, -0.670701, 0.740237, 1.206, 0.998893, -0.032936, 0.0335798, 31.031, 0.00185854, 0.740996, 0.671506, 1.78439, 0.0, 0.0, 0.0, 1.0]}, "0226a22e35fb4630898a9fadbed1dfaf_d2_3.png": {"intrinsics": {"fx": 1074.72, "fy": 1075.57, "cx": 634.139, "cy": 513.071}, "camera_to_world_matrix": [0.841559, -0.360409, 0.402348, 1.21263, 0.540147, 0.567477, -0.621458, 31.0439, -0.00434421, 0.740321, 0.672239, 1.78437, 0.0, 0.0, 0.0, 1.0]}, "0226a22e35fb4630898a9fadbed1dfaf_d2_4.png": {"intrinsics": {"fx": 1074.72, "fy": 1075.57, "cx": 634.139, "cy": 513.071}, "camera_to_world_matrix": [0.888537, 0.3147, -0.333865, 1.22716, -0.458757, 0.598956, -0.656348, 31.0447, -0.00658224, 0.736353, 0.676565, 1.78429, 0.0, 0.0, 0.0, 1.0]}, "0226a22e35fb4630898a9fadbed1dfaf_d2_5.png": {"intrinsics": {"fx": 1074.72, "fy": 1075.57, "cx": 634.139, "cy": 513.071}, "camera_to_world_matrix": [0.0469557, 0.679501, -0.732171, 1.23506, -0.998893, 0.0300207, -0.0361999, 31.0325, -0.00261746, 0.733061, 0.680158, 1.78422, 0.0, 0.0, 0.0, 1.0]}, "04488eb54f984a8e8a6e0975c7599a5b_d0_0.png": {"intrinsics": {"fx": 1074.61, "fy": 1075.44, "cx": 635.684, "cy": 519.372}, "camera_to_world_matrix": [0.378728, -0.610048, -0.695993, 12.7713, -0.925322, -0.234513, -0.297964, 42.758, 0.0185527, 0.756865, -0.653308, 2.28066, 0.0, 0.0, 0.0, 1.0]}, "04488eb54f984a8e8a6e0975c7599a5b_d0_1.png": {"intrinsics": {"fx": 1074.61, "fy": 1075.44, "cx": 635.684, "cy": 519.372}, "camera_to_world_matrix": [-0.612075, -0.512925, -0.60189, 12.7695, -0.790449, 0.419488, 0.446341, 42.7436, 0.0235464, 0.748958, -0.662199, 2.28083, 0.0, 0.0, 0.0, 1.0]}, "04488eb54f984a8e8a6e0975c7599a5b_d0_2.png": {"intrinsics": {"fx": 1074.61, "fy": 1075.44, "cx": 635.684, "cy": 519.372}, "camera_to_world_matrix": [-0.990719, 0.102051, 0.0897839, 12.7561, 0.13501, 0.662331, 0.736946, 42.7379, 0.0157393, 0.742228, -0.669963, 2.28098, 0.0, 0.0, 0.0, 1.0]}, "04488eb54f984a8e8a6e0975c7599a5b_d0_3.png": {"intrinsics": {"fx": 1074.61, "fy": 1075.44, "cx": 635.684, "cy": 519.372}, "camera_to_world_matrix": [-0.378551, 0.619889, 0.68734, 12.7445, 0.925575, 0.251168, 0.283239, 42.7467, 0.00293862, 0.743405, -0.668835, 2.28096, 0.0, 0.0, 0.0, 1.0]}, "04488eb54f984a8e8a6e0975c7599a5b_d0_4.png": {"intrinsics": {"fx": 1074.61, "fy": 1075.44, "cx": 635.684, "cy": 519.372}, "camera_to_world_matrix": [0.612247, 0.52274, 0.593208, 12.7463, 0.790664, -0.402829, -0.461063, 42.7612, -0.00205467, 0.751312, -0.659944, 2.28078, 0.0, 0.0, 0.0, 1.0]}, "04488eb54f984a8e8a6e0975c7599a5b_d0_5.png": {"intrinsics": {"fx": 1074.61, "fy": 1075.44, "cx": 635.684, "cy": 519.372}, "camera_to_world_matrix": [0.990854, -0.0922446, -0.0984777, 12.7598, -0.13481, -0.645649, -0.751641, 42.7668, 0.00575284, 0.758042, -0.65218, 2.28063, 0.0, 0.0, 0.0, 1.0]}, "04488eb54f984a8e8a6e0975c7599a5b_d1_0.png": {"intrinsics": {"fx": 1075.98, "fy": 1076.47, "cx": 627.187, "cy": 512.785}, "camera_to_world_matrix": [0.387231, 0.00871526, -0.921941, 12.7614, -0.921857, 0.0201355, -0.387005, 42.7541, 0.0151912, 0.999759, 0.0158303, 2.31402, 0.0, 0.0, 0.0, 1.0]}, "04488eb54f984a8e8a6e0975c7599a5b_d1_1.png": {"intrinsics": {"fx": 1075.98, "fy": 1076.47, "cx": 627.187, "cy": 512.785}, "camera_to_world_matrix": [-0.604801, 0.0154457, -0.796226, 12.7609, -0.796117, 0.0137522, 0.604986, 42.7506, 0.0202945, 0.999786, 0.00397826, 2.31406, 0.0, 0.0, 0.0, 1.0]}, "04488eb54f984a8e8a6e0975c7599a5b_d1_2.png": {"intrinsics": {"fx": 1075.98, "fy": 1076.47, "cx": 627.187, "cy": 512.785}, "camera_to_world_matrix": [-0.99197, 0.0132829, 0.125769, 12.7577, 0.125841, 0.0047324, 0.992039, 42.7493, 0.0125822, 0.9999, -0.00636695, 2.3141, 0.0, 0.0, 0.0, 1.0]}, "04488eb54f984a8e8a6e0975c7599a5b_d1_3.png": {"intrinsics": {"fx": 1075.98, "fy": 1076.47, "cx": 627.187, "cy": 512.785}, "camera_to_world_matrix": [-0.387097, 0.00438965, 0.922028, 12.7549, 0.922038, 0.0020962, 0.387091, 42.7514, -0.000233285, 0.999988, -0.00485987, 2.31409, 0.0, 0.0, 0.0, 1.0]}, "04488eb54f984a8e8a6e0975c7599a5b_d1_4.png": {"intrinsics": {"fx": 1075.98, "fy": 1076.47, "cx": 627.187, "cy": 512.785}, "camera_to_world_matrix": [0.60493, -0.00234057, 0.796274, 12.7554, 0.796259, 0.00847982, -0.604895, 42.7549, -0.00533619, 0.999961, 0.0069924, 2.31405, 0.0, 0.0, 0.0, 1.0]}, "04488eb54f984a8e8a6e0975c7599a5b_d1_5.png": {"intrinsics": {"fx": 1075.98, "fy": 1076.47, "cx": 627.187, "cy": 512.785}, "camera_to_world_matrix": [0.992063, -0.000177381, -0.125736, 12.7586, -0.125714, 0.0174995, -0.991912, 42.7562, 0.00237654, 0.999846, 0.0173373, 2.31401, 0.0, 0.0, 0.0, 1.0]}, "04488eb54f984a8e8a6e0975c7599a5b_d2_0.png": {"intrinsics": {"fx": 1074.72, "fy": 1075.57, "cx": 634.139, "cy": 513.071}, "camera_to_world_matrix": [0.38376, 0.629019, -0.676065, 12.7718, -0.923403, 0.267243, -0.275513, 42.7587, 0.0073711, 0.730011, 0.683395, 2.34715, 0.0, 0.0, 0.0, 1.0]}, "04488eb54f984a8e8a6e0975c7599a5b_d2_1.png": {"intrinsics": {"fx": 1074.72, "fy": 1075.57, "cx": 634.139, "cy": 513.071}, "camera_to_world_matrix": [-0.607826, 0.541311, -0.580972, 12.77, -0.793972, -0.402847, 0.455326, 42.7443, 0.0124305, 0.738036, 0.674647, 2.34732, 0.0, 0.0, 0.0, 1.0]}, "04488eb54f984a8e8a6e0975c7599a5b_d2_2.png": {"intrinsics": {"fx": 1074.72, "fy": 1075.57, "cx": 634.139, "cy": 513.071}, "camera_to_world_matrix": [-0.991575, -0.0828898, 0.0995342, 12.7565, 0.129444, -0.661888, 0.738342, 42.7387, 0.00467956, 0.745006, 0.667041, 2.34747, 0.0, 0.0, 0.0, 1.0]}, "04488eb54f984a8e8a6e0975c7599a5b_d2_3.png": {"intrinsics": {"fx": 1074.72, "fy": 1075.57, "cx": 634.139, "cy": 513.071}, "camera_to_world_matrix": [-0.383729, -0.61937, 0.684933, 12.745, 0.92341, -0.250833, 0.290512, 42.7475, -0.00813064, 0.743952, 0.668183, 2.34745, 0.0, 0.0, 0.0, 1.0]}, "04488eb54f984a8e8a6e0975c7599a5b_d2_4.png": {"intrinsics": {"fx": 1074.72, "fy": 1075.57, "cx": 634.139, "cy": 513.071}, "camera_to_world_matrix": [0.607852, -0.531636, 0.589812, 12.7468, 0.79394, 0.419254, -0.440323, 42.7619, -0.0131896, 0.735927, 0.676931, 2.34728, 0.0, 0.0, 0.0, 1.0]}, "04488eb54f984a8e8a6e0975c7599a5b_d2_5.png": {"intrinsics": {"fx": 1074.72, "fy": 1075.57, "cx": 634.139, "cy": 513.071}, "camera_to_world_matrix": [0.991565, 0.0925756, -0.0907053, 12.7602, -0.129492, 0.678271, -0.723312, 42.7675, -0.0054382, 0.728957, 0.684537, 2.34713, 0.0, 0.0, 0.0, 1.0]}, "06575a85495d4c55acbd1d5194b2b9a5_d0_0.png": {"intrinsics": {"fx": 1074.61, "fy": 1075.44, "cx": 635.684, "cy": 519.372}, "camera_to_world_matrix": [0.721758, -0.453166, -0.523169, 4.72699, -0.692126, -0.4669, -0.550423, 3.21255, 0.00516578, 0.759371, -0.650638, 1.30513, 0.0, 0.0, 0.0, 1.0]}, "06575a85495d4c55acbd1d5194b2b9a5_d0_1.png": {"intrinsics": {"fx": 1074.61, "fy": 1075.44, "cx": 635.684, "cy": 519.372}, "camera_to_world_matrix": [-0.238419, -0.629827, -0.739239, 4.73117, -0.970956, 0.170283, 0.168073, 3.19862, 0.0200226, 0.75784, -0.652134, 1.30516, 0.0, 0.0, 0.0, 1.0]}, "06575a85495d4c55acbd1d5194b2b9a5_d0_2.png": {"intrinsics": {"fx": 1074.61, "fy": 1075.44, "cx": 635.684, "cy": 519.372}, "camera_to_world_matrix": [-0.960025, -0.166389, -0.225093, 4.7212, -0.278741, 0.641825, 0.714397, 3.18803, 0.0256022, 0.748581, -0.662548, 1.30536, 0.0, 0.0, 0.0, 1.0]}, "06575a85495d4c55acbd1d5194b2b9a5_d0_3.png": {"intrinsics": {"fx": 1074.61, "fy": 1075.44, "cx": 635.684, "cy": 519.372}, "camera_to_world_matrix": [-0.721437, 0.473699, 0.505111, 4.70704, 0.692287, 0.476175, 0.542213, 3.19137, 0.0163248, 0.740855, -0.671467, 1.30554, 0.0, 0.0, 0.0, 1.0]}, "06575a85495d4c55acbd1d5194b2b9a5_d0_4.png": {"intrinsics": {"fx": 1074.61, "fy": 1075.44, "cx": 635.684, "cy": 519.372}, "camera_to_world_matrix": [0.238751, 0.650335, 0.721153, 4.70285, 0.97108, -0.161015, -0.176291, 3.20531, 0.00146802, 0.742387, -0.66997, 1.30551, 0.0, 0.0, 0.0, 1.0]}, "06575a85495d4c55acbd1d5194b2b9a5_d0_5.png": {"intrinsics": {"fx": 1074.61, "fy": 1075.44, "cx": 635.684, "cy": 519.372}, "camera_to_world_matrix": [0.96033, 0.186879, 0.206986, 4.71283, 0.278837, -0.632539, -0.722595, 3.2159, -0.004111, 0.751645, -0.659555, 1.30531, 0.0, 0.0, 0.0, 1.0]}, "06575a85495d4c55acbd1d5194b2b9a5_d1_0.png": {"intrinsics": {"fx": 1075.98, "fy": 1076.47, "cx": 627.187, "cy": 512.785}, "camera_to_world_matrix": [0.728082, 0.0119879, -0.685384, 4.71987, -0.685486, 0.0153152, -0.727923, 3.20472, 0.00177082, 0.99981, 0.0193673, 1.33853, 0.0, 0.0, 0.0, 1.0]}, "06575a85495d4c55acbd1d5194b2b9a5_d1_1.png": {"intrinsics": {"fx": 1075.98, "fy": 1076.47, "cx": 627.187, "cy": 512.785}, "camera_to_world_matrix": [-0.229512, 0.0207291, -0.973085, 4.72087, -0.973163, 0.0122122, 0.229791, 3.20136, 0.0166471, 0.99971, 0.0173689, 1.33854, 0.0, 0.0, 0.0, 1.0]}, "06575a85495d4c55acbd1d5194b2b9a5_d1_2.png": {"intrinsics": {"fx": 1075.98, "fy": 1076.47, "cx": 627.187, "cy": 512.785}, "camera_to_world_matrix": [-0.957486, 0.0224131, -0.287603, 4.71847, -0.287608, 0.00309026, 0.957743, 3.19882, 0.022355, 0.999744, 0.0034863, 1.33859, 0.0, 0.0, 0.0, 1.0]}, "06575a85495d4c55acbd1d5194b2b9a5_d1_3.png": {"intrinsics": {"fx": 1075.98, "fy": 1076.47, "cx": 627.187, "cy": 512.785}, "camera_to_world_matrix": [-0.727851, 0.0153559, 0.685563, 4.71507, 0.685607, -0.00292849, 0.727965, 3.19962, 0.0131865, 0.999877, -0.00839765, 1.33863, 0.0, 0.0, 0.0, 1.0]}, "06575a85495d4c55acbd1d5194b2b9a5_d1_4.png": {"intrinsics": {"fx": 1075.98, "fy": 1076.47, "cx": 627.187, "cy": 512.785}, "camera_to_world_matrix": [0.229754, 0.00661485, 0.973226, 4.71406, 0.973246, 0.000174853, -0.229761, 3.20297, -0.00168973, 0.999978, -0.00639872, 1.33862, 0.0, 0.0, 0.0, 1.0]}, "06575a85495d4c55acbd1d5194b2b9a5_d1_5.png": {"intrinsics": {"fx": 1075.98, "fy": 1076.47, "cx": 627.187, "cy": 512.785}, "camera_to_world_matrix": [0.957702, 0.00493117, 0.287716, 4.71646, 0.287663, 0.00929687, -0.957686, 3.20552, -0.0073971, 0.999944, 0.00748412, 1.33857, 0.0, 0.0, 0.0, 1.0]}, "06575a85495d4c55acbd1d5194b2b9a5_d2_0.png": {"intrinsics": {"fx": 1074.72, "fy": 1075.57, "cx": 634.139, "cy": 513.071}, "camera_to_world_matrix": [0.725442, 0.475358, -0.497763, 4.7279, -0.688256, 0.49466, -0.530674, 3.21297, -0.00603618, 0.727562, 0.686015, 1.37163, 0.0, 0.0, 0.0, 1.0]}, "06575a85495d4c55acbd1d5194b2b9a5_d2_1.png": {"intrinsics": {"fx": 1074.72, "fy": 1075.57, "cx": 634.139, "cy": 513.071}, "camera_to_world_matrix": [-0.233242, 0.667153, -0.707464, 4.73208, -0.972378, -0.153407, 0.175916, 3.19903, 0.00883303, 0.728954, 0.684506, 1.37166, 0.0, 0.0, 0.0, 1.0]}, "06575a85495d4c55acbd1d5194b2b9a5_d2_2.png": {"intrinsics": {"fx": 1074.72, "fy": 1075.57, "cx": 634.139, "cy": 513.071}, "camera_to_world_matrix": [-0.958684, 0.201858, -0.200444, 4.72211, -0.284102, -0.643498, 0.710771, 3.18844, 0.0144894, 0.738352, 0.67426, 1.37186, 0.0, 0.0, 0.0, 1.0]}, "06575a85495d4c55acbd1d5194b2b9a5_d2_3.png": {"intrinsics": {"fx": 1074.72, "fy": 1075.57, "cx": 634.139, "cy": 513.071}, "camera_to_world_matrix": [-0.725426, -0.455222, 0.516265, 4.70795, 0.68828, -0.485512, 0.539026, 3.19178, 0.00527652, 0.746358, 0.665523, 1.37203, 0.0, 0.0, 0.0, 1.0]}, "06575a85495d4c55acbd1d5194b2b9a5_d2_4.png": {"intrinsics": {"fx": 1074.72, "fy": 1075.57, "cx": 634.139, "cy": 513.071}, "camera_to_world_matrix": [0.23327, -0.646992, 0.725938, 4.70376, 0.972365, 0.162562, -0.167572, 3.20572, -0.00959259, 0.744966, 0.667033, 1.372, 0.0, 0.0, 0.0, 1.0]}, "06575a85495d4c55acbd1d5194b2b9a5_d2_5.png": {"intrinsics": {"fx": 1074.72, "fy": 1075.57, "cx": 634.139, "cy": 513.071}, "camera_to_world_matrix": [0.958685, -0.181677, 0.218897, 4.71374, 0.28406, 0.652636, -0.702408, 3.21631, -0.0152484, 0.735568, 0.677279, 1.3718, 0.0, 0.0, 0.0, 1.0]}, "07e2d607fa734cdabce9727cea6571b4_d0_0.png": {"intrinsics": {"fx": 1074.61, "fy": 1075.44, "cx": 635.684, "cy": 519.372}, "camera_to_world_matrix": [0.498748, -0.561301, -0.660448, -7.31301, -0.866566, -0.30735, -0.393192, 16.7439, 0.0177108, 0.768425, -0.639695, 1.41691, 0.0, 0.0, 0.0, 1.0]}, "07e2d607fa734cdabce9727cea6571b4_d0_1.png": {"intrinsics": {"fx": 1074.61, "fy": 1075.44, "cx": 635.684, "cy": 519.372}, "camera_to_world_matrix": [-0.500985, -0.552215, -0.666388, -7.3129, -0.864595, 0.353672, 0.356919, 16.7294, 0.0385869, 0.754967, -0.654627, 1.4172, 0.0, 0.0, 0.0, 1.0]}, "07e2d607fa734cdabce9727cea6571b4_d0_2.png": {"intrinsics": {"fx": 1074.61, "fy": 1075.44, "cx": 635.684, "cy": 519.372}, "camera_to_world_matrix": [-0.999497, 0.0247876, -0.0197514, -7.32544, 0.00220562, 0.676066, 0.736838, 16.722, 0.0316178, 0.736424, -0.675781, 1.41761, 0.0, 0.0, 0.0, 1.0]}, "07e2d607fa734cdabce9727cea6571b4_d0_3.png": {"intrinsics": {"fx": 1074.61, "fy": 1075.44, "cx": 635.684, "cy": 519.372}, "camera_to_world_matrix": [-0.498265, 0.59269, 0.632811, -7.33809, 0.867016, 0.337431, 0.366637, 16.7292, 0.00377258, 0.73134, -0.682003, 1.41773, 0.0, 0.0, 0.0, 1.0]}, "07e2d607fa734cdabce9727cea6571b4_d0_4.png": {"intrinsics": {"fx": 1074.61, "fy": 1075.44, "cx": 635.684, "cy": 519.372}, "camera_to_world_matrix": [0.501468, 0.583578, 0.638722, -7.3382, 0.865007, -0.32359, -0.383474, 16.7437, -0.0171028, 0.744799, -0.66707, 1.41744, 0.0, 0.0, 0.0, 1.0]}, "07e2d607fa734cdabce9727cea6571b4_d0_5.png": {"intrinsics": {"fx": 1074.61, "fy": 1075.44, "cx": 635.684, "cy": 519.372}, "camera_to_world_matrix": [0.999947, 0.00656342, -0.0079297, -7.32566, -0.00181362, -0.645962, -0.763368, 16.7511, -0.0101325, 0.763341, -0.645916, 1.41703, 0.0, 0.0, 0.0, 1.0]}, "07e2d607fa734cdabce9727cea6571b4_d1_0.png": {"intrinsics": {"fx": 1075.98, "fy": 1076.47, "cx": 627.187, "cy": 512.785}, "camera_to_world_matrix": [0.50666, 0.0218525, -0.861868, -7.32184, -0.862028, 0.0292889, -0.506012, 16.739, 0.0141858, 0.999332, 0.0336761, 1.45045, 0.0, 0.0, 0.0, 1.0]}, "07e2d607fa734cdabce9727cea6571b4_d1_1.png": {"intrinsics": {"fx": 1075.98, "fy": 1076.47, "cx": 627.187, "cy": 512.785}, "camera_to_world_matrix": [-0.493074, 0.0293722, -0.869491, -7.32181, -0.869272, 0.0238576, 0.493757, 16.7355, 0.035247, 0.999283, 0.0137679, 1.45052, 0.0, 0.0, 0.0, 1.0]}, "07e2d607fa734cdabce9727cea6571b4_d1_2.png": {"intrinsics": {"fx": 1075.98, "fy": 1076.47, "cx": 627.187, "cy": 512.785}, "camera_to_world_matrix": [-0.999567, 0.0284311, -0.00748782, -7.32483, -0.00707419, 0.0146316, 0.999868, 16.7337, 0.0285371, 0.999488, -0.0144252, 1.45062, 0.0, 0.0, 0.0, 1.0]}, "07e2d607fa734cdabce9727cea6571b4_d1_3.png": {"intrinsics": {"fx": 1075.98, "fy": 1076.47, "cx": 627.187, "cy": 512.785}, "camera_to_world_matrix": [-0.506314, 0.0199703, 0.862118, -7.32787, 0.862348, 0.0108371, 0.506198, 16.7355, 0.000766329, 0.999741, -0.0227093, 1.45065, 0.0, 0.0, 0.0, 1.0]}, "07e2d607fa734cdabce9727cea6571b4_d1_4.png": {"intrinsics": {"fx": 1075.98, "fy": 1076.47, "cx": 627.187, "cy": 512.785}, "camera_to_world_matrix": [0.493421, 0.0124508, 0.869701, -7.3279, 0.869553, 0.0162687, -0.493571, 16.739, -0.020294, 0.99979, -0.00280031, 1.45058, 0.0, 0.0, 0.0, 1.0]}, "07e2d607fa734cdabce9727cea6571b4_d1_5.png": {"intrinsics": {"fx": 1075.98, "fy": 1076.47, "cx": 627.187, "cy": 512.785}, "camera_to_world_matrix": [0.99988, 0.0133923, 0.00767804, -7.32488, 0.00733513, 0.0254947, -0.999648, 16.7407, -0.0135831, 0.999585, 0.0253925, 1.45048, 0.0, 0.0, 0.0, 1.0]}, "07e2d607fa734cdabce9727cea6571b4_d2_0.png": {"intrinsics": {"fx": 1074.72, "fy": 1075.57, "cx": 634.139, "cy": 513.071}, "camera_to_world_matrix": [0.503302, 0.599385, -0.622434, -7.31162, -0.864086, 0.354467, -0.357362, 16.7453, 0.00643473, 0.717698, 0.696325, 1.48338, 0.0, 0.0, 0.0, 1.0]}, "07e2d607fa734cdabce9727cea6571b4_d2_1.png": {"intrinsics": {"fx": 1074.72, "fy": 1075.57, "cx": 634.139, "cy": 513.071}, "camera_to_world_matrix": [-0.496482, 0.601773, -0.625599, -7.31151, -0.867613, -0.321247, 0.379535, 16.7307, 0.0274223, 0.731211, 0.681599, 1.48367, 0.0, 0.0, 0.0, 1.0]}, "07e2d607fa734cdabce9727cea6571b4_d2_2.png": {"intrinsics": {"fx": 1074.72, "fy": 1075.57, "cx": 634.139, "cy": 513.071}, "camera_to_world_matrix": [-0.999781, 0.0177877, 0.0109827, -7.32405, -0.00351523, -0.660919, 0.750449, 16.7234, 0.0206075, 0.750247, 0.660836, 1.48408, 0.0, 0.0, 0.0, 1.0]}, "07e2d607fa734cdabce9727cea6571b4_d2_3.png": {"intrinsics": {"fx": 1074.72, "fy": 1075.57, "cx": 634.139, "cy": 513.071}, "camera_to_world_matrix": [-0.503284, -0.568572, 0.650716, -7.3367, 0.864091, -0.324868, 0.384457, 16.7305, -0.00719471, 0.755769, 0.654799, 1.4842, 0.0, 0.0, 0.0, 1.0]}, "07e2d607fa734cdabce9727cea6571b4_d2_4.png": {"intrinsics": {"fx": 1074.72, "fy": 1075.57, "cx": 634.139, "cy": 513.071}, "camera_to_world_matrix": [0.4965, -0.570933, 0.653852, -7.33681, 0.867579, 0.350846, -0.35244, 16.7451, -0.0281815, 0.742255, 0.669524, 1.48391, 0.0, 0.0, 0.0, 1.0]}, "07e2d607fa734cdabce9727cea6571b4_d2_5.png": {"intrinsics": {"fx": 1074.72, "fy": 1075.57, "cx": 634.139, "cy": 513.071}, "camera_to_world_matrix": [0.999765, 0.0130656, 0.0172557, -7.32427, 0.00346077, 0.690495, -0.723329, 16.7524, -0.0213656, 0.72322, 0.690287, 1.4835, 0.0, 0.0, 0.0, 1.0]}, "0811ca50ee1944cb9ede465ad7bf3edb_d0_0.png": {"intrinsics": {"fx": 1074.61, "fy": 1075.44, "cx": 635.684, "cy": 519.372}, "camera_to_world_matrix": [0.299714, -0.638279, -0.709063, 0.897024, -0.95397, -0.192271, -0.230157, 23.2767, 0.010572, 0.745406, -0.666526, 1.41215, 0.0, 0.0, 0.0, 1.0]}, "0811ca50ee1944cb9ede465ad7bf3edb_d0_1.png": {"intrinsics": {"fx": 1074.61, "fy": 1075.44, "cx": 635.684, "cy": 519.372}, "camera_to_world_matrix": [-0.676309, -0.4867, -0.552928, 0.893992, -0.736605, 0.451336, 0.503695, 23.2624, 0.00440779, 0.747943, -0.663749, 1.4121, 0.0, 0.0, 0.0, 1.0]}, "0811ca50ee1944cb9ede465ad7bf3edb_d0_2.png": {"intrinsics": {"fx": 1074.61, "fy": 1075.44, "cx": 635.684, "cy": 519.372}, "camera_to_world_matrix": [-0.976081, 0.146463, 0.160666, 0.880152, 0.217357, 0.641849, 0.735381, 23.2579, 0.00458236, 0.752714, -0.658332, 1.412, 0.0, 0.0, 0.0, 1.0]}, "0811ca50ee1944cb9ede465ad7bf3edb_d0_3.png": {"intrinsics": {"fx": 1074.61, "fy": 1075.44, "cx": 635.684, "cy": 519.372}, "camera_to_world_matrix": [-0.299824, 0.628032, 0.718109, 0.869344, 0.953932, 0.18875, 0.233211, 23.2677, 0.0109212, 0.754949, -0.655692, 1.41194, 0.0, 0.0, 0.0, 1.0]}, "0811ca50ee1944cb9ede465ad7bf3edb_d0_4.png": {"intrinsics": {"fx": 1074.61, "fy": 1075.44, "cx": 635.684, "cy": 519.372}, "camera_to_world_matrix": [0.676191, 0.476428, 0.561945, 0.872377, 0.736528, -0.454852, -0.500635, 23.2819, 0.0170853, 0.752413, -0.65847, 1.412, 0.0, 0.0, 0.0, 1.0]}, "0811ca50ee1944cb9ede465ad7bf3edb_d0_5.png": {"intrinsics": {"fx": 1074.61, "fy": 1075.44, "cx": 635.684, "cy": 519.372}, "camera_to_world_matrix": [0.975926, -0.156742, -0.151658, 0.886217, -0.217445, -0.64534, -0.732294, 23.2864, 0.0169104, 0.747642, -0.663887, 1.4121, 0.0, 0.0, 0.0, 1.0]}, "0811ca50ee1944cb9ede465ad7bf3edb_d1_0.png": {"intrinsics": {"fx": 1075.98, "fy": 1076.47, "cx": 627.187, "cy": 512.785}, "camera_to_world_matrix": [0.308525, -0.00392349, -0.951208, 0.886286, -0.951187, 0.00647685, -0.308545, 23.2732, 0.00737167, 0.999971, -0.00173472, 1.44532, 0.0, 0.0, 0.0, 1.0]}, "0811ca50ee1944cb9ede465ad7bf3edb_d1_1.png": {"intrinsics": {"fx": 1075.98, "fy": 1076.47, "cx": 627.187, "cy": 512.785}, "camera_to_world_matrix": [-0.669488, 0.0022485, -0.742818, 0.885557, -0.74282, -0.000447962, 0.66949, 23.2698, 0.00117286, 0.999997, 0.00196912, 1.44531, 0.0, 0.0, 0.0, 1.0]}, "0811ca50ee1944cb9ede465ad7bf3edb_d1_2.png": {"intrinsics": {"fx": 1075.98, "fy": 1076.47, "cx": 627.187, "cy": 512.785}, "camera_to_world_matrix": [-0.978049, -0.000662482, 0.208369, 0.882227, 0.208366, -0.00925544, 0.978007, 23.2687, 0.00128091, 0.999957, 0.00918932, 1.44529, 0.0, 0.0, 0.0, 1.0]}, "0811ca50ee1944cb9ede465ad7bf3edb_d1_3.png": {"intrinsics": {"fx": 1075.98, "fy": 1076.47, "cx": 627.187, "cy": 512.785}, "camera_to_world_matrix": [-0.30859, -0.00974538, 0.951145, 0.879628, 0.951164, -0.0111379, 0.308482, 23.271, 0.00758776, 0.99989, 0.0127055, 1.44527, 0.0, 0.0, 0.0, 1.0]}, "0811ca50ee1944cb9ede465ad7bf3edb_d1_4.png": {"intrinsics": {"fx": 1075.98, "fy": 1076.47, "cx": 627.187, "cy": 512.785}, "camera_to_world_matrix": [0.669415, -0.0159171, 0.742717, 0.880357, 0.742759, -0.00421286, -0.669544, 23.2744, 0.0137864, 0.999864, 0.00900141, 1.44529, 0.0, 0.0, 0.0, 1.0]}, "0811ca50ee1944cb9ede465ad7bf3edb_d1_5.png": {"intrinsics": {"fx": 1075.98, "fy": 1076.47, "cx": 627.187, "cy": 512.785}, "camera_to_world_matrix": [0.977939, -0.0130058, -0.208482, 0.883686, -0.208439, 0.00459451, -0.978024, 23.2755, 0.0136781, 0.999904, 0.00178123, 1.44531, 0.0, 0.0, 0.0, 1.0]}, "0811ca50ee1944cb9ede465ad7bf3edb_d2_0.png": {"intrinsics": {"fx": 1074.72, "fy": 1075.57, "cx": 634.139, "cy": 513.071}, "camera_to_world_matrix": [0.305049, 0.638665, -0.706437, 0.896569, -0.952336, 0.204174, -0.226645, 23.2765, -0.000514329, 0.741903, 0.670506, 1.47865, 0.0, 0.0, 0.0, 1.0]}, "0811ca50ee1944cb9ede465ad7bf3edb_d2_1.png": {"intrinsics": {"fx": 1074.72, "fy": 1075.57, "cx": 634.139, "cy": 513.071}, "camera_to_world_matrix": [-0.672211, 0.495121, -0.550444, 0.893537, -0.740329, -0.456255, 0.493704, 23.2623, -0.00669951, 0.739383, 0.673252, 1.4786, 0.0, 0.0, 0.0, 1.0]}, "0811ca50ee1944cb9ede465ad7bf3edb_d2_2.png": {"intrinsics": {"fx": 1074.72, "fy": 1075.57, "cx": 634.139, "cy": 513.071}, "camera_to_world_matrix": [-0.977242, -0.148593, 0.151386, 0.879697, 0.212025, -0.662137, 0.718763, 23.2578, -0.00656463, 0.734503, 0.678573, 1.47849, 0.0, 0.0, 0.0, 1.0]}, "0811ca50ee1944cb9ede465ad7bf3edb_d2_3.png": {"intrinsics": {"fx": 1074.72, "fy": 1075.57, "cx": 634.139, "cy": 513.071}, "camera_to_world_matrix": [-0.305007, -0.648748, 0.697207, 0.86889, 0.95235, -0.207585, 0.223468, 23.2675, -0.000244569, 0.732144, 0.681149, 1.47844, 0.0, 0.0, 0.0, 1.0]}, "0811ca50ee1944cb9ede465ad7bf3edb_d2_4.png": {"intrinsics": {"fx": 1074.72, "fy": 1075.57, "cx": 634.139, "cy": 513.071}, "camera_to_world_matrix": [0.672245, -0.505177, 0.541186, 0.871922, 0.740305, 0.452839, -0.496876, 23.2818, 0.00594048, 0.734665, 0.678404, 1.4785, 0.0, 0.0, 0.0, 1.0]}, "0811ca50ee1944cb9ede465ad7bf3edb_d2_5.png": {"intrinsics": {"fx": 1074.72, "fy": 1075.57, "cx": 634.139, "cy": 513.071}, "camera_to_world_matrix": [0.977239, 0.138544, -0.160653, 0.885763, -0.212061, 0.658695, -0.721907, 23.2863, 0.00580533, 0.739544, 0.673082, 1.4786, 0.0, 0.0, 0.0, 1.0]}, "0863c16d109b4d4ba1c4c72019622b25_d0_0.png": {"intrinsics": {"fx": 1074.61, "fy": 1075.44, "cx": 635.684, "cy": 519.372}, "camera_to_world_matrix": [0.987116, 0.101786, 0.123453, -7.37061, 0.159988, -0.638657, -0.752676, 8.50413, 0.0022323, 0.76273, -0.646713, 1.36101, 0.0, 0.0, 0.0, 1.0]}, "0863c16d109b4d4ba1c4c72019622b25_d0_1.png": {"intrinsics": {"fx": 1074.61, "fy": 1075.44, "cx": 635.684, "cy": 519.372}, "camera_to_world_matrix": [0.632061, -0.51343, -0.580421, -7.35696, -0.774576, -0.396335, -0.492899, 8.49909, 0.0230279, 0.761122, -0.6482, 1.36104, 0.0, 0.0, 0.0, 1.0]}, "0863c16d109b4d4ba1c4c72019622b25_d0_2.png": {"intrinsics": {"fx": 1074.61, "fy": 1075.44, "cx": 635.684, "cy": 519.372}, "camera_to_world_matrix": [-0.355012, -0.611191, -0.707398, -7.3545, -0.934329, 0.257495, 0.246424, 8.48475, 0.0315397, 0.748426, -0.662468, 1.36131, 0.0, 0.0, 0.0, 1.0]}, "0863c16d109b4d4ba1c4c72019622b25_d0_3.png": {"intrinsics": {"fx": 1074.61, "fy": 1075.44, "cx": 635.684, "cy": 519.372}, "camera_to_world_matrix": [-0.987008, -0.0937336, -0.130498, -7.36569, -0.159515, 0.66899, 0.725953, 8.47546, 0.0192558, 0.737337, -0.675251, 1.36156, 0.0, 0.0, 0.0, 1.0]}, "0863c16d109b4d4ba1c4c72019622b25_d0_4.png": {"intrinsics": {"fx": 1074.61, "fy": 1075.44, "cx": 635.684, "cy": 519.372}, "camera_to_world_matrix": [-0.631916, 0.521473, 0.573366, -7.37934, 0.775036, 0.426645, 0.466148, 8.4805, -0.00153977, 0.738945, -0.673764, 1.36153, 0.0, 0.0, 0.0, 1.0]}, "0863c16d109b4d4ba1c4c72019622b25_d0_5.png": {"intrinsics": {"fx": 1074.61, "fy": 1075.44, "cx": 635.684, "cy": 519.372}, "camera_to_world_matrix": [0.355164, 0.619209, 0.700314, -7.3818, 0.93475, -0.22719, -0.27318, 8.49484, -0.0100509, 0.751642, -0.659495, 1.36126, 0.0, 0.0, 0.0, 1.0]}, "0863c16d109b4d4ba1c4c72019622b25_d1_0.png": {"intrinsics": {"fx": 1075.98, "fy": 1076.47, "cx": 627.187, "cy": 512.785}, "camera_to_world_matrix": [0.985612, -0.00294939, 0.168994, -7.36856, 0.169015, 0.0243572, -0.985312, 8.49391, -0.00120988, 0.999699, 0.0245042, 1.39446, 0.0, 0.0, 0.0, 1.0]}, "0863c16d109b4d4ba1c4c72019622b25_d1_1.png": {"intrinsics": {"fx": 1075.98, "fy": 1076.47, "cx": 627.187, "cy": 512.785}, "camera_to_world_matrix": [0.639177, 0.00478871, -0.769045, -7.36528, -0.768809, 0.0294707, -0.638798, 8.4927, 0.0196055, 0.999554, 0.0225176, 1.39447, 0.0, 0.0, 0.0, 1.0]}, "0863c16d109b4d4ba1c4c72019622b25_d1_2.png": {"intrinsics": {"fx": 1075.98, "fy": 1076.47, "cx": 627.187, "cy": 512.785}, "camera_to_world_matrix": [-0.34641, 0.0130877, -0.937992, -7.36469, -0.937656, 0.0253268, 0.34664, 8.48925, 0.0282933, 0.999593, 0.0034973, 1.39453, 0.0, 0.0, 0.0, 1.0]}, "0863c16d109b4d4ba1c4c72019622b25_d1_3.png": {"intrinsics": {"fx": 1075.98, "fy": 1076.47, "cx": 627.187, "cy": 512.785}, "camera_to_world_matrix": [-0.985538, 0.0136484, -0.168897, -7.36738, -0.168674, 0.0160694, 0.985541, 8.48702, 0.0161654, 0.999777, -0.0135359, 1.39459, 0.0, 0.0, 0.0, 1.0]}, "0863c16d109b4d4ba1c4c72019622b25_d1_4.png": {"intrinsics": {"fx": 1075.98, "fy": 1076.47, "cx": 627.187, "cy": 512.785}, "camera_to_world_matrix": [-0.639067, 0.00591013, 0.769128, -7.37066, 0.769136, 0.0109562, 0.63899, 8.48823, -0.00464993, 0.999922, -0.0115484, 1.39459, 0.0, 0.0, 0.0, 1.0]}, "0863c16d109b4d4ba1c4c72019622b25_d1_5.png": {"intrinsics": {"fx": 1075.98, "fy": 1076.47, "cx": 627.187, "cy": 512.785}, "camera_to_world_matrix": [0.346527, -0.00238871, 0.938037, -7.37125, 0.937944, 0.0151005, -0.346455, 8.49168, -0.0133369, 0.999883, 0.00747219, 1.39452, 0.0, 0.0, 0.0, 1.0]}, "0863c16d109b4d4ba1c4c72019622b25_d2_0.png": {"intrinsics": {"fx": 1074.72, "fy": 1075.57, "cx": 634.139, "cy": 513.071}, "camera_to_world_matrix": [0.98622, -0.107527, 0.125733, -7.37025, 0.165196, 0.681364, -0.713059, 8.50548, -0.008997, 0.724003, 0.689737, 1.42749, 0.0, 0.0, 0.0, 1.0]}, "0863c16d109b4d4ba1c4c72019622b25_d2_1.png": {"intrinsics": {"fx": 1074.72, "fy": 1075.57, "cx": 634.139, "cy": 513.071}, "camera_to_world_matrix": [0.636289, 0.525489, -0.564799, -7.3566, -0.77136, 0.44458, -0.45536, 8.50043, 0.0118115, 0.725404, 0.688222, 1.42752, 0.0, 0.0, 0.0, 1.0]}, "0863c16d109b4d4ba1c4c72019622b25_d2_2.png": {"intrinsics": {"fx": 1074.72, "fy": 1075.57, "cx": 634.139, "cy": 513.071}, "camera_to_world_matrix": [-0.349947, 0.636947, -0.686903, -7.35415, -0.936547, -0.221895, 0.271372, 8.4861, 0.0204287, 0.738282, 0.674182, 1.4278, 0.0, 0.0, 0.0, 1.0]}, "0863c16d109b4d4ba1c4c72019622b25_d2_3.png": {"intrinsics": {"fx": 1074.72, "fy": 1075.57, "cx": 634.139, "cy": 513.071}, "camera_to_world_matrix": [-0.98623, 0.115387, -0.118473, -7.36534, -0.165173, -0.651571, 0.740387, 8.4768, 0.00823723, 0.749761, 0.661657, 1.42805, 0.0, 0.0, 0.0, 1.0]}, "0863c16d109b4d4ba1c4c72019622b25_d2_4.png": {"intrinsics": {"fx": 1074.72, "fy": 1075.57, "cx": 634.139, "cy": 513.071}, "camera_to_world_matrix": [-0.636263, -0.51762, 0.572048, -7.37898, 0.771369, -0.414762, 0.482661, 8.48184, -0.0125712, 0.74836, 0.663173, 1.42802, 0.0, 0.0, 0.0, 1.0]}, "0863c16d109b4d4ba1c4c72019622b25_d2_5.png": {"intrinsics": {"fx": 1074.72, "fy": 1075.57, "cx": 634.139, "cy": 513.071}, "camera_to_world_matrix": [0.349979, -0.629052, 0.694124, -7.38144, 0.936518, 0.251718, -0.244075, 8.49618, -0.0211876, 0.735481, 0.677214, 1.42774, 0.0, 0.0, 0.0, 1.0]}, "08aa8143cfb34f1491fa6da8f14d7f20_d0_0.png": {"intrinsics": {"fx": 1074.61, "fy": 1075.44, "cx": 635.684, "cy": 519.372}, "camera_to_world_matrix": [-0.138377, -0.625833, -0.767583, -12.6887, -0.990075, 0.106613, 0.091562, 39.5862, 0.0245321, 0.772636, -0.634375, 2.33075, 0.0, 0.0, 0.0, 1.0]}, "08aa8143cfb34f1491fa6da8f14d7f20_d0_1.png": {"intrinsics": {"fx": 1074.61, "fy": 1075.44, "cx": 635.684, "cy": 519.372}, "camera_to_world_matrix": [-0.926011, -0.212852, -0.311765, -12.6975, -0.37445, 0.622631, 0.687108, 39.5747, 0.0478626, 0.75301, -0.656266, 2.33118, 0.0, 0.0, 0.0, 1.0]}, "08aa8143cfb34f1491fa6da8f14d7f20_d0_2.png": {"intrinsics": {"fx": 1074.61, "fy": 1075.44, "cx": 635.684, "cy": 519.372}, "camera_to_world_matrix": [-0.787221, 0.440357, 0.431704, -12.7119, 0.615729, 0.522611, 0.589708, 39.5766, 0.0340689, 0.730043, -0.682551, 2.33169, 0.0, 0.0, 0.0, 1.0]}, "08aa8143cfb34f1491fa6da8f14d7f20_d0_3.png": {"intrinsics": {"fx": 1074.61, "fy": 1075.44, "cx": 635.684, "cy": 519.372}, "camera_to_world_matrix": [0.1392, 0.680569, 0.719339, -12.7175, 0.990259, -0.0934248, -0.103236, 39.59, -0.00305509, 0.726702, -0.686946, 2.33177, 0.0, 0.0, 0.0, 1.0]}, "08aa8143cfb34f1491fa6da8f14d7f20_d0_4.png": {"intrinsics": {"fx": 1074.61, "fy": 1075.44, "cx": 635.684, "cy": 519.372}, "camera_to_world_matrix": [0.92681, 0.267568, 0.263497, -12.7086, 0.374603, -0.609426, -0.698764, 39.6016, -0.0263845, 0.746329, -0.665055, 2.33135, 0.0, 0.0, 0.0, 1.0]}, "08aa8143cfb34f1491fa6da8f14d7f20_d0_5.png": {"intrinsics": {"fx": 1074.61, "fy": 1075.44, "cx": 635.684, "cy": 519.372}, "camera_to_world_matrix": [0.787981, -0.385637, -0.479968, -12.6942, -0.61557, -0.509381, -0.601335, 39.5997, -0.0125894, 0.769295, -0.63877, 2.33084, 0.0, 0.0, 0.0, 1.0]}, "08aa8143cfb34f1491fa6da8f14d7f20_d1_0.png": {"intrinsics": {"fx": 1075.98, "fy": 1076.47, "cx": 627.187, "cy": 512.785}, "camera_to_world_matrix": [-0.129373, 0.0428886, -0.990667, -12.6984, -0.991374, 0.0155086, 0.130138, 39.588, 0.0209455, 0.998959, 0.0405113, 2.36437, 0.0, 0.0, 0.0, 1.0]}, "08aa8143cfb34f1491fa6da8f14d7f20_d1_1.png": {"intrinsics": {"fx": 1075.98, "fy": 1076.47, "cx": 627.187, "cy": 512.785}, "camera_to_world_matrix": [-0.922665, 0.0454877, -0.382908, -12.7005, -0.383018, 0.00660398, 0.923717, 39.5852, 0.0445467, 0.998943, 0.0113283, 2.36447, 0.0, 0.0, 0.0, 1.0]}, "08aa8143cfb34f1491fa6da8f14d7f20_d1_2.png": {"intrinsics": {"fx": 1075.98, "fy": 1076.47, "cx": 627.187, "cy": 512.785}, "camera_to_world_matrix": [-0.792998, 0.0390811, 0.607969, -12.704, 0.60843, -9.80003e-05, 0.793607, 39.5856, 0.0310749, 0.999236, -0.0237014, 2.36459, 0.0, 0.0, 0.0, 1.0]}, "08aa8143cfb34f1491fa6da8f14d7f20_d1_3.png": {"intrinsics": {"fx": 1075.98, "fy": 1076.47, "cx": 627.187, "cy": 512.785}, "camera_to_world_matrix": [0.129958, 0.0300756, 0.991063, -12.7053, 0.9915, 0.00210476, -0.13008, 39.5889, -0.00599788, 0.999545, -0.0295474