{"091fa1e06437452ba18e875dfb326ad8_d0_0.png": {"intrinsics": {"fx": 1070.26, "fy": 1071.05, "cx": 638.98, "cy": 523.871}, "camera_to_world_matrix": [0.195919, -0.659959, -0.725307, -12.2778, -0.979778, -0.162392, -0.116896, 2.84344, -0.0406374, 0.733542, -0.678428, 1.73108, 0.0, 0.0, 0.0, 1.0]}, "091fa1e06437452ba18e875dfb326ad8_d0_1.png": {"intrinsics": {"fx": 1070.26, "fy": 1071.05, "cx": 638.98, "cy": 523.871}, "camera_to_world_matrix": [-0.751257, -0.438711, -0.493097, -12.2823, -0.65963, 0.473734, 0.583493, 2.82963, -0.0223884, 0.763615, -0.645283, 1.73043, 0.0, 0.0, 0.0, 1.0]}, "091fa1e06437452ba18e875dfb326ad8_d0_2.png": {"intrinsics": {"fx": 1070.26, "fy": 1071.05, "cx": 638.98, "cy": 523.871}, "camera_to_world_matrix": [-0.947138, 0.223427, 0.23024, -12.2966, 0.319813, 0.600483, 0.732899, 2.82665, 0.0254944, 0.76779, -0.640194, 1.73033, 0.0, 0.0, 0.0, 1.0]}, "091fa1e06437452ba18e875dfb326ad8_d0_3.png": {"intrinsics": {"fx": 1070.26, "fy": 1071.05, "cx": 638.98, "cy": 523.871}, "camera_to_world_matrix": [-0.195838, 0.664304, 0.721352, -12.3063, 0.979086, 0.0911032, 0.181912, 2.83747, 0.0551271, 0.74189, -0.668252, 1.73088, 0.0, 0.0, 0.0, 1.0]}, "091fa1e06437452ba18e875dfb326ad8_d0_4.png": {"intrinsics": {"fx": 1070.26, "fy": 1071.05, "cx": 638.98, "cy": 523.871}, "camera_to_world_matrix": [0.751325, 0.443031, 0.489115, -12.3017, 0.658901, -0.545014, -0.518469, 2.85128, 0.0368763, 0.711817, -0.701396, 1.73153, 0.0, 0.0, 0.0, 1.0]}, "091fa1e06437452ba18e875dfb326ad8_d0_5.png": {"intrinsics": {"fx": 1070.26, "fy": 1071.05, "cx": 638.98, "cy": 523.871}, "camera_to_world_matrix": [0.947168, -0.219112, -0.234229, -12.2875, -0.32055, -0.671737, -0.667846, 2.85426, -0.0110068, 0.707644, -0.706483, 1.73163, 0.0, 0.0, 0.0, 1.0]}, "091fa1e06437452ba18e875dfb326ad8_d1_0.png": {"intrinsics": {"fx": 1070.52, "fy": 1071.36, "cx": 627.57, "cy": 505.018}, "camera_to_world_matrix": [0.204962, -0.00379815, -0.978763, -12.2885, -0.977934, -0.0421288, -0.204624, 2.83957, -0.040457, 0.999105, -0.0123489, 1.76422, 0.0, 0.0, 0.0, 1.0]}, "091fa1e06437452ba18e875dfb326ad8_d1_1.png": {"intrinsics": {"fx": 1070.52, "fy": 1071.36, "cx": 627.57, "cy": 505.018}, "camera_to_world_matrix": [-0.745133, 0.00487036, -0.666898, -12.2896, -0.666532, -0.0393574, 0.744437, 2.83625, -0.0226218, 0.999213, 0.032573, 1.76406, 0.0, 0.0, 0.0, 1.0]}, "091fa1e06437452ba18e875dfb326ad8_d1_2.png": {"intrinsics": {"fx": 1070.52, "fy": 1071.36, "cx": 627.57, "cy": 505.018}, "camera_to_world_matrix": [-0.950056, 0.0116063, 0.311864, -12.293, 0.311061, -0.0454699, 0.949302, 2.83553, 0.0251983, 0.998898, 0.0395889, 1.76403, 0.0, 0.0, 0.0, 1.0]}, "091fa1e06437452ba18e875dfb326ad8_d1_3.png": {"intrinsics": {"fx": 1070.52, "fy": 1071.36, "cx": 627.57, "cy": 505.018}, "camera_to_world_matrix": [-0.20488, 0.00967367, 0.97874, -12.2954, 0.977231, -0.0543536, 0.205101, 2.83813, 0.0551821, 0.998475, 0.00168278, 1.76417, 0.0, 0.0, 0.0, 1.0]}, "091fa1e06437452ba18e875dfb326ad8_d1_4.png": {"intrinsics": {"fx": 1070.52, "fy": 1071.36, "cx": 627.57, "cy": 505.018}, "camera_to_world_matrix": [0.745203, 0.00100505, 0.666838, -12.2943, 0.665792, -0.0571247, -0.743948, 2.84145, 0.0373451, 0.998367, -0.0432384, 1.76432, 0.0, 0.0, 0.0, 1.0]}, "091fa1e06437452ba18e875dfb326ad8_d1_5.png": {"intrinsics": {"fx": 1070.52, "fy": 1071.36, "cx": 627.57, "cy": 505.018}, "camera_to_world_matrix": [0.950087, -0.00573069, -0.311933, -12.2908, -0.311809, -0.0510119, -0.948775, 2.84217, -0.0104752, 0.998682, -0.0502524, 1.76435, 0.0, 0.0, 0.0, 1.0]}, "091fa1e06437452ba18e875dfb326ad8_d2_0.png": {"intrinsics": {"fx": 1069.04, "fy": 1069.09, "cx": 640.707, "cy": 512.309}, "camera_to_world_matrix": [0.207939, 0.651852, -0.729281, -12.2776, -0.977394, 0.109315, -0.180973, 2.84023, -0.0382463, 0.750426, 0.659847, 1.79751, 0.0, 0.0, 0.0, 1.0]}, "091fa1e06437452ba18e875dfb326ad8_d2_1.png": {"intrinsics": {"fx": 1069.04, "fy": 1069.09, "cx": 640.707, "cy": 512.309}, "camera_to_world_matrix": [-0.743082, 0.452928, -0.492631, -12.2821, -0.668885, -0.525299, 0.525979, 2.82642, -0.0205481, 0.720359, 0.693297, 1.79685, 0.0, 0.0, 0.0, 1.0]}, "091fa1e06437452ba18e875dfb326ad8_d2_2.png": {"intrinsics": {"fx": 1069.04, "fy": 1069.09, "cx": 640.707, "cy": 512.309}, "camera_to_world_matrix": [-0.950976, -0.196742, 0.238616, -12.2964, 0.308063, -0.670602, 0.674826, 2.82344, 0.0272495, 0.715252, 0.698335, 1.79675, 0.0, 0.0, 0.0, 1.0]}, "091fa1e06437452ba18e875dfb326ad8_d2_3.png": {"intrinsics": {"fx": 1069.04, "fy": 1069.09, "cx": 640.707, "cy": 512.309}, "camera_to_world_matrix": [-0.207844, -0.647473, 0.733198, -12.3061, 0.976479, -0.181287, 0.116718, 2.83427, 0.0573478, 0.740212, 0.669924, 1.7973, 0.0, 0.0, 0.0, 1.0]}, "091fa1e06437452ba18e875dfb326ad8_d2_4.png": {"intrinsics": {"fx": 1069.04, "fy": 1069.09, "cx": 640.707, "cy": 512.309}, "camera_to_world_matrix": [0.743164, -0.448524, 0.496521, -12.3015, 0.667933, 0.453319, -0.590226, 2.84807, 0.0396479, 0.770278, 0.636475, 1.79795, 0.0, 0.0, 0.0, 1.0]}, "091fa1e06437452ba18e875dfb326ad8_d2_5.png": {"intrinsics": {"fx": 1069.04, "fy": 1069.09, "cx": 640.707, "cy": 512.309}, "camera_to_world_matrix": [0.95102, 0.201152, -0.234733, -12.2873, -0.309023, 0.598597, -0.739045, 2.85105, -0.00815003, 0.775384, 0.631438, 1.79806, 0.0, 0.0, 0.0, 1.0]}, "0a2bcff27df64734b83b1617040682e6_d0_0.png": {"intrinsics": {"fx": 1070.26, "fy": 1071.05, "cx": 638.98, "cy": 523.871}, "camera_to_world_matrix": [0.86834, 0.359727, 0.341441, -15.8846, 0.495942, -0.622499, -0.605423, -0.725936, -0.00524071, 0.695048, -0.718945, 1.60178, 0.0, 0.0, 0.0, 1.0]}, "0a2bcff27df64734b83b1617040682e6_d0_1.png": {"intrinsics": {"fx": 1070.26, "fy": 1071.05, "cx": 638.98, "cy": 523.871}, "camera_to_world_matrix": [0.862723, -0.313795, -0.396537, -15.87, -0.502883, -0.614718, -0.607644, -0.725854, -0.0530825, 0.72364, -0.688133, 1.60118, 0.0, 0.0, 0.0, 1.0]}, "0a2bcff27df64734b83b1617040682e6_d0_2.png": {"intrinsics": {"fx": 1070.26, "fy": 1071.05, "cx": 638.98, "cy": 523.871}, "camera_to_world_matrix": [-0.00533316, -0.642634, -0.766155, -15.8627, -0.999161, -0.0276838, 0.0301756, -0.738399, -0.0406019, 0.765673, -0.641947, 1.60027, 0.0, 0.0, 0.0, 1.0]}, "0a2bcff27df64734b83b1617040682e6_d0_3.png": {"intrinsics": {"fx": 1070.26, "fy": 1071.05, "cx": 638.98, "cy": 523.871}, "camera_to_world_matrix": [-0.867753, -0.297943, -0.397788, -15.8699, -0.496605, 0.551555, 0.670202, -0.751026, 0.0197201, 0.779113, -0.626573, 1.59996, 0.0, 0.0, 0.0, 1.0]}, "0a2bcff27df64734b83b1617040682e6_d0_4.png": {"intrinsics": {"fx": 1070.26, "fy": 1071.05, "cx": 638.98, "cy": 523.871}, "camera_to_world_matrix": [-0.862097, 0.375579, 0.34019, -15.8845, 0.50222, 0.543747, 0.672395, -0.751108, 0.0675602, 0.750519, -0.657386, 1.60057, 0.0, 0.0, 0.0, 1.0]}, "0a2bcff27df64734b83b1617040682e6_d0_5.png": {"intrinsics": {"fx": 1070.26, "fy": 1071.05, "cx": 638.98, "cy": 523.871}, "camera_to_world_matrix": [0.0059789, 0.704395, 0.709783, -15.8918, 0.998464, -0.0432995, 0.0345602, -0.738562, 0.0550772, 0.708486, -0.703572, 1.60148, 0.0, 0.0, 0.0, 1.0]}, "0a2bcff27df64734b83b1617040682e6_d1_0.png": {"intrinsics": {"fx": 1070.52, "fy": 1071.36, "cx": 627.57, "cy": 505.018}, "camera_to_world_matrix": [0.863742, 0.0381286, 0.502491, -15.8776, 0.503915, -0.0563541, -0.861914, -0.73706, -0.00454619, 0.997683, -0.0678888, 1.63427, 0.0, 0.0, 0.0, 1.0]}, "0a2bcff27df64734b83b1617040682e6_d1_1.png": {"intrinsics": {"fx": 1070.52, "fy": 1071.36, "cx": 627.57, "cy": 505.018}, "camera_to_world_matrix": [0.867347, 0.032768, -0.496626, -15.8741, -0.4949, -0.0490217, -0.867567, -0.737041, -0.0527738, 0.99826, -0.0263017, 1.63413, 0.0, 0.0, 0.0, 1.0]}, "0a2bcff27df64734b83b1617040682e6_d1_2.png": {"intrinsics": {"fx": 1070.52, "fy": 1071.36, "cx": 627.57, "cy": 505.018}, "camera_to_world_matrix": [0.00389319, 0.036449, -0.999328, -15.8724, -0.999157, -0.0407015, -0.00537716, -0.740058, -0.0408702, 0.998506, 0.03626, 1.63391, 0.0, 0.0, 0.0, 1.0]}, "0a2bcff27df64734b83b1617040682e6_d1_3.png": {"intrinsics": {"fx": 1070.52, "fy": 1071.36, "cx": 627.57, "cy": 505.018}, "camera_to_world_matrix": [-0.863145, 0.0454906, -0.502904, -15.8741, -0.504589, -0.039714, 0.862446, -0.743096, 0.0192608, 0.998175, 0.0572332, 1.63383, 0.0, 0.0, 0.0, 1.0]}, "0a2bcff27df64734b83b1617040682e6_d1_4.png": {"intrinsics": {"fx": 1070.52, "fy": 1071.36, "cx": 627.57, "cy": 505.018}, "camera_to_world_matrix": [-0.866711, 0.0508509, 0.496213, -15.8776, 0.494226, -0.0470467, 0.86806, -0.743115, 0.0674868, 0.997598, 0.0156443, 1.63398, 0.0, 0.0, 0.0, 1.0]}, "0a2bcff27df64734b83b1617040682e6_d1_5.png": {"intrinsics": {"fx": 1070.52, "fy": 1071.36, "cx": 627.57, "cy": 505.018}, "camera_to_world_matrix": [-0.00323762, 0.0471696, 0.998882, -15.8793, 0.99845, -0.0553667, 0.00585086, -0.740098, 0.0555807, 0.997351, -0.046917, 1.6342, 0.0, 0.0, 0.0, 1.0]}, "0a2bcff27df64734b83b1617040682e6_d2_0.png": {"intrinsics": {"fx": 1069.04, "fy": 1069.09, "cx": 640.707, "cy": 512.309}, "camera_to_world_matrix": [0.862285, -0.311333, 0.39942, -15.8818, 0.506419, 0.533479, -0.677452, -0.72913, -0.00216942, 0.78643, 0.617676, 1.66815, 0.0, 0.0, 0.0, 1.0]}, "0a2bcff27df64734b83b1617040682e6_d2_1.png": {"intrinsics": {"fx": 1069.04, "fy": 1069.09, "cx": 640.707, "cy": 512.309}, "camera_to_world_matrix": [0.868927, 0.353725, -0.346186, -15.8672, -0.492355, 0.546364, -0.677549, -0.729048, -0.0505224, 0.759187, 0.648909, 1.66754, 0.0, 0.0, 0.0, 1.0]}, "0a2bcff27df64734b83b1617040682e6_d2_2.png": {"intrinsics": {"fx": 1069.04, "fy": 1069.09, "cx": 640.707, "cy": 512.309}, "camera_to_world_matrix": [0.00702203, 0.69625, -0.717765, -15.8599, -0.999222, -0.0229718, -0.0320587, -0.741593, -0.0388092, 0.717432, 0.695547, 1.66663, 0.0, 0.0, 0.0, 1.0]}, "0a2bcff27df64734b83b1617040682e6_d2_3.png": {"intrinsics": {"fx": 1069.04, "fy": 1069.09, "cx": 640.707, "cy": 512.309}, "camera_to_world_matrix": [-0.861505, 0.373709, -0.343731, -15.8671, -0.507304, -0.605181, 0.613514, -0.75422, 0.0212566, 0.702921, 0.71095, 1.66633, 0.0, 0.0, 0.0, 1.0]}, "0a2bcff27df64734b83b1617040682e6_d2_4.png": {"intrinsics": {"fx": 1069.04, "fy": 1069.09, "cx": 640.707, "cy": 512.309}, "camera_to_world_matrix": [-0.868108, -0.29135, 0.401876, -15.8817, 0.491471, -0.61804, 0.613583, -0.754302, 0.069608, 0.730166, 0.679715, 1.66693, 0.0, 0.0, 0.0, 1.0]}, "0a2bcff27df64734b83b1617040682e6_d2_5.png": {"intrinsics": {"fx": 1069.04, "fy": 1069.09, "cx": 640.707, "cy": 512.309}, "camera_to_world_matrix": [-0.00618327, -0.633852, 0.77343, -15.889, 0.998304, -0.0486901, -0.0319222, -0.741757, 0.0578924, 0.77192, 0.633078, 1.66784, 0.0, 0.0, 0.0, 1.0]}, "0d7b301dd8074efb9d62ebec10561324_d0_0.png": {"intrinsics": {"fx": 1070.26, "fy": 1071.05, "cx": 638.98, "cy": 523.871}, "camera_to_world_matrix": [-0.708516, 0.460454, 0.534777, -0.131942, 0.705285, 0.48785, 0.514369, 0.117446, -0.0240475, 0.741609, -0.670401, 1.65821, 0.0, 0.0, 0.0, 1.0]}, "0d7b301dd8074efb9d62ebec10561324_d0_1.png": {"intrinsics": {"fx": 1070.26, "fy": 1071.05, "cx": 638.98, "cy": 523.871}, "camera_to_world_matrix": [0.256539, 0.631064, 0.732083, -0.135865, 0.966524, -0.164169, -0.197178, 0.131453, -0.00424679, 0.75816, -0.652055, 1.65785, 0.0, 0.0, 0.0, 1.0]}, "0d7b301dd8074efb9d62ebec10561324_d0_2.png": {"intrinsics": {"fx": 1070.26, "fy": 1071.05, "cx": 638.98, "cy": 523.871}, "camera_to_world_matrix": [0.964864, 0.151714, 0.214523, -0.125697, 0.261353, -0.638217, -0.724136, 0.14186, 0.0270506, 0.75476, -0.655444, 1.65792, 0.0, 0.0, 0.0, 1.0]}, "0d7b301dd8074efb9d62ebec10561324_d0_3.png": {"intrinsics": {"fx": 1070.26, "fy": 1071.05, "cx": 638.98, "cy": 523.871}, "camera_to_world_matrix": [0.708118, -0.498236, -0.50033, -0.111606, -0.705042, -0.460236, -0.539536, 0.138261, 0.0385464, 0.734809, -0.677178, 1.65834, 0.0, 0.0, 0.0, 1.0]}, "0d7b301dd8074efb9d62ebec10561324_d0_4.png": {"intrinsics": {"fx": 1070.26, "fy": 1071.05, "cx": 638.98, "cy": 523.871}, "camera_to_world_matrix": [-0.256948, -0.668821, -0.697608, -0.107683, -0.966243, 0.19179, 0.172018, 0.124254, 0.0187447, 0.718259, -0.695524, 1.65871, 0.0, 0.0, 0.0, 1.0]}, "0d7b301dd8074efb9d62ebec10561324_d0_5.png": {"intrinsics": {"fx": 1070.26, "fy": 1071.05, "cx": 638.98, "cy": 523.871}, "camera_to_world_matrix": [-0.965245, -0.189451, -0.180028, -0.117851, -0.261044, 0.665819, 0.698957, 0.113847, -0.0125524, 0.72166, -0.692134, 1.65864, 0.0, 0.0, 0.0, 1.0]}, "0d7b301dd8074efb9d62ebec10561324_d1_0.png": {"intrinsics": {"fx": 1070.52, "fy": 1071.36, "cx": 627.57, "cy": 505.018}, "camera_to_world_matrix": [-0.714999, -0.0165636, 0.69893, -0.12507, 0.698715, 0.01735, 0.71519, 0.125971, -0.0239726, 0.999712, -0.000831826, 1.6915, 0.0, 0.0, 0.0, 1.0]}, "0d7b301dd8074efb9d62ebec10561324_d1_1.png": {"intrinsics": {"fx": 1070.52, "fy": 1071.36, "cx": 627.57, "cy": 505.018}, "camera_to_world_matrix": [0.247608, -0.0222196, 0.968606, -0.126014, 0.96885, 0.0102195, -0.247436, 0.129341, -0.00440076, 0.999701, 0.0240581, 1.69141, 0.0, 0.0, 0.0, 1.0]}, "0d7b301dd8074efb9d62ebec10561324_d1_2.png": {"intrinsics": {"fx": 1070.52, "fy": 1071.36, "cx": 627.57, "cy": 505.018}, "camera_to_world_matrix": [0.962413, -0.0312195, 0.269791, -0.123568, 0.270251, 0.0115504, -0.962721, 0.131844, 0.0269395, 0.999446, 0.0195536, 1.69142, 0.0, 0.0, 0.0, 1.0]}, "0d7b301dd8074efb9d62ebec10561324_d1_3.png": {"intrinsics": {"fx": 1070.52, "fy": 1071.36, "cx": 627.57, "cy": 505.018}, "camera_to_world_matrix": [0.714595, -0.0345633, -0.698684, -0.120178, -0.698467, 0.0200118, -0.715362, 0.130978, 0.0387071, 0.999202, -0.00984078, 1.69153, 0.0, 0.0, 0.0, 1.0]}, "0d7b301dd8074efb9d62ebec10561324_d1_4.png": {"intrinsics": {"fx": 1070.52, "fy": 1071.36, "cx": 627.57, "cy": 505.018}, "camera_to_world_matrix": [-0.248023, -0.028907, -0.968323, -0.119234, -0.968565, 0.0271421, 0.247275, 0.127609, 0.0191343, 0.999214, -0.0347299, 1.69161, 0.0, 0.0, 0.0, 1.0]}, "0d7b301dd8074efb9d62ebec10561324_d1_5.png": {"intrinsics": {"fx": 1070.52, "fy": 1071.36, "cx": 627.57, "cy": 505.018}, "camera_to_world_matrix": [-0.962801, -0.0199071, -0.26948, -0.12168, -0.269938, 0.0258109, 0.962532, 0.125106, -0.0122057, 0.999469, -0.0302242, 1.6916, 0.0, 0.0, 0.0, 1.0]}, "0d7b301dd8074efb9d62ebec10561324_d2_0.png": {"intrinsics": {"fx": 1069.04, "fy": 1069.09, "cx": 640.707, "cy": 512.309}, "camera_to_world_matrix": [-0.717162, -0.47772, 0.507407, -0.133642, 0.696565, -0.468594, 0.543339, 0.118689, -0.0217959, 0.743104, 0.668821, 1.72468, 0.0, 0.0, 0.0, 1.0]}, "0d7b301dd8074efb9d62ebec10561324_d2_1.png": {"intrinsics": {"fx": 1069.04, "fy": 1069.09, "cx": 640.707, "cy": 512.309}, "camera_to_world_matrix": [0.244602, -0.666029, 0.704681, -0.137565, 0.969621, 0.169739, -0.176137, 0.132695, -0.00230021, 0.726357, 0.687314, 1.72432, 0.0, 0.0, 0.0, 1.0]}, "0d7b301dd8074efb9d62ebec10561324_d2_2.png": {"intrinsics": {"fx": 1069.04, "fy": 1069.09, "cx": 640.707, "cy": 512.309}, "camera_to_world_matrix": [0.961515, -0.207371, 0.18024, -0.127398, 0.273212, 0.65227, -0.707035, 0.143102, 0.029053, 0.729069, 0.683823, 1.72438, 0.0, 0.0, 0.0, 1.0]}, "0d7b301dd8074efb9d62ebec10561324_d2_3.png": {"intrinsics": {"fx": 1069.04, "fy": 1069.09, "cx": 640.707, "cy": 512.309}, "camera_to_world_matrix": [0.716646, 0.439586, -0.541462, -0.113306, -0.696236, 0.496456, -0.518447, 0.139503, 0.0409097, 0.748529, 0.661839, 1.72481, 0.0, 0.0, 0.0, 1.0]}, "0d7b301dd8074efb9d62ebec10561324_d2_4.png": {"intrinsics": {"fx": 1069.04, "fy": 1069.09, "cx": 640.707, "cy": 512.309}, "camera_to_world_matrix": [-0.245129, 0.627871, -0.738708, -0.109383, -0.969254, -0.141885, 0.201036, 0.125497, 0.021413, 0.765276, 0.643346, 1.72517, 0.0, 0.0, 0.0, 1.0]}, "0d7b301dd8074efb9d62ebec10561324_d2_5.png": {"intrinsics": {"fx": 1069.04, "fy": 1069.09, "cx": 640.707, "cy": 512.309}, "camera_to_world_matrix": [-0.962014, 0.169194, -0.214247, -0.119551, -0.272817, -0.624397, 0.731914, 0.11509, -0.00993996, 0.762563, 0.646838, 1.72511, 0.0, 0.0, 0.0, 1.0]}, "1357c8acacc04606a910ffca1ff6b09b_d0_0.png": {"intrinsics": {"fx": 1070.26, "fy": 1071.05, "cx": 638.98, "cy": 523.871}, "camera_to_world_matrix": [-0.982267, -0.129702, -0.135386, -0.633289, -0.187421, 0.659817, 0.727677, 12.0237, -0.00505131, 0.740147, -0.672426, 1.35646, 0.0, 0.0, 0.0, 1.0]}, "1357c8acacc04606a910ffca1ff6b09b_d0_1.png": {"intrinsics": {"fx": 1070.26, "fy": 1071.05, "cx": 638.98, "cy": 523.871}, "camera_to_world_matrix": [-0.653484, 0.50516, 0.563712, -0.647073, 0.756933, 0.433059, 0.489399, 12.0284, 0.00310446, 0.746507, -0.66537, 1.35632, 0.0, 0.0, 0.0, 1.0]}, "1357c8acacc04606a910ffca1ff6b09b_d0_2.png": {"intrinsics": {"fx": 1070.26, "fy": 1071.05, "cx": 638.98, "cy": 523.871}, "camera_to_world_matrix": [0.328712, 0.626244, 0.706941, -0.649932, 0.944304, -0.23015, -0.235202, 12.0427, 0.0154085, 0.744882, -0.667019, 1.35635, 0.0, 0.0, 0.0, 1.0]}, "1357c8acacc04606a910ffca1ff6b09b_d0_3.png": {"intrinsics": {"fx": 1070.26, "fy": 1071.05, "cx": 638.98, "cy": 523.871}, "camera_to_world_matrix": [0.982105, 0.112464, 0.151069, -0.639008, 0.187316, -0.666586, -0.72151, 12.0523, 0.0195565, 0.736896, -0.675723, 1.35652, 0.0, 0.0, 0.0, 1.0]}, "1357c8acacc04606a910ffca1ff6b09b_d0_4.png": {"intrinsics": {"fx": 1070.26, "fy": 1071.05, "cx": 638.98, "cy": 523.871}, "camera_to_world_matrix": [0.653286, -0.52239, -0.548021, -0.625224, -0.757025, -0.439802, -0.483204, 12.0476, 0.0114003, 0.730536, -0.682779, 1.35666, 0.0, 0.0, 0.0, 1.0]}, "1357c8acacc04606a910ffca1ff6b09b_d0_5.png": {"intrinsics": {"fx": 1070.26, "fy": 1071.05, "cx": 638.98, "cy": 523.871}, "camera_to_world_matrix": [-0.328918, -0.643448, -0.691221, -0.622365, -0.944358, 0.223411, 0.241403, 12.0333, -0.000903631, 0.732162, -0.68113, 1.35663, 0.0, 0.0, 0.0, 1.0]}, "1357c8acacc04606a910ffca1ff6b09b_d1_0.png": {"intrinsics": {"fx": 1070.52, "fy": 1071.36, "cx": 627.57, "cy": 505.018}, "camera_to_world_matrix": [-0.980496, -0.00547433, -0.196466, -0.635848, -0.196479, 0.00210409, 0.980506, 12.0344, -0.00495429, 0.999983, -0.00313844, 1.38973, 0.0, 0.0, 0.0, 1.0]}, "1357c8acacc04606a910ffca1ff6b09b_d1_1.png": {"intrinsics": {"fx": 1070.52, "fy": 1071.36, "cx": 627.57, "cy": 505.018}, "camera_to_world_matrix": [-0.660443, -0.00277593, 0.750871, -0.639164, 0.75087, -0.00658808, 0.660418, 12.0355, 0.00311347, 0.999974, 0.00643562, 1.38969, 0.0, 0.0, 0.0, 1.0]}, "1357c8acacc04606a910ffca1ff6b09b_d1_2.png": {"intrinsics": {"fx": 1070.52, "fy": 1071.36, "cx": 627.57, "cy": 505.018}, "camera_to_world_matrix": [0.319981, -0.00895389, 0.947382, -0.639852, 0.947298, -0.0132707, -0.320078, 12.039, 0.0154383, 0.999872, 0.00423584, 1.3897, 0.0, 0.0, 0.0, 1.0]}, "1357c8acacc04606a910ffca1ff6b09b_d1_3.png": {"intrinsics": {"fx": 1070.52, "fy": 1071.36, "cx": 627.57, "cy": 505.018}, "camera_to_world_matrix": [0.980332, -0.0178301, 0.196552, -0.637224, 0.196374, -0.011261, -0.980465, 12.0413, 0.0196951, 0.999778, -0.00753795, 1.38974, 0.0, 0.0, 0.0, 1.0]}, "1357c8acacc04606a910ffca1ff6b09b_d1_4.png": {"intrinsics": {"fx": 1070.52, "fy": 1071.36, "cx": 627.57, "cy": 505.018}, "camera_to_world_matrix": [0.660242, -0.0205282, -0.750772, -0.633908, -0.750963, -0.00256874, -0.66034, 12.0402, 0.011627, 0.999786, -0.0171117, 1.38978, 0.0, 0.0, 0.0, 1.0]}, "1357c8acacc04606a910ffca1ff6b09b_d1_5.png": {"intrinsics": {"fx": 1070.52, "fy": 1071.36, "cx": 627.57, "cy": 505.018}, "camera_to_world_matrix": [-0.32019, -0.01435, -0.947245, -0.63322, -0.947353, 0.00411365, 0.320164, 12.0367, -0.00069777, 0.999889, -0.0149114, 1.38977, 0.0, 0.0, 0.0, 1.0]}, "1357c8acacc04606a910ffca1ff6b09b_d2_0.png": {"intrinsics": {"fx": 1069.04, "fy": 1069.09, "cx": 640.707, "cy": 512.309}, "camera_to_world_matrix": [-0.979901, 0.131084, -0.15037, -0.634064, -0.199466, -0.654308, 0.729448, 12.0234, -0.0027701, 0.74478, 0.667304, 1.42295, 0.0, 0.0, 0.0, 1.0]}, "1357c8acacc04606a910ffca1ff6b09b_d2_1.png": {"intrinsics": {"fx": 1069.04, "fy": 1069.09, "cx": 640.707, "cy": 512.309}, "camera_to_world_matrix": [-0.662736, -0.502462, 0.555259, -0.647848, 0.748834, -0.449885, 0.486673, 12.0281, 0.00526834, 0.738333, 0.674416, 1.42281, 0.0, 0.0, 0.0, 1.0]}, "1357c8acacc04606a910ffca1ff6b09b_d2_2.png": {"intrinsics": {"fx": 1069.04, "fy": 1069.09, "cx": 640.707, "cy": 512.309}, "camera_to_world_matrix": [0.317068, -0.642229, 0.69786, -0.650707, 0.948239, 0.201017, -0.245834, 12.0423, 0.0175996, 0.739685, 0.672723, 1.42284, 0.0, 0.0, 0.0, 1.0]}, "1357c8acacc04606a910ffca1ff6b09b_d2_3.png": {"intrinsics": {"fx": 1069.04, "fy": 1069.09, "cx": 640.707, "cy": 512.309}, "camera_to_world_matrix": [0.979686, -0.148448, 0.134829, -0.639782, 0.19934, 0.647481, -0.735549, 12.052, 0.0218921, 0.747484, 0.66392, 1.42302, 0.0, 0.0, 0.0, 1.0]}, "1357c8acacc04606a910ffca1ff6b09b_d2_4.png": {"intrinsics": {"fx": 1069.04, "fy": 1069.09, "cx": 640.707, "cy": 512.309}, "camera_to_world_matrix": [0.662484, 0.485089, -0.570792, -0.625999, -0.748948, 0.443032, -0.492747, 12.0473, 0.0138533, 0.75393, 0.656808, 1.42315, 0.0, 0.0, 0.0, 1.0]}, "1357c8acacc04606a910ffca1ff6b09b_d2_5.png": {"intrinsics": {"fx": 1069.04, "fy": 1069.09, "cx": 640.707, "cy": 512.309}, "camera_to_world_matrix": [-0.317328, 0.624831, -0.713364, -0.62314, -0.948314, -0.207875, 0.239765, 12.033, 0.00152211, 0.752578, 0.658501, 1.42312, 0.0, 0.0, 0.0, 1.0]}, "150256f18e074ad0ab418a91ecb0b0ea_d0_0.png": {"intrinsics": {"fx": 1070.26, "fy": 1071.05, "cx": 638.98, "cy": 523.871}, "camera_to_world_matrix": [0.773671, -0.406643, -0.485876, -4.79667, -0.632806, -0.534031, -0.560685, 1.64372, -0.0314741, 0.741251, -0.67049, 1.72082, 0.0, 0.0, 0.0, 1.0]}, "150256f18e074ad0ab418a91ecb0b0ea_d0_1.png": {"intrinsics": {"fx": 1070.26, "fy": 1071.05, "cx": 638.98, "cy": 523.871}, "camera_to_world_matrix": [-0.161242, -0.639827, -0.751414, -4.7914, -0.986881, 0.0981841, 0.128166, 1.63016, -0.00822705, 0.762221, -0.647264, 1.72036, 0.0, 0.0, 0.0, 1.0]}, "150256f18e074ad0ab418a91ecb0b0ea_d0_2.png": {"intrinsics": {"fx": 1070.26, "fy": 1071.05, "cx": 638.98, "cy": 523.871}, "camera_to_world_matrix": [-0.934671, -0.208932, -0.287643, -4.80051, -0.354205, 0.616672, 0.703033, 1.61881, 0.0304951, 0.758988, -0.65039, 1.72042, 0.0, 0.0, 0.0, 1.0]}, "150256f18e074ad0ab418a91ecb0b0ea_d0_3.png": {"intrinsics": {"fx": 1070.26, "fy": 1071.05, "cx": 638.98, "cy": 523.871}, "camera_to_world_matrix": [-0.77317, 0.455137, 0.441655, -4.81488, 0.632531, 0.502933, 0.589036, 1.62102, 0.0459693, 0.734785, -0.676741, 1.72094, 0.0, 0.0, 0.0, 1.0]}, "150256f18e074ad0ab418a91ecb0b0ea_d0_4.png": {"intrinsics": {"fx": 1070.26, "fy": 1071.05, "cx": 638.98, "cy": 523.871}, "camera_to_world_matrix": [0.161756, 0.688296, 0.707166, -4.82015, 0.986569, -0.129291, -0.0998253, 1.63458, 0.022721, 0.713815, -0.699966, 1.7214, 0.0, 0.0, 0.0, 1.0]}, "150256f18e074ad0ab418a91ecb0b0ea_d0_5.png": {"intrinsics": {"fx": 1070.26, "fy": 1071.05, "cx": 638.98, "cy": 523.871}, "camera_to_world_matrix": [0.93516, 0.257381, 0.243372, -4.81104, 0.353863, -0.647762, -0.674674, 1.64593, -0.0160009, 0.717049, -0.696839, 1.72134, 0.0, 0.0, 0.0, 1.0]}, "150256f18e074ad0ab418a91ecb0b0ea_d1_0.png": {"intrinsics": {"fx": 1070.52, "fy": 1071.36, "cx": 627.57, "cy": 505.018}, "camera_to_world_matrix": [0.779483, 0.023729, -0.625974, -4.8025, -0.625636, -0.0205937, -0.779843, 1.6344, -0.0313961, 0.999506, -0.00120655, 1.75409, 0.0, 0.0, 0.0, 1.0]}, "150256f18e074ad0ab418a91ecb0b0ea_d1_1.png": {"intrinsics": {"fx": 1070.52, "fy": 1071.36, "cx": 627.57, "cy": 505.018}, "camera_to_world_matrix": [-0.152128, 0.0286637, -0.987945, -4.80123, -0.988325, -0.0129463, 0.15181, 1.63114, -0.00843881, 0.999505, 0.0302988, 1.75398, 0.0, 0.0, 0.0, 1.0]}, "150256f18e074ad0ab418a91ecb0b0ea_d1_2.png": {"intrinsics": {"fx": 1070.52, "fy": 1071.36, "cx": 627.57, "cy": 505.018}, "camera_to_world_matrix": [-0.931366, 0.0377489, -0.362125, -4.80342, -0.362822, -0.0133931, 0.931763, 1.62841, 0.030323, 0.999198, 0.0261702, 1.75399, 0.0, 0.0, 0.0, 1.0]}, "150256f18e074ad0ab418a91ecb0b0ea_d1_3.png": {"intrinsics": {"fx": 1070.52, "fy": 1071.36, "cx": 627.57, "cy": 505.018}, "camera_to_world_matrix": [-0.778975, 0.0418992, 0.625654, -4.80688, 0.625357, -0.0214874, 0.780044, 1.62894, 0.0461268, 0.998891, -0.00946359, 1.75412, 0.0, 0.0, 0.0, 1.0]}, "150256f18e074ad0ab418a91ecb0b0ea_d1_4.png": {"intrinsics": {"fx": 1070.52, "fy": 1071.36, "cx": 627.57, "cy": 505.018}, "camera_to_world_matrix": [0.15265, 0.0369641, 0.987589, -4.80814, 0.988009, -0.0291346, -0.151624, 1.6322, 0.0231683, 0.998892, -0.040968, 1.75423, 0.0, 0.0, 0.0, 1.0]}, "150256f18e074ad0ab418a91ecb0b0ea_d1_5.png": {"intrinsics": {"fx": 1070.52, "fy": 1071.36, "cx": 627.57, "cy": 505.018}, "camera_to_world_matrix": [0.931864, 0.0278789, 0.361738, -4.80595, 0.362475, -0.0286874, -0.931552, 1.63493, -0.0155934, 0.9992, -0.0368379, 1.75421, 0.0, 0.0, 0.0, 1.0]}, "150256f18e074ad0ab418a91ecb0b0ea_d2_0.png": {"intrinsics": {"fx": 1069.04, "fy": 1069.09, "cx": 640.707, "cy": 512.309}, "camera_to_world_matrix": [0.781439, 0.433951, -0.448374, -4.79449, -0.623297, 0.509212, -0.593468, 1.64232, -0.0292186, 0.743229, 0.668398, 1.78727, 0.0, 0.0, 0.0, 1.0]}, "150256f18e074ad0ab418a91ecb0b0ea_d2_1.png": {"intrinsics": {"fx": 1069.04, "fy": 1069.09, "cx": 640.707, "cy": 512.309}, "camera_to_world_matrix": [-0.149049, 0.683416, -0.714651, -4.78922, -0.988809, -0.107658, 0.103276, 1.62876, -0.0063577, 0.722047, 0.691815, 1.78681, 0.0, 0.0, 0.0, 1.0]}, "150256f18e074ad0ab418a91ecb0b0ea_d2_2.png": {"intrinsics": {"fx": 1069.04, "fy": 1069.09, "cx": 640.707, "cy": 512.309}, "camera_to_world_matrix": [-0.930172, 0.273937, -0.244417, -4.79833, -0.365692, -0.632569, 0.682735, 1.61741, 0.0324158, 0.724441, 0.688574, 1.78687, 0.0, 0.0, 0.0, 1.0]}, "150256f18e074ad0ab418a91ecb0b0ea_d2_3.png": {"intrinsics": {"fx": 1069.04, "fy": 1069.09, "cx": 640.707, "cy": 512.309}, "camera_to_world_matrix": [-0.780788, -0.384998, 0.492085, -4.8127, 0.622925, -0.540598, 0.565437, 1.61962, 0.0483275, 0.748018, 0.661917, 1.78739, 0.0, 0.0, 0.0, 1.0]}, "150256f18e074ad0ab418a91ecb0b0ea_d2_4.png": {"intrinsics": {"fx": 1069.04, "fy": 1069.09, "cx": 640.707, "cy": 512.309}, "camera_to_world_matrix": [0.149715, -0.63444, 0.758335, -4.81797, 0.988401, 0.0762823, -0.131317, 1.63318, 0.0254653, 0.769199, 0.638501, 1.78785, 0.0, 0.0, 0.0, 1.0]}, "150256f18e074ad0ab418a91ecb0b0ea_d2_5.png": {"intrinsics": {"fx": 1069.04, "fy": 1069.09, "cx": 640.707, "cy": 512.309}, "camera_to_world_matrix": [0.930813, -0.22494, 0.288078, -4.80886, 0.365253, 0.601177, -0.710758, 1.64453, -0.013308, 0.766804, 0.641743, 1.78779, 0.0, 0.0, 0.0, 1.0]}, "160a2146cd5145e3a9e5f84ec5d0130d_d0_0.png": {"intrinsics": {"fx": 1070.26, "fy": 1071.05, "cx": 638.98, "cy": 523.871}, "camera_to_world_matrix": [-0.817199, -0.397642, -0.417213, -0.18871, -0.576073, 0.540859, 0.612872, 8.57171, -0.0180498, 0.741183, -0.67106, 1.30426, 0.0, 0.0, 0.0, 1.0]}, "160a2146cd5145e3a9e5f84ec5d0130d_d0_1.png": {"intrinsics": {"fx": 1070.26, "fy": 1071.05, "cx": 638.98, "cy": 523.871}, "camera_to_world_matrix": [-0.90767, 0.274117, 0.317798, -0.203185, 0.41968, 0.596297, 0.684323, 8.57026, -0.00191752, 0.754513, -0.656282, 1.30397, 0.0, 0.0, 0.0, 1.0]}, "160a2146cd5145e3a9e5f84ec5d0130d_d0_2.png": {"intrinsics": {"fx": 1070.26, "fy": 1071.05, "cx": 638.98, "cy": 523.871}, "camera_to_world_matrix": [-0.0905835, 0.658189, 0.747383, -0.211679, 0.995614, 0.0422298, 0.0834793, 8.58208, 0.0233833, 0.751667, -0.659128, 1.30403, 0.0, 0.0, 0.0, 1.0]}, "160a2146cd5145e3a9e5f84ec5d0130d_d0_3.png": {"intrinsics": {"fx": 1070.26, "fy": 1071.05, "cx": 638.98, "cy": 523.871}, "camera_to_world_matrix": [0.816955, 0.370495, 0.441947, -0.205697, 0.575782, -0.567262, -0.588803, 8.59533, 0.0325513, 0.735491, -0.676752, 1.30437, 0.0, 0.0, 0.0, 1.0]}, "160a2146cd5145e3a9e5f84ec5d0130d_d0_4.png": {"intrinsics": {"fx": 1070.26, "fy": 1071.05, "cx": 638.98, "cy": 523.871}, "camera_to_world_matrix": [0.907387, -0.301265, -0.293067, -0.191222, -0.419975, -0.622674, -0.660226, 8.59678, 0.0164182, 0.722161, -0.69153, 1.30467, 0.0, 0.0, 0.0, 1.0]}, "160a2146cd5145e3a9e5f84ec5d0130d_d0_5.png": {"intrinsics": {"fx": 1070.26, "fy": 1071.05, "cx": 638.98, "cy": 523.871}, "camera_to_world_matrix": [0.0902781, -0.685316, -0.722628, -0.182728, -0.995877, -0.0685917, -0.059365, 8.58497, -0.0088825, 0.725008, -0.688683, 1.30461, 0.0, 0.0, 0.0, 1.0]}, "160a2146cd5145e3a9e5f84ec5d0130d_d1_0.png": {"intrinsics": {"fx": 1070.52, "fy": 1071.36, "cx": 627.57, "cy": 505.018}, "camera_to_world_matrix": [-0.811848, -0.0154951, -0.583664, -0.195771, -0.583593, -0.00922795, 0.811994, 8.58008, -0.017968, 0.999837, -0.00155095, 1.33754, 0.0, 0.0, 0.0, 1.0]}, "160a2146cd5145e3a9e5f84ec5d0130d_d1_1.png": {"intrinsics": {"fx": 1070.52, "fy": 1071.36, "cx": 627.57, "cy": 505.018}, "camera_to_world_matrix": [-0.911505, -0.00944923, 0.411181, -0.199253, 0.411285, -0.0160311, 0.911366, 8.57974, -0.00202008, 0.999827, 0.0184989, 1.33747, 0.0, 0.0, 0.0, 1.0]}, "160a2146cd5145e3a9e5f84ec5d0130d_d1_2.png": {"intrinsics": {"fx": 1070.52, "fy": 1071.36, "cx": 627.57, "cy": 505.018}, "camera_to_world_matrix": [-0.0997718, -0.0123163, 0.994934, -0.201296, 0.994737, -0.0246666, 0.0994468, 8.58258, 0.0233168, 0.99962, 0.0147127, 1.33749, 0.0, 0.0, 0.0, 1.0]}, "160a2146cd5145e3a9e5f84ec5d0130d_d1_3.png": {"intrinsics": {"fx": 1070.52, "fy": 1071.36, "cx": 627.57, "cy": 505.018}, "camera_to_world_matrix": [0.8116, -0.0212292, 0.583828, -0.199857, 0.583298, -0.0264988, -0.811826, 8.58577, 0.0327051, 0.999424, -0.00912328, 1.33757, 0.0, 0.0, 0.0, 1.0]}, "160a2146cd5145e3a9e5f84ec5d0130d_d1_4.png": {"intrinsics": {"fx": 1070.52, "fy": 1071.36, "cx": 627.57, "cy": 505.018}, "camera_to_world_matrix": [0.911218, -0.0272748, -0.411021, -0.196375, -0.411584, -0.0196955, -0.911159, 8.58612, 0.0167564, 0.999434, -0.0291725, 1.33764, 0.0, 0.0, 0.0, 1.0]}, "160a2146cd5145e3a9e5f84ec5d0130d_d1_5.png": {"intrinsics": {"fx": 1070.52, "fy": 1071.36, "cx": 627.57, "cy": 505.018}, "camera_to_world_matrix": [0.0994621, -0.0244074, -0.994742, -0.194332, -0.995005, -0.01106, -0.099217, 8.58327, -0.00858032, 0.999641, -0.0253853, 1.33763, 0.0, 0.0, 0.0, 1.0]}, "160a2146cd5145e3a9e5f84ec5d0130d_d2_0.png": {"intrinsics": {"fx": 1069.04, "fy": 1069.09, "cx": 640.707, "cy": 512.309}, "camera_to_world_matrix": [-0.810094, 0.382309, -0.444507, -0.189931, -0.586087, -0.548465, 0.596396, 8.57052, -0.0157889, 0.743657, 0.668375, 1.37074, 0.0, 0.0, 0.0, 1.0]}, "160a2146cd5145e3a9e5f84ec5d0130d_d2_1.png": {"intrinsics": {"fx": 1069.04, "fy": 1069.09, "cx": 640.707, "cy": 512.309}, "camera_to_world_matrix": [-0.912773, -0.279028, 0.298308, -0.204406, 0.408466, -0.623701, 0.666447, 8.56907, 9.76995e-05, 0.730164, 0.683272, 1.37045, 0.0, 0.0, 0.0, 1.0]}, "160a2146cd5145e3a9e5f84ec5d0130d_d2_2.png": {"intrinsics": {"fx": 1069.04, "fy": 1069.09, "cx": 640.707, "cy": 512.309}, "camera_to_world_matrix": [-0.102834, -0.675034, 0.730585, -0.2129, 0.994373, -0.0885524, 0.0581445, 8.58089, 0.0254455, 0.732453, 0.680342, 1.37051, 0.0, 0.0, 0.0, 1.0]}, "160a2146cd5145e3a9e5f84ec5d0130d_d2_3.png": {"intrinsics": {"fx": 1069.04, "fy": 1069.09, "cx": 640.707, "cy": 512.309}, "camera_to_world_matrix": [0.809766, -0.409693, 0.420036, -0.206918, 0.585714, 0.521821, -0.620196, 8.59415, 0.034906, 0.748235, 0.662515, 1.37085, 0.0, 0.0, 0.0, 1.0]}, "160a2146cd5145e3a9e5f84ec5d0130d_d2_4.png": {"intrinsics": {"fx": 1069.04, "fy": 1069.09, "cx": 640.707, "cy": 512.309}, "camera_to_world_matrix": [0.912406, 0.251648, -0.322782, -0.192443, -0.408843, 0.597031, -0.690218, 8.59559, 0.0190187, 0.761727, 0.647619, 1.37114, 0.0, 0.0, 0.0, 1.0]}, "160a2146cd5145e3a9e5f84ec5d0130d_d2_5.png": {"intrinsics": {"fx": 1069.04, "fy": 1069.09, "cx": 640.707, "cy": 512.309}, "camera_to_world_matrix": [0.102444, 0.647633, -0.755035, -0.183949, -0.994719, 0.0618663, -0.0818985, 8.58378, -0.00632895, 0.759437, 0.65055, 1.37109, 0.0, 0.0, 0.0, 1.0]}, "1b450d30967441c09d938af5fa9052dd_d0_0.png": {"intrinsics": {"fx": 1070.26, "fy": 1071.05, "cx": 638.98, "cy": 523.871}, "camera_to_world_matrix": [-0.89284, -0.295954, -0.339482, 1.18, -0.449936, 0.55288, 0.701342, 2.74658, -0.0198724, 0.778931, -0.626794, 1.67429, 0.0, 0.0, 0.0, 1.0]}, "1b450d30967441c09d938af5fa9052dd_d0_1.png": {"intrinsics": {"fx": 1070.26, "fy": 1071.05, "cx": 638.98, "cy": 523.871}, "camera_to_world_matrix": [-0.836323, 0.376813, 0.398216, 1.16547, 0.546174, 0.509702, 0.664754, 2.74726, 0.0475162, 0.773444, -0.632081, 1.67439, 0.0, 0.0, 0.0, 1.0]}, "1b450d30967441c09d938af5fa9052dd_d0_2.png": {"intrinsics": {"fx": 1070.26, "fy": 1071.05, "cx": 638.98, "cy": 523.871}, "camera_to_world_matrix": [0.0565633, 0.67556, 0.735133, 1.1588, 0.995606, -0.0932009, 0.00904329, 2.76016, 0.0746243, 0.731391, -0.677863, 1.67529, 0.0, 0.0, 0.0, 1.0]}, "1b450d30967441c09d938af5fa9052dd_d0_3.png": {"intrinsics": {"fx": 1070.26, "fy": 1071.05, "cx": 638.98, "cy": 523.871}, "camera_to_world_matrix": [0.892912, 0.301532, 0.334344, 1.16666, 0.448919, -0.652912, -0.610064, 2.77238, 0.034343, 0.694826, -0.718357, 1.67609, 0.0, 0.0, 0.0, 1.0]}, "1b450d30967441c09d938af5fa9052dd_d0_4.png": {"intrinsics": {"fx": 1070.26, "fy": 1071.05, "cx": 638.98, "cy": 523.871}, "camera_to_world_matrix": [0.836357, -0.371233, -0.403353, 1.1812, -0.547189, -0.609708, -0.573446, 2.77169, -0.0330454, 0.700316, -0.713068, 1.67599, 0.0, 0.0, 0.0, 1.0]}, "1b450d30967441c09d938af5fa9052dd_d0_5.png": {"intrinsics": {"fx": 1070.26, "fy": 1071.05, "cx": 638.98, "cy": 523.871}, "camera_to_world_matrix": [-0.0565474, -0.669956, -0.740244, 1.18787, -0.996586, -0.00679313, 0.0822776, 2.75879, -0.060151, 0.742369, -0.667285, 1.67509, 0.0, 0.0, 0.0, 1.0]}, "1b450d30967441c09d938af5fa9052dd_d1_0.png": {"intrinsics": {"fx": 1070.52, "fy": 1071.36, "cx": 627.57, "cy": 505.018}, "camera_to_world_matrix": [-0.888645, 0.00789495, -0.458528, 1.17506, -0.458145, -0.059602, 0.886877, 2.75412, -0.0203274, 0.998191, 0.0565823, 1.70815, 0.0, 0.0, 0.0, 1.0]}, "1b450d30967441c09d938af5fa9052dd_d1_1.png": {"intrinsics": {"fx": 1070.52, "fy": 1071.36, "cx": 627.57, "cy": 505.018}, "camera_to_world_matrix": [-0.841345, 0.0128791, 0.540345, 1.17157, 0.53844, -0.0671986, 0.839981, 2.75429, 0.0471285, 0.997657, 0.0496029, 1.70817, 0.0, 0.0, 0.0, 1.0]}, "1b450d30967441c09d938af5fa9052dd_d1_2.png": {"intrinsics": {"fx": 1070.52, "fy": 1071.36, "cx": 627.57, "cy": 505.018}, "camera_to_world_matrix": [0.0473467, 0.00877598, 0.99884, 1.16996, 0.996074, -0.0753051, -0.0465538, 2.75739, 0.0748091, 0.997122, -0.0123068, 1.70839, 0.0, 0.0, 0.0, 1.0]}, "1b450d30967441c09d938af5fa9052dd_d1_3.png": {"intrinsics": {"fx": 1070.52, "fy": 1071.36, "cx": 627.57, "cy": 505.018}, "camera_to_world_matrix": [0.888719, -0.000311127, 0.458453, 1.17185, 0.457112, -0.0758147, -0.886172, 2.76033, 0.0350331, 0.997122, -0.0672355, 1.70858, 0.0, 0.0, 0.0, 1.0]}, "1b450d30967441c09d938af5fa9052dd_d1_4.png": {"intrinsics": {"fx": 1070.52, "fy": 1071.36, "cx": 627.57, "cy": 505.018}, "camera_to_world_matrix": [0.84138, -0.00529494, -0.540418, 1.17535, -0.539471, -0.0682179, -0.839237, 2.76016, -0.0324225, 0.997656, -0.0602535, 1.70856, 0.0, 0.0, 0.0, 1.0]}, "1b450d30967441c09d938af5fa9052dd_d1_5.png": {"intrinsics": {"fx": 1070.52, "fy": 1071.36, "cx": 627.57, "cy": 505.018}, "camera_to_world_matrix": [-0.04733, -0.00119154, -0.998879, 1.17696, -0.99707, -0.0601117, 0.0473158, 2.75706, -0.0601007, 0.998191, 0.00165723, 1.70834, 0.0, 0.0, 0.0, 1.0]}, "1b450d30967441c09d938af5fa9052dd_d2_0.png": {"intrinsics": {"fx": 1069.04, "fy": 1069.09, "cx": 640.707, "cy": 512.309}, "camera_to_world_matrix": [-0.887222, 0.316165, -0.335971, 1.18026, -0.460978, -0.636481, 0.618378, 2.74208, -0.0183292, 0.703514, 0.710445, 1.74064, 0.0, 0.0, 0.0, 1.0]}, "1b450d30967441c09d938af5fa9052dd_d2_1.png": {"intrinsics": {"fx": 1069.04, "fy": 1069.09, "cx": 640.707, "cy": 512.309}, "camera_to_world_matrix": [-0.84296, -0.349196, 0.409244, 1.16572, 0.535726, -0.614365, 0.57927, 2.74276, 0.0491463, 0.707544, 0.704958, 1.74074, 0.0, 0.0, 0.0, 1.0]}, "1b450d30967441c09d938af5fa9052dd_d2_2.png": {"intrinsics": {"fx": 1069.04, "fy": 1069.09, "cx": 640.707, "cy": 512.309}, "camera_to_world_matrix": [0.0443173, -0.662523, 0.747729, 1.15905, 0.996044, -0.0283966, -0.0841955, 2.75566, 0.0770145, 0.748503, 0.658644, 1.74164, 0.0, 0.0, 0.0, 1.0]}, "1b450d30967441c09d938af5fa9052dd_d2_3.png": {"intrinsics": {"fx": 1069.04, "fy": 1069.09, "cx": 640.707, "cy": 512.309}, "camera_to_world_matrix": [0.887313, -0.310483, 0.340993, 1.16691, 0.459648, 0.535442, -0.708537, 2.76787, 0.0374064, 0.785431, 0.617818, 1.74244, 0.0, 0.0, 0.0, 1.0]}, "1b450d30967441c09d938af5fa9052dd_d2_4.png": {"intrinsics": {"fx": 1069.04, "fy": 1069.09, "cx": 640.707, "cy": 512.309}, "camera_to_world_matrix": [0.843012, 0.354877, -0.404219, 1.18145, -0.537054, 0.5133, -0.6694, 2.76719, -0.0300689, 0.7814, 0.623306, 1.74234, 0.0, 0.0, 0.0, 1.0]}, "1b450d30967441c09d938af5fa9052dd_d2_5.png": {"intrinsics": {"fx": 1069.04, "fy": 1069.09, "cx": 640.707, "cy": 512.309}, "camera_to_world_matrix": [-0.044284, 0.668182, -0.742679, 1.18812, -0.997338, -0.0726804, -0.00592121, 2.75429, -0.0579346, 0.74044, 0.669621, 1.74144, 0.0, 0.0, 0.0, 1.0]}, "26f464339c76477d826c59938bb65843_d0_0.png": {"intrinsics": {"fx": 1070.26, "fy": 1071.05, "cx": 638.98, "cy": 523.871}, "camera_to_world_matrix": [0.99829, 0.0570312, 0.0128326, -4.05657, 0.0478546, -0.671216, -0.739716, 25.5829, -0.0335734, 0.739065, -0.672797, 1.32958, 0.0, 0.0, 0.0, 1.0]}, "26f464339c76477d826c59938bb65843_d0_1.png": {"intrinsics": {"fx": 1070.26, "fy": 1071.05, "cx": 638.98, "cy": 523.871}, "camera_to_world_matrix": [0.540785, -0.539348, -0.645488, -4.04359, -0.841075, -0.357687, -0.405775, 25.5764, -0.0120285, 0.762341, -0.647064, 1.32907, 0.0, 0.0, 0.0, 1.0]}, "26f464339c76477d826c59938bb65843_d0_2.png": {"intrinsics": {"fx": 1070.26, "fy": 1071.05, "cx": 638.98, "cy": 523.871}, "camera_to_world_matrix": [-0.457222, -0.566297, -0.685752, -4.04276, -0.888887, 0.315947, 0.33175, 25.5619, 0.0287925, 0.761239, -0.647832, 1.32908, 0.0, 0.0, 0.0, 1.0]}, "26f464339c76477d826c59938bb65843_d0_3.png": {"intrinsics": {"fx": 1070.26, "fy": 1071.05, "cx": 638.98, "cy": 523.871}, "camera_to_world_matrix": [-0.997702, 0.00313319, -0.0676942, -4.05491, -0.0477684, 0.676038, 0.735318, 25.5539, 0.0480677, 0.736861, -0.674334, 1.3296, 0.0, 0.0, 0.0, 1.0]}, "26f464339c76477d826c59938bb65843_d0_4.png": {"intrinsics": {"fx": 1070.26, "fy": 1071.05, "cx": 638.98, "cy": 523.871}, "camera_to_world_matrix": [-0.540162, 0.599501, 0.590614, -4.06789, 0.841143, 0.362485, 0.401351, 25.5604, 0.0265214, 0.713585, -0.700066, 1.33011, 0.0, 0.0, 0.0, 1.0]}, "26f464339c76477d826c59938bb65843_d0_5.png": {"intrinsics": {"fx": 1070.26, "fy": 1071.05, "cx": 638.98, "cy": 523.871}, "camera_to_world_matrix": [0.457847, 0.626423, 0.630849, -4.06873, 0.888916, -0.31115, -0.336176, 25.5749, -0.0142996, 0.714688, -0.699297, 1.3301, 0.0, 0.0, 0.0, 1.0]}, "26f464339c76477d826c59938bb65843_d1_0.png": {"intrinsics": {"fx": 1070.52, "fy": 1071.36, "cx": 627.57, "cy": 505.018}, "camera_to_world_matrix": [0.99781, 0.0336626, 0.0569561, -4.05459, 0.0570717, -0.00248717, -0.998367, 25.572, -0.033466, 0.99943, -0.00440269, 1.36281, 0.0, 0.0, 0.0, 1.0]}, "26f464339c76477d826c59938bb65843_d1_1.png": {"intrinsics": {"fx": 1070.52, "fy": 1071.36, "cx": 627.57, "cy": 505.018}, "camera_to_world_matrix": [0.548523, 0.0322097, -0.835515, -4.05146, -0.836047, 0.00649747, -0.548621, 25.5704, -0.0122422, 0.99946, 0.030493, 1.36269, 0.0, 0.0, 0.0, 1.0]}, "26f464339c76477d826c59938bb65843_d1_2.png": {"intrinsics": {"fx": 1070.52, "fy": 1071.36, "cx": 627.57, "cy": 505.018}, "camera_to_world_matrix": [-0.448999, 0.0392577, -0.89267, -4.05126, -0.893076, 0.0122479, 0.449741, 25.5669, 0.0285891, 0.999154, 0.029561, 1.36269, 0.0, 0.0, 0.0, 1.0]}, "26f464339c76477d826c59938bb65843_d1_3.png": {"intrinsics": {"fx": 1070.52, "fy": 1071.36, "cx": 627.57, "cy": 505.018}, "camera_to_world_matrix": [-0.997212, 0.0477584, -0.0573518, -4.05419, -0.056