{"0ee20663dfa34b438d48750ddcd7366c_d0_0.png": {"intrinsics": {"fx": 1074.61, "fy": 1075.44, "cx": 635.684, "cy": 519.372}, "camera_to_world_matrix": [-0.192319, -0.647358, -0.737523, -0.0949841, -0.981332, 0.126717, 0.14467, 1.31374, -0.00019701, 0.751578, -0.659644, 1.38966, 0.0, 0.0, 0.0, 1.0]}, "0ee20663dfa34b438d48750ddcd7366c_d0_1.png": {"intrinsics": {"fx": 1074.61, "fy": 1075.44, "cx": 635.684, "cy": 519.372}, "camera_to_world_matrix": [-0.945972, -0.206738, -0.249791, -0.104446, -0.324171, 0.619704, 0.714759, 1.30268, 0.00702867, 0.757117, -0.653242, 1.38954, 0.0, 0.0, 0.0, 1.0]}, "0ee20663dfa34b438d48750ddcd7366c_d0_2.png": {"intrinsics": {"fx": 1074.61, "fy": 1075.44, "cx": 635.684, "cy": 519.372}, "camera_to_world_matrix": [-0.753633, 0.440537, 0.487815, -0.118749, 0.657049, 0.484624, 0.57743, 1.30535, 0.0179718, 0.755689, -0.654684, 1.38957, 0.0, 0.0, 0.0, 1.0]}, "0ee20663dfa34b438d48750ddcd7366c_d0_3.png": {"intrinsics": {"fx": 1074.61, "fy": 1075.44, "cx": 635.684, "cy": 519.372}, "camera_to_world_matrix": [0.192355, 0.647177, 0.737673, -0.123591, 0.981085, -0.14344, -0.129984, 1.31907, 0.0216891, 0.748723, -0.662528, 1.38972, 0.0, 0.0, 0.0, 1.0]}, "0ee20663dfa34b438d48750ddcd7366c_d0_4.png": {"intrinsics": {"fx": 1074.61, "fy": 1075.44, "cx": 635.684, "cy": 519.372}, "camera_to_world_matrix": [0.945982, 0.206538, 0.249918, -0.114129, 0.323895, -0.63641, -0.700053, 1.33012, 0.0144631, 0.743185, -0.66893, 1.38984, 0.0, 0.0, 0.0, 1.0]}, "0ee20663dfa34b438d48750ddcd7366c_d0_5.png": {"intrinsics": {"fx": 1074.61, "fy": 1075.44, "cx": 635.684, "cy": 519.372}, "camera_to_world_matrix": [0.753605, -0.440732, -0.487683, -0.0998252, -0.657318, -0.501305, -0.562696, 1.32746, 0.00351998, 0.744613, -0.667487, 1.38981, 0.0, 0.0, 0.0, 1.0]}, "0ee20663dfa34b438d48750ddcd7366c_d1_0.png": {"intrinsics": {"fx": 1075.98, "fy": 1076.47, "cx": 627.187, "cy": 512.785}, "camera_to_world_matrix": [-0.183272, 0.00664741, -0.983039, -0.105851, -0.983055, -0.00478178, 0.183243, 1.31539, -0.00348231, 0.999966, 0.00741014, 1.42293, 0.0, 0.0, 0.0, 1.0]}, "0ee20663dfa34b438d48750ddcd7366c_d1_1.png": {"intrinsics": {"fx": 1075.98, "fy": 1076.47, "cx": 627.187, "cy": 512.785}, "camera_to_world_matrix": [-0.942972, 0.00876186, -0.332753, -0.108127, -0.332848, -0.0138132, 0.942879, 1.31273, 0.00366527, 0.999866, 0.0159408, 1.4229, 0.0, 0.0, 0.0, 1.0]}, "0ee20663dfa34b438d48750ddcd7366c_d1_2.png": {"intrinsics": {"fx": 1075.98, "fy": 1076.47, "cx": 627.187, "cy": 512.785}, "camera_to_world_matrix": [-0.75968, 0.0019971, 0.650293, -0.111567, 0.650131, -0.0201598, 0.759554, 1.31337, 0.014627, 0.999794, 0.0140156, 1.42291, 0.0, 0.0, 0.0, 1.0]}, "0ee20663dfa34b438d48750ddcd7366c_d1_3.png": {"intrinsics": {"fx": 1075.98, "fy": 1076.47, "cx": 627.187, "cy": 512.785}, "camera_to_world_matrix": [0.183308, -0.00688195, 0.983031, -0.112732, 0.982881, -0.0174749, -0.183403, 1.31667, 0.0184409, 0.999823, 0.00355983, 1.42294, 0.0, 0.0, 0.0, 1.0]}, "0ee20663dfa34b438d48750ddcd7366c_d1_4.png": {"intrinsics": {"fx": 1075.98, "fy": 1076.47, "cx": 627.187, "cy": 512.785}, "camera_to_world_matrix": [0.942983, -0.00899605, 0.332715, -0.110456, 0.332645, -0.00844346, -0.943014, 1.31933, 0.0112929, 0.999923, -0.00497057, 1.42297, 0.0, 0.0, 0.0, 1.0]}, "0ee20663dfa34b438d48750ddcd7366c_d1_5.png": {"intrinsics": {"fx": 1075.98, "fy": 1076.47, "cx": 627.187, "cy": 512.785}, "camera_to_world_matrix": [0.759653, -0.00223104, -0.650324, -0.107015, -0.650327, -0.00209707, -0.75965, 1.31869, 0.00033131, 0.999995, -0.00304497, 1.42297, 0.0, 0.0, 0.0, 1.0]}, "0ee20663dfa34b438d48750ddcd7366c_d2_0.png": {"intrinsics": {"fx": 1074.72, "fy": 1075.57, "cx": 634.139, "cy": 513.071}, "camera_to_world_matrix": [-0.18693, 0.663794, -0.724178, -0.0949919, -0.982308, -0.134806, 0.129994, 1.313, -0.0113343, 0.735666, 0.677249, 1.45616, 0.0, 0.0, 0.0, 1.0]}, "0ee20663dfa34b438d48750ddcd7366c_d2_1.png": {"intrinsics": {"fx": 1074.72, "fy": 1075.57, "cx": 634.139, "cy": 513.071}, "camera_to_world_matrix": [-0.944229, 0.222198, -0.243021, -0.104454, -0.329262, -0.646409, 0.688289, 1.30194, -0.00415482, 0.72992, 0.683519, 1.45603, 0.0, 0.0, 0.0, 1.0]}, "0ee20663dfa34b438d48750ddcd7366c_d2_2.png": {"intrinsics": {"fx": 1074.72, "fy": 1075.57, "cx": 634.139, "cy": 513.071}, "camera_to_world_matrix": [-0.757278, -0.441688, 0.481084, -0.118757, 0.653057, -0.519791, 0.550758, 1.30461, 0.00679996, 0.731252, 0.682073, 1.45606, 0.0, 0.0, 0.0, 1.0]}, "0ee20663dfa34b438d48750ddcd7366c_d2_3.png": {"intrinsics": {"fx": 1074.72, "fy": 1075.57, "cx": 634.139, "cy": 513.071}, "camera_to_world_matrix": [0.186968, -0.663962, 0.724015, -0.123599, 0.982309, 0.118427, -0.145065, 1.31833, 0.010575, 0.738329, 0.674357, 1.45621, 0.0, 0.0, 0.0, 1.0]}, "0ee20663dfa34b438d48750ddcd7366c_d2_4.png": {"intrinsics": {"fx": 1074.72, "fy": 1075.57, "cx": 634.139, "cy": 513.071}, "camera_to_world_matrix": [0.944242, -0.222345, 0.242836, -0.114136, 0.329234, 0.630013, -0.703341, 1.32938, 0.00339528, 0.744074, 0.668088, 1.45634, 0.0, 0.0, 0.0, 1.0]}, "0ee20663dfa34b438d48750ddcd7366c_d2_5.png": {"intrinsics": {"fx": 1074.72, "fy": 1075.57, "cx": 634.139, "cy": 513.071}, "camera_to_world_matrix": [0.757252, 0.441535, -0.481264, -0.099833, -0.653078, 0.503368, -0.565782, 1.32672, -0.00755942, 0.742743, 0.669534, 1.45631, 0.0, 0.0, 0.0, 1.0]}, "29b20fa80dcd4771974303c1ccd8953f_d0_0.png": {"intrinsics": {"fx": 1074.61, "fy": 1075.44, "cx": 635.684, "cy": 519.372}, "camera_to_world_matrix": [-0.976499, -0.141386, -0.162661, -2.76614, -0.215516, 0.644701, 0.733425, 1.53869, 0.00117163, 0.751245, -0.660022, 1.40043, 0.0, 0.0, 0.0, 1.0]}, "29b20fa80dcd4771974303c1ccd8953f_d0_1.png": {"intrinsics": {"fx": 1074.61, "fy": 1075.44, "cx": 635.684, "cy": 519.372}, "camera_to_world_matrix": [-0.674919, 0.486539, 0.554765, -2.78006, 0.737856, 0.437581, 0.513898, 1.54295, 0.00727677, 0.756176, -0.654328, 1.40032, 0.0, 0.0, 0.0, 1.0]}, "29b20fa80dcd4771974303c1ccd8953f_d0_2.png": {"intrinsics": {"fx": 1074.61, "fy": 1075.44, "cx": 635.684, "cy": 519.372}, "camera_to_world_matrix": [0.301499, 0.621146, 0.723378, -2.78332, 0.953317, -0.209793, -0.217192, 1.55713, 0.0168515, 0.755092, -0.655402, 1.40034, 0.0, 0.0, 0.0, 1.0]}, "29b20fa80dcd4771974303c1ccd8953f_d0_3.png": {"intrinsics": {"fx": 1074.61, "fy": 1075.44, "cx": 635.684, "cy": 519.372}, "camera_to_world_matrix": [0.976314, 0.127824, 0.174562, -2.77268, 0.215402, -0.650032, -0.728739, 1.56704, 0.0203208, 0.749079, -0.662169, 1.40047, 0.0, 0.0, 0.0, 1.0]}, "29b20fa80dcd4771974303c1ccd8953f_d0_4.png": {"intrinsics": {"fx": 1074.61, "fy": 1075.44, "cx": 635.684, "cy": 519.372}, "camera_to_world_matrix": [0.674696, -0.500093, -0.542855, -2.75876, -0.737959, -0.442887, -0.509183, 1.56278, 0.0142154, 0.744148, -0.667863, 1.40058, 0.0, 0.0, 0.0, 1.0]}, "29b20fa80dcd4771974303c1ccd8953f_d0_5.png": {"intrinsics": {"fx": 1074.61, "fy": 1075.44, "cx": 635.684, "cy": 519.372}, "camera_to_world_matrix": [-0.30173, -0.634674, -0.71144, -2.7555, -0.953382, 0.204492, 0.221914, 1.5486, 0.00464071, 0.745232, -0.666789, 1.40056, 0.0, 0.0, 0.0, 1.0]}, "29b20fa80dcd4771974303c1ccd8953f_d1_0.png": {"intrinsics": {"fx": 1075.98, "fy": 1076.47, "cx": 627.187, "cy": 512.785}, "camera_to_world_matrix": [-0.97447, -0.000501913, -0.22451, -2.76892, -0.224501, -0.00721694, 0.974447, 1.54934, -0.00210909, 0.999973, 0.00691901, 1.4337, 0.0, 0.0, 0.0, 1.0]}, "29b20fa80dcd4771974303c1ccd8953f_d1_1.png": {"intrinsics": {"fx": 1075.98, "fy": 1076.47, "cx": 627.187, "cy": 512.785}, "camera_to_world_matrix": [-0.681681, -0.00793794, 0.731606, -2.77227, 0.731638, -0.0127618, 0.681573, 1.55036, 0.00392657, 0.999887, 0.0145061, 1.43367, 0.0, 0.0, 0.0, 1.0]}, "29b20fa80dcd4771974303c1ccd8953f_d1_2.png": {"intrinsics": {"fx": 1075.98, "fy": 1076.47, "cx": 627.187, "cy": 512.785}, "camera_to_world_matrix": [0.292738, -0.0164579, 0.956051, -2.77306, 0.956096, -0.0090939, -0.292909, 1.55377, 0.0135152, 0.999823, 0.0130722, 1.43367, 0.0, 0.0, 0.0, 1.0]}, "29b20fa80dcd4771974303c1ccd8953f_d1_3.png": {"intrinsics": {"fx": 1075.98, "fy": 1076.47, "cx": 627.187, "cy": 512.785}, "camera_to_world_matrix": [0.974344, -0.0175417, 0.224373, -2.7705, 0.22441, 0.000118702, -0.974494, 1.55616, 0.0170679, 0.999846, 0.00405117, 1.43371, 0.0, 0.0, 0.0, 1.0]}, "29b20fa80dcd4771974303c1ccd8953f_d1_4.png": {"intrinsics": {"fx": 1075.98, "fy": 1076.47, "cx": 627.187, "cy": 512.785}, "camera_to_world_matrix": [0.681517, -0.0101054, -0.731732, -2.76715, -0.731718, 0.00566324, -0.681583, 1.55513, 0.0110319, 0.999932, -0.00353573, 1.43373, 0.0, 0.0, 0.0, 1.0]}, "29b20fa80dcd4771974303c1ccd8953f_d1_5.png": {"intrinsics": {"fx": 1075.98, "fy": 1076.47, "cx": 627.187, "cy": 512.785}, "camera_to_world_matrix": [-0.29291, -0.00158559, -0.956138, -2.76636, -0.956138, 0.00199504, 0.292908, 1.55172, 0.00144338, 0.999996, -0.00210142, 1.43373, 0.0, 0.0, 0.0, 1.0]}, "29b20fa80dcd4771974303c1ccd8953f_d2_0.png": {"intrinsics": {"fx": 1074.72, "fy": 1075.57, "cx": 634.139, "cy": 513.071}, "camera_to_world_matrix": [-0.975255, 0.142358, -0.169146, -2.76674, -0.220855, -0.66183, 0.716382, 1.53845, -0.00996297, 0.736013, 0.676894, 1.46693, 0.0, 0.0, 0.0, 1.0]}, "29b20fa80dcd4771974303c1ccd8953f_d2_1.png": {"intrinsics": {"fx": 1074.72, "fy": 1075.57, "cx": 634.139, "cy": 513.071}, "camera_to_world_matrix": [-0.678904, -0.503024, 0.534841, -2.78066, 0.734216, -0.461248, 0.498174, 1.54271, -0.00389897, 0.730902, 0.682471, 1.46682, 0.0, 0.0, 0.0, 1.0]}, "29b20fa80dcd4771974303c1ccd8953f_d2_2.png": {"intrinsics": {"fx": 1074.72, "fy": 1075.57, "cx": 634.139, "cy": 513.071}, "camera_to_world_matrix": [0.29637, -0.652021, 0.697878, -2.78392, 0.955056, 0.197977, -0.220619, 1.55689, 0.0056845, 0.731897, 0.681391, 1.46684, 0.0, 0.0, 0.0, 1.0]}, "29b20fa80dcd4771974303c1ccd8953f_d2_3.png": {"intrinsics": {"fx": 1074.72, "fy": 1075.57, "cx": 634.139, "cy": 513.071}, "camera_to_world_matrix": [0.975271, -0.155632, 0.156923, -2.77327, 0.22082, 0.656604, -0.721187, 1.56681, 0.00920375, 0.738004, 0.674733, 1.46697, 0.0, 0.0, 0.0, 1.0]}, "29b20fa80dcd4771974303c1ccd8953f_d2_4.png": {"intrinsics": {"fx": 1074.72, "fy": 1075.57, "cx": 634.139, "cy": 513.071}, "camera_to_world_matrix": [0.678883, 0.489742, -0.547056, -2.75936, -0.73424, 0.455996, -0.50295, 1.56255, 0.00313946, 0.743115, 0.669156, 1.46708, 0.0, 0.0, 0.0, 1.0]}, "29b20fa80dcd4771974303c1ccd8953f_d2_5.png": {"intrinsics": {"fx": 1074.72, "fy": 1075.57, "cx": 634.139, "cy": 513.071}, "camera_to_world_matrix": [-0.2964, 0.638713, -0.710065, -2.7561, -0.955042, -0.203234, 0.215849, 1.54837, -0.00644393, 0.742119, 0.670237, 1.46706, 0.0, 0.0, 0.0, 1.0]}, "46cecea0b30e4786b673f5e951bf82d4_d0_0.png": {"intrinsics": {"fx": 1074.61, "fy": 1075.44, "cx": 635.684, "cy": 519.372}, "camera_to_world_matrix": [-0.992719, 0.0838876, 0.0864381, 1.00069, 0.120257, 0.64941, 0.750869, 1.15931, 0.00685501, 0.755797, -0.65477, 1.38346, 0.0, 0.0, 0.0, 1.0]}, "46cecea0b30e4786b673f5e951bf82d4_d0_1.png": {"intrinsics": {"fx": 1074.61, "fy": 1075.44, "cx": 635.684, "cy": 519.372}, "camera_to_world_matrix": [-0.392186, 0.607695, 0.690578, 0.988979, 0.919744, 0.245877, 0.305965, 1.16794, 0.0161363, 0.75515, -0.655354, 1.38348, 0.0, 0.0, 0.0, 1.0]}, "46cecea0b30e4786b673f5e951bf82d4_d0_2.png": {"intrinsics": {"fx": 1074.61, "fy": 1075.44, "cx": 635.684, "cy": 519.372}, "camera_to_world_matrix": [0.600489, 0.52013, 0.607352, 0.990597, 0.799381, -0.409496, -0.439661, 1.1824, 0.0200274, 0.749518, -0.661681, 1.3836, 0.0, 0.0, 0.0, 1.0]}, "46cecea0b30e4786b673f5e951bf82d4_d0_3.png": {"intrinsics": {"fx": 1074.61, "fy": 1075.44, "cx": 635.684, "cy": 519.372}, "camera_to_world_matrix": [0.992609, -0.0912389, -0.0800111, 1.00393, -0.120466, -0.661321, -0.740366, 1.18823, 0.0146372, 0.744533, -0.667425, 1.38371, 0.0, 0.0, 0.0, 1.0]}, "46cecea0b30e4786b673f5e951bf82d4_d0_4.png": {"intrinsics": {"fx": 1074.61, "fy": 1075.44, "cx": 635.684, "cy": 519.372}, "camera_to_world_matrix": [0.392045, -0.61503, -0.684133, 1.01564, -0.91993, -0.257768, -0.295438, 1.1796, 0.00535598, 0.74518, -0.666842, 1.3837, 0.0, 0.0, 0.0, 1.0]}, "46cecea0b30e4786b673f5e951bf82d4_d0_5.png": {"intrinsics": {"fx": 1074.61, "fy": 1075.44, "cx": 635.684, "cy": 519.372}, "camera_to_world_matrix": [-0.600626, -0.52744, -0.600879, 1.01402, -0.799529, 0.397602, 0.450185, 1.16514, 0.00146514, 0.750812, -0.660514, 1.38358, 0.0, 0.0, 0.0, 1.0]}, "46cecea0b30e4786b673f5e951bf82d4_d1_0.png": {"intrinsics": {"fx": 1075.98, "fy": 1076.47, "cx": 627.187, "cy": 512.785}, "camera_to_world_matrix": [-0.993798, 0.00194071, 0.111171, 1.00176, 0.111132, -0.0142249, 0.993703, 1.17003, 0.00351015, 0.999897, 0.01392, 1.41681, 0.0, 0.0, 0.0, 1.0]}, "46cecea0b30e4786b673f5e951bf82d4_d1_1.png": {"intrinsics": {"fx": 1075.98, "fy": 1076.47, "cx": 627.187, "cy": 512.785}, "camera_to_world_matrix": [-0.400642, -0.00691307, 0.916208, 0.998941, 0.916144, -0.0169914, 0.400486, 1.17211, 0.0127993, 0.999831, 0.0131398, 1.41681, 0.0, 0.0, 0.0, 1.0]}, "46cecea0b30e4786b673f5e951bf82d4_d1_2.png": {"intrinsics": {"fx": 1075.98, "fy": 1076.47, "cx": 627.187, "cy": 512.785}, "camera_to_world_matrix": [0.593129, -0.0137361, 0.80499, 0.99933, 0.804932, -0.010707, -0.59327, 1.17558, 0.0167685, 0.999848, 0.00470498, 1.41684, 0.0, 0.0, 0.0, 1.0]}, "46cecea0b30e4786b673f5e951bf82d4_d1_3.png": {"intrinsics": {"fx": 1075.98, "fy": 1076.47, "cx": 627.187, "cy": 512.785}, "camera_to_world_matrix": [0.993721, -0.0117052, -0.111263, 1.00254, -0.11129, -0.00165625, -0.993786, 1.17699, 0.0114484, 0.99993, -0.00294953, 1.41687, 0.0, 0.0, 0.0, 1.0]}, "46cecea0b30e4786b673f5e951bf82d4_d1_4.png": {"intrinsics": {"fx": 1075.98, "fy": 1076.47, "cx": 627.187, "cy": 512.785}, "camera_to_world_matrix": [0.400533, -0.00285128, -0.916277, 1.00535, -0.916278, 0.0011099, -0.400538, 1.17491, 0.0021593, 0.999995, -0.00216902, 1.41686, 0.0, 0.0, 0.0, 1.0]}, "46cecea0b30e4786b673f5e951bf82d4_d1_5.png": {"intrinsics": {"fx": 1075.98, "fy": 1076.47, "cx": 627.187, "cy": 512.785}, "camera_to_world_matrix": [-0.593233, 0.00397149, -0.80502, 1.00497, -0.805027, -0.00517474, 0.593214, 1.17143, -0.00180955, 0.999978, 0.00626598, 1.41683, 0.0, 0.0, 0.0, 1.0]}, "46cecea0b30e4786b673f5e951bf82d4_d2_0.png": {"intrinsics": {"fx": 1074.72, "fy": 1075.57, "cx": 634.139, "cy": 513.071}, "camera_to_world_matrix": [-0.993368, -0.0814992, 0.0810964, 1.00037, 0.114892, -0.67717, 0.726802, 1.15878, -0.0043176, 0.7313, 0.682042, 1.44996, 0.0, 0.0, 0.0, 1.0]}, "46cecea0b30e4786b673f5e951bf82d4_d2_1.png": {"intrinsics": {"fx": 1074.72, "fy": 1075.57, "cx": 634.139, "cy": 513.071}, "camera_to_world_matrix": [-0.397206, -0.623944, 0.672994, 0.988654, 0.917715, -0.274018, 0.287596, 1.16742, 0.00496885, 0.731852, 0.681445, 1.44997, 0.0, 0.0, 0.0, 1.0]}, "46cecea0b30e4786b673f5e951bf82d4_d2_2.png": {"intrinsics": {"fx": 1074.72, "fy": 1075.57, "cx": 634.139, "cy": 513.071}, "camera_to_world_matrix": [0.596173, -0.546029, 0.588583, 0.990272, 0.802806, 0.397305, -0.444579, 1.18188, 0.00890675, 0.737564, 0.675218, 1.4501, 0.0, 0.0, 0.0, 1.0]}, "46cecea0b30e4786b673f5e951bf82d4_d2_3.png": {"intrinsics": {"fx": 1074.72, "fy": 1075.57, "cx": 634.139, "cy": 513.071}, "camera_to_world_matrix": [0.993367, 0.0743281, -0.0877247, 1.0036, -0.114924, 0.665461, -0.737532, 1.1877, 0.00355811, 0.742723, 0.669589, 1.45021, 0.0, 0.0, 0.0, 1.0]}, "46cecea0b30e4786b673f5e951bf82d4_d2_4.png": {"intrinsics": {"fx": 1074.72, "fy": 1075.57, "cx": 634.139, "cy": 513.071}, "camera_to_world_matrix": [0.397174, 0.616757, -0.679605, 1.01532, -0.917725, 0.262288, -0.298304, 1.17907, -0.0057283, 0.742169, 0.670187, 1.4502, 0.0, 0.0, 0.0, 1.0]}, "46cecea0b30e4786b673f5e951bf82d4_d2_5.png": {"intrinsics": {"fx": 1074.72, "fy": 1075.57, "cx": 634.139, "cy": 513.071}, "camera_to_world_matrix": [-0.596201, 0.538816, -0.595165, 1.0137, -0.802777, -0.409032, 0.433868, 1.16461, -0.00966585, 0.736458, 0.676414, 1.45007, 0.0, 0.0, 0.0, 1.0]}, "47d8a8282c1c4a7fb3eeeacc45e9d959_d0_0.png": {"intrinsics": {"fx": 1074.61, "fy": 1075.44, "cx": 635.684, "cy": 519.372}, "camera_to_world_matrix": [-0.857731, -0.333799, -0.390993, 0.00767929, -0.514043, 0.567918, 0.642828, -0.000936846, 0.00747713, 0.752361, -0.658709, 1.39059, 0.0, 0.0, 0.0, 1.0]}, "47d8a8282c1c4a7fb3eeeacc45e9d959_d0_1.png": {"intrinsics": {"fx": 1074.61, "fy": 1075.44, "cx": 635.684, "cy": 519.372}, "camera_to_world_matrix": [-0.874006, 0.327417, 0.359041, -0.00686616, 0.485767, 0.570615, 0.662139, -0.00130707, 0.0119211, 0.753125, -0.65777, 1.39057, 0.0, 0.0, 0.0, 1.0]}, "47d8a8282c1c4a7fb3eeeacc45e9d959_d0_2.png": {"intrinsics": {"fx": 1074.61, "fy": 1075.44, "cx": 635.684, "cy": 519.372}, "camera_to_world_matrix": [-0.0162678, 0.660354, 0.750777, -0.0144594, 0.999752, -0.000665005, 0.0222475, 0.0111045, 0.0151906, 0.750953, -0.66018, 1.39062, 0.0, 0.0, 0.0, 1.0]}, "47d8a8282c1c4a7fb3eeeacc45e9d959_d0_3.png": {"intrinsics": {"fx": 1074.61, "fy": 1075.44, "cx": 635.684, "cy": 519.372}, "camera_to_world_matrix": [0.857727, 0.33207, 0.392471, -0.00750704, 0.513914, -0.574628, -0.636941, 0.0238861, 0.014016, 0.748018, -0.66353, 1.39068, 0.0, 0.0, 0.0, 1.0]}, "47d8a8282c1c4a7fb3eeeacc45e9d959_d0_4.png": {"intrinsics": {"fx": 1074.61, "fy": 1075.44, "cx": 635.684, "cy": 519.372}, "camera_to_world_matrix": [0.873963, -0.329145, -0.357563, 0.00703842, -0.485898, -0.577299, -0.656224, 0.0242557, 0.009572, 0.747254, -0.664469, 1.3907, 0.0, 0.0, 0.0, 1.0]}, "47d8a8282c1c4a7fb3eeeacc45e9d959_d0_5.png": {"intrinsics": {"fx": 1074.61, "fy": 1075.44, "cx": 635.684, "cy": 519.372}, "camera_to_world_matrix": [0.0162041, -0.662061, -0.749275, 0.0146312, -0.999849, -0.00600574, -0.0163165, 0.0118438, 0.00630263, 0.749426, -0.662058, 1.39065, 0.0, 0.0, 0.0, 1.0]}, "47d8a8282c1c4a7fb3eeeacc45e9d959_d1_0.png": {"intrinsics": {"fx": 1075.98, "fy": 1076.47, "cx": 627.187, "cy": 512.785}, "camera_to_world_matrix": [-0.852979, 0.00810637, -0.521881, 0.00187466, -0.521927, -0.00523963, 0.852973, 0.00834052, 0.00418033, 0.999953, 0.00869923, 1.42387, 0.0, 0.0, 0.0, 1.0]}, "47d8a8282c1c4a7fb3eeeacc45e9d959_d1_1.png": {"intrinsics": {"fx": 1075.98, "fy": 1076.47, "cx": 627.187, "cy": 512.785}, "camera_to_world_matrix": [-0.878469, 0.00281206, 0.47779, -0.00162424, 0.47772, -0.0128564, 0.878417, 0.00825146, 0.0086131, 0.999913, 0.0099496, 1.42387, 0.0, 0.0, 0.0, 1.0]}, "47d8a8282c1c4a7fb3eeeacc45e9d959_d1_2.png": {"intrinsics": {"fx": 1075.98, "fy": 1076.47, "cx": 627.187, "cy": 512.785}, "camera_to_world_matrix": [-0.0254788, -0.00643152, 0.999654, -0.0034508, 0.999603, -0.0120797, 0.0253995, 0.0112371, 0.0119124, 0.999906, 0.00673574, 1.42388, 0.0, 0.0, 0.0, 1.0]}, "47d8a8282c1c4a7fb3eeeacc45e9d959_d1_3.png": {"intrinsics": {"fx": 1075.98, "fy": 1076.47, "cx": 627.187, "cy": 512.785}, "camera_to_world_matrix": [0.852982, -0.0103806, 0.521835, -0.00177841, 0.521827, -0.0036862, -0.853043, 0.0143117, 0.0107789, 0.999939, 0.0022716, 1.42389, 0.0, 0.0, 0.0, 1.0]}, "47d8a8282c1c4a7fb3eeeacc45e9d959_d1_4.png": {"intrinsics": {"fx": 1075.98, "fy": 1076.47, "cx": 627.187, "cy": 512.785}, "camera_to_world_matrix": [0.878433, -0.00508596, -0.477837, 0.0017205, -0.477821, 0.0039304, -0.878447, 0.0144006, 0.00634611, 0.999979, 0.0010214, 1.4239, 0.0, 0.0, 0.0, 1.0]}, "47d8a8282c1c4a7fb3eeeacc45e9d959_d1_5.png": {"intrinsics": {"fx": 1075.98, "fy": 1076.47, "cx": 627.187, "cy": 512.785}, "camera_to_world_matrix": [0.0254225, 0.00415759, -0.999668, 0.00354694, -0.999671, 0.00315331, -0.0254092, 0.0114149, 0.00304689, 0.999986, 0.00423538, 1.42389, 0.0, 0.0, 0.0, 1.0]}, "47d8a8282c1c4a7fb3eeeacc45e9d959_d2_0.png": {"intrinsics": {"fx": 1074.72, "fy": 1075.57, "cx": 634.139, "cy": 513.071}, "camera_to_world_matrix": [-0.854928, 0.349513, -0.383324, 0.00760366, -0.518732, -0.581231, 0.626966, -0.00123365, -0.00366708, 0.734854, 0.678215, 1.45709, 0.0, 0.0, 0.0, 1.0]}, "47d8a8282c1c4a7fb3eeeacc45e9d959_d2_1.png": {"intrinsics": {"fx": 1074.72, "fy": 1075.57, "cx": 634.139, "cy": 513.071}, "camera_to_world_matrix": [-0.876703, -0.326186, 0.353547, -0.00694178, 0.481032, -0.595664, 0.643267, -0.00160387, 0.000770445, 0.734021, 0.679126, 1.45707, 0.0, 0.0, 0.0, 1.0]}, "47d8a8282c1c4a7fb3eeeacc45e9d959_d2_2.png": {"intrinsics": {"fx": 1074.72, "fy": 1075.57, "cx": 634.139, "cy": 513.071}, "camera_to_world_matrix": [-0.0217539, -0.67653, 0.736094, -0.014535, 0.999755, -0.0177088, 0.01327, 0.0108077, 0.0040579, 0.736202, 0.676749, 1.45712, 0.0, 0.0, 0.0, 1.0]}, "47d8a8282c1c4a7fb3eeeacc45e9d959_d2_3.png": {"intrinsics": {"fx": 1074.72, "fy": 1075.57, "cx": 634.139, "cy": 513.071}, "camera_to_world_matrix": [0.854949, -0.351167, 0.381762, -0.00758266, 0.518702, 0.574666, -0.633014, 0.0235893, 0.00290776, 0.739216, 0.673461, 1.45718, 0.0, 0.0, 0.0, 1.0]}, "47d8a8282c1c4a7fb3eeeacc45e9d959_d2_4.png": {"intrinsics": {"fx": 1074.72, "fy": 1075.57, "cx": 634.139, "cy": 513.071}, "camera_to_world_matrix": [0.876685, 0.324533, -0.355109, 0.0069628, -0.481062, 0.589072, -0.649286, 0.0239589, -0.00152979, 0.740049, 0.672551, 1.4572, 0.0, 0.0, 0.0, 1.0]}, "47d8a8282c1c4a7fb3eeeacc45e9d959_d2_5.png": {"intrinsics": {"fx": 1074.72, "fy": 1075.57, "cx": 634.139, "cy": 513.071}, "camera_to_world_matrix": [0.0217156, 0.674854, -0.737632, 0.0145556, -0.999752, 0.011103, -0.0192741, 0.011547, -0.00481711, 0.737868, 0.674928, 1.45715, 0.0, 0.0, 0.0, 1.0]}, "80929af5cf234ae38ac3a2a4e60e4342_d0_0.png": {"intrinsics": {"fx": 1074.61, "fy": 1075.44, "cx": 635.684, "cy": 519.372}, "camera_to_world_matrix": [-0.64173, 0.515075, 0.568226, -2.80303, 0.766838, 0.419404, 0.48586, -1.40095, 0.0119383, 0.747528, -0.664123, 1.39357, 0.0, 0.0, 0.0, 1.0]}, "80929af5cf234ae38ac3a2a4e60e4342_d0_1.png": {"intrinsics": {"fx": 1074.61, "fy": 1075.44, "cx": 635.684, "cy": 519.372}, "camera_to_world_matrix": [0.343246, 0.621111, 0.704559, -2.80567, 0.939212, -0.233259, -0.251932, -1.38664, 0.0078667, 0.748205, -0.663421, 1.39356, 0.0, 0.0, 0.0, 1.0]}, "80929af5cf234ae38ac3a2a4e60e4342_d0_2.png": {"intrinsics": {"fx": 1074.61, "fy": 1075.44, "cx": 635.684, "cy": 519.372}, "camera_to_world_matrix": [0.985009, 0.108905, 0.133777, -2.7946, 0.172371, -0.651411, -0.738885, -1.3772, 0.00667515, 0.750868, -0.660418, 1.3935, 0.0, 0.0, 0.0, 1.0]}, "80929af5cf234ae38ac3a2a4e60e4342_d0_3.png": {"intrinsics": {"fx": 1074.61, "fy": 1075.44, "cx": 635.684, "cy": 519.372}, "camera_to_world_matrix": [0.641782, -0.509326, -0.573326, -2.78089, -0.766827, -0.41689, -0.488035, -1.38207, 0.0095552, 0.752854, -0.658118, 1.39346, 0.0, 0.0, 0.0, 1.0]}, "80929af5cf234ae38ac3a2a4e60e4342_d0_4.png": {"intrinsics": {"fx": 1074.61, "fy": 1075.44, "cx": 635.684, "cy": 519.372}, "camera_to_world_matrix": [-0.3432, -0.615336, -0.70963, -2.77825, -0.939163, 0.235777, 0.249762, -1.39638, 0.0136267, 0.752177, -0.658821, 1.39347, 0.0, 0.0, 0.0, 1.0]}, "80929af5cf234ae38ac3a2a4e60e4342_d0_5.png": {"intrinsics": {"fx": 1074.61, "fy": 1075.44, "cx": 635.684, "cy": 519.372}, "camera_to_world_matrix": [-0.984933, -0.103114, -0.138829, -2.78932, -0.172297, 0.653909, 0.736693, -1.40582, 0.0148181, 0.749513, -0.661823, 1.39353, 0.0, 0.0, 0.0, 1.0]}, "80929af5cf234ae38ac3a2a4e60e4342_d1_0.png": {"intrinsics": {"fx": 1075.98, "fy": 1076.47, "cx": 627.187, "cy": 512.785}, "camera_to_world_matrix": [-0.648801, 0.0045207, 0.760944, -2.7945, 0.760907, -0.00758915, 0.648815, -1.39373, 0.00870829, 0.999961, 0.00148301, 1.42678, 0.0, 0.0, 0.0, 1.0]}, "80929af5cf234ae38ac3a2a4e60e4342_d1_1.png": {"intrinsics": {"fx": 1075.98, "fy": 1076.47, "cx": 627.187, "cy": 512.785}, "camera_to_world_matrix": [0.334572, -0.00383017, 0.942362, -2.79513, 0.942358, -0.00355066, -0.334586, -1.39029, 0.0046278, 0.999986, 0.00242043, 1.42677, 0.0, 0.0, 0.0, 1.0]}, "80929af5cf234ae38ac3a2a4e60e4342_d1_2.png": {"intrinsics": {"fx": 1075.98, "fy": 1076.47, "cx": 627.187, "cy": 512.785}, "camera_to_world_matrix": [0.983395, -0.00450812, 0.181418, -2.79247, 0.181442, 0.00570068, -0.983385, -1.38801, 0.00339928, 0.999973, 0.00642298, 1.42676, 0.0, 0.0, 0.0, 1.0]}, "80929af5cf234ae38ac3a2a4e60e4342_d1_3.png": {"intrinsics": {"fx": 1075.98, "fy": 1076.47, "cx": 627.187, "cy": 512.785}, "camera_to_world_matrix": [0.648829, 0.00316482, -0.760927, -2.78917, -0.760907, 0.0109133, -0.648767, -1.38919, 0.00625128, 0.999935, 0.00948801, 1.42675, 0.0, 0.0, 0.0, 1.0]}, "80929af5cf234ae38ac3a2a4e60e4342_d1_4.png": {"intrinsics": {"fx": 1075.98, "fy": 1076.47, "cx": 627.187, "cy": 512.785}, "camera_to_world_matrix": [-0.334552, 0.0115155, -0.942306, -2.78853, -0.94232, 0.00687451, 0.334641, -1.39263, 0.0103317, 0.99991, 0.00855043, 1.42675, 0.0, 0.0, 0.0, 1.0]}, "80929af5cf234ae38ac3a2a4e60e4342_d1_5.png": {"intrinsics": {"fx": 1075.98, "fy": 1076.47, "cx": 627.187, "cy": 512.785}, "camera_to_world_matrix": [-0.983344, 0.0121931, -0.181337, -2.7912, -0.181378, -0.00237686, 0.98341, -1.3949, 0.0115601, 0.999922, 0.00454784, 1.42677, 0.0, 0.0, 0.0, 1.0]}, "80929af5cf234ae38ac3a2a4e60e4342_d2_0.png": {"intrinsics": {"fx": 1074.72, "fy": 1075.57, "cx": 634.139, "cy": 513.071}, "camera_to_world_matrix": [-0.646016, -0.513232, 0.565027, -2.80278, 0.763323, -0.435167, 0.477459, -1.40084, 0.00083414, 0.739745, 0.672886, 1.46007, 0.0, 0.0, 0.0, 1.0]}, "80929af5cf234ae38ac3a2a4e60e4342_d2_1.png": {"intrinsics": {"fx": 1074.72, "fy": 1075.57, "cx": 634.139, "cy": 513.071}, "camera_to_world_matrix": [0.338053, -0.633124, 0.696329, -2.80542, 0.941121, 0.229967, -0.247802, -1.38653, -0.00324295, 0.7391, 0.673587, 1.46006, 0.0, 0.0, 0.0, 1.0]}, "80929af5cf234ae38ac3a2a4e60e4342_d2_2.png": {"intrinsics": {"fx": 1074.72, "fy": 1075.57, "cx": 634.139, "cy": 513.071}, "camera_to_world_matrix": [0.98406, -0.117046, 0.133883, -2.79434, 0.177777, 0.666354, -0.724133, -1.37709, -0.00445663, 0.736392, 0.67654, 1.46, 0.0, 0.0, 0.0, 1.0]}, "80929af5cf234ae38ac3a2a4e60e4342_d2_3.png": {"intrinsics": {"fx": 1074.72, "fy": 1075.57, "cx": 634.139, "cy": 513.071}, "camera_to_world_matrix": [0.645984, 0.518913, -0.559852, -2.78063, -0.763349, 0.437597, -0.475191, -1.38196, -0.00159318, 0.734328, 0.678792, 1.45996, 0.0, 0.0, 0.0, 1.0]}, "80929af5cf234ae38ac3a2a4e60e4342_d2_4.png": {"intrinsics": {"fx": 1074.72, "fy": 1075.57, "cx": 634.139, "cy": 513.071}, "camera_to_world_matrix": [-0.338093, 0.63878, -0.691125, -2.77799, -0.941109, -0.227541, 0.250076, -1.39627, 0.00248389, 0.734973, 0.678091, 1.45997, 0.0, 0.0, 0.0, 1.0]}, "80929af5cf234ae38ac3a2a4e60e4342_d2_5.png": {"intrinsics": {"fx": 1074.72, "fy": 1075.57, "cx": 634.139, "cy": 513.071}, "camera_to_world_matrix": [-0.98407, 0.122684, -0.12866, -2.78907, -0.177739, -0.663908, 0.726384, -1.40571, 0.00369742, 0.737682, 0.675138, 1.46003, 0.0, 0.0, 0.0, 1.0]}, "ba27da20782d4e1a825f0a133ad84da9_d0_0.png": {"intrinsics": {"fx": 1074.61, "fy": 1075.44, "cx": 635.684, "cy": 519.372}, "camera_to_world_matrix": [-0.19081, -0.640346, -0.744009, -2.37361, -0.981625, 0.123001, 0.145886, -0.0533646, -0.0019036, 0.758174, -0.652049, 1.4007, 0.0, 0.0, 0.0, 1.0]}, "ba27da20782d4e1a825f0a133ad84da9_d0_1.png": {"intrinsics": {"fx": 1074.61, "fy": 1075.44, "cx": 635.684, "cy": 519.372}, "camera_to_world_matrix": [-0.945365, -0.200448, -0.25711, -2.38306, -0.325674, 0.616654, 0.71671, -0.0644318, 0.0148852, 0.761287, -0.648245, 1.40062, 0.0, 0.0, 0.0, 1.0]}, "ba27da20782d4e1a825f0a133ad84da9_d0_2.png": {"intrinsics": {"fx": 1074.61, "fy": 1075.44, "cx": 635.684, "cy": 519.372}, "camera_to_world_matrix": [-0.754432, 0.44699, 0.480658, -2.39737, 0.6558, 0.482594, 0.580542, -0.0617868, 0.0275338, 0.753195, -0.657221, 1.4008, 0.0, 0.0, 0.0, 1.0]}, "ba27da20782d4e1a825f0a133ad84da9_d0_3.png": {"intrinsics": {"fx": 1074.61, "fy": 1075.44, "cx": 635.684, "cy": 519.372}, "camera_to_world_matrix": [0.191051, 0.654515, 0.731511, -2.40223, 0.981301, -0.145117, -0.126447, -0.0480748, 0.0233933, 0.741991, -0.670002, 1.40104, 0.0, 0.0, 0.0, 1.0]}, "ba27da20782d4e1a825f0a133ad84da9_d0_4.png": {"intrinsics": {"fx": 1074.61, "fy": 1075.44, "cx": 635.684, "cy": 519.372}, "camera_to_world_matrix": [0.94558, 0.214598, 0.244591, -2.39278, 0.325321, -0.638753, -0.697252, -0.037008, 0.00660433, 0.738879, -0.673806, 1.40112, 0.0, 0.0, 0.0, 1.0]}, "ba27da20782d4e1a825f0a133ad84da9_d0_5.png": {"intrinsics": {"fx": 1074.61, "fy": 1075.44, "cx": 635.684, "cy": 519.372}, "camera_to_world_matrix": [0.754609, -0.432834, -0.493172, -2.37847, -0.656146, -0.504667, -0.561055, -0.0396535, -0.00604383, 0.746971, -0.66483, 1.40094, 0.0, 0.0, 0.0, 1.0]}, "ba27da20782d4e1a825f0a133ad84da9_d1_0.png": {"intrinsics": {"fx": 1075.98, "fy": 1076.47, "cx": 627.187, "cy": 512.785}, "camera_to_world_matrix": [-0.181792, 0.0162021, -0.983203, -2.38416, -0.983322, -0.00836562, 0.181677, -0.0518457, -0.00528129, 0.999833, 0.0174517, 1.43407, 0.0, 0.0, 0.0, 1.0]}, "ba27da20782d4e1a825f0a133ad84da9_d1_1.png": {"intrinsics": {"fx": 1075.98, "fy": 1076.47, "cx": 627.187, "cy": 512.785}, "camera_to_world_matrix": [-0.942384, 0.0183294, -0.334028, -2.38644, -0.334335, -0.0173933, 0.942294, -0.0545079, 0.011462, 0.99968, 0.0225183, 1.43406, 0.0, 0.0, 0.0, 1.0]}, "ba27da20782d4e1a825f0a133ad84da9_d1_2.png": {"intrinsics": {"fx": 1075.98, "fy": 1076.47, "cx": 627.187, "cy": 512.785}, "camera_to_world_matrix": [-0.7605, 0.0115739, 0.649234, -2.38988, 0.648885, -0.0237502, 0.760515, -0.0538717, 0.0242219, 0.999651, 0.0105509, 1.4341, 0.0, 0.0, 0.0, 1.0]}, "ba27da20782d4e1a825f0a133ad84da9_d1_3.png": {"intrinsics": {"fx": 1075.98, "fy": 1076.47, "cx": 627.187, "cy": 512.785}, "camera_to_world_matrix": [0.181972, 0.00269146, 0.983299, -2.39105, 0.983094, -0.0210794, -0.181876, -0.0505732, 0.0202381, 0.999774, -0.00648283, 1.43416, 0.0, 0.0, 0.0, 1.0]}, "ba27da20782d4e1a825f0a133ad84da9_d1_4.png": {"intrinsics": {"fx": 1075.98, "fy": 1076.47, "cx": 627.187, "cy": 512.785}, "camera_to_world_matrix": [0.942538, 0.000564598, 0.334095, -2.38878, 0.334077, -0.0120516, -0.942468, -0.0479111, 0.00349454, 0.999927, -0.0115487, 1.43417, 0.0, 0.0, 0.0, 1.0]}, "ba27da20782d4e1a825f0a133ad84da9_d1_5.png": {"intrinsics": {"fx": 1075.98, "fy": 1076.47, "cx": 627.187, "cy": 512.785}, "camera_to_world_matrix": [0.760616, 0.00732026, -0.64916, -2.38533, -0.649135, -0.00569493, -0.760651, -0.0485475, -0.00926481, 0.999956, 0.000419172, 1.43413, 0.0, 0.0, 0.0, 1.0]}, "ba27da20782d4e1a825f0a133ad84da9_d2_0.png": {"intrinsics": {"fx": 1074.72, "fy": 1075.57, "cx": 634.139, "cy": 513.071}, "camera_to_world_matrix": [-0.185526, 0.670994, -0.717877, -2.37299, -0.982552, -0.136411, 0.126426, -0.0543437, -0.0130952, 0.728807, 0.684593, 1.46719, 0.0, 0.0, 0.0, 1.0]}, "ba27da20782d4e1a825f0a133ad84da9_d2_1.png": {"intrinsics": {"fx": 1074.72, "fy": 1075.57, "cx": 634.139, "cy": 513.071}, "camera_to_world_matrix": [-0.94372, 0.230146, -0.237537, -2.38243, -0.330723, -0.64868, 0.685447, -0.0654109, 0.0036673, 0.725429, 0.688287, 1.46711, 0.0, 0.0, 0.0, 1.0]}, "ba27da20782d4e1a825f0a133ad84da9_d2_2.png": {"intrinsics": {"fx": 1074.72, "fy": 1075.57, "cx": 634.139, "cy": 513.071}, "camera_to_world_matrix": [-0.758177, -0.43389, 0.486731, -2.39674, 0.651842, -0.523106, 0.549055, -0.0627659, 0.0163829, 0.733553, 0.679435, 1.46729, 0.0, 0.0, 0.0, 1.0]}, "ba27da20782d4e1a825f0a133ad84da9_d2_3.png": {"intrinsics": {"fx": 1074.72, "fy": 1075.57, "cx": 634.139, "cy": 513.071}, "camera_to_world_matrix": [0.185557, -0.657063, 0.730642, -2.4016, 0.982556, 0.114733, -0.146355, -0.0490539, 0.0123357, 0.745054, 0.66689, 1.46753, 0.0, 0.0, 0.0, 1.0]}, "ba27da20782d4e1a825f0a133ad84da9_d2_4.png": {"intrinsics": {"fx": 1074.72, "fy": 1075.57, "cx": 634.139, "cy": 513.071}, "camera_to_world_matrix": [0.943726, -0.216195, 0.25028, -2.39215, 0.330697, 0.626985, -0.705357, -0.0379871, -0.00442703, 0.748431, 0.663197, 1.46761, 0.0, 0.0, 0.0, 1.0]}, "ba27da20782d4e1a825f0a133ad84da9_d2_5.png": {"intrinsics": {"fx": 1074.72, "fy": 1075.57, "cx": 634.139, "cy": 513.071}, "camera_to_world_matrix": [0.758144, 0.447836, -0.473983, -2.37785, -0.651861, 0.501386, -0.568937, -0.0406326, -0.0171422, 0.740308, 0.672049, 1.46743, 0.0, 0.0, 0.0, 1.0]}, "bda7a9e6d1d94b3aa8ff491beb158f3a_d0_0.png": {"intrinsics": {"fx": 1074.61, "fy": 1075.44, "cx": 635.684, "cy": 519.372}, "camera_to_world_matrix": [0.992073, 0.0847589, 0.0927704, -0.188547, 0.125635, -0.654418, -0.745622, -1.71404, -0.00248733, 0.751367, -0.65988, 1.38882, 0.0, 0.0, 0.0, 1.0]}, "bda7a9e6d1d94b3aa8ff491beb158f3a_d0_1.png": {"intrinsics": {"fx": 1074.61, "fy": 1075.44, "cx": 635.684, "cy": 519.372}, "camera_to_world_matrix": [0.604897, -0.521659, -0.601641, -0.175082, -0.796284, -0.390936, -0.461628, -1.71955, 0.00560893, 0.758314, -0.651865, 1.38866, 0.0, 0.0, 0.0, 1.0]}, "bda7a9e6d1d94b3aa8ff491beb158f3a_d0_2.png": {"intrinsics": {"fx": 1074.61, "fy": 1075.44, "cx": 635.684, "cy": 519.372}, "camera_to_world_matrix": [-0.387051, -0.596717, -0.702936, -0.173122, -0.921865, 0.26601, 0.281785, -1.73397, 0.0188422, 0.757078, -0.653053, 1.38868, 0.0, 0.0, 0.0, 1.0]}, "bda7a9e6d1d94b3aa8ff491beb158f3a_d0_3.png": {"intrinsics": {"fx": 1074.61, "fy": 1075.44, "cx": 635.684, "cy": 519.372}, "camera_to_world_matrix": [-0.991801, -0.0653566, -0.109818, -0.184627, -0.125525, 0.659459, 0.741187, -1.74288, 0.0239788, 0.748894, -0.662256, 1.38886, 0.0, 0.0, 0.0, 1.0]}, "bda7a9e6d1d94b3aa8ff491beb158f3a_d0_4.png": {"intrinsics": {"fx": 1074.61, "fy": 1075.44, "cx": 635.684, "cy": 519.372}, "camera_to_world_matrix": [-0.604588, 0.541051, 0.584583, -0.198091, 0.79638, 0.395953, 0.457165, -1.73736, 0.0158822, 0.741947, -0.670271, 1.38902, 0.0, 0.0, 0.0, 1.0]}, "bda7a9e6d1d94b3aa8ff491beb158f3a_d0_5.png": {"intrinsics": {"fx": 1074.61, "fy": 1075.44, "cx": 635.684, "cy": 519.372}, "camera_to_world_matrix": [0.387365, 0.616084, 0.685849, -0.200051, 0.921922, -0.260996, -0.286252, -1.72295, 0.00264899, 0.743184, -0.669082, 1.38899, 0.0, 0.0, 0.0, 1.0]}, "bda7a9e6d1d94b3aa8ff491beb158f3a_d1_0.png": {"intrinsics": {"fx": 1075.98, "fy": 1076.47, "cx": 627.187, "cy": 512.785}, "camera_to_world_matrix": [0.99086, 0.00476385, 0.134805, -0.186629, 0.134766, 0.00778624, -0.990847, -1.72488, -0.00576959, 0.999958, 0.00707206, 1.42208, 0.0, 0.0, 0.0, 1.0]}, "bda7a9e6d1d94b3aa8ff491beb158f3a_d1_1.png": {"intrinsics": {"fx": 1075.98, "fy": 1076.47, "cx": 627.187, "cy": 512.785}, "camera_to_world_matrix": [0.612185, 0.0126738, -0.790613, -0.18339, -0.79071, 0.0126303, -0.612059, -1.7262, 0.00222882, 0.999839, 0.0177524, 1.42204, 0.0, 0.0, 0.0, 1.0]}, "bda7a9e6d1d94b3aa8ff491beb158f3a_d1_2.png": {"intrinsics": {"fx": 1075.98, "fy": 1076.47, "cx": 627.187, "cy": 512.785}, "camera_to_world_matrix": [-0.378592, 0.0208239, -0.925329, -0.182918, -0.925433, 0.00820128, 0.37882, -1.72967, 0.0154776, 0.999749, 0.0161651, 1.42205, 0.0, 0.0, 0.0, 1.0]}, "bda7a9e6d1d94b3aa8ff491beb158f3a_d1_3.png": {"intrinsics": {"fx": 1075.98, "fy": 1076.47, "cx": 627.187, "cy": 512.785}, "camera_to_world_matrix": [-0.990672, 0.0210637, -0.134625, -0.185686, -0.134677, -0.00107173, 0.990889, -1.73181, 0.0207277, 0.999777, 0.00389752, 1.42209, 0.0, 0.0, 0.0, 1.0]}, "bda7a9e6d1d94b3aa8ff491beb158f3a_d1_4.png": {"intrinsics": {"fx": 1075.98, "fy": 1076.47, "cx": 627.187, "cy": 512.785}, "camera_to_world_matrix": [-0.611961, 0.0131535, 0.790778, -0.188925, 0.790785, -0.00591551, 0.612065, -1.73049, 0.0127289, 0.999895, -0.00678254, 1.42213, 0.0, 0.0, 0.0, 1.0]}, "bda7a9e6d1d94b3aa8ff491beb158f3a_d1_5.png": {"intrinsics": {"fx": 1075.98, "fy": 1076.47, "cx": 627.187, "cy": 512.785}, "camera_to_world_matrix": [0.378822, 0.00500366, 0.925456, -0.189396, 0.925469, -0.00148615, -0.37882, -1.72702, -0.000519845, 0.999986, -0.00519473, 1.42212, 0.0, 0.0, 0.0, 1.0]}, "bda7a9e6d1d94b3aa8ff491beb158f3a_d2_0.png": {"intrinsics": {"fx": 1074.72, "fy": 1075.57, "cx": 634.139, "cy": 513.071}, "camera_to_world_matrix": [0.991281, -0.0788024, 0.105603, -0.187688, 0.131059, 0.672524, -0.728379, -1.71382, -0.0136226, 0.735868, 0.676987, 1.45531, 0.0, 0.0, 0.0, 1.0]}, "bda7a9e6d1d94b3aa8ff491beb158f3a_d2_1.png": {"intrinsics": {"fx": 1074.72, "fy": 1075.57, "cx": 634.139, "cy": 513.071}, "camera_to_world_matrix": [0.609157, 0.545595, -0.575547, -0.174223, -0.79303, 0.413961, -0.446923, -1.71933, -0.00558435, 0.728672, 0.68484, 1.45515, 0.0, 0.0, 0.0, 1.0]}, "bda7a9e6d1d94b3aa8ff491beb158f3a_d2_2.png": {"intrinsics": {"fx": 1074.72, "fy": 1075.57, "cx": 634.139, "cy": 513.071}, "camera_to_world_matrix": [-0.382142, 0.633903, -0.672409, -0.172263, -0.924071, -0.256097, 0.283735, -1.73375, 0.00765884, 0.729781, 0.683637, 1.45518, 0.0, 0.0, 0.0, 1.0]}, "bda7a9e6d1d94b3aa8ff491beb158f3a_d2_3.png": {"intrinsics": {"fx": 1074.72, "fy": 1075.57, "cx": 634.139, "cy": 513.071}, "camera_to_world_matrix": [-0.991296, 0.0978133, -0.0881186, -0.183768, -0.131022, -0.667578, 0.732921, -1.74265, 0.0128635, 0.738087, 0.674582, 1.45536, 0.0, 0.0, 0.0, 1.0]}, "bda7a9e6d1d94b3aa8ff491beb158f3a_d2_4.png": {"intrinsics": {"fx": 1074.72, "fy": 1075.57, "cx": 634.139, "cy": 513.071}, "camera_to_world_matrix": [-0.609136, -0.526574, 0.593021, -0.197233, 0.793051, -0.408991, 0.451438, -1.73714, 0.00482476, 0.745283, 0.66673, 1.45551, 0.0, 0.0, 0.0, 1.0]}, "bda7a9e6d1d94b3aa8ff491beb158f3a_d2_5.png": {"intrinsics": {"fx": 1074.72, "fy": 1075.57, "cx": 634.139, "cy": 513.071}, "camera_to_world_matrix": [0.382169, -0.614856, 0.689854, -0.199192, 0.924054, 0.261071, -0.279224, -1.72272, -0.00841837, 0.744173, 0.667933, 1.45549, 0.0, 0.0, 0.0, 1.0]}, "dbb2f8000bc04b3ebcd0a55112786149_d0_0.png": {"intrinsics": {"fx": 1074.61, "fy": 1075.44, "cx": 635.684, "cy": 519.372}, "camera_to_world_matrix": [-0.406581, -0.604239, -0.685264, 1.11828, -0.913612, 0.270496, 0.303552, -1.1107, 0.00194347, 0.749484, -0.662019, 1.38216, 0.0, 0.0, 0.0, 1.0]}, "dbb2f8000bc04b3ebcd0a55112786149_d0_1.png": {"intrinsics": {"fx": 1074.61, "fy": 1075.44, "cx": 635.684, "cy": 519.372}, "camera_to_world_matrix": [-0.994484, -0.0646778, -0.0825664, 1.10659, -0.104746, 0.652672, 0.750365, -1.11936, 0.00535683, 0.754875, -0.655847, 1.38204, 0.0, 0.0, 0.0, 1.0]}, "dbb2f8000bc04b3ebcd0a55112786149_d0_2.png": {"intrinsics": {"fx": 1074.61, "fy": 1075.44, "cx": 635.684, "cy": 519.372}, "camera_to_world_matrix": [-0.58793, 0.536095, 0.605755, 1.09324, 0.808787, 0.376475, 0.451807, -1.11357, 0.0141598, 0.755558, -0.654928, 1.38202, 0.0, 0.0, 0.0, 1.0]}, "dbb2f8000bc04b3ebcd0a55112786149_d0_3.png": {"intrinsics": {"fx": 1074.61, "fy": 1075.44, "cx": 635.684, "cy": 519.372}, "camera_to_world_matrix": [0.406517, 0.597293, 0.691364, 1.09158, 0.913434, -0.281891, -0.293558, -1.09911, 0.0195492, 0.750851, -0.660182, 1.38212, 0.0, 0.0, 0.0, 1.0]}, "dbb2f8000bc04b3ebcd0a55112786149_d0_4.png": {"intrinsics": {"fx": 1074.61, "fy": 1075.44, "cx": 635.684, "cy": 519.372}, "camera_to_world_matrix": [0.994389, 0.0577176, 0.0886483, 1.10327, 0.104544, -0.664046, -0.740347, -1.09045, 0.0161355, 0.745461, -0.666354, 1.38224, 0.0, 0.0, 0.0, 1.0]}, "dbb2f8000bc04b3ebcd0a55112786149_d0_5.png": {"intrinsics": {"fx": 1074.61, "fy": 1075.44, "cx": 635.684, "cy": 519.372}, "camera_to_world_matrix": [0.587799, -0.543045, -0.599662, 1.11662, -0.808973, -0.387825, -0.441762, -1.09624, 0.00733251, 0.744778, -0.667273, 1.38226, 0.0, 0.0, 0.0, 1.0]}, "dbb2f8000bc04b3ebcd0a55112786149_d1_0.png": {"intrinsics": {"fx": 1075.98, "fy": 1076.47, "cx": 627.187, "cy": 512.785}, "camera_to_world_matrix": [-0.398141, 0.0033892, -0.917317, 1.10799, -0.917322, -0.00290235, 0.398133, -1.10655, -0.00131275, 0.99999, 0.00426353, 1.41539, 0.0, 0.0, 0.0, 1.0]}, "dbb2f8000bc04b3ebcd0a55112786149_d1_1.png": {"intrinsics": {"fx": 1075.98, "fy": 1076.47, "cx": 627.187, "cy": 512.785}, "camera_to_world_matrix": [-0.993491, 0.00343388, -0.113851, 1.10517, -0.113885, -0.0121781, 0.993419, -1.10863, 0.00202505, 0.99992, 0.0124889, 1.41536, 0.0, 0.0, 0.0, 1.0]}, "dbb2f8000bc04b3ebcd0a55112786149_d1_2.png": {"intrinsics": {"fx": 1075.98, "fy": 1076.47, "cx": 627.187, "cy": 512.785}, "camera_to_world_matrix": [-0.595363, -0.00457706, 0.803444, 1.10196, 0.803383, -0.0168543, 0.595222, -1.10724, 0.0108174, 0.999847