{"02f11a6dcac44f42936018d2c9b73443_d0_0.png": {"intrinsics": {"fx": 1075.72, "fy": 1075.66, "cx": 636.877, "cy": 515.013}, "camera_to_world_matrix": [-0.883562, -0.303973, -0.356257, 1.40223, -0.468199, 0.59022, 0.657594, -3.4042, 0.0103791, 0.747824, -0.663816, 1.14947, 0.0, 0.0, 0.0, 1.0]}, "02f11a6dcac44f42936018d2c9b73443_d0_1.png": {"intrinsics": {"fx": 1075.72, "fy": 1075.66, "cx": 636.877, "cy": 515.013}, "camera_to_world_matrix": [-0.847252, 0.358872, 0.391632, 1.38768, 0.531078, 0.556996, 0.638523, -3.40382, 0.0110106, 0.748977, -0.662504, 1.14945, 0.0, 0.0, 0.0, 1.0]}, "02f11a6dcac44f42936018d2c9b73443_d0_2.png": {"intrinsics": {"fx": 1075.72, "fy": 1075.66, "cx": 636.877, "cy": 515.013}, "camera_to_world_matrix": [0.036308, 0.661514, 0.749053, 1.38074, 0.999258, -0.0336617, -0.0187081, -3.39103, 0.0128387, 0.749177, -0.662245, 1.14944, 0.0, 0.0, 0.0, 1.0]}, "02f11a6dcac44f42936018d2c9b73443_d0_3.png": {"intrinsics": {"fx": 1075.72, "fy": 1075.66, "cx": 636.877, "cy": 515.013}, "camera_to_world_matrix": [0.883537, 0.301305, 0.358578, 1.38835, 0.468151, -0.591081, -0.656854, -3.37863, 0.0140352, 0.748224, -0.663298, 1.14946, 0.0, 0.0, 0.0, 1.0]}, "02f11a6dcac44f42936018d2c9b73443_d0_4.png": {"intrinsics": {"fx": 1075.72, "fy": 1075.66, "cx": 636.877, "cy": 515.013}, "camera_to_world_matrix": [0.847188, -0.361539, -0.389311, 1.40289, -0.531125, -0.557831, -0.637755, -3.37901, 0.0134037, 0.74707, -0.66461, 1.14949, 0.0, 0.0, 0.0, 1.0]}, "02f11a6dcac44f42936018d2c9b73443_d0_5.png": {"intrinsics": {"fx": 1075.72, "fy": 1075.66, "cx": 636.877, "cy": 515.013}, "camera_to_world_matrix": [-0.0363903, -0.664158, -0.746706, 1.40983, -0.999271, 0.0328384, 0.0194908, -3.3918, 0.0115756, 0.746871, -0.664868, 1.14949, 0.0, 0.0, 0.0, 1.0]}, "02f11a6dcac44f42936018d2c9b73443_d1_0.png": {"intrinsics": {"fx": 1075.94, "fy": 1076.09, "cx": 629.693, "cy": 501.638}, "camera_to_world_matrix": [-0.878844, 0.00329798, -0.477098, 1.3969, -0.477078, 0.00537428, 0.878845, -3.39451, 0.00546233, 0.99998, -0.00314939, 1.18272, 0.0, 0.0, 0.0, 1.0]}, "02f11a6dcac44f42936018d2c9b73443_d1_1.png": {"intrinsics": {"fx": 1075.94, "fy": 1076.09, "cx": 629.693, "cy": 501.638}, "camera_to_world_matrix": [-0.85258, 0.00591078, 0.522564, 1.3934, 0.522562, -0.00198418, 0.852599, -3.39442, 0.00607625, 0.999981, -0.00139671, 1.18271, 0.0, 0.0, 0.0, 1.0]}, "02f11a6dcac44f42936018d2c9b73443_d1_2.png": {"intrinsics": {"fx": 1075.94, "fy": 1076.09, "cx": 629.693, "cy": 501.638}, "camera_to_world_matrix": [0.0262706, 0.00084451, 0.999655, 1.39173, 0.999624, -0.00792609, -0.026263, -3.39134, 0.00790104, 0.999969, -0.00105204, 1.18271, 0.0, 0.0, 0.0, 1.0]}, "02f11a6dcac44f42936018d2c9b73443_d1_3.png": {"intrinsics": {"fx": 1075.94, "fy": 1076.09, "cx": 629.693, "cy": 501.638}, "camera_to_world_matrix": [0.878837, -0.00683445, 0.477074, 1.39356, 0.477035, -0.00650941, -0.87886, -3.38836, 0.00911186, 0.999956, -0.00246007, 1.18272, 0.0, 0.0, 0.0, 1.0]}, "02f11a6dcac44f42936018d2c9b73443_d1_4.png": {"intrinsics": {"fx": 1075.94, "fy": 1076.09, "cx": 629.693, "cy": 501.638}, "camera_to_world_matrix": [0.852534, -0.00944697, -0.522587, 1.39706, -0.522603, 0.000849144, -0.852576, -3.38845, 0.00849787, 0.999955, -0.00421272, 1.18272, 0.0, 0.0, 0.0, 1.0]}, "02f11a6dcac44f42936018d2c9b73443_d1_5.png": {"intrinsics": {"fx": 1075.94, "fy": 1076.09, "cx": 629.693, "cy": 501.638}, "camera_to_world_matrix": [-0.0263356, -0.00438046, -0.999644, 1.39873, -0.999631, 0.00679086, 0.0263054, -3.39153, 0.00667307, 0.999968, -0.00455732, 1.18272, 0.0, 0.0, 0.0, 1.0]}, "02f11a6dcac44f42936018d2c9b73443_d2_0.png": {"intrinsics": {"fx": 1074.61, "fy": 1074.93, "cx": 630.692, "cy": 523.124}, "camera_to_world_matrix": [-0.877693, 0.32423, -0.352888, 1.40211, -0.47921, -0.588213, 0.651432, -3.40424, 0.00364014, 0.740864, 0.671645, 1.21597, 0.0, 0.0, 0.0, 1.0]}, "02f11a6dcac44f42936018d2c9b73443_d2_1.png": {"intrinsics": {"fx": 1074.61, "fy": 1074.93, "cx": 630.692, "cy": 523.124}, "camera_to_world_matrix": [-0.85385, -0.34759, 0.387456, 1.38757, 0.520502, -0.576238, 0.630101, -3.40386, 0.00424979, 0.739683, 0.672942, 1.21595, 0.0, 0.0, 0.0, 1.0]}, "02f11a6dcac44f42936018d2c9b73443_d2_2.png": {"intrinsics": {"fx": 1074.61, "fy": 1074.93, "cx": 630.692, "cy": 523.124}, "camera_to_world_matrix": [0.0238526, -0.673122, 0.739147, 1.38062, 0.999697, 0.0115681, -0.021726, -3.39107, 0.00607377, 0.739441, 0.673193, 1.21594, 0.0, 0.0, 0.0, 1.0]}, "02f11a6dcac44f42936018d2c9b73443_d2_3.png": {"intrinsics": {"fx": 1074.61, "fy": 1074.93, "cx": 630.692, "cy": 523.124}, "camera_to_world_matrix": [0.877692, -0.326826, 0.350487, 1.38823, 0.479169, 0.587385, -0.652208, -3.37866, 0.00728803, 0.740381, 0.672148, 1.21596, 0.0, 0.0, 0.0, 1.0]}, "02f11a6dcac44f42936018d2c9b73443_d2_4.png": {"intrinsics": {"fx": 1074.61, "fy": 1074.93, "cx": 630.692, "cy": 523.124}, "camera_to_world_matrix": [0.85381, 0.344993, -0.389856, 1.40277, -0.520541, 0.575383, -0.630849, -3.37905, 0.00667825, 0.741562, 0.670851, 1.21599, 0.0, 0.0, 0.0, 1.0]}, "02f11a6dcac44f42936018d2c9b73443_d2_5.png": {"intrinsics": {"fx": 1074.61, "fy": 1074.93, "cx": 630.692, "cy": 523.124}, "camera_to_world_matrix": [-0.0239112, 0.670502, -0.741522, 1.40971, -0.999702, -0.0124354, 0.0209922, -3.39183, 0.0048543, 0.741804, 0.670599, 1.21599, 0.0, 0.0, 0.0, 1.0]}, "087babe565fd471381ae7adbf938f5fc_d0_0.png": {"intrinsics": {"fx": 1075.72, "fy": 1075.66, "cx": 636.877, "cy": 515.013}, "camera_to_world_matrix": [-0.758207, -0.422993, -0.496184, 2.14719, -0.651852, 0.508716, 0.562403, -3.80776, 0.0145244, 0.749857, -0.661441, 1.14852, 0.0, 0.0, 0.0, 1.0]}, "087babe565fd471381ae7adbf938f5fc_d0_1.png": {"intrinsics": {"fx": 1075.72, "fy": 1075.66, "cx": 636.877, "cy": 515.013}, "camera_to_world_matrix": [-0.943586, 0.230807, 0.23743, 2.13292, 0.33075, 0.622773, 0.709055, -3.8106, 0.0157898, 0.747584, -0.663979, 1.14857, 0.0, 0.0, 0.0, 1.0]}, "087babe565fd471381ae7adbf938f5fc_d0_2.png": {"intrinsics": {"fx": 1075.72, "fy": 1075.66, "cx": 636.877, "cy": 515.013}, "camera_to_world_matrix": [-0.185314, 0.656474, 0.731232, 2.12332, 0.982587, 0.113585, 0.147042, -3.79966, 0.0134724, 0.745748, -0.666092, 1.14861, 0.0, 0.0, 0.0, 1.0]}, "087babe565fd471381ae7adbf938f5fc_d0_3.png": {"intrinsics": {"fx": 1075.72, "fy": 1075.66, "cx": 636.877, "cy": 515.013}, "camera_to_world_matrix": [0.75832, 0.428332, 0.491408, 2.128, 0.651807, -0.509648, -0.56161, -3.78589, 0.00988979, 0.746184, -0.665666, 1.1486, 0.0, 0.0, 0.0, 1.0]}, "087babe565fd471381ae7adbf938f5fc_d0_4.png": {"intrinsics": {"fx": 1075.72, "fy": 1075.66, "cx": 636.877, "cy": 515.013}, "camera_to_world_matrix": [0.943661, -0.225472, -0.242212, 2.14227, -0.330802, -0.623679, -0.708233, -3.78305, 0.00862451, 0.748456, -0.663128, 1.14856, 0.0, 0.0, 0.0, 1.0]}, "087babe565fd471381ae7adbf938f5fc_d0_5.png": {"intrinsics": {"fx": 1075.72, "fy": 1075.66, "cx": 636.877, "cy": 515.013}, "camera_to_world_matrix": [0.185363, -0.65112, -0.735992, 2.15186, -0.982609, -0.114475, -0.146201, -3.79398, 0.0109419, 0.750292, -0.661015, 1.14851, 0.0, 0.0, 0.0, 1.0]}, "087babe565fd471381ae7adbf938f5fc_d1_0.png": {"intrinsics": {"fx": 1075.94, "fy": 1076.09, "cx": 629.693, "cy": 501.638}, "camera_to_world_matrix": [-0.75167, 0.00720998, -0.6595, 2.14002, -0.65947, 0.0063025, 0.751704, -3.79948, 0.00957613, 0.999954, 1.77377e-05, 1.1818, 0.0, 0.0, 0.0, 1.0]}, "087babe565fd471381ae7adbf938f5fc_d1_1.png": {"intrinsics": {"fx": 1075.94, "fy": 1076.09, "cx": 629.693, "cy": 501.638}, "camera_to_world_matrix": [-0.946927, 0.0113841, 0.321248, 2.13659, 0.321266, -0.00029677, 0.946989, -3.80016, 0.0108758, 0.999935, -0.00337592, 1.18182, 0.0, 0.0, 0.0, 1.0]}, "087babe565fd471381ae7adbf938f5fc_d1_2.png": {"intrinsics": {"fx": 1075.94, "fy": 1076.09, "cx": 629.693, "cy": 501.638}, "camera_to_world_matrix": [-0.195209, 0.0077559, 0.980731, 2.13428, 0.980724, -0.00721125, 0.195265, -3.79753, 0.00858661, 0.999944, -0.00619832, 1.18183, 0.0, 0.0, 0.0, 1.0]}, "087babe565fd471381ae7adbf938f5fc_d1_3.png": {"intrinsics": {"fx": 1075.94, "fy": 1076.09, "cx": 629.693, "cy": 501.638}, "camera_to_world_matrix": [0.751748, -4.62569e-05, 0.659451, 2.13541, 0.659432, -0.0075263, -0.751727, -3.79421, 0.00499786, 0.999972, -0.00562701, 1.18182, 0.0, 0.0, 0.0, 1.0]}, "087babe565fd471381ae7adbf938f5fc_d1_4.png": {"intrinsics": {"fx": 1075.94, "fy": 1076.09, "cx": 629.693, "cy": 501.638}, "camera_to_world_matrix": [0.946967, -0.00422008, -0.321305, 2.13884, -0.321312, -0.000926869, -0.946973, -3.79353, 0.00369835, 0.999991, -0.0022333, 1.18181, 0.0, 0.0, 0.0, 1.0]}, "087babe565fd471381ae7adbf938f5fc_d1_5.png": {"intrinsics": {"fx": 1075.94, "fy": 1076.09, "cx": 629.693, "cy": 501.638}, "camera_to_world_matrix": [0.195223, -0.000591645, -0.980759, 2.14115, -0.980741, 0.00598747, -0.195223, -3.79616, 0.00598763, 0.999982, 0.000589012, 1.1818, 0.0, 0.0, 0.0, 1.0]}, "087babe565fd471381ae7adbf938f5fc_d2_0.png": {"intrinsics": {"fx": 1074.61, "fy": 1074.93, "cx": 630.692, "cy": 523.124}, "camera_to_world_matrix": [-0.750085, 0.450019, -0.484618, 2.14743, -0.661295, -0.501788, 0.557581, -3.8078, 0.00774632, 0.73871, 0.673979, 1.21502, 0.0, 0.0, 0.0, 1.0]}, "087babe565fd471381ae7adbf938f5fc_d2_1.png": {"intrinsics": {"fx": 1074.61, "fy": 1074.93, "cx": 630.692, "cy": 523.124}, "camera_to_world_matrix": [-0.947719, -0.207839, 0.242137, 2.13316, 0.318976, -0.638551, 0.700362, -3.81064, 0.00905416, 0.740982, 0.671463, 1.21507, 0.0, 0.0, 0.0, 1.0]}, "087babe565fd471381ae7adbf938f5fc_d2_2.png": {"intrinsics": {"fx": 1074.61, "fy": 1074.93, "cx": 630.692, "cy": 523.124}, "camera_to_world_matrix": [-0.197593, -0.6552, 0.729157, 2.12356, 0.980261, -0.137202, 0.142353, -3.79971, 0.00677183, 0.742892, 0.669377, 1.21511, 0.0, 0.0, 0.0, 1.0]}, "087babe565fd471381ae7adbf938f5fc_d2_3.png": {"intrinsics": {"fx": 1074.61, "fy": 1074.93, "cx": 630.692, "cy": 523.124}, "camera_to_world_matrix": [0.75015, -0.444693, 0.48941, 2.12824, 0.66126, 0.500899, -0.558423, -3.78593, 0.00318168, 0.742528, 0.669807, 1.2151, 0.0, 0.0, 0.0, 1.0]}, "087babe565fd471381ae7adbf938f5fc_d2_4.png": {"intrinsics": {"fx": 1074.61, "fy": 1074.93, "cx": 630.692, "cy": 523.124}, "camera_to_world_matrix": [0.947746, 0.21317, -0.237351, 2.14251, -0.319019, 0.637637, -0.701175, -3.78309, 0.00187391, 0.740255, 0.672323, 1.21505, 0.0, 0.0, 0.0, 1.0]}, "087babe565fd471381ae7adbf938f5fc_d2_5.png": {"intrinsics": {"fx": 1074.61, "fy": 1074.93, "cx": 630.692, "cy": 523.124}, "camera_to_world_matrix": [0.197594, 0.660512, -0.724349, 2.1521, -0.980275, 0.13627, -0.143147, -3.79402, 0.00415639, 0.738346, 0.674409, 1.21501, 0.0, 0.0, 0.0, 1.0]}, "0a709d588fcd4ae5badd921366074d7a_d0_0.png": {"intrinsics": {"fx": 1075.72, "fy": 1075.66, "cx": 636.877, "cy": 515.013}, "camera_to_world_matrix": [0.553631, -0.555815, -0.620131, 2.17496, -0.832698, -0.360219, -0.420543, -3.3624, 0.0103607, 0.749207, -0.662254, 1.14878, 0.0, 0.0, 0.0, 1.0]}, "0a709d588fcd4ae5badd921366074d7a_d0_1.png": {"intrinsics": {"fx": 1075.72, "fy": 1075.66, "cx": 636.877, "cy": 515.013}, "camera_to_world_matrix": [-0.444311, -0.588566, -0.67541, 2.17602, -0.895781, 0.30265, 0.325545, -3.37692, 0.012808, 0.749662, -0.661696, 1.14877, 0.0, 0.0, 0.0, 1.0]}, "0a709d588fcd4ae5badd921366074d7a_d0_2.png": {"intrinsics": {"fx": 1075.72, "fy": 1075.66, "cx": 636.877, "cy": 515.013}, "camera_to_world_matrix": [-0.997902, -0.0308763, -0.0569141, 2.16399, -0.0630698, 0.662441, 0.746455, -3.38509, 0.0146545, 0.748478, -0.662998, 1.14879, 0.0, 0.0, 0.0, 1.0]}, "0a709d588fcd4ae5badd921366074d7a_d0_3.png": {"intrinsics": {"fx": 1075.72, "fy": 1075.66, "cx": 636.877, "cy": 515.013}, "camera_to_world_matrix": [-0.553538, 0.559551, 0.616846, 2.15089, 0.832706, 0.359355, 0.421266, -3.37876, 0.0140536, 0.746838, -0.664858, 1.14883, 0.0, 0.0, 0.0, 1.0]}, "0a709d588fcd4ae5badd921366074d7a_d0_4.png": {"intrinsics": {"fx": 1075.72, "fy": 1075.66, "cx": 636.877, "cy": 515.013}, "camera_to_world_matrix": [0.444407, 0.592276, 0.672095, 2.14982, 0.89575, -0.303516, -0.324824, -3.36425, 0.0116062, 0.746383, -0.665415, 1.14884, 0.0, 0.0, 0.0, 1.0]}, "0a709d588fcd4ae5badd921366074d7a_d0_5.png": {"intrinsics": {"fx": 1075.72, "fy": 1075.66, "cx": 636.877, "cy": 515.013}, "camera_to_world_matrix": [0.997965, 0.0345724, 0.053583, 2.16186, 0.0630169, -0.663285, -0.745709, -3.35607, 0.00975983, 0.747568, -0.664114, 1.14881, 0.0, 0.0, 0.0, 1.0]}, "0a709d588fcd4ae5badd921366074d7a_d1_0.png": {"intrinsics": {"fx": 1075.94, "fy": 1076.09, "cx": 629.693, "cy": 501.638}, "camera_to_world_matrix": [0.561989, -0.00392765, -0.827136, 2.1659, -0.827128, 0.00388774, -0.562001, -3.36863, 0.00542289, 0.999985, -0.00106344, 1.18205, 0.0, 0.0, 0.0, 1.0]}, "0a709d588fcd4ae5badd921366074d7a_d1_1.png": {"intrinsics": {"fx": 1075.94, "fy": 1076.09, "cx": 629.693, "cy": 501.638}, "camera_to_world_matrix": [-0.435317, 0.00313501, -0.900272, 2.16616, -0.900243, 0.00721822, 0.435328, -3.37212, 0.00786298, 0.999969, -0.000319571, 1.18204, 0.0, 0.0, 0.0, 1.0]}, "0a709d588fcd4ae5badd921366074d7a_d1_2.png": {"intrinsics": {"fx": 1075.94, "fy": 1076.09, "cx": 629.693, "cy": 501.638}, "camera_to_world_matrix": [-0.997278, 0.00955056, -0.0731229, 2.16326, -0.0730994, 0.00276692, 0.997321, -3.37409, 0.00972716, 0.999951, -0.00206088, 1.18205, 0.0, 0.0, 0.0, 1.0]}, "0a709d588fcd4ae5badd921366074d7a_d1_3.png": {"intrinsics": {"fx": 1075.94, "fy": 1076.09, "cx": 629.693, "cy": 501.638}, "camera_to_world_matrix": [-0.56192, 0.00890329, 0.827144, 2.16011, 0.827141, -0.00501476, 0.561972, -3.37257, 0.00915119, 0.999948, -0.00454601, 1.18206, 0.0, 0.0, 0.0, 1.0]}, "0a709d588fcd4ae5badd921366074d7a_d1_4.png": {"intrinsics": {"fx": 1075.94, "fy": 1076.09, "cx": 629.693, "cy": 501.638}, "camera_to_world_matrix": [0.435388, 0.0018405, 0.900241, 2.15985, 0.900218, -0.00834498, -0.43536, -3.36908, 0.00671107, 0.999964, -0.00528978, 1.18206, 0.0, 0.0, 0.0, 1.0]}, "0a709d588fcd4ae5badd921366074d7a_d1_5.png": {"intrinsics": {"fx": 1075.94, "fy": 1076.09, "cx": 629.693, "cy": 501.638}, "camera_to_world_matrix": [0.997317, -0.00457487, 0.0730698, 2.16275, 0.0730521, -0.00389342, -0.997321, -3.36711, 0.00484697, 0.999982, -0.0035484, 1.18205, 0.0, 0.0, 0.0, 1.0]}, "0a709d588fcd4ae5badd921366074d7a_d2_0.png": {"intrinsics": {"fx": 1074.61, "fy": 1074.93, "cx": 630.692, "cy": 523.124}, "camera_to_world_matrix": [0.563992, 0.554408, -0.612, 2.17512, -0.825772, 0.381874, -0.415057, -3.36244, 0.00359565, 0.739462, 0.673189, 1.21528, 0.0, 0.0, 0.0, 1.0]}, "0a709d588fcd4ae5badd921366074d7a_d2_1.png": {"intrinsics": {"fx": 1074.61, "fy": 1074.93, "cx": 630.692, "cy": 523.124}, "camera_to_world_matrix": [-0.433144, 0.609194, -0.664281, 2.17619, -0.901304, -0.287816, 0.323747, -3.37695, 0.00603393, 0.738948, 0.673735, 1.21527, 0.0, 0.0, 0.0, 1.0]}, "0a709d588fcd4ae5badd921366074d7a_d2_2.png": {"intrinsics": {"fx": 1074.61, "fy": 1074.93, "cx": 630.692, "cy": 523.124}, "camera_to_world_matrix": [-0.997113, 0.0566145, -0.0505938, 2.16415, -0.0755148, -0.670101, 0.738419, -3.38513, 0.00790235, 0.740108, 0.672442, 1.21529, 0.0, 0.0, 0.0, 1.0]}, "0a709d588fcd4ae5badd921366074d7a_d2_3.png": {"intrinsics": {"fx": 1074.61, "fy": 1074.93, "cx": 630.692, "cy": 523.124}, "camera_to_world_matrix": [-0.563933, -0.550738, 0.61536, 2.15105, 0.825788, -0.382687, 0.414276, -3.3788, 0.00733242, 0.741781, 0.670602, 1.21533, 0.0, 0.0, 0.0, 1.0]}, "0a709d588fcd4ae5badd921366074d7a_d2_4.png": {"intrinsics": {"fx": 1074.61, "fy": 1074.93, "cx": 630.692, "cy": 523.124}, "camera_to_world_matrix": [0.433207, -0.605497, 0.667611, 2.14999, 0.901281, 0.287006, -0.32453, -3.36428, 0.00489405, 0.742294, 0.670056, 1.21534, 0.0, 0.0, 0.0, 1.0]}, "0a709d588fcd4ae5badd921366074d7a_d2_5.png": {"intrinsics": {"fx": 1074.61, "fy": 1074.93, "cx": 630.692, "cy": 523.124}, "camera_to_world_matrix": [0.997143, -0.0529029, 0.0539081, 2.16203, 0.0754695, 0.669269, -0.739178, -3.35611, 0.00302574, 0.741135, 0.671349, 1.21531, 0.0, 0.0, 0.0, 1.0]}, "0ab3970074fb418da34405440e01093e_d0_0.png": {"intrinsics": {"fx": 1075.72, "fy": 1075.66, "cx": 636.877, "cy": 515.013}, "camera_to_world_matrix": [0.710225, -0.472679, -0.521685, 3.93741, -0.703967, -0.480349, -0.523159, -7.46862, -0.00330442, 0.738809, -0.673906, 1.11005, 0.0, 0.0, 0.0, 1.0]}, "0ab3970074fb418da34405440e01093e_d0_1.png": {"intrinsics": {"fx": 1075.72, "fy": 1075.66, "cx": 636.877, "cy": 515.013}, "camera_to_world_matrix": [-0.254473, -0.638487, -0.726346, 3.94138, -0.96705, 0.16214, 0.196275, -7.48262, -0.00754931, 0.75236, -0.658709, 1.10975, 0.0, 0.0, 0.0, 1.0]}, "0ab3970074fb418da34405440e01093e_d0_2.png": {"intrinsics": {"fx": 1075.72, "fy": 1075.66, "cx": 636.877, "cy": 515.013}, "camera_to_world_matrix": [-0.964677, -0.164849, -0.205482, 3.93124, -0.263315, 0.626956, 0.733206, -7.49305, 0.00796008, 0.761414, -0.648217, 1.10955, 0.0, 0.0, 0.0, 1.0]}, "0ab3970074fb418da34405440e01093e_d0_3.png": {"intrinsics": {"fx": 1075.72, "fy": 1075.66, "cx": 636.877, "cy": 515.013}, "camera_to_world_matrix": [-0.710167, 0.474585, 0.52003, 3.91713, 0.703488, 0.449272, 0.55069, -7.48949, 0.0277141, 0.756917, -0.652923, 1.10964, 0.0, 0.0, 0.0, 1.0]}, "0ab3970074fb418da34405440e01093e_d0_4.png": {"intrinsics": {"fx": 1075.72, "fy": 1075.66, "cx": 636.877, "cy": 515.013}, "camera_to_world_matrix": [0.254542, 0.640368, 0.724664, 3.91316, 0.966534, -0.193223, -0.168753, -7.4755, 0.0319582, 0.743366, -0.668121, 1.10994, 0.0, 0.0, 0.0, 1.0]}, "0ab3970074fb418da34405440e01093e_d0_5.png": {"intrinsics": {"fx": 1075.72, "fy": 1075.66, "cx": 636.877, "cy": 515.013}, "camera_to_world_matrix": [0.964718, 0.166712, 0.203779, 3.9233, 0.262771, -0.658021, -0.705663, -7.46506, 0.0164482, 0.734313, -0.678612, 1.11014, 0.0, 0.0, 0.0, 1.0]}, "0ab3970074fb418da34405440e01093e_d1_0.png": {"intrinsics": {"fx": 1075.94, "fy": 1076.09, "cx": 629.693, "cy": 501.638}, "camera_to_world_matrix": [0.717294, -0.00591947, -0.696746, 3.92975, -0.696724, -0.0176951, -0.717121, -7.47724, -0.00808413, 0.999826, -0.0168164, 1.14314, 0.0, 0.0, 0.0, 1.0]}, "0ab3970074fb418da34405440e01093e_d1_1.png": {"intrinsics": {"fx": 1075.94, "fy": 1076.09, "cx": 629.693, "cy": 501.638}, "camera_to_world_matrix": [-0.244757, 0.000326081, -0.969585, 3.9307, -0.969504, -0.013009, 0.244732, -7.4806, -0.0125337, 0.999916, 0.00350056, 1.14307, 0.0, 0.0, 0.0, 1.0]}, "0ab3970074fb418da34405440e01093e_d1_2.png": {"intrinsics": {"fx": 1075.94, "fy": 1076.09, "cx": 629.693, "cy": 501.638}, "camera_to_world_matrix": [-0.962036, 0.00750775, -0.27282, 3.92827, -0.272909, -0.0160737, 0.961906, -7.48311, 0.00283639, 0.999843, 0.0175128, 1.14302, 0.0, 0.0, 0.0, 1.0]}, "0ab3970074fb418da34405440e01093e_d1_3.png": {"intrinsics": {"fx": 1075.94, "fy": 1076.09, "cx": 629.693, "cy": 501.638}, "camera_to_world_matrix": [-0.717248, 0.00844371, 0.696767, 3.92487, 0.69645, -0.0238242, 0.71721, -7.48226, 0.0226557, 0.999681, 0.0112076, 1.14304, 0.0, 0.0, 0.0, 1.0]}, "0ab3970074fb418da34405440e01093e_d1_4.png": {"intrinsics": {"fx": 1075.94, "fy": 1076.09, "cx": 629.693, "cy": 501.638}, "camera_to_world_matrix": [0.244813, 0.00219798, 0.969568, 3.92392, 0.969192, -0.02851, -0.244654, -7.47889, 0.0271045, 0.999591, -0.00910952, 1.14311, 0.0, 0.0, 0.0, 1.0]}, "0ab3970074fb418da34405440e01093e_d1_5.png": {"intrinsics": {"fx": 1075.94, "fy": 1076.09, "cx": 629.693, "cy": 501.638}, "camera_to_world_matrix": [0.962065, -0.00498358, 0.272775, 3.92636, 0.272568, -0.0254451, -0.9618, -7.47638, 0.0117339, 0.999664, -0.0231211, 1.14316, 0.0, 0.0, 0.0, 1.0]}, "0ab3970074fb418da34405440e01093e_d2_0.png": {"intrinsics": {"fx": 1074.61, "fy": 1074.93, "cx": 630.692, "cy": 523.124}, "camera_to_world_matrix": [0.718985, 0.465015, -0.516548, 3.93749, -0.694955, 0.470439, -0.543805, -7.47, -0.00987293, 0.749965, 0.661403, 1.17653, 0.0, 0.0, 0.0, 1.0]}, "0ab3970074fb418da34405440e01093e_d2_1.png": {"intrinsics": {"fx": 1074.61, "fy": 1074.93, "cx": 630.692, "cy": 523.124}, "camera_to_world_matrix": [-0.242413, 0.65378, -0.716803, 3.94146, -0.970067, -0.174284, 0.169102, -7.484, -0.0143718, 0.73634, 0.676459, 1.17624, 0.0, 0.0, 0.0, 1.0]}, "0ab3970074fb418da34405440e01093e_d2_2.png": {"intrinsics": {"fx": 1074.61, "fy": 1074.93, "cx": 630.692, "cy": 523.124}, "camera_to_world_matrix": [-0.961385, 0.189686, -0.199391, 3.93132, -0.275203, -0.660095, 0.698954, -7.49443, 0.000964509, 0.726838, 0.686808, 1.17603, 0.0, 0.0, 0.0, 1.0]}, "0ab3970074fb418da34405440e01093e_d2_3.png": {"intrinsics": {"fx": 1074.61, "fy": 1074.93, "cx": 630.692, "cy": 523.124}, "camera_to_world_matrix": [-0.718944, -0.463164, 0.518265, 3.91721, 0.694756, -0.501172, 0.515887, -7.49087, 0.0207993, 0.730962, 0.682101, 1.17613, 0.0, 0.0, 0.0, 1.0]}, "0ab3970074fb418da34405440e01093e_d2_4.png": {"intrinsics": {"fx": 1074.61, "fy": 1074.93, "cx": 630.692, "cy": 523.124}, "camera_to_world_matrix": [0.242464, -0.651905, 0.718492, 3.91324, 0.96983, 0.143559, -0.197028, -7.47688, 0.0252973, 0.744588, 0.667045, 1.17642, 0.0, 0.0, 0.0, 1.0]}, "0ab3970074fb418da34405440e01093e_d2_5.png": {"intrinsics": {"fx": 1074.61, "fy": 1074.93, "cx": 630.692, "cy": 523.124}, "camera_to_world_matrix": [0.96141, -0.187791, 0.20106, 3.92338, 0.274938, 0.629352, -0.72686, -7.46644, 0.00996049, 0.754089, 0.656696, 1.17663, 0.0, 0.0, 0.0, 1.0]}, "0c0617d40f4040e4a9268eddf91241dd_d0_0.png": {"intrinsics": {"fx": 1075.72, "fy": 1075.66, "cx": 636.877, "cy": 515.013}, "camera_to_world_matrix": [-0.975646, -0.137654, -0.170783, 1.74002, -0.219265, 0.633928, 0.741659, -5.99597, 0.00617166, 0.761043, -0.648672, 1.13707, 0.0, 0.0, 0.0, 1.0]}, "0c0617d40f4040e4a9268eddf91241dd_d0_1.png": {"intrinsics": {"fx": 1075.72, "fy": 1075.66, "cx": 636.877, "cy": 515.013}, "camera_to_world_matrix": [-0.677561, 0.493066, 0.545708, 1.72609, 0.734996, 0.427408, 0.526406, -5.99177, 0.0263129, 0.757765, -0.651996, 1.13713, 0.0, 0.0, 0.0, 1.0]}, "0c0617d40f4040e4a9268eddf91241dd_d0_2.png": {"intrinsics": {"fx": 1075.72, "fy": 1075.66, "cx": 636.877, "cy": 515.013}, "camera_to_world_matrix": [0.298081, 0.629546, 0.717509, 1.72276, 0.953992, -0.221951, -0.201584, -5.97761, 0.0323455, 0.744587, -0.666741, 1.13742, 0.0, 0.0, 0.0, 1.0]}, "0c0617d40f4040e4a9268eddf91241dd_d0_3.png": {"intrinsics": {"fx": 1075.72, "fy": 1075.66, "cx": 636.877, "cy": 515.013}, "camera_to_world_matrix": [0.975617, 0.135303, 0.172817, 1.73336, 0.218724, -0.664777, -0.714305, -5.96765, 0.0182368, 0.734687, -0.678161, 1.13764, 0.0, 0.0, 0.0, 1.0]}, "0c0617d40f4040e4a9268eddf91241dd_d0_4.png": {"intrinsics": {"fx": 1075.72, "fy": 1075.66, "cx": 636.877, "cy": 515.013}, "camera_to_world_matrix": [0.677495, -0.495408, -0.543665, 1.74729, -0.735525, -0.458233, -0.499024, -5.97184, -0.00190429, 0.737966, -0.674835, 1.13758, 0.0, 0.0, 0.0, 1.0]}, "0c0617d40f4040e4a9268eddf91241dd_d0_5.png": {"intrinsics": {"fx": 1075.72, "fy": 1075.66, "cx": 636.877, "cy": 515.013}, "camera_to_world_matrix": [-0.298156, -0.631863, -0.715438, 1.75062, -0.954484, 0.191132, 0.228973, -5.986, -0.00793613, 0.751144, -0.66009, 1.13729, 0.0, 0.0, 0.0, 1.0]}, "0c0617d40f4040e4a9268eddf91241dd_d1_0.png": {"intrinsics": {"fx": 1075.94, "fy": 1076.09, "cx": 629.693, "cy": 501.638}, "camera_to_world_matrix": [-0.973433, 0.00489743, -0.228919, 1.73744, -0.228969, -0.0162184, 0.973299, -5.9859, 0.00105382, 0.999857, 0.0169093, 1.17053, 0.0, 0.0, 0.0, 1.0]}, "0c0617d40f4040e4a9268eddf91241dd_d1_1.png": {"intrinsics": {"fx": 1075.94, "fy": 1076.09, "cx": 629.693, "cy": 501.638}, "camera_to_world_matrix": [-0.684945, 0.005481, 0.728574, 1.73409, 0.728285, -0.0240035, 0.684854, -5.98489, 0.0212419, 0.999697, 0.0124497, 1.17054, 0.0, 0.0, 0.0, 1.0]}, "0c0617d40f4040e4a9268eddf91241dd_d1_2.png": {"intrinsics": {"fx": 1075.94, "fy": 1076.09, "cx": 629.693, "cy": 501.638}, "camera_to_world_matrix": [0.288493, -0.000970761, 0.957482, 1.73329, 0.957088, -0.028401, -0.288403, -5.98148, 0.0274733, 0.999596, -0.007264, 1.17061, 0.0, 0.0, 0.0, 1.0]}, "0c0617d40f4040e4a9268eddf91241dd_d1_3.png": {"intrinsics": {"fx": 1075.94, "fy": 1076.09, "cx": 629.693, "cy": 501.638}, "camera_to_world_matrix": [0.97342, -0.00800595, 0.22889, 1.73584, 0.228631, -0.0250134, -0.973192, -5.97909, 0.0135165, 0.999655, -0.0225177, 1.17067, 0.0, 0.0, 0.0, 1.0]}, "0c0617d40f4040e4a9268eddf91241dd_d1_4.png": {"intrinsics": {"fx": 1075.94, "fy": 1076.09, "cx": 629.693, "cy": 501.638}, "camera_to_world_matrix": [0.684894, -0.00858922, -0.728593, 1.73919, -0.728613, -0.0172282, -0.68471, -5.9801, -0.00667139, 0.999815, -0.0180574, 1.17065, 0.0, 0.0, 0.0, 1.0]}, "0c0617d40f4040e4a9268eddf91241dd_d1_5.png": {"intrinsics": {"fx": 1075.94, "fy": 1076.09, "cx": 629.693, "cy": 501.638}, "camera_to_world_matrix": [-0.288553, -0.00213728, -0.957462, 1.73999, -0.957377, -0.012831, 0.288556, -5.9835, -0.012902, 0.999916, 0.0016566, 1.17058, 0.0, 0.0, 0.0, 1.0]}, "0c0617d40f4040e4a9268eddf91241dd_d2_0.png": {"intrinsics": {"fx": 1074.61, "fy": 1074.93, "cx": 630.692, "cy": 523.124}, "camera_to_world_matrix": [-0.972884, 0.158173, -0.168753, 1.73992, -0.231291, -0.667893, 0.707406, -5.99734, -0.000816606, 0.727255, 0.686366, 1.20355, 0.0, 0.0, 0.0, 1.0]}, "0c0617d40f4040e4a9268eddf91241dd_d2_1.png": {"intrinsics": {"fx": 1074.61, "fy": 1074.93, "cx": 630.692, "cy": 523.124}, "camera_to_world_matrix": [-0.686713, -0.486799, 0.539863, 1.72599, 0.72667, -0.479506, 0.491959, -5.99314, 0.0193824, 0.730137, 0.683025, 1.20362, 0.0, 0.0, 0.0, 1.0]}, "0c0617d40f4040e4a9268eddf91241dd_d2_2.png": {"intrinsics": {"fx": 1074.61, "fy": 1074.93, "cx": 630.692, "cy": 523.124}, "camera_to_world_matrix": [0.286178, -0.646112, 0.70756, 1.72265, 0.957832, 0.173128, -0.22931, -5.97898, 0.0256616, 0.743348, 0.668413, 1.2039, 0.0, 0.0, 0.0, 1.0]}, "0c0617d40f4040e4a9268eddf91241dd_d2_3.png": {"intrinsics": {"fx": 1074.61, "fy": 1074.93, "cx": 630.692, "cy": 523.124}, "camera_to_world_matrix": [0.972876, -0.16045, 0.166636, 1.73326, 0.231028, 0.637361, -0.735117, -5.96902, 0.0117417, 0.753676, 0.657141, 1.20413, 0.0, 0.0, 0.0, 1.0]}, "0c0617d40f4040e4a9268eddf91241dd_d2_4.png": {"intrinsics": {"fx": 1074.61, "fy": 1074.93, "cx": 630.692, "cy": 523.124}, "camera_to_world_matrix": [0.686667, 0.484515, -0.541972, 1.74719, -0.726922, 0.448949, -0.519643, -5.97321, -0.00845721, 0.750793, 0.660483, 1.20406, 0.0, 0.0, 0.0, 1.0]}, "0c0617d40f4040e4a9268eddf91241dd_d2_5.png": {"intrinsics": {"fx": 1074.61, "fy": 1074.93, "cx": 630.692, "cy": 523.124}, "camera_to_world_matrix": [-0.286233, 0.643802, -0.70964, 1.75052, -0.958046, -0.203692, 0.201634, -5.98738, -0.0147356, 0.737583, 0.675096, 1.20377, 0.0, 0.0, 0.0, 1.0]}, "11ec36e3d78c43a389366c5159069b0c_d0_0.png": {"intrinsics": {"fx": 1075.72, "fy": 1075.66, "cx": 636.877, "cy": 515.013}, "camera_to_world_matrix": [0.999151, 0.00680462, 0.0406392, 2.23874, 0.0348852, -0.664575, -0.746407, -1.12178, 0.0219288, 0.74719, -0.664248, 1.14189, 0.0, 0.0, 0.0, 1.0]}, "11ec36e3d78c43a389366c5159069b0c_d0_1.png": {"intrinsics": {"fx": 1075.72, "fy": 1075.66, "cx": 636.877, "cy": 515.013}, "camera_to_world_matrix": [0.529742, -0.574822, -0.623661, 2.25165, -0.848005, -0.344963, -0.402353, -1.12848, 0.016141, 0.742011, -0.670194, 1.142, 0.0, 0.0, 0.0, 1.0]}, "11ec36e3d78c43a389366c5159069b0c_d0_2.png": {"intrinsics": {"fx": 1075.72, "fy": 1075.66, "cx": 636.877, "cy": 515.013}, "camera_to_world_matrix": [-0.469539, -0.588855, -0.657863, 2.25231, -0.882889, 0.318566, 0.344998, -1.14302, 0.00641875, 0.742809, -0.669472, 1.14199, 0.0, 0.0, 0.0, 1.0]}, "11ec36e3d78c43a389366c5159069b0c_d0_3.png": {"intrinsics": {"fx": 1075.72, "fy": 1075.66, "cx": 636.877, "cy": 515.013}, "camera_to_world_matrix": [-0.999389, -0.0212599, -0.0277642, 2.24005, -0.0348807, 0.662468, 0.748278, -1.15085, 0.00248455, 0.748788, -0.662804, 1.14186, 0.0, 0.0, 0.0, 1.0]}, "11ec36e3d78c43a389366c5159069b0c_d0_4.png": {"intrinsics": {"fx": 1075.72, "fy": 1075.66, "cx": 636.877, "cy": 515.013}, "camera_to_world_matrix": [-0.529945, 0.560355, 0.636523, 2.22713, 0.847992, 0.342834, 0.404198, -1.14415, 0.0082726, 0.753968, -0.656859, 1.14175, 0.0, 0.0, 0.0, 1.0]}, "11ec36e3d78c43a389366c5159069b0c_d0_5.png": {"intrinsics": {"fx": 1075.72, "fy": 1075.66, "cx": 636.877, "cy": 515.013}, "camera_to_world_matrix": [0.469337, 0.574361, 0.670695, 2.22648, 0.882836, -0.320696, -0.343155, -1.12962, 0.0179948, 0.753169, -0.657581, 1.14176, 0.0, 0.0, 0.0, 1.0]}, "11ec36e3d78c43a389366c5159069b0c_d1_0.png": {"intrinsics": {"fx": 1075.94, "fy": 1076.09, "cx": 629.693, "cy": 501.638}, "camera_to_world_matrix": [0.998845, -0.0168326, 0.045009, 2.23891, 0.0449385, -0.00453862, -0.99898, -1.13287, 0.0170196, 0.999848, -0.00377656, 1.17513, 0.0, 0.0, 0.0, 1.0]}, "11ec36e3d78c43a389366c5159069b0c_d1_1.png": {"intrinsics": {"fx": 1075.94, "fy": 1076.09, "cx": 629.693, "cy": 501.638}, "camera_to_world_matrix": [0.538313, -0.0159664, -0.842594, 2.24202, -0.84267, 0.00322173, -0.538423, -1.13448, 0.0113111, 0.999868, -0.0117197, 1.17515, 0.0, 0.0, 0.0, 1.0]}, "11ec36e3d78c43a389366c5159069b0c_d1_2.png": {"intrinsics": {"fx": 1075.94, "fy": 1076.09, "cx": 629.693, "cy": 501.638}, "camera_to_world_matrix": [-0.460615, -0.00881289, -0.887557, 2.24218, -0.887599, 0.00635149, 0.460574, -1.13798, 0.00157818, 0.999941, -0.0107475, 1.17515, 0.0, 0.0, 0.0, 1.0]}, "11ec36e3d78c43a389366c5159069b0c_d1_3.png": {"intrinsics": {"fx": 1075.94, "fy": 1076.09, "cx": 629.693, "cy": 501.638}, "camera_to_world_matrix": [-0.998988, -0.00252577, -0.0449158, 2.23923, -0.0449202, 0.00172084, 0.998989, -1.13986, -0.00244607, 0.999996, -0.00183218, 1.17512, 0.0, 0.0, 0.0, 1.0]}, "11ec36e3d78c43a389366c5159069b0c_d1_4.png": {"intrinsics": {"fx": 1075.94, "fy": 1076.09, "cx": 629.693, "cy": 501.638}, "camera_to_world_matrix": [-0.538421, -0.00339232, 0.842669, 2.23612, 0.84267, -0.00603947, 0.538397, -1.13825, 0.00326272, 0.999976, 0.00611076, 1.17509, 0.0, 0.0, 0.0, 1.0]}, "11ec36e3d78c43a389366c5159069b0c_d1_5.png": {"intrinsics": {"fx": 1075.94, "fy": 1076.09, "cx": 629.693, "cy": 501.638}, "camera_to_world_matrix": [0.460509, -0.010546, 0.887593, 2.23597, 0.887561, -0.00916895, -0.4606, -1.13475, 0.0129956, 0.999903, 0.00513817, 1.1751, 0.0, 0.0, 0.0, 1.0]}, "11ec36e3d78c43a389366c5159069b0c_d2_0.png": {"intrinsics": {"fx": 1074.61, "fy": 1074.93, "cx": 630.692, "cy": 523.124}, "camera_to_world_matrix": [0.998762, -0.0430467, 0.0249214, 2.2381, 0.0473613, 0.669918, -0.740923, -1.12188, 0.0151991, 0.741186, 0.671127, 1.20839, 0.0, 0.0, 0.0, 1.0]}, "11ec36e3d78c43a389366c5159069b0c_d2_1.png": {"intrinsics": {"fx": 1074.61, "fy": 1074.93, "cx": 630.692, "cy": 523.124}, "camera_to_world_matrix": [0.540376, 0.555939, -0.631605, 2.25101, -0.84137, 0.365494, -0.398134, -1.12858, 0.0095098, 0.746556, 0.665255, 1.2085, 0.0, 0.0, 0.0, 1.0]}, "11ec36e3d78c43a389366c5159069b0c_d2_2.png": {"intrinsics": {"fx": 1074.61, "fy": 1074.93, "cx": 630.692, "cy": 523.124}, "camera_to_world_matrix": [-0.458451, 0.591805, -0.663016, 2.25166, -0.88872, -0.305475, 0.341851, -1.14311, -0.000225564, 0.745957, 0.665993, 1.20849, 0.0, 0.0, 0.0, 1.0]}, "11ec36e3d78c43a389366c5159069b0c_d2_3.png": {"intrinsics": {"fx": 1074.61, "fy": 1074.93, "cx": 630.692, "cy": 523.124}, "camera_to_world_matrix": [-0.99887, 0.0286828, -0.0378999, 2.2394, -0.0473378, -0.672006, 0.739031, -1.15095, -0.00427143, 0.73999, 0.672604, 1.20836, 0.0, 0.0, 0.0, 1.0]}, "11ec36e3d78c43a389366c5159069b0c_d2_4.png": {"intrinsics": {"fx": 1074.61, "fy": 1074.93, "cx": 630.692, "cy": 523.124}, "camera_to_world_matrix": [-0.540449, -0.570292, 0.618613, 2.22649, 0.841375, -0.367559, 0.396217, -1.14425, 0.00141814, 0.734621, 0.678476, 1.20824, 0.0, 0.0, 0.0, 1.0]}, "11ec36e3d78c43a389366c5159069b0c_d2_5.png": {"intrinsics": {"fx": 1074.61, "fy": 1074.93, "cx": 630.692, "cy": 523.124}, "camera_to_world_matrix": [0.45838, -0.60613, 0.649995, 2.22584, 0.888686, 0.303412, -0.34377, -1.12971, 0.0111535, 0.735219, 0.677737, 1.20826, 0.0, 0.0, 0.0, 1.0]}, "156af10f63d84956ba5dc4b9fe3b2140_d0_0.png": {"intrinsics": {"fx": 1075.72, "fy": 1075.66, "cx": 636.877, "cy": 515.013}, "camera_to_world_matrix": [-0.854691, -0.335483, -0.396174, 2.84986, -0.518977, 0.5711, 0.63601, -4.64926, 0.0128849, 0.749197, -0.662222, 1.14677, 0.0, 0.0, 0.0, 1.0]}, "156af10f63d84956ba5dc4b9fe3b2140_d0_1.png": {"intrinsics": {"fx": 1075.72, "fy": 1075.66, "cx": 636.877, "cy": 515.013}, "camera_to_world_matrix": [-0.876763, 0.328172, 0.351553, 2.83532, 0.480716, 0.576619, 0.660623, -4.64973, 0.0140855, 0.748207, -0.663316, 1.14679, 0.0, 0.0, 0.0, 1.0]}, "156af10f63d84956ba5dc4b9fe3b2140_d0_2.png": {"intrinsics": {"fx": 1075.72, "fy": 1075.66, "cx": 636.877, "cy": 515.013}, "camera_to_world_matrix": [-0.0220339, 0.66477, 0.746723, 2.82764, 0.999667, 0.00463305, 0.0253731, -4.63737, 0.0134077, 0.747033, -0.664651, 1.14681, 0.0, 0.0, 0.0, 1.0]}, "156af10f63d84956ba5dc4b9fe3b2140_d0_3.png": {"intrinsics": {"fx": 1075.72, "fy": 1075.66, "cx": 636.877, "cy": 515.013}, "camera_to_world_matrix": [0.854748, 0.337707, 0.394156, 2.83451, 0.518915, -0.57286, -0.634475, -4.62454, 0.0115294, 0.74685, -0.664892, 1.14682, 0.0, 0.0, 0.0, 1.0]}, "156af10f63d84956ba5dc4b9fe3b2140_d0_4.png": {"intrinsics": {"fx": 1075.72, "fy": 1075.66, "cx": 636.877, "cy": 515.013}, "camera_to_world_matrix": [0.876781, -0.325947, -0.353572, 2.84905, -0.480779, -0.578354, -0.659059, -4.62407, 0.0103289, 0.747841, -0.663798, 1.1468, 0.0, 0.0, 0.0, 1.0]}, "156af10f63d84956ba5dc4b9fe3b2140_d0_5.png": {"intrinsics": {"fx": 1075.72, "fy": 1075.66, "cx": 636.877, "cy": 515.013}, "camera_to_world_matrix": [0.0220314, -0.662524, -0.748717, 2.85673, -0.999697, -0.00635403, -0.023794, -4.63643, 0.0110067, 0.749014, -0.662462, 1.14677, 0.0, 0.0, 0.0, 1.0]}, "156af10f63d84956ba5dc4b9fe3b2140_d1_0.png": {"intrinsics": {"fx": 1075.94, "fy": 1076.09, "cx": 629.693, "cy": 501.638}, "camera_to_world_matrix": [-0.849479, 0.00621262, -0.527586, 2.84408, -0.527562, 0.00505978, 0.849501, -4.63991, 0.00794696, 0.999968, -0.00102026, 1.18004, 0.0, 0.0, 0.0, 1.0]}, "156af10f63d84956ba5dc4b9fe3b2140_d1_1.png": {"intrinsics": {"fx": 1075.94, "fy": 1076.09, "cx": 629.693, "cy": 501.638}, "camera_to_world_matrix": [-0.881602, 0.00925043, 0.471904, 2.84058, 0.471906, -0.00213363, 0.881647, -4.64003, 0.00916234, 0.999955, -0.00248395, 1.18004, 0.0, 0.0, 0.0, 1.0]}, "156af10f63d84956ba5dc4b9fe3b2140_d1_2.png": {"intrinsics": {"fx": 1075.94, "fy": 1076.09, "cx": 629.693, "cy": 501.638}, "camera_to_world_matrix": [-0.0320914, 0.00453958, 0.999475, 2.83874, 0.999449, -0.00836111, 0.0321287, -4.63705, 0.00850243, 0.999955, -0.00426839, 1.18005, 0.0, 0.0, 0.0, 1.0]}, "156af10f63d84956ba5dc4b9fe3b2140_d1_3.png": {"intrinsics": {"fx": 1075.94, "fy": 1076.09, "cx": 629.693, "cy": 501.638}, "camera_to_world_matrix": [0.849522, -0.00320898, 0.527544, 2.84039, 0.527512, -0.00739503, -0.849515, -4.63397, 0.00662714, 0.999968, -0.00458909, 1.18005, 0.0, 0.0, 0.0, 1.0]}, "156af10f63d84956ba5dc4b9fe3b2140_d1_4.png": {"intrinsics": {"fx": 1075.94, "fy": 1076.09, "cx": 629.693, "cy": 501.638}, "camera_to_world_matrix": [0.881605, -0.00624651, -0.471947, 2.84389, -0.471957, -0.000201503, -0.881622, -4.63385, 0.00541182, 0.999981, -0.00312536, 1.18004, 0.0, 0.0, 0.0, 1.0]}, "156af10f63d84956ba5dc4b9fe3b2140_d1_5.png": {"intrinsics": {"fx": 1075.94, "fy": 1076.09, "cx": 629.693, "cy": 501.638}, "camera_to_world_matrix": [0.0320741, -0.00153541, -0.999485, 2.84573, -0.999467, 0.00602579, -0.0320829, -4.63683, 0.00607181, 0.999981, -0.00134095, 1.18004, 0.0, 0.0, 0.0, 1.0]}, "156af10f63d84956ba5dc4b9fe3b2140_d2_0.png": {"intrinsics": {"fx": 1074.61, "fy": 1074.93, "cx": 630.692, "cy": 523.124}, "camera_to_world_matrix": [-0.848211, 0.360402, -0.388133, 2.84996, -0.529622, -0.568655, 0.62939, -4.64934, 0.00611964, 0.73942, 0.673217, 1.21327, 0.0, 0.0, 0.0, 1.0]}, "156af10f63d84956ba5dc4b9fe3b2140_d2_1.png": {"intrinsics": {"fx": 1074.61, "fy": 1074.93, "cx": 630.692, "cy": 523.124}, "camera_to_world_matrix": [-0.882755, -0.310971, 0.352194, 2.83542, 0.469776, -0.595911, 0.651306, -4.64981, 0.00733854, 0.740396, 0.67213, 1.21329, 0.0, 0.0, 0.0, 1.0]}, "156af10f63d84956ba5dc4b9fe3b2140_d2_2.png": {"intrinsics": {"fx": 1074.61, "fy": 1074.93, "cx": 630.692, "cy": 523.124}, "camera_to_world_matrix": [-0.0345154, -0.670254, 0.741328, 2.82774, 0.999382, -0.0281075, 0.0211173, -4.63745, 0.00668296, 0.741599, 0.67081, 1.21331, 0.0, 0.0, 0.0, 1.0]}, "156af10f63d84956ba5dc4b9fe3b2140_d2_3.png": {"intrinsics": {"fx": 1074.61, "fy": 1074.93, "cx": 630.692, "cy": 523.124}, "camera_to_world_matrix": [0.848248, -0.358155, 0.390127, 2.83461, 0.529577, 0.566939, -0.630974, -4.62462, 0.00480845, 0.741825, 0.670576, 1.21332, 0.0, 0.0, 0.0, 1.0]}, "156af10f63d84956ba5dc4b9fe3b2140_d2_4.png": {"intrinsics": {"fx": 1074.61, "fy": 1074.93, "cx": 630.692, "cy": 523.124}, "camera_to_world_matrix": [0.882753, 0.31322, -0.350201, 2.84915, -0.469823, 0.594169, -0.652862, -4.62415, 0.00358954, 0.740849, 0.671662, 1.2133, 0.0, 0.0, 0.0, 1.0]}, "156af10f63d84956ba5dc4b9fe3b2140_d2_5.png": {"intrinsics": {"fx": 1074.61, "fy": 1074.93, "cx": 630.692, "cy": 523.124}, "camera_to_world_matrix": [0.0344927, 0.67248, -0.739311, 2.85683, -0.999396, 0.0263514, -0.0226575, -4.63651, 0.00424524, 0.739646, 0.672983, 1.21327, 0.0, 0.0, 0.0, 1.0]}, "15a0a48359ad4a67bf9d3097de41828c_d0_0.png": {"intrinsics": {"fx": 1075.72, "fy": 1075.66, "cx": 636.877, "cy": 515.013}, "camera_to_world_matrix": [0.906337, 0.275192, 0.320661, 0.0246284, 0.422376, -0.612174, -0.668462, -0.296417, 0.0123452, 0.741291, -0.67107, 1.13967, 0.0, 0.0, 0.0, 1.0]}, "15a0a48359ad4a67bf9d3097de41828c_d0_1.png": {"intrinsics": {"fx": 1075.72, "fy": 1075.66, "cx": 636.877, "cy": 515.013}, "camera_to_world_matrix": [0.819054, -0.385088, -0.425274, 0.0391349, -0.573705, -0.545179, -0.611263, -0.297541, 0.00353976, 0.744639, -0.667458, 1.1396, 0.0, 0.0, 0.0, 1.0]}, "15a0a48359ad4a67bf9d3097de41828c_d0_2.png": {"intrinsics": {"fx": 1075.72, "fy": 1075.66, "cx": 636.877, "cy": 515.013}, "camera_to_world_matrix": [-0.0872503, -0.657176, -0.74867, 0.0454146, -0.996181, 0.060124, 0.063319, -0.310665, 0.00340132, 0.751335, -0.659912, 1.13946, 0.0, 0.0, 0.0, 1.0]}, "15a0a48359ad4a67bf9d3097de41828c_d0_3.png": {"intrinsics": {"fx": 1075.72, "fy": 1075.66, "cx": 636.877, "cy": 515.013}, "camera_to_world_matrix": [-0.906252, -0.268979, -0.326125, 0.0371877, -0.422566, 0.598418, 0.680687, -0.322666, 0.0120684, 0.754683, -0.655979, 1.13938, 0.0, 0.0, 0.0, 1.0]}, "15a0a48359ad4a67bf9d3097de41828c_d0_4.png": {"intrinsics": {"fx": 1075.72, "fy": 1075.66, "cx": 636.877, "cy": 515.013}, "camera_to_world_matrix": [-0.818931, 0.391298, 0.419808, 0.0226812, 0.573513, 0.531397, 0.623459, -0.321542, 0.0208736, 0.751335, -0.659591, 1.13945, 0.0, 0.0, 0.0, 1.0]}, "15a0a48359ad4a67bf9d3097de41828c_d0_5.png": {"intrinsics": {"fx": 1075.72, "fy": 1075.66, "cx": 636.877, "cy": 515.013}, "camera_to_world_matrix": [0.0873904, 0.663363, 0.743178, 0.0164019, 0.995953, -0.0739168, -0.0511359, -0.308417, 0.0210116, 0.744639, -0.667137, 1.1396, 0.0, 0.0, 0.0, 1.0]}, "15a0a48359ad4a67bf9d3097de41828c_d1_0.png": {"intrinsics": {"fx": 1075.94, "fy": 1076.09, "cx": 629.693, "cy": 501.638}, "camera_to_world_matrix": [0.902067, -0.00122606, 0.431595, 0.0295352, 0.431531, -0.0148774, -0.901976, -0.30669, 0.00752673, 0.999889, -0.0128909, 1.17281, 0.0, 0.0, 0.0, 1.0]}, "15a0a48359ad4a67bf9d3097de41828c_d1_1.png": {"intrinsics": {"fx": 1075.94, "fy": 1076.09, "cx": 629.693, "cy": 501.638}, "camera_to_world_matrix": [0.824799, -0.00345975, -0.565416, 0.0330247, -0.565425, -0.00739549, -0.824767, -0.306961, -0.00132818, 0.999967, -0.00805565, 1.17279, 0.0, 0.0, 0.0, 1.0]}, "15a0a48359ad4a67bf9d3097de41828c_d1_2.png": {"intrinsics": {"fx": 1075.94, "fy": 1076.09, "cx": 629.693, "cy": 501.638}, "camera_to_world_matrix": [-0.0772563, 0.00190326, -0.99701, 0.0345353, -0.997011, -0.00172003, 0.077253, -0.310118, -0.00156799, 0.999997, 0.00203082, 1.17276, 0.0, 0.0, 0.0, 1.0]}, "15a0a48359ad4a67bf9d3097de41828c_d1_3.png": {"intrinsics":