{"04cdd02138664b138f281bb5ad8b957f_d0_0.png": {"intrinsics": {"fx": 1073.15, "fy": 1074.62, "cx": 623.605, "cy": 516.849}, "camera_to_world_matrix": [0.647729, -0.521228, -0.555669, -0.205479, -0.761858, -0.439077, -0.476217, -1.8035, 0.00423657, 0.731801, -0.681505, -1.89769, 0.0, 0.0, 0.0, 1.0]}, "04cdd02138664b138f281bb5ad8b957f_d0_1.png": {"intrinsics": {"fx": 1073.15, "fy": 1074.62, "cx": 623.605, "cy": 516.849}, "camera_to_world_matrix": [-0.335847, -0.639287, -0.69175, -0.202883, -0.941871, 0.220722, 0.253299, -1.81781, -0.00924594, 0.736609, -0.676255, -1.89779, 0.0, 0.0, 0.0, 1.0]}, "04cdd02138664b138f281bb5ad8b957f_d0_2.png": {"intrinsics": {"fx": 1073.15, "fy": 1074.62, "cx": 623.605, "cy": 516.849}, "camera_to_world_matrix": [-0.983612, -0.126935, -0.128035, -0.213983, -0.180026, 0.652795, 0.735831, -1.82722, -0.00982175, 0.746823, -0.66495, -1.89801, 0.0, 0.0, 0.0, 1.0]}, "04cdd02138664b138f281bb5ad8b957f_d0_3.png": {"intrinsics": {"fx": 1073.15, "fy": 1074.62, "cx": 623.605, "cy": 516.849}, "camera_to_world_matrix": [-0.647787, 0.503464, 0.571748, -0.227679, 0.761815, 0.42506, 0.488837, -1.82231, 0.00308497, 0.752228, -0.658895, -1.89813, 0.0, 0.0, 0.0, 1.0]}, "04cdd02138664b138f281bb5ad8b957f_d0_4.png": {"intrinsics": {"fx": 1073.15, "fy": 1074.62, "cx": 623.605, "cy": 516.849}, "camera_to_world_matrix": [0.335796, 0.621497, 0.7078, -0.230274, 0.941789, -0.234744, -0.240684, -1.80799, 0.0165672, 0.74742, -0.664146, -1.89803, 0.0, 0.0, 0.0, 1.0]}, "04cdd02138664b138f281bb5ad8b957f_d0_5.png": {"intrinsics": {"fx": 1073.15, "fy": 1074.62, "cx": 623.605, "cy": 516.849}, "camera_to_world_matrix": [0.983532, 0.109128, 0.144067, -0.219173, 0.179918, -0.666797, -0.723195, -1.79858, 0.0171424, 0.737206, -0.675451, -1.89781, 0.0, 0.0, 0.0, 1.0]}, "04cdd02138664b138f281bb5ad8b957f_d1_0.png": {"intrinsics": {"fx": 1071.1, "fy": 1072.07, "cx": 621.377, "cy": 516.408}, "camera_to_world_matrix": [0.646204, -0.023101, -0.762816, -0.214307, -0.76306, -0.00293965, -0.646321, -1.81095, 0.0126881, 0.999729, -0.0195265, -1.86461, 0.0, 0.0, 0.0, 1.0]}, "04cdd02138664b138f281bb5ad8b957f_d1_1.png": {"intrinsics": {"fx": 1071.1, "fy": 1072.07, "cx": 621.377, "cy": 516.408}, "camera_to_world_matrix": [-0.337633, -0.0119206, -0.941203, -0.213683, -0.941278, 0.00344682, 0.337615, -1.8144, -0.000780609, 0.999923, -0.0123837, -1.86464, 0.0, 0.0, 0.0, 1.0]}, "04cdd02138664b138f281bb5ad8b957f_d1_2.png": {"intrinsics": {"fx": 1071.1, "fy": 1072.07, "cx": 621.377, "cy": 516.408}, "camera_to_world_matrix": [-0.983974, -0.000798694, -0.178314, -0.216353, -0.178311, -0.0030435, 0.98397, -1.81666, -0.00132878, 0.999995, 0.00285294, -1.86469, 0.0, 0.0, 0.0, 1.0]}, "04cdd02138664b138f281bb5ad8b957f_d1_3.png": {"intrinsics": {"fx": 1071.1, "fy": 1072.07, "cx": 621.377, "cy": 516.408}, "camera_to_world_matrix": [-0.646465, -0.000857451, 0.762944, -0.219647, 0.762857, -0.0159202, 0.646373, -1.81548, 0.0115918, 0.999873, 0.0109466, -1.86472, 0.0, 0.0, 0.0, 1.0]}, "04cdd02138664b138f281bb5ad8b957f_d1_4.png": {"intrinsics": {"fx": 1071.1, "fy": 1072.07, "cx": 621.377, "cy": 516.408}, "camera_to_world_matrix": [0.337378, -0.0120381, 0.941293, -0.220271, 0.941036, -0.0223062, -0.337571, -1.81203, 0.0250602, 0.999679, 0.00380331, -1.86469, 0.0, 0.0, 0.0, 1.0]}, "04cdd02138664b138f281bb5ad8b957f_d1_5.png": {"intrinsics": {"fx": 1071.1, "fy": 1072.07, "cx": 621.377, "cy": 516.408}, "camera_to_world_matrix": [0.98369, -0.0231598, 0.178379, -0.217601, 0.178044, -0.0158154, -0.983896, -1.80977, 0.0256078, 0.999607, -0.0114334, -1.86464, 0.0, 0.0, 0.0, 1.0]}, "04cdd02138664b138f281bb5ad8b957f_d2_0.png": {"intrinsics": {"fx": 1071.71, "fy": 1072.05, "cx": 626.653, "cy": 526.271}, "camera_to_world_matrix": [0.647158, 0.494485, -0.580232, -0.206276, -0.762345, 0.423502, -0.489361, -1.80412, 0.00374743, 0.759032, 0.651041, -1.8312, 0.0, 0.0, 0.0, 1.0]}, "04cdd02138664b138f281bb5ad8b957f_d2_1.png": {"intrinsics": {"fx": 1071.71, "fy": 1072.05, "cx": 626.653, "cy": 526.271}, "camera_to_world_matrix": [-0.336555, 0.615673, -0.712514, -0.20368, -0.941613, -0.227851, 0.247887, -1.81844, -0.00972972, 0.754341, 0.656409, -1.8313, 0.0, 0.0, 0.0, 1.0]}, "04cdd02138664b138f281bb5ad8b957f_d2_2.png": {"intrinsics": {"fx": 1071.71, "fy": 1072.05, "cx": 626.653, "cy": 526.271}, "camera_to_world_matrix": [-0.983744, 0.1122, -0.140203, -0.21478, -0.179276, -0.658412, 0.730995, -1.82784, -0.010294, 0.744248, 0.667823, -1.83152, 0.0, 0.0, 0.0, 1.0]}, "04cdd02138664b138f281bb5ad8b957f_d2_3.png": {"intrinsics": {"fx": 1071.71, "fy": 1072.05, "cx": 626.653, "cy": 526.271}, "camera_to_world_matrix": [-0.647205, -0.512449, 0.564377, -0.228476, 0.76231, -0.437609, 0.476843, -1.82293, 0.0026189, 0.738846, 0.673868, -1.83164, 0.0, 0.0, 0.0, 1.0]}, "04cdd02138664b138f281bb5ad8b957f_d2_4.png": {"intrinsics": {"fx": 1071.71, "fy": 1072.05, "cx": 626.653, "cy": 526.271}, "camera_to_world_matrix": [0.336516, -0.633611, 0.69663, -0.231071, 0.941539, 0.213748, -0.260411, -1.80862, 0.0160957, 0.743538, 0.668499, -1.83154, 0.0, 0.0, 0.0, 1.0]}, "04cdd02138664b138f281bb5ad8b957f_d2_5.png": {"intrinsics": {"fx": 1071.71, "fy": 1072.05, "cx": 626.653, "cy": 526.271}, "camera_to_world_matrix": [0.983675, -0.130121, 0.1243, -0.21997, 0.179178, 0.644289, -0.743496, -1.79921, 0.0166594, 0.753631, 0.657085, -1.83131, 0.0, 0.0, 0.0, 1.0]}, "075307518bc2495498609ee2ff6dd003_d0_0.png": {"intrinsics": {"fx": 1073.15, "fy": 1074.62, "cx": 623.605, "cy": 516.849}, "camera_to_world_matrix": [-0.938864, -0.226304, -0.25946, -0.288095, -0.344264, 0.625675, 0.700009, -5.10503, 0.00392297, 0.746537, -0.665332, -1.93423, 0.0, 0.0, 0.0, 1.0]}, "075307518bc2495498609ee2ff6dd003_d0_1.png": {"intrinsics": {"fx": 1073.15, "fy": 1074.62, "cx": 623.605, "cy": 516.849}, "camera_to_world_matrix": [-0.767533, 0.433607, 0.472099, -0.302425, 0.640938, 0.508169, 0.575293, -5.10252, 0.0095455, 0.744143, -0.667952, -1.93417, 0.0, 0.0, 0.0, 1.0]}, "075307518bc2495498609ee2ff6dd003_d0_2.png": {"intrinsics": {"fx": 1073.15, "fy": 1074.62, "cx": 623.605, "cy": 516.849}, "camera_to_world_matrix": [0.171358, 0.661781, 0.72985, -0.30741, 0.985165, -0.122079, -0.120609, -5.08885, 0.00928321, 0.73969, -0.672883, -1.93408, 0.0, 0.0, 0.0, 1.0]}, "075307518bc2495498609ee2ff6dd003_d0_3.png": {"intrinsics": {"fx": 1073.15, "fy": 1074.62, "cx": 623.605, "cy": 516.849}, "camera_to_world_matrix": [0.938896, 0.230039, 0.256037, -0.298063, 0.344182, -0.634807, -0.691779, -5.07769, 0.0033984, 0.737632, -0.675194, -1.93403, 0.0, 0.0, 0.0, 1.0]}, "075307518bc2495498609ee2ff6dd003_d0_4.png": {"intrinsics": {"fx": 1073.15, "fy": 1074.62, "cx": 623.605, "cy": 516.849}, "camera_to_world_matrix": [0.767527, -0.429868, -0.475517, -0.283733, -0.641013, -0.517276, -0.567034, -5.08021, -0.00222399, 0.740026, -0.672574, -1.93408, 0.0, 0.0, 0.0, 1.0]}, "075307518bc2495498609ee2ff6dd003_d0_5.png": {"intrinsics": {"fx": 1073.15, "fy": 1074.62, "cx": 623.605, "cy": 516.849}, "camera_to_world_matrix": [-0.171378, -0.658017, -0.733241, -0.278749, -0.985203, 0.112981, 0.128878, -5.09388, -0.00196145, 0.744479, -0.667643, -1.93418, 0.0, 0.0, 0.0, 1.0]}, "075307518bc2495498609ee2ff6dd003_d1_0.png": {"intrinsics": {"fx": 1071.1, "fy": 1072.07, "cx": 621.377, "cy": 516.408}, "camera_to_world_matrix": [-0.939403, 0.0124696, -0.34259, -0.291796, -0.342592, 0.00204366, 0.939482, -5.09486, 0.012415, 0.99992, 0.0023528, -1.9009, 0.0, 0.0, 0.0, 1.0]}, "075307518bc2495498609ee2ff6dd003_d1_1.png": {"intrinsics": {"fx": 1071.1, "fy": 1072.07, "cx": 621.377, "cy": 516.408}, "camera_to_world_matrix": [-0.766298, 0.0145944, 0.64232, -0.295243, 0.642233, -0.0106569, 0.766436, -5.09425, 0.0180307, 0.999837, -0.00120602, -1.90089, 0.0, 0.0, 0.0, 1.0]}, "075307518bc2495498609ee2ff6dd003_d1_2.png": {"intrinsics": {"fx": 1071.1, "fy": 1072.07, "cx": 621.377, "cy": 516.408}, "camera_to_world_matrix": [0.173153, 0.00465751, 0.984884, -0.296442, 0.984736, -0.0188474, -0.173037, -5.09096, 0.0177564, 0.999812, -0.00784925, -1.90087, 0.0, 0.0, 0.0, 1.0]}, "075307518bc2495498609ee2ff6dd003_d1_3.png": {"intrinsics": {"fx": 1071.1, "fy": 1072.07, "cx": 621.377, "cy": 516.408}, "camera_to_world_matrix": [0.939478, -0.00740401, 0.342531, -0.294194, 0.342406, -0.014337, -0.939443, -5.08828, 0.0118663, 0.99987, -0.0109335, -1.90086, 0.0, 0.0, 0.0, 1.0]}, "075307518bc2495498609ee2ff6dd003_d1_4.png": {"intrinsics": {"fx": 1071.1, "fy": 1072.07, "cx": 621.377, "cy": 516.408}, "camera_to_world_matrix": [0.766335, -0.00952832, -0.642372, -0.290747, -0.642412, -0.00163637, -0.766358, -5.08889, 0.00625076, 0.999954, -0.00737448, -1.90087, 0.0, 0.0, 0.0, 1.0]}, "075307518bc2495498609ee2ff6dd003_d1_5.png": {"intrinsics": {"fx": 1071.1, "fy": 1072.07, "cx": 621.377, "cy": 516.408}, "camera_to_world_matrix": [-0.17313, 0.000408933, -0.984899, -0.289548, -0.984878, 0.00655369, 0.173129, -5.09217, 0.00652533, 0.999979, -0.000731261, -1.90089, 0.0, 0.0, 0.0, 1.0]}, "075307518bc2495498609ee2ff6dd003_d2_0.png": {"intrinsics": {"fx": 1071.71, "fy": 1072.05, "cx": 626.653, "cy": 526.271}, "camera_to_world_matrix": [-0.939127, 0.231733, -0.25365, -0.287926, -0.34355, -0.625987, 0.700081, -5.10544, 0.00345036, 0.744608, 0.667492, -1.86773, 0.0, 0.0, 0.0, 1.0]}, "075307518bc2495498609ee2ff6dd003_d2_1.png": {"intrinsics": {"fx": 1071.71, "fy": 1072.05, "cx": 626.653, "cy": 526.271}, "camera_to_world_matrix": [-0.767049, -0.421336, 0.48385, -0.302257, 0.641523, -0.514339, 0.569125, -5.10292, 0.00907019, 0.746948, 0.664819, -1.86767, 0.0, 0.0, 0.0, 1.0]}, "075307518bc2495498609ee2ff6dd003_d2_2.png": {"intrinsics": {"fx": 1071.71, "fy": 1072.05, "cx": 626.653, "cy": 526.271}, "camera_to_world_matrix": [0.172103, -0.651161, 0.739168, -0.307241, 0.985039, 0.107055, -0.135042, -5.08925, 0.00880289, 0.751351, 0.659843, -1.86758, 0.0, 0.0, 0.0, 1.0]}, "075307518bc2495498609ee2ff6dd003_d2_3.png": {"intrinsics": {"fx": 1071.71, "fy": 1072.05, "cx": 626.653, "cy": 526.271}, "camera_to_world_matrix": [0.939157, -0.227914, 0.256979, -0.297895, 0.343474, 0.616786, -0.708237, -5.0781, 0.00291572, 0.753412, 0.657541, -1.86753, 0.0, 0.0, 0.0, 1.0]}, "075307518bc2495498609ee2ff6dd003_d2_4.png": {"intrinsics": {"fx": 1071.71, "fy": 1072.05, "cx": 626.653, "cy": 526.271}, "camera_to_world_matrix": [0.76704, 0.42515, -0.480516, -0.283564, -0.641592, 0.505113, -0.577252, -5.08062, -0.002704, 0.751071, 0.660215, -1.86759, 0.0, 0.0, 0.0, 1.0]}, "075307518bc2495498609ee2ff6dd003_d2_5.png": {"intrinsics": {"fx": 1071.71, "fy": 1072.05, "cx": 626.653, "cy": 526.271}, "camera_to_world_matrix": [-0.172126, 0.654952, -0.735806, -0.278581, -0.985071, -0.11629, 0.126925, -5.09429, -0.00243642, 0.746669, 0.66519, -1.86768, 0.0, 0.0, 0.0, 1.0]}, "09032e947ac442f3bd01ad3b4f4e1b13_d0_0.png": {"intrinsics": {"fx": 1073.15, "fy": 1074.62, "cx": 623.605, "cy": 516.849}, "camera_to_world_matrix": [0.674859, 0.485296, 0.555924, -3.14462, 0.737767, -0.460285, -0.493799, -7.11517, 0.0162449, 0.743387, -0.668664, -1.97479, 0.0, 0.0, 0.0, 1.0]}, "09032e947ac442f3bd01ad3b4f4e1b13_d0_1.png": {"intrinsics": {"fx": 1073.15, "fy": 1074.62, "cx": 623.605, "cy": 516.849}, "camera_to_world_matrix": [0.976393, -0.154579, -0.15087, -3.13074, -0.215682, -0.659762, -0.719858, -7.11081, 0.0117371, 0.735404, -0.677527, -1.97461, 0.0, 0.0, 0.0, 1.0]}, "09032e947ac442f3bd01ad3b4f4e1b13_d0_2.png": {"intrinsics": {"fx": 1073.15, "fy": 1074.62, "cx": 623.605, "cy": 516.849}, "camera_to_world_matrix": [0.301475, -0.647304, -0.700078, -3.12002, -0.953473, -0.205321, -0.220751, -7.12065, -0.000847384, 0.734057, -0.679087, -1.97458, 0.0, 0.0, 0.0, 1.0]}, "09032e947ac442f3bd01ad3b4f4e1b13_d0_3.png": {"intrinsics": {"fx": 1073.15, "fy": 1074.62, "cx": 623.605, "cy": 516.849}, "camera_to_world_matrix": [-0.674961, -0.500142, -0.54248, -3.12318, -0.737799, 0.448587, 0.504403, -7.13485, -0.00892381, 0.740694, -0.671783, -1.97473, 0.0, 0.0, 0.0, 1.0]}, "09032e947ac442f3bd01ad3b4f4e1b13_d0_4.png": {"intrinsics": {"fx": 1073.15, "fy": 1074.62, "cx": 623.605, "cy": 516.849}, "camera_to_world_matrix": [-0.976458, 0.139742, 0.164323, -3.13706, 0.215662, 0.648039, 0.730435, -7.13921, -0.00441554, 0.748677, -0.66292, -1.9749, 0.0, 0.0, 0.0, 1.0]}, "09032e947ac442f3bd01ad3b4f4e1b13_d0_5.png": {"intrinsics": {"fx": 1073.15, "fy": 1074.62, "cx": 623.605, "cy": 516.849}, "camera_to_world_matrix": [-0.301511, 0.632449, 0.713512, -3.14778, 0.953427, 0.193579, 0.231307, -7.12937, 0.00816904, 0.750024, -0.66136, -1.97493, 0.0, 0.0, 0.0, 1.0]}, "09032e947ac442f3bd01ad3b4f4e1b13_d1_0.png": {"intrinsics": {"fx": 1071.1, "fy": 1072.07, "cx": 621.377, "cy": 516.408}, "camera_to_world_matrix": [0.676065, -0.0150627, 0.736689, -3.13681, 0.736428, -0.0197392, -0.676229, -7.1229, 0.0247273, 0.999692, -0.00225171, -1.94152, 0.0, 0.0, 0.0, 1.0]}, "09032e947ac442f3bd01ad3b4f4e1b13_d1_1.png": {"intrinsics": {"fx": 1071.1, "fy": 1072.07, "cx": 621.377, "cy": 516.408}, "camera_to_world_matrix": [0.975851, -0.0227966, -0.217246, -3.13347, -0.217503, -0.00944281, -0.976014, -7.12185, 0.0201982, 0.999696, -0.0141725, -1.94147, 0.0, 0.0, 0.0, 1.0]}, "09032e947ac442f3bd01ad3b4f4e1b13_d1_2.png": {"intrinsics": {"fx": 1071.1, "fy": 1072.07, "cx": 621.377, "cy": 516.408}, "camera_to_world_matrix": [0.299642, -0.0177471, -0.953887, -3.13089, -0.954022, 0.00240241, -0.29973, -7.12422, 0.00761077, 0.99984, -0.0162106, -1.94147, 0.0, 0.0, 0.0, 1.0]}, "09032e947ac442f3bd01ad3b4f4e1b13_d1_3.png": {"intrinsics": {"fx": 1071.1, "fy": 1072.07, "cx": 621.377, "cy": 516.408}, "camera_to_world_matrix": [-0.676337, -0.00496398, -0.736576, -3.13166, -0.736593, 0.00395102, 0.676326, -7.12764, -0.000447229, 0.99998, -0.00632802, -1.9415, 0.0, 0.0, 0.0, 1.0]}, "09032e947ac442f3bd01ad3b4f4e1b13_d1_4.png": {"intrinsics": {"fx": 1071.1, "fy": 1072.07, "cx": 621.377, "cy": 516.408}, "camera_to_world_matrix": [-0.976086, 0.00276945, 0.21737, -3.13499, 0.21735, -0.00634562, 0.976074, -7.12869, 0.00408235, 0.999976, 0.00559256, -1.94154, 0.0, 0.0, 0.0, 1.0]}, "09032e947ac442f3bd01ad3b4f4e1b13_d1_5.png": {"intrinsics": {"fx": 1071.1, "fy": 1072.07, "cx": 621.377, "cy": 516.408}, "camera_to_world_matrix": [-0.299848, -0.00228045, 0.953985, -3.13757, 0.953842, -0.0181906, 0.29976, -7.12632, 0.0166698, 0.999832, 0.00763024, -1.94155, 0.0, 0.0, 0.0, 1.0]}, "09032e947ac442f3bd01ad3b4f4e1b13_d2_0.png": {"intrinsics": {"fx": 1071.71, "fy": 1072.05, "cx": 626.653, "cy": 526.271}, "camera_to_world_matrix": [0.675423, -0.497619, 0.544222, -3.14528, 0.737261, 0.439892, -0.512778, -7.11569, 0.0157689, 0.747576, 0.663987, -1.90829, 0.0, 0.0, 0.0, 1.0]}, "09032e947ac442f3bd01ad3b4f4e1b13_d2_1.png": {"intrinsics": {"fx": 1071.71, "fy": 1072.05, "cx": 626.653, "cy": 526.271}, "camera_to_world_matrix": [0.976235, 0.133486, -0.170719, -3.13141, -0.216418, 0.641419, -0.736033, -7.11133, 0.011252, 0.755488, 0.655064, -1.90812, 0.0, 0.0, 0.0, 1.0]}, "09032e947ac442f3bd01ad3b4f4e1b13_d2_2.png": {"intrinsics": {"fx": 1071.71, "fy": 1072.05, "cx": 626.653, "cy": 526.271}, "camera_to_world_matrix": [0.300758, 0.623601, -0.721572, -3.12069, -0.953699, 0.195599, -0.228469, -7.12117, -0.00133404, 0.756877, 0.653555, -1.90809, 0.0, 0.0, 0.0, 1.0]}, "09032e947ac442f3bd01ad3b4f4e1b13_d2_3.png": {"intrinsics": {"fx": 1071.71, "fy": 1072.05, "cx": 626.653, "cy": 526.271}, "camera_to_world_matrix": [-0.675516, 0.482599, -0.557472, -3.12385, -0.737285, -0.451738, 0.502339, -7.13537, -0.009403, 0.750354, 0.660968, -1.90823, 0.0, 0.0, 0.0, 1.0]}, "09032e947ac442f3bd01ad3b4f4e1b13_d2_4.png": {"intrinsics": {"fx": 1071.71, "fy": 1072.05, "cx": 626.653, "cy": 526.271}, "camera_to_world_matrix": [-0.976291, -0.148514, 0.157478, -3.13773, 0.216406, -0.65324, 0.725566, -7.13973, -0.00488571, 0.742442, 0.669891, -1.90841, 0.0, 0.0, 0.0, 1.0]}, "09032e947ac442f3bd01ad3b4f4e1b13_d2_5.png": {"intrinsics": {"fx": 1071.71, "fy": 1072.05, "cx": 626.653, "cy": 526.271}, "camera_to_world_matrix": [-0.300784, -0.638611, 0.708311, -3.14845, 0.95366, -0.207401, 0.21798, -7.12989, 0.00770046, 0.741054, 0.6714, -1.90843, 0.0, 0.0, 0.0, 1.0]}, "0bc53661f71543df85e5499ea85f74c7_d0_0.png": {"intrinsics": {"fx": 1073.15, "fy": 1074.62, "cx": 623.605, "cy": 516.849}, "camera_to_world_matrix": [-0.078491, 0.689146, 0.720359, 6.27275, 0.996742, 0.0407954, 0.0695781, -7.80152, 0.0185622, 0.723473, -0.690103, 1.46164, 0.0, 0.0, 0.0, 1.0]}, "0bc53661f71543df85e5499ea85f74c7_d0_1.png": {"intrinsics": {"fx": 1073.15, "fy": 1074.62, "cx": 623.605, "cy": 516.849}, "camera_to_world_matrix": [0.823806, 0.39834, 0.403321, 6.27904, 0.566734, -0.563132, -0.601411, -7.78839, -0.0124434, 0.724022, -0.689665, 1.46163, 0.0, 0.0, 0.0, 1.0]}, "0bc53661f71543df85e5499ea85f74c7_d0_2.png": {"intrinsics": {"fx": 1073.15, "fy": 1074.62, "cx": 623.605, "cy": 516.849}, "camera_to_world_matrix": [0.902382, -0.269822, -0.336008, 6.29354, -0.430067, -0.613349, -0.662454, -7.78727, -0.0273461, 0.742293, -0.669517, 1.46123, 0.0, 0.0, 0.0, 1.0]}, "0bc53661f71543df85e5499ea85f74c7_d0_3.png": {"intrinsics": {"fx": 1073.15, "fy": 1074.62, "cx": 623.605, "cy": 516.849}, "camera_to_world_matrix": [0.0786594, -0.647163, -0.758282, 6.30176, -0.996838, -0.0596387, -0.0525061, -7.79927, -0.0112429, 0.760015, -0.649808, 1.46085, 0.0, 0.0, 0.0, 1.0]}, "0bc53661f71543df85e5499ea85f74c7_d0_4.png": {"intrinsics": {"fx": 1073.15, "fy": 1074.62, "cx": 623.605, "cy": 516.849}, "camera_to_world_matrix": [-0.823622, -0.356334, -0.441218, 6.29547, -0.566795, 0.544277, 0.61847, -7.81239, 0.0197627, 0.759466, -0.650247, 1.46086, 0.0, 0.0, 0.0, 1.0]}, "0bc53661f71543df85e5499ea85f74c7_d0_5.png": {"intrinsics": {"fx": 1073.15, "fy": 1074.62, "cx": 623.605, "cy": 516.849}, "camera_to_world_matrix": [-0.902158, 0.31183, 0.298114, 6.28097, 0.430009, 0.594468, 0.679484, -7.81352, 0.0346644, 0.741194, -0.670395, 1.46125, 0.0, 0.0, 0.0, 1.0]}, "0bc53661f71543df85e5499ea85f74c7_d1_0.png": {"intrinsics": {"fx": 1071.1, "fy": 1072.07, "cx": 621.377, "cy": 516.408}, "camera_to_world_matrix": [-0.0764404, 0.0334946, 0.996512, 6.28471, 0.99671, -0.0244852, 0.0772787, -7.80108, 0.026988, 0.999139, -0.0315121, 1.49457, 0.0, 0.0, 0.0, 1.0]}, "0bc53661f71543df85e5499ea85f74c7_d1_1.png": {"intrinsics": {"fx": 1071.1, "fy": 1072.07, "cx": 621.377, "cy": 516.408}, "camera_to_world_matrix": [0.825017, 0.0206959, 0.564731, 6.28622, 0.565095, -0.0231152, -0.824702, -7.79793, -0.00401428, 0.999519, -0.030765, 1.49457, 0.0, 0.0, 0.0, 1.0]}, "0bc53661f71543df85e5499ea85f74c7_d1_2.png": {"intrinsics": {"fx": 1071.1, "fy": 1072.07, "cx": 621.377, "cy": 516.408}, "camera_to_world_matrix": [0.901782, 0.0154868, -0.431915, 6.28971, -0.431781, -0.0113422, -0.901908, -7.79766, -0.0188667, 0.999816, -0.00354071, 1.49447, 0.0, 0.0, 0.0, 1.0]}, "0bc53661f71543df85e5499ea85f74c7_d1_3.png": {"intrinsics": {"fx": 1071.1, "fy": 1072.07, "cx": 621.377, "cy": 516.408}, "camera_to_world_matrix": [0.0770885, 0.0230764, -0.996758, 6.29168, -0.997021, -0.000939477, -0.0771308, -7.80054, -0.00271652, 0.999734, 0.0229358, 1.49438, 0.0, 0.0, 0.0, 1.0]}, "0bc53661f71543df85e5499ea85f74c7_d1_4.png": {"intrinsics": {"fx": 1071.1, "fy": 1072.07, "cx": 621.377, "cy": 516.408}, "camera_to_world_matrix": [-0.824352, 0.035875, -0.564941, 6.29017, -0.565372, -0.00230993, 0.824833, -7.8037, 0.0282857, 0.999354, 0.0221875, 1.49438, 0.0, 0.0, 0.0, 1.0]}, "0bc53661f71543df85e5499ea85f74c7_d1_5.png": {"intrinsics": {"fx": 1071.1, "fy": 1072.07, "cx": 621.377, "cy": 516.408}, "camera_to_world_matrix": [-0.901078, 0.0410837, 0.431708, 6.28668, 0.431508, -0.0140831, 0.902, -7.80397, 0.0431371, 0.999057, -0.0050373, 1.49448, 0.0, 0.0, 0.0, 1.0]}, "0bc53661f71543df85e5499ea85f74c7_d2_0.png": {"intrinsics": {"fx": 1071.71, "fy": 1072.05, "cx": 626.653, "cy": 526.271}, "camera_to_world_matrix": [-0.0777499, -0.638886, 0.765362, 6.27463, 0.996808, -0.0637254, 0.0480664, -7.80236, 0.0180642, 0.766657, 0.641801, 1.52811, 0.0, 0.0, 0.0, 1.0]}, "0bc53661f71543df85e5499ea85f74c7_d2_1.png": {"intrinsics": {"fx": 1071.71, "fy": 1072.05, "cx": 626.653, "cy": 526.271}, "camera_to_world_matrix": [0.824223, -0.355562, 0.440717, 6.28092, 0.566117, 0.535187, -0.626965, -7.78924, -0.012941, 0.766257, 0.642403, 1.52809, 0.0, 0.0, 0.0, 1.0]}, "0bc53661f71543df85e5499ea85f74c7_d2_2.png": {"intrinsics": {"fx": 1071.71, "fy": 1072.05, "cx": 626.653, "cy": 526.271}, "camera_to_world_matrix": [0.902044, 0.30452, -0.305914, 6.29542, -0.430745, 0.589378, -0.683441, -7.78811, -0.0278231, 0.748265, 0.662815, 1.5277, 0.0, 0.0, 0.0, 1.0]}, "0bc53661f71543df85e5499ea85f74c7_d2_3.png": {"intrinsics": {"fx": 1071.71, "fy": 1072.05, "cx": 626.653, "cy": 526.271}, "camera_to_world_matrix": [0.0778912, 0.681264, -0.727882, 6.30364, -0.996893, 0.0446542, -0.0648835, -7.80011, -0.0116997, 0.730674, 0.682625, 1.52731, 0.0, 0.0, 0.0, 1.0]}, "0bc53661f71543df85e5499ea85f74c7_d2_4.png": {"intrinsics": {"fx": 1071.71, "fy": 1072.05, "cx": 626.653, "cy": 526.271}, "camera_to_world_matrix": [-0.824065, 0.397917, -0.40321, 6.29735, -0.566166, -0.554248, 0.610136, -7.81324, 0.0193054, 0.731075, 0.682022, 1.52732, 0.0, 0.0, 0.0, 1.0]}, "0bc53661f71543df85e5499ea85f74c7_d2_5.png": {"intrinsics": {"fx": 1071.71, "fy": 1072.05, "cx": 626.653, "cy": 526.271}, "camera_to_world_matrix": [-0.901847, -0.262168, 0.343423, 6.28285, 0.430699, -0.608412, 0.666582, -7.81436, 0.0341864, 0.749068, 0.66161, 1.52772, 0.0, 0.0, 0.0, 1.0]}, "0d22d1de9f4d4668b333ac24923d8940_d0_0.png": {"intrinsics": {"fx": 1073.15, "fy": 1074.62, "cx": 623.605, "cy": 516.849}, "camera_to_world_matrix": [-0.984537, -0.12104, -0.126632, 0.00560172, -0.175085, 0.656711, 0.733536, -0.0176271, -0.0056266, 0.744365, -0.667749, -1.87339, 0.0, 0.0, 0.0, 1.0]}, "0d22d1de9f4d4668b333ac24923d8940_d0_1.png": {"intrinsics": {"fx": 1073.15, "fy": 1074.62, "cx": 623.605, "cy": 516.849}, "camera_to_world_matrix": [-0.643919, 0.508216, 0.571912, -0.00806906, 0.76509, 0.425812, 0.483031, -0.0126463, 0.00195723, 0.748598, -0.663021, -1.87348, 0.0, 0.0, 0.0, 1.0]}, "0d22d1de9f4d4668b333ac24923d8940_d0_2.png": {"intrinsics": {"fx": 1073.15, "fy": 1074.62, "cx": 623.605, "cy": 516.849}, "camera_to_world_matrix": [0.340601, 0.6229, 0.704262, -0.0105914, 0.94014, -0.234595, -0.247185, 0.00168345, 0.0112446, 0.746297, -0.665518, -1.87343, 0.0, 0.0, 0.0, 1.0]}, "0d22d1de9f4d4668b333ac24923d8940_d0_3.png": {"intrinsics": {"fx": 1073.15, "fy": 1074.62, "cx": 623.605, "cy": 516.849}, "camera_to_world_matrix": [0.984481, 0.108325, 0.138065, 0.000557139, 0.17501, -0.66409, -0.726881, 0.0110321, 0.0129479, 0.739763, -0.672742, -1.87329, 0.0, 0.0, 0.0, 1.0]}, "0d22d1de9f4d4668b333ac24923d8940_d0_4.png": {"intrinsics": {"fx": 1073.15, "fy": 1074.62, "cx": 623.605, "cy": 516.849}, "camera_to_world_matrix": [0.643827, -0.520922, -0.56047, 0.0142277, -0.765152, -0.433167, -0.476349, 0.00605079, 0.00536383, 0.735531, -0.67747, -1.8732, 0.0, 0.0, 0.0, 1.0]}, "0d22d1de9f4d4668b333ac24923d8940_d0_5.png": {"intrinsics": {"fx": 1073.15, "fy": 1074.62, "cx": 623.605, "cy": 516.849}, "camera_to_world_matrix": [-0.3407, -0.63558, -0.692791, 0.0167495, -0.940163, 0.227245, 0.253873, -0.0082791, -0.00392341, 0.737832, -0.674973, -1.87325, 0.0, 0.0, 0.0, 1.0]}, "0d22d1de9f4d4668b333ac24923d8940_d1_0.png": {"intrinsics": {"fx": 1071.1, "fy": 1072.07, "cx": 621.377, "cy": 516.408}, "camera_to_world_matrix": [-0.98486, 0.00266433, -0.173335, 0.00340168, -0.173332, 0.00136211, 0.984863, -0.00690974, 0.00285991, 0.999996, -0.000879046, -1.8401, 0.0, 0.0, 0.0, 1.0]}, "0d22d1de9f4d4668b333ac24923d8940_d1_1.png": {"intrinsics": {"fx": 1071.1, "fy": 1072.07, "cx": 621.377, "cy": 516.408}, "camera_to_world_matrix": [-0.642562, 0.00254016, 0.76623, 0.000113179, 0.766163, -0.0115145, 0.642544, -0.00571161, 0.0104547, 0.999931, 0.00545323, -1.84013, 0.0, 0.0, 0.0, 1.0]}, "0d22d1de9f4d4668b333ac24923d8940_d1_2.png": {"intrinsics": {"fx": 1071.1, "fy": 1072.07, "cx": 621.377, "cy": 516.408}, "camera_to_world_matrix": [0.342209, -0.00867322, 0.939584, -0.000493565, 0.939417, -0.0178447, -0.342312, -0.00226458, 0.0197353, 0.999803, 0.00204181, -1.84011, 0.0, 0.0, 0.0, 1.0]}, "0d22d1de9f4d4668b333ac24923d8940_d1_3.png": {"intrinsics": {"fx": 1071.1, "fy": 1072.07, "cx": 621.377, "cy": 516.408}, "camera_to_world_matrix": [0.984659, -0.0197622, 0.17337, 0.00218821, 0.173173, -0.011298, -0.984827, -1.57645e-05, 0.0214209, 0.999741, -0.00770182, -1.84008, 0.0, 0.0, 0.0, 1.0]}, "0d22d1de9f4d4668b333ac24923d8940_d1_4.png": {"intrinsics": {"fx": 1071.1, "fy": 1072.07, "cx": 621.377, "cy": 516.408}, "camera_to_world_matrix": [0.642325, -0.0196375, -0.766182, 0.00547667, -0.766309, 0.00157856, -0.642471, -0.00121402, 0.0138258, 0.999806, -0.0140338, -1.84006, 0.0, 0.0, 0.0, 1.0]}, "0d22d1de9f4d4668b333ac24923d8940_d1_5.png": {"intrinsics": {"fx": 1071.1, "fy": 1072.07, "cx": 621.377, "cy": 516.408}, "camera_to_world_matrix": [-0.342453, -0.00842387, -0.939498, 0.00608328, -0.939525, 0.00790827, 0.342392, -0.00466107, 0.00454535, 0.999934, -0.010622, -1.84007, 0.0, 0.0, 0.0, 1.0]}, "0d22d1de9f4d4668b333ac24923d8940_d2_0.png": {"intrinsics": {"fx": 1071.71, "fy": 1072.05, "cx": 626.653, "cy": 526.271}, "camera_to_world_matrix": [-0.984666, 0.111463, -0.134189, 0.00503318, -0.174337, -0.655689, 0.734628, -0.0179575, -0.00610168, 0.746758, 0.665067, -1.80689, 0.0, 0.0, 0.0, 1.0]}, "0d22d1de9f4d4668b333ac24923d8940_d2_1.png": {"intrinsics": {"fx": 1071.71, "fy": 1072.05, "cx": 626.653, "cy": 526.271}, "camera_to_world_matrix": [-0.643336, -0.512078, 0.569117, -0.00863761, 0.765581, -0.431753, 0.476941, -0.0129767, 0.00148696, 0.742539, 0.6698, -1.80699, 0.0, 0.0, 0.0, 1.0]}, "0d22d1de9f4d4668b333ac24923d8940_d2_2.png": {"intrinsics": {"fx": 1071.71, "fy": 1072.05, "cx": 626.653, "cy": 526.271}, "camera_to_world_matrix": [0.341317, -0.629934, 0.697628, -0.0111599, 0.939885, 0.220224, -0.260989, 0.00135304, 0.0107718, 0.744771, 0.667232, -1.80694, 0.0, 0.0, 0.0, 1.0]}, "0d22d1de9f4d4668b333ac24923d8940_d2_3.png": {"intrinsics": {"fx": 1071.71, "fy": 1072.05, "cx": 626.653, "cy": 526.271}, "camera_to_world_matrix": [0.984619, -0.124246, 0.122831, -1.14038e-05, 0.174267, 0.64825, -0.741216, 0.0107017, 0.0124677, 0.751222, 0.659931, -1.80679, 0.0, 0.0, 0.0, 1.0]}, "0d22d1de9f4d4668b333ac24923d8940_d2_4.png": {"intrinsics": {"fx": 1071.71, "fy": 1072.05, "cx": 626.653, "cy": 526.271}, "camera_to_world_matrix": [0.643252, 0.499287, -0.580464, 0.0136592, -0.765638, 0.42429, -0.483502, 0.00572037, 0.0048788, 0.75544, 0.655199, -1.8067, 0.0, 0.0, 0.0, 1.0]}, "0d22d1de9f4d4668b333ac24923d8940_d2_5.png": {"intrinsics": {"fx": 1071.71, "fy": 1072.05, "cx": 626.653, "cy": 526.271}, "camera_to_world_matrix": [-0.341409, 0.617118, -0.708947, 0.016181, -0.939904, -0.227692, 0.254433, -0.00860951, -0.00440586, 0.753208, 0.657767, -1.80675, 0.0, 0.0, 0.0, 1.0]}, "0e45c1af5098415c9bbd3a6ce537c7cb_d0_0.png": {"intrinsics": {"fx": 1073.15, "fy": 1074.62, "cx": 623.605, "cy": 516.849}, "camera_to_world_matrix": [-0.0762748, -0.680511, -0.728756, 3.53105, -0.996843, 0.0682049, 0.0406445, -5.2789, 0.0220458, 0.729556, -0.683566, 1.4636, 0.0, 0.0, 0.0, 1.0]}, "0e45c1af5098415c9bbd3a6ce537c7cb_d0_1.png": {"intrinsics": {"fx": 1073.15, "fy": 1074.62, "cx": 623.605, "cy": 516.849}, "camera_to_world_matrix": [-0.901551, -0.299902, -0.31187, 3.52281, -0.432661, 0.61994, 0.654582, -5.2909, -0.00296913, 0.725074, -0.688664, 1.46369, 0.0, 0.0, 0.0, 1.0]}, "0e45c1af5098415c9bbd3a6ce537c7cb_d0_2.png": {"intrinsics": {"fx": 1073.15, "fy": 1074.62, "cx": 623.605, "cy": 516.849}, "camera_to_world_matrix": [-0.825318, 0.368135, 0.428166, 3.50831, 0.564264, 0.566358, 0.600703, -5.28977, -0.0213551, 0.73737, -0.675152, 1.46343, 0.0, 0.0, 0.0, 1.0]}, "0e45c1af5098415c9bbd3a6ce537c7cb_d0_3.png": {"intrinsics": {"fx": 1073.15, "fy": 1074.62, "cx": 623.605, "cy": 516.849}, "camera_to_world_matrix": [0.0761905, 0.655548, 0.7513, 3.50204, 0.996984, -0.0389587, -0.0671125, -5.27664, -0.0147257, 0.754147, -0.65654, 1.46306, 0.0, 0.0, 0.0, 1.0]}, "0e45c1af5098415c9bbd3a6ce537c7cb_d0_4.png": {"intrinsics": {"fx": 1073.15, "fy": 1074.62, "cx": 623.605, "cy": 516.849}, "camera_to_world_matrix": [0.901445, 0.274917, 0.33439, 3.51027, 0.43277, -0.59068, -0.681034, -5.26465, 0.0102895, 0.758629, -0.651442, 1.46297, 0.0, 0.0, 0.0, 1.0]}, "0e45c1af5098415c9bbd3a6ce537c7cb_d0_5.png": {"intrinsics": {"fx": 1073.15, "fy": 1074.62, "cx": 623.605, "cy": 516.849}, "camera_to_world_matrix": [0.825172, -0.393118, -0.405645, 3.52478, -0.564152, -0.537071, -0.627126, -5.26578, 0.0286747, 0.746332, -0.664955, 1.46323, 0.0, 0.0, 0.0, 1.0]}, "0e45c1af5098415c9bbd3a6ce537c7cb_d1_0.png": {"intrinsics": {"fx": 1071.1, "fy": 1072.07, "cx": 621.377, "cy": 516.408}, "camera_to_world_matrix": [-0.0782185, -0.020147, -0.996733, 3.51947, -0.996471, 0.0321563, 0.0775478, -5.27739, 0.0304887, 0.99928, -0.0225904, 1.49663, 0.0, 0.0, 0.0, 1.0]}, "0e45c1af5098415c9bbd3a6ce537c7cb_d1_1.png": {"intrinsics": {"fx": 1071.1, "fy": 1072.07, "cx": 621.377, "cy": 516.408}, "camera_to_world_matrix": [-0.902417, -0.00771069, -0.430797, 3.51749, -0.430831, 0.0288262, 0.901972, -5.28028, 0.00546322, 0.999555, -0.0293346, 1.49666, 0.0, 0.0, 0.0, 1.0]}, "0e45c1af5098415c9bbd3a6ce537c7cb_d1_2.png": {"intrinsics": {"fx": 1071.1, "fy": 1072.07, "cx": 621.377, "cy": 516.408}, "camera_to_world_matrix": [-0.824382, -0.00438043, 0.566018, 3.514, 0.565888, 0.0163905, 0.82432, -5.28, -0.0128884, 0.999856, -0.0110326, 1.49659, 0.0, 0.0, 0.0, 1.0]}, "0e45c1af5098415c9bbd3a6ce537c7cb_d1_3.png": {"intrinsics": {"fx": 1071.1, "fy": 1072.07, "cx": 621.377, "cy": 516.408}, "camera_to_world_matrix": [0.077849, -0.0134865, 0.996874, 3.51249, 0.996947, 0.00728534, -0.0777558, -5.27685, -0.00621409, 0.999883, 0.0140131, 1.4965, 0.0, 0.0, 0.0, 1.0]}, "0e45c1af5098415c9bbd3a6ce537c7cb_d1_4.png": {"intrinsics": {"fx": 1071.1, "fy": 1072.07, "cx": 621.377, "cy": 516.408}, "camera_to_world_matrix": [0.902025, -0.0259227, 0.430906, 3.51448, 0.431275, 0.010616, -0.902158, -5.27396, 0.0188117, 0.999608, 0.0207563, 1.49648, 0.0, 0.0, 0.0, 1.0]}, "0e45c1af5098415c9bbd3a6ce537c7cb_d1_5.png": {"intrinsics": {"fx": 1071.1, "fy": 1072.07, "cx": 621.377, "cy": 516.408}, "camera_to_world_matrix": [0.823951, -0.0292525, -0.565906, 3.51796, -0.565442, 0.0230517, -0.824467, -5.27423, 0.0371626, 0.999306, 0.00245359, 1.49654, 0.0, 0.0, 0.0, 1.0]}, "0e45c1af5098415c9bbd3a6ce537c7cb_d2_0.png": {"intrinsics": {"fx": 1071.71, "fy": 1072.05, "cx": 626.653, "cy": 526.271}, "camera_to_world_matrix": [-0.0770219, 0.648063, -0.757682, 3.52993, -0.996796, -0.0336236, 0.0725706, -5.27759, 0.0215545, 0.760844, 0.648575, 1.53007, 0.0, 0.0, 0.0, 1.0]}, "0e45c1af5098415c9bbd3a6ce537c7cb_d2_1.png": {"intrinsics": {"fx": 1071.71, "fy": 1072.05, "cx": 626.653, "cy": 526.271}, "camera_to_world_matrix": [-0.901872, 0.275621, -0.332654, 3.52169, -0.431988, -0.581561, 0.689328, -5.28959, -0.00346563, 0.765389, 0.643558, 1.53017, 0.0, 0.0, 0.0, 1.0]}, "0e45c1af5098415c9bbd3a6ce537c7cb_d2_2.png": {"intrinsics": {"fx": 1071.71, "fy": 1072.05, "cx": 626.653, "cy": 526.271}, "camera_to_world_matrix": [-0.824883, -0.385046, 0.413892, 3.50719, 0.56488, -0.533151, 0.629809, -5.28846, -0.0218378, 0.753319, 0.657292, 1.52991, 0.0, 0.0, 0.0, 1.0]}, "0e45c1af5098415c9bbd3a6ce537c7cb_d2_3.png": {"intrinsics": {"fx": 1071.71, "fy": 1072.05, "cx": 626.653, "cy": 526.271}, "camera_to_world_matrix": [0.0769537, -0.673255, 0.735395, 3.50092, 0.996918, 0.0631946, -0.0464661, -5.27533, -0.0151894, 0.736705, 0.676043, 1.52954, 0.0, 0.0, 0.0, 1.0]}, "0e45c1af5098415c9bbd3a6ce537c7cb_d2_4.png": {"intrinsics": {"fx": 1071.71, "fy": 1072.05, "cx": 626.653, "cy": 526.271}, "camera_to_world_matrix": [0.901782, -0.300791, 0.310343, 3.50916, 0.432078, 0.611118, -0.663207, -5.26334, 0.00983092, 0.732161, 0.68106, 1.52944, 0.0, 0.0, 0.0, 1.0]}, "0e45c1af5098415c9bbd3a6ce537c7cb_d2_5.png": {"intrinsics": {"fx": 1071.71, "fy": 1072.05, "cx": 626.653, "cy": 526.271}, "camera_to_world_matrix": [0.824754, 0.359873, -0.436201, 3.52366, -0.564787, 0.562682, -0.603659, -5.26447, 0.0282024, 0.744231, 0.667325, 1.52971, 0.0, 0.0, 0.0, 1.0]}, "16f04516e33a4423af79b8f7dc46904c_d0_0.png": {"intrinsics": {"fx": 1073.15, "fy": 1074.62, "cx": 623.605, "cy": 516.849}, "camera_to_world_matrix": [0.992242, 0.0640435, 0.106555, -0.255508, 0.12186, -0.67073, -0.731622, -3.36841, 0.0246143, 0.738931, -0.673331, -1.91603, 0.0, 0.0, 0.0, 1.0]}, "16f04516e33a4423af79b8f7dc46904c_d0_1.png": {"intrinsics": {"fx": 1073.15, "fy": 1074.62, "cx": 623.605, "cy": 516.849}, "camera_to_world_matrix": [0.60173, -0.551814, -0.577427, -0.242126, -0.798632, -0.40634, -0.44393, -3.37412, 0.0103348, 0.728278, -0.685204, -1.9158, 0.0, 0.0, 0.0, 1.0]}, "16f04516e33a4423af79b8f7dc46904c_d0_2.png": {"intrinsics": {"fx": 1073.15, "fy": 1074.62, "cx": 623.605, "cy": 516.849}, "camera_to_world_matrix": [-0.390599, -0.630882, -0.670387, -0.240377, -0.920499, 0.259268, 0.292336, -3.38857, -0.0106196, 0.731278, -0.681997, -1.91587, 0.0, 0.0, 0.0, 1.0]}, "16f04516e33a4423af79b8f7dc46904c_d0_3.png": {"intrinsics": {"fx": 1073.15, "fy": 1074.62, "cx": 623.605, "cy": 516.849}, "camera_to_world_matrix": [-0.992395, -0.0940913, -0.0793636, -0.252009, -0.121872, 0.660473, 0.740893, -3.3973, -0.017294, 0.744931, -0.666917, -1.91616, 0.0, 0.0, 0.0, 1.0]}, "16f04516e33a4423af79b8f7dc46904c_d0_4.png": {"intrinsics": {"fx": 1073.15, "fy": 1074.62, "cx": 623.605, "cy": 516.849}, "camera_to_world_matrix": [-0.601847, 0.521756, 0.604607, -0.26539, 0.798605, 0.396059, 0.453174, -3.39159, -0.00301391, 0.755584, -0.655045, -1.9164, 0.0, 0.0, 0.0, 1.0]}, "16f04516e33a4423af79b8f7dc46904c_d0_5.png": {"intrinsics": {"fx": 1073.15, "fy": 1074.62, "cx": 623.605, "cy": 516.849}, "camera_to_world_matrix": [0.390487, 0.600798, 0.697539, -0.267139, 0.920433, -0.269553, -0.283096, -3.37715, 0.0179403, 0.752584, -0.658252, -1.91633, 0.0, 0.0, 0.0, 1.0]}, "16f04516e33a4423af79b8f7dc46904c_d1_0.png": {"intrinsics": {"fx": 1071.1, "fy": 1072.07, "cx": 621.377, "cy": 516.408}, "camera_to_world_matrix": [0.992224, -0.0317956, 0.120342, -0.254853, 0.119995, -0.0126308, -0.992695, -3.37961, 0.0330831, 0.999415, -0.0087166, -1.88284, 0.0, 0.0, 0.0, 1.0]}, "16f04516e33a4423af79b8f7dc46904c_d1_1.png": {"intrinsics": {"fx": 1071.1, "fy": 1072.07, "cx": 621.377, "cy": 516.408}, "camera_to_world_matrix": [0.600071, -0.0309808, -0.799347, -0.251634, -0.799727, 0.000220379, -0.600365, -3.38099, 0.0187757, 0.99952, -0.0246433, -1.88279, 0.0, 0.0, 0.0, 1.0]}, "16f04516e33a4423af79b8f7dc46904c_d1_2.png": {"intrinsics": {"fx": 1071.1, "fy": 1072.07, "cx": 621.377, "cy": 516.408}, "camera_to_world_matrix": [-0.392412, -0.0194458, -0.919585, -0.251213, -0.919788, 0.00593846, 0.392373, -3.38446, -0.00216928, 0.999794, -0.0202157, -1.8828, 0.0, 0.0, 0.0, 1.0]}, "16f04516e33a4423af79b8f7dc46904c_d1_3.png": {"intrinsics": {"fx": 1071.1, "fy": 1072.07, "cx": 621.377, "cy": 516.408}, "camera_to_world_matrix": [-0.992721, -0.0087259, -0.12013, -0.254011, -0.120124, -0.00119472, 0.992759, -3.38656, -0.00880642, 0.999962, 0.000138463, -1.88287, 0.0, 0.0, 0.0, 1.0]}, "16f04516e33a4423af79b8f7dc46904c_d1_4.png": {"intrinsics": {"fx": 1071.1, "fy": 1072.07, "cx": 621.377, "cy": 516.408}, "camera_to_world_matrix": [-0.600532, -0.00954121, 0.799545, -0.25723, 0.799583, -0.0140458, 0.600393, -3.38519, 0.0055016, 0.999856, 0.0160646, -1.88293, 0.0, 0.0, 0.0, 1.0]}, "16f04516e33a4423af79b8f7dc46904c_d1_5.png": {"intrinsics": {"fx": 1071.1, "fy": 1072.07, "cx": 621.377, "cy": 516.408}, "camera_to_world_matrix": [0.391956, -0.0210764, 0.919743, -0.25765, 0.919605, -0.0197635, -0.39235, -3.38171, 0.0264464, 0.999583, 0.0116362, -1.88291, 0.0, 0.0, 0.0, 1.0]}, "16f04516e33a4423af79b8f7dc46904c_d2_0.png": {"intrinsics": {"fx": 1071.71, "fy": 1072.05, "cx": 626.653, "cy": 526.271}, "camera_to_world_matrix": [0.992345, -0.0978763, 0.075303, -0.256855, 0.121111, 0.652174, -0.748332, -3.36887, 0.0241334, 0.751724, 0.659035, -1.84955, 0.0, 0.0, 0.0, 1.0]}, "16f04516e33a4423af79b8f7dc46904c_d2_1.png": {"intrinsics": {"fx": 1071.71, "fy": 1072.05, "cx": 626.653, "cy": 526.271}, "camera_to_world_matrix": [0.601136, 0.512649, -0.613047, -0.243474, -0.799085, 0.395044, -0.453212, -3.37458, 0.00984186, 0.76232, 0.647125, -1.84932, 0.0, 0.0, 0.0, 1.0]}, "16f04516e33a4423af79b8f7dc46904c_d2_2.png": {"intrinsics": {"fx": 1071.71, "fy": 1072.05, "cx": 626.653, "cy": 526.271}, "camera_to_world_matrix": [-0.391287, 0.595336, -0.701761, -0.241724, -0.920201, -0.262317, 0.29055, -3.38903, -0.0111092, 0.75945, 0.65047, -1.84938, 0.0, 0.0, 0.0, 1.0]}, "16f04516e33a4423af79b8f7dc46904c_d2_3.png": {"intrinsics": {"fx": 1071.71, "fy": 1072.05, "cx": 626.653, "cy": 526.271}, "camera_to_world_matrix": [-0.992479, 0.0674964, -0.102123, -0.253356, -0.121117, -0.662534, 0.739175, -3.39776, -0.0177682, 0.745985, 0.665725, -1.84968, 0.0, 0.0, 0.0, 1.0]}, "16f04516e33a4423af79b8f7dc46904c_d2_4.png": {"intrinsics": {"fx": 1071.71, "fy": 1072.05, "cx": 626.653, "cy": 526.271}, "camera_to_world_matrix": [-0.601234, -0.543019, 0.586215, -0.266738, 0.799065, -0.40538, 0.444029, -3.39205, -0.00347608, 0.735389, 0.677635, -1.84991, 0.0, 0.0, 0.0, 1.0]}, "16f04516e33a4423af79b8f7dc46904c_d2_5.png": {"intrinsics": {"fx": 1071.71, "fy": 1072.05, "cx": 626.653, "cy": 526.271}, "camera_to_world_matrix": [0.391194, -0.62568, 0.6749, -0.268486, 0.920142, 0.251985, -0.299737, -3.37761, 0.0174748, 0.73826, 0.674289, -1.84985, 0.0, 0.0, 0.0, 1.0]}, "1e61d22315c945378096f3055645d9e1_d0_0.png": {"intrinsics": {"fx": 1073.15, "fy": 1074.62, "cx": 623.605, "cy": 516.849}, "camera_to_world_matrix": [-0.942735, -0.217852, -0.252566, 2.48222, -0.33328, 0.645155, 0.687531, -7.07648, 0.0131639, 0.732335, -0.680817, 1.47617, 0.0, 0.0, 0.0, 1.0]}, "1e61d22315c945378096f3055645d9e1_d0_1.png": {"intrinsics": {"fx": 1073.15, "fy": 1074.62, "cx": 623.605, "cy": 516.849}, "camera_to_world_matrix": [-0.760128, 0.440666, 0.477512, 2.46792, 0.64976, 0.520055, 0.554395, -7.07379, -0.00402945, 0.73168, -0.681636, 1.47619, 0.0, 0.0, 0.0, 1.0]}, "1e61d22315c945378096f3055645d9e1_d0_2.png": {"intrinsics": {"fx": 1073.15, "fy": 1074.62, "cx": 623.605, "cy": 516.849}, "camera_to_world_matrix": [0.182639, 0.661602, 0.727272, 2.46309, 0.983086, -0.112709, -0.144351, -7.06007, -0.0135328, 0.741336, -0.670998, 1.47598, 0.0, 0.0, 0.0, 1.0]}, "1e61d22315c945378096f3055645d9e1_d0_3.png": {"intrinsics": {"fx": 1073.15, "fy": 1074.62, "cx": 623.605, "cy": 516.849}, "camera_to_world_matrix": [0.942779, 0.224016, 0.246949, 2.47257, 0.333366, -0.620358, -0.709945, -7.04903, -0.00584265, 0.751646, -0.659541, 1.47575, 0.0, 0.0, 0.0, 1.0]}, "1e61d22315c945378096f3055645d9e1_d0_4.png": {"intrinsics": {"fx": 1073.15, "fy": 1074.62, "cx": 623.605, "cy": 516.849}, "camera_to_world_matrix": [0.760134, -0.434497, -0.483124, 2.48687, -0.649667, -0.495233, -0.576781, -7.05171, 0.0113508, 0.752301, -0.658722, 1.47574, 0.0, 0.0, 0.0, 1.0]}, "1e61d22315c945378096f3055645d9e1_d0_5.png": {"intrinsics": {"fx": 1073.15, "fy": 1074.62, "cx": 623.605, "cy": 516.849}, "camera_to_world_matrix": [-0.182647, -0.655408, -0.732857, 2.4917, -0.982957, 0.13754, 0.121975, -7.06544, 0.0208536, 0.742645, -0.66936, 1.47595, 0.0, 0.0, 0.0, 1.0]}, "1e61d22315c945378096f3055645d9e1_d1_0.png": {"intrinsics": {"fx": 1071.1, "fy": 1072.07, "cx": 621.377, "cy": 516.408}, "camera_to_world_matrix": [-0.943241, 0.0141992, -0.331809, 2.4787, -0.331408, 0.0247858, 0.943162, -7.0655, 0.0216161, 0.999592, -0.0186726, 1.50926, 0.0, 0.0, 0.0, 1.0]}, "1e61d22315c945378096f3055645d9e1_d1_1.png": {"intrinsics": {"fx": 1071.1, "fy": 1072.07, "cx": 621.377, "cy": 516.408}, "camera_to_world_matrix": [-0.758865, 0.0161784, 0.651048, 2.47526, 0.651234, 0.0120631, 0.758781, -7.06485, 0.00442204, 0.999797, -0.0196895, 1.50926, 0.0, 0.0, 0.0, 1.0]}, "1e61d22315c945378096f3055645d9e1_d1_2.png": {"intrinsics": {"fx": 1071.1, "fy": 1072.07, "cx": 621.377, "cy": 516.408}, "camera_to_world_matrix": [0.184444, 0.00614832, 0.982824, 2.47409, 0.982831, 0.00398883, -