{"04b139c365904422818e1f8aee78e5b6_d0_0.png": {"intrinsics": {"fx": 1071.75, "fy": 1072.34, "cx": 629.724, "cy": 513.349}, "camera_to_world_matrix": [-0.910546, 0.268266, 0.314547, 1.2151, 0.413361, 0.579319, 0.702511, -8.1876, 0.00623643, 0.76969, -0.638388, 1.32829, 0.0, 0.0, 0.0, 1.0]}, "04b139c365904422818e1f8aee78e5b6_d0_1.png": {"intrinsics": {"fx": 1071.75, "fy": 1072.34, "cx": 629.724, "cy": 513.349}, "camera_to_world_matrix": [-0.0973612, 0.650935, 0.752864, 1.2066, 0.994612, 0.0365857, 0.0969918, -8.17579, 0.0355913, 0.758251, -0.65099, 1.32853, 0.0, 0.0, 0.0, 1.0]}, "04b139c365904422818e1f8aee78e5b6_d0_2.png": {"intrinsics": {"fx": 1071.75, "fy": 1072.34, "cx": 629.724, "cy": 513.349}, "camera_to_world_matrix": [0.8131, 0.372205, 0.447583, 1.21259, 0.581038, -0.56585, -0.584986, -8.16253, 0.03553, 0.735715, -0.676358, 1.32903, 0.0, 0.0, 0.0, 1.0]}, "04b139c365904422818e1f8aee78e5b6_d0_3.png": {"intrinsics": {"fx": 1071.75, "fy": 1072.34, "cx": 629.724, "cy": 513.349}, "camera_to_world_matrix": [0.910357, -0.289188, -0.296007, 1.22706, -0.413778, -0.625538, -0.66143, -8.16109, 0.00611379, 0.724619, -0.689123, 1.32928, 0.0, 0.0, 0.0, 1.0]}, "04b139c365904422818e1f8aee78e5b6_d0_4.png": {"intrinsics": {"fx": 1071.75, "fy": 1072.34, "cx": 629.724, "cy": 513.349}, "camera_to_world_matrix": [0.0971496, -0.671836, -0.734301, 1.23556, -0.994998, -0.082789, -0.0558938, -8.1729, -0.0232404, 0.736058, -0.676519, 1.32903, 0.0, 0.0, 0.0, 1.0]}, "04b139c365904422818e1f8aee78e5b6_d0_5.png": {"intrinsics": {"fx": 1071.75, "fy": 1072.34, "cx": 629.724, "cy": 513.349}, "camera_to_world_matrix": [-0.813296, -0.393083, -0.428993, 1.22957, -0.581388, 0.519635, 0.626072, -8.18615, -0.0231778, 0.758594, -0.651151, 1.32854, 0.0, 0.0, 0.0, 1.0]}, "04b139c365904422818e1f8aee78e5b6_d1_0.png": {"intrinsics": {"fx": 1075.07, "fy": 1075.7, "cx": 625.224, "cy": 498.908}, "camera_to_world_matrix": [-0.911561, -0.00765687, 0.411091, 1.21918, 0.411098, -0.0345752, 0.910934, -8.17856, 0.00723898, 0.999372, 0.0346641, 1.36189, 0.0, 0.0, 0.0, 1.0]}, "04b139c365904422818e1f8aee78e5b6_d1_1.png": {"intrinsics": {"fx": 1075.07, "fy": 1075.7, "cx": 625.224, "cy": 498.908}, "camera_to_world_matrix": [-0.0998079, -0.0139831, 0.994908, 1.21713, 0.994331, -0.0382168, 0.0992128, -8.17572, 0.0366352, 0.999171, 0.017717, 1.36195, 0.0, 0.0, 0.0, 1.0]}, "04b139c365904422818e1f8aee78e5b6_d1_2.png": {"intrinsics": {"fx": 1075.07, "fy": 1075.7, "cx": 625.224, "cy": 498.908}, "camera_to_world_matrix": [0.811654, -0.0203034, 0.583784, 1.21857, 0.582986, -0.0345595, -0.811746, -8.17253, 0.0366568, 0.999196, -0.0162149, 1.36207, 0.0, 0.0, 0.0, 1.0]}, "04b139c365904422818e1f8aee78e5b6_d1_3.png": {"intrinsics": {"fx": 1075.07, "fy": 1075.7, "cx": 625.224, "cy": 498.908}, "camera_to_world_matrix": [0.911342, -0.0202973, -0.411147, 1.22205, -0.411583, -0.0272608, -0.910963, -8.17218, 0.00728226, 0.999422, -0.0331991, 1.36213, 0.0, 0.0, 0.0, 1.0]}, "04b139c365904422818e1f8aee78e5b6_d1_4.png": {"intrinsics": {"fx": 1075.07, "fy": 1075.7, "cx": 625.224, "cy": 498.908}, "camera_to_world_matrix": [0.0995659, -0.0139709, -0.994932, 1.2241, -0.994784, -0.0236195, -0.0992193, -8.17502, -0.0221133, 0.999623, -0.0162509, 1.36207, 0.0, 0.0, 0.0, 1.0]}, "04b139c365904422818e1f8aee78e5b6_d1_5.png": {"intrinsics": {"fx": 1075.07, "fy": 1075.7, "cx": 625.224, "cy": 498.908}, "camera_to_world_matrix": [-0.81188, -0.00765079, -0.583772, 1.22266, -0.583403, -0.027277, 0.811724, -8.17821, -0.0221336, 0.999598, 0.017681, 1.36195, 0.0, 0.0, 0.0, 1.0]}, "04b139c365904422818e1f8aee78e5b6_d2_0.png": {"intrinsics": {"fx": 1078.06, "fy": 1078.0, "cx": 631.628, "cy": 511.385}, "camera_to_world_matrix": [-0.914117, -0.274315, 0.298562, 1.21417, 0.405345, -0.634836, 0.657782, -8.18965, 0.0090992, 0.722312, 0.691507, 1.39475, 0.0, 0.0, 0.0, 1.0]}, "04b139c365904422818e1f8aee78e5b6_d2_1.png": {"intrinsics": {"fx": 1078.06, "fy": 1078.0, "cx": 631.628, "cy": 511.385}, "camera_to_world_matrix": [-0.10603, -0.672494, 0.732468, 1.20567, 0.993612, -0.100249, 0.0517918, -8.17784, 0.0385999, 0.733281, 0.678827, 1.395, 0.0, 0.0, 0.0, 1.0]}, "04b139c365904422818e1f8aee78e5b6_d2_2.png": {"intrinsics": {"fx": 1078.06, "fy": 1078.0, "cx": 631.628, "cy": 511.385}, "camera_to_world_matrix": [0.807959, -0.408583, 0.424571, 1.21166, 0.587956, 0.511543, -0.626603, -8.16459, 0.0388329, 0.755899, 0.653534, 1.39549, 0.0, 0.0, 0.0, 1.0]}, "04b139c365904422818e1f8aee78e5b6_d2_3.png": {"intrinsics": {"fx": 1078.06, "fy": 1078.0, "cx": 631.628, "cy": 511.385}, "camera_to_world_matrix": [0.91384, 0.253502, -0.317224, 1.22613, -0.405958, 0.588734, -0.698991, -8.16315, 0.00956519, 0.767547, 0.64092, 1.39574, 0.0, 0.0, 0.0, 1.0]}, "04b139c365904422818e1f8aee78e5b6_d2_4.png": {"intrinsics": {"fx": 1078.06, "fy": 1078.0, "cx": 631.628, "cy": 511.385}, "camera_to_world_matrix": [0.10573, 0.651661, -0.751105, 1.23463, -0.994194, 0.0541319, -0.0929838, -8.17496, -0.0199349, 0.756577, 0.6536, 1.39549, 0.0, 0.0, 0.0, 1.0]}, "04b139c365904422818e1f8aee78e5b6_d2_5.png": {"intrinsics": {"fx": 1078.06, "fy": 1078.0, "cx": 631.628, "cy": 511.385}, "camera_to_world_matrix": [-0.808243, 0.387725, -0.443182, 1.22864, -0.588502, -0.55765, 0.585398, -8.18821, -0.0201665, 0.733959, 0.678893, 1.395, 0.0, 0.0, 0.0, 1.0]}, "050b14f85a974966b61edcf8f965660a_d0_0.png": {"intrinsics": {"fx": 1071.75, "fy": 1072.34, "cx": 629.724, "cy": 513.349}, "camera_to_world_matrix": [-0.900232, 0.308828, 0.306931, 2.7087, 0.43453, 0.592447, 0.678373, -0.09613, 0.027661, 0.744064, -0.667535, 1.36741, 0.0, 0.0, 0.0, 1.0]}, "050b14f85a974966b61edcf8f965660a_d0_1.png": {"intrinsics": {"fx": 1071.75, "fy": 1072.34, "cx": 629.724, "cy": 513.349}, "camera_to_world_matrix": [-0.0736958, 0.678574, 0.730825, 2.70049, 0.997199, 0.0408123, 0.0626625, -0.0841219, 0.0126946, 0.733396, -0.679683, 1.36765, 0.0, 0.0, 0.0, 1.0]}, "050b14f85a974966b61edcf8f965660a_d0_2.png": {"intrinsics": {"fx": 1071.75, "fy": 1072.34, "cx": 629.724, "cy": 513.349}, "camera_to_world_matrix": [0.826671, 0.385781, 0.409619, 2.70678, 0.562617, -0.555331, -0.612429, -0.0710024, -0.0087887, 0.736736, -0.676123, 1.36758, 0.0, 0.0, 0.0, 1.0]}, "050b14f85a974966b61edcf8f965660a_d0_3.png": {"intrinsics": {"fx": 1071.75, "fy": 1072.34, "cx": 629.724, "cy": 513.349}, "camera_to_world_matrix": [0.900481, -0.276753, -0.335473, 2.72129, -0.434626, -0.599827, -0.671794, -0.0698913, -0.0153051, 0.750743, -0.660417, 1.36727, 0.0, 0.0, 0.0, 1.0]}, "050b14f85a974966b61edcf8f965660a_d0_4.png": {"intrinsics": {"fx": 1071.75, "fy": 1072.34, "cx": 629.724, "cy": 513.349}, "camera_to_world_matrix": [0.0739222, -0.646477, -0.759343, 2.7295, -0.997264, -0.0481783, -0.0560665, -0.0818997, -0.00033807, 0.76141, -0.64827, 1.36704, 0.0, 0.0, 0.0, 1.0]}, "050b14f85a974966b61edcf8f965660a_d0_5.png": {"intrinsics": {"fx": 1071.75, "fy": 1072.34, "cx": 629.724, "cy": 513.349}, "camera_to_world_matrix": [-0.826427, -0.35366, -0.438111, 2.72321, -0.562645, 0.547954, 0.619012, -0.095019, 0.021145, 0.75807, -0.65183, 1.36711, 0.0, 0.0, 0.0, 1.0]}, "050b14f85a974966b61edcf8f965660a_d1_0.png": {"intrinsics": {"fx": 1075.07, "fy": 1075.7, "cx": 625.224, "cy": 498.908}, "camera_to_world_matrix": [-0.901261, 0.0276997, 0.432388, 2.7142, 0.432318, -0.00874684, 0.901678, -0.0863308, 0.0287585, 0.999577, -0.00409304, 1.4006, 0.0, 0.0, 0.0, 1.0]}, "050b14f85a974966b61edcf8f965660a_d1_1.png": {"intrinsics": {"fx": 1075.07, "fy": 1075.7, "cx": 625.224, "cy": 498.908}, "camera_to_world_matrix": [-0.0761089, 0.0212903, 0.996871, 2.71222, 0.997002, -0.0122436, 0.0763803, -0.0834422, 0.0138318, 0.999698, -0.0202958, 1.40066, 0.0, 0.0, 0.0, 1.0]}, "050b14f85a974966b61edcf8f965660a_d1_2.png": {"intrinsics": {"fx": 1075.07, "fy": 1075.7, "cx": 625.224, "cy": 498.908}, "camera_to_world_matrix": [0.82531, 0.0150585, 0.564477, 2.71373, 0.564626, -0.00844038, -0.825303, -0.0802864, -0.00766315, 0.99985, -0.0154695, 1.40064, 0.0, 0.0, 0.0, 1.0]}, "050b14f85a974966b61edcf8f965660a_d1_3.png": {"intrinsics": {"fx": 1075.07, "fy": 1075.7, "cx": 625.224, "cy": 498.908}, "camera_to_world_matrix": [0.901556, 0.0152364, -0.432391, 2.71722, -0.432425, -0.00114039, -0.901668, -0.0800191, -0.0142309, 0.999883, 0.00555932, 1.40057, 0.0, 0.0, 0.0, 1.0]}, "050b14f85a974966b61edcf8f965660a_d1_4.png": {"intrinsics": {"fx": 1075.07, "fy": 1075.7, "cx": 625.224, "cy": 498.908}, "camera_to_world_matrix": [0.0763819, 0.0216459, -0.996843, 2.7192, -0.997077, 0.00235617, -0.0763486, -0.0829077, 0.000696402, 0.999762, 0.0217615, 1.40051, 0.0, 0.0, 0.0, 1.0]}, "050b14f85a974966b61edcf8f965660a_d1_5.png": {"intrinsics": {"fx": 1075.07, "fy": 1075.7, "cx": 625.224, "cy": 498.908}, "camera_to_world_matrix": [-0.82502, 0.0278775, -0.564413, 2.71768, -0.564665, -0.00144735, 0.825318, -0.0860635, 0.0221912, 0.99961, 0.0169344, 1.40053, 0.0, 0.0, 0.0, 1.0]}, "050b14f85a974966b61edcf8f965660a_d2_0.png": {"intrinsics": {"fx": 1078.06, "fy": 1078.0, "cx": 631.628, "cy": 511.385}, "camera_to_world_matrix": [-0.903877, -0.262185, 0.33803, 2.71013, 0.426676, -0.609526, 0.66815, -0.0964588, 0.0308601, 0.748155, 0.662804, 1.4339, 0.0, 0.0, 0.0, 1.0]}, "050b14f85a974966b61edcf8f965660a_d2_1.png": {"intrinsics": {"fx": 1078.06, "fy": 1078.0, "cx": 631.628, "cy": 511.385}, "camera_to_world_matrix": [-0.0822707, -0.647626, 0.757503, 2.70192, 0.99648, -0.0656838, 0.0520689, -0.0844507, 0.0160348, 0.759122, 0.65075, 1.43413, 0.0, 0.0, 0.0, 1.0]}, "050b14f85a974966b61edcf8f965660a_d2_2.png": {"intrinsics": {"fx": 1078.06, "fy": 1078.0, "cx": 631.628, "cy": 511.385}, "camera_to_world_matrix": [0.821808, -0.369425, 0.433767, 2.70821, 0.569736, 0.540159, -0.619378, -0.0713312, -0.00548942, 0.756143, 0.654382, 1.43406, 0.0, 0.0, 0.0, 1.0]}, "050b14f85a974966b61edcf8f965660a_d2_3.png": {"intrinsics": {"fx": 1078.06, "fy": 1078.0, "cx": 631.628, "cy": 511.385}, "camera_to_world_matrix": [0.904261, 0.294212, -0.309435, 2.72271, -0.426803, 0.602146, -0.674728, -0.0702201, -0.0121879, 0.742199, 0.670067, 1.43376, 0.0, 0.0, 0.0, 1.0]}, "050b14f85a974966b61edcf8f965660a_d2_4.png": {"intrinsics": {"fx": 1078.06, "fy": 1078.0, "cx": 631.628, "cy": 511.385}, "camera_to_world_matrix": [0.0826328, 0.679632, -0.728884, 2.73093, -0.996576, 0.058288, -0.058631, -0.0822285, 0.00263787, 0.731233, 0.682121, 1.43352, 0.0, 0.0, 0.0, 1.0]}, "050b14f85a974966b61edcf8f965660a_d2_5.png": {"intrinsics": {"fx": 1078.06, "fy": 1078.0, "cx": 631.628, "cy": 511.385}, "camera_to_world_matrix": [-0.82143, 0.401407, -0.405121, 2.72464, -0.569796, -0.547544, 0.612803, -0.0953477, 0.024162, 0.734212, 0.678489, 1.43359, 0.0, 0.0, 0.0, 1.0]}, "0965af34fada440a89bfb3700aa800c1_d0_0.png": {"intrinsics": {"fx": 1071.75, "fy": 1072.34, "cx": 629.724, "cy": 513.349}, "camera_to_world_matrix": [0.976074, -0.149403, -0.157981, -2.48489, -0.217287, -0.643106, -0.734303, -4.03609, 0.00810856, 0.751061, -0.660183, 1.36451, 0.0, 0.0, 0.0, 1.0]}, "0965af34fada440a89bfb3700aa800c1_d0_1.png": {"intrinsics": {"fx": 1071.75, "fy": 1072.34, "cx": 629.724, "cy": 513.349}, "camera_to_world_matrix": [0.29981, -0.635533, -0.711485, -2.47414, -0.953927, -0.190562, -0.231752, -4.0459, 0.0117041, 0.748186, -0.663385, 1.36458, 0.0, 0.0, 0.0, 1.0]}, "0965af34fada440a89bfb3700aa800c1_d0_2.png": {"intrinsics": {"fx": 1071.75, "fy": 1072.34, "cx": 629.724, "cy": 513.349}, "camera_to_world_matrix": [-0.676275, -0.486668, -0.552997, -2.47727, -0.736584, 0.456704, 0.498864, -4.06011, 0.00977465, 0.744698, -0.66733, 1.36465, 0.0, 0.0, 0.0, 1.0]}, "0965af34fada440a89bfb3700aa800c1_d0_3.png": {"intrinsics": {"fx": 1071.75, "fy": 1072.34, "cx": 629.724, "cy": 513.349}, "camera_to_world_matrix": [-0.976074, 0.148324, 0.158991, -2.49114, 0.217394, 0.651412, 0.726912, -4.06451, 0.00424969, 0.744085, -0.668072, 1.36467, 0.0, 0.0, 0.0, 1.0]}, "0965af34fada440a89bfb3700aa800c1_d0_4.png": {"intrinsics": {"fx": 1071.75, "fy": 1072.34, "cx": 629.724, "cy": 513.349}, "camera_to_world_matrix": [-0.299782, 0.634436, 0.712475, -2.50188, 0.954007, 0.198849, 0.22434, -4.05469, 0.00065436, 0.74696, -0.664869, 1.36461, 0.0, 0.0, 0.0, 1.0]}, "0965af34fada440a89bfb3700aa800c1_d0_5.png": {"intrinsics": {"fx": 1071.75, "fy": 1072.34, "cx": 629.724, "cy": 513.349}, "camera_to_world_matrix": [0.676295, 0.485546, 0.553958, -2.49876, 0.736626, -0.448411, -0.50627, -4.04048, 0.002584, 0.750448, -0.660924, 1.36453, 0.0, 0.0, 0.0, 1.0]}, "0965af34fada440a89bfb3700aa800c1_d1_0.png": {"intrinsics": {"fx": 1075.07, "fy": 1075.7, "cx": 625.224, "cy": 498.908}, "camera_to_world_matrix": [0.976593, -0.00767636, -0.214952, -2.48729, -0.214893, 0.00783752, -0.976605, -4.04669, 0.00918177, 0.999939, 0.00600333, 1.39782, 0.0, 0.0, 0.0, 1.0]}, "0965af34fada440a89bfb3700aa800c1_d1_1.png": {"intrinsics": {"fx": 1075.07, "fy": 1075.7, "cx": 625.224, "cy": 498.908}, "camera_to_world_matrix": [0.302138, -0.00223422, -0.953261, -2.4847, -0.953177, 0.0127063, -0.302141, -4.04905, 0.0127878, 0.999916, 0.00170829, 1.39784, 0.0, 0.0, 0.0, 1.0]}, "0965af34fada440a89bfb3700aa800c1_d1_2.png": {"intrinsics": {"fx": 1075.07, "fy": 1075.7, "cx": 625.224, "cy": 498.908}, "camera_to_world_matrix": [-0.674468, 0.00470336, -0.738288, -2.48546, -0.738223, 0.0104277, 0.674475, -4.05247, 0.0108712, 0.999934, -0.00356217, 1.39786, 0.0, 0.0, 0.0, 1.0]}, "0965af34fada440a89bfb3700aa800c1_d1_3.png": {"intrinsics": {"fx": 1075.07, "fy": 1075.7, "cx": 625.224, "cy": 498.908}, "camera_to_world_matrix": [-0.976596, 0.00619865, 0.214989, -2.48879, 0.215012, 0.00328031, 0.976605, -4.05353, 0.00534872, 0.999975, -0.00453748, 1.39786, 0.0, 0.0, 0.0, 1.0]}, "0965af34fada440a89bfb3700aa800c1_d1_4.png": {"intrinsics": {"fx": 1075.07, "fy": 1075.7, "cx": 625.224, "cy": 498.908}, "camera_to_world_matrix": [-0.302111, 0.000756328, 0.953271, -2.49138, 0.95327, -0.00158827, 0.302112, -4.05117, 0.00174286, 0.999998, -0.000242304, 1.39784, 0.0, 0.0, 0.0, 1.0]}, "0965af34fada440a89bfb3700aa800c1_d1_5.png": {"intrinsics": {"fx": 1075.07, "fy": 1075.7, "cx": 625.224, "cy": 498.908}, "camera_to_world_matrix": [0.674486, -0.00618116, 0.73826, -2.49062, 0.738277, 0.000690631, -0.674496, -4.04775, 0.00365962, 0.99998, 0.00502809, 1.39783, 0.0, 0.0, 0.0, 1.0]}, "0965af34fada440a89bfb3700aa800c1_d2_0.png": {"intrinsics": {"fx": 1078.06, "fy": 1078.0, "cx": 631.628, "cy": 511.385}, "camera_to_world_matrix": [0.977895, 0.131874, -0.162262, -2.48494, -0.20879, 0.657513, -0.723935, -4.03572, 0.0112216, 0.741812, 0.670512, 1.43101, 0.0, 0.0, 0.0, 1.0]}, "0965af34fada440a89bfb3700aa800c1_d2_1.png": {"intrinsics": {"fx": 1078.06, "fy": 1078.0, "cx": 631.628, "cy": 511.385}, "camera_to_world_matrix": [0.308063, 0.631507, -0.711545, -2.47419, -0.951249, 0.216141, -0.220014, -4.04553, 0.0148542, 0.744635, 0.667305, 1.43108, 0.0, 0.0, 0.0, 1.0]}, "0965af34fada440a89bfb3700aa800c1_d2_2.png": {"intrinsics": {"fx": 1078.06, "fy": 1078.0, "cx": 631.628, "cy": 511.385}, "camera_to_world_matrix": [-0.669846, 0.499068, -0.549759, -2.47732, -0.742385, -0.437233, 0.507632, -4.05974, 0.0129706, 0.74817, 0.663379, 1.43115, 0.0, 0.0, 0.0, 1.0]}, "0965af34fada440a89bfb3700aa800c1_d2_3.png": {"intrinsics": {"fx": 1078.06, "fy": 1078.0, "cx": 631.628, "cy": 511.385}, "camera_to_world_matrix": [-0.9779, -0.133, 0.161305, -2.49119, 0.208932, -0.649221, 0.73134, -4.06414, 0.00745436, 0.748881, 0.662661, 1.43117, 0.0, 0.0, 0.0, 1.0]}, "0965af34fada440a89bfb3700aa800c1_d2_4.png": {"intrinsics": {"fx": 1078.06, "fy": 1078.0, "cx": 631.628, "cy": 511.385}, "camera_to_world_matrix": [-0.308039, -0.632616, 0.710568, -2.50193, 0.951365, -0.207829, 0.227398, -4.05432, 0.00382182, 0.746058, 0.665868, 1.4311, 0.0, 0.0, 0.0, 1.0]}, "0965af34fada440a89bfb3700aa800c1_d2_5.png": {"intrinsics": {"fx": 1078.06, "fy": 1078.0, "cx": 631.628, "cy": 511.385}, "camera_to_world_matrix": [0.669861, -0.500152, 0.548754, -2.49881, 0.742463, 0.44554, -0.500242, -4.04011, 0.00570572, 0.742524, 0.669794, 1.43103, 0.0, 0.0, 0.0, 1.0]}, "0d2c70fefca244809696dde968e50174_d0_0.png": {"intrinsics": {"fx": 1071.75, "fy": 1072.34, "cx": 629.724, "cy": 513.349}, "camera_to_world_matrix": [-0.950244, 0.224174, 0.216289, 6.96133, 0.310281, 0.619686, 0.720912, 2.27809, 0.0275787, 0.752154, -0.65841, 1.32475, 0.0, 0.0, 0.0, 1.0]}, "0d2c70fefca244809696dde968e50174_d0_1.png": {"intrinsics": {"fx": 1071.75, "fy": 1072.34, "cx": 629.724, "cy": 513.349}, "camera_to_world_matrix": [-0.206086, 0.664229, 0.71856, 6.95158, 0.978258, 0.122432, 0.167394, 2.28889, 0.0232138, 0.737435, -0.675019, 1.32507, 0.0, 0.0, 0.0, 1.0]}, "0d2c70fefca244809696dde968e50174_d0_2.png": {"intrinsics": {"fx": 1071.75, "fy": 1072.34, "cx": 629.724, "cy": 513.349}, "camera_to_world_matrix": [0.744275, 0.45355, 0.490252, 6.95607, 0.667871, -0.507424, -0.544489, 2.30273, 0.00181251, 0.732675, -0.680577, 1.32518, 0.0, 0.0, 0.0, 1.0]}, "0d2c70fefca244809696dde968e50174_d0_3.png": {"intrinsics": {"fx": 1071.75, "fy": 1072.34, "cx": 629.724, "cy": 513.349}, "camera_to_world_matrix": [0.950456, -0.197179, -0.240321, 6.9703, -0.310486, -0.640012, -0.702839, 2.30577, -0.0152235, 0.742634, -0.669525, 1.32496, 0.0, 0.0, 0.0, 1.0]}, "0d2c70fefca244809696dde968e50174_d0_4.png": {"intrinsics": {"fx": 1071.75, "fy": 1072.34, "cx": 629.724, "cy": 513.349}, "camera_to_world_matrix": [0.206271, -0.637214, -0.74257, 6.98004, -0.978434, -0.14274, -0.149301, 2.29497, -0.0108577, 0.757353, -0.652916, 1.32464, 0.0, 0.0, 0.0, 1.0]}, "0d2c70fefca244809696dde968e50174_d0_5.png": {"intrinsics": {"fx": 1071.75, "fy": 1072.34, "cx": 629.724, "cy": 513.349}, "camera_to_world_matrix": [-0.744077, -0.426511, -0.514234, 6.97555, -0.66801, 0.487107, 0.562573, 2.28113, 0.0105439, 0.762112, -0.647359, 1.32453, 0.0, 0.0, 0.0, 1.0]}, "0d2c70fefca244809696dde968e50174_d1_0.png": {"intrinsics": {"fx": 1075.07, "fy": 1075.7, "cx": 625.224, "cy": 498.908}, "camera_to_world_matrix": [-0.950973, 0.024755, 0.308277, 6.96533, 0.30794, -0.0165358, 0.951262, 2.28815, 0.0286464, 0.999556, 0.00810097, 1.35807, 0.0, 0.0, 0.0, 1.0]}, "0d2c70fefca244809696dde968e50174_d1_1.png": {"intrinsics": {"fx": 1075.07, "fy": 1075.7, "cx": 625.224, "cy": 498.908}, "camera_to_world_matrix": [-0.208456, 0.0188688, 0.977849, 6.96299, 0.977728, -0.0208571, 0.208832, 2.29075, 0.0243358, 0.999604, -0.0141019, 1.35815, 0.0, 0.0, 0.0, 1.0]}, "0d2c70fefca244809696dde968e50174_d1_2.png": {"intrinsics": {"fx": 1075.07, "fy": 1075.7, "cx": 625.224, "cy": 498.908}, "camera_to_world_matrix": [0.742654, 0.012185, 0.669563, 6.96407, 0.669668, -0.0179206, -0.742444, 2.29408, 0.00295267, 0.999764, -0.0214699, 1.35817, 0.0, 0.0, 0.0, 1.0]}, "0d2c70fefca244809696dde968e50174_d1_3.png": {"intrinsics": {"fx": 1075.07, "fy": 1075.7, "cx": 625.224, "cy": 498.908}, "camera_to_world_matrix": [0.951224, 0.0113874, -0.308288, 6.96749, -0.308174, -0.010663, -0.951269, 2.29481, -0.0141195, 0.999878, -0.00663472, 1.35812, 0.0, 0.0, 0.0, 1.0]}, "0d2c70fefca244809696dde968e50174_d1_4.png": {"intrinsics": {"fx": 1075.07, "fy": 1075.7, "cx": 625.224, "cy": 498.908}, "camera_to_world_matrix": [0.20868, 0.0172738, -0.977831, 6.96983, -0.977934, -0.00634194, -0.208814, 2.29221, -0.00980805, 0.99983, 0.015568, 1.35804, 0.0, 0.0, 0.0, 1.0]}, "0d2c70fefca244809696dde968e50174_d1_5.png": {"intrinsics": {"fx": 1075.07, "fy": 1075.7, "cx": 625.224, "cy": 498.908}, "camera_to_world_matrix": [-0.742417, 0.0239575, -0.669508, 6.96875, -0.669836, -0.00927868, 0.74245, 2.28888, 0.0115754, 0.999669, 0.0229351, 1.35802, 0.0, 0.0, 0.0, 1.0]}, "0d2c70fefca244809696dde968e50174_d2_0.png": {"intrinsics": {"fx": 1078.06, "fy": 1078.0, "cx": 631.628, "cy": 511.385}, "camera_to_world_matrix": [-0.952821, -0.181437, 0.243332, 6.96253, 0.301975, -0.647652, 0.699541, 2.27718, 0.0306719, 0.740019, 0.671885, 1.39123, 0.0, 0.0, 0.0, 1.0]}, "0d2c70fefca244809696dde968e50174_d2_1.png": {"intrinsics": {"fx": 1078.06, "fy": 1078.0, "cx": 631.628, "cy": 511.385}, "camera_to_world_matrix": [-0.214501, -0.636009, 0.74127, 6.95278, 0.976363, -0.160215, 0.145066, 2.28799, 0.0264998, 0.754866, 0.655342, 1.39155, 0.0, 0.0, 0.0, 1.0]}, "0d2c70fefca244809696dde968e50174_d2_2.png": {"intrinsics": {"fx": 1078.06, "fy": 1078.0, "cx": 631.628, "cy": 511.385}, "camera_to_world_matrix": [0.738494, -0.441087, 0.509968, 6.95727, 0.674239, 0.477303, -0.563545, 2.30183, 0.00516335, 0.760015, 0.649883, 1.39166, 0.0, 0.0, 0.0, 1.0]}, "0d2c70fefca244809696dde968e50174_d2_3.png": {"intrinsics": {"fx": 1078.06, "fy": 1078.0, "cx": 631.628, "cy": 511.385}, "camera_to_world_matrix": [0.953147, 0.208402, -0.219267, 6.9715, -0.302266, 0.62737, -0.717663, 2.30487, -0.0120006, 0.750316, 0.660969, 1.39144, 0.0, 0.0, 0.0, 1.0]}, "0d2c70fefca244809696dde968e50174_d2_4.png": {"intrinsics": {"fx": 1078.06, "fy": 1078.0, "cx": 631.628, "cy": 511.385}, "camera_to_world_matrix": [0.214801, 0.662955, -0.717183, 6.98124, -0.976626, 0.139916, -0.163169, 2.29406, -0.00782765, 0.735469, 0.677512, 1.39112, 0.0, 0.0, 0.0, 1.0]}, "0d2c70fefca244809696dde968e50174_d2_5.png": {"intrinsics": {"fx": 1078.06, "fy": 1078.0, "cx": 631.628, "cy": 511.385}, "camera_to_world_matrix": [-0.738182, 0.468008, -0.485853, 6.97675, -0.674464, -0.497595, 0.545433, 2.28022, 0.0135092, 0.73032, 0.68297, 1.39101, 0.0, 0.0, 0.0, 1.0]}, "1039f020c9b341d189a3f823d098a492_d0_0.png": {"intrinsics": {"fx": 1071.75, "fy": 1072.34, "cx": 629.724, "cy": 513.349}, "camera_to_world_matrix": [-0.998343, 0.0389146, 0.0423838, -0.261007, 0.0575358, 0.667474, 0.742406, 3.35, 0.000600398, 0.743615, -0.668608, 1.33681, 0.0, 0.0, 0.0, 1.0]}, "1039f020c9b341d189a3f823d098a492_d0_1.png": {"intrinsics": {"fx": 1071.75, "fy": 1072.34, "cx": 629.724, "cy": 513.349}, "camera_to_world_matrix": [-0.449353, 0.591488, 0.669494, -0.273188, 0.893352, 0.299015, 0.335428, 3.35795, -0.00178739, 0.74882, -0.662771, 1.33669, 0.0, 0.0, 0.0, 1.0]}, "1039f020c9b341d189a3f823d098a492_d0_2.png": {"intrinsics": {"fx": 1071.75, "fy": 1072.34, "cx": 629.724, "cy": 513.349}, "camera_to_world_matrix": [0.548967, 0.548653, 0.630566, -0.272386, 0.835835, -0.363764, -0.411163, 3.37248, 0.00379154, 0.752765, -0.658279, 1.33661, 0.0, 0.0, 0.0, 1.0]}, "1039f020c9b341d189a3f823d098a492_d0_3.png": {"intrinsics": {"fx": 1071.75, "fy": 1072.34, "cx": 629.724, "cy": 513.349}, "camera_to_world_matrix": [0.998276, -0.0467538, -0.0354716, -0.259403, -0.057497, -0.658069, -0.750759, 3.37905, 0.0117581, 0.751504, -0.659624, 1.33663, 0.0, 0.0, 0.0, 1.0]}, "1039f020c9b341d189a3f823d098a492_d0_4.png": {"intrinsics": {"fx": 1071.75, "fy": 1072.34, "cx": 629.724, "cy": 513.349}, "camera_to_world_matrix": [0.449254, -0.599313, -0.662566, -0.247223, -0.893292, -0.289588, -0.343755, 3.37109, 0.0141456, 0.746299, -0.66546, 1.33675, 0.0, 0.0, 0.0, 1.0]}, "1039f020c9b341d189a3f823d098a492_d0_5.png": {"intrinsics": {"fx": 1071.75, "fy": 1072.34, "cx": 629.724, "cy": 513.349}, "camera_to_world_matrix": [-0.549065, -0.556452, -0.623609, -0.248025, -0.835735, 0.373189, 0.402834, 3.35657, 0.00856641, 0.742355, -0.669952, 1.33683, 0.0, 0.0, 0.0, 1.0]}, "1039f020c9b341d189a3f823d098a492_d1_0.png": {"intrinsics": {"fx": 1075.07, "fy": 1075.7, "cx": 625.224, "cy": 498.908}, "camera_to_world_matrix": [-0.998478, 0.00198795, 0.0550923, -0.260572, 0.0551017, 0.00515604, 0.998467, 3.36124, 0.00170116, 0.999984, -0.00525889, 1.36999, 0.0, 0.0, 0.0, 1.0]}, "1039f020c9b341d189a3f823d098a492_d1_1.png": {"intrinsics": {"fx": 1075.07, "fy": 1075.7, "cx": 625.224, "cy": 498.908}, "camera_to_world_matrix": [-0.451538, -0.0026003, 0.892247, -0.263502, 0.89225, -0.000524662, 0.451538, 3.36315, -0.000705697, 0.999996, 0.00255587, 1.36996, 0.0, 0.0, 0.0, 1.0]}, "1039f020c9b341d189a3f823d098a492_d1_2.png": {"intrinsics": {"fx": 1075.07, "fy": 1075.7, "cx": 625.224, "cy": 498.908}, "camera_to_world_matrix": [0.546912, -0.00981394, 0.837131, -0.263309, 0.837174, 0.000608435, -0.546934, 3.36665, 0.00485855, 0.999951, 0.00854759, 1.36994, 0.0, 0.0, 0.0, 1.0]}, "1039f020c9b341d189a3f823d098a492_d1_3.png": {"intrinsics": {"fx": 1075.07, "fy": 1075.7, "cx": 625.224, "cy": 498.908}, "camera_to_world_matrix": [0.9984, -0.0124392, -0.0551389, -0.260186, -0.0550492, 0.00742221, -0.998455, 3.36823, 0.0128295, 0.999894, 0.00672442, 1.36995, 0.0, 0.0, 0.0, 1.0]}, "1039f020c9b341d189a3f823d098a492_d1_4.png": {"intrinsics": {"fx": 1075.07, "fy": 1075.7, "cx": 625.224, "cy": 498.908}, "camera_to_world_matrix": [0.451427, -0.0078507, -0.892273, -0.257256, -0.892177, 0.0131027, -0.451494, 3.36631, 0.0152361, 0.999883, -0.00109044, 1.36998, 0.0, 0.0, 0.0, 1.0]}, "1039f020c9b341d189a3f823d098a492_d1_5.png": {"intrinsics": {"fx": 1075.07, "fy": 1075.7, "cx": 625.224, "cy": 498.908}, "camera_to_world_matrix": [-0.547021, -0.000637099, -0.837117, -0.257449, -0.837061, 0.0119693, 0.546976, 3.36282, 0.00967158, 0.999927, -0.00708194, 1.37, 0.0, 0.0, 0.0, 1.0]}, "1039f020c9b341d189a3f823d098a492_d2_0.png": {"intrinsics": {"fx": 1078.06, "fy": 1078.0, "cx": 631.628, "cy": 511.385}, "camera_to_world_matrix": [-0.998796, -0.0295215, 0.0391616, -0.261355, 0.0488936, -0.661471, 0.748375, 3.35041, 0.00381137, 0.749389, 0.662117, 1.40331, 0.0, 0.0, 0.0, 1.0]}, "1039f020c9b341d189a3f823d098a492_d2_1.png": {"intrinsics": {"fx": 1078.06, "fy": 1078.0, "cx": 631.628, "cy": 511.385}, "camera_to_world_matrix": [-0.45709, -0.593625, 0.662327, -0.273535, 0.889418, -0.30621, 0.339365, 3.35837, 0.00135592, 0.744207, 0.667946, 1.40319, 0.0, 0.0, 0.0, 1.0]}, "1039f020c9b341d189a3f823d098a492_d2_2.png": {"intrinsics": {"fx": 1078.06, "fy": 1078.0, "cx": 631.628, "cy": 511.385}, "camera_to_world_matrix": [0.541667, -0.567986, 0.619667, -0.272733, 0.840563, 0.359956, -0.404826, 3.3729, 0.00688266, 0.740151, 0.672404, 1.4031, 0.0, 0.0, 0.0, 1.0]}, "1039f020c9b341d189a3f823d098a492_d2_3.png": {"intrinsics": {"fx": 1078.06, "fy": 1078.0, "cx": 631.628, "cy": 511.385}, "camera_to_world_matrix": [0.998696, 0.0217573, -0.0461576, -0.259751, -0.048815, 0.670845, -0.739989, 3.37947, 0.0148647, 0.741278, 0.671032, 1.40313, 0.0, 0.0, 0.0, 1.0]}, "1039f020c9b341d189a3f823d098a492_d2_4.png": {"intrinsics": {"fx": 1078.06, "fy": 1078.0, "cx": 631.628, "cy": 511.385}, "camera_to_world_matrix": [0.456957, 0.585847, -0.669307, -0.24757, -0.889319, 0.315562, -0.330954, 3.37151, 0.0173198, 0.74646, 0.665203, 1.40324, 0.0, 0.0, 0.0, 1.0]}, "1039f020c9b341d189a3f823d098a492_d2_5.png": {"intrinsics": {"fx": 1078.06, "fy": 1078.0, "cx": 631.628, "cy": 511.385}, "camera_to_world_matrix": [-0.541798, 0.560181, -0.626618, -0.248373, -0.840425, -0.350602, 0.413235, 3.35698, 0.0117929, 0.750516, 0.660746, 1.40333, 0.0, 0.0, 0.0, 1.0]}, "126ef6e65677477f826f0b6ddbcab9af_d0_0.png": {"intrinsics": {"fx": 1071.75, "fy": 1072.34, "cx": 629.724, "cy": 513.349}, "camera_to_world_matrix": [-0.986794, 0.10868, 0.120103, 1.65777, 0.16192, 0.642443, 0.749032, -5.07021, 0.00424557, 0.758587, -0.651557, 1.3739, 0.0, 0.0, 0.0, 1.0]}, "126ef6e65677477f826f0b6ddbcab9af_d0_1.png": {"intrinsics": {"fx": 1071.75, "fy": 1072.34, "cx": 629.724, "cy": 513.349}, "camera_to_world_matrix": [-0.353133, 0.61954, 0.701047, 1.64649, 0.935366, 0.218027, 0.278486, -5.06102, 0.0196855, 0.754078, -0.65649, 1.37399, 0.0, 0.0, 0.0, 1.0]}, "126ef6e65677477f826f0b6ddbcab9af_d0_2.png": {"intrinsics": {"fx": 1071.75, "fy": 1072.34, "cx": 629.724, "cy": 513.349}, "camera_to_world_matrix": [0.633641, 0.507396, 0.583993, 1.64881, 0.773325, -0.436516, -0.459807, -5.04666, 0.0216181, 0.742969, -0.668976, 1.37424, 0.0, 0.0, 0.0, 1.0]}, "126ef6e65677477f826f0b6ddbcab9af_d0_3.png": {"intrinsics": {"fx": 1071.75, "fy": 1072.34, "cx": 629.724, "cy": 513.349}, "camera_to_world_matrix": [0.986731, -0.115606, -0.114002, 1.66241, -0.162158, -0.666629, -0.727537, -5.04149, 0.00811068, 0.73637, -0.67653, 1.37438, 0.0, 0.0, 0.0, 1.0]}, "126ef6e65677477f826f0b6ddbcab9af_d0_4.png": {"intrinsics": {"fx": 1071.75, "fy": 1072.34, "cx": 629.724, "cy": 513.349}, "camera_to_world_matrix": [0.353039, -0.626449, -0.694927, 1.67369, -0.935579, -0.242193, -0.256968, -5.05068, -0.00732897, 0.74088, -0.671597, 1.37429, 0.0, 0.0, 0.0, 1.0]}, "126ef6e65677477f826f0b6ddbcab9af_d0_5.png": {"intrinsics": {"fx": 1071.75, "fy": 1072.34, "cx": 629.724, "cy": 513.349}, "camera_to_world_matrix": [-0.633728, -0.514279, -0.577845, 1.67137, -0.7735, 0.412346, 0.48132, -5.06504, -0.00926092, 0.751989, -0.659111, 1.37404, 0.0, 0.0, 0.0, 1.0]}, "126ef6e65677477f826f0b6ddbcab9af_d1_0.png": {"intrinsics": {"fx": 1075.07, "fy": 1075.7, "cx": 625.224, "cy": 498.908}, "camera_to_world_matrix": [-0.987184, 0.00244001, 0.159558, 1.65938, 0.159489, -0.0180625, 0.987034, -5.05984, 0.00529071, 0.999833, 0.0174408, 1.40733, 0.0, 0.0, 0.0, 1.0]}, "126ef6e65677477f826f0b6ddbcab9af_d1_1.png": {"intrinsics": {"fx": 1075.07, "fy": 1075.7, "cx": 625.224, "cy": 498.908}, "camera_to_world_matrix": [-0.355421, -0.00271899, 0.934702, 1.65667, 0.934475, -0.0232293, 0.355267, -5.05763, 0.0207468, 0.999726, 0.0107959, 1.40735, 0.0, 0.0, 0.0, 1.0]}, "126ef6e65677477f826f0b6ddbcab9af_d1_2.png": {"intrinsics": {"fx": 1075.07, "fy": 1075.7, "cx": 625.224, "cy": 498.908}, "camera_to_world_matrix": [0.631738, -0.0097739, 0.775119, 1.65722, 0.774847, -0.021345, -0.631786, -5.05417, 0.0227203, 0.999724, -0.00591233, 1.40741, 0.0, 0.0, 0.0, 1.0]}, "126ef6e65677477f826f0b6ddbcab9af_d1_3.png": {"intrinsics": {"fx": 1075.07, "fy": 1075.7, "cx": 625.224, "cy": 498.908}, "camera_to_world_matrix": [0.987111, -0.0116697, -0.159603, 1.6605, -0.159762, -0.0142939, -0.987051, -5.05293, 0.00923751, 0.999829, -0.0159752, 1.40744, 0.0, 0.0, 0.0, 1.0]}, "126ef6e65677477f826f0b6ddbcab9af_d1_4.png": {"intrinsics": {"fx": 1075.07, "fy": 1075.7, "cx": 625.224, "cy": 498.908}, "camera_to_world_matrix": [0.355317, -0.00651046, -0.934722, 1.66321, -0.934724, -0.00912735, -0.355254, -5.05514, -0.00621836, 0.999936, -0.00932975, 1.40742, 0.0, 0.0, 0.0, 1.0]}, "126ef6e65677477f826f0b6ddbcab9af_d1_5.png": {"intrinsics": {"fx": 1075.07, "fy": 1075.7, "cx": 625.224, "cy": 498.908}, "camera_to_world_matrix": [-0.631836, 0.000544384, -0.775101, 1.66265, -0.775058, -0.0110119, 0.631793, -5.0586, -0.00819113, 0.999938, 0.00737852, 1.40736, 0.0, 0.0, 0.0, 1.0]}, "126ef6e65677477f826f0b6ddbcab9af_d2_0.png": {"intrinsics": {"fx": 1078.06, "fy": 1078.0, "cx": 631.628, "cy": 511.385}, "camera_to_world_matrix": [-0.988152, -0.0988255, 0.117421, 1.65746, 0.153301, -0.67177, 0.724723, -5.07128, 0.00725918, 0.734138, 0.67896, 1.44039, 0.0, 0.0, 0.0, 1.0]}, "126ef6e65677477f826f0b6ddbcab9af_d2_1.png": {"intrinsics": {"fx": 1078.06, "fy": 1078.0, "cx": 631.628, "cy": 511.385}, "camera_to_world_matrix": [-0.361239, -0.622537, 0.694229, 1.64618, 0.932194, -0.259267, 0.252571, -5.06209, 0.0227561, 0.738395, 0.673983, 1.44048, 0.0, 0.0, 0.0, 1.0]}, "126ef6e65677477f826f0b6ddbcab9af_d2_2.png": {"intrinsics": {"fx": 1078.06, "fy": 1078.0, "cx": 631.628, "cy": 511.385}, "camera_to_world_matrix": [0.626877, -0.527138, 0.573715, 1.64851, 0.778721, 0.400449, -0.482942, -5.04773, 0.0248336, 0.749511, 0.661525, 1.44073, 0.0, 0.0, 0.0, 1.0]}, "126ef6e65677477f826f0b6ddbcab9af_d2_3.png": {"intrinsics": {"fx": 1078.06, "fy": 1078.0, "cx": 631.628, "cy": 511.385}, "camera_to_world_matrix": [0.98806, 0.0919715, -0.123602, 1.66211, -0.153642, 0.647648, -0.746288, -5.04256, 0.011414, 0.756368, 0.654045, 1.44087, 0.0, 0.0, 0.0, 1.0]}, "126ef6e65677477f826f0b6ddbcab9af_d2_4.png": {"intrinsics": {"fx": 1078.06, "fy": 1078.0, "cx": 631.628, "cy": 511.385}, "camera_to_world_matrix": [0.361117, 0.615667, -0.700392, 1.67338, -0.932511, 0.235125, -0.274113, -5.05175, -0.00408276, 0.75211, 0.659023, 1.44078, 0.0, 0.0, 0.0, 1.0]}, "126ef6e65677477f826f0b6ddbcab9af_d2_5.png": {"intrinsics": {"fx": 1078.06, "fy": 1078.0, "cx": 631.628, "cy": 511.385}, "camera_to_world_matrix": [-0.626994, 0.520242, -0.579849, 1.67106, -0.778998, -0.424588, 0.461396, -5.06612, -0.00615949, 0.740995, 0.671481, 1.44053, 0.0, 0.0, 0.0, 1.0]}, "13f2aa8423ca4c5588d50631355707c0_d0_0.png": {"intrinsics": {"fx": 1071.75, "fy": 1072.34, "cx": 629.724, "cy": 513.349}, "camera_to_world_matrix": [0.788304, 0.404619, 0.463529, 4.1785, 0.615248, -0.52672, -0.586546, -5.9562, 0.00682251, 0.747562, -0.664157, 1.37065, 0.0, 0.0, 0.0, 1.0]}, "13f2aa8423ca4c5588d50631355707c0_d0_1.png": {"intrinsics": {"fx": 1071.75, "fy": 1072.34, "cx": 629.724, "cy": 513.349}, "camera_to_world_matrix": [0.926968, -0.253763, -0.276287, 4.19291, -0.375084, -0.61424, -0.694277, -5.95415, 0.00647552, 0.747203, -0.664564, 1.37066, 0.0, 0.0, 0.0, 1.0]}, "13f2aa8423ca4c5588d50631355707c0_d0_2.png": {"intrinsics": {"fx": 1071.75, "fy": 1072.34, "cx": 629.724, "cy": 513.349}, "camera_to_world_matrix": [0.13864, -0.658742, -0.739485, 4.20189, -0.990326, -0.0878195, -0.107437, -5.96559, 0.00583236, 0.747226, -0.664544, 1.37066, 0.0, 0.0, 0.0, 1.0]}, "13f2aa8423ca4c5588d50631355707c0_d0_3.png": {"intrinsics": {"fx": 1071.75, "fy": 1072.34, "cx": 629.724, "cy": 513.349}, "camera_to_world_matrix": [-0.788334, -0.40533, -0.462857, 4.19646, -0.615222, 0.52611, 0.58712, -5.9791, 0.00553615, 0.747607, -0.664118, 1.37065, 0.0, 0.0, 0.0, 1.0]}, "13f2aa8423ca4c5588d50631355707c0_d0_4.png": {"intrinsics": {"fx": 1071.75, "fy": 1072.34, "cx": 629.724, "cy": 513.349}, "camera_to_world_matrix": [-0.92696, 0.253056, 0.276963, 4.18206, 0.375115, 0.613604, 0.694823, -5.98115, 0.00588317, 0.747966, -0.663711, 1.37065, 0.0, 0.0, 0.0, 1.0]}, "13f2aa8423ca4c5588d50631355707c0_d0_5.png": {"intrinsics": {"fx": 1071.75, "fy": 1072.34, "cx": 629.724, "cy": 513.349}, "camera_to_world_matrix": [-0.138607, 0.658014, 0.740139, 4.17308, 0.990326, 0.0871675, 0.107965, -5.9697, 0.00652633, 0.747943, -0.663731, 1.37065, 0.0, 0.0, 0.0, 1.0]}, "13f2aa8423ca4c5588d50631355707c0_d1_0.png": {"intrinsics": {"fx": 1075.07, "fy": 1075.7, "cx": 625.224, "cy": 498.908}, "camera_to_world_matrix": [0.786791, -0.0066584, 0.617182, 4.18531, 0.617167, -0.00432518, -0.78682, -5.96491, 0.00790869, 0.999968, 0.000705175, 1.4039, 0.0, 0.0, 0.0, 1.0]}, "13f2aa8423ca4c5588d50631355707c0_d1_1.png": {"intrinsics": {"fx": 1075.07, "fy": 1075.7, "cx": 625.224, "cy": 498.908}, "camera_to_world_matrix": [0.927874, -0.00695668, -0.372826, 4.18877, -0.372814, 0.00297095, -0.927901, -5.96441, 0.00756306, 0.999971, 0.000161966, 1.40391, 0.0, 0.0, 0.0, 1.0]}, "13f2aa8423ca4c5588d50631355707c0_d1_2.png": {"intrinsics": {"fx": 1075.07, "fy": 1075.7, "cx": 625.224, "cy": 498.908}, "camera_to_world_matrix": [0.141059, -0.000787131, -0.990001, 4.19093, -0.989976, 0.00687726, -0.141061, -5.96717, 0.00691983, 0.999975, 0.000189702, 1.40391, 0.0, 0.0, 0.0, 1.0]}, "13f2aa8423ca4c5588d50631355707c0_d1_3.png": {"intrinsics": {"fx": 1075.07, "fy": 1075.7, "cx": 625.224, "cy": 498.908}, "camera_to_world_matrix": [-0.786822, 0.00568056, -0.617152, 4.18963, -0.617143, 0.00348734, 0.786843, -5.97041, 0.00662223, 0.999977, 0.000760647, 1.4039, 0.0, 0.0, 0.0, 1.0]}, "13f2aa8423ca4c5588d50631355707c0_d1_4.png": {"intrinsics": {"fx": 1075.07, "fy": 1075.7, "cx": 625.224, "cy": 498.908}, "camera_to_world_matrix": [-0.927867, 0.00597856, 0.372862, 4.18616, 0.372844, -0.00380881, 0.927885, -5.97091, 0.00696788, 0.999974, 0.00130384, 1.4039, 0.0, 0.0, 0.0, 1.0]}, "13f2aa8423ca4c5588d50631355707c0_d1_5.png": {"intrinsics": {"fx": 1075.07, "fy": 1075.7, "cx": 625.224, "cy": 498.908}, "camera_to_world_matrix": [-0.141027, -0.000191145, 0.990005, 4.184, 0.989976, -0.00771487, 0.141021, -5.96815, 0.00761112, 0.99997, 0.00127608, 1.4039, 0.0, 0.0, 0.0, 1.0]}, "13f2aa8423ca4c5588d50631355707c0_d2_0.png": {"intrinsics": {"fx": 1078.06, "fy": 1078.0, "cx": 631.628, "cy": 511.385}, "camera_to_world_matrix": [0.782917, -0.420507, 0.45849, 4.17847, 0.622045, 0.517298, -0.587761, -5.95623, 0.0099816, 0.74537, 0.666575, 1.43715, 0.0, 0.0, 0.0, 1.0]}, "13f2aa8423ca4c5588d50631355707c0_d2_1.png": {"intrinsics": {"fx": 1078.06, "fy": 1078.0, "cx": 631.628, "cy": 511.385}, "camera_to_world_matrix": [0.930162, 0.237836, -0.279701, 4.19288, -0.367022, 0.622344, -0.691363, -5.95417, 0.00963935, 0.745736, 0.666171, 1.43716, 0.0, 0.0, 0.0, 1.0]}, "13f2aa8423ca4c5588d50631355707c0_d2_2.png": {"intrinsics": {"fx": 1078.06, "fy": 1078.0, "cx": 631.628, "cy": 511.385}, "camera_to_world_matrix": [0.147219, 0.657973, -0.738511, 4.20186, -0.989062, 0.10472, -0.103866, -5.96562, 0.00899599, 0.745724, 0.666193, 1.43716, 0.0, 0.0, 0.0, 1.0]}, "13f2aa8423ca4c5588d50631355707c0_d2_3.png": {"intrinsics": {"fx": 1078.06, "fy": 1078.0, "cx": 631.628, "cy": 511.385}, "camera_to_world_matrix": [-0.782951, 0.419758, -0.459119, 4.19643, -0.622022, -0.517939, 0.58722, -5.97912, 0.00869486, 0.745347, 0.666619, 1.43715, 0.0, 0.0, 0.0, 1.0]}, "13f2aa8423ca4c5588d50631355707c0_d2_4.png": {"intrinsics": {"fx": 1078.06, "fy": 1078.0, "cx": 631.628, "cy": 511.385}, "camera_to_world_matrix": [-0.930157, -0.238589, 0.279076, 4.18203, 0.36705, -0.622959, 0.690793, -5.98118, 0.00903705, 0.744981, 0.667023, 1.43715, 0.0, 0.0, 0.0, 1.0]}, "13f2aa8423ca4c5588d50631355707c0_d2_5.png": {"intrinsics": {"fx": 1078.06, "fy": 1078.0, "cx": 631.628, "cy": 511.385}, "camera_to_world_matrix": [-0.147189, -0.658707, 0.737863, 4.17305, 0.98906, -0.105318, 0.103278, -5.96973, 0.00968047, 0.744992, 0.667001, 1.43715, 0.0, 0.0, 0.0, 1.0]}, "15c01d0144e6410a9c05aa49aed26d6e_d0_0.png": {"intrinsics": {"fx": 1071.75, "fy": 1072.34, "cx": 629.724, "cy": 513.349}, "camera_to_world_matrix": [-0.971007, 0.155665, 0.181419, -6.97403, 0.239047, 0.635411, 0.73424, -6.17521, -0.000979962, 0.75632, -0.6542, 1.33244, 0.0, 0.0, 0.0, 1.0]}, "15c01d0144e6410a9c05aa49aed26d6e_d0_1.png": {"intrinsics": {"fx": 1071.75, "fy": 1072.34, "cx": 629.724, "cy": 513.349}, "camera_to_world_matrix": [-0.278535, 0.631568, 0.723561, -6.98455, 0.960323, 0.172115, 0.219444, -6.16516, 0.0140576, 0.755975, -0.65445, 1.33244, 0.0, 0.0, 0.0, 1.0]}, "15c01d0144e6410a9c05aa49aed26d6e_d0_2.png": {"intrinsics": {"fx": 1071.75, "fy": 1072.34, "cx": 629.724, "cy": 513.349}, "camera_to_world_matrix": [0.692416, 0.468327, 0.548843, -6.98111, 0.721186, -0.471625, -0.507406, -6.15102, 0.0212161, 0.747154, -0.664312, 1.33263, 0.0, 0.0, 0.0, 1.0]}, "15c01d0144e6410a9c05aa49aed26d6e_d0_3.png": {"intrinsics": {"fx": 1071.75, "fy": 1072.34, "cx": 629.724, "cy": 513.349}, "camera_to_world_matrix": [0.970873, -0.170813, -0.168012, -6.96715, -0.239222, -0.652055, -0.719442, -6.14694, 0.0133367, 0.738679, -0.673925, 1.33282, 0.0, 0.0, 0.0, 1.0]}, "15c01d0144e6410a9c05aa49aed26d6e_d0_4.png": {"intrinsics": {"fx": 1071.75, "fy": 1072.34, "cx": 629.724, "cy": 513.349}, "camera_to_world_matrix": [0.278372, -0.646698, -0.710134, -6.95663, -0.960471, -0.18874, -0.204624, -6.15699, -0.00170088, 0.739026, -0.673675, 1.33281, 0.0, 0.0, 0.0, 1.0]}, "15c01d0144e6410a9c05aa49aed26d6e_d0_5.png": {"intrinsics": {"fx": 1071.75, "fy": 1072.34, "cx": 629.724, "cy": 513.349}, "camera_to_world_matrix": [-0.692569, -0.483432, -0.535388, -6.96007, -0.721296, 0.454993, 0.522218, -6.17112, -0.0088588, 0.747846, -0.663813, 1.33262, 0.0, 0.0, 0.0, 1.0]}, "15c01d0144e6410a9c05aa49aed26d6e_d1_0.png": {"intrinsics": {"fx": 1075.07, "fy": 1075.7, "cx": 625.224, "cy": 498.908}, "camera_to_world_matrix": [-0.971592, -0.00322942, 0.236637, -6.97176, 0.236658, -0.0135687, 0.971497, -6.16484, 7.37719e-05, 0.999902, 0.0139463, 1.36583, 0.0, 0.0, 0.0, 1.0]}, "15c01d0144e6410a9c05aa49aed26d6e_d1_1.png": {"intrinsics": {"fx": 1075.07, "fy": 1075.7, "cx": 625.224, "cy": 498.908}, "camera_to_world_matrix": [-0.28089, -0.00877839, 0.959699, -6.97429, 0.95962, -0.0183141, 0.2807, -6.16243, 0.0151123, 0.999793, 0.013567, 1.36583, 0.0, 0.0, 0.0, 1.0]}, "15c01d0144e6410a9c05aa49aed26d6e_d1_2.png": {"intrinsics": {"fx": 1075.07, "fy": 1075.7, "cx": 625.224, "cy": 498.908}, "camera_to_world_matrix": [0.690634, -0.0156631, 0.723033, -6.97346, 0.722859, -0.0158808, -0.690812, -6.15902, 0.022303, 0.99975, 0.000353248, 1.36588, 0.0, 0.0, 0.0, 1.0]}, "15c01d0144e6410a9c05aa49aed26d6e_d1_3.png": {"intrinsics": {"fx": 1075.07, "fy": 1075.7, "cx": 625.224, "cy": 498.908}, "camera_to_world_matrix": [0.971436, -0.0169988, -0.236689, -6.9701, -0.23685