{"00a7d1bfbbdd4e9e92a9586f3a4f5540_d0_0.png": {"intrinsics": {"fx": 1069.67, "fy": 1070.36, "cx": 632.9, "cy": 515.549}, "camera_to_world_matrix": [-0.315327, -0.64287, -0.698058, 4.09114, -0.948958, 0.218862, 0.227105, -5.43022, 0.00677953, 0.73404, -0.679071, 1.47539, 0.0, 0.0, 0.0, 1.0]}, "00a7d1bfbbdd4e9e92a9586f3a4f5540_d0_1.png": {"intrinsics": {"fx": 1069.67, "fy": 1070.36, "cx": 632.9, "cy": 515.549}, "camera_to_world_matrix": [-0.979455, -0.142242, -0.142943, 4.08031, -0.201484, 0.660952, 0.722872, -5.43993, -0.00834433, 0.736823, -0.676034, 1.47534, 0.0, 0.0, 0.0, 1.0]}, "00a7d1bfbbdd4e9e92a9586f3a4f5540_d0_2.png": {"intrinsics": {"fx": 1069.67, "fy": 1070.36, "cx": 632.9, "cy": 515.549}, "camera_to_world_matrix": [-0.664143, 0.490864, 0.563884, 4.06648, 0.747502, 0.448454, 0.490028, -5.4354, -0.0123392, 0.746954, -0.664761, 1.47511, 0.0, 0.0, 0.0, 1.0]}, "00a7d1bfbbdd4e9e92a9586f3a4f5540_d0_3.png": {"intrinsics": {"fx": 1069.67, "fy": 1070.36, "cx": 632.9, "cy": 515.549}, "camera_to_world_matrix": [0.315291, 0.623326, 0.71558, 4.06349, 0.948993, -0.20613, -0.238579, -5.42117, -0.00121016, 0.754303, -0.656525, 1.47495, 0.0, 0.0, 0.0, 1.0]}, "00a7d1bfbbdd4e9e92a9586f3a4f5540_d0_4.png": {"intrinsics": {"fx": 1069.67, "fy": 1070.36, "cx": 632.9, "cy": 515.549}, "camera_to_world_matrix": [0.97939, 0.12268, 0.160445, 4.07433, 0.201493, -0.648201, -0.734326, -5.41146, 0.0139135, 0.751521, -0.659563, 1.47501, 0.0, 0.0, 0.0, 1.0]}, "00a7d1bfbbdd4e9e92a9586f3a4f5540_d0_5.png": {"intrinsics": {"fx": 1069.67, "fy": 1070.36, "cx": 632.9, "cy": 515.549}, "camera_to_world_matrix": [0.664041, -0.510417, -0.546373, 4.08815, -0.747481, -0.435678, -0.501453, -5.41599, 0.0179078, 0.741389, -0.670836, 1.47523, 0.0, 0.0, 0.0, 1.0]}, "00a7d1bfbbdd4e9e92a9586f3a4f5540_d1_0.png": {"intrinsics": {"fx": 1068.71, "fy": 1069.33, "cx": 631.868, "cy": 517.548}, "camera_to_world_matrix": [-0.311357, -0.0192346, -0.950098, 4.08021, -0.950277, 0.0120552, 0.311172, -5.4265, 0.00546855, 0.999742, -0.0220324, 1.50847, 0.0, 0.0, 0.0, 1.0]}, "00a7d1bfbbdd4e9e92a9586f3a4f5540_d1_1.png": {"intrinsics": {"fx": 1068.71, "fy": 1069.33, "cx": 631.868, "cy": 517.548}, "camera_to_world_matrix": [-0.978593, -0.0131602, -0.205378, 4.0776, -0.205572, 0.015605, 0.978517, -5.42884, -0.00967236, 0.999791, -0.017977, 1.50846, 0.0, 0.0, 0.0, 1.0]}, "00a7d1bfbbdd4e9e92a9586f3a4f5540_d1_2.png": {"intrinsics": {"fx": 1068.71, "fy": 1069.33, "cx": 631.868, "cy": 517.548}, "camera_to_world_matrix": [-0.667233, -0.00704953, 0.744815, 4.07427, 0.744722, 0.0121192, 0.667264, -5.42775, -0.0137303, 0.999901, -0.00283708, 1.50841, 0.0, 0.0, 0.0, 1.0]}, "00a7d1bfbbdd4e9e92a9586f3a4f5540_d1_3.png": {"intrinsics": {"fx": 1068.71, "fy": 1069.33, "cx": 631.868, "cy": 517.548}, "camera_to_world_matrix": [0.311357, -0.00701351, 0.950267, 4.07355, 0.950289, 0.00508379, -0.311327, -5.42432, -0.00264731, 0.999962, 0.00824708, 1.50837, 0.0, 0.0, 0.0, 1.0]}, "00a7d1bfbbdd4e9e92a9586f3a4f5540_d1_4.png": {"intrinsics": {"fx": 1068.71, "fy": 1069.33, "cx": 631.868, "cy": 517.548}, "camera_to_world_matrix": [0.978565, -0.0130881, 0.205521, 4.07616, 0.205558, 0.00153427, -0.978643, -5.42199, 0.0124934, 0.999913, 0.00419109, 1.50838, 0.0, 0.0, 0.0, 1.0]}, "00a7d1bfbbdd4e9e92a9586f3a4f5540_d1_5.png": {"intrinsics": {"fx": 1068.71, "fy": 1069.33, "cx": 631.868, "cy": 517.548}, "camera_to_world_matrix": [0.667167, -0.0191986, -0.74466, 4.07949, -0.744723, 0.00502027, -0.667353, -5.42307, 0.0165508, 0.999803, -0.010949, 1.50843, 0.0, 0.0, 0.0, 1.0]}, "00a7d1bfbbdd4e9e92a9586f3a4f5540_d2_0.png": {"intrinsics": {"fx": 1070.29, "fy": 1070.48, "cx": 636.783, "cy": 522.149}, "camera_to_world_matrix": [-0.306127, 0.628392, -0.71513, 4.09027, -0.951963, -0.19623, 0.235078, -5.42965, 0.00739043, 0.75274, 0.658277, 1.54189, 0.0, 0.0, 0.0, 1.0]}, "00a7d1bfbbdd4e9e92a9586f3a4f5540_d2_1.png": {"intrinsics": {"fx": 1070.29, "fy": 1070.48, "cx": 636.783, "cy": 522.149}, "camera_to_world_matrix": [-0.977465, 0.133807, -0.163277, 4.07943, -0.210958, -0.647626, 0.732173, -5.43936, -0.0077726, 0.750117, 0.66126, 1.54183, 0.0, 0.0, 0.0, 1.0]}, "00a7d1bfbbdd4e9e92a9586f3a4f5540_d2_2.png": {"intrinsics": {"fx": 1070.29, "fy": 1070.48, "cx": 636.783, "cy": 522.149}, "camera_to_world_matrix": [-0.671359, -0.504335, 0.543069, 4.06561, 0.741038, -0.445017, 0.502817, -5.43483, -0.0119141, 0.740005, 0.672498, 1.54161, 0.0, 0.0, 0.0, 1.0]}, "00a7d1bfbbdd4e9e92a9586f3a4f5540_d2_3.png": {"intrinsics": {"fx": 1070.29, "fy": 1070.48, "cx": 636.783, "cy": 522.149}, "camera_to_world_matrix": [0.306078, -0.647879, 0.697545, 4.06262, 0.952007, 0.208985, -0.223628, -5.4206, -0.000892552, 0.732515, 0.680751, 1.54145, 0.0, 0.0, 0.0, 1.0]}, "00a7d1bfbbdd4e9e92a9586f3a4f5540_d2_4.png": {"intrinsics": {"fx": 1070.29, "fy": 1070.48, "cx": 636.783, "cy": 522.149}, "camera_to_world_matrix": [0.977388, -0.153277, 0.145673, 4.07345, 0.210976, 0.660362, -0.720702, -5.41089, 0.0142703, 0.735138, 0.677768, 1.5415, 0.0, 0.0, 0.0, 1.0]}, "00a7d1bfbbdd4e9e92a9586f3a4f5540_d2_5.png": {"intrinsics": {"fx": 1070.29, "fy": 1070.48, "cx": 636.783, "cy": 522.149}, "camera_to_world_matrix": [0.671245, 0.484857, -0.560664, 4.08728, -0.741008, 0.457727, -0.491319, -5.41542, 0.0184113, 0.745251, 0.666531, 1.54172, 0.0, 0.0, 0.0, 1.0]}, "0672a86275c14b148e8618ecde714e06_d0_0.png": {"intrinsics": {"fx": 1069.67, "fy": 1070.36, "cx": 632.9, "cy": 515.549}, "camera_to_world_matrix": [0.593652, 0.525318, 0.609604, -0.252152, 0.804673, -0.395726, -0.442606, -0.199024, 0.00872706, 0.753287, -0.657634, 4.68682, 0.0, 0.0, 0.0, 1.0]}, "0672a86275c14b148e8618ecde714e06_d0_1.png": {"intrinsics": {"fx": 1069.67, "fy": 1070.36, "cx": 632.9, "cy": 515.549}, "camera_to_world_matrix": [0.993569, -0.0875902, -0.0717337, -0.238842, -0.111842, -0.660981, -0.74202, -0.193149, 0.0175792, 0.745272, -0.666529, 4.687, 0.0, 0.0, 0.0, 1.0]}, "0672a86275c14b148e8618ecde714e06_d0_2.png": {"intrinsics": {"fx": 1069.67, "fy": 1070.36, "cx": 632.9, "cy": 515.549}, "camera_to_world_matrix": [0.399854, -0.623708, -0.671642, -0.2271, -0.916504, -0.262766, -0.301617, -0.201739, 0.0116362, 0.736166, -0.676701, 4.6872, 0.0, 0.0, 0.0, 1.0]}, "0672a86275c14b148e8618ecde714e06_d0_3.png": {"intrinsics": {"fx": 1069.67, "fy": 1070.36, "cx": 632.9, "cy": 515.549}, "camera_to_world_matrix": [-0.593765, -0.546907, -0.590199, -0.228668, -0.804632, 0.400695, 0.43819, -0.216204, -0.00315875, 0.735075, -0.677978, 4.68722, 0.0, 0.0, 0.0, 1.0]}, "0672a86275c14b148e8618ecde714e06_d0_4.png": {"intrinsics": {"fx": 1069.67, "fy": 1070.36, "cx": 632.9, "cy": 515.549}, "camera_to_world_matrix": [-0.993646, 0.0660116, 0.0911499, -0.241978, 0.1119, 0.665927, 0.737576, -0.222079, -0.0120105, 0.74309, -0.669083, 4.68705, 0.0, 0.0, 0.0, 1.0]}, "0672a86275c14b148e8618ecde714e06_d0_5.png": {"intrinsics": {"fx": 1069.67, "fy": 1070.36, "cx": 632.9, "cy": 515.549}, "camera_to_world_matrix": [-0.399899, 0.602114, 0.691041, -0.25372, 0.916538, 0.267691, 0.29715, -0.213489, -0.00606695, 0.752196, -0.658911, 4.68685, 0.0, 0.0, 0.0, 1.0]}, "0672a86275c14b148e8618ecde714e06_d1_0.png": {"intrinsics": {"fx": 1068.71, "fy": 1069.33, "cx": 631.868, "cy": 517.548}, "camera_to_world_matrix": [0.59032, -0.00978354, 0.80711, -0.243717, 0.807136, -0.00188342, -0.590362, -0.205437, 0.00729612, 0.99995, 0.00678417, 4.72022, 0.0, 0.0, 0.0, 1.0]}, "0672a86275c14b148e8618ecde714e06_d1_1.png": {"intrinsics": {"fx": 1068.71, "fy": 1069.33, "cx": 631.868, "cy": 517.548}, "camera_to_world_matrix": [0.99405, -0.0166584, -0.10764, -0.240515, -0.10771, -0.00337667, -0.994176, -0.204024, 0.0161981, 0.999855, -0.00515152, 4.72026, 0.0, 0.0, 0.0, 1.0]}, "0672a86275c14b148e8618ecde714e06_d1_2.png": {"intrinsics": {"fx": 1068.71, "fy": 1069.33, "cx": 631.868, "cy": 517.548}, "camera_to_world_matrix": [0.403687, -0.0213885, -0.914647, -0.237691, -0.914838, 0.00183109, -0.403815, -0.20609, 0.010312, 0.999769, -0.0188285, 4.72031, 0.0, 0.0, 0.0, 1.0]}, "0672a86275c14b148e8618ecde714e06_d1_3.png": {"intrinsics": {"fx": 1068.71, "fy": 1069.33, "cx": 631.868, "cy": 517.548}, "camera_to_world_matrix": [-0.590392, -0.0192437, -0.806886, -0.238068, -0.807103, 0.008532, 0.590348, -0.20957, -0.00447597, 0.999778, -0.0205696, 4.72032, 0.0, 0.0, 0.0, 1.0]}, "0672a86275c14b148e8618ecde714e06_d1_4.png": {"intrinsics": {"fx": 1068.71, "fy": 1069.33, "cx": 631.868, "cy": 517.548}, "camera_to_world_matrix": [-0.994087, -0.0123688, 0.107879, -0.24127, 0.107758, 0.010025, 0.994126, -0.210983, -0.0133775, 0.999873, -0.00863352, 4.72028, 0.0, 0.0, 0.0, 1.0]}, "0672a86275c14b148e8618ecde714e06_d1_5.png": {"intrinsics": {"fx": 1068.71, "fy": 1069.33, "cx": 631.868, "cy": 517.548}, "camera_to_world_matrix": [-0.403692, -0.00763886, 0.914863, -0.244094, 0.914864, 0.00481702, 0.403733, -0.208917, -0.00749081, 0.999959, 0.00504327, 4.72023, 0.0, 0.0, 0.0, 1.0]}, "0672a86275c14b148e8618ecde714e06_d2_0.png": {"intrinsics": {"fx": 1070.29, "fy": 1070.48, "cx": 636.783, "cy": 522.149}, "camera_to_world_matrix": [0.585825, -0.554752, 0.590815, -0.253117, 0.810389, 0.392827, -0.434694, -0.198803, 0.0090588, 0.733443, 0.679692, 4.75332, 0.0, 0.0, 0.0, 1.0]}, "0672a86275c14b148e8618ecde714e06_d2_1.png": {"intrinsics": {"fx": 1070.29, "fy": 1070.48, "cx": 636.783, "cy": 522.149}, "camera_to_world_matrix": [0.994601, 0.0552919, -0.0878324, -0.239807, -0.10221, 0.668804, -0.73638, -0.192928, 0.0180266, 0.741381, 0.670844, 4.75349, 0.0, 0.0, 0.0, 1.0]}, "0672a86275c14b148e8618ecde714e06_d2_2.png": {"intrinsics": {"fx": 1070.29, "fy": 1070.48, "cx": 636.783, "cy": 522.149}, "camera_to_world_matrix": [0.408706, 0.599262, -0.688364, -0.228065, -0.912585, 0.278431, -0.299444, -0.201518, 0.0122161, 0.750574, 0.660674, 4.75369, 0.0, 0.0, 0.0, 1.0]}, "0672a86275c14b148e8618ecde714e06_d2_3.png": {"intrinsics": {"fx": 1070.29, "fy": 1070.48, "cx": 636.783, "cy": 522.149}, "camera_to_world_matrix": [-0.585951, 0.533176, -0.610235, -0.229633, -0.810344, -0.38791, 0.439169, -0.215983, -0.00256197, 0.75183, 0.659353, 4.75372, 0.0, 0.0, 0.0, 1.0]}, "0672a86275c14b148e8618ecde714e06_d2_4.png": {"intrinsics": {"fx": 1070.29, "fy": 1070.48, "cx": 636.783, "cy": 522.149}, "camera_to_world_matrix": [-0.994691, -0.0768777, 0.0684241, -0.242943, 0.10227, -0.663863, 0.740829, -0.221858, -0.0115292, 0.743893, 0.668201, 4.75354, 0.0, 0.0, 0.0, 1.0]}, "0672a86275c14b148e8618ecde714e06_d2_5.png": {"intrinsics": {"fx": 1070.29, "fy": 1070.48, "cx": 636.783, "cy": 522.149}, "camera_to_world_matrix": [-0.408765, -0.620833, 0.668939, -0.254685, 0.912623, -0.273469, 0.303869, -0.213268, -0.00571828, 0.734699, 0.678371, 4.75334, 0.0, 0.0, 0.0, 1.0]}, "100d11cb989b46078ef7edb1b4dd34b9_d0_0.png": {"intrinsics": {"fx": 1069.67, "fy": 1070.36, "cx": 632.9, "cy": 515.549}, "camera_to_world_matrix": [0.568402, -0.562126, -0.600776, -1.79193, -0.822749, -0.387475, -0.415866, -3.01386, 0.000983765, 0.730668, -0.682732, 1.46, 0.0, 0.0, 0.0, 1.0]}, "100d11cb989b46078ef7edb1b4dd34b9_d0_1.png": {"intrinsics": {"fx": 1069.67, "fy": 1070.36, "cx": 632.9, "cy": 515.549}, "camera_to_world_matrix": [-0.428198, -0.614158, -0.662914, -1.79069, -0.90355, 0.278342, 0.325762, -3.02836, -0.015552, 0.738467, -0.67411, 1.45983, 0.0, 0.0, 0.0, 1.0]}, "100d11cb989b46078ef7edb1b4dd34b9_d0_2.png": {"intrinsics": {"fx": 1069.67, "fy": 1070.36, "cx": 632.9, "cy": 515.549}, "camera_to_world_matrix": [-0.996633, -0.0635847, -0.0517432, -1.80263, -0.0808165, 0.656191, 0.750254, -3.03668, -0.0137512, 0.75191, -0.659122, 1.45954, 0.0, 0.0, 0.0, 1.0]}, "100d11cb989b46078ef7edb1b4dd34b9_d0_3.png": {"intrinsics": {"fx": 1069.67, "fy": 1070.36, "cx": 632.9, "cy": 515.549}, "camera_to_world_matrix": [-0.568456, 0.539008, 0.621552, -1.8158, 0.822699, 0.368213, 0.433108, -3.0305, 0.00458534, 0.757554, -0.652756, 1.45941, 0.0, 0.0, 0.0, 1.0]}, "100d11cb989b46078ef7edb1b4dd34b9_d0_4.png": {"intrinsics": {"fx": 1069.67, "fy": 1070.36, "cx": 632.9, "cy": 515.549}, "camera_to_world_matrix": [0.428147, 0.591014, 0.68366, -1.81704, 0.903461, -0.297606, -0.308523, -3.016, 0.0211206, 0.749754, -0.661379, 1.45958, 0.0, 0.0, 0.0, 1.0]}, "100d11cb989b46078ef7edb1b4dd34b9_d0_5.png": {"intrinsics": {"fx": 1069.67, "fy": 1070.36, "cx": 632.9, "cy": 515.549}, "camera_to_world_matrix": [0.99655, 0.0404258, 0.0724728, -1.8051, 0.0807054, -0.675433, -0.732991, -3.00769, 0.019319, 0.736311, -0.676367, 1.45987, 0.0, 0.0, 0.0, 1.0]}, "100d11cb989b46078ef7edb1b4dd34b9_d1_0.png": {"intrinsics": {"fx": 1068.71, "fy": 1069.33, "cx": 631.868, "cy": 517.548}, "camera_to_world_matrix": [0.571844, -0.0220005, -0.820067, -1.80151, -0.820361, -0.0157092, -0.571628, -3.02061, -0.000306359, 0.999634, -0.0270323, 1.49302, 0.0, 0.0, 0.0, 1.0]}, "100d11cb989b46078ef7edb1b4dd34b9_d1_1.png": {"intrinsics": {"fx": 1068.71, "fy": 1069.33, "cx": 631.868, "cy": 517.548}, "camera_to_world_matrix": [-0.424413, -0.0211824, -0.90522, -1.80121, -0.90531, -0.00872193, 0.424659, -3.0241, -0.0168904, 0.999737, -0.0154756, 1.49298, 0.0, 0.0, 0.0, 1.0]}, "100d11cb989b46078ef7edb1b4dd34b9_d1_2.png": {"intrinsics": {"fx": 1068.71, "fy": 1069.33, "cx": 631.868, "cy": 517.548}, "camera_to_world_matrix": [-0.996269, -0.0147221, -0.0850262, -1.80408, -0.084947, -0.00593811, 0.996367, -3.0261, -0.0151734, 0.999874, 0.0046647, 1.49291, 0.0, 0.0, 0.0, 1.0]}, "100d11cb989b46078ef7edb1b4dd34b9_d1_3.png": {"intrinsics": {"fx": 1068.71, "fy": 1069.33, "cx": 631.868, "cy": 517.548}, "camera_to_world_matrix": [-0.571856, -0.00908022, 0.820303, -1.80725, 0.820347, -0.0101417, 0.571775, -3.02461, 0.00312756, 0.999907, 0.0132479, 1.49288, 0.0, 0.0, 0.0, 1.0]}, "100d11cb989b46078ef7edb1b4dd34b9_d1_4.png": {"intrinsics": {"fx": 1068.71, "fy": 1069.33, "cx": 631.868, "cy": 517.548}, "camera_to_world_matrix": [0.424404, -0.00989861, 0.905418, -1.80755, 0.905257, -0.0171289, -0.424517, -3.02113, 0.0197111, 0.999804, 0.00169053, 1.49292, 0.0, 0.0, 0.0, 1.0]}, "100d11cb989b46078ef7edb1b4dd34b9_d1_5.png": {"intrinsics": {"fx": 1068.71, "fy": 1069.33, "cx": 631.868, "cy": 517.548}, "camera_to_world_matrix": [0.996229, -0.0163589, 0.0852014, -1.80468, 0.0848715, -0.0199125, -0.996193, -3.01912, 0.0179934, 0.999667, -0.0184497, 1.49299, 0.0, 0.0, 0.0, 1.0]}, "100d11cb989b46078ef7edb1b4dd34b9_d2_0.png": {"intrinsics": {"fx": 1070.29, "fy": 1070.48, "cx": 636.783, "cy": 522.149}, "camera_to_world_matrix": [0.576336, 0.534147, -0.618485, -1.79296, -0.817212, 0.378226, -0.434869, -3.01472, 0.0016431, 0.756063, 0.654498, 1.52648, 0.0, 0.0, 0.0, 1.0]}, "100d11cb989b46078ef7edb1b4dd34b9_d2_1.png": {"intrinsics": {"fx": 1070.29, "fy": 1070.48, "cx": 636.783, "cy": 522.149}, "camera_to_world_matrix": [-0.419433, 0.597249, -0.683646, -1.79173, -0.907664, -0.288361, 0.304953, -3.02922, -0.0150045, 0.748426, 0.663049, 1.52632, 0.0, 0.0, 0.0, 1.0]}, "100d11cb989b46078ef7edb1b4dd34b9_d2_2.png": {"intrinsics": {"fx": 1070.29, "fy": 1070.48, "cx": 636.783, "cy": 522.149}, "camera_to_world_matrix": [-0.99581, 0.0515453, -0.0755513, -1.80366, -0.0904729, -0.676181, 0.731159, -3.03754, -0.0133988, 0.73493, 0.678012, 1.52602, 0.0, 0.0, 0.0, 1.0]}, "100d11cb989b46078ef7edb1b4dd34b9_d2_3.png": {"intrinsics": {"fx": 1070.29, "fy": 1070.48, "cx": 636.783, "cy": 522.149}, "camera_to_world_matrix": [-0.576405, -0.557247, 0.59769, -1.81683, 0.817151, -0.397405, 0.417535, -3.03136, 0.00485444, 0.729071, 0.684422, 1.5259, 0.0, 0.0, 0.0, 1.0]}, "100d11cb989b46078ef7edb1b4dd34b9_d2_4.png": {"intrinsics": {"fx": 1070.29, "fy": 1070.48, "cx": 636.783, "cy": 522.149}, "camera_to_world_matrix": [0.419367, -0.620323, 0.662821, -1.81807, 0.907563, 0.269185, -0.322289, -3.01686, 0.0215016, 0.736709, 0.67587, 1.52607, 0.0, 0.0, 0.0, 1.0]}, "100d11cb989b46078ef7edb1b4dd34b9_d2_5.png": {"intrinsics": {"fx": 1070.29, "fy": 1070.48, "cx": 636.783, "cy": 522.149}, "camera_to_world_matrix": [0.995712, -0.074604, 0.0547102, -1.80614, 0.0903499, 0.656983, -0.748472, -3.00855, 0.0198951, 0.750205, 0.660907, 1.52636, 0.0, 0.0, 0.0, 1.0]}, "1227344eaa1f424b83db585fd665fb2a_d0_0.png": {"intrinsics": {"fx": 1069.67, "fy": 1070.36, "cx": 632.9, "cy": 515.549}, "camera_to_world_matrix": [0.725711, -0.465756, -0.506373, 7.29863, -0.687955, -0.482998, -0.54169, -1.51538, 0.00771829, 0.741473, -0.670938, 1.44779, 0.0, 0.0, 0.0, 1.0]}, "1227344eaa1f424b83db585fd665fb2a_d0_1.png": {"intrinsics": {"fx": 1069.67, "fy": 1070.36, "cx": 632.9, "cy": 515.549}, "camera_to_world_matrix": [-0.232944, -0.653799, -0.719918, 7.30283, -0.972488, 0.157875, 0.171292, -1.52932, 0.00166651, 0.740014, -0.672589, 1.44782, 0.0, 0.0, 0.0, 1.0]}, "1227344eaa1f424b83db585fd665fb2a_d0_2.png": {"intrinsics": {"fx": 1069.67, "fy": 1070.36, "cx": 632.9, "cy": 515.549}, "camera_to_world_matrix": [-0.958667, -0.192812, -0.209236, 7.29286, -0.284509, 0.64116, 0.712718, -1.53992, -0.00326708, 0.742789, -0.669517, 1.44776, 0.0, 0.0, 0.0, 1.0]}, "1227344eaa1f424b83db585fd665fb2a_d0_3.png": {"intrinsics": {"fx": 1069.67, "fy": 1070.36, "cx": 632.9, "cy": 515.549}, "camera_to_world_matrix": [-0.72572, 0.456206, 0.514981, 7.2787, 0.687986, 0.483561, 0.541149, -1.53659, -0.00214878, 0.747023, -0.664795, 1.44767, 0.0, 0.0, 0.0, 1.0]}, "1227344eaa1f424b83db585fd665fb2a_d0_4.png": {"intrinsics": {"fx": 1069.67, "fy": 1070.36, "cx": 632.9, "cy": 515.549}, "camera_to_world_matrix": [0.232946, 0.644224, 0.728499, 7.2745, 0.972481, -0.15732, -0.171841, -1.52266, 0.00390301, 0.748481, -0.663144, 1.44764, 0.0, 0.0, 0.0, 1.0]}, "1227344eaa1f424b83db585fd665fb2a_d0_5.png": {"intrinsics": {"fx": 1069.67, "fy": 1070.36, "cx": 632.9, "cy": 515.549}, "camera_to_world_matrix": [0.958642, 0.183218, 0.217795, 7.28447, 0.284474, -0.640587, -0.713247, -1.51205, 0.00883649, 0.745706, -0.666216, 1.4477, 0.0, 0.0, 0.0, 1.0]}, "1227344eaa1f424b83db585fd665fb2a_d1_0.png": {"intrinsics": {"fx": 1068.71, "fy": 1069.33, "cx": 631.868, "cy": 517.548}, "camera_to_world_matrix": [0.728579, -0.0121769, -0.684853, 7.29085, -0.684931, -0.00366633, -0.728598, -1.52342, 0.0063613, 0.999919, -0.0110122, 1.48099, 0.0, 0.0, 0.0, 1.0]}, "1227344eaa1f424b83db585fd665fb2a_d1_1.png": {"intrinsics": {"fx": 1068.71, "fy": 1069.33, "cx": 631.868, "cy": 517.548}, "camera_to_world_matrix": [-0.228885, -0.0128152, -0.973369, 7.29186, -0.973453, 0.00334045, 0.228861, -1.52677, 0.000318736, 0.999912, -0.0132403, 1.481, 0.0, 0.0, 0.0, 1.0]}, "1227344eaa1f424b83db585fd665fb2a_d1_2.png": {"intrinsics": {"fx": 1068.71, "fy": 1069.33, "cx": 631.868, "cy": 517.548}, "camera_to_world_matrix": [-0.957468, -0.00706645, -0.28845, 7.28946, -0.288499, 0.00739664, 0.957451, -1.52932, -0.00463207, 0.999947, -0.00912138, 1.48099, 0.0, 0.0, 0.0, 1.0]}, "1227344eaa1f424b83db585fd665fb2a_d1_3.png": {"intrinsics": {"fx": 1068.71, "fy": 1069.33, "cx": 631.868, "cy": 517.548}, "camera_to_world_matrix": [-0.728571, -0.00067942, 0.68497, 7.28605, 0.684961, 0.00444597, 0.728566, -1.52852, -0.00354019, 0.99999, -0.00277449, 1.48096, 0.0, 0.0, 0.0, 1.0]}, "1227344eaa1f424b83db585fd665fb2a_d1_4.png": {"intrinsics": {"fx": 1068.71, "fy": 1069.33, "cx": 631.868, "cy": 517.548}, "camera_to_world_matrix": [0.228905, -4.13107e-05, 0.973448, 7.28504, 0.973445, -0.00256083, -0.228905, -1.52517, 0.00250245, 0.999996, -0.000546635, 1.48096, 0.0, 0.0, 0.0, 1.0]}, "1227344eaa1f424b83db585fd665fb2a_d1_5.png": {"intrinsics": {"fx": 1068.71, "fy": 1069.33, "cx": 631.868, "cy": 517.548}, "camera_to_world_matrix": [0.957461, -0.00579025, 0.288501, 7.28744, 0.288463, -0.0066168, -0.957468, -1.52262, 0.00745309, 0.999961, -0.00466572, 1.48097, 0.0, 0.0, 0.0, 1.0]}, "1227344eaa1f424b83db585fd665fb2a_d2_0.png": {"intrinsics": {"fx": 1070.29, "fy": 1070.48, "cx": 636.783, "cy": 522.149}, "camera_to_world_matrix": [0.732338, 0.449378, -0.511607, 7.2982, -0.680893, 0.492333, -0.542212, -1.51536, 0.00822246, 0.745431, 0.666533, 1.51429, 0.0, 0.0, 0.0, 1.0]}, "1227344eaa1f424b83db585fd665fb2a_d2_1.png": {"intrinsics": {"fx": 1070.29, "fy": 1070.48, "cx": 636.783, "cy": 522.149}, "camera_to_world_matrix": [-0.223516, 0.648412, -0.727738, 7.3024, -0.974699, -0.147012, 0.168379, -1.52929, 0.00219233, 0.74696, 0.664867, 1.51432, 0.0, 0.0, 0.0, 1.0]}, "1227344eaa1f424b83db585fd665fb2a_d2_2.png": {"intrinsics": {"fx": 1070.29, "fy": 1070.48, "cx": 636.783, "cy": 522.149}, "camera_to_world_matrix": [-0.955869, 0.194245, -0.22042, 7.29244, -0.293782, -0.639052, 0.710848, -1.53989, -0.00278114, 0.744232, 0.667916, 1.51426, 0.0, 0.0, 0.0, 1.0]}, "1227344eaa1f424b83db585fd665fb2a_d2_3.png": {"intrinsics": {"fx": 1070.29, "fy": 1070.48, "cx": 636.783, "cy": 522.149}, "camera_to_world_matrix": [-0.732353, -0.458946, 0.503019, 7.27827, 0.680924, -0.491736, 0.542715, -1.53656, -0.00172436, 0.739976, 0.672632, 1.51417, 0.0, 0.0, 0.0, 1.0]}, "1227344eaa1f424b83db585fd665fb2a_d2_4.png": {"intrinsics": {"fx": 1070.29, "fy": 1070.48, "cx": 636.783, "cy": 522.149}, "camera_to_world_matrix": [0.223512, -0.657956, 0.719123, 7.27407, 0.974693, 0.147617, -0.167885, -1.52263, 0.00430588, 0.738447, 0.674299, 1.51414, 0.0, 0.0, 0.0, 1.0]}, "1227344eaa1f424b83db585fd665fb2a_d2_5.png": {"intrinsics": {"fx": 1070.29, "fy": 1070.48, "cx": 636.783, "cy": 522.149}, "camera_to_world_matrix": [0.955839, -0.203769, 0.211783, 7.28404, 0.293747, 0.639639, -0.710334, -1.51203, 0.00927916, 0.741175, 0.671249, 1.5142, 0.0, 0.0, 0.0, 1.0]}, "16bcabb86c9546f89e60b1caf0fc0a13_d0_0.png": {"intrinsics": {"fx": 1069.67, "fy": 1070.36, "cx": 632.9, "cy": 515.549}, "camera_to_world_matrix": [0.96458, -0.162982, -0.207412, 11.3695, -0.263448, -0.634999, -0.726203, 0.0179119, -0.0133477, 0.755124, -0.655446, 1.41871, 0.0, 0.0, 0.0, 1.0]}, "16bcabb86c9546f89e60b1caf0fc0a13_d0_1.png": {"intrinsics": {"fx": 1069.67, "fy": 1070.36, "cx": 632.9, "cy": 515.549}, "camera_to_world_matrix": [0.254349, -0.631498, -0.732472, 11.3798, -0.96707, -0.159016, -0.198717, 0.00761705, 0.00901452, 0.758895, -0.65115, 1.41862, 0.0, 0.0, 0.0, 1.0]}, "16bcabb86c9546f89e60b1caf0fc0a13_d0_2.png": {"intrinsics": {"fx": 1069.67, "fy": 1070.36, "cx": 632.9, "cy": 515.549}, "camera_to_world_matrix": [-0.710182, -0.453683, -0.538342, 11.376, -0.703568, 0.484676, 0.519692, -0.00643375, 0.025146, 0.747836, -0.663407, 1.41886, 0.0, 0.0, 0.0, 1.0]}, "16bcabb86c9546f89e60b1caf0fc0a13_d0_3.png": {"intrinsics": {"fx": 1069.67, "fy": 1070.36, "cx": 632.9, "cy": 515.549}, "camera_to_world_matrix": [-0.964459, 0.192644, 0.180845, 11.362, 0.26355, 0.652372, 0.710599, -0.0101894, 0.018915, 0.733006, -0.679959, 1.41919, 0.0, 0.0, 0.0, 1.0]}, "16bcabb86c9546f89e60b1caf0fc0a13_d0_4.png": {"intrinsics": {"fx": 1069.67, "fy": 1070.36, "cx": 632.9, "cy": 515.549}, "camera_to_world_matrix": [-0.2542, 0.661142, 0.705884, 11.3517, 0.967145, 0.176371, 0.183092, 0.000105859, -0.00344749, 0.729235, -0.684255, 1.41927, 0.0, 0.0, 0.0, 1.0]}, "16bcabb86c9546f89e60b1caf0fc0a13_d0_5.png": {"intrinsics": {"fx": 1069.67, "fy": 1070.36, "cx": 632.9, "cy": 515.549}, "camera_to_world_matrix": [0.71032, 0.483301, 0.511726, 11.3555, 0.703605, -0.467315, -0.535309, 0.0141565, -0.0195783, 0.740294, -0.671997, 1.41903, 0.0, 0.0, 0.0, 1.0]}, "16bcabb86c9546f89e60b1caf0fc0a13_d1_0.png": {"intrinsics": {"fx": 1068.71, "fy": 1069.33, "cx": 631.868, "cy": 517.548}, "camera_to_world_matrix": [0.965644, 0.0167611, -0.259327, 11.3673, -0.259447, 0.00538527, -0.965742, 0.0076293, -0.0147901, 0.999845, 0.0095482, 1.45213, 0.0, 0.0, 0.0, 1.0]}, "16bcabb86c9546f89e60b1caf0fc0a13_d1_1.png": {"intrinsics": {"fx": 1068.71, "fy": 1069.33, "cx": 631.868, "cy": 517.548}, "camera_to_world_matrix": [0.258345, 0.0128877, -0.965967, 11.3698, -0.966023, 0.0112589, -0.25821, 0.00515288, 0.00754813, 0.999853, 0.0153578, 1.45211, 0.0, 0.0, 0.0, 1.0]}, "16bcabb86c9546f89e60b1caf0fc0a13_d1_2.png": {"intrinsics": {"fx": 1068.71, "fy": 1069.33, "cx": 631.868, "cy": 517.548}, "camera_to_world_matrix": [-0.707276, 0.0160363, -0.706755, 11.3689, -0.706538, 0.0175493, 0.707458, 0.00177296, 0.0237483, 0.999717, -0.00108262, 1.45217, 0.0, 0.0, 0.0, 1.0]}, "16bcabb86c9546f89e60b1caf0fc0a13_d1_3.png": {"intrinsics": {"fx": 1068.71, "fy": 1069.33, "cx": 631.868, "cy": 517.548}, "camera_to_world_matrix": [-0.965577, 0.0230583, 0.25909, 11.3655, 0.259517, 0.017966, 0.965571, 0.000869543, 0.0176098, 0.999572, -0.0233323, 1.45225, 0.0, 0.0, 0.0, 1.0]}, "16bcabb86c9546f89e60b1caf0fc0a13_d1_4.png": {"intrinsics": {"fx": 1068.71, "fy": 1069.33, "cx": 631.868, "cy": 517.548}, "camera_to_world_matrix": [-0.258251, 0.0269314, 0.965702, 11.363, 0.966066, 0.0120923, 0.258011, 0.00334606, -0.00472876, 0.999564, -0.0291411, 1.45227, 0.0, 0.0, 0.0, 1.0]}, "16bcabb86c9546f89e60b1caf0fc0a13_d1_5.png": {"intrinsics": {"fx": 1068.71, "fy": 1069.33, "cx": 631.868, "cy": 517.548}, "camera_to_world_matrix": [0.70736, 0.0237825, 0.706453, 11.3639, 0.706543, 0.00580194, -0.707646, 0.00672595, -0.0209282, 0.9997, -0.0127, 1.45221, 0.0, 0.0, 0.0, 1.0]}, "16bcabb86c9546f89e60b1caf0fc0a13_d2_0.png": {"intrinsics": {"fx": 1070.29, "fy": 1070.48, "cx": 636.783, "cy": 522.149}, "camera_to_world_matrix": [0.967095, 0.182443, -0.177325, 11.3709, -0.254086, 0.656855, -0.709917, 0.0186883, -0.0130426, 0.731612, 0.681598, 1.48519, 0.0, 0.0, 0.0, 1.0]}, "16bcabb86c9546f89e60b1caf0fc0a13_d2_1.png": {"intrinsics": {"fx": 1070.29, "fy": 1070.48, "cx": 636.783, "cy": 522.149}, "camera_to_world_matrix": [0.263713, 0.659922, -0.703534, 11.3811, -0.964558, 0.187412, -0.18576, 0.0083935, 0.00926318, 0.727586, 0.685956, 1.48511, 0.0, 0.0, 0.0, 1.0]}, "16bcabb86c9546f89e60b1caf0fc0a13_d2_2.png": {"intrinsics": {"fx": 1070.29, "fy": 1070.48, "cx": 636.783, "cy": 522.149}, "camera_to_world_matrix": [-0.703324, 0.492252, -0.512861, 11.3774, -0.710412, -0.460775, 0.531979, -0.0056573, 0.0255538, 0.738495, 0.673776, 1.48535, 0.0, 0.0, 0.0, 1.0]}, "16bcabb86c9546f89e60b1caf0fc0a13_d2_3.png": {"intrinsics": {"fx": 1070.29, "fy": 1070.48, "cx": 636.783, "cy": 522.149}, "camera_to_world_matrix": [-0.966955, -0.152893, 0.204016, 11.3633, 0.2542, -0.639505, 0.725546, -0.00941294, 0.0195383, 0.753431, 0.657238, 1.48567, 0.0, 0.0, 0.0, 1.0]}, "16bcabb86c9546f89e60b1caf0fc0a13_d2_4.png": {"intrinsics": {"fx": 1070.29, "fy": 1070.48, "cx": 636.783, "cy": 522.149}, "camera_to_world_matrix": [-0.263546, -0.630353, 0.730205, 11.353, 0.964644, -0.170043, 0.201369, 0.000882311, -0.00276769, 0.757457, 0.652881, 1.48575, 0.0, 0.0, 0.0, 1.0]}, "16bcabb86c9546f89e60b1caf0fc0a13_d2_5.png": {"intrinsics": {"fx": 1070.29, "fy": 1070.48, "cx": 636.783, "cy": 522.149}, "camera_to_world_matrix": [0.703481, -0.462658, 0.539504, 11.3568, 0.71046, 0.478138, -0.516363, 0.014933, -0.0190577, 0.746547, 0.665061, 1.48551, 0.0, 0.0, 0.0, 1.0]}, "17d80d20c75b45e89949666e40f8df7e_d0_0.png": {"intrinsics": {"fx": 1069.67, "fy": 1070.36, "cx": 632.9, "cy": 515.549}, "camera_to_world_matrix": [-0.286038, -0.637608, -0.715288, 2.13422, -0.958114, 0.179373, 0.223249, -6.00419, -0.0140412, 0.749186, -0.66221, 4.67458, 0.0, 0.0, 0.0, 1.0]}, "17d80d20c75b45e89949666e40f8df7e_d0_1.png": {"intrinsics": {"fx": 1069.67, "fy": 1070.36, "cx": 632.9, "cy": 515.549}, "camera_to_world_matrix": [-0.972851, -0.150739, -0.175602, 2.12369, -0.231425, 0.636526, 0.735714, -6.01423, 0.000874009, 0.75638, -0.654131, 4.67442, 0.0, 0.0, 0.0, 1.0]}, "17d80d20c75b45e89949666e40f8df7e_d0_2.png": {"intrinsics": {"fx": 1069.67, "fy": 1070.36, "cx": 632.9, "cy": 515.549}, "camera_to_world_matrix": [-0.686785, 0.488644, 0.5381, 2.10973, 0.726644, 0.44354, 0.524652, -6.01013, 0.0176995, 0.75133, -0.659689, 4.67453, 0.0, 0.0, 0.0, 1.0]}, "17d80d20c75b45e89949666e40f8df7e_d0_3.png": {"intrinsics": {"fx": 1069.67, "fy": 1070.36, "cx": 632.9, "cy": 515.549}, "camera_to_world_matrix": [0.286088, 0.641146, 0.712098, 2.10631, 0.958002, -0.206594, -0.198872, -5.99599, 0.0196094, 0.739087, -0.673324, 4.6748, 0.0, 0.0, 0.0, 1.0]}, "17d80d20c75b45e89949666e40f8df7e_d0_4.png": {"intrinsics": {"fx": 1069.67, "fy": 1070.36, "cx": 632.9, "cy": 515.549}, "camera_to_world_matrix": [0.972874, 0.15426, 0.172392, 2.11684, 0.231285, -0.663727, -0.711317, -5.98595, 0.00469372, 0.731894, -0.681403, 4.67496, 0.0, 0.0, 0.0, 1.0]}, "17d80d20c75b45e89949666e40f8df7e_d0_5.png": {"intrinsics": {"fx": 1069.67, "fy": 1070.36, "cx": 632.9, "cy": 515.549}, "camera_to_world_matrix": [0.68677, -0.485117, -0.541301, 2.1308, -0.726772, -0.470716, -0.500226, -5.99006, -0.0121315, 0.736944, -0.675845, 4.67485, 0.0, 0.0, 0.0, 1.0]}, "17d80d20c75b45e89949666e40f8df7e_d1_0.png": {"intrinsics": {"fx": 1068.71, "fy": 1069.33, "cx": 631.868, "cy": 517.548}, "camera_to_world_matrix": [-0.282051, -0.00383332, -0.959391, 2.1237, -0.959274, -0.0149733, 0.282076, -6.00169, -0.0154464, 0.99988, 0.000545362, 4.70791, 0.0, 0.0, 0.0, 1.0]}, "17d80d20c75b45e89949666e40f8df7e_d1_1.png": {"intrinsics": {"fx": 1068.71, "fy": 1069.33, "cx": 631.868, "cy": 517.548}, "camera_to_world_matrix": [-0.971886, 0.00212987, -0.235439, 2.12117, -0.235448, -0.0112397, 0.971822, -6.0041, -0.000576241, 0.999934, 0.0114245, 4.70787, 0.0, 0.0, 0.0, 1.0]}, "17d80d20c75b45e89949666e40f8df7e_d1_2.png": {"intrinsics": {"fx": 1068.71, "fy": 1069.33, "cx": 631.868, "cy": 517.548}, "camera_to_world_matrix": [-0.68981, 0.00834513, 0.723942, 2.11781, 0.723806, -0.0145362, 0.689849, -6.00311, 0.0162804, 0.999859, 0.00398633, 4.7079, 0.0, 0.0, 0.0, 1.0]}, "17d80d20c75b45e89949666e40f8df7e_d1_3.png": {"intrinsics": {"fx": 1068.71, "fy": 1069.33, "cx": 631.868, "cy": 517.548}, "camera_to_world_matrix": [0.282095, 0.00859706, 0.959348, 2.11699, 0.959212, -0.0215664, -0.281862, -5.99971, 0.0182666, 0.99973, -0.0143308, 4.70796, 0.0, 0.0, 0.0, 1.0]}, "17d80d20c75b45e89949666e40f8df7e_d1_4.png": {"intrinsics": {"fx": 1068.71, "fy": 1069.33, "cx": 631.868, "cy": 517.548}, "camera_to_world_matrix": [0.971902, 0.00263372, 0.235368, 2.11952, 0.235358, -0.0252997, -0.971579, -5.9973, 0.00339605, 0.999676, -0.0252094, 4.708, 0.0, 0.0, 0.0, 1.0]}, "17d80d20c75b45e89949666e40f8df7e_d1_5.png": {"intrinsics": {"fx": 1068.71, "fy": 1069.33, "cx": 631.868, "cy": 517.548}, "camera_to_world_matrix": [0.689788, -0.00358141, -0.724002, 2.12288, -0.723885, -0.0220029, -0.689569, -5.99828, -0.0134603, 0.999751, -0.0177706, 4.70797, 0.0, 0.0, 0.0, 1.0]}, "17d80d20c75b45e89949666e40f8df7e_d2_0.png": {"intrinsics": {"fx": 1070.29, "fy": 1070.48, "cx": 636.783, "cy": 522.149}, "camera_to_world_matrix": [-0.276742, 0.645881, -0.711514, 2.13438, -0.960849, -0.196504, 0.195341, -6.00541, -0.0136489, 0.737716, 0.674975, 4.74107, 0.0, 0.0, 0.0, 1.0]}, "17d80d20c75b45e89949666e40f8df7e_d2_1.png": {"intrinsics": {"fx": 1070.29, "fy": 1070.48, "cx": 636.783, "cy": 522.149}, "camera_to_world_matrix": [-0.970564, 0.16534, -0.175129, 2.12385, -0.240845, -0.662771, 0.709033, -6.01544, 0.00116085, 0.73034, 0.683084, 4.74091, 0.0, 0.0, 0.0, 1.0]}, "17d80d20c75b45e89949666e40f8df7e_d2_2.png": {"intrinsics": {"fx": 1070.29, "fy": 1070.48, "cx": 636.783, "cy": 522.149}, "camera_to_world_matrix": [-0.693793, -0.478775, 0.537984, 2.10989, 0.71995, -0.479822, 0.501443, -6.01134, 0.0180583, 0.735218, 0.677592, 4.74102, 0.0, 0.0, 0.0, 1.0]}, "17d80d20c75b45e89949666e40f8df7e_d2_3.png": {"intrinsics": {"fx": 1070.29, "fy": 1070.48, "cx": 636.783, "cy": 522.149}, "camera_to_world_matrix": [0.276794, -0.642335, 0.714696, 2.10646, 0.960719, 0.16939, -0.219836, -5.9972, 0.0201456, 0.747471, 0.66399, 4.74129, 0.0, 0.0, 0.0, 1.0]}, "17d80d20c75b45e89949666e40f8df7e_d2_4.png": {"intrinsics": {"fx": 1070.29, "fy": 1070.48, "cx": 636.783, "cy": 522.149}, "camera_to_world_matrix": [0.970589, -0.161777, 0.178291, 2.117, 0.240688, 0.635639, -0.733507, -5.98717, 0.00533543, 0.754846, 0.655882, 4.74145, 0.0, 0.0, 0.0, 1.0]}, "17d80d20c75b45e89949666e40f8df7e_d2_5.png": {"intrinsics": {"fx": 1070.29, "fy": 1070.48, "cx": 636.783, "cy": 522.149}, "camera_to_world_matrix": [0.69378, 0.482332, -0.534814, 2.13096, -0.720095, 0.452664, -0.525889, -5.99127, -0.0115618, 0.749968, 0.661375, 4.74134, 0.0, 0.0, 0.0, 1.0]}, "1c2209fa44fc48c7b7ce7981bafc4ccf_d0_0.png": {"intrinsics": {"fx": 1069.67, "fy": 1070.36, "cx": 632.9, "cy": 515.549}, "camera_to_world_matrix": [-0.981266, 0.128359, 0.143661, 9.98687, 0.192639, 0.645446, 0.739113, -0.331748, 0.00214605, 0.752942, -0.658083, 4.7205, 0.0, 0.0, 0.0, 1.0]}, "1c2209fa44fc48c7b7ce7981bafc4ccf_d0_1.png": {"intrinsics": {"fx": 1069.67, "fy": 1070.36, "cx": 632.9, "cy": 515.549}, "camera_to_world_matrix": [-0.323785, 0.63023, 0.705671, 9.97587, 0.946029, 0.204776, 0.251186, -0.322228, 0.0138003, 0.748916, -0.66252, 4.72059, 0.0, 0.0, 0.0, 1.0]}, "1c2209fa44fc48c7b7ce7981bafc4ccf_d0_2.png": {"intrinsics": {"fx": 1069.67, "fy": 1070.36, "cx": 632.9, "cy": 515.549}, "camera_to_world_matrix": [0.65748, 0.499513, 0.564097, 9.97861, 0.753333, -0.450142, -0.479437, -0.30794, 0.0144385, 0.740173, -0.672261, 4.72078, 0.0, 0.0, 0.0, 1.0]}, "1c2209fa44fc48c7b7ce7981bafc4ccf_d0_3.png": {"intrinsics": {"fx": 1069.67, "fy": 1070.36, "cx": 632.9, "cy": 515.549}, "camera_to_world_matrix": [0.981241, -0.133071, -0.139485, 9.99236, -0.192748, -0.664375, -0.722116, -0.303172, 0.00342242, 0.735456, -0.677563, 4.72089, 0.0, 0.0, 0.0, 1.0]}, "1c2209fa44fc48c7b7ce7981bafc4ccf_d0_4.png": {"intrinsics": {"fx": 1069.67, "fy": 1070.36, "cx": 632.9, "cy": 515.549}, "camera_to_world_matrix": [0.323731, -0.634924, -0.701476, 10.0034, -0.946112, -0.223686, -0.234167, -0.312693, -0.00823169, 0.739482, -0.673125, 4.7208, 0.0, 0.0, 0.0, 1.0]}, "1c2209fa44fc48c7b7ce7981bafc4ccf_d0_5.png": {"intrinsics": {"fx": 1069.67, "fy": 1070.36, "cx": 632.9, "cy": 515.549}, "camera_to_world_matrix": [-0.657527, -0.504182, -0.559872, 10.0006, -0.753378, 0.431227, 0.49645, -0.326981, -0.00886931, 0.748225, -0.663385, 4.72061, 0.0, 0.0, 0.0, 1.0]}, "1c2209fa44fc48c7b7ce7981bafc4ccf_d1_0.png": {"intrinsics": {"fx": 1068.71, "fy": 1069.33, "cx": 631.868, "cy": 517.548}, "camera_to_world_matrix": [-0.982059, -0.000463428, 0.188572, 9.98885, 0.188571, -0.00621731, 0.982039, -0.32132, 0.000717467, 0.99998, 0.00619249, 4.7539, 0.0, 0.0, 0.0, 1.0]}, "1c2209fa44fc48c7b7ce7981bafc4ccf_d1_1.png": {"intrinsics": {"fx": 1068.71, "fy": 1069.33, "cx": 631.868, "cy": 517.548}, "camera_to_world_matrix": [-0.327718, 0.00382623, 0.944768, 9.98621, 0.944694, -0.0117939, 0.32774, -0.31903, 0.0123966, 0.999923, 0.000249784, 4.75392, 0.0, 0.0, 0.0, 1.0]}, "1c2209fa44fc48c7b7ce7981bafc4ccf_d1_2.png": {"intrinsics": {"fx": 1068.71, "fy": 1069.33, "cx": 631.868, "cy": 517.548}, "camera_to_world_matrix": [0.654344, 0.00114131, 0.756196, 9.98687, 0.756083, -0.0182966, -0.654219, -0.315593, 0.0130893, 0.999831, -0.0128359, 4.75396, 0.0, 0.0, 0.0, 1.0]}, "1c2209fa44fc48c7b7ce7981bafc4ccf_d1_3.png": {"intrinsics": {"fx": 1068.71, "fy": 1069.33, "cx": 631.868, "cy": 517.548}, "camera_to_world_matrix": [0.982042, -0.0058332, -0.188567, 9.99017, -0.188646, -0.0192226, -0.981857, -0.314446, 0.00210278, 0.999798, -0.0199785, 4.75399, 0.0, 0.0, 0.0, 1.0]}, "1c2209fa44fc48c7b7ce7981bafc4ccf_d1_4.png": {"intrinsics": {"fx": 1068.71, "fy": 1069.33, "cx": 631.868, "cy": 517.548}, "camera_to_world_matrix": [0.327672, -0.0101226, -0.944737, 9.99282, -0.944742, -0.0136459, -0.327528, -0.316736, -0.00957615, 0.999855, -0.0140353, 4.75397, 0.0, 0.0, 0.0, 1.0]}, "1c2209fa44fc48c7b7ce7981bafc4ccf_d1_5.png": {"intrinsics": {"fx": 1068.71, "fy": 1069.33, "cx": 631.868, "cy": 517.548}, "camera_to_world_matrix": [-0.654382, -0.00743747, -0.756126, 9.99216, -0.756093, -0.00714325, 0.654424, -0.320173, -0.0102683, 0.999946, -0.000949657, 4.75392, 0.0, 0.0, 0.0, 1.0]}, "1c2209fa44fc48c7b7ce7981bafc4ccf_d2_0.png": {"intrinsics": {"fx": 1070.29, "fy": 1070.48, "cx": 636.783, "cy": 522.149}, "camera_to_world_matrix": [-0.983088, -0.122594, 0.136051, 9.98666, 0.18312, -0.668106, 0.721181, -0.332594, 0.00248358, 0.733898, 0.679257, 4.787, 0.0, 0.0, 0.0, 1.0]}, "1c2209fa44fc48c7b7ce7981bafc4ccf_d2_1.png": {"intrinsics": {"fx": 1070.29, "fy": 1070.48, "cx": 636.783, "cy": 522.149}, "camera_to_world_matrix": [-0.332937, -0.632931, 0.698965, 9.97566, 0.942843, -0.234609, 0.236658, -0.323073, 0.0141954, 0.737805, 0.674865, 4.78709, 0.0, 0.0, 0.0, 1.0]}, "1c2209fa44fc48c7b7ce7981bafc4ccf_d2_2.png": {"intrinsics": {"fx": 1070.29, "fy": 1070.48, "cx": 636.783, "cy": 522.149}, "camera_to_world_matrix": [0.650149, -0.512662, 0.56079, 9.9784, 0.759661, 0.424054, -0.493046, -0.308786, 0.0149603, 0.746563, 0.665148, 4.78728, 0.0, 0.0, 0.0, 1.0]}, "1c2209fa44fc48c7b7ce7981bafc4ccf_d2_3.png": {"intrinsics": {"fx": 1070.29, "fy": 1070.48, "cx": 636.783, "cy": 522.149}, "camera_to_world_matrix": [0.983061, 0.117943, -0.140295, 9.99215, -0.183241, 0.649206, -0.738211, -0.304018, 0.00401344, 0.751413, 0.659821, 4.78738, 0.0, 0.0, 0.0, 1.0]}, "1c2209fa44fc48c7b7ce7981bafc4ccf_d2_4.png": {"intrinsics": {"fx": 1070.29, "fy": 1070.48, "cx": 636.783, "cy": 522.149}, "camera_to_world_matrix": [0.332879, 0.628264, -0.70319, 10.0032, -0.942939, 0.215689, -0.253665, -0.313539, -0.00769812, 0.747505, 0.664213, 4.78729, 0.0, 0.0, 0.0, 1.0]}, "1c2209fa44fc48c7b7ce7981bafc4ccf_d2_5.png": {"intrinsics": {"fx": 1070.29, "fy": 1070.48, "cx": 636.783, "cy": 522.149}, "camera_to_world_matrix": [-0.650199, 0.507968, -0.564988, 10.0004, -0.759718, -0.442969, 0.476034, -0.327827, -0.00846256, 0.738747, 0.673931, 4.7871, 0.0, 0.0, 0.0, 1.0]}, "1d383b2f6a454cdbb4d942b127a12320_d0_0.png": {"intrinsics": {"fx": 1069.67, "fy": 1070.36, "cx": 632.9, "cy": 515.549}, "camera_to_world_matrix": [-0.962714, 0.189114, 0.193432, 1.92606, 0.270357, 0.647953, 0.712083, -2.00543, 0.0093304, 0.737829, -0.674923, 1.477, 0.0, 0.0, 0.0, 1.0]}, "1d383b2f6a454cdbb4d942b127a12320_d0_1.png": {"intrinsics": {"fx": 1069.67, "fy": 1070.36, "cx": 632.9, "cy": 515.549}, "camera_to_world_matrix": [-0.247271, 0.654232, 0.714727, 1.91585, 0.968943, 0.168635, 0.180859, -1.99507, -0.00220384, 0.737252, -0.675614, 1.47702, 0.0, 0.0, 0.0, 1.0]}, "1d383b2f6a454cdbb4d942b127a12320_d0_2.png": {"intrinsics": {"fx": 1069.67, "fy": 1070.36, "cx": 632.9, "cy": 515.549}, "camera_to_world_matrix": [0.715473, 0.471713, 0.515348, 1.91973, 0.698584, -0.473803, -0.53618, -1.98104, -0.00874959, 0.743637, -0.668526, 1.47688, 0.0, 0.0, 0.0, 1.0]}, "1d383b2f6a454cdbb4d942b127a12320_d0_3.png": {"intrinsics": {"fx": 1069.67, "fy": 1070.36, "cx": 632.9, "cy": 515.549}, "camera_to_world_matrix": [0.962753, -0.17592, -0.205323, 1.93381, -0.270354, -0.636909, -0.721979, -1.97739, -0.00376095, 0.750598, -0.660748, 1.47673, 0.0, 0.0, 0.0, 1.0]}, "1d383b2f6a454cdbb4d942b127a12320_d0_4.png": {"intrinsics": {"fx": 1069.67, "fy": 1070.36, "cx": 632.9, "cy": 515.549}, "camera_to_world_matrix": [0.247283, -0.641019, -0.726597, 1.94402, -0.968911, -0.157573, -0.190735, -1.98775, 0.00777326, 0.751175, -0.660058, 1.47671, 0.0, 0.0, 0.0, 1.0]}, "1d383b2f6a454cdbb4d942b127a12320_d0_5.png": {"intrinsics": {"fx": 1069.67, "fy": 1070.36, "cx": 632.9, "cy": 515.549}, "camera_to_world_matrix": [-0.715451, -0.458475, -0.527189, 1.94014, -0.698515, 0.484858, 0.526296, -2.00178, 0.0143187, 0.744789, -0.667145, 1.47685, 0.0, 0.0, 0.0, 1.0]}, "1d383b2f6a454cdbb4d942b127a12320_d1_0.png": {"intrinsics": {"fx": 1068.71, "fy": 1069.33, "cx": 631.868, "cy": 517.548}, "camera_to_world_matrix": [-0.963846, 0.0120752, 0.266185, 1.9293, 0.266338, 0.0136826, 0.963782, -1.99454, 0.00799595, 0.999833, -0.0164047, 1.51015, 0.0, 0.0, 0.0, 1.0]}, "1d383b2f6a454cdbb4d942b127a12320_d1_1.png": {"intrinsics": {"fx": 1068.71, "fy": 1069.33, "cx": 631.868, "cy": 517.548}, "camera_to_world_matrix": [-0.251315, 0.0159064, 0.967774, 1.92684, 0.967898, 0.0077814, 0.25122, -1.99204, -0.00353448, 0.999843, -0.017352, 1.51015, 0.0, 0.0, 0.0, 1.0]}, "1d383b2f6a454cdbb4d942b127a12320_d1_2.png": {"intrinsics": {"fx": 1068.71, "fy": 1069.33, "cx": 631.868, "cy": 517.548}, "camera_to_world_matrix": [0.712549, 0.0127116, 0.701507, 1.92778, 0.701549, 0.00151323, -0.712619, -1.98867, -0.0101199, 0.999918, -0.00784022, 1.51012, 0.0, 0.0, 0.0, 1.0]}, "1d383b2f6a454cdbb4d942b127a12320_d1_3.png": {"intrinsics": {"fx": 1068.71, "fy": 1069.33, "cx": 631.868, "cy": 517.548}, "camera_to_world_matrix": 