{"04135640920a4ba2b7dc68c679c43903_d0_0.png": {"intrinsics": {"fx": 1075.72, "fy": 1075.66, "cx": 636.877, "cy": 515.013}, "camera_to_world_matrix": [0.884575, 0.314961, 0.343987, 6.38297, 0.466384, -0.59146, -0.65777, 1.61306, -0.00371715, 0.742276, -0.670083, 1.49975, 0.0, 0.0, 0.0, 1.0]}, "04135640920a4ba2b7dc68c679c43903_d0_1.png": {"intrinsics": {"fx": 1075.72, "fy": 1075.66, "cx": 636.877, "cy": 515.013}, "camera_to_world_matrix": [0.846224, -0.347706, -0.403739, 6.39752, -0.532817, -0.556882, -0.637172, 1.61265, -0.00328645, 0.754309, -0.656511, 1.49949, 0.0, 0.0, 0.0, 1.0]}, "04135640920a4ba2b7dc68c679c43903_d0_2.png": {"intrinsics": {"fx": 1075.72, "fy": 1075.66, "cx": 636.877, "cy": 515.013}, "camera_to_world_matrix": [-0.038148, -0.649089, -0.759756, 6.40443, -0.999192, 0.034392, 0.020788, 1.59984, 0.0126362, 0.759935, -0.649876, 1.49936, 0.0, 0.0, 0.0, 1.0]}, "04135640920a4ba2b7dc68c679c43903_d0_3.png": {"intrinsics": {"fx": 1075.72, "fy": 1075.66, "cx": 636.877, "cy": 515.013}, "camera_to_world_matrix": [-0.88415, -0.287798, -0.368038, 6.3968, -0.466356, 0.591075, 0.658136, 1.58746, 0.0281279, 0.753527, -0.656815, 1.49949, 0.0, 0.0, 0.0, 1.0]}, "04135640920a4ba2b7dc68c679c43903_d0_4.png": {"intrinsics": {"fx": 1075.72, "fy": 1075.66, "cx": 636.877, "cy": 515.013}, "camera_to_world_matrix": [-0.845761, 0.374868, 0.379688, 6.38226, 0.532844, 0.556471, 0.637509, 1.58787, 0.0276965, 0.741494, -0.670387, 1.49976, 0.0, 0.0, 0.0, 1.0]}, "04135640920a4ba2b7dc68c679c43903_d0_5.png": {"intrinsics": {"fx": 1075.72, "fy": 1075.66, "cx": 636.877, "cy": 515.013}, "camera_to_world_matrix": [0.0386301, 0.676228, 0.735679, 6.37535, 0.999185, -0.0348149, -0.0204652, 1.60067, 0.0117735, 0.735869, -0.677021, 1.49989, 0.0, 0.0, 0.0, 1.0]}, "04135640920a4ba2b7dc68c679c43903_d1_0.png": {"intrinsics": {"fx": 1075.94, "fy": 1076.09, "cx": 629.693, "cy": 501.638}, "camera_to_world_matrix": [0.879795, 0.0130635, 0.475174, 6.38883, 0.475276, -0.00619691, -0.879815, 1.60333, -0.00854899, 0.999896, -0.0116604, 1.5329, 0.0, 0.0, 0.0, 1.0]}, "04135640920a4ba2b7dc68c679c43903_d1_1.png": {"intrinsics": {"fx": 1075.94, "fy": 1076.09, "cx": 629.693, "cy": 501.638}, "camera_to_world_matrix": [0.851489, 0.0104662, -0.524269, 6.39233, -0.524308, 0.00116687, -0.851528, 1.60323, -0.00830065, 0.999945, 0.00648145, 1.53283, 0.0, 0.0, 0.0, 1.0]}, "04135640920a4ba2b7dc68c679c43903_d1_2.png": {"intrinsics": {"fx": 1075.94, "fy": 1076.09, "cx": 629.693, "cy": 501.638}, "camera_to_world_matrix": [-0.0281936, 0.0155438, -0.999482, 6.39399, -0.999575, 0.00709842, 0.0283065, 1.60015, 0.0075346, 0.999854, 0.0153374, 1.5328, 0.0, 0.0, 0.0, 1.0]}, "04135640920a4ba2b7dc68c679c43903_d1_3.png": {"intrinsics": {"fx": 1075.94, "fy": 1076.09, "cx": 629.693, "cy": 501.638}, "camera_to_world_matrix": [-0.87955, 0.0232186, -0.475241, 6.39216, -0.475246, 0.00566607, 0.879835, 1.59717, 0.0231211, 0.999715, 0.00605133, 1.53283, 0.0, 0.0, 0.0, 1.0]}, "04135640920a4ba2b7dc68c679c43903_d1_4.png": {"intrinsics": {"fx": 1075.94, "fy": 1076.09, "cx": 629.693, "cy": 501.638}, "camera_to_world_matrix": [-0.851204, 0.0258156, 0.5242, 6.38866, 0.524337, -0.00169781, 0.851509, 1.59727, 0.0228721, 0.999666, -0.0120905, 1.5329, 0.0, 0.0, 0.0, 1.0]}, "04135640920a4ba2b7dc68c679c43903_d1_5.png": {"intrinsics": {"fx": 1075.94, "fy": 1076.09, "cx": 629.693, "cy": 501.638}, "camera_to_world_matrix": [0.0284972, 0.0207378, 0.999379, 6.38699, 0.99957, -0.00762917, -0.0283442, 1.60035, 0.00703649, 0.999756, -0.0209459, 1.53293, 0.0, 0.0, 0.0, 1.0]}, "04135640920a4ba2b7dc68c679c43903_d2_0.png": {"intrinsics": {"fx": 1074.61, "fy": 1074.93, "cx": 630.692, "cy": 523.124}, "camera_to_world_matrix": [0.878618, -0.310846, 0.362497, 6.38418, 0.477412, 0.58826, -0.652708, 1.61304, -0.0103504, 0.746542, 0.665258, 1.56624, 0.0, 0.0, 0.0, 1.0]}, "04135640920a4ba2b7dc68c679c43903_d2_1.png": {"intrinsics": {"fx": 1074.61, "fy": 1074.93, "cx": 630.692, "cy": 523.124}, "camera_to_world_matrix": [0.852733, 0.360838, -0.377681, 6.39872, -0.522249, 0.574912, -0.629866, 1.61263, -0.010146, 0.734351, 0.678694, 1.56598, 0.0, 0.0, 0.0, 1.0]}, "04135640920a4ba2b7dc68c679c43903_d2_2.png": {"intrinsics": {"fx": 1074.61, "fy": 1074.93, "cx": 630.692, "cy": 523.124}, "camera_to_world_matrix": [-0.025806, 0.685113, -0.72798, 6.40564, -0.999651, -0.0135569, 0.022678, 1.59983, 0.00566793, 0.728311, 0.685223, 1.56585, 0.0, 0.0, 0.0, 1.0]}, "04135640920a4ba2b7dc68c679c43903_d2_3.png": {"intrinsics": {"fx": 1074.61, "fy": 1074.93, "cx": 630.692, "cy": 523.124}, "camera_to_world_matrix": [-0.878439, 0.337695, -0.338093, 6.39801, -0.477381, -0.588666, 0.652365, 1.58744, 0.0212771, 0.734462, 0.678316, 1.56598, 0.0, 0.0, 0.0, 1.0]}, "04135640920a4ba2b7dc68c679c43903_d2_4.png": {"intrinsics": {"fx": 1074.61, "fy": 1074.93, "cx": 630.692, "cy": 523.124}, "camera_to_world_matrix": [-0.852514, -0.333989, 0.402084, 6.38347, 0.52228, -0.575292, 0.629494, 1.58785, 0.021072, 0.746653, 0.66488, 1.56625, 0.0, 0.0, 0.0, 1.0]}, "04135640920a4ba2b7dc68c679c43903_d2_5.png": {"intrinsics": {"fx": 1074.61, "fy": 1074.93, "cx": 630.692, "cy": 523.124}, "camera_to_world_matrix": [0.0260435, -0.65824, 0.752358, 6.37655, 0.999647, 0.0131902, -0.0230636, 1.60065, 0.00525772, 0.752693, 0.658351, 1.56637, 0.0, 0.0, 0.0, 1.0]}, "0565dcc2a0d54d72b97f26a1a14cebe5_d0_0.png": {"intrinsics": {"fx": 1075.72, "fy": 1075.66, "cx": 636.877, "cy": 515.013}, "camera_to_world_matrix": [-0.461115, 0.593811, 0.659365, 11.8137, 0.887341, 0.308694, 0.342542, 4.49552, -0.000136882, 0.743032, -0.669255, 1.51529, 0.0, 0.0, 0.0, 1.0]}, "0565dcc2a0d54d72b97f26a1a14cebe5_d0_1.png": {"intrinsics": {"fx": 1075.72, "fy": 1075.66, "cx": 636.877, "cy": 515.013}, "camera_to_world_matrix": [0.537841, 0.555298, 0.634328, 11.8142, 0.843046, -0.353796, -0.405094, 4.51006, -0.000525349, 0.752643, -0.658428, 1.51508, 0.0, 0.0, 0.0, 1.0]}, "0565dcc2a0d54d72b97f26a1a14cebe5_d0_2.png": {"intrinsics": {"fx": 1075.72, "fy": 1075.66, "cx": 636.877, "cy": 515.013}, "camera_to_world_matrix": [0.998956, -0.0377549, -0.0257349, 11.8271, -0.0441368, -0.651676, -0.757213, 4.5169, 0.0118177, 0.757558, -0.652661, 1.51496, 0.0, 0.0, 0.0, 1.0]}, "0565dcc2a0d54d72b97f26a1a14cebe5_d0_3.png": {"intrinsics": {"fx": 1075.72, "fy": 1075.66, "cx": 636.877, "cy": 515.013}, "camera_to_world_matrix": [0.461105, -0.592282, -0.660745, 11.8394, -0.887006, -0.287058, -0.361688, 4.5092, 0.024549, 0.752861, -0.657722, 1.51506, 0.0, 0.0, 0.0, 1.0]}, "0565dcc2a0d54d72b97f26a1a14cebe5_d0_4.png": {"intrinsics": {"fx": 1075.72, "fy": 1075.66, "cx": 636.877, "cy": 515.013}, "camera_to_world_matrix": [-0.537848, -0.553744, -0.635678, 11.8389, -0.842673, 0.37543, 0.385947, 4.49466, 0.0249369, 0.743249, -0.668549, 1.51527, 0.0, 0.0, 0.0, 1.0]}, "0565dcc2a0d54d72b97f26a1a14cebe5_d0_5.png": {"intrinsics": {"fx": 1075.72, "fy": 1075.66, "cx": 636.877, "cy": 515.013}, "camera_to_world_matrix": [-0.998929, 0.039321, 0.0243981, 11.8261, 0.0445287, 0.673286, 0.73804, 4.48782, 0.0125936, 0.738336, -0.674316, 1.51539, 0.0, 0.0, 0.0, 1.0]}, "0565dcc2a0d54d72b97f26a1a14cebe5_d1_0.png": {"intrinsics": {"fx": 1075.94, "fy": 1076.09, "cx": 629.693, "cy": 501.638}, "camera_to_world_matrix": [-0.470038, 0.0069307, 0.882619, 11.8235, 0.882632, 0.0093329, 0.469972, 4.5012, -0.0049803, 0.999933, -0.0105037, 1.54845, 0.0, 0.0, 0.0, 1.0]}, "0565dcc2a0d54d72b97f26a1a14cebe5_d1_1.png": {"intrinsics": {"fx": 1075.94, "fy": 1076.09, "cx": 629.693, "cy": 501.638}, "camera_to_world_matrix": [0.52936, -0.000448368, 0.848398, 11.8236, 0.84838, 0.00677927, -0.529345, 4.50469, -0.00551431, 0.999977, 0.00396943, 1.5484, 0.0, 0.0, 0.0, 1.0]}, "0565dcc2a0d54d72b97f26a1a14cebe5_d1_2.png": {"intrinsics": {"fx": 1075.94, "fy": 1076.09, "cx": 629.693, "cy": 501.638}, "camera_to_world_matrix": [0.999394, -0.00634967, -0.0342432, 11.8267, -0.0341661, 0.0118924, -0.999346, 4.50634, 0.0067526, 0.999909, 0.0116686, 1.54837, 0.0, 0.0, 0.0, 1.0]}, "0565dcc2a0d54d72b97f26a1a14cebe5_d1_3.png": {"intrinsics": {"fx": 1075.94, "fy": 1076.09, "cx": 629.693, "cy": 501.638}, "camera_to_world_matrix": [0.470019, -0.00487176, -0.882643, 11.8297, -0.88244, 0.019559, -0.470019, 4.50449, 0.0195533, 0.999797, 0.00489442, 1.54839, 0.0, 0.0, 0.0, 1.0]}, "0565dcc2a0d54d72b97f26a1a14cebe5_d1_4.png": {"intrinsics": {"fx": 1075.94, "fy": 1076.09, "cx": 629.693, "cy": 501.638}, "camera_to_world_matrix": [-0.529378, 0.00250741, -0.848383, 11.8296, -0.848149, 0.0221123, 0.529297, 4.50099, 0.0200867, 0.999753, -0.00957874, 1.54845, 0.0, 0.0, 0.0, 1.0]}, "0565dcc2a0d54d72b97f26a1a14cebe5_d1_5.png": {"intrinsics": {"fx": 1075.94, "fy": 1076.09, "cx": 629.693, "cy": 501.638}, "camera_to_world_matrix": [-0.999377, 0.00840851, 0.0342766, 11.8265, 0.0344159, 0.016999, 0.999263, 4.49934, 0.0078195, 0.99982, -0.0172774, 1.54847, 0.0, 0.0, 0.0, 1.0]}, "0565dcc2a0d54d72b97f26a1a14cebe5_d2_0.png": {"intrinsics": {"fx": 1074.61, "fy": 1074.93, "cx": 630.692, "cy": 523.124}, "camera_to_world_matrix": [-0.472182, -0.589609, 0.65529, 11.8138, 0.881475, -0.310097, 0.356148, 4.49648, -0.00678457, 0.745789, 0.666148, 1.58178, 0.0, 0.0, 0.0, 1.0]}, "0565dcc2a0d54d72b97f26a1a14cebe5_d2_1.png": {"intrinsics": {"fx": 1074.61, "fy": 1074.93, "cx": 630.692, "cy": 523.124}, "camera_to_world_matrix": [0.527307, -0.572273, 0.628053, 11.8143, 0.849643, 0.361536, -0.383925, 4.51102, -0.00735368, 0.736067, 0.676868, 1.58157, 0.0, 0.0, 0.0, 1.0]}, "0565dcc2a0d54d72b97f26a1a14cebe5_d2_2.png": {"intrinsics": {"fx": 1074.61, "fy": 1074.93, "cx": 630.692, "cy": 523.124}, "camera_to_world_matrix": [0.999483, 0.0181112, -0.0265596, 11.8271, -0.0317721, 0.682325, -0.730358, 4.51786, 0.00489471, 0.730825, 0.682547, 1.58146, 0.0, 0.0, 0.0, 1.0]}, "0565dcc2a0d54d72b97f26a1a14cebe5_d2_3.png": {"intrinsics": {"fx": 1074.61, "fy": 1074.93, "cx": 630.692, "cy": 523.124}, "camera_to_world_matrix": [0.472159, 0.591146, -0.65392, 11.8395, -0.881335, 0.331473, -0.33671, 4.51016, 0.0177119, 0.735304, 0.677506, 1.58156, 0.0, 0.0, 0.0, 1.0]}, "0565dcc2a0d54d72b97f26a1a14cebe5_d2_4.png": {"intrinsics": {"fx": 1074.61, "fy": 1074.93, "cx": 630.692, "cy": 523.124}, "camera_to_world_matrix": [-0.527329, 0.573784, -0.626654, 11.839, -0.849464, -0.34016, 0.403363, 4.49562, 0.0182804, 0.745025, 0.666785, 1.58177, 0.0, 0.0, 0.0, 1.0]}, "0565dcc2a0d54d72b97f26a1a14cebe5_d2_5.png": {"intrinsics": {"fx": 1074.61, "fy": 1074.93, "cx": 630.692, "cy": 523.124}, "camera_to_world_matrix": [-0.999471, -0.0166127, 0.027972, 11.8262, 0.0319692, -0.660926, 0.74977, 4.48878, 0.00603174, 0.750268, 0.661107, 1.58188, 0.0, 0.0, 0.0, 1.0]}, "07e7a24c5ff449229aa0c72216829072_d0_0.png": {"intrinsics": {"fx": 1075.72, "fy": 1075.66, "cx": 636.877, "cy": 515.013}, "camera_to_world_matrix": [-0.548578, 0.555531, 0.624858, -1.17929, 0.836057, 0.371954, 0.403309, -3.56592, -0.00836719, 0.743663, -0.668502, 2.30965, 0.0, 0.0, 0.0, 1.0]}, "07e7a24c5ff449229aa0c72216829072_d0_1.png": {"intrinsics": {"fx": 1075.72, "fy": 1075.66, "cx": 636.877, "cy": 515.013}, "camera_to_world_matrix": [0.449716, 0.584241, 0.675587, -1.18027, 0.893164, -0.290956, -0.342934, -3.55141, -0.00379014, 0.757633, -0.65267, 2.30934, 0.0, 0.0, 0.0, 1.0]}, "07e7a24c5ff449229aa0c72216829072_d0_2.png": {"intrinsics": {"fx": 1075.72, "fy": 1075.66, "cx": 636.877, "cy": 515.013}, "camera_to_world_matrix": [0.998214, 0.024377, 0.0545463, -1.16818, 0.0573403, -0.647331, -0.76005, -3.5433, 0.0167817, 0.761819, -0.647572, 2.30924, 0.0, 0.0, 0.0, 1.0]}, "07e7a24c5ff449229aa0c72216829072_d0_3.png": {"intrinsics": {"fx": 1075.72, "fy": 1075.66, "cx": 636.877, "cy": 515.013}, "camera_to_world_matrix": [0.548405, -0.564184, -0.61721, -1.15512, -0.835571, -0.340788, -0.430913, -3.54972, 0.0327762, 0.752037, -0.658305, 2.30945, 0.0, 0.0, 0.0, 1.0]}, "07e7a24c5ff449229aa0c72216829072_d0_4.png": {"intrinsics": {"fx": 1075.72, "fy": 1075.66, "cx": 636.877, "cy": 515.013}, "camera_to_world_matrix": [-0.449892, -0.592868, -0.667911, -1.15415, -0.892638, 0.322123, 0.315333, -3.56423, 0.0281983, 0.738068, -0.674137, 2.30976, 0.0, 0.0, 0.0, 1.0]}, "07e7a24c5ff449229aa0c72216829072_d0_5.png": {"intrinsics": {"fx": 1075.72, "fy": 1075.66, "cx": 636.877, "cy": 515.013}, "camera_to_world_matrix": [-0.998357, -0.0329901, -0.0468534, -1.16623, -0.0567929, 0.678476, 0.732424, -3.57233, 0.00762614, 0.733882, -0.679234, 2.30986, 0.0, 0.0, 0.0, 1.0]}, "07e7a24c5ff449229aa0c72216829072_d1_0.png": {"intrinsics": {"fx": 1075.94, "fy": 1076.09, "cx": 629.693, "cy": 501.638}, "camera_to_world_matrix": [-0.556954, 0.000613772, 0.830544, -1.17031, 0.830439, 0.0163284, 0.556871, -3.55908, -0.0132198, 0.999867, -0.00960352, 2.34282, 0.0, 0.0, 0.0, 1.0]}, "07e7a24c5ff449229aa0c72216829072_d1_1.png": {"intrinsics": {"fx": 1075.94, "fy": 1076.09, "cx": 629.693, "cy": 501.638}, "camera_to_world_matrix": [0.440765, -0.00646896, 0.897599, -1.17054, 0.897579, 0.0130409, -0.440661, -3.55558, -0.00885505, 0.999894, 0.0115548, 2.34274, 0.0, 0.0, 0.0, 1.0]}, "07e7a24c5ff449229aa0c72216829072_d1_2.png": {"intrinsics": {"fx": 1075.94, "fy": 1076.09, "cx": 629.693, "cy": 501.638}, "camera_to_world_matrix": [0.997667, -0.0128572, 0.0670517, -1.16763, 0.0672718, 0.0175295, -0.997581, -3.55363, 0.0116505, 0.999764, 0.0183539, 2.34272, 0.0, 0.0, 0.0, 1.0]}, "07e7a24c5ff449229aa0c72216829072_d1_3.png": {"intrinsics": {"fx": 1075.94, "fy": 1076.09, "cx": 629.693, "cy": 501.638}, "camera_to_world_matrix": [0.556837, -0.0121625, -0.830533, -1.16449, -0.830157, 0.0253055, -0.556956, -3.55518, 0.0277909, 0.999606, 0.00399463, 2.34277, 0.0, 0.0, 0.0, 1.0]}, "07e7a24c5ff449229aa0c72216829072_d1_4.png": {"intrinsics": {"fx": 1075.94, "fy": 1076.09, "cx": 629.693, "cy": 501.638}, "camera_to_world_matrix": [-0.440885, -0.00507964, -0.89755, -1.16426, -0.897259, 0.0285928, 0.44058, -3.55867, 0.0234253, 0.999579, -0.0171635, 2.34284, 0.0, 0.0, 0.0, 1.0]}, "07e7a24c5ff449229aa0c72216829072_d1_5.png": {"intrinsics": {"fx": 1075.94, "fy": 1076.09, "cx": 629.693, "cy": 501.638}, "camera_to_world_matrix": [-0.997754, 0.00130839, -0.0669802, -1.16717, -0.0669292, 0.0241039, 0.997467, -3.56062, 0.00291942, 0.999709, -0.0239618, 2.34287, 0.0, 0.0, 0.0, 1.0]}, "07e7a24c5ff449229aa0c72216829072_d2_0.png": {"intrinsics": {"fx": 1074.61, "fy": 1074.93, "cx": 630.692, "cy": 523.124}, "camera_to_world_matrix": [-0.55896, -0.559154, 0.612299, -1.17968, 0.829059, -0.363482, 0.424903, -3.56454, -0.0150261, 0.745136, 0.666744, 2.37613, 0.0, 0.0, 0.0, 1.0]}, "07e7a24c5ff449229aa0c72216829072_d2_1.png": {"intrinsics": {"fx": 1074.61, "fy": 1074.93, "cx": 630.692, "cy": 523.124}, "camera_to_world_matrix": [0.438605, -0.609857, 0.660076, -1.18065, 0.898616, 0.306378, -0.314041, -3.55002, -0.0107126, 0.730895, 0.682406, 2.37583, 0.0, 0.0, 0.0, 1.0]}, "07e7a24c5ff449229aa0c72216829072_d2_2.png": {"intrinsics": {"fx": 1074.61, "fy": 1074.93, "cx": 630.692, "cy": 523.124}, "camera_to_world_matrix": [0.997523, -0.0549656, 0.0438813, -1.16857, 0.0696506, 0.685272, -0.724949, -3.54192, 0.00977673, 0.72621, 0.687403, 2.37573, 0.0, 0.0, 0.0, 1.0]}, "07e7a24c5ff449229aa0c72216829072_d2_3.png": {"intrinsics": {"fx": 1074.61, "fy": 1074.93, "cx": 630.692, "cy": 523.124}, "camera_to_world_matrix": [0.558864, 0.550616, -0.620075, -1.15551, -0.828853, 0.394297, -0.396904, -3.54833, 0.025952, 0.735767, 0.676737, 2.37594, 0.0, 0.0, 0.0, 1.0]}, "07e7a24c5ff449229aa0c72216829072_d2_4.png": {"intrinsics": {"fx": 1074.61, "fy": 1074.93, "cx": 630.692, "cy": 523.124}, "camera_to_world_matrix": [-0.438704, 0.601292, -0.667823, -1.15453, -0.898371, -0.275566, 0.342042, -3.56285, 0.0216376, 0.750008, 0.661075, 2.37624, 0.0, 0.0, 0.0, 1.0]}, "07e7a24c5ff449229aa0c72216829072_d2_5.png": {"intrinsics": {"fx": 1074.61, "fy": 1074.93, "cx": 630.692, "cy": 523.124}, "camera_to_world_matrix": [-0.997589, 0.0463857, -0.0516122, -1.16662, -0.069384, -0.654438, 0.752926, -3.57095, 0.00114805, 0.754692, 0.656079, 2.37634, 0.0, 0.0, 0.0, 1.0]}, "08a2547dddbf4c2e9872d9da3c3e97d8_d0_0.png": {"intrinsics": {"fx": 1075.72, "fy": 1075.66, "cx": 636.877, "cy": 515.013}, "camera_to_world_matrix": [0.813025, 0.385187, 0.436602, 13.3192, 0.582094, -0.553922, -0.595263, 5.68878, 0.0125559, 0.738106, -0.674567, 0.687533, 0.0, 0.0, 0.0, 1.0]}, "08a2547dddbf4c2e9872d9da3c3e97d8_d0_1.png": {"intrinsics": {"fx": 1075.72, "fy": 1075.66, "cx": 636.877, "cy": 515.013}, "camera_to_world_matrix": [0.910744, -0.276121, -0.307089, 13.3336, -0.412972, -0.609751, -0.676504, 5.69035, -0.000450975, 0.742941, -0.669357, 0.687431, 0.0, 0.0, 0.0, 1.0]}, "08a2547dddbf4c2e9872d9da3c3e97d8_d0_2.png": {"intrinsics": {"fx": 1075.72, "fy": 1075.66, "cx": 636.877, "cy": 515.013}, "camera_to_world_matrix": [0.0978001, -0.65506, -0.74922, 13.3422, -0.995206, -0.0649792, -0.0730971, 5.67861, -0.000800795, 0.752777, -0.658275, 0.687216, 0.0, 0.0, 0.0, 1.0]}, "08a2547dddbf4c2e9872d9da3c3e97d8_d0_3.png": {"intrinsics": {"fx": 1075.72, "fy": 1075.66, "cx": 636.877, "cy": 515.013}, "camera_to_world_matrix": [-0.812844, -0.372683, -0.447652, 13.3363, -0.582361, 0.535609, 0.611538, 5.66529, 0.0118564, 0.757779, -0.652403, 0.687102, 0.0, 0.0, 0.0, 1.0]}, "08a2547dddbf4c2e9872d9da3c3e97d8_d0_4.png": {"intrinsics": {"fx": 1075.72, "fy": 1075.66, "cx": 636.877, "cy": 515.013}, "camera_to_world_matrix": [-0.910524, 0.288627, 0.296042, 13.3219, 0.412709, 0.591413, 0.69275, 5.66373, 0.024863, 0.752945, -0.657614, 0.687203, 0.0, 0.0, 0.0, 1.0]}, "08a2547dddbf4c2e9872d9da3c3e97d8_d0_5.png": {"intrinsics": {"fx": 1075.72, "fy": 1075.66, "cx": 636.877, "cy": 515.013}, "camera_to_world_matrix": [-0.0975573, 0.667545, 0.738151, 13.3133, 0.994911, 0.0466258, 0.0893259, 5.67547, 0.0252122, 0.743108, -0.668696, 0.687419, 0.0, 0.0, 0.0, 1.0]}, "08a2547dddbf4c2e9872d9da3c3e97d8_d1_0.png": {"intrinsics": {"fx": 1075.94, "fy": 1076.09, "cx": 629.693, "cy": 501.638}, "camera_to_world_matrix": [0.807129, 0.00411812, 0.590361, 13.326, 0.590324, -0.0188166, -0.806947, 5.67945, 0.00778532, 0.999815, -0.017618, 0.720616, 0.0, 0.0, 0.0, 1.0]}, "08a2547dddbf4c2e9872d9da3c3e97d8_d1_1.png": {"intrinsics": {"fx": 1075.94, "fy": 1076.09, "cx": 629.693, "cy": 501.638}, "camera_to_world_matrix": [0.914852, 0.000544345, -0.40379, 13.3294, -0.403756, -0.0118748, -0.91479, 5.67983, -0.005293, 0.99993, -0.0106435, 0.720591, 0.0, 0.0, 0.0, 1.0]}, "08a2547dddbf4c2e9872d9da3c3e97d8_d1_2.png": {"intrinsics": {"fx": 1075.94, "fy": 1076.09, "cx": 629.693, "cy": 501.638}, "camera_to_world_matrix": [0.107763, 0.00476988, -0.994165, 13.3315, -0.99416, -0.00530844, -0.107788, 5.67701, -0.00579174, 0.999975, 0.00417034, 0.720539, 0.0, 0.0, 0.0, 1.0]}, "08a2547dddbf4c2e9872d9da3c3e97d8_d1_3.png": {"intrinsics": {"fx": 1075.94, "fy": 1076.09, "cx": 629.693, "cy": 501.638}, "camera_to_world_matrix": [-0.80703, 0.0125691, -0.590376, 13.3301, -0.590471, -0.00568408, 0.807039, 5.6738, 0.00678786, 0.999905, 0.0120093, 0.720512, 0.0, 0.0, 0.0, 1.0]}, "08a2547dddbf4c2e9872d9da3c3e97d8_d1_4.png": {"intrinsics": {"fx": 1075.94, "fy": 1076.09, "cx": 629.693, "cy": 501.638}, "camera_to_world_matrix": [-0.914715, 0.0161426, 0.403779, 13.3266, 0.403613, -0.012626, 0.914843, 5.67343, 0.0198659, 0.99979, 0.00503421, 0.720536, 0.0, 0.0, 0.0, 1.0]}, "08a2547dddbf4c2e9872d9da3c3e97d8_d1_5.png": {"intrinsics": {"fx": 1075.94, "fy": 1076.09, "cx": 629.693, "cy": 501.638}, "camera_to_world_matrix": [-0.107602, 0.0119168, 0.994123, 13.3245, 0.993986, -0.0191922, 0.107818, 5.67625, 0.0203641, 0.999745, -0.00977963, 0.720588, 0.0, 0.0, 0.0, 1.0]}, "08a2547dddbf4c2e9872d9da3c3e97d8_d2_0.png": {"intrinsics": {"fx": 1074.61, "fy": 1074.93, "cx": 630.692, "cy": 523.124}, "camera_to_world_matrix": [0.805691, -0.395067, 0.441344, 13.3197, 0.592306, 0.529794, -0.607035, 5.68796, 0.0059984, 0.750493, 0.660851, 0.754026, 0.0, 0.0, 0.0, 1.0]}, "08a2547dddbf4c2e9872d9da3c3e97d8_d2_1.png": {"intrinsics": {"fx": 1074.61, "fy": 1074.93, "cx": 630.692, "cy": 523.124}, "camera_to_world_matrix": [0.915822, 0.272291, -0.295173, 13.3342, -0.401521, 0.607881, -0.685027, 5.68953, -0.00709696, 0.745881, 0.666042, 0.753924, 0.0, 0.0, 0.0, 1.0]}, "08a2547dddbf4c2e9872d9da3c3e97d8_d2_2.png": {"intrinsics": {"fx": 1074.61, "fy": 1074.93, "cx": 630.692, "cy": 523.124}, "camera_to_world_matrix": [0.110157, 0.673532, -0.730903, 13.3428, -0.993885, 0.0689997, -0.0862078, 5.67779, -0.00763157, 0.73593, 0.677014, 0.753709, 0.0, 0.0, 0.0, 1.0]}, "08a2547dddbf4c2e9872d9da3c3e97d8_d2_3.png": {"intrinsics": {"fx": 1074.61, "fy": 1074.93, "cx": 630.692, "cy": 523.124}, "camera_to_world_matrix": [-0.805622, 0.407406, -0.430108, 13.3369, -0.592409, -0.547956, 0.590589, 5.66448, 0.00492916, 0.730592, 0.682796, 0.753594, 0.0, 0.0, 0.0, 1.0]}, "08a2547dddbf4c2e9872d9da3c3e97d8_d2_4.png": {"intrinsics": {"fx": 1074.61, "fy": 1074.93, "cx": 630.692, "cy": 523.124}, "camera_to_world_matrix": [-0.915715, -0.259956, 0.306411, 13.3224, 0.401423, -0.626017, 0.668553, 5.66291, 0.0180242, 0.735204, 0.677606, 0.753696, 0.0, 0.0, 0.0, 1.0]}, "08a2547dddbf4c2e9872d9da3c3e97d8_d2_5.png": {"intrinsics": {"fx": 1074.61, "fy": 1074.93, "cx": 630.692, "cy": 523.124}, "camera_to_world_matrix": [-0.110027, -0.661176, 0.742119, 13.3138, 0.993755, -0.0871197, 0.0697166, 5.67465, 0.0185583, 0.745155, 0.666633, 0.753911, 0.0, 0.0, 0.0, 1.0]}, "1eac2c379ebf4e059f4a35e584f82f9b_d0_0.png": {"intrinsics": {"fx": 1075.72, "fy": 1075.66, "cx": 636.877, "cy": 515.013}, "camera_to_world_matrix": [-0.815148, -0.385186, -0.432626, 4.35462, -0.57917, 0.554639, 0.597443, -0.186432, 0.00982479, 0.737569, -0.675201, 2.29964, 0.0, 0.0, 0.0, 1.0]}, "1eac2c379ebf4e059f4a35e584f82f9b_d0_1.png": {"intrinsics": {"fx": 1075.72, "fy": 1075.66, "cx": 636.877, "cy": 515.013}, "camera_to_world_matrix": [-0.909245, 0.276303, 0.311335, 4.34015, 0.416253, 0.608079, 0.675998, -0.187949, -0.00253589, 0.744242, -0.667905, 2.2995, 0.0, 0.0, 0.0, 1.0]}, "1eac2c379ebf4e059f4a35e584f82f9b_d0_2.png": {"intrinsics": {"fx": 1075.72, "fy": 1075.66, "cx": 636.877, "cy": 515.013}, "camera_to_world_matrix": [-0.094211, 0.65325, 0.751258, 4.3316, 0.995552, 0.0619355, 0.0709911, -0.176176, -0.000154705, 0.754605, -0.656179, 2.29927, 0.0, 0.0, 0.0, 1.0]}, "1eac2c379ebf4e059f4a35e584f82f9b_d0_3.png": {"intrinsics": {"fx": 1075.72, "fy": 1075.66, "cx": 636.877, "cy": 515.013}, "camera_to_world_matrix": [0.814902, 0.368698, 0.44721, 4.33752, 0.579416, -0.537635, -0.612557, -0.162886, 0.0145872, 0.758294, -0.651749, 2.29918, 0.0, 0.0, 0.0, 1.0]}, "1eac2c379ebf4e059f4a35e584f82f9b_d0_4.png": {"intrinsics": {"fx": 1075.72, "fy": 1075.66, "cx": 636.877, "cy": 515.013}, "camera_to_world_matrix": [0.90896, -0.292793, -0.296755, 4.35199, -0.416011, -0.591049, -0.691083, -0.16137, 0.0269475, 0.75162, -0.659045, 2.29933, 0.0, 0.0, 0.0, 1.0]}, "1eac2c379ebf4e059f4a35e584f82f9b_d0_5.png": {"intrinsics": {"fx": 1075.72, "fy": 1075.66, "cx": 636.877, "cy": 515.013}, "camera_to_world_matrix": [0.0939033, -0.669718, -0.736655, 4.36054, -0.995278, -0.0448912, -0.0860585, -0.173143, 0.0245657, 0.741257, -0.670771, 2.29955, 0.0, 0.0, 0.0, 1.0]}, "1eac2c379ebf4e059f4a35e584f82f9b_d1_0.png": {"intrinsics": {"fx": 1075.94, "fy": 1076.09, "cx": 629.693, "cy": 501.638}, "camera_to_world_matrix": [-0.809269, -0.00675717, -0.5874, 4.34776, -0.587417, 0.0179263, 0.809086, -0.177113, 0.00506261, 0.999817, -0.0184761, 2.33271, 0.0, 0.0, 0.0, 1.0]}, "1eac2c379ebf4e059f4a35e584f82f9b_d1_1.png": {"intrinsics": {"fx": 1075.94, "fy": 1076.09, "cx": 629.693, "cy": 501.638}, "camera_to_world_matrix": [-0.913373, -0.00320876, 0.407111, 4.34428, 0.407056, 0.0109715, 0.913337, -0.177478, -0.00739744, 0.999935, -0.00871457, 2.33268, 0.0, 0.0, 0.0, 1.0]}, "1eac2c379ebf4e059f4a35e584f82f9b_d1_2.png": {"intrinsics": {"fx": 1075.94, "fy": 1076.09, "cx": 629.693, "cy": 501.638}, "camera_to_world_matrix": [-0.104164, -0.00745803, 0.994532, 4.34222, 0.994547, 0.00442044, 0.104199, -0.174646, -0.00517353, 0.999963, 0.00695728, 2.33262, 0.0, 0.0, 0.0, 1.0]}, "1eac2c379ebf4e059f4a35e584f82f9b_d1_3.png": {"intrinsics": {"fx": 1075.94, "fy": 1076.09, "cx": 629.693, "cy": 501.638}, "camera_to_world_matrix": [0.809131, -0.0152556, 0.58743, 4.34365, 0.587551, 0.00482426, -0.809173, -0.171449, 0.00951038, 0.999872, 0.0128673, 2.3326, 0.0, 0.0, 0.0, 1.0]}, "1eac2c379ebf4e059f4a35e584f82f9b_d1_4.png": {"intrinsics": {"fx": 1075.94, "fy": 1076.09, "cx": 629.693, "cy": 501.638}, "camera_to_world_matrix": [0.913197, -0.0188038, -0.407085, 4.34713, -0.406926, 0.0117791, -0.913385, -0.171084, 0.02197, 0.999754, 0.0031053, 2.33264, 0.0, 0.0, 0.0, 1.0]}, "1eac2c379ebf4e059f4a35e584f82f9b_d1_5.png": {"intrinsics": {"fx": 1075.94, "fy": 1076.09, "cx": 629.693, "cy": 501.638}, "camera_to_world_matrix": [0.103965, -0.0145542, -0.994475, 4.34918, -0.994385, 0.01833, -0.104224, -0.173916, 0.0197455, 0.999726, -0.0125665, 2.33269, 0.0, 0.0, 0.0, 1.0]}, "1eac2c379ebf4e059f4a35e584f82f9b_d2_0.png": {"intrinsics": {"fx": 1074.61, "fy": 1074.93, "cx": 630.692, "cy": 523.124}, "camera_to_world_matrix": [-0.807833, 0.391123, -0.440941, 4.35388, -0.589402, -0.531894, 0.608024, -0.185676, 0.00327777, 0.751073, 0.66021, 2.36613, 0.0, 0.0, 0.0, 1.0]}, "1eac2c379ebf4e059f4a35e584f82f9b_d2_1.png": {"intrinsics": {"fx": 1074.61, "fy": 1074.93, "cx": 630.692, "cy": 523.124}, "camera_to_world_matrix": [-0.914347, -0.276498, 0.295835, 4.33941, 0.404826, -0.60757, 0.683355, -0.187192, -0.00920606, 0.744585, 0.667464, 2.36599, 0.0, 0.0, 0.0, 1.0]}, "1eac2c379ebf4e059f4a35e584f82f9b_d2_2.png": {"intrinsics": {"fx": 1074.61, "fy": 1074.93, "cx": 630.692, "cy": 523.124}, "camera_to_world_matrix": [-0.106554, -0.675767, 0.729373, 4.33087, 0.994282, -0.0672369, 0.082959, -0.175419, -0.00702007, 0.734043, 0.679067, 2.36576, 0.0, 0.0, 0.0, 1.0]}, "1eac2c379ebf4e059f4a35e584f82f9b_d2_3.png": {"intrinsics": {"fx": 1074.61, "fy": 1074.93, "cx": 630.692, "cy": 523.124}, "camera_to_world_matrix": [0.807735, -0.407405, 0.426127, 4.33679, 0.589495, 0.54876, -0.592754, -0.16213, 0.00764965, 0.729989, 0.683416, 2.36568, 0.0, 0.0, 0.0, 1.0]}, "1eac2c379ebf4e059f4a35e584f82f9b_d2_4.png": {"intrinsics": {"fx": 1074.61, "fy": 1074.93, "cx": 630.692, "cy": 523.124}, "camera_to_world_matrix": [0.914211, 0.260219, -0.310652, 4.35126, -0.404738, 0.62441, -0.668057, -0.160613, 0.020133, 0.736477, 0.676162, 2.36582, 0.0, 0.0, 0.0, 1.0]}, "1eac2c379ebf4e059f4a35e584f82f9b_d2_5.png": {"intrinsics": {"fx": 1074.61, "fy": 1074.93, "cx": 630.692, "cy": 523.124}, "camera_to_world_matrix": [0.106395, 0.659466, -0.744167, 4.35981, -0.994162, 0.0840606, -0.0676437, -0.172387, 0.0179465, 0.74702, 0.664559, 2.36605, 0.0, 0.0, 0.0, 1.0]}, "30cdb6fe9aa6449788e271f2e24d76ec_d0_0.png": {"intrinsics": {"fx": 1075.72, "fy": 1075.66, "cx": 636.877, "cy": 515.013}, "camera_to_world_matrix": [0.695417, 0.484054, 0.531119, 11.2301, 0.718513, -0.456416, -0.524809, 8.4912, -0.0116246, 0.746577, -0.665198, 0.675827, 0.0, 0.0, 0.0, 1.0]}, "30cdb6fe9aa6449788e271f2e24d76ec_d0_1.png": {"intrinsics": {"fx": 1075.72, "fy": 1075.66, "cx": 636.877, "cy": 515.013}, "camera_to_world_matrix": [0.970045, -0.156437, -0.18585, 11.244, -0.24292, -0.629721, -0.737863, 8.49534, -0.00160453, 0.760906, -0.648859, 0.675509, 0.0, 0.0, 0.0, 1.0]}, "30cdb6fe9aa6449788e271f2e24d76ec_d0_2.png": {"intrinsics": {"fx": 1075.72, "fy": 1075.66, "cx": 636.877, "cy": 515.013}, "camera_to_world_matrix": [0.274828, -0.626914, -0.729006, 11.2546, -0.961237, -0.16162, -0.22339, 8.48532, 0.0222241, 0.76214, -0.64703, 0.675474, 0.0, 0.0, 0.0, 1.0]}, "30cdb6fe9aa6449788e271f2e24d76ec_d0_3.png": {"intrinsics": {"fx": 1075.72, "fy": 1075.66, "cx": 636.877, "cy": 515.013}, "camera_to_world_matrix": [-0.695002, -0.45689, -0.55518, 11.2512, -0.718105, 0.479776, 0.504125, 8.47118, 0.0360321, 0.749044, -0.661539, 0.675756, 0.0, 0.0, 0.0, 1.0]}, "30cdb6fe9aa6449788e271f2e24d76ec_d0_4.png": {"intrinsics": {"fx": 1075.72, "fy": 1075.66, "cx": 636.877, "cy": 515.013}, "camera_to_world_matrix": [-0.969593, 0.183608, 0.161798, 11.2372, 0.243339, 0.653056, 0.71715, 8.46704, 0.0260112, 0.734715, -0.677877, 0.676074, 0.0, 0.0, 0.0, 1.0]}, "30cdb6fe9aa6449788e271f2e24d76ec_d0_5.png": {"intrinsics": {"fx": 1075.72, "fy": 1075.66, "cx": 636.877, "cy": 515.013}, "camera_to_world_matrix": [-0.274347, 0.654067, 0.704934, 11.2267, 0.961629, 0.184937, 0.202656, 8.47706, 0.00218248, 0.733482, -0.679706, 0.676109, 0.0, 0.0, 0.0, 1.0]}, "30cdb6fe9aa6449788e271f2e24d76ec_d1_0.png": {"intrinsics": {"fx": 1075.94, "fy": 1076.09, "cx": 629.693, "cy": 501.638}, "camera_to_world_matrix": [0.688103, 0.0151659, 0.725455, 11.2387, 0.725426, 0.00838535, -0.68825, 8.48412, -0.0165213, 0.99985, -0.00523139, 0.709041, 0.0, 0.0, 0.0, 1.0]}, "30cdb6fe9aa6449788e271f2e24d76ec_d1_1.png": {"intrinsics": {"fx": 1075.94, "fy": 1076.09, "cx": 629.693, "cy": 501.638}, "camera_to_world_matrix": [0.972395, 0.0104052, -0.233111, 11.2421, -0.233247, 0.0145748, -0.972309, 8.48511, -0.00671968, 0.99984, 0.0165998, 0.708964, 0.0, 0.0, 0.0, 1.0]}, "30cdb6fe9aa6449788e271f2e24d76ec_d1_2.png": {"intrinsics": {"fx": 1075.94, "fy": 1076.09, "cx": 629.693, "cy": 501.638}, "camera_to_world_matrix": [0.284402, 0.0133838, -0.958612, 11.2446, -0.958554, 0.021791, -0.284081, 8.4827, 0.0170869, 0.999673, 0.0190269, 0.708956, 0.0, 0.0, 0.0, 1.0]}, "30cdb6fe9aa6449788e271f2e24d76ec_d1_3.png": {"intrinsics": {"fx": 1075.94, "fy": 1076.09, "cx": 629.693, "cy": 501.638}, "camera_to_world_matrix": [-0.687867, 0.021123, -0.72553, 11.2438, -0.725172, 0.0228176, 0.688191, 8.4793, 0.0310914, 0.999517, -0.000377326, 0.709024, 0.0, 0.0, 0.0, 1.0]}, "30cdb6fe9aa6449788e271f2e24d76ec_d1_4.png": {"intrinsics": {"fx": 1075.94, "fy": 1076.09, "cx": 629.693, "cy": 501.638}, "camera_to_world_matrix": [-0.972122, 0.0258835, 0.233048, 11.2404, 0.233512, 0.016628, 0.972212, 8.4783, 0.021289, 0.999527, -0.0222081, 0.7091, 0.0, 0.0, 0.0, 1.0]}, "30cdb6fe9aa6449788e271f2e24d76ec_d1_5.png": {"intrinsics": {"fx": 1075.94, "fy": 1076.09, "cx": 629.693, "cy": 501.638}, "camera_to_world_matrix": [-0.2841, 0.0229046, 0.958522, 11.2379, 0.958792, 0.00941189, 0.283955, 8.48071, -0.00251775, 0.999694, -0.0246343, 0.709108, 0.0, 0.0, 0.0, 1.0]}, "30cdb6fe9aa6449788e271f2e24d76ec_d2_0.png": {"intrinsics": {"fx": 1074.61, "fy": 1074.93, "cx": 630.692, "cy": 523.124}, "camera_to_world_matrix": [0.686318, -0.477922, 0.548231, 11.2313, 0.72707, 0.469854, -0.500606, 8.49224, -0.0183381, 0.742177, 0.669952, 0.742308, 0.0, 0.0, 0.0, 1.0]}, "30cdb6fe9aa6449788e271f2e24d76ec_d2_1.png": {"intrinsics": {"fx": 1074.61, "fy": 1074.93, "cx": 630.692, "cy": 523.124}, "camera_to_world_matrix": [0.972935, 0.164528, -0.162263, 11.2452, -0.230922, 0.66614, -0.709178, 8.49637, -0.00858932, 0.727454, 0.686103, 0.74199, 0.0, 0.0, 0.0, 1.0]}, "30cdb6fe9aa6449788e271f2e24d76ec_d2_2.png": {"intrinsics": {"fx": 1074.61, "fy": 1074.93, "cx": 630.692, "cy": 523.124}, "camera_to_world_matrix": [0.286693, 0.655885, -0.698299, 11.2558, -0.957902, 0.207826, -0.198073, 8.48636, 0.0152116, 0.725688, 0.687855, 0.741955, 0.0, 0.0, 0.0, 1.0]}, "30cdb6fe9aa6449788e271f2e24d76ec_d2_3.png": {"intrinsics": {"fx": 1074.61, "fy": 1074.93, "cx": 630.692, "cy": 523.124}, "camera_to_world_matrix": [-0.686148, 0.504782, -0.523829, 11.2524, -0.726873, -0.446763, 0.521593, 8.47221, 0.0292632, 0.738646, 0.673457, 0.742237, 0.0, 0.0, 0.0, 1.0]}, "30cdb6fe9aa6449788e271f2e24d76ec_d2_4.png": {"intrinsics": {"fx": 1074.61, "fy": 1074.93, "cx": 630.692, "cy": 523.124}, "camera_to_world_matrix": [-0.972727, -0.137676, 0.186675, 11.2385, 0.23113, -0.643023, 0.730137, 8.46808, 0.0195135, 0.75337, 0.657307, 0.742555, 0.0, 0.0, 0.0, 1.0]}, "30cdb6fe9aa6449788e271f2e24d76ec_d2_5.png": {"intrinsics": {"fx": 1074.61, "fy": 1074.93, "cx": 630.692, "cy": 523.124}, "camera_to_world_matrix": [-0.286458, -0.629016, 0.722691, 11.2279, 0.958084, -0.18469, 0.219011, 8.47809, -0.00428745, 0.755135, 0.655555, 0.74259, 0.0, 0.0, 0.0, 1.0]}, "3182b6eba9ce405f9e1c0af86cc6b862_d0_0.png": {"intrinsics": {"fx": 1075.72, "fy": 1075.66, "cx": 636.877, "cy": 515.013}, "camera_to_world_matrix": [-0.50431, 0.567947, 0.650467, 11.8811, 0.863498, 0.326012, 0.384821, -0.485138, 0.0064981, 0.755746, -0.654832, 1.5264, 0.0, 0.0, 0.0, 1.0]}, "3182b6eba9ce405f9e1c0af86cc6b862_d0_1.png": {"intrinsics": {"fx": 1075.72, "fy": 1075.66, "cx": 636.877, "cy": 515.013}, "camera_to_world_matrix": [0.495531, 0.562059, 0.662223, 11.8808, 0.868373, -0.33764, -0.36322, -0.47059, 0.0194421, 0.755043, -0.655387, 1.52641, 0.0, 0.0, 0.0, 1.0]}, "3182b6eba9ce405f9e1c0af86cc6b862_d0_2.png": {"intrinsics": {"fx": 1075.72, "fy": 1075.66, "cx": 636.877, "cy": 515.013}, "camera_to_world_matrix": [0.999672, -0.0155812, 0.0203275, 11.8933, 0.00484305, -0.664351, -0.747405, -0.463127, 0.02515, 0.747258, -0.664057, 1.52658, 0.0, 0.0, 0.0, 1.0]}, "3182b6eba9ce405f9e1c0af86cc6b862_d0_3.png": {"intrinsics": {"fx": 1075.72, "fy": 1075.66, "cx": 636.877, "cy": 515.013}, "camera_to_world_matrix": [0.50396, -0.587319, -0.633309, 11.906, -0.863541, -0.327403, -0.383541, -0.470213, 0.0179138, 0.740178, -0.672172, 1.52673, 0.0, 0.0, 0.0, 1.0]}, "3182b6eba9ce405f9e1c0af86cc6b862_d0_4.png": {"intrinsics": {"fx": 1075.72, "fy": 1075.66, "cx": 636.877, "cy": 515.013}, "camera_to_world_matrix": [-0.495881, -0.581405, -0.645035, 11.9062, -0.868376, 0.336248, 0.3645, -0.484762, 0.0049698, 0.740882, -0.671617, 1.52672, 0.0, 0.0, 0.0, 1.0]}, "3182b6eba9ce405f9e1c0af86cc6b862_d0_5.png": {"intrinsics": {"fx": 1075.72, "fy": 1075.66, "cx": 636.877, "cy": 515.013}, "camera_to_world_matrix": [-0.999988, -0.00375222, -0.00312472, 11.8938, -0.00482691, 0.662937, 0.74866, -0.492224, -0.000737646, 0.748666, -0.662947, 1.52656, 0.0, 0.0, 0.0, 1.0]}, "3182b6eba9ce405f9e1c0af86cc6b862_d1_0.png": {"intrinsics": {"fx": 1075.94, "fy": 1076.09, "cx": 629.693, "cy": 501.638}, "camera_to_world_matrix": [-0.512925, -0.0067949, 0.858406, 11.8901, 0.858432, -0.00576242, 0.512895, -0.479502, 0.00146129, 0.999961, 0.00878902, 1.55977, 0.0, 0.0, 0.0, 1.0]}, "3182b6eba9ce405f9e1c0af86cc6b862_d1_1.png": {"intrinsics": {"fx": 1075.94, "fy": 1076.09, "cx": 629.693, "cy": 501.638}, "camera_to_world_matrix": [0.486864, -0.0140389, 0.873365, 11.8901, 0.873359, -0.00867606, -0.487, -0.476002, 0.0144142, 0.999864, 0.00803727, 1.55978, 0.0, 0.0, 0.0, 1.0]}, "3182b6eba9ce405f9e1c0af86cc6b862_d1_2.png": {"intrinsics": {"fx": 1075.94, "fy": 1076.09, "cx": 629.693, "cy": 501.638}, "camera_to_world_matrix": [0.999685, -0.0201839, 0.0149752, 11.8931, 0.0149002, -0.00385879, -0.999882, -0.474207, 0.0202392, 0.999789, -0.00355645, 1.55982, 0.0, 0.0, 0.0, 1.0]}, "3182b6eba9ce405f9e1c0af86cc6b862_d1_3.png": {"intrinsics": {"fx": 1075.94, "fy": 1076.09, "cx": 629.693, "cy": 501.638}, "camera_to_world_matrix": [0.512703, -0.0190849, -0.858354, 11.8961, -0.858466, 0.00387201, -0.512856, -0.475912, 0.0131112, 0.999811, -0.0143982, 1.55985, 0.0, 0.0, 0.0, 1.0]}, "3182b6eba9ce405f9e1c0af86cc6b862_d1_4.png": {"intrinsics": {"fx": 1075.94, "fy": 1076.09, "cx": 629.693, "cy": 501.638}, "camera_to_world_matrix": [-0.487087, -0.0118408, -0.873273, 11.8962, -0.873354, 0.00678537, 0.48704, -0.479411, 0.000158393, 0.999907, -0.0136459, 1.55985, 0.0, 0.0, 0.0, 1.0]}, "3182b6eba9ce405f9e1c0af86cc6b862_d1_5.png": {"intrinsics": {"fx": 1075.94, "fy": 1076.09, "cx": 629.693, "cy": 501.638}, "camera_to_world_matrix": [-0.999874, -0.00569594, -0.0148634, 11.8932, -0.0148747, 0.00196786, 0.999888, -0.481206, -0.00566619, 0.999982, -0.00205196, 1.55981, 0.0, 0.0, 0.0, 1.0]}, "3182b6eba9ce405f9e1c0af86cc6b862_d2_0.png": {"intrinsics": {"fx": 1074.61, "fy": 1074.93, "cx": 630.692, "cy": 523.124}, "camera_to_world_matrix": [-0.514985, -0.583419, 0.628023, 11.8802, 0.857199, -0.350171, 0.377611, -0.485201, -0.000389698, 0.732805, 0.680439, 1.59289, 0.0, 0.0, 0.0, 1.0]}, "3182b6eba9ce405f9e1c0af86cc6b862_d2_1.png": {"intrinsics": {"fx": 1074.61, "fy": 1074.93, "cx": 630.692, "cy": 523.124}, "camera_to_world_matrix": [0.484776, -0.599129, 0.63721, 11.88, 0.874548, 0.321573, -0.362984, -0.470652, 0.0125651, 0.733236, 0.679857, 1.5929, 0.0, 0.0, 0.0, 1.0]}, "3182b6eba9ce405f9e1c0af86cc6b862_d2_2.png": {"intrinsics": {"fx": 1074.61, "fy": 1074.93, "cx": 630.692, "cy": 523.124}, "camera_to_world_matrix": [0.99968, -0.0252808, 0.000477666, 11.8925, 0.017324, 0.671036, -0.741222, -0.46319, 0.0184182, 0.740993, 0.67126, 1.59307, 0.0, 0.0, 0.0, 1.0]}, "3182b6eba9ce405f9e1c0af86cc6b862_d2_3.png": {"intrinsics": {"fx": 1074.61, "fy": 1074.93, "cx": 630.692, "cy": 523.124}, "camera_to_world_matrix": [0.51481, 0.564264, -0.645427, 11.9052, -0.857229, 0.348749, -0.378857, -0.470276, 0.0113165, 0.748318, 0.663243, 1.59323, 0.0, 0.0, 0.0, 1.0]}, "3182b6eba9ce405f9e1c0af86cc6b862_d2_4.png": {"intrinsics": {"fx": 1074.61, "fy": 1074.93, "cx": 630.692, "cy": 523.124}, "camera_to_world_matrix": [-0.484952, 0.579948, -0.654585, 11.9054, -0.874539, -0.322996, 0.361739, -0.484825, -0.00163829, 0.747886, 0.663825, 1.59322, 0.0, 0.0, 0.0, 1.0]}, "3182b6eba9ce405f9e1c0af86cc6b862_d2_5.png": {"intrinsics": {"fx": 1074.61, "fy": 1074.93, "cx": 630.692, "cy": 523.124}, "camera_to_world_matrix": [-0.999822, 0.00608657, -0.0178378, 11.8929, -0.0172952, -0.672437, 0.739952, -0.492287, -0.00749098, 0.740129, 0.672423, 1.59305, 0.0, 0.0, 0.0, 1.0]}, "3362c518d40641d4b95d317186bde71b_d0_0.png": {"intrinsics": {"fx": 1075.72, "fy": 1075.66, "cx": 636.877, "cy": 515.013}, "camera_to_world_matrix": [0.734361, -0.458623, -0.50038, 9.43666, -0.678751, -0.492494, -0.544745, 1.22197, 0.00339817, 0.739672, -0.672958, 1.5092, 0.0, 0.0, 0.0, 1.0]}, "3362c518d40641d4b95d317186bde71b_d0_1.png": {"intrinsics": {"fx": 1075.72, "fy": 1075.66, "cx": 636.877, "cy": 515.013}, "camera_to_world_matrix": [-0.220547, -0.646798, -0.730076, 9.44112, -0.975372, 0.14388, 0.167179, 1.20812, -0.0030875, 0.748966, -0.662601, 1.509, 0.0, 0.0, 0.0, 1.0]}, "3362c518d40641d4b95d317186bde71b_d0_2.png": {"intrinsics": {"fx": 1075.72, "fy": 1075.66, "cx": 636.877, "cy": 515.013}, "camera_to_world_matrix": [-0.954928, -0.189706, -0.228309, 9.43135, -0.296784, 0.624991, 0.722016, 1.19733, 0.0057204, 0.757231, -0.653122, 1.50882, 0.0, 0.0, 0.0, 1.0]}, "3362c518d40641d4b95d317186bde71b_d0_3.png": {"intrinsics": {"fx": 1075.72, "fy": 1075.66, "cx": 636.877, "cy": 515.013}, "camera_to_world_matrix": [-0.734385, 0.455551, 0.503143, 9.41713, 0.678409, 0.469716, 0.564915, 1.2004, 0.0210139, 0.756201, -0.654002, 1.50883, 0.0, 0.0, 0.0, 1.0]}, "3362c518d40641d4b95d317186bde71b_d0_4.png": {"intrinsics": {"fx": 1075.72, "fy": 1075.66, "cx": 636.877, "cy": 515.013}, "camera_to_world_matrix": [0.220534, 0.643702, 0.732811, 9.41267, 0.974992, -0.166666, -0.147018, 1.21425, 0.027499, 0.746907, -0.664359, 1.50903, 0.0, 0.0, 0.0, 1.0]}, "3362c518d40641d4b95d317186bde71b_d0_5.png": {"intrinsics": {"fx": 1075.72, "fy": 1075.66, "cx": 636.877, "cy": 515.013}, "camera_to_world_matrix": [0.954889, 0.186591, 0.231022, 9.42244, 0.296375, -0.647758, -0.701834, 1.22503, 0.0186906, 0.738643, -0.673838, 1.50922, 0.0, 0.0, 0.0, 1.0]}, "3362c518d40641d4b95d317186bde71b_d1_0.png": {"intrinsics": {"fx": 1075.94, "fy": 1076.09, "cx": 629.693, "cy": 501.638}, "camera_to_world_matrix": [0.741191, -0.00934978, -0.671229, 9.42918, -0.671293, -0.0124008, -0.741089, 1.21327, -0.00139492, 0.99988, -0.0154675, 1.54231, 0.0, 0.0, 0.0, 1.0]}, "3362c518d40641d4b95d317186bde71b_d1_1.png": {"intrinsics": {"fx": 1075.94, "fy": 1076.09, "cx": 629.693, "cy": 501.638}, "camera_to_world_matrix": [-0.210731, -0.00327193, -0.977539, 9.43025, -0.977512, -0.00749923, 0.21075, 1.20994, -0.00802048, 0.999967, -0.00161766, 1.54226, 0.0, 0.0, 0.0, 1.0]}, "3362c518d40641d4b95d317186bde71b_d1_2.png": {"intrinsics": {"fx": 1075.94, "fy": 1076.09, "cx": 629.693, "cy": 501.638}, "camera_to_world_matrix": [-0.951933, 0.00401252, -0.306282, 9.4279, -0.306308, -0.0103116, 0.951877, 1.20735, 0.000661027, 0.999939, 0.0110454, 1.54222, 0.0, 0.0, 0.0, 1.0]}, "3362c518d40641d4b95d317186bde71b_d1_3.png": {"intrinsics": {"fx": 1075.94, "fy": 1076.09, "cx": 629.693, "cy": 501.638}, "camera_t