{"009755fbde8e43fe90b7d2721398dcec_d0_0.png": {"intrinsics": {"fx": 1071.91, "fy": 1073.21, "cx": 632.882, "cy": 515.02}, "camera_to_world_matrix": [0.951571, 0.175897, 0.25214, -7.86245, 0.305963, -0.621942, -0.720817, 2.30928, 0.0300266, 0.763053, -0.645638, 3.7227, 0.0, 0.0, 0.0, 1.0]}, "009755fbde8e43fe90b7d2721398dcec_d0_1.png": {"intrinsics": {"fx": 1071.91, "fy": 1073.21, "cx": 632.882, "cy": 515.02}, "camera_to_world_matrix": [0.739894, -0.475915, -0.475462, -7.84822, -0.671257, -0.47563, -0.568499, 2.3063, 0.0444137, 0.739785, -0.671376, 3.72321, 0.0, 0.0, 0.0, 1.0]}, "009755fbde8e43fe90b7d2721398dcec_d0_2.png": {"intrinsics": {"fx": 1071.91, "fy": 1073.21, "cx": 632.882, "cy": 515.02}, "camera_to_world_matrix": [-0.211915, -0.674762, -0.706959, -7.84369, -0.977051, 0.162239, 0.138028, 2.29248, 0.0215602, 0.719984, -0.693656, 3.72364, 0.0, 0.0, 0.0, 1.0]}, "009755fbde8e43fe90b7d2721398dcec_d0_3.png": {"intrinsics": {"fx": 1071.91, "fy": 1073.21, "cx": 632.882, "cy": 515.02}, "camera_to_world_matrix": [-0.952026, -0.221791, -0.210848, -7.8534, -0.305618, 0.653781, 0.692221, 2.28164, -0.0156799, 0.72345, -0.690198, 3.72357, 0.0, 0.0, 0.0, 1.0]}, "009755fbde8e43fe90b7d2721398dcec_d0_4.png": {"intrinsics": {"fx": 1071.91, "fy": 1073.21, "cx": 632.882, "cy": 515.02}, "camera_to_world_matrix": [-0.740311, 0.430016, 0.516748, -7.86763, 0.671594, 0.507444, 0.539875, 2.28462, -0.0300657, 0.746719, -0.664461, 3.72307, 0.0, 0.0, 0.0, 1.0]}, "009755fbde8e43fe90b7d2721398dcec_d0_5.png": {"intrinsics": {"fx": 1071.91, "fy": 1073.21, "cx": 632.882, "cy": 515.02}, "camera_to_world_matrix": [0.211511, 0.628837, 0.748217, -7.87216, 0.97735, -0.130433, -0.166661, 2.29844, -0.00721097, 0.766519, -0.642181, 3.72264, 0.0, 0.0, 0.0, 1.0]}, "009755fbde8e43fe90b7d2721398dcec_d1_0.png": {"intrinsics": {"fx": 1074.88, "fy": 1075.53, "cx": 636.644, "cy": 515.188}, "camera_to_world_matrix": [0.949445, -0.0414826, 0.311177, -7.86004, 0.312237, 0.0219812, -0.949749, 2.29949, 0.0325584, 0.998897, 0.0338209, 3.75626, 0.0, 0.0, 0.0, 1.0]}, "009755fbde8e43fe90b7d2721398dcec_d1_1.png": {"intrinsics": {"fx": 1074.88, "fy": 1075.53, "cx": 636.644, "cy": 515.188}, "camera_to_world_matrix": [0.744172, -0.035663, -0.667035, -7.85662, -0.666319, 0.0308855, -0.745026, 2.29878, 0.0471719, 0.998886, -0.000780201, 3.75638, 0.0, 0.0, 0.0, 1.0]}, "009755fbde8e43fe90b7d2721398dcec_d1_2.png": {"intrinsics": {"fx": 1074.88, "fy": 1075.53, "cx": 636.644, "cy": 515.188}, "camera_to_world_matrix": [-0.205596, -0.0250471, -0.978316, -7.85553, -0.978329, 0.0303015, 0.204824, 2.29545, 0.0245146, 0.999226, -0.0307356, 3.75649, 0.0, 0.0, 0.0, 1.0]}, "009755fbde8e43fe90b7d2721398dcec_d1_3.png": {"intrinsics": {"fx": 1074.88, "fy": 1075.53, "cx": 636.644, "cy": 515.188}, "camera_to_world_matrix": [-0.950069, -0.020251, -0.311378, -7.85786, -0.311776, 0.0208131, 0.949927, 2.29284, -0.0127558, 0.999577, -0.0260891, 3.75647, 0.0, 0.0, 0.0, 1.0]}, "009755fbde8e43fe90b7d2721398dcec_d1_4.png": {"intrinsics": {"fx": 1074.88, "fy": 1075.53, "cx": 636.644, "cy": 515.188}, "camera_to_world_matrix": [-0.744757, -0.0260709, 0.666825, -7.86129, 0.666772, 0.011909, 0.745165, 2.29356, -0.027368, 0.999588, 0.00851264, 3.75635, 0.0, 0.0, 0.0, 1.0]}, "009755fbde8e43fe90b7d2721398dcec_d1_5.png": {"intrinsics": {"fx": 1074.88, "fy": 1075.53, "cx": 636.644, "cy": 515.188}, "camera_to_world_matrix": [0.205023, -0.0366868, 0.978069, -7.86238, 0.978745, 0.0124935, -0.204696, 2.29689, -0.00470948, 0.999248, 0.0384671, 3.75624, 0.0, 0.0, 0.0, 1.0]}, "009755fbde8e43fe90b7d2721398dcec_d2_0.png": {"intrinsics": {"fx": 1073.37, "fy": 1073.02, "cx": 635.541, "cy": 526.368}, "camera_to_world_matrix": [0.951072, -0.22551, 0.211212, -7.86451, 0.308239, 0.645351, -0.698936, 2.3107, 0.021311, 0.729841, 0.683287, 3.78916, 0.0, 0.0, 0.0, 1.0]}, "009755fbde8e43fe90b7d2721398dcec_d2_1.png": {"intrinsics": {"fx": 1073.37, "fy": 1073.02, "cx": 635.541, "cy": 526.368}, "camera_to_world_matrix": [0.741909, 0.420645, -0.52214, -7.85027, -0.669547, 0.506345, -0.543438, 2.30772, 0.035788, 0.752777, 0.657304, 3.78966, 0.0, 0.0, 0.0, 1.0]}, "009755fbde8e43fe90b7d2721398dcec_d2_2.png": {"intrinsics": {"fx": 1073.37, "fy": 1073.02, "cx": 635.541, "cy": 526.368}, "camera_to_world_matrix": [-0.209134, 0.622991, -0.753755, -7.84575, -0.977802, -0.122967, 0.169662, 2.2939, 0.0130108, 0.772504, 0.634879, 3.7901, 0.0, 0.0, 0.0, 1.0]}, "009755fbde8e43fe90b7d2721398dcec_d2_3.png": {"intrinsics": {"fx": 1073.37, "fy": 1073.02, "cx": 635.541, "cy": 526.368}, "camera_to_world_matrix": [-0.950994, 0.179177, -0.252013, -7.85545, -0.308265, -0.613257, 0.727248, 2.28306, -0.0242428, 0.769293, 0.638438, 3.79003, 0.0, 0.0, 0.0, 1.0]}, "009755fbde8e43fe90b7d2721398dcec_d2_4.png": {"intrinsics": {"fx": 1073.37, "fy": 1073.02, "cx": 635.541, "cy": 526.368}, "camera_to_world_matrix": [-0.741793, -0.466973, 0.481333, -7.86968, 0.669513, -0.474225, 0.571721, 2.28604, -0.0387183, 0.746356, 0.664422, 3.78952, 0.0, 0.0, 0.0, 1.0]}, "009755fbde8e43fe90b7d2721398dcec_d2_5.png": {"intrinsics": {"fx": 1073.37, "fy": 1073.02, "cx": 635.541, "cy": 526.368}, "camera_to_world_matrix": [0.209263, -0.669295, 0.71292, -7.87421, 0.977731, 0.155094, -0.141388, 2.29986, -0.01594, 0.72663, 0.686846, 3.78909, 0.0, 0.0, 0.0, 1.0]}, "0891f9ad46d741a4844ff53e8623aec3_d0_0.png": {"intrinsics": {"fx": 1071.91, "fy": 1073.21, "cx": 632.882, "cy": 515.02}, "camera_to_world_matrix": [-0.664748, -0.475489, -0.576213, -1.56581, -0.746912, 0.438791, 0.499586, -0.0349144, 0.0152889, 0.762479, -0.646833, 1.257, 0.0, 0.0, 0.0, 1.0]}, "0891f9ad46d741a4844ff53e8623aec3_d0_1.png": {"intrinsics": {"fx": 1071.91, "fy": 1073.21, "cx": 632.882, "cy": 515.02}, "camera_to_world_matrix": [-0.978665, 0.160563, 0.128205, -1.57959, 0.202299, 0.643828, 0.737944, -0.0395778, 0.0359439, 0.748135, -0.662572, 1.25731, 0.0, 0.0, 0.0, 1.0]}, "0891f9ad46d741a4844ff53e8623aec3_d0_2.png": {"intrinsics": {"fx": 1071.91, "fy": 1073.21, "cx": 632.882, "cy": 515.02}, "camera_to_world_matrix": [-0.313703, 0.655912, 0.686565, -1.59051, 0.949114, 0.195414, 0.246976, -0.0299744, 0.0278302, 0.729105, -0.683836, 1.25773, 0.0, 0.0, 0.0, 1.0]}, "0891f9ad46d741a4844ff53e8623aec3_d0_3.png": {"intrinsics": {"fx": 1071.91, "fy": 1073.21, "cx": 632.882, "cy": 515.02}, "camera_to_world_matrix": [0.665161, 0.515197, 0.540494, -1.58765, 0.746701, -0.458027, -0.482338, -0.0157078, -0.000938343, 0.72442, -0.689359, 1.25783, 0.0, 0.0, 0.0, 1.0]}, "0891f9ad46d741a4844ff53e8623aec3_d0_4.png": {"intrinsics": {"fx": 1071.91, "fy": 1073.21, "cx": 632.882, "cy": 515.02}, "camera_to_world_matrix": [0.97904, -0.120862, -0.163933, -1.57387, -0.202523, -0.66304, -0.720669, -0.011045, -0.0215925, 0.738764, -0.673619, 1.25753, 0.0, 0.0, 0.0, 1.0]}, "0891f9ad46d741a4844ff53e8623aec3_d0_5.png": {"intrinsics": {"fx": 1071.91, "fy": 1073.21, "cx": 632.882, "cy": 515.02}, "camera_to_world_matrix": [0.314049, -0.616194, -0.722274, -1.56295, -0.949312, -0.214606, -0.229679, -0.0206488, -0.0134776, 0.757793, -0.652356, 1.25711, 0.0, 0.0, 0.0, 1.0]}, "0891f9ad46d741a4844ff53e8623aec3_d1_0.png": {"intrinsics": {"fx": 1074.88, "fy": 1075.53, "cx": 636.644, "cy": 515.188}, "camera_to_world_matrix": [-0.659759, 0.0361492, -0.750606, -1.57321, -0.751264, -0.00802904, 0.659951, -0.0280509, 0.0178304, 0.999313, 0.0324535, 1.29055, 0.0, 0.0, 0.0, 1.0]}, "0891f9ad46d741a4844ff53e8623aec3_d1_1.png": {"intrinsics": {"fx": 1074.88, "fy": 1075.53, "cx": 636.644, "cy": 515.188}, "camera_to_world_matrix": [-0.979872, 0.0356564, 0.196408, -1.57653, 0.195845, -0.0186543, 0.980457, -0.0291727, 0.0386238, 0.999189, 0.0112943, 1.29063, 0.0, 0.0, 0.0, 1.0]}, "0891f9ad46d741a4844ff53e8623aec3_d1_2.png": {"intrinsics": {"fx": 1074.88, "fy": 1075.53, "cx": 636.644, "cy": 515.188}, "camera_to_world_matrix": [-0.319827, 0.0262109, 0.947113, -1.57916, 0.946977, -0.0235431, 0.320433, -0.0268626, 0.0306972, 0.999378, -0.0172928, 1.29073, 0.0, 0.0, 0.0, 1.0]}, "0891f9ad46d741a4844ff53e8623aec3_d1_3.png": {"intrinsics": {"fx": 1074.88, "fy": 1075.53, "cx": 636.644, "cy": 515.188}, "camera_to_world_matrix": [0.660317, 0.0172583, 0.750787, -1.57847, 0.750982, -0.0178066, -0.660081, -0.0234308, 0.00197745, 0.999692, -0.0247201, 1.29075, 0.0, 0.0, 0.0, 1.0]}, "0891f9ad46d741a4844ff53e8623aec3_d1_4.png": {"intrinsics": {"fx": 1074.88, "fy": 1075.53, "cx": 636.644, "cy": 515.188}, "camera_to_world_matrix": [0.980394, 0.0177515, -0.196239, -1.57515, -0.19614, -0.00718133, -0.980549, -0.0223091, -0.0188151, 0.999816, -0.00356016, 1.29068, 0.0, 0.0, 0.0, 1.0]}, "0891f9ad46d741a4844ff53e8623aec3_d1_5.png": {"intrinsics": {"fx": 1074.88, "fy": 1075.53, "cx": 636.644, "cy": 515.188}, "camera_to_world_matrix": [0.320319, 0.0271972, -0.946918, -1.57253, -0.947246, -0.00229287, -0.320496, -0.0246193, -0.0108874, 0.999627, 0.0250266, 1.29058, 0.0, 0.0, 0.0, 1.0]}, "0891f9ad46d741a4844ff53e8623aec3_d2_0.png": {"intrinsics": {"fx": 1073.37, "fy": 1073.02, "cx": 635.541, "cy": 526.368}, "camera_to_world_matrix": [-0.663069, 0.514053, -0.544142, -1.56403, -0.748531, -0.448942, 0.488009, -0.0357735, 0.00657401, 0.730891, 0.682465, 1.32347, 0.0, 0.0, 0.0, 1.0]}, "0891f9ad46d741a4844ff53e8623aec3_d2_1.png": {"intrinsics": {"fx": 1073.37, "fy": 1073.02, "cx": 635.541, "cy": 526.368}, "camera_to_world_matrix": [-0.97944, -0.113413, 0.166847, -1.57781, 0.19989, -0.657398, 0.726548, -0.0404369, 0.0272844, 0.74496, 0.666553, 1.32378, 0.0, 0.0, 0.0, 1.0]}, "0891f9ad46d741a4844ff53e8623aec3_d2_2.png": {"intrinsics": {"fx": 1073.37, "fy": 1073.02, "cx": 635.541, "cy": 526.368}, "camera_to_world_matrix": [-0.316388, -0.607432, 0.728647, -1.58873, 0.948436, -0.218132, 0.229979, -0.0308335, 0.019244, 0.763837, 0.645125, 1.3242, 0.0, 0.0, 0.0, 1.0]}, "0891f9ad46d741a4844ff53e8623aec3_d2_3.png": {"intrinsics": {"fx": 1073.37, "fy": 1073.02, "cx": 635.541, "cy": 526.368}, "camera_to_world_matrix": [0.66302, -0.473973, 0.579445, -1.58588, 0.748544, 0.429581, -0.505118, -0.0165669, -0.00950646, 0.768642, 0.639611, 1.3243, 0.0, 0.0, 0.0, 1.0]}, "0891f9ad46d741a4844ff53e8623aec3_d2_4.png": {"intrinsics": {"fx": 1073.37, "fy": 1073.02, "cx": 635.541, "cy": 526.368}, "camera_to_world_matrix": [0.979354, 0.153501, -0.131553, -1.5721, -0.199891, 0.638012, -0.74363, -0.0119041, -0.030216, 0.754572, 0.655524, 1.324, 0.0, 0.0, 0.0, 1.0]}, "0891f9ad46d741a4844ff53e8623aec3_d2_5.png": {"intrinsics": {"fx": 1073.37, "fy": 1073.02, "cx": 635.541, "cy": 526.368}, "camera_to_world_matrix": [0.316272, 0.647503, -0.693334, -1.56117, -0.948411, 0.198727, -0.247038, -0.0215079, -0.0221745, 0.735696, 0.676951, 1.32358, 0.0, 0.0, 0.0, 1.0]}, "0907c60c53f7431aaedabbf388069a7f_d0_0.png": {"intrinsics": {"fx": 1071.91, "fy": 1073.21, "cx": 632.882, "cy": 515.02}, "camera_to_world_matrix": [0.250526, 0.637177, 0.728864, -9.21096, 0.968106, -0.167159, -0.186627, -1.19098, 0.00292186, 0.752372, -0.658732, 1.23693, 0.0, 0.0, 0.0, 1.0]}, "0907c60c53f7431aaedabbf388069a7f_d0_1.png": {"intrinsics": {"fx": 1071.91, "fy": 1073.21, "cx": 632.882, "cy": 515.02}, "camera_to_world_matrix": [0.963534, 0.164775, 0.21084, -9.20082, 0.267096, -0.640066, -0.7204, -1.18054, 0.016247, 0.750444, -0.660735, 1.23697, 0.0, 0.0, 0.0, 1.0]}, "0907c60c53f7431aaedabbf388069a7f_d0_2.png": {"intrinsics": {"fx": 1071.91, "fy": 1073.21, "cx": 632.882, "cy": 515.02}, "camera_to_world_matrix": [0.712903, -0.480922, -0.510376, -9.18672, -0.700963, -0.467417, -0.538677, -1.18409, 0.0205032, 0.741779, -0.670331, 1.23716, 0.0, 0.0, 0.0, 1.0]}, "0907c60c53f7431aaedabbf388069a7f_d0_3.png": {"intrinsics": {"fx": 1071.91, "fy": 1073.21, "cx": 632.882, "cy": 515.02}, "camera_to_world_matrix": [-0.250728, -0.654203, -0.713551, -9.18274, -0.967991, 0.178134, 0.176816, -1.19809, 0.0114343, 0.735043, -0.677925, 1.2373, 0.0, 0.0, 0.0, 1.0]}, "0907c60c53f7431aaedabbf388069a7f_d0_4.png": {"intrinsics": {"fx": 1071.91, "fy": 1073.21, "cx": 632.882, "cy": 515.02}, "camera_to_world_matrix": [-0.963709, -0.181782, -0.195505, -9.19287, -0.266953, 0.651022, 0.710569, -1.20853, -0.00189067, 0.736971, -0.675922, 1.23727, 0.0, 0.0, 0.0, 1.0]}, "0907c60c53f7431aaedabbf388069a7f_d0_5.png": {"intrinsics": {"fx": 1071.91, "fy": 1073.21, "cx": 632.882, "cy": 515.02}, "camera_to_world_matrix": [-0.71304, 0.463908, 0.525703, -9.20698, 0.701097, 0.478348, 0.528817, -1.20497, -0.00614643, 0.745636, -0.666325, 1.23708, 0.0, 0.0, 0.0, 1.0]}, "0907c60c53f7431aaedabbf388069a7f_d1_0.png": {"intrinsics": {"fx": 1074.88, "fy": 1075.53, "cx": 636.644, "cy": 515.188}, "camera_to_world_matrix": [0.244147, -0.017622, 0.969577, -9.20062, 0.969721, -0.00130286, -0.244208, -1.19343, 0.00556702, 0.999843, 0.016769, 1.27032, 0.0, 0.0, 0.0, 1.0]}, "0907c60c53f7431aaedabbf388069a7f_d1_1.png": {"intrinsics": {"fx": 1074.88, "fy": 1075.53, "cx": 636.644, "cy": 515.188}, "camera_to_world_matrix": [0.96171, -0.0220374, 0.273176, -9.19819, 0.273411, 0.00837412, -0.96186, -1.19092, 0.0189097, 0.999721, 0.0140774, 1.27033, 0.0, 0.0, 0.0, 1.0]}, "0907c60c53f7431aaedabbf388069a7f_d1_2.png": {"intrinsics": {"fx": 1074.88, "fy": 1075.53, "cx": 636.644, "cy": 515.188}, "camera_to_world_matrix": [0.717428, -0.0158645, -0.696451, -9.19479, -0.696243, 0.0170373, -0.717602, -1.19178, 0.0232504, 0.999728, 0.00117603, 1.27037, 0.0, 0.0, 0.0, 1.0]}, "0907c60c53f7431aaedabbf388069a7f_d1_3.png": {"intrinsics": {"fx": 1074.88, "fy": 1075.53, "cx": 636.644, "cy": 515.188}, "camera_to_world_matrix": [-0.244412, -0.00527632, -0.969656, -9.19384, -0.969565, 0.0160232, 0.244303, -1.19514, 0.0142484, 0.999857, -0.00903341, 1.27041, 0.0, 0.0, 0.0, 1.0]}, "0907c60c53f7431aaedabbf388069a7f_d1_4.png": {"intrinsics": {"fx": 1074.88, "fy": 1075.53, "cx": 636.644, "cy": 515.188}, "camera_to_world_matrix": [-0.961948, -0.000861278, -0.273227, -9.19627, -0.273227, 0.00634605, 0.961928, -1.19765, 0.000905793, 0.999979, -0.00634129, 1.2704, 0.0, 0.0, 0.0, 1.0]}, "0907c60c53f7431aaedabbf388069a7f_d1_5.png": {"intrinsics": {"fx": 1074.88, "fy": 1075.53, "cx": 636.644, "cy": 515.188}, "camera_to_world_matrix": [-0.717627, -0.00703454, 0.696391, -9.19967, 0.696417, -0.00231684, 0.717632, -1.1968, -0.00343442, 0.999972, 0.00656022, 1.27035, 0.0, 0.0, 0.0, 1.0]}, "0907c60c53f7431aaedabbf388069a7f_d2_0.png": {"intrinsics": {"fx": 1073.37, "fy": 1073.02, "cx": 635.541, "cy": 526.368}, "camera_to_world_matrix": [0.248135, -0.648919, 0.719259, -9.21172, 0.96871, 0.170626, -0.180251, -1.19049, -0.0057561, 0.741479, 0.670953, 1.30342, 0.0, 0.0, 0.0, 1.0]}, "0907c60c53f7431aaedabbf388069a7f_d2_1.png": {"intrinsics": {"fx": 1073.37, "fy": 1073.02, "cx": 635.541, "cy": 526.368}, "camera_to_world_matrix": [0.962966, -0.18572, 0.19547, -9.20159, 0.269523, 0.642652, -0.717187, -1.18005, 0.00757648, 0.743309, 0.668908, 1.30346, 0.0, 0.0, 0.0, 1.0]}, "0907c60c53f7431aaedabbf388069a7f_d2_2.png": {"intrinsics": {"fx": 1073.37, "fy": 1073.02, "cx": 635.541, "cy": 526.368}, "camera_to_world_matrix": [0.714826, 0.454615, -0.531366, -9.18748, -0.699204, 0.477533, -0.532052, -1.1836, 0.0118662, 0.751857, 0.659222, 1.30365, 0.0, 0.0, 0.0, 1.0]}, "0907c60c53f7431aaedabbf388069a7f_d2_3.png": {"intrinsics": {"fx": 1073.37, "fy": 1073.02, "cx": 635.541, "cy": 526.368}, "camera_to_world_matrix": [-0.248139, 0.631736, -0.734397, -9.1835, -0.968722, -0.159608, 0.190015, -1.1976, 0.00282324, 0.758575, 0.651582, 1.3038, 0.0, 0.0, 0.0, 1.0]}, "0907c60c53f7431aaedabbf388069a7f_d2_4.png": {"intrinsics": {"fx": 1073.37, "fy": 1073.02, "cx": 635.541, "cy": 526.368}, "camera_to_world_matrix": [-0.962943, 0.168518, -0.210586, -9.19364, -0.269507, -0.631616, 0.72693, -1.20804, -0.0105092, 0.756745, 0.653627, 1.30376, 0.0, 0.0, 0.0, 1.0]}, "0907c60c53f7431aaedabbf388069a7f_d2_5.png": {"intrinsics": {"fx": 1073.37, "fy": 1073.02, "cx": 635.541, "cy": 526.368}, "camera_to_world_matrix": [-0.714765, -0.471811, 0.516243, -9.20774, 0.69921, -0.466472, 0.541767, -1.20448, -0.0147984, 0.748197, 0.663314, 1.30357, 0.0, 0.0, 0.0, 1.0]}, "0d93e79881144102ac1ea0bc29b00e37_d0_0.png": {"intrinsics": {"fx": 1071.91, "fy": 1073.21, "cx": 632.882, "cy": 515.02}, "camera_to_world_matrix": [0.829546, 0.364522, 0.423058, -6.42305, 0.558404, -0.549931, -0.621098, 3.65048, 0.00624863, 0.751466, -0.659742, 3.74832, 0.0, 0.0, 0.0, 1.0]}, "0d93e79881144102ac1ea0bc29b00e37_d0_1.png": {"intrinsics": {"fx": 1071.91, "fy": 1073.21, "cx": 632.882, "cy": 515.02}, "camera_to_world_matrix": [0.898252, -0.30267, -0.318647, -6.40854, -0.439164, -0.590565, -0.67703, 3.65158, 0.0167351, 0.748081, -0.663397, 3.74839, 0.0, 0.0, 0.0, 1.0]}, "0d93e79881144102ac1ea0bc29b00e37_d0_2.png": {"intrinsics": {"fx": 1071.91, "fy": 1073.21, "cx": 632.882, "cy": 515.02}, "camera_to_world_matrix": [0.0686445, -0.671417, -0.737894, -6.40034, -0.997486, -0.0330942, -0.0626808, 3.63956, 0.0176648, 0.740341, -0.672, 3.74856, 0.0, 0.0, 0.0, 1.0]}, "0d93e79881144102ac1ea0bc29b00e37_d0_3.png": {"intrinsics": {"fx": 1071.91, "fy": 1073.21, "cx": 632.882, "cy": 515.02}, "camera_to_world_matrix": [-0.82965, -0.372964, -0.415428, -6.40664, -0.558227, 0.564998, 0.607587, 3.62645, 0.00810797, 0.735986, -0.676948, 3.74866, 0.0, 0.0, 0.0, 1.0]}, "0d93e79881144102ac1ea0bc29b00e37_d0_4.png": {"intrinsics": {"fx": 1071.91, "fy": 1073.21, "cx": 632.882, "cy": 515.02}, "camera_to_world_matrix": [-0.898316, 0.29423, 0.326279, -6.42115, 0.439344, 0.605607, 0.66349, 3.62535, -0.00237834, 0.739372, -0.673293, 3.74859, 0.0, 0.0, 0.0, 1.0]}, "0d93e79881144102ac1ea0bc29b00e37_d0_5.png": {"intrinsics": {"fx": 1071.91, "fy": 1073.21, "cx": 632.882, "cy": 515.02}, "camera_to_world_matrix": [-0.068687, 0.662955, 0.745502, -6.42935, 0.997634, 0.0481213, 0.0491242, 3.63737, -0.00330755, 0.747112, -0.66469, 3.74842, 0.0, 0.0, 0.0, 1.0]}, "0d93e79881144102ac1ea0bc29b00e37_d1_0.png": {"intrinsics": {"fx": 1074.88, "fy": 1075.53, "cx": 636.644, "cy": 515.188}, "camera_to_world_matrix": [0.825838, -0.0160547, 0.563677, -6.41701, 0.563835, 0.00772887, -0.82585, 3.64169, 0.00890259, 0.99984, 0.0154337, 3.7817, 0.0, 0.0, 0.0, 1.0]}, "0d93e79881144102ac1ea0bc29b00e37_d1_1.png": {"intrinsics": {"fx": 1074.88, "fy": 1075.53, "cx": 636.644, "cy": 515.188}, "camera_to_world_matrix": [0.90107, -0.0129414, -0.433479, -6.41352, -0.433236, 0.0179001, -0.901102, 3.64195, 0.0194212, 0.999755, 0.0105212, 3.78171, 0.0, 0.0, 0.0, 1.0]}, "0d93e79881144102ac1ea0bc29b00e37_d1_2.png": {"intrinsics": {"fx": 1074.88, "fy": 1075.53, "cx": 636.644, "cy": 515.188}, "camera_to_world_matrix": [0.0751554, -0.00257596, -0.997168, -6.41154, -0.996961, 0.02029, -0.075192, 3.63906, 0.0204266, 0.99979, -0.00104464, 3.78175, 0.0, 0.0, 0.0, 1.0]}, "0d93e79881144102ac1ea0bc29b00e37_d1_3.png": {"intrinsics": {"fx": 1074.88, "fy": 1075.53, "cx": 636.644, "cy": 515.188}, "camera_to_world_matrix": [-0.825972, 0.00467588, -0.563689, -6.41306, -0.563603, 0.0125085, 0.825951, 3.63591, 0.0109133, 0.99991, -0.00769777, 3.78178, 0.0, 0.0, 0.0, 1.0]}, "0d93e79881144102ac1ea0bc29b00e37_d1_4.png": {"intrinsics": {"fx": 1074.88, "fy": 1075.53, "cx": 636.644, "cy": 515.188}, "camera_to_world_matrix": [-0.901166, 0.00156213, 0.43347, -6.41655, 0.433472, 0.00233739, 0.901163, 3.63565, 0.000394912, 0.999995, -0.00278491, 3.78176, 0.0, 0.0, 0.0, 1.0]}, "0d93e79881144102ac1ea0bc29b00e37_d1_5.png": {"intrinsics": {"fx": 1074.88, "fy": 1075.53, "cx": 636.644, "cy": 515.188}, "camera_to_world_matrix": [-0.0752291, -0.0088034, 0.997127, -6.41852, 0.997165, -5.20609e-05, 0.0752312, 3.63854, -0.000610019, 0.99996, 0.00878097, 3.78172, 0.0, 0.0, 0.0, 1.0]}, "0d93e79881144102ac1ea0bc29b00e37_d2_0.png": {"intrinsics": {"fx": 1073.37, "fy": 1073.02, "cx": 635.541, "cy": 526.368}, "camera_to_world_matrix": [0.828174, -0.374002, 0.417436, -6.42342, 0.560468, 0.555855, -0.613923, 3.65115, -0.00242597, 0.742394, 0.669962, 3.81482, 0.0, 0.0, 0.0, 1.0]}, "0d93e79881144102ac1ea0bc29b00e37_d2_1.png": {"intrinsics": {"fx": 1073.37, "fy": 1073.02, "cx": 635.541, "cy": 526.368}, "camera_to_world_matrix": [0.899454, 0.285719, -0.33068, -6.40892, -0.436945, 0.601934, -0.668398, 3.65225, 0.00807362, 0.745681, 0.666256, 3.81489, 0.0, 0.0, 0.0, 1.0]}, "0d93e79881144102ac1ea0bc29b00e37_d2_2.png": {"intrinsics": {"fx": 1073.37, "fy": 1073.02, "cx": 635.541, "cy": 526.368}, "camera_to_world_matrix": [0.0712677, 0.655447, -0.751872, -6.40071, -0.997418, 0.0536564, -0.0477679, 3.64023, 0.00903315, 0.753334, 0.657579, 3.81506, 0.0, 0.0, 0.0, 1.0]}, "0d93e79881144102ac1ea0bc29b00e37_d2_3.png": {"intrinsics": {"fx": 1073.37, "fy": 1073.02, "cx": 635.541, "cy": 526.368}, "camera_to_world_matrix": [-0.82818, 0.365445, -0.424938, -6.40702, -0.560466, -0.540688, 0.627324, 3.62712, -0.000506915, 0.757698, 0.652607, 3.81515, 0.0, 0.0, 0.0, 1.0]}, "0d93e79881144102ac1ea0bc29b00e37_d2_4.png": {"intrinsics": {"fx": 1073.37, "fy": 1073.02, "cx": 635.541, "cy": 526.368}, "camera_to_world_matrix": [-0.89942, -0.294278, 0.323181, -6.42153, 0.43695, -0.586742, 0.68177, 3.62603, -0.0110063, 0.754411, 0.656313, 3.81508, 0.0, 0.0, 0.0, 1.0]}, "0d93e79881144102ac1ea0bc29b00e37_d2_5.png": {"intrinsics": {"fx": 1073.37, "fy": 1073.02, "cx": 635.541, "cy": 526.368}, "camera_to_world_matrix": [-0.0712119, -0.663984, 0.744348, -6.42973, 0.997391, -0.0384493, 0.0611231, 3.63804, -0.0119654, 0.746758, 0.66499, 3.81491, 0.0, 0.0, 0.0, 1.0]}, "0fa0a4dc5aea4285b225cda527388ecb_d0_0.png": {"intrinsics": {"fx": 1071.91, "fy": 1073.21, "cx": 632.882, "cy": 515.02}, "camera_to_world_matrix": [-0.963087, 0.182884, 0.197532, -4.52907, 0.269156, 0.641853, 0.71804, -3.73041, 0.00453195, 0.744701, -0.667383, 3.76577, 0.0, 0.0, 0.0, 1.0]}, "0fa0a4dc5aea4285b225cda527388ecb_d0_1.png": {"intrinsics": {"fx": 1071.91, "fy": 1073.21, "cx": 632.882, "cy": 515.02}, "camera_to_world_matrix": [-0.248444, 0.646607, 0.721232, -4.53931, 0.968621, 0.16043, 0.189832, -3.72007, 0.00703945, 0.745763, -0.666174, 3.76575, 0.0, 0.0, 0.0, 1.0]}, "0fa0a4dc5aea4285b225cda527388ecb_d0_2.png": {"intrinsics": {"fx": 1071.91, "fy": 1073.21, "cx": 632.882, "cy": 515.02}, "camera_to_world_matrix": [0.714627, 0.461538, 0.525634, -4.53549, 0.699439, -0.481876, -0.527808, -3.70604, 0.00968649, 0.744835, -0.667179, 3.76577, 0.0, 0.0, 0.0, 1.0]}, "0fa0a4dc5aea4285b225cda527388ecb_d0_3.png": {"intrinsics": {"fx": 1071.91, "fy": 1073.21, "cx": 632.882, "cy": 515.02}, "camera_to_world_matrix": [0.963034, -0.187249, -0.19366, -4.52142, -0.269202, -0.642744, -0.717225, -3.70233, 0.00982595, 0.742845, -0.669392, 3.76581, 0.0, 0.0, 0.0, 1.0]}, "0fa0a4dc5aea4285b225cda527388ecb_d0_4.png": {"intrinsics": {"fx": 1071.91, "fy": 1073.21, "cx": 632.882, "cy": 515.02}, "camera_to_world_matrix": [0.248364, -0.650953, -0.71734, -4.51117, -0.96864, -0.161303, -0.188996, -3.71266, 0.00731838, 0.741783, -0.6706, 3.76583, 0.0, 0.0, 0.0, 1.0]}, "0fa0a4dc5aea4285b225cda527388ecb_d0_5.png": {"intrinsics": {"fx": 1071.91, "fy": 1073.21, "cx": 632.882, "cy": 515.02}, "camera_to_world_matrix": [-0.714697, -0.465859, -0.521714, -4.515, -0.69942, 0.480995, 0.528636, -3.7267, 0.00467142, 0.742711, -0.669596, 3.76581, 0.0, 0.0, 0.0, 1.0]}, "0fa0a4dc5aea4285b225cda527388ecb_d1_0.png": {"intrinsics": {"fx": 1074.88, "fy": 1075.53, "cx": 636.644, "cy": 515.188}, "camera_to_world_matrix": [-0.964811, 0.00562553, 0.262878, -4.52626, 0.262838, -0.00694237, 0.964814, -3.71976, 0.00725295, 0.999959, 0.00521808, 3.79903, 0.0, 0.0, 0.0, 1.0]}, "0fa0a4dc5aea4285b225cda527388ecb_d1_1.png": {"intrinsics": {"fx": 1074.88, "fy": 1075.53, "cx": 636.644, "cy": 515.188}, "camera_to_world_matrix": [-0.25478, -0.00413502, 0.966989, -4.52872, 0.966948, -0.0111715, 0.254722, -3.71728, 0.00974981, 0.999928, 0.00684324, 3.79903, 0.0, 0.0, 0.0, 1.0]}, "0fa0a4dc5aea4285b225cda527388ecb_d1_2.png": {"intrinsics": {"fx": 1074.88, "fy": 1075.53, "cx": 636.644, "cy": 515.188}, "camera_to_world_matrix": [0.710008, -0.0126777, 0.704078, -4.5278, 0.704083, -0.00483304, -0.7101, -3.7139, 0.0124057, 0.999907, 0.0054933, 3.79903, 0.0, 0.0, 0.0, 1.0]}, "0fa0a4dc5aea4285b225cda527388ecb_d1_3.png": {"intrinsics": {"fx": 1074.88, "fy": 1075.53, "cx": 636.644, "cy": 515.188}, "camera_to_world_matrix": [0.964743, -0.0114597, -0.262938, -4.52442, -0.262887, 0.00573442, -0.964809, -3.71301, 0.0125646, 0.999917, 0.00251822, 3.79904, 0.0, 0.0, 0.0, 1.0]}, "0fa0a4dc5aea4285b225cda527388ecb_d1_4.png": {"intrinsics": {"fx": 1074.88, "fy": 1075.53, "cx": 636.644, "cy": 515.188}, "camera_to_world_matrix": [0.254685, -0.00169903, -0.967022, -4.52195, -0.96697, 0.00996317, -0.254689, -3.7155, 0.0100677, 0.999948, 0.000893162, 3.79905, 0.0, 0.0, 0.0, 1.0]}, "0fa0a4dc5aea4285b225cda527388ecb_d1_5.png": {"intrinsics": {"fx": 1074.88, "fy": 1075.53, "cx": 636.644, "cy": 515.188}, "camera_to_world_matrix": [-0.710093, 0.00684345, -0.704073, -4.52287, -0.704067, 0.00362437, 0.710123, -3.71887, 0.00741188, 0.999969, 0.00224321, 3.79904, 0.0, 0.0, 0.0, 1.0]}, "0fa0a4dc5aea4285b225cda527388ecb_d2_0.png": {"intrinsics": {"fx": 1073.37, "fy": 1073.02, "cx": 635.541, "cy": 526.368}, "camera_to_world_matrix": [-0.963777, -0.17961, 0.197171, -4.52926, 0.266684, -0.637538, 0.722791, -3.73045, -0.00411692, 0.749191, 0.662344, 3.83227, 0.0, 0.0, 0.0, 1.0]}, "0fa0a4dc5aea4285b225cda527388ecb_d2_1.png": {"intrinsics": {"fx": 1073.37, "fy": 1073.02, "cx": 635.541, "cy": 526.368}, "camera_to_world_matrix": [-0.250922, -0.642631, 0.723923, -4.5395, 0.968008, -0.165333, 0.188758, -3.72011, -0.0016135, 0.748125, 0.663558, 3.83225, 0.0, 0.0, 0.0, 1.0]}, "0fa0a4dc5aea4285b225cda527388ecb_d2_2.png": {"intrinsics": {"fx": 1073.37, "fy": 1073.02, "cx": 635.541, "cy": 526.368}, "camera_to_world_matrix": [0.712865, -0.465194, 0.524806, -4.53568, 0.701303, 0.471755, -0.534437, -3.70608, 0.00103711, 0.749028, 0.66254, 3.83227, 0.0, 0.0, 0.0, 1.0]}, "0fa0a4dc5aea4285b225cda527388ecb_d2_3.png": {"intrinsics": {"fx": 1073.37, "fy": 1073.02, "cx": 635.541, "cy": 526.368}, "camera_to_world_matrix": [0.963775, 0.175259, -0.201058, -4.52161, -0.266719, 0.636624, -0.723583, -3.70237, 0.00118425, 0.750996, 0.660308, 3.83231, 0.0, 0.0, 0.0, 1.0]}, "0fa0a4dc5aea4285b225cda527388ecb_d2_4.png": {"intrinsics": {"fx": 1073.37, "fy": 1073.02, "cx": 635.541, "cy": 526.368}, "camera_to_world_matrix": [0.250893, 0.638261, -0.727789, -4.51136, -0.968016, 0.164402, -0.189529, -3.7127, -0.00131923, 0.752061, 0.659094, 3.83233, 0.0, 0.0, 0.0, 1.0]}, "0fa0a4dc5aea4285b225cda527388ecb_d2_5.png": {"intrinsics": {"fx": 1073.37, "fy": 1073.02, "cx": 635.541, "cy": 526.368}, "camera_to_world_matrix": [-0.712884, 0.460799, -0.528643, -4.51519, -0.701273, -0.472679, 0.533658, -3.72674, -0.00396976, 0.751159, 0.660112, 3.83231, 0.0, 0.0, 0.0, 1.0]}, "0fc522280a134941bf49510757261f48_d0_0.png": {"intrinsics": {"fx": 1071.91, "fy": 1073.21, "cx": 632.882, "cy": 515.02}, "camera_to_world_matrix": [-0.585364, 0.551879, 0.593953, -1.25409, 0.810614, 0.383945, 0.442145, -1.78065, 0.0159649, 0.740282, -0.672107, 2.7021, 0.0, 0.0, 0.0, 1.0]}, "0fc522280a134941bf49510757261f48_d0_1.png": {"intrinsics": {"fx": 1071.91, "fy": 1073.21, "cx": 632.882, "cy": 515.02}, "camera_to_world_matrix": [0.409397, 0.614528, 0.674352, -1.25566, 0.912329, -0.281541, -0.297307, -1.76618, 0.0071545, 0.736947, -0.675913, 2.70217, 0.0, 0.0, 0.0, 1.0]}, "0fc522280a134941bf49510757261f48_d0_2.png": {"intrinsics": {"fx": 1071.91, "fy": 1073.21, "cx": 632.882, "cy": 515.02}, "camera_to_world_matrix": [0.994818, 0.0695371, 0.0741822, -1.24392, 0.101665, -0.668557, -0.73668, -1.75759, -0.00163176, 0.740404, -0.672161, 2.7021, 0.0, 0.0, 0.0, 1.0]}, "0fc522280a134941bf49510757261f48_d0_3.png": {"intrinsics": {"fx": 1071.91, "fy": 1073.21, "cx": 632.882, "cy": 515.02}, "camera_to_world_matrix": [0.585466, -0.53809, -0.606374, -1.23061, -0.810696, -0.390077, -0.436592, -1.76346, -0.00160743, 0.747194, -0.664604, 2.70195, 0.0, 0.0, 0.0, 1.0]}, "0fc522280a134941bf49510757261f48_d0_4.png": {"intrinsics": {"fx": 1071.91, "fy": 1073.21, "cx": 632.882, "cy": 515.02}, "camera_to_world_matrix": [-0.409299, -0.600713, -0.686745, -1.22904, -0.912373, 0.275411, 0.302863, -1.77792, 0.00720317, 0.750529, -0.660799, 2.70188, 0.0, 0.0, 0.0, 1.0]}, "0fc522280a134941bf49510757261f48_d0_5.png": {"intrinsics": {"fx": 1071.91, "fy": 1073.21, "cx": 632.882, "cy": 515.02}, "camera_to_world_matrix": [-0.994689, -0.0557075, -0.0865576, -1.24078, -0.101685, 0.662406, 0.742213, -1.78652, 0.0159893, 0.747072, -0.664551, 2.70195, 0.0, 0.0, 0.0, 1.0]}, "0fc522280a134941bf49510757261f48_d1_0.png": {"intrinsics": {"fx": 1074.88, "fy": 1075.53, "cx": 636.644, "cy": 515.188}, "camera_to_world_matrix": [-0.590617, 0.0120099, 0.806861, -1.24487, 0.806733, -0.014417, 0.590738, -1.77426, 0.0187276, 0.999823, -0.00117526, 2.73529, 0.0, 0.0, 0.0, 1.0]}, "0fc522280a134941bf49510757261f48_d1_1.png": {"intrinsics": {"fx": 1074.88, "fy": 1075.53, "cx": 636.644, "cy": 515.188}, "camera_to_world_matrix": [0.403431, 0.00174129, 0.915007, -1.24524, 0.914954, -0.0116422, -0.403387, -1.77078, 0.00995069, 0.99993, -0.00629145, 2.73531, 0.0, 0.0, 0.0, 1.0]}, "0fc522280a134941bf49510757261f48_d1_2.png": {"intrinsics": {"fx": 1074.88, "fy": 1075.53, "cx": 636.644, "cy": 515.188}, "camera_to_world_matrix": [0.994132, -0.000989634, 0.108161, -1.24242, 0.10816, -0.00136157, -0.994132, -1.76871, 0.00113146, 0.999998, -0.00124794, 2.73529, 0.0, 0.0, 0.0, 1.0]}, "0fc522280a134941bf49510757261f48_d1_3.png": {"intrinsics": {"fx": 1074.88, "fy": 1075.53, "cx": 636.644, "cy": 515.188}, "camera_to_world_matrix": [0.59077, 0.00654811, -0.806813, -1.23922, -0.806838, 0.00614414, -0.590739, -1.77012, 0.00108931, 0.999959, 0.00891165, 2.73526, 0.0, 0.0, 0.0, 1.0]}, "0fc522280a134941bf49510757261f48_d1_4.png": {"intrinsics": {"fx": 1074.88, "fy": 1075.53, "cx": 636.644, "cy": 515.188}, "camera_to_world_matrix": [-0.403283, 0.0168166, -0.91492, -1.23884, -0.915021, 0.00336901, 0.40339, -1.7736, 0.00986638, 0.999852, 0.0140275, 2.73524, 0.0, 0.0, 0.0, 1.0]}, "0fc522280a134941bf49510757261f48_d1_5.png": {"intrinsics": {"fx": 1074.88, "fy": 1075.53, "cx": 636.644, "cy": 515.188}, "camera_to_world_matrix": [-0.993952, 0.0195471, -0.10805, -1.24166, -0.108203, -0.00691178, 0.994104, -1.77567, 0.0186854, 0.999784, 0.00898364, 2.73526, 0.0, 0.0, 0.0, 1.0]}, "0fc522280a134941bf49510757261f48_d2_0.png": {"intrinsics": {"fx": 1073.37, "fy": 1073.02, "cx": 635.541, "cy": 526.368}, "camera_to_world_matrix": [-0.587548, -0.528797, 0.612505, -1.25347, 0.809158, -0.3908, 0.438795, -1.78092, 0.00733337, 0.753426, 0.657494, 2.7686, 0.0, 0.0, 0.0, 1.0]}, "0fc522280a134941bf49510757261f48_d2_1.png": {"intrinsics": {"fx": 1073.37, "fy": 1073.02, "cx": 635.541, "cy": 526.368}, "camera_to_world_matrix": [0.406973, -0.596641, 0.691661, -1.25505, 0.913441, 0.267039, -0.307113, -1.76646, -0.00146417, 0.756777, 0.653674, 2.76867, 0.0, 0.0, 0.0, 1.0]}, "0fc522280a134941bf49510757261f48_d2_2.png": {"intrinsics": {"fx": 1073.37, "fy": 1073.02, "cx": 635.541, "cy": 526.368}, "camera_to_world_matrix": [0.994498, -0.0608702, 0.0852767, -1.24331, 0.104268, 0.65473, -0.748637, -1.75786, -0.0102638, 0.753409, 0.657475, 2.7686, 0.0, 0.0, 0.0, 1.0]}, "0fc522280a134941bf49510757261f48_d2_3.png": {"intrinsics": {"fx": 1073.37, "fy": 1073.02, "cx": 635.541, "cy": 526.368}, "camera_to_world_matrix": [0.587489, 0.542732, -0.600249, -1.22999, -0.809169, 0.384573, -0.444243, -1.76373, -0.0102657, 0.74669, 0.665095, 2.76845, 0.0, 0.0, 0.0, 1.0]}, "0fc522280a134941bf49510757261f48_d2_4.png": {"intrinsics": {"fx": 1073.37, "fy": 1073.02, "cx": 635.541, "cy": 526.368}, "camera_to_world_matrix": [-0.407036, 0.610551, -0.679375, -1.22842, -0.913413, -0.273268, 0.301669, -1.7782, -0.0014679, 0.743339, 0.668915, 2.76838, 0.0, 0.0, 0.0, 1.0]}, "0fc522280a134941bf49510757261f48_d2_5.png": {"intrinsics": {"fx": 1073.37, "fy": 1073.02, "cx": 635.541, "cy": 526.368}, "camera_to_world_matrix": [-0.994529, 0.0747652, -0.0729741, -1.24016, -0.104217, -0.660938, 0.743169, -1.78679, 0.00733154, 0.746707, 0.665115, 2.76845, 0.0, 0.0, 0.0, 1.0]}, "1316450be64b472c9f84f6f71a991757_d0_0.png": {"intrinsics": {"fx": 1071.91, "fy": 1073.21, "cx": 632.882, "cy": 515.02}, "camera_to_world_matrix": [-0.858382, -0.328205, -0.394289, -3.51117, -0.51299, 0.556339, 0.653704, -4.53151, 0.00480977, 0.763393, -0.645916, 1.2475, 0.0, 0.0, 0.0, 1.0]}, "1316450be64b472c9f84f6f71a991757_d0_1.png": {"intrinsics": {"fx": 1071.91, "fy": 1073.21, "cx": 632.882, "cy": 515.02}, "camera_to_world_matrix": [-0.873089, 0.340158, 0.349298, -3.52572, 0.486523, 0.561068, 0.669701, -4.53182, 0.0318242, 0.75465, -0.655356, 1.24769, 0.0, 0.0, 0.0, 1.0]}, "1316450be64b472c9f84f6f71a991757_d0_2.png": {"intrinsics": {"fx": 1071.91, "fy": 1073.21, "cx": 632.882, "cy": 515.02}, "camera_to_world_matrix": [-0.0145922, 0.678222, 0.734713, -3.53326, 0.99931, -0.015233, 0.0339092, -4.51938, 0.0341897, 0.7347, -0.677531, 1.24812, 0.0, 0.0, 0.0, 1.0]}, "1316450be64b472c9f84f6f71a991757_d0_3.png": {"intrinsics": {"fx": 1071.91, "fy": 1073.21, "cx": 632.882, "cy": 515.02}, "camera_to_world_matrix": [0.858592, 0.347916, 0.376531, -3.52625, 0.512572, -0.596249, -0.617866, -4.50663, 0.00954066, 0.723493, -0.690266, 1.24837, 0.0, 0.0, 0.0, 1.0]}, "1316450be64b472c9f84f6f71a991757_d0_4.png": {"intrinsics": {"fx": 1071.91, "fy": 1073.21, "cx": 632.882, "cy": 515.02}, "camera_to_world_matrix": [0.87326, -0.320447, -0.367057, -3.51171, -0.486942, -0.600952, -0.633834, -4.50632, -0.0174733, 0.732238, -0.680825, 1.24819, 0.0, 0.0, 0.0, 1.0]}, "1316450be64b472c9f84f6f71a991757_d0_5.png": {"intrinsics": {"fx": 1071.91, "fy": 1073.21, "cx": 632.882, "cy": 515.02}, "camera_to_world_matrix": [0.0147435, -0.658489, -0.752447, -3.50417, -0.999695, -0.0246375, 0.00197287, -4.51876, -0.0198376, 0.752188, -0.65865, 1.24775, 0.0, 0.0, 0.0, 1.0]}, "1316450be64b472c9f84f6f71a991757_d1_0.png": {"intrinsics": {"fx": 1074.88, "fy": 1075.53, "cx": 636.644, "cy": 515.188}, "camera_to_world_matrix": [-0.85495, 0.0237436, -0.518164, -3.51646, -0.518656, -0.0249897, 0.854617, -4.52295, 0.00734326, 0.999405, 0.0336783, 1.28107, 0.0, 0.0, 0.0, 1.0]}, "1316450be64b472c9f84f6f71a991757_d1_1.png": {"intrinsics": {"fx": 1074.88, "fy": 1075.53, "cx": 636.644, "cy": 515.188}, "camera_to_world_matrix": [-0.8762, 0.0200855, 0.481526, -3.51996, 0.480712, -0.0349759, 0.87618, -4.52303, 0.0344407, 0.999185, 0.0209892, 1.28111, 0.0, 0.0, 0.0, 1.0]}, "1316450be64b472c9f84f6f71a991757_d1_2.png": {"intrinsics": {"fx": 1074.88, "fy": 1075.53, "cx": 636.644, "cy": 515.188}, "camera_to_world_matrix": [-0.0210993, 0.00960687, 0.99973, -3.52177, 0.999091, -0.0368049, 0.0214392, -4.52004, 0.0370013, 0.999275, -0.00882301, 1.28122, 0.0, 0.0, 0.0, 1.0]}, "1316450be64b472c9f84f6f71a991757_d1_3.png": {"intrinsics": {"fx": 1074.88, "fy": 1075.53, "cx": 636.644, "cy": 515.188}, "camera_to_world_matrix": [0.855233, 0.00278655, 0.518233, -3.52008, 0.518091, -0.0286475, -0.854845, -4.51697, 0.0124644, 0.999585, -0.0259454, 1.28128, 0.0, 0.0, 0.0, 1.0]}, "1316450be64b472c9f84f6f71a991757_d1_4.png": {"intrinsics": {"fx": 1074.88, "fy": 1075.53, "cx": 636.644, "cy": 515.188}, "camera_to_world_matrix": [0.876445, 0.00644501, -0.481457, -3.51659, -0.481278, -0.0186614, -0.876368, -4.5169, -0.0146325, 0.999804, -0.0132553, 1.28123, 0.0, 0.0, 0.0, 1.0]}, "1316450be64b472c9f84f6f71a991757_d1_5.png": {"intrinsics": {"fx": 1074.88, "fy": 1075.53, "cx": 636.644, "cy": 515.188}, "camera_to_world_matrix": [0.021323, 0.0169237, -0.999629, -3.51477, -0.999623, -0.0168329, -0.0216075, -4.51989, -0.017192, 0.999714, 0.016557, 1.28113, 0.0, 0.0, 0.0, 1.0]}, "1316450be64b472c9f84f6f71a991757_d2_0.png": {"intrinsics": {"fx": 1073.37, "fy": 1073.02, "cx": 635.541, "cy": 526.368}, "camera_to_world_matrix": [-0.857194, 0.349497, -0.378251, -3.51029, -0.514983, -0.587282, 0.624415, -4.53329, -0.00390866, 0.730036, 0.6834, 1.31397, 0.0, 0.0, 0.0, 1.0]}, "1316450be64b472c9f84f6f71a991757_d2_1.png": {"intrinsics": {"fx": 1073.37, "fy": 1073.02, "cx": 635.541, "cy": 526.368}, "camera_to_world_matrix": [-0.874479, -0.3117, 0.37166, -3.52484, 0.484514, -0.597847, 0.638614, -4.5336, 0.0231396, 0.738528, 0.673828, 1.31416, 0.0, 0.0, 0.0, 1.0]}, "1316450be64b472c9f84f6f71a991757_d2_2.png": {"intrinsics": {"fx": 1073.37, "fy": 1073.02, "cx": 635.541, "cy": 526.368}, "camera_to_world_matrix": [-0.0172854, -0.651239, 0.758676, -3.53238, 0.999525, -0.0306699, -0.00355305, -4.52117, 0.025582, 0.758253, 0.651461, 1.31459, 0.0, 0.0, 0.0, 1.0]}, "1316450be64b472c9f84f6f71a991757_d2_3.png": {"intrinsics": {"fx": 1073.37, "fy": 1073.02, "cx": 635.541, "cy": 526.368}, "camera_to_world_matrix": [0.857175, -0.329574, 0.395772, -3.52537, 0.515028, 0.547059, -0.659904, -4.50842, 0.000976175, 0.769486, 0.638666, 1.31484, 0.0, 0.0, 0.0, 1.0]}, "1316450be64b472c9f84f6f71a991757_d2_4.png": {"intrinsics": {"fx": 1073.37, "fy": 1073.02, "cx": 635.541, "cy": 526.368}, "camera_to_world_matrix": [0.874421, 0.331624, -0.35414, -3.51082, -0.48447, 0.557598, -0.674074, -4.5081, -0.0260716, 0.760993, 0.648238, 1.31466, 0.0, 0.0, 0.0, 1.0]}, "1316450be64b472c9f84f6f71a991757_d2_5.png": {"intrinsics": {"fx": 1073.37, "fy": 1073.02, "cx": 635.541, "cy": 526.368}, "camera_to_world_matrix": [0.0172073, 0.671141, -0.74113, -3.50328, -0.999447, -0.00959176, -0.0318917, -4.52054, -0.0285128, 0.741268, 0.670605, 1.31422, 0.0, 0.0, 0.0, 1.0]}, "1416ceed767d46a9beba0aede50504ed_d0_0.png": {"intrinsics": {"fx": 1071.91, "fy": 1073.21, "cx": 632.882, "cy": 515.02}, "camera_to_world_matrix": [0.997855, 0.0447124, 0.0478442, -4.08111, 0.0654352, -0.652353, -0.755086, 2.03899, -0.00255053, 0.756596, -0.653878, 3.78095, 0.0, 0.0, 0.0, 1.0]}, "1416ceed767d46a9beba0aede50504ed_d0_1.png": {"intrinsics": {"fx": 1071.91, "fy": 1073.21, "cx": 632.882, "cy": 515.02}, "camera_to_world_matrix": [0.555646, -0.552408, -0.621373, -4.06802, -0.831201, -0.351929, -0.43041, 2.03264, 0.0190822, 0.75564, -0.654709, 3.78096, 0.0, 0.0, 0.0, 1.0]}, "1416ceed767d46a9beba0aede50504ed_d0_2.png": {"intrinsics": {"fx": 1071.91, "fy": 1073.21, "cx": 632.882, "cy": 515.02}, "camera_to_world_matrix": [-0.44216, -0.59083, -0.674846, -4.06697, -0.896474, 0.315276, 0.311347, 2.01813, 0.0288098, 0.742646, -0.669065, 3.78124, 0.0, 0.0, 0.0, 1.0]}, "1416ceed767d46a9beba0aede50504ed_d0_3.png": {"intrinsics": {"fx": 1071.91, "fy": 1073.21, "cx": 632.882, "cy": 515.02}, "camera_to_world_matrix": [-0.997736, -0.0321298, -0.0590993, -4.07902, -0.0651097, 0.682043, 0.728409, 2.00997, 0.0169044, 0.730607, -0.682589, 3.78151, 0.0, 0.0, 0.0, 1.0]}, "1416ceed767d46a9beba0aede50504ed_d0_4.png": {"intrinsics": {"fx": 1071.91, "fy": 1073.21, "cx": 632.882, "cy": 515.02}, "camera_to_world_matrix": [-0.555492, 0.564979, 0.610106, -4.09211, 0.831509, 0.381596, 0.403706, 2.01632, -0.00472824, 0.731563, -0.681758, 3.78149, 0.0, 0.0, 0.0, 1.0]}, "1416ceed767d46a9beba0aede50504ed_d0_5.png": {"intrinsics": {"fx": 1071.91, "fy": 1073.21, "cx": 632.882, "cy": 515.02}, "camera_to_world_matrix": [0.442317, 0.603374, 0.663549, -4.09316, 0.896743, -0.285611, -0.338052, 2.03083, -0.0144551, 0.744558, -0.667401, 3.78121, 0.0, 0.0, 0.0, 1.0]}, "1416ceed767d46a9beba0aede50504ed_d1_0.png": {"intrinsics": {"fx": 1074.88, "fy": 1075.53, "cx": 636.644, "cy": 515.188}, "camera_to_world_matrix": [0.997402, -0.00172035, 0.0719957, -4.08004, 0.0720166, 0.0231041, -0.997135, 2.02863, 5.23804e-05, 0.999731, 0.0231666, 3.8144, 0.0, 0.0, 0.0, 1.0]}, "1416ceed767d46a9beba0aede50504ed_d1_1.png": {"intrinsics": {"fx": 1074.88, "fy": 1075.53, "cx": 636.644, "cy": 515.188}, "camera_to_world_matrix": [0.561085, 0.00608497, -0.827735, -4.07689, -0.827473, 0.0303282, -0.560685, 2.02711, 0.0216923, 0.999521, 0.0220504, 3.81441, 0.0, 0.0, 0.0, 1.0]}, "1416ceed767d46a9beba0aede50504ed_d1_2.png": {"intrinsics": {"fx": 1074.88, "fy": 1075.53, "cx": 636.644, "cy": 515.188}, "camera_to_world_matrix": [-0.436246, 0.016246, -0.89968, -4.07664, -0.899273, 0.0271805, 0.436541, 2.02362, 0.0315462, 0.999498, 0.00275077, 3.81447, 0.0, 0.0, 0.0, 1.0]}, "1416ceed767d46a9beba0aede50504ed_d1_3.png": {"intrinsics": {"fx": 1074.88, "fy": 1075.53, "cx": 636