{"001ad2ad14234e06b2d996d71bb96fc4_d0_0.png": {"intrinsics": {"fx": 1074.16, "fy": 1075.2, "cx": 632.767, "cy": 511.776}, "camera_to_world_matrix": [-0.859431, 0.34912, 0.373486, -5.13753, 0.510661, 0.551145, 0.659896, 1.24529, 0.0245385, 0.757861, -0.651955, 4.76611, 0.0, 0.0, 0.0, 1.0]}, "001ad2ad14234e06b2d996d71bb96fc4_d0_1.png": {"intrinsics": {"fx": 1074.16, "fy": 1075.2, "cx": 632.767, "cy": 511.776}, "camera_to_world_matrix": [0.0129404, 0.669754, 0.742469, -5.14464, 0.999427, -0.0318723, 0.0113319, 1.25798, 0.0312539, 0.741898, -0.669784, 4.76645, 0.0, 0.0, 0.0, 1.0]}, "001ad2ad14234e06b2d996d71bb96fc4_d0_2.png": {"intrinsics": {"fx": 1074.16, "fy": 1075.2, "cx": 632.767, "cy": 511.776}, "camera_to_world_matrix": [0.872413, 0.324978, 0.36508, -5.1372, 0.48857, -0.601048, -0.632486, 1.27048, 0.0138869, 0.730157, -0.683138, 4.76671, 0.0, 0.0, 0.0, 1.0]}, "001ad2ad14234e06b2d996d71bb96fc4_d0_3.png": {"intrinsics": {"fx": 1074.16, "fy": 1075.2, "cx": 632.767, "cy": 511.776}, "camera_to_world_matrix": [0.859495, -0.340424, -0.381285, -5.12265, -0.511041, -0.587194, -0.627725, 1.27029, -0.0101951, 0.734379, -0.678663, 4.76662, 0.0, 0.0, 0.0, 1.0]}, "001ad2ad14234e06b2d996d71bb96fc4_d0_4.png": {"intrinsics": {"fx": 1074.16, "fy": 1075.2, "cx": 632.767, "cy": 511.776}, "camera_to_world_matrix": [-0.0128956, -0.661035, -0.750243, -5.11554, -0.999773, -0.00416444, 0.0208541, 1.2576, -0.0169095, 0.750342, -0.660833, 4.76627, 0.0, 0.0, 0.0, 1.0]}, "001ad2ad14234e06b2d996d71bb96fc4_d0_5.png": {"intrinsics": {"fx": 1074.16, "fy": 1075.2, "cx": 632.767, "cy": 511.776}, "camera_to_world_matrix": [-0.872348, -0.316237, -0.372828, -5.12298, -0.488883, 0.564998, 0.664657, 1.2451, 0.000458189, 0.762083, -0.64748, 4.76602, 0.0, 0.0, 0.0, 1.0]}, "001ad2ad14234e06b2d996d71bb96fc4_d1_0.png": {"intrinsics": {"fx": 1075.65, "fy": 1075.86, "cx": 638.996, "cy": 512.087}, "camera_to_world_matrix": [-0.859193, 0.016341, 0.511392, -5.13168, 0.510603, -0.0366018, 0.859037, 1.25398, 0.0327553, 0.999197, 0.0231047, 4.79954, 0.0, 0.0, 0.0, 1.0]}, "001ad2ad14234e06b2d996d71bb96fc4_d1_1.png": {"intrinsics": {"fx": 1075.65, "fy": 1075.86, "cx": 638.996, "cy": 512.087}, "camera_to_world_matrix": [0.0132058, 0.000307653, 0.999913, -5.13339, 0.999134, -0.0394724, -0.0131832, 1.25703, 0.0394648, 0.999221, -0.000828173, 4.79962, 0.0, 0.0, 0.0, 1.0]}, "001ad2ad14234e06b2d996d71bb96fc4_d1_2.png": {"intrinsics": {"fx": 1075.65, "fy": 1075.86, "cx": 638.996, "cy": 512.087}, "camera_to_world_matrix": [0.872488, -0.0101937, 0.48853, -5.1316, 0.488137, -0.0270265, -0.872349, 1.26004, 0.0220955, 0.999583, -0.0186039, 4.79969, 0.0, 0.0, 0.0, 1.0]}, "001ad2ad14234e06b2d996d71bb96fc4_d1_3.png": {"intrinsics": {"fx": 1075.65, "fy": 1075.86, "cx": 638.996, "cy": 512.087}, "camera_to_world_matrix": [0.859353, -0.00466135, -0.511363, -5.1281, -0.511381, -0.0117101, -0.859275, 1.25999, -0.00198289, 0.999921, -0.0124464, 4.79967, 0.0, 0.0, 0.0, 1.0]}, "001ad2ad14234e06b2d996d71bb96fc4_d1_4.png": {"intrinsics": {"fx": 1075.65, "fy": 1075.86, "cx": 638.996, "cy": 512.087}, "camera_to_world_matrix": [-0.013065, 0.0113721, -0.99985, -5.12639, -0.999877, -0.00884011, 0.0129647, 1.25694, -0.00869149, 0.999896, 0.0114867, 4.79958, 0.0, 0.0, 0.0, 1.0]}, "001ad2ad14234e06b2d996d71bb96fc4_d1_5.png": {"intrinsics": {"fx": 1075.65, "fy": 1075.86, "cx": 638.996, "cy": 512.087}, "camera_to_world_matrix": [-0.872328, 0.021873, -0.488433, -5.12818, -0.488846, -0.0212865, 0.872111, 1.25393, 0.00867848, 0.999534, 0.0292618, 4.79952, 0.0, 0.0, 0.0, 1.0]}, "001ad2ad14234e06b2d996d71bb96fc4_d2_0.png": {"intrinsics": {"fx": 1075.88, "fy": 1075.97, "cx": 630.947, "cy": 504.414}, "camera_to_world_matrix": [-0.865348, -0.324844, 0.381637, -5.13714, 0.50037, -0.602986, 0.621318, 1.24368, 0.0282905, 0.728617, 0.684335, 4.83258, 0.0, 0.0, 0.0, 1.0]}, "001ad2ad14234e06b2d996d71bb96fc4_d2_1.png": {"intrinsics": {"fx": 1075.88, "fy": 1075.97, "cx": 630.947, "cy": 504.414}, "camera_to_world_matrix": [0.00116229, -0.667054, 0.745008, -5.14425, 0.999376, -0.0255143, -0.0244043, 1.25637, 0.0352875, 0.744572, 0.666607, 4.83293, 0.0, 0.0, 0.0, 1.0]}, "001ad2ad14234e06b2d996d71bb96fc4_d2_2.png": {"intrinsics": {"fx": 1075.88, "fy": 1075.97, "cx": 630.947, "cy": 504.414}, "camera_to_world_matrix": [0.866576, -0.337866, 0.367275, -5.13681, 0.498714, 0.559569, -0.661942, 1.26887, 0.0181323, 0.756789, 0.653407, 4.83319, 0.0, 0.0, 0.0, 1.0]}, "001ad2ad14234e06b2d996d71bb96fc4_d2_3.png": {"intrinsics": {"fx": 1075.88, "fy": 1075.97, "cx": 630.947, "cy": 504.414}, "camera_to_world_matrix": [0.865459, 0.333523, -0.373821, -5.12226, -0.500942, 0.567166, -0.653742, 1.26868, -0.00601973, 0.75305, 0.657935, 4.8331, 0.0, 0.0, 0.0, 1.0]}, "001ad2ad14234e06b2d996d71bb96fc4_d2_4.png": {"intrinsics": {"fx": 1075.88, "fy": 1075.97, "cx": 630.947, "cy": 504.414}, "camera_to_world_matrix": [-0.00107122, 0.67571, -0.737166, -5.11515, -0.999914, -0.0103191, -0.00800511, 1.25599, -0.0130159, 0.737095, 0.675663, 4.83275, 0.0, 0.0, 0.0, 1.0]}, "001ad2ad14234e06b2d996d71bb96fc4_d2_5.png": {"intrinsics": {"fx": 1075.88, "fy": 1075.97, "cx": 630.947, "cy": 504.414}, "camera_to_world_matrix": [-0.866465, 0.3465, -0.359408, -5.12259, -0.499218, -0.595389, 0.629518, 1.24349, 0.00414012, 0.724879, 0.688863, 4.83249, 0.0, 0.0, 0.0, 1.0]}, "0216cfc58db9446bb3603b617e8809b4_d0_0.png": {"intrinsics": {"fx": 1074.16, "fy": 1075.2, "cx": 632.767, "cy": 511.776}, "camera_to_world_matrix": [0.291828, 0.62925, 0.720332, -17.2539, 0.956375, -0.20255, -0.210518, -0.722158, 0.0134352, 0.750344, -0.660911, 1.54727, 0.0, 0.0, 0.0, 1.0]}, "0216cfc58db9446bb3603b617e8809b4_d0_1.png": {"intrinsics": {"fx": 1074.16, "fy": 1075.2, "cx": 632.767, "cy": 511.776}, "camera_to_world_matrix": [0.974152, 0.139088, 0.177988, -17.2433, 0.22535, -0.652749, -0.72328, -0.712233, 0.0155821, 0.744696, -0.667222, 1.54739, 0.0, 0.0, 0.0, 1.0]}, "0216cfc58db9446bb3603b617e8809b4_d0_2.png": {"intrinsics": {"fx": 1074.16, "fy": 1075.2, "cx": 632.767, "cy": 511.776}, "camera_to_world_matrix": [0.682247, -0.49588, -0.537252, -17.2294, -0.731061, -0.453326, -0.509945, -0.716485, 0.00932068, 0.740673, -0.6718, 1.54748, 0.0, 0.0, 0.0, 1.0]}, "0216cfc58db9446bb3603b617e8809b4_d0_3.png": {"intrinsics": {"fx": 1074.16, "fy": 1075.2, "cx": 632.767, "cy": 511.776}, "camera_to_world_matrix": [-0.291975, -0.640671, -0.710133, -17.2261, -0.956424, 0.196291, 0.216149, -0.730662, 0.000912566, 0.742299, -0.670067, 1.54744, 0.0, 0.0, 0.0, 1.0]}, "0216cfc58db9446bb3603b617e8809b4_d0_4.png": {"intrinsics": {"fx": 1074.16, "fy": 1075.2, "cx": 632.767, "cy": 511.776}, "camera_to_world_matrix": [-0.974271, -0.150492, -0.167769, -17.2368, -0.225372, 0.646471, 0.72889, -0.740586, -0.00123396, 0.747948, -0.663756, 1.54732, 0.0, 0.0, 0.0, 1.0]}, "0216cfc58db9446bb3603b617e8809b4_d0_5.png": {"intrinsics": {"fx": 1074.16, "fy": 1075.2, "cx": 632.767, "cy": 511.776}, "camera_to_world_matrix": [-0.682328, 0.484469, 0.547464, -17.2507, 0.731027, 0.447023, 0.515527, -0.736333, 0.0050277, 0.75197, -0.659178, 1.54723, 0.0, 0.0, 0.0, 1.0]}, "0216cfc58db9446bb3603b617e8809b4_d1_0.png": {"intrinsics": {"fx": 1075.65, "fy": 1075.86, "cx": 638.996, "cy": 512.087}, "camera_to_world_matrix": [0.291948, -0.0172492, 0.956279, -17.2436, 0.95619, -0.0173715, -0.292233, -0.725527, 0.0216527, 0.9997, 0.0114224, 1.58058, 0.0, 0.0, 0.0, 1.0]}, "0216cfc58db9446bb3603b617e8809b4_d1_1.png": {"intrinsics": {"fx": 1075.65, "fy": 1075.86, "cx": 638.996, "cy": 512.087}, "camera_to_world_matrix": [0.97405, -0.0238512, 0.225076, -17.2411, 0.225082, -0.00248117, -0.974337, -0.723139, 0.0237975, 0.999713, 0.00295217, 1.58061, 0.0, 0.0, 0.0, 1.0]}, "0216cfc58db9446bb3603b617e8809b4_d1_2.png": {"intrinsics": {"fx": 1075.65, "fy": 1075.86, "cx": 638.996, "cy": 512.087}, "camera_to_world_matrix": [0.681962, -0.0142572, -0.731249, -17.2377, -0.731178, 0.0106812, -0.682104, -0.724162, 0.0175353, 0.999842, -0.00313989, 1.58063, 0.0, 0.0, 0.0, 1.0]}, "0216cfc58db9446bb3603b617e8809b4_d1_3.png": {"intrinsics": {"fx": 1075.65, "fy": 1075.86, "cx": 638.996, "cy": 512.087}, "camera_to_world_matrix": [-0.292221, 0.00193882, -0.956349, -17.2369, -0.956308, 0.00895286, 0.292226, -0.727572, 0.0091285, 0.999958, -0.000761628, 1.58062, 0.0, 0.0, 0.0, 1.0]}, "0216cfc58db9446bb3603b617e8809b4_d1_4.png": {"intrinsics": {"fx": 1075.65, "fy": 1075.86, "cx": 638.996, "cy": 512.087}, "camera_to_world_matrix": [-0.974294, 0.00854034, -0.22512, -17.2395, -0.225173, -0.00593775, 0.974301, -0.729959, 0.00698402, 0.999946, 0.00770864, 1.58059, 0.0, 0.0, 0.0, 1.0]}, "0216cfc58db9446bb3603b617e8809b4_d1_5.png": {"intrinsics": {"fx": 1075.65, "fy": 1075.86, "cx": 638.996, "cy": 512.087}, "camera_to_world_matrix": [-0.682169, -0.00105427, 0.731194, -17.2428, 0.731075, -0.0190997, 0.68203, -0.728936, 0.0132464, 0.999817, 0.0138005, 1.58057, 0.0, 0.0, 0.0, 1.0]}, "0216cfc58db9446bb3603b617e8809b4_d2_0.png": {"intrinsics": {"fx": 1075.88, "fy": 1075.97, "cx": 630.947, "cy": 504.414}, "camera_to_world_matrix": [0.28048, -0.652385, 0.704077, -17.2545, 0.959702, 0.177361, -0.217974, -0.722438, 0.0173274, 0.736843, 0.675841, 1.61376, 0.0, 0.0, 0.0, 1.0]}, "0216cfc58db9446bb3603b617e8809b4_d2_1.png": {"intrinsics": {"fx": 1075.88, "fy": 1075.97, "cx": 630.947, "cy": 504.414}, "camera_to_world_matrix": [0.971359, -0.172741, 0.163159, -17.2438, 0.236807, 0.647197, -0.724609, -0.712513, 0.0195739, 0.742493, 0.669566, 1.61389, 0.0, 0.0, 0.0, 1.0]}, "0216cfc58db9446bb3603b617e8809b4_d2_2.png": {"intrinsics": {"fx": 1075.88, "fy": 1075.97, "cx": 630.947, "cy": 504.414}, "camera_to_world_matrix": [0.690771, 0.473973, -0.546062, -17.2299, -0.722948, 0.466702, -0.509445, -0.716765, 0.0133851, 0.746685, 0.665042, 1.61398, 0.0, 0.0, 0.0, 1.0]}, "0216cfc58db9446bb3603b617e8809b4_d2_3.png": {"intrinsics": {"fx": 1075.88, "fy": 1075.97, "cx": 630.947, "cy": 504.414}, "camera_to_world_matrix": [-0.280688, 0.64103, -0.714349, -17.2266, -0.959785, -0.183626, 0.21235, -0.730941, 0.00494987, 0.745226, 0.666792, 1.61394, 0.0, 0.0, 0.0, 1.0]}, "0216cfc58db9446bb3603b617e8809b4_d2_4.png": {"intrinsics": {"fx": 1075.88, "fy": 1075.97, "cx": 630.947, "cy": 504.414}, "camera_to_world_matrix": [-0.971538, 0.161368, -0.173411, -17.2373, -0.236862, -0.653443, 0.718963, -0.740866, 0.00270365, 0.739576, 0.673067, 1.61382, 0.0, 0.0, 0.0, 1.0]}, "0216cfc58db9446bb3603b617e8809b4_d2_5.png": {"intrinsics": {"fx": 1075.88, "fy": 1075.97, "cx": 630.947, "cy": 504.414}, "camera_to_world_matrix": [-0.690914, -0.485339, 0.535802, -17.2512, 0.722881, -0.472922, 0.503771, -0.736613, 0.00889268, 0.735384, 0.677591, 1.61373, 0.0, 0.0, 0.0, 1.0]}, "03b03cb4937b40ceb29935054918bfc1_d0_0.png": {"intrinsics": {"fx": 1074.16, "fy": 1075.2, "cx": 632.767, "cy": 511.776}, "camera_to_world_matrix": [0.268671, 0.638183, 0.721482, -14.9601, 0.963158, -0.18717, -0.193108, -5.31622, 0.0118018, 0.746785, -0.664961, 1.55017, 0.0, 0.0, 0.0, 1.0]}, "03b03cb4937b40ceb29935054918bfc1_d0_1.png": {"intrinsics": {"fx": 1074.16, "fy": 1075.2, "cx": 632.767, "cy": 511.776}, "camera_to_world_matrix": [0.968486, 0.159034, 0.191678, -14.9497, 0.248858, -0.649099, -0.718845, -5.30604, 0.0100968, 0.743893, -0.668222, 1.55024, 0.0, 0.0, 0.0, 1.0]}, "03b03cb4937b40ceb29935054918bfc1_d0_2.png": {"intrinsics": {"fx": 1074.16, "fy": 1075.2, "cx": 632.767, "cy": 511.776}, "camera_to_world_matrix": [0.699779, -0.480586, -0.52853, -14.9357, -0.714337, -0.4651, -0.522879, -5.30995, 0.00546921, 0.74345, -0.668769, 1.55025, 0.0, 0.0, 0.0, 1.0]}, "03b03cb4937b40ceb29935054918bfc1_d0_3.png": {"intrinsics": {"fx": 1074.16, "fy": 1075.2, "cx": 632.767, "cy": 511.776}, "camera_to_world_matrix": [-0.268736, -0.641043, -0.718918, -14.932, -0.963209, 0.180824, 0.198818, -5.32405, 0.00254662, 0.745899, -0.666054, 1.55019, 0.0, 0.0, 0.0, 1.0]}, "03b03cb4937b40ceb29935054918bfc1_d0_4.png": {"intrinsics": {"fx": 1074.16, "fy": 1075.2, "cx": 632.767, "cy": 511.776}, "camera_to_world_matrix": [-0.968523, -0.161876, -0.189093, -14.9424, -0.248881, 0.642733, 0.724534, -5.33423, 0.00425173, 0.748791, -0.662792, 1.55013, 0.0, 0.0, 0.0, 1.0]}, "03b03cb4937b40ceb29935054918bfc1_d0_5.png": {"intrinsics": {"fx": 1074.16, "fy": 1075.2, "cx": 632.767, "cy": 511.776}, "camera_to_world_matrix": [-0.699779, 0.477737, 0.531107, -14.9565, 0.714303, 0.458709, 0.52854, -5.33031, 0.0088794, 0.749234, -0.662246, 1.55012, 0.0, 0.0, 0.0, 1.0]}, "03b03cb4937b40ceb29935054918bfc1_d1_0.png": {"intrinsics": {"fx": 1075.65, "fy": 1075.86, "cx": 638.996, "cy": 512.087}, "camera_to_world_matrix": [0.268842, -0.0111934, 0.96312, -14.9495, 0.962977, -0.0176587, -0.269007, -5.31933, 0.0200184, 0.999782, 0.00603209, 1.58343, 0.0, 0.0, 0.0, 1.0]}, "03b03cb4937b40ceb29935054918bfc1_d1_1.png": {"intrinsics": {"fx": 1075.65, "fy": 1075.86, "cx": 638.996, "cy": 512.087}, "camera_to_world_matrix": [0.968436, -0.0181537, 0.2486, -14.947, 0.248588, -0.00293245, -0.968605, -5.31688, 0.0183127, 0.999831, 0.00167338, 1.58345, 0.0, 0.0, 0.0, 1.0]}, "03b03cb4937b40ceb29935054918bfc1_d1_2.png": {"intrinsics": {"fx": 1075.65, "fy": 1075.86, "cx": 638.996, "cy": 512.087}, "camera_to_world_matrix": [0.699543, -0.00888038, -0.714535, -14.9436, -0.71446, 0.0104582, -0.699599, -5.31783, 0.0136853, 0.999906, 0.000971765, 1.58345, 0.0, 0.0, 0.0, 1.0]}, "03b03cb4937b40ceb29935054918bfc1_d1_3.png": {"intrinsics": {"fx": 1075.65, "fy": 1075.86, "cx": 638.996, "cy": 512.087}, "camera_to_world_matrix": [-0.268938, 0.00735308, -0.963129, -14.9428, -0.963098, 0.00912231, 0.268999, -5.32122, 0.0107638, 0.999932, 0.00462886, 1.58344, 0.0, 0.0, 0.0, 1.0]}, "03b03cb4937b40ceb29935054918bfc1_d1_4.png": {"intrinsics": {"fx": 1075.65, "fy": 1075.86, "cx": 638.996, "cy": 512.087}, "camera_to_world_matrix": [-0.968505, 0.0143128, -0.248583, -14.9453, -0.248682, -0.00560419, 0.968569, -5.32366, 0.0124697, 0.999882, 0.0089875, 1.58342, 0.0, 0.0, 0.0, 1.0]}, "03b03cb4937b40ceb29935054918bfc1_d1_5.png": {"intrinsics": {"fx": 1075.65, "fy": 1075.86, "cx": 638.996, "cy": 512.087}, "camera_to_world_matrix": [-0.699575, 0.00503893, 0.714542, -14.9486, 0.714356, -0.0189945, 0.699525, -5.32272, 0.0170971, 0.999807, 0.00968894, 1.58342, 0.0, 0.0, 0.0, 1.0]}, "03b03cb4937b40ceb29935054918bfc1_d2_0.png": {"intrinsics": {"fx": 1075.88, "fy": 1075.97, "cx": 630.947, "cy": 504.414}, "camera_to_world_matrix": [0.257268, -0.652325, 0.71294, -14.9602, 0.96621, 0.161615, -0.200789, -5.3165, 0.0157578, 0.740508, 0.671862, 1.61667, 0.0, 0.0, 0.0, 1.0]}, "03b03cb4937b40ceb29935054918bfc1_d2_1.png": {"intrinsics": {"fx": 1075.88, "fy": 1075.97, "cx": 630.947, "cy": 504.414}, "camera_to_world_matrix": [0.965439, -0.184167, 0.184413, -14.9498, 0.260244, 0.64292, -0.720365, -5.30632, 0.0141045, 0.743462, 0.668629, 1.61674, 0.0, 0.0, 0.0, 1.0]}, "03b03cb4937b40ceb29935054918bfc1_d2_2.png": {"intrinsics": {"fx": 1075.88, "fy": 1075.97, "cx": 630.947, "cy": 504.414}, "camera_to_world_matrix": [0.708127, 0.466739, -0.52982, -14.9358, -0.706019, 0.478128, -0.522426, -5.31024, 0.00948568, 0.744008, 0.668102, 1.61675, 0.0, 0.0, 0.0, 1.0]}, "03b03cb4937b40ceb29935054918bfc1_d2_3.png": {"intrinsics": {"fx": 1075.88, "fy": 1075.97, "cx": 630.947, "cy": 504.414}, "camera_to_world_matrix": [-0.257349, 0.649472, -0.715512, -14.9322, -0.966295, -0.167967, 0.195085, -5.32433, 0.00652024, 0.741601, 0.670808, 1.61669, 0.0, 0.0, 0.0, 1.0]}, "03b03cb4937b40ceb29935054918bfc1_d2_4.png": {"intrinsics": {"fx": 1075.88, "fy": 1075.97, "cx": 630.947, "cy": 504.414}, "camera_to_world_matrix": [-0.965492, 0.181295, -0.186964, -14.9426, -0.260302, -0.649254, 0.714641, -5.33451, 0.00817375, 0.738648, 0.674041, 1.61663, 0.0, 0.0, 0.0, 1.0]}, "03b03cb4937b40ceb29935054918bfc1_d2_5.png": {"intrinsics": {"fx": 1075.88, "fy": 1075.97, "cx": 630.947, "cy": 504.414}, "camera_to_world_matrix": [-0.708142, -0.469604, 0.527262, -14.9566, 0.705952, -0.484436, 0.516674, -5.33059, 0.0127926, 0.738101, 0.674568, 1.61662, 0.0, 0.0, 0.0, 1.0]}, "0465bba4a7724a20876d042cab3b9ca1_d0_0.png": {"intrinsics": {"fx": 1074.16, "fy": 1075.2, "cx": 632.767, "cy": 511.776}, "camera_to_world_matrix": [-0.843923, -0.343698, -0.411903, -12.7624, -0.536143, 0.566843, 0.625489, -1.888, 0.0185055, 0.748705, -0.662645, 4.74483, 0.0, 0.0, 0.0, 1.0]}, "0465bba4a7724a20876d042cab3b9ca1_d0_1.png": {"intrinsics": {"fx": 1074.16, "fy": 1075.2, "cx": 632.767, "cy": 511.776}, "camera_to_world_matrix": [-0.886242, 0.321426, 0.333554, -12.777, 0.462942, 0.589638, 0.661823, -1.88861, 0.0160515, 0.740952, -0.671366, 4.745, 0.0, 0.0, 0.0, 1.0]}, "0465bba4a7724a20876d042cab3b9ca1_d0_2.png": {"intrinsics": {"fx": 1074.16, "fy": 1075.2, "cx": 632.767, "cy": 511.776}, "camera_to_world_matrix": [-0.0422163, 0.67374, 0.73776, -12.7848, 0.999096, 0.0249799, 0.0343582, -1.87633, 0.00471954, 0.738545, -0.674188, 4.74506, 0.0, 0.0, 0.0, 1.0]}, "0465bba4a7724a20876d042cab3b9ca1_d0_3.png": {"intrinsics": {"fx": 1074.16, "fy": 1075.2, "cx": 632.767, "cy": 511.776}, "camera_to_world_matrix": [0.844109, 0.360922, 0.3965, -12.778, 0.536153, -0.56246, -0.629426, -1.86343, -0.00415809, 0.74389, -0.668289, 4.74494, 0.0, 0.0, 0.0, 1.0]}, "0465bba4a7724a20876d042cab3b9ca1_d0_4.png": {"intrinsics": {"fx": 1074.16, "fy": 1075.2, "cx": 632.767, "cy": 511.776}, "camera_to_world_matrix": [0.88639, -0.304203, -0.348959, -12.7635, -0.462935, -0.585229, -0.66573, -1.86282, -0.00170359, 0.751642, -0.659569, 4.74477, 0.0, 0.0, 0.0, 1.0]}, "0465bba4a7724a20876d042cab3b9ca1_d0_5.png": {"intrinsics": {"fx": 1074.16, "fy": 1075.2, "cx": 632.767, "cy": 511.776}, "camera_to_world_matrix": [0.0423429, -0.656495, -0.75314, -12.7557, -0.999056, -0.020557, -0.0382495, -1.87511, 0.00962849, 0.754049, -0.656747, 4.74472, 0.0, 0.0, 0.0, 1.0]}, "0465bba4a7724a20876d042cab3b9ca1_d1_0.png": {"intrinsics": {"fx": 1075.65, "fy": 1075.86, "cx": 638.996, "cy": 512.087}, "camera_to_world_matrix": [-0.843868, 0.027402, -0.535851, -12.768, -0.535886, 0.00669454, 0.844264, -1.87857, 0.0267217, 0.999602, 0.00903551, 4.77812, 0.0, 0.0, 0.0, 1.0]}, "0465bba4a7724a20876d042cab3b9ca1_d1_1.png": {"intrinsics": {"fx": 1075.65, "fy": 1075.86, "cx": 638.996, "cy": 512.087}, "camera_to_world_matrix": [-0.885965, 0.0227244, 0.463196, -12.7715, 0.463118, -0.0089074, 0.886252, -1.87872, 0.0242653, 0.999702, -0.00263198, 4.77816, 0.0, 0.0, 0.0, 1.0]}, "0465bba4a7724a20876d042cab3b9ca1_d1_2.png": {"intrinsics": {"fx": 1075.65, "fy": 1075.86, "cx": 638.996, "cy": 512.087}, "camera_to_world_matrix": [-0.0418991, 0.00687462, 0.999098, -12.7734, 0.999039, -0.0126565, 0.0419838, -1.87576, 0.0129336, 0.999897, -0.00633724, 4.77818, 0.0, 0.0, 0.0, 1.0]}, "0465bba4a7724a20876d042cab3b9ca1_d1_3.png": {"intrinsics": {"fx": 1075.65, "fy": 1075.86, "cx": 638.996, "cy": 512.087}, "camera_to_world_matrix": [0.844245, -0.00429725, 0.535942, -12.7717, 0.535944, -0.000803669, -0.844254, -1.87266, 0.00405855, 0.999991, 0.00162506, 4.77815, 0.0, 0.0, 0.0, 1.0]}, "0465bba4a7724a20876d042cab3b9ca1_d1_4.png": {"intrinsics": {"fx": 1075.65, "fy": 1075.86, "cx": 638.996, "cy": 512.087}, "camera_to_world_matrix": [0.886303, 0.000380942, -0.463107, -12.7682, -0.463062, 0.0147981, -0.886203, -1.87252, 0.00651538, 0.999891, 0.0132925, 4.77811, 0.0, 0.0, 0.0, 1.0]}, "0465bba4a7724a20876d042cab3b9ca1_d1_5.png": {"intrinsics": {"fx": 1075.65, "fy": 1075.86, "cx": 638.996, "cy": 512.087}, "camera_to_world_matrix": [0.0422156, 0.0162309, -0.998977, -12.7664, -0.99895, 0.0185466, -0.0419132, -1.87547, 0.0178472, 0.999696, 0.0169973, 4.77809, 0.0, 0.0, 0.0, 1.0]}, "0465bba4a7724a20876d042cab3b9ca1_d2_0.png": {"intrinsics": {"fx": 1075.88, "fy": 1075.97, "cx": 630.947, "cy": 504.414}, "camera_to_world_matrix": [-0.83746, 0.382119, -0.390697, -12.7617, -0.546036, -0.555736, 0.626898, -1.8878, 0.0224251, 0.738337, 0.674057, 4.81133, 0.0, 0.0, 0.0, 1.0]}, "0465bba4a7724a20876d042cab3b9ca1_d2_1.png": {"intrinsics": {"fx": 1075.88, "fy": 1075.97, "cx": 630.947, "cy": 504.414}, "camera_to_world_matrix": [-0.891565, -0.287799, 0.34969, -12.7762, 0.452445, -0.600286, 0.659507, -1.88841, 0.020109, 0.746209, 0.665406, 4.8115, 0.0, 0.0, 0.0, 1.0]}, "0465bba4a7724a20876d042cab3b9ca1_d2_2.png": {"intrinsics": {"fx": 1075.88, "fy": 1075.97, "cx": 630.947, "cy": 504.414}, "camera_to_world_matrix": [-0.0539557, -0.661348, 0.748136, -12.784, 0.998503, -0.0423531, 0.0345718, -1.87613, 0.0088221, 0.748882, 0.662643, 4.81155, 0.0, 0.0, 0.0, 1.0]}, "0465bba4a7724a20876d042cab3b9ca1_d2_3.png": {"intrinsics": {"fx": 1075.88, "fy": 1075.97, "cx": 630.947, "cy": 504.414}, "camera_to_world_matrix": [0.837739, -0.364972, 0.406186, -12.7773, 0.546069, 0.560117, -0.622959, -1.86324, -0.000148532, 0.743683, 0.668531, 4.81144, 0.0, 0.0, 0.0, 1.0]}, "0465bba4a7724a20876d042cab3b9ca1_d2_4.png": {"intrinsics": {"fx": 1075.88, "fy": 1075.97, "cx": 630.947, "cy": 504.414}, "camera_to_world_matrix": [0.891804, 0.304947, -0.334202, -12.7627, -0.452414, 0.60464, -0.655539, -1.86263, 0.00216804, 0.735811, 0.677182, 4.81127, 0.0, 0.0, 0.0, 1.0]}, "0465bba4a7724a20876d042cab3b9ca1_d2_5.png": {"intrinsics": {"fx": 1075.88, "fy": 1075.97, "cx": 630.947, "cy": 504.414}, "camera_to_world_matrix": [0.054174, 0.678474, -0.732624, -12.7549, -0.99844, 0.0466925, -0.0305879, -1.87491, 0.0134551, 0.733138, 0.679945, 4.81121, 0.0, 0.0, 0.0, 1.0]}, "06a041e5c69e47db909fc5a4b7341fa6_d0_0.png": {"intrinsics": {"fx": 1074.16, "fy": 1075.2, "cx": 632.767, "cy": 511.776}, "camera_to_world_matrix": [-0.992508, -0.0685117, -0.101157, -15.0822, -0.121156, 0.658626, 0.742652, 9.73433, 0.0157444, 0.749344, -0.661993, 1.55827, 0.0, 0.0, 0.0, 1.0]}, "06a041e5c69e47db909fc5a4b7341fa6_d0_1.png": {"intrinsics": {"fx": 1074.16, "fy": 1075.2, "cx": 632.767, "cy": 511.776}, "camera_to_world_matrix": [-0.601081, 0.541795, 0.587501, -15.0955, 0.799037, 0.393196, 0.454901, 9.74003, 0.0154607, 0.742868, -0.669259, 1.55841, 0.0, 0.0, 0.0, 1.0]}, "06a041e5c69e47db909fc5a4b7341fa6_d0_2.png": {"intrinsics": {"fx": 1074.16, "fy": 1075.2, "cx": 632.767, "cy": 511.776}, "camera_to_world_matrix": [0.391505, 0.617062, 0.68261, -15.0973, 0.920149, -0.268087, -0.285399, 9.75447, 0.00689001, 0.739839, -0.672749, 1.55848, 0.0, 0.0, 0.0, 1.0]}, "06a041e5c69e47db909fc5a4b7341fa6_d0_3.png": {"intrinsics": {"fx": 1074.16, "fy": 1075.2, "cx": 632.767, "cy": 511.776}, "camera_to_world_matrix": [0.992642, 0.0820206, 0.0890592, -15.0857, 0.121066, -0.663926, -0.737932, 9.76321, -0.0013967, 0.743286, -0.668972, 1.5584, 0.0, 0.0, 0.0, 1.0]}, "06a041e5c69e47db909fc5a4b7341fa6_d0_4.png": {"intrinsics": {"fx": 1074.16, "fy": 1075.2, "cx": 632.767, "cy": 511.776}, "camera_to_world_matrix": [0.60118, -0.528276, -0.599587, -15.0723, -0.799111, -0.398472, -0.450154, 9.75751, -0.00111256, 0.749762, -0.661707, 1.55826, 0.0, 0.0, 0.0, 1.0]}, "06a041e5c69e47db909fc5a4b7341fa6_d0_5.png": {"intrinsics": {"fx": 1074.16, "fy": 1075.2, "cx": 632.767, "cy": 511.776}, "camera_to_world_matrix": [-0.391411, -0.603517, -0.694667, -15.0705, -0.920185, 0.262814, 0.29015, 9.74307, 0.00745829, 0.752791, -0.658217, 1.55819, 0.0, 0.0, 0.0, 1.0]}, "06a041e5c69e47db909fc5a4b7341fa6_d1_0.png": {"intrinsics": {"fx": 1075.65, "fy": 1075.86, "cx": 638.996, "cy": 512.087}, "camera_to_world_matrix": [-0.992369, 0.0249881, -0.120749, -15.0832, -0.120957, -0.00697856, 0.992633, 9.74518, 0.0239613, 0.999664, 0.00994825, 1.59157, 0.0, 0.0, 0.0, 1.0]}, "06a041e5c69e47db909fc5a4b7341fa6_d1_1.png": {"intrinsics": {"fx": 1075.65, "fy": 1075.86, "cx": 638.996, "cy": 512.087}, "camera_to_world_matrix": [-0.600777, 0.0140557, 0.799293, -15.0864, 0.799066, -0.0190529, 0.600942, 9.74655, 0.0236754, 0.99972, 0.000215577, 1.5916, 0.0, 0.0, 0.0, 1.0]}, "06a041e5c69e47db909fc5a4b7341fa6_d1_2.png": {"intrinsics": {"fx": 1075.65, "fy": 1075.86, "cx": 638.996, "cy": 512.087}, "camera_to_world_matrix": [0.391745, -0.00186646, 0.920072, -15.0868, 0.919951, -0.0156222, -0.391724, 9.75002, 0.0151045, 0.999876, -0.00440237, 1.59162, 0.0, 0.0, 0.0, 1.0]}, "06a041e5c69e47db909fc5a4b7341fa6_d1_3.png": {"intrinsics": {"fx": 1075.65, "fy": 1075.86, "cx": 638.996, "cy": 512.087}, "camera_to_world_matrix": [0.992653, -0.00685588, 0.120807, -15.084, 0.120809, -0.000117123, -0.992676, 9.75213, 0.00681969, 0.999977, 0.00071246, 1.5916, 0.0, 0.0, 0.0, 1.0]}, "06a041e5c69e47db909fc5a4b7341fa6_d1_4.png": {"intrinsics": {"fx": 1075.65, "fy": 1075.86, "cx": 638.996, "cy": 512.087}, "camera_to_world_matrix": [0.601025, 0.00407698, -0.79922, -15.0808, -0.799199, 0.0119568, -0.600948, 9.75076, 0.00710593, 0.99992, 0.0104451, 1.59157, 0.0, 0.0, 0.0, 1.0]}, "06a041e5c69e47db909fc5a4b7341fa6_d1_5.png": {"intrinsics": {"fx": 1075.65, "fy": 1075.86, "cx": 638.996, "cy": 512.087}, "camera_to_world_matrix": [-0.391502, 0.019999, -0.91996, -15.0804, -0.920044, 0.00852542, 0.391723, 9.74728, 0.015677, 0.999764, 0.0150627, 1.59155, 0.0, 0.0, 0.0, 1.0]}, "06a041e5c69e47db909fc5a4b7341fa6_d2_0.png": {"intrinsics": {"fx": 1075.88, "fy": 1075.97, "cx": 630.947, "cy": 504.414}, "camera_to_world_matrix": [-0.990937, 0.104063, -0.0849221, -15.0815, -0.132871, -0.666963, 0.733147, 9.73409, 0.0196537, 0.737787, 0.674746, 1.62476, 0.0, 0.0, 0.0, 1.0]}, "06a041e5c69e47db909fc5a4b7341fa6_d2_1.png": {"intrinsics": {"fx": 1075.88, "fy": 1075.97, "cx": 630.947, "cy": 504.414}, "camera_to_world_matrix": [-0.610412, -0.519927, 0.597556, -15.0949, 0.791843, -0.419113, 0.444214, 9.73979, 0.0194848, 0.744325, 0.667532, 1.62491, 0.0, 0.0, 0.0, 1.0]}, "06a041e5c69e47db909fc5a4b7341fa6_d2_2.png": {"intrinsics": {"fx": 1075.88, "fy": 1075.97, "cx": 630.947, "cy": 504.414}, "camera_to_world_matrix": [0.38064, -0.617258, 0.688552, -15.0967, 0.924657, 0.24523, -0.291325, 9.75423, 0.0109696, 0.747565, 0.664096, 1.62497, 0.0, 0.0, 0.0, 1.0]}, "06a041e5c69e47db909fc5a4b7341fa6_d2_3.png": {"intrinsics": {"fx": 1075.88, "fy": 1075.97, "cx": 630.947, "cy": 504.414}, "camera_to_world_matrix": [0.991145, -0.0905982, 0.0970679, -15.0851, 0.132753, 0.661708, -0.737915, 9.76298, 0.00262342, 0.744268, 0.667875, 1.6249, 0.0, 0.0, 0.0, 1.0]}, "06a041e5c69e47db909fc5a4b7341fa6_d2_4.png": {"intrinsics": {"fx": 1075.88, "fy": 1075.97, "cx": 630.947, "cy": 504.414}, "camera_to_world_matrix": [0.610583, 0.533382, -0.585399, -15.0717, -0.791946, 0.413833, -0.448956, 9.75728, 0.0027927, 0.73773, 0.675089, 1.62476, 0.0, 0.0, 0.0, 1.0]}, "06a041e5c69e47db909fc5a4b7341fa6_d2_5.png": {"intrinsics": {"fx": 1075.88, "fy": 1075.97, "cx": 630.947, "cy": 504.414}, "camera_to_world_matrix": [-0.380475, 0.630687, -0.676366, -15.0699, -0.924721, -0.250514, 0.286587, 9.74283, 0.0113081, 0.73449, 0.678524, 1.62469, 0.0, 0.0, 0.0, 1.0]}, "06b9ac679498410293c591e1b37767ff_d0_0.png": {"intrinsics": {"fx": 1074.16, "fy": 1075.2, "cx": 632.767, "cy": 511.776}, "camera_to_world_matrix": [-0.389766, -0.604077, -0.695106, -7.943, -0.920727, 0.270771, 0.280968, -3.4406, 0.0184888, 0.749515, -0.661729, 4.73897, 0.0, 0.0, 0.0, 1.0]}, "06b9ac679498410293c591e1b37767ff_d0_1.png": {"intrinsics": {"fx": 1074.16, "fy": 1075.2, "cx": 632.767, "cy": 511.776}, "camera_to_world_matrix": [-0.992301, -0.069727, -0.102347, -7.95462, -0.122655, 0.667475, 0.73446, -3.44937, 0.0171023, 0.741359, -0.67089, 4.73915, 0.0, 0.0, 0.0, 1.0]}, "06b9ac679498410293c591e1b37767ff_d0_2.png": {"intrinsics": {"fx": 1074.16, "fy": 1075.2, "cx": 632.767, "cy": 511.776}, "camera_to_world_matrix": [-0.602448, 0.541034, 0.586802, -7.96801, 0.798136, 0.403031, 0.447821, -3.44369, 0.00578705, 0.738138, -0.674625, 4.73922, 0.0, 0.0, 0.0, 1.0]}, "06b9ac679498410293c591e1b37767ff_d0_3.png": {"intrinsics": {"fx": 1074.16, "fy": 1075.2, "cx": 632.767, "cy": 511.776}, "camera_to_world_matrix": [0.389931, 0.617431, 0.683177, -7.9698, 0.920834, -0.258111, -0.292304, -3.42925, -0.0041415, 0.743072, -0.669199, 4.73911, 0.0, 0.0, 0.0, 1.0]}, "06b9ac679498410293c591e1b37767ff_d0_4.png": {"intrinsics": {"fx": 1074.16, "fy": 1075.2, "cx": 632.767, "cy": 511.776}, "camera_to_world_matrix": [0.992434, 0.0830661, 0.0904005, -7.95818, 0.122738, -0.654794, -0.745773, -3.42049, -0.00275455, 0.751227, -0.660038, 4.73893, 0.0, 0.0, 0.0, 1.0]}, "06b9ac679498410293c591e1b37767ff_d0_5.png": {"intrinsics": {"fx": 1074.16, "fy": 1075.2, "cx": 632.767, "cy": 511.776}, "camera_to_world_matrix": [0.602545, -0.527684, -0.598738, -7.94478, -0.798037, -0.390326, -0.459107, -3.42616, 0.00856093, 0.754449, -0.656303, 4.73886, 0.0, 0.0, 0.0, 1.0]}, "06b9ac679498410293c591e1b37767ff_d1_0.png": {"intrinsics": {"fx": 1075.65, "fy": 1075.86, "cx": 638.996, "cy": 512.087}, "camera_to_world_matrix": [-0.389858, 0.0198637, -0.920661, -7.95288, -0.920488, 0.0205873, 0.390229, -3.43601, 0.0267052, 0.999591, 0.0102586, 4.77227, 0.0, 0.0, 0.0, 1.0]}, "06b9ac679498410293c591e1b37767ff_d1_1.png": {"intrinsics": {"fx": 1075.65, "fy": 1075.86, "cx": 638.996, "cy": 512.087}, "camera_to_world_matrix": [-0.992164, 0.0248802, -0.122447, -7.95567, -0.122357, 0.00509098, 0.992473, -3.43812, 0.0253162, 0.999678, -0.00200634, 4.77231, 0.0, 0.0, 0.0, 1.0]}, "06b9ac679498410293c591e1b37767ff_d1_2.png": {"intrinsics": {"fx": 1075.65, "fy": 1075.86, "cx": 638.996, "cy": 512.087}, "camera_to_world_matrix": [-0.602145, 0.0139685, 0.798265, -7.9589, 0.798265, -0.00700051, 0.602267, -3.43675, 0.0140009, 0.999878, -0.00693473, 4.77233, 0.0, 0.0, 0.0, 1.0]}, "06b9ac679498410293c591e1b37767ff_d1_3.png": {"intrinsics": {"fx": 1075.65, "fy": 1075.86, "cx": 638.996, "cy": 512.087}, "camera_to_world_matrix": [0.39017, -0.00195958, 0.920741, -7.95932, 0.920734, -0.00359535, -0.390174, -3.43328, 0.00407483, 0.999992, 0.000401922, 4.77231, 0.0, 0.0, 0.0, 1.0]}, "06b9ac679498410293c591e1b37767ff_d1_4.png": {"intrinsics": {"fx": 1075.65, "fy": 1075.86, "cx": 638.996, "cy": 512.087}, "camera_to_world_matrix": [0.992444, -0.00697551, 0.122503, -7.95653, 0.12258, 0.0119012, -0.992388, -3.43117, 0.00546434, 0.999905, 0.0126668, 4.77226, 0.0, 0.0, 0.0, 1.0]}, "06b9ac679498410293c591e1b37767ff_d1_5.png": {"intrinsics": {"fx": 1075.65, "fy": 1075.86, "cx": 638.996, "cy": 512.087}, "camera_to_world_matrix": [0.60239, 0.00393672, -0.798193, -7.95331, -0.798027, 0.0239923, -0.602145, -3.43254, 0.0167799, 0.999705, 0.0175948, 4.77225, 0.0, 0.0, 0.0, 1.0]}, "06b9ac679498410293c591e1b37767ff_d2_0.png": {"intrinsics": {"fx": 1075.88, "fy": 1075.97, "cx": 630.947, "cy": 504.414}, "camera_to_world_matrix": [-0.378823, 0.631046, -0.676959, -7.94241, -0.925197, -0.240532, 0.293519, -3.44004, 0.022394, 0.737513, 0.674961, 4.80546, 0.0, 0.0, 0.0, 1.0]}, "06b9ac679498410293c591e1b37767ff_d2_1.png": {"intrinsics": {"fx": 1075.88, "fy": 1075.97, "cx": 630.947, "cy": 504.414}, "camera_to_world_matrix": [-0.990711, 0.105114, -0.0862559, -7.95402, -0.13432, -0.65786, 0.741065, -3.4488, 0.0211524, 0.745768, 0.665868, 4.80564, 0.0, 0.0, 0.0, 1.0]}, "06b9ac679498410293c591e1b37767ff_d2_2.png": {"intrinsics": {"fx": 1075.88, "fy": 1075.97, "cx": 630.947, "cy": 504.414}, "camera_to_world_matrix": [-0.611767, -0.519299, 0.596716, -7.96742, 0.790975, -0.411017, 0.453234, -3.44312, 0.00989653, 0.749262, 0.662199, 4.80571, 0.0, 0.0, 0.0, 1.0]}, "06b9ac679498410293c591e1b37767ff_d2_3.png": {"intrinsics": {"fx": 1075.88, "fy": 1075.97, "cx": 630.947, "cy": 504.414}, "camera_to_world_matrix": [0.379058, -0.617766, 0.688969, -7.9692, 0.925372, 0.253149, -0.282137, -3.42868, -0.000117532, 0.7445, 0.667622, 4.80561, 0.0, 0.0, 0.0, 1.0]}, "06b9ac679498410293c591e1b37767ff_d2_4.png": {"intrinsics": {"fx": 1075.88, "fy": 1075.97, "cx": 630.947, "cy": 504.414}, "camera_to_world_matrix": [0.990916, -0.0918182, 0.0982489, -7.95759, 0.13447, 0.670458, -0.72966, -3.41992, 0.00112456, 0.736244, 0.676714, 4.80543, 0.0, 0.0, 0.0, 1.0]}, "06b9ac679498410293c591e1b37767ff_d2_5.png": {"intrinsics": {"fx": 1075.88, "fy": 1075.97, "cx": 630.947, "cy": 504.414}, "camera_to_world_matrix": [0.611935, 0.532585, -0.584712, -7.94419, -0.79081, 0.42359, -0.441803, -3.4256, 0.0123806, 0.732751, 0.680383, 4.80536, 0.0, 0.0, 0.0, 1.0]}, "0aa01000f1934e73b35c348fa8d15040_d0_0.png": {"intrinsics": {"fx": 1074.16, "fy": 1075.2, "cx": 632.767, "cy": 511.776}, "camera_to_world_matrix": [0.670338, 0.485078, 0.561555, -7.57378, 0.741925, -0.452283, -0.494961, 7.96484, 0.0138872, 0.748423, -0.663076, 1.54757, 0.0, 0.0, 0.0, 1.0]}, "0aa01000f1934e73b35c348fa8d15040_d0_1.png": {"intrinsics": {"fx": 1074.16, "fy": 1075.2, "cx": 632.767, "cy": 511.776}, "camera_to_world_matrix": [0.977684, -0.149875, -0.147209, -7.55993, -0.209657, -0.651732, -0.728894, 7.96931, 0.013302, 0.743492, -0.668612, 1.54767, 0.0, 0.0, 0.0, 1.0]}, "0aa01000f1934e73b35c348fa8d15040_d0_2.png": {"intrinsics": {"fx": 1074.16, "fy": 1075.2, "cx": 632.767, "cy": 511.776}, "camera_to_world_matrix": [0.307274, -0.640081, -0.704185, -7.54914, -0.951597, -0.201551, -0.23203, 7.95955, 0.0065887, 0.741398, -0.671032, 1.54772, 0.0, 0.0, 0.0, 1.0]}, "0aa01000f1934e73b35c348fa8d15040_d0_3.png": {"intrinsics": {"fx": 1074.16, "fy": 1075.2, "cx": 632.767, "cy": 511.776}, "camera_to_world_matrix": [-0.670466, -0.495323, -0.552385, -7.55219, -0.741939, 0.448069, 0.498757, 7.94533, 0.000460849, 0.744236, -0.667917, 1.54766, 0.0, 0.0, 0.0, 1.0]}, "0aa01000f1934e73b35c348fa8d15040_d0_4.png": {"intrinsics": {"fx": 1074.16, "fy": 1075.2, "cx": 632.767, "cy": 511.776}, "camera_to_world_matrix": [-0.977774, 0.139637, 0.156389, -7.56604, 0.209654, 0.647494, 0.732663, 7.94086, 0.0010464, 0.749167, -0.66238, 1.54755, 0.0, 0.0, 0.0, 1.0]}, "0aa01000f1934e73b35c348fa8d15040_d0_5.png": {"intrinsics": {"fx": 1074.16, "fy": 1075.2, "cx": 632.767, "cy": 511.776}, "camera_to_world_matrix": [-0.307336, 0.629826, 0.713346, -7.57683, 0.951569, 0.197294, 0.235776, 7.95062, 0.00775979, 0.751261, -0.65996, 1.5475, 0.0, 0.0, 0.0, 1.0]}, "0aa01000f1934e73b35c348fa8d15040_d1_0.png": {"intrinsics": {"fx": 1075.65, "fy": 1075.86, "cx": 638.996, "cy": 512.087}, "camera_to_world_matrix": [0.670383, -0.0211495, 0.741715, -7.56581, 0.741687, -0.010678, -0.670662, 7.95734, 0.0221041, 0.999719, 0.0085284, 1.58085, 0.0, 0.0, 0.0, 1.0]}, "0aa01000f1934e73b35c348fa8d15040_d1_1.png": {"intrinsics": {"fx": 1075.65, "fy": 1075.86, "cx": 638.996, "cy": 512.087}, "camera_to_world_matrix": [0.977492, -0.020804, -0.209947, -7.56248, -0.209875, 0.00560658, -0.977712, 7.95841, 0.0215172, 0.999768, 0.00111464, 1.58088, 0.0, 0.0, 0.0, 1.0]}, "0aa01000f1934e73b35c348fa8d15040_d1_2.png": {"intrinsics": {"fx": 1075.65, "fy": 1075.86, "cx": 638.996, "cy": 512.087}, "camera_to_world_matrix": [0.306982, -0.00652847, -0.951693, -7.55988, -0.951601, 0.0134492, -0.307044, 7.95607, 0.0148039, 0.999889, -0.00208337, 1.58089, 0.0, 0.0, 0.0, 1.0]}, "0aa01000f1934e73b35c348fa8d15040_d1_3.png": {"intrinsics": {"fx": 1075.65, "fy": 1075.86, "cx": 638.996, "cy": 512.087}, "camera_to_world_matrix": [-0.670623, 0.00740117, -0.741762, -7.56062, -0.741748, 0.00500701, 0.67066, 7.95264, 0.00867754, 0.99996, 0.00213245, 1.58087, 0.0, 0.0, 0.0, 1.0]}, "0aa01000f1934e73b35c348fa8d15040_d1_4.png": {"intrinsics": {"fx": 1075.65, "fy": 1075.86, "cx": 638.996, "cy": 512.087}, "camera_to_world_matrix": [-0.977695, 0.00705501, 0.209911, -7.56395, 0.209826, -0.0112776, 0.977674, 7.95157, 0.00926466, 0.999912, 0.00954619, 1.58085, 0.0, 0.0, 0.0, 1.0]}, "0aa01000f1934e73b35c348fa8d15040_d1_5.png": {"intrinsics": {"fx": 1075.65, "fy": 1075.86, "cx": 638.996, "cy": 512.087}, "camera_to_world_matrix": [-0.307156, -0.00722079, 0.951632, -7.56655, 0.951526, -0.0191196, 0.306976, 7.95392, 0.0159781, 0.999791, 0.0127439, 1.58084, 0.0, 0.0, 0.0, 1.0]}, "0aa01000f1934e73b35c348fa8d15040_d2_0.png": {"intrinsics": {"fx": 1075.88, "fy": 1075.97, "cx": 630.947, "cy": 504.414}, "camera_to_world_matrix": [0.661484, -0.513976, 0.546137, -7.57424, 0.749747, 0.435917, -0.497851, 7.96465, 0.0178135, 0.738786, 0.673704, 1.61406, 0.0, 0.0, 0.0, 1.0]}, "0aa01000f1934e73b35c348fa8d15040_d2_1.png": {"intrinsics": {"fx": 1075.88, "fy": 1075.97, "cx": 630.947, "cy": 504.414}, "camera_to_world_matrix": [0.980027, 0.119792, -0.158734, -7.56039, -0.198107, 0.657612, -0.726842, 7.96912, 0.0173158, 0.743772, 0.668208, 1.61417, 0.0, 0.0, 0.0, 1.0]}, "0aa01000f1934e73b35c348fa8d15040_d2_2.png": {"intrinsics": {"fx": 1075.88, "fy": 1075.97, "cx": 630.947, "cy": 504.414}, "camera_to_world_matrix": [0.318444, 0.628671, -0.709483, -7.5496, -0.947881, 0.219579, -0.230879, 7.95936, 0.010641, 0.746028, 0.665828, 1.61422, 0.0, 0.0, 0.0, 1.0]}, "0aa01000f1934e73b35c348fa8d15040_d2_3.png": {"intrinsics": {"fx": 1075.88, "fy": 1075.97, "cx": 630.947, "cy": 504.414}, "camera_to_world_matrix": [-0.661666, 0.50377, -0.555349, -7.55265, -0.749784, -0.440139, 0.494065, 7.94514, 0.00446409, 0.743299, 0.668943, 1.61416, 0.0, 0.0, 0.0, 1.0]}, "0aa01000f1934e73b35c348fa8d15040_d2_4.png": {"intrinsics": {"fx": 1075.88, "fy": 1075.97, "cx": 630.947, "cy": 504.414}, "camera_to_world_matrix": [-0.980172, -0.130008, 0.149531, -7.5665, 0.198082, -0.66181, 0.723029, 7.94067, 0.00496211, 0.738313, 0.674439, 1.61405, 0.0, 0.0, 0.0, 1.0]}, "0aa01000f1934e73b35c348fa8d15040_d2_5.png": {"intrinsics": {"fx": 1075.88, "fy": 1075.97, "cx": 630.947, "cy": 504.414}, "camera_to_world_matrix": [-0.31856, -0.638869, 0.700261, -7.57729, 0.94783, -0.223756, 0.227044, 7.95043, 0.011637, 0.736056, 0.676819, 1.614, 0.0, 0.0, 0.0, 1.0]}, "0ad193716fc148138c1ba6c10db6e31f_d0_0.png": {"intrinsics": {"fx": 1074.16, "fy": 1075.2, "cx": 632.767, "cy": 511.776}, "camera_to_world_matrix": [-0.490214, -0.571216, -0.658332, -14.4598, -0.871476, 0.333988, 0.359136, -6.78731, 0.014731, 0.749775, -0.661529, 1.55738, 0.0, 0.0, 0.0, 1.0]}, "0ad193716fc148138c1ba6c10db6e31f_d0_1.png": {"intrinsics": {"fx": 1074.16, "fy": 1075.2, "cx": 632.767, "cy": 511.776}, "camera_to_world_matrix": [-0.999817, 0.00411873, -0.0186077, -14.4723, -0.0110851, 0.668537, 0.743595, -6.79472, 0.0155028, 0.743667, -0.668371, 1.55752, 0.0, 0.0, 0.0, 1.0]}, "0ad193716fc148138c1ba6c10db6e31f_d0_2.png": {"intrinsics": {"fx": 1074.16, "fy": 1075.2, "cx": 632.767, "cy": 511.776}, "camera_to_world_matrix": [-0.509521, 0.581518, 0.634211, -14.485, 0.86042, 0.337526, 0.381773, -6.78758, 0.00794554, 0.74021, -0.672328, 1.55759, 0.0, 0.0, 0.0, 1.0]}, "0ad193716fc148138c1ba6c10db6e31f_d0_3.png": {"intrinsics": {"fx": 1074.16, "fy": 1075.2, "cx": 632.767, "cy": 511.776}, "camera_to_world_matrix": [0.490367, 0.58357, 0.64729, -14.4851, 0.871515, -0.328025, -0.364499, -6.77303, -0.000383285, 0.742862, -0.669444, 1.55754, 0.0, 0.0, 0.0, 1.0]}, "0ad193716fc148138c1ba6c10db6e31f_d0_4.png": {"intrinsics": {"fx": 1074.16, "fy": 1075.2, "cx": 632.767, "cy": 511.776}, "camera_to_world_matrix": [0.999937, 0.00822215, 0.00755111, -14.4726, 0.0111036, -0.662551, -0.748933, -6.76562, -0.00115467, 0.748971, -0.662602, 1.5574, 0.0, 0.0, 0.0, 1.0]}, "0ad193716fc148138c1ba6c10db6e31f_d0_5.png": {"intrinsics": {"fx": 1074.16, "fy": 1075.2, "cx": 632.767, "cy": 511.776}, "camera_to_world_matrix": [0.509606, -0.569164, -0.645253, -14.4599, -0.860383, -0.331518, -0.387086, -6.77276, 0.0064028, 0.752427, -0.658644, 1.55733, 0.0, 0.0, 0.0, 1.0]}, "0ad193716fc148138c1ba6c10db6e31f_d1_0.png": {"intrinsics": {"fx": 1075.65, "fy": 1075.86, "cx": 638.996, "cy": 512.087}, "camera_to_world_matrix": [-0.490292, 0.020478, -0.871318, -14.4691, -0.871257, 0.0148071, 0.490605, -6.78176, 0.0229482, 0.999681, 0.0105823, 1.59069, 0.0, 0.0, 0.0, 1.0]}, "0ad193716fc148138c1ba6c10db6e31f_d1_1.png": {"intrinsics": {"fx": 1075.65, "fy": 1075.86, "cx": 638.996, "cy": 512.087}, "camera_to_world_matrix": [-0.99966, 0.0237318, -0.0108024, -14.4721, -0.0108326, -0.00115292, 0.999941, -6.78354, 0.0237178, 0.999718, 0.00141008, 1.59072, 0.0, 0.0, 0.0, 1.0]}, "0ad193716fc148138c1ba6c10db6e31f_d1_2.png": {"intrinsics": {"fx": 1075.65, "fy": 1075.86, "cx": 638.996, "cy": 512.087}, "camera_to_world_matrix": [-0.509219, 0.0115373, 0.86056, -14.4752, 0.860486, -0.0119503, 0.509335, -6.78182, 0.0161601, 0.999862, -0.00384189, 1.59074, 0.0, 0.0, 0.0, 1.0]}, "0ad193716fc148138c1ba6c10db6e31f_d1_3.png": {"intrinsics": {"fx": 1075.65, "fy": 1075.86, "cx": 638.996, "cy": 512.087}, "camera_to_world_ma