{"001d8a657cbd41e7bf5a538e5768b058_d0_0.png": {"intrinsics": {"fx": 1072.54, "fy": 1073.61, "cx": 633.884, "cy": 515.364}, "camera_to_world_matrix": [0.998963, 0.0265261, 0.0370283, -2.88069, 0.0452571, -0.669935, -0.74104, -0.242993, 0.00514956, 0.741947, -0.67044, 4.79079, 0.0, 0.0, 0.0, 1.0]}, "001d8a657cbd41e7bf5a538e5768b058_d0_1.png": {"intrinsics": {"fx": 1072.54, "fy": 1073.61, "cx": 633.884, "cy": 515.364}, "camera_to_world_matrix": [0.538669, -0.566305, -0.623808, -2.86776, -0.842512, -0.35911, -0.401517, -0.249651, 0.00336486, 0.741849, -0.670558, 4.7908, 0.0, 0.0, 0.0, 1.0]}, "001d8a657cbd41e7bf5a538e5768b058_d0_2.png": {"intrinsics": {"fx": 1072.54, "fy": 1073.61, "cx": 633.884, "cy": 515.364}, "camera_to_world_matrix": [-0.46031, -0.593529, -0.660181, -2.86705, -0.887756, 0.309709, 0.340546, -0.264184, 0.00233979, 0.742836, -0.66947, 4.79077, 0.0, 0.0, 0.0, 1.0]}, "001d8a657cbd41e7bf5a538e5768b058_d0_3.png": {"intrinsics": {"fx": 1072.54, "fy": 1073.61, "cx": 633.884, "cy": 515.364}, "camera_to_world_matrix": [-0.998973, -0.0279227, -0.0357175, -2.87929, -0.0452306, 0.667687, 0.743068, -0.272059, 0.00309947, 0.743919, -0.668262, 4.79075, 0.0, 0.0, 0.0, 1.0]}, "001d8a657cbd41e7bf5a538e5768b058_d0_4.png": {"intrinsics": {"fx": 1072.54, "fy": 1073.61, "cx": 633.884, "cy": 515.364}, "camera_to_world_matrix": [-0.538644, 0.564896, 0.625106, -2.89223, 0.84252, 0.356839, 0.403519, -0.2654, 0.00488418, 0.744016, -0.668144, 4.79075, 0.0, 0.0, 0.0, 1.0]}, "001d8a657cbd41e7bf5a538e5768b058_d0_5.png": {"intrinsics": {"fx": 1072.54, "fy": 1073.61, "cx": 633.884, "cy": 515.364}, "camera_to_world_matrix": [0.460337, 0.592094, 0.66145, -2.89293, 0.887726, -0.311981, -0.338545, -0.250867, 0.00590921, 0.74303, -0.669232, 4.79077, 0.0, 0.0, 0.0, 1.0]}, "001d8a657cbd41e7bf5a538e5768b058_d1_0.png": {"intrinsics": {"fx": 1075.5, "fy": 1075.82, "cx": 636.136, "cy": 514.209}, "camera_to_world_matrix": [0.998736, -0.0140219, 0.0482849, -2.88019, 0.0482608, -0.00203723, -0.998833, -0.25408, 0.0141036, 0.9999, -0.00135693, 4.82403, 0.0, 0.0, 0.0, 1.0]}, "001d8a657cbd41e7bf5a538e5768b058_d1_1.png": {"intrinsics": {"fx": 1075.5, "fy": 1075.82, "cx": 636.136, "cy": 514.209}, "camera_to_world_matrix": [0.541164, -0.0079429, -0.84088, -2.87708, -0.840828, 0.00953875, -0.54122, -0.255682, 0.0123195, 0.999923, -0.00151556, 4.82403, 0.0, 0.0, 0.0, 1.0]}, "001d8a657cbd41e7bf5a538e5768b058_d1_2.png": {"intrinsics": {"fx": 1075.5, "fy": 1075.82, "cx": 636.136, "cy": 514.209}, "camera_to_world_matrix": [-0.457597, 0.00512173, -0.889146, -2.87691, -0.889089, 0.010062, 0.457625, -0.259178, 0.0112901, 0.999937, -4.96338e-05, 4.82402, 0.0, 0.0, 0.0, 1.0]}, "001d8a657cbd41e7bf5a538e5768b058_d1_3.png": {"intrinsics": {"fx": 1075.5, "fy": 1075.82, "cx": 636.136, "cy": 514.209}, "camera_to_world_matrix": [-0.998763, 0.012107, -0.0482462, -2.87985, -0.0482614, -0.000990792, 0.998835, -0.261072, 0.0120448, 0.999927, 0.00157488, 4.82402, 0.0, 0.0, 0.0, 1.0]}, "001d8a657cbd41e7bf5a538e5768b058_d1_4.png": {"intrinsics": {"fx": 1075.5, "fy": 1075.82, "cx": 636.136, "cy": 514.209}, "camera_to_world_matrix": [-0.541157, 0.00602757, 0.840901, -2.88297, 0.840809, -0.0125665, 0.541187, -0.25947, 0.013829, 0.999903, 0.00173344, 4.82402, 0.0, 0.0, 0.0, 1.0]}, "001d8a657cbd41e7bf5a538e5768b058_d1_5.png": {"intrinsics": {"fx": 1075.5, "fy": 1075.82, "cx": 636.136, "cy": 514.209}, "camera_to_world_matrix": [0.457606, -0.00703708, 0.889128, -2.88314, 0.889032, -0.0130893, -0.45766, -0.255975, 0.0148583, 0.99989, 0.000267479, 4.82402, 0.0, 0.0, 0.0, 1.0]}, "001d8a657cbd41e7bf5a538e5768b058_d2_0.png": {"intrinsics": {"fx": 1077.24, "fy": 1077.47, "cx": 644.212, "cy": 519.392}, "camera_to_world_matrix": [0.998813, -0.0401905, 0.0274566, -2.88076, 0.0472294, 0.663801, -0.746416, -0.243094, 0.0117735, 0.746828, 0.66491, 4.85729, 0.0, 0.0, 0.0, 1.0]}, "001d8a657cbd41e7bf5a538e5768b058_d2_1.png": {"intrinsics": {"fx": 1077.24, "fy": 1077.47, "cx": 644.212, "cy": 519.392}, "camera_to_world_matrix": [0.540307, 0.555399, -0.632138, -2.86782, -0.841406, 0.365515, -0.398033, -0.249752, 0.00998915, 0.746947, 0.664806, 4.8573, 0.0, 0.0, 0.0, 1.0]}, "001d8a657cbd41e7bf5a538e5768b058_d2_2.png": {"intrinsics": {"fx": 1077.24, "fy": 1077.47, "cx": 644.212, "cy": 519.392}, "camera_to_world_matrix": [-0.458528, 0.594863, -0.660218, -2.86712, -0.888633, -0.299423, 0.347383, -0.264285, 0.00896127, 0.745978, 0.665908, 4.85727, 0.0, 0.0, 0.0, 1.0]}, "001d8a657cbd41e7bf5a538e5768b058_d2_3.png": {"intrinsics": {"fx": 1077.24, "fy": 1077.47, "cx": 644.212, "cy": 519.392}, "camera_to_world_matrix": [-0.998835, 0.0387363, -0.0287031, -2.87935, -0.047223, -0.666061, 0.744401, -0.27216, 0.0097177, 0.74489, 0.667114, 4.85725, 0.0, 0.0, 0.0, 1.0]}, "001d8a657cbd41e7bf5a538e5768b058_d2_4.png": {"intrinsics": {"fx": 1077.24, "fy": 1077.47, "cx": 644.212, "cy": 519.392}, "camera_to_world_matrix": [-0.540295, -0.556842, 0.630878, -2.89229, 0.841395, -0.367752, 0.395992, -0.265501, 0.011502, 0.744772, 0.667218, 4.85725, 0.0, 0.0, 0.0, 1.0]}, "001d8a657cbd41e7bf5a538e5768b058_d2_5.png": {"intrinsics": {"fx": 1077.24, "fy": 1077.47, "cx": 644.212, "cy": 519.392}, "camera_to_world_matrix": [0.458542, -0.59628, 0.658929, -2.89299, 0.888582, 0.297188, -0.349426, -0.250968, 0.0125299, 0.74574, 0.666116, 4.85727, 0.0, 0.0, 0.0, 1.0]}, "047b99fae29f402993cc29a73d29c977_d0_0.png": {"intrinsics": {"fx": 1072.54, "fy": 1073.61, "cx": 633.884, "cy": 515.364}, "camera_to_world_matrix": [0.193572, 0.659072, 0.726743, -3.29824, 0.981049, -0.136588, -0.137438, 3.93461, 0.00868273, 0.739573, -0.67302, 1.73884, 0.0, 0.0, 0.0, 1.0]}, "047b99fae29f402993cc29a73d29c977_d0_1.png": {"intrinsics": {"fx": 1072.54, "fy": 1073.61, "cx": 633.884, "cy": 515.364}, "camera_to_world_matrix": [0.946433, 0.216208, 0.239834, -3.2887, 0.322896, -0.638515, -0.698597, 3.94559, 0.00209551, 0.738616, -0.674123, 1.73887, 0.0, 0.0, 0.0, 1.0]}, "047b99fae29f402993cc29a73d29c977_d0_2.png": {"intrinsics": {"fx": 1072.54, "fy": 1073.61, "cx": 633.884, "cy": 515.364}, "camera_to_world_matrix": [0.752856, -0.439899, -0.48959, -3.27442, -0.658182, -0.505951, -0.557505, 3.94282, -0.0024628, 0.74196, -0.67044, 1.73879, 0.0, 0.0, 0.0, 1.0]}, "047b99fae29f402993cc29a73d29c977_d0_3.png": {"intrinsics": {"fx": 1072.54, "fy": 1073.61, "cx": 633.884, "cy": 515.364}, "camera_to_world_matrix": [-0.193577, -0.653126, -0.73209, -3.26968, -0.981086, 0.128538, 0.144742, 3.92907, -0.000433744, 0.746261, -0.665653, 1.7387, 0.0, 0.0, 0.0, 1.0]}, "047b99fae29f402993cc29a73d29c977_d0_4.png": {"intrinsics": {"fx": 1072.54, "fy": 1073.61, "cx": 633.884, "cy": 515.364}, "camera_to_world_matrix": [-0.946413, -0.210242, -0.245159, -3.27922, -0.322904, 0.630448, 0.705882, 3.91808, 0.00615354, 0.747218, -0.66455, 1.73868, 0.0, 0.0, 0.0, 1.0]}, "047b99fae29f402993cc29a73d29c977_d0_5.png": {"intrinsics": {"fx": 1072.54, "fy": 1073.61, "cx": 633.884, "cy": 515.364}, "camera_to_world_matrix": [-0.752797, 0.445859, 0.48426, -3.2935, 0.658167, 0.497858, 0.564762, 3.92086, 0.0107117, 0.743874, -0.668234, 1.73875, 0.0, 0.0, 0.0, 1.0]}, "047b99fae29f402993cc29a73d29c977_d1_0.png": {"intrinsics": {"fx": 1075.5, "fy": 1075.82, "cx": 636.136, "cy": 514.209}, "camera_to_world_matrix": [0.190625, 0.0014, 0.981663, -3.28726, 0.981505, -0.0182487, -0.190568, 3.93233, 0.0176469, 0.999833, -0.00485174, 1.77204, 0.0, 0.0, 0.0, 1.0]}, "047b99fae29f402993cc29a73d29c977_d1_1.png": {"intrinsics": {"fx": 1075.5, "fy": 1075.82, "cx": 636.136, "cy": 514.209}, "camera_to_world_matrix": [0.945415, -0.00839854, 0.325763, -3.28497, 0.325683, -0.00959189, -0.945431, 3.93497, 0.0110646, 0.999919, -0.00633203, 1.77204, 0.0, 0.0, 0.0, 1.0]}, "047b99fae29f402993cc29a73d29c977_d1_2.png": {"intrinsics": {"fx": 1075.5, "fy": 1075.82, "cx": 636.136, "cy": 514.209}, "camera_to_world_matrix": [0.754821, -0.00580043, -0.655906, -3.28153, -0.6559, 0.00322235, -0.754842, 3.9343, 0.00649168, 0.999979, -0.00137119, 1.77203, 0.0, 0.0, 0.0, 1.0]}, "047b99fae29f402993cc29a73d29c977_d1_3.png": {"intrinsics": {"fx": 1075.5, "fy": 1075.82, "cx": 636.136, "cy": 514.209}, "camera_to_world_matrix": [-0.190559, 0.00659616, -0.981654, -3.28039, -0.98164, 0.00737953, 0.190605, 3.93099, 0.00850113, 0.999951, 0.00506983, 1.772, 0.0, 0.0, 0.0, 1.0]}, "047b99fae29f402993cc29a73d29c977_d1_4.png": {"intrinsics": {"fx": 1075.5, "fy": 1075.82, "cx": 636.136, "cy": 514.209}, "camera_to_world_matrix": [-0.945323, 0.0163944, -0.325725, -3.28269, -0.325788, -0.00127761, 0.945442, 3.92835, 0.0150835, 0.999865, 0.00654987, 1.772, 0.0, 0.0, 0.0, 1.0]}, "047b99fae29f402993cc29a73d29c977_d1_5.png": {"intrinsics": {"fx": 1075.5, "fy": 1075.82, "cx": 636.136, "cy": 514.209}, "camera_to_world_matrix": [-0.754691, 0.0137958, 0.655937, -3.28612, 0.655788, -0.0140918, 0.754815, 3.92902, 0.0196563, 0.999806, 0.00158884, 1.77202, 0.0, 0.0, 0.0, 1.0]}, "047b99fae29f402993cc29a73d29c977_d2_0.png": {"intrinsics": {"fx": 1077.24, "fy": 1077.47, "cx": 644.212, "cy": 519.392}, "camera_to_world_matrix": [0.191639, -0.652261, 0.733368, -3.29798, 0.981344, 0.115686, -0.153548, 3.93425, 0.0153133, 0.749114, 0.662261, 1.80534, 0.0, 0.0, 0.0, 1.0]}, "047b99fae29f402993cc29a73d29c977_d2_1.png": {"intrinsics": {"fx": 1077.24, "fy": 1077.47, "cx": 644.212, "cy": 519.392}, "camera_to_world_matrix": [0.945767, -0.22092, 0.23815, -3.28843, 0.324723, 0.623274, -0.711395, 3.94523, 0.00872929, 0.750148, 0.66121, 1.80536, 0.0, 0.0, 0.0, 1.0]}, "047b99fae29f402993cc29a73d29c977_d2_2.png": {"intrinsics": {"fx": 1077.24, "fy": 1077.47, "cx": 644.212, "cy": 519.392}, "camera_to_world_matrix": [0.75415, 0.434327, -0.492561, -3.27415, -0.656687, 0.50352, -0.561451, 3.94246, 0.0041614, 0.746877, 0.664946, 1.80529, 0.0, 0.0, 0.0, 1.0]}, "047b99fae29f402993cc29a73d29c977_d2_3.png": {"intrinsics": {"fx": 1077.24, "fy": 1077.47, "cx": 644.212, "cy": 519.392}, "camera_to_world_matrix": [-0.191591, 0.65822, -0.728037, -3.26941, -0.981453, -0.123819, 0.146337, 3.9287, 0.00617757, 0.742573, 0.669734, 1.8052, 0.0, 0.0, 0.0, 1.0]}, "047b99fae29f402993cc29a73d29c977_d2_4.png": {"intrinsics": {"fx": 1077.24, "fy": 1077.47, "cx": 644.212, "cy": 519.392}, "camera_to_world_matrix": [-0.945694, 0.22686, -0.232797, -3.27896, -0.324803, -0.631391, 0.704165, 3.91772, 0.0127616, 0.741539, 0.670786, 1.80518, 0.0, 0.0, 0.0, 1.0]}, "047b99fae29f402993cc29a73d29c977_d2_5.png": {"intrinsics": {"fx": 1077.24, "fy": 1077.47, "cx": 644.212, "cy": 519.392}, "camera_to_world_matrix": [-0.754038, -0.428383, 0.497909, -3.29324, 0.656599, -0.511611, 0.554192, 3.92049, 0.0173294, 0.744809, 0.66705, 1.80525, 0.0, 0.0, 0.0, 1.0]}, "0674ebc36a2048828d0ce0dc80751886_d0_0.png": {"intrinsics": {"fx": 1072.54, "fy": 1073.61, "cx": 633.884, "cy": 515.364}, "camera_to_world_matrix": [-0.607401, 0.546559, 0.576489, 1.16514, 0.794387, 0.414198, 0.444288, 7.0027, 0.00404907, 0.727816, -0.685761, 4.81696, 0.0, 0.0, 0.0, 1.0]}, "0674ebc36a2048828d0ce0dc80751886_d0_1.png": {"intrinsics": {"fx": 1072.54, "fy": 1073.61, "cx": 633.884, "cy": 515.364}, "camera_to_world_matrix": [0.384088, 0.629879, 0.675078, 1.16322, 0.923172, -0.249927, -0.292049, 7.01713, -0.0152353, 0.735385, -0.677479, 4.8168, 0.0, 0.0, 0.0, 1.0]}, "0674ebc36a2048828d0ce0dc80751886_d0_2.png": {"intrinsics": {"fx": 1072.54, "fy": 1073.61, "cx": 633.884, "cy": 515.364}, "camera_to_world_matrix": [0.991553, 0.096439, 0.0867414, 1.17475, 0.12882, -0.654005, -0.745442, 7.026, -0.0151605, 0.750319, -0.660903, 4.81647, 0.0, 0.0, 0.0, 1.0]}, "0674ebc36a2048828d0ce0dc80751886_d0_3.png": {"intrinsics": {"fx": 1072.54, "fy": 1073.61, "cx": 633.884, "cy": 515.364}, "camera_to_world_matrix": [0.607515, -0.520309, -0.600171, 1.1882, -0.794298, -0.393951, -0.462488, 7.02045, 0.00419873, 0.757683, -0.65261, 4.81631, 0.0, 0.0, 0.0, 1.0]}, "0674ebc36a2048828d0ce0dc80751886_d0_4.png": {"intrinsics": {"fx": 1072.54, "fy": 1073.61, "cx": 633.884, "cy": 515.364}, "camera_to_world_matrix": [-0.383979, -0.603603, -0.698731, 1.19012, -0.923044, 0.270177, 0.273853, 7.00602, 0.0234827, 0.750113, -0.660893, 4.81647, 0.0, 0.0, 0.0, 1.0]}, "0674ebc36a2048828d0ce0dc80751886_d0_5.png": {"intrinsics": {"fx": 1072.54, "fy": 1073.61, "cx": 633.884, "cy": 515.364}, "camera_to_world_matrix": [-0.991412, -0.0701473, -0.110377, 1.17859, -0.128669, 0.674235, 0.727223, 6.99715, 0.023407, 0.735179, -0.677469, 4.8168, 0.0, 0.0, 0.0, 1.0]}, "0674ebc36a2048828d0ce0dc80751886_d1_0.png": {"intrinsics": {"fx": 1075.5, "fy": 1075.82, "cx": 636.136, "cy": 514.209}, "camera_to_world_matrix": [-0.609594, 0.0255638, 0.792302, 1.17448, 0.792607, 0.00318388, 0.609726, 7.00989, 0.013064, 0.999669, -0.0222019, 4.84996, 0.0, 0.0, 0.0, 1.0]}, "0674ebc36a2048828d0ce0dc80751886_d1_1.png": {"intrinsics": {"fx": 1075.5, "fy": 1075.82, "cx": 636.136, "cy": 514.209}, "camera_to_world_matrix": [0.381424, 0.0125914, 0.924315, 1.17402, 0.92438, 0.00156786, -0.381471, 7.01336, -0.00625274, 0.99992, -0.0110402, 4.84992, 0.0, 0.0, 0.0, 1.0]}, "0674ebc36a2048828d0ce0dc80751886_d1_2.png": {"intrinsics": {"fx": 1075.5, "fy": 1075.82, "cx": 636.136, "cy": 514.209}, "camera_to_world_matrix": [0.99124, 0.00470321, 0.131995, 1.1768, 0.13193, 0.0119955, -0.991187, 7.0155, -0.00624537, 0.999918, 0.0112709, 4.84984, 0.0, 0.0, 0.0, 1.0]}, "0674ebc36a2048828d0ce0dc80751886_d1_3.png": {"intrinsics": {"fx": 1075.5, "fy": 1075.82, "cx": 636.136, "cy": 514.209}, "camera_to_world_matrix": [0.610026, 0.0097876, -0.792322, 1.18003, -0.792275, 0.0240388, -0.609692, 7.01416, 0.0130788, 0.999664, 0.0224198, 4.8498, 0.0, 0.0, 0.0, 1.0]}, "0674ebc36a2048828d0ce0dc80751886_d1_4.png": {"intrinsics": {"fx": 1075.5, "fy": 1075.82, "cx": 636.136, "cy": 514.209}, "camera_to_world_matrix": [-0.380997, 0.0227601, -0.924297, 1.18049, -0.92401, 0.0256543, 0.38151, 7.01069, 0.0323951, 0.999412, 0.0112573, 4.84984, 0.0, 0.0, 0.0, 1.0]}, "0674ebc36a2048828d0ce0dc80751886_d1_5.png": {"intrinsics": {"fx": 1075.5, "fy": 1075.82, "cx": 636.136, "cy": 514.209}, "camera_to_world_matrix": [-0.990783, 0.0306479, -0.131952, 1.17772, -0.131535, 0.0152264, 0.991195, 7.00856, 0.0323869, 0.999415, -0.0110538, 4.84992, 0.0, 0.0, 0.0, 1.0]}, "0674ebc36a2048828d0ce0dc80751886_d2_0.png": {"intrinsics": {"fx": 1077.24, "fy": 1077.47, "cx": 644.212, "cy": 519.392}, "camera_to_world_matrix": [-0.608828, -0.510069, 0.607583, 1.16632, 0.793227, -0.401765, 0.457572, 7.00361, 0.0107128, 0.760535, 0.649206, 4.88344, 0.0, 0.0, 0.0, 1.0]}, "0674ebc36a2048828d0ce0dc80751886_d2_1.png": {"intrinsics": {"fx": 1077.24, "fy": 1077.47, "cx": 644.212, "cy": 519.392}, "camera_to_world_matrix": [0.382351, -0.605257, 0.698191, 1.1644, 0.923975, 0.257467, -0.282803, 7.01803, -0.00859286, 0.753242, 0.657684, 4.88328, 0.0, 0.0, 0.0, 1.0]}, "0674ebc36a2048828d0ce0dc80751886_d2_2.png": {"intrinsics": {"fx": 1077.24, "fy": 1077.47, "cx": 644.212, "cy": 519.392}, "camera_to_world_matrix": [0.99136, -0.0819895, 0.102366, 1.17593, 0.130874, 0.66938, -0.731302, 7.0269, -0.00856231, 0.738382, 0.674326, 4.88296, 0.0, 0.0, 0.0, 1.0]}, "0674ebc36a2048828d0ce0dc80751886_d2_3.png": {"intrinsics": {"fx": 1077.24, "fy": 1077.47, "cx": 644.212, "cy": 519.392}, "camera_to_world_matrix": [0.609177, 0.536454, -0.584054, 1.18937, -0.792958, 0.422051, -0.439417, 7.02135, 0.0107739, 0.730814, 0.682489, 4.88279, 0.0, 0.0, 0.0, 1.0]}, "0674ebc36a2048828d0ce0dc80751886_d2_4.png": {"intrinsics": {"fx": 1077.24, "fy": 1077.47, "cx": 644.212, "cy": 519.392}, "camera_to_world_matrix": [-0.382007, 0.631616, -0.674633, 1.19129, -0.923668, -0.237186, 0.300961, 7.00693, 0.0300791, 0.738108, 0.674009, 4.88296, 0.0, 0.0, 0.0, 1.0]}, "0674ebc36a2048828d0ce0dc80751886_d2_5.png": {"intrinsics": {"fx": 1077.24, "fy": 1077.47, "cx": 644.212, "cy": 519.392}, "camera_to_world_matrix": [-0.990986, 0.108333, -0.0787906, 1.17977, -0.130542, -0.649078, 0.749437, 6.99806, 0.0300477, 0.752968, 0.657368, 4.88328, 0.0, 0.0, 0.0, 1.0]}, "08a9899f92e54a88b14ded82908ad7fa_d0_0.png": {"intrinsics": {"fx": 1072.54, "fy": 1073.61, "cx": 633.884, "cy": 515.364}, "camera_to_world_matrix": [-0.996817, -0.0440314, -0.0664675, 5.15634, -0.0790223, 0.656363, 0.750296, -4.80929, 0.01059, 0.75316, -0.657752, 4.73875, 0.0, 0.0, 0.0, 1.0]}, "08a9899f92e54a88b14ded82908ad7fa_d0_1.png": {"intrinsics": {"fx": 1072.54, "fy": 1073.61, "cx": 633.884, "cy": 515.364}, "camera_to_world_matrix": [-0.566671, 0.558906, 0.6054, 5.14318, 0.823684, 0.365765, 0.433316, -4.80307, 0.0207483, 0.744206, -0.667629, 4.73894, 0.0, 0.0, 0.0, 1.0]}, "08a9899f92e54a88b14ded82908ad7fa_d0_2.png": {"intrinsics": {"fx": 1072.54, "fy": 1073.61, "cx": 633.884, "cy": 515.364}, "camera_to_world_matrix": [0.430191, 0.60862, 0.666723, 5.14199, 0.902626, -0.30168, -0.307014, -4.78857, 0.0142818, 0.733875, -0.679135, 4.73917, 0.0, 0.0, 0.0, 1.0]}, "08a9899f92e54a88b14ded82908ad7fa_d0_3.png": {"intrinsics": {"fx": 1072.54, "fy": 1073.61, "cx": 633.884, "cy": 515.364}, "camera_to_world_matrix": [0.996884, 0.0553964, 0.0561757, 5.15396, 0.0788606, -0.678511, -0.730346, -4.78029, -0.00234281, 0.732499, -0.680764, 4.7392, 0.0, 0.0, 0.0, 1.0]}, "08a9899f92e54a88b14ded82908ad7fa_d0_4.png": {"intrinsics": {"fx": 1072.54, "fy": 1073.61, "cx": 633.884, "cy": 515.364}, "camera_to_world_matrix": [0.566702, -0.547529, -0.61568, 5.16711, -0.823829, -0.38789, -0.413339, -4.7865, -0.0125006, 0.741454, -0.670887, 4.739, 0.0, 0.0, 0.0, 1.0]}, "08a9899f92e54a88b14ded82908ad7fa_d0_5.png": {"intrinsics": {"fx": 1072.54, "fy": 1073.61, "cx": 633.884, "cy": 515.364}, "camera_to_world_matrix": [-0.430163, -0.597218, -0.676973, 5.1683, -0.902732, 0.279557, 0.326993, -4.801, -0.00603343, 0.751785, -0.659381, 4.73878, 0.0, 0.0, 0.0, 1.0]}, "08a9899f92e54a88b14ded82908ad7fa_d1_0.png": {"intrinsics": {"fx": 1075.5, "fy": 1075.82, "cx": 636.136, "cy": 514.209}, "camera_to_world_matrix": [-0.996429, 0.0207047, -0.0818665, 5.15569, -0.0821636, -0.0139391, 0.996522, -4.79877, 0.0194912, 0.999689, 0.0155915, 4.77216, 0.0, 0.0, 0.0, 1.0]}, "08a9899f92e54a88b14ded82908ad7fa_d1_1.png": {"intrinsics": {"fx": 1075.5, "fy": 1075.82, "cx": 636.136, "cy": 514.209}, "camera_to_world_matrix": [-0.569048, 0.0150188, 0.822168, 5.15252, 0.821769, -0.0257124, 0.569241, -4.79727, 0.029689, 0.999557, 0.00229063, 4.77221, 0.0, 0.0, 0.0, 1.0]}, "08a9899f92e54a88b14ded82908ad7fa_d1_2.png": {"intrinsics": {"fx": 1075.5, "fy": 1075.82, "cx": 636.136, "cy": 514.209}, "camera_to_world_matrix": [0.427494, 0.00197956, 0.904017, 5.15224, 0.90372, -0.0266764, -0.427295, -4.79379, 0.0232698, 0.999643, -0.0131919, 4.77226, 0.0, 0.0, 0.0, 1.0]}, "08a9899f92e54a88b14ded82908ad7fa_d1_3.png": {"intrinsics": {"fx": 1075.5, "fy": 1075.82, "cx": 636.136, "cy": 514.209}, "camera_to_world_matrix": [0.996633, -0.00537353, 0.0818293, 5.15512, 0.081735, -0.015867, -0.996528, -4.79179, 0.00665297, 0.99986, -0.0153733, 4.77227, 0.0, 0.0, 0.0, 1.0]}, "08a9899f92e54a88b14ded82908ad7fa_d1_4.png": {"intrinsics": {"fx": 1075.5, "fy": 1075.82, "cx": 636.136, "cy": 514.209}, "camera_to_world_matrix": [0.569216, 0.000312798, -0.822188, 5.15828, -0.822181, -0.00409386, -0.569213, -4.79329, -0.00354425, 0.999992, -0.0020721, 4.77223, 0.0, 0.0, 0.0, 1.0]}, "08a9899f92e54a88b14ded82908ad7fa_d1_5.png": {"intrinsics": {"fx": 1075.5, "fy": 1075.82, "cx": 636.136, "cy": 514.209}, "camera_to_world_matrix": [-0.427329, 0.0133521, -0.903998, 5.15857, -0.904093, -0.00313039, 0.427327, -4.79678, 0.00287555, 0.999906, 0.0134102, 4.77217, 0.0, 0.0, 0.0, 1.0]}, "08a9899f92e54a88b14ded82908ad7fa_d2_0.png": {"intrinsics": {"fx": 1077.24, "fy": 1077.47, "cx": 644.212, "cy": 519.392}, "camera_to_world_matrix": [-0.996556, 0.0675459, -0.048055, 5.15685, -0.0810971, -0.674262, 0.734026, -4.81028, 0.0171791, 0.735396, 0.677417, 4.80524, 0.0, 0.0, 0.0, 1.0]}, "08a9899f92e54a88b14ded82908ad7fa_d2_1.png": {"intrinsics": {"fx": 1077.24, "fy": 1077.47, "cx": 644.212, "cy": 519.392}, "camera_to_world_matrix": [-0.568227, -0.537727, 0.62287, 5.14369, 0.822415, -0.396288, 0.40815, -4.80406, 0.0273633, 0.744181, 0.667415, 4.80543, 0.0, 0.0, 0.0, 1.0]}, "08a9899f92e54a88b14ded82908ad7fa_d2_2.png": {"intrinsics": {"fx": 1077.24, "fy": 1077.47, "cx": 644.212, "cy": 519.392}, "camera_to_world_matrix": [0.428425, -0.599542, 0.676017, 5.1425, 0.903333, 0.266866, -0.335812, -4.78956, 0.0209279, 0.75454, 0.655917, 4.80566, 0.0, 0.0, 0.0, 1.0]}, "08a9899f92e54a88b14ded82908ad7fa_d2_3.png": {"intrinsics": {"fx": 1077.24, "fy": 1077.47, "cx": 644.212, "cy": 519.392}, "camera_to_world_matrix": [0.996724, -0.0560842, 0.0582377, 5.15447, 0.080738, 0.652031, -0.753881, -4.78128, 0.00430843, 0.756115, 0.654422, 4.80569, 0.0, 0.0, 0.0, 1.0]}, "08a9899f92e54a88b14ded82908ad7fa_d2_4.png": {"intrinsics": {"fx": 1077.24, "fy": 1077.47, "cx": 644.212, "cy": 519.392}, "camera_to_world_matrix": [0.568359, 0.549177, -0.612675, 5.16762, -0.822757, 0.374033, -0.427979, -4.7875, -0.00587524, 0.74733, 0.664424, 4.80549, 0.0, 0.0, 0.0, 1.0]}, "08a9899f92e54a88b14ded82908ad7fa_d2_5.png": {"intrinsics": {"fx": 1077.24, "fy": 1077.47, "cx": 644.212, "cy": 519.392}, "camera_to_world_matrix": [-0.428295, 0.610967, -0.665793, 5.16881, -0.903637, -0.289123, 0.315985, -4.80199, 0.000560796, 0.736971, 0.675922, 4.80527, 0.0, 0.0, 0.0, 1.0]}, "09c10c580a0e4b4cb4f6f9445c4509e0_d0_0.png": {"intrinsics": {"fx": 1072.54, "fy": 1073.61, "cx": 633.884, "cy": 515.364}, "camera_to_world_matrix": [-0.974233, 0.152925, 0.165786, 7.80512, 0.22554, 0.655282, 0.720929, -2.43751, 0.00161114, 0.739744, -0.672887, 1.04246, 0.0, 0.0, 0.0, 1.0]}, "09c10c580a0e4b4cb4f6f9445c4509e0_d0_1.png": {"intrinsics": {"fx": 1072.54, "fy": 1073.61, "cx": 633.884, "cy": 515.364}, "camera_to_world_matrix": [-0.291794, 0.640102, 0.710723, 7.79446, 0.956481, 0.196251, 0.215941, -2.42761, -0.001256, 0.742803, -0.669509, 1.04239, 0.0, 0.0, 0.0, 1.0]}, "09c10c580a0e4b4cb4f6f9445c4509e0_d0_2.png": {"intrinsics": {"fx": 1072.54, "fy": 1073.61, "cx": 633.884, "cy": 515.364}, "camera_to_world_matrix": [0.682441, 0.486142, 0.545841, 7.7977, 0.730941, -0.455168, -0.508477, -2.41343, 0.00125739, 0.745983, -0.665964, 1.04232, 0.0, 0.0, 0.0, 1.0]}, "09c10c580a0e4b4cb4f6f9445c4509e0_d0_3.png": {"intrinsics": {"fx": 1072.54, "fy": 1073.61, "cx": 633.884, "cy": 515.364}, "camera_to_world_matrix": [0.974213, -0.154993, -0.163974, 7.8116, -0.225535, -0.647541, -0.727892, -2.40914, 0.00663791, 0.746103, -0.665798, 1.04232, 0.0, 0.0, 0.0, 1.0]}, "09c10c580a0e4b4cb4f6f9445c4509e0_d0_4.png": {"intrinsics": {"fx": 1072.54, "fy": 1073.61, "cx": 633.884, "cy": 515.364}, "camera_to_world_matrix": [0.291745, -0.642152, -0.708892, 7.82227, -0.95645, -0.188491, -0.222883, -2.41904, 0.00950488, 0.743043, -0.669176, 1.04239, 0.0, 0.0, 0.0, 1.0]}, "09c10c580a0e4b4cb4f6f9445c4509e0_d0_5.png": {"intrinsics": {"fx": 1072.54, "fy": 1073.61, "cx": 633.884, "cy": 515.364}, "camera_to_world_matrix": [-0.682481, -0.488166, -0.543981, 7.81903, -0.730871, 0.462922, 0.501529, -2.43322, 0.00699132, 0.739864, -0.67272, 1.04246, 0.0, 0.0, 0.0, 1.0]}, "09c10c580a0e4b4cb4f6f9445c4509e0_d1_0.png": {"intrinsics": {"fx": 1075.5, "fy": 1075.82, "cx": 636.136, "cy": 514.209}, "camera_to_world_matrix": [-0.974848, 0.011348, 0.222584, 7.80754, 0.222622, 0.00219024, 0.974903, -2.42656, 0.0105754, 0.999934, -0.00466044, 1.07566, 0.0, 0.0, 0.0, 1.0]}, "09c10c580a0e4b4cb4f6f9445c4509e0_d1_1.png": {"intrinsics": {"fx": 1075.5, "fy": 1075.82, "cx": 636.136, "cy": 514.209}, "camera_to_world_matrix": [-0.294675, 0.00237513, 0.955595, 7.80497, 0.955568, -0.00732004, 0.294684, -2.42418, 0.00769463, 0.999971, -0.000111553, 1.07564, 0.0, 0.0, 0.0, 1.0]}, "09c10c580a0e4b4cb4f6f9445c4509e0_d1_2.png": {"intrinsics": {"fx": 1075.5, "fy": 1075.82, "cx": 636.136, "cy": 514.209}, "camera_to_world_matrix": [0.680162, -0.0103474, 0.73299, 7.80575, 0.732992, -0.00430449, -0.680225, -2.42077, 0.0101934, 0.999938, 0.00465785, 1.07562, 0.0, 0.0, 0.0, 1.0]}, "09c10c580a0e4b4cb4f6f9445c4509e0_d1_3.png": {"intrinsics": {"fx": 1075.5, "fy": 1075.82, "cx": 636.136, "cy": 514.209}, "camera_to_world_matrix": [0.974804, -0.0140969, -0.222622, 7.80909, -0.222524, 0.00822129, -0.974893, -2.41974, 0.0155729, 0.999867, 0.00487825, 1.07562, 0.0, 0.0, 0.0, 1.0]}, "09c10c580a0e4b4cb4f6f9445c4509e0_d1_4.png": {"intrinsics": {"fx": 1075.5, "fy": 1075.82, "cx": 636.136, "cy": 514.209}, "camera_to_world_matrix": [0.294601, -0.0051237, -0.955607, 7.81166, -0.955443, 0.0177312, -0.294646, -2.42212, 0.0184535, 0.99983, 0.000329254, 1.07564, 0.0, 0.0, 0.0, 1.0]}, "09c10c580a0e4b4cb4f6f9445c4509e0_d1_5.png": {"intrinsics": {"fx": 1075.5, "fy": 1075.82, "cx": 636.136, "cy": 514.209}, "camera_to_world_matrix": [-0.680227, 0.00759875, -0.732963, 7.81088, -0.732829, 0.0147152, 0.680255, -2.42553, 0.0159545, 0.999863, -0.00444005, 1.07566, 0.0, 0.0, 0.0, 1.0]}, "09c10c580a0e4b4cb4f6f9445c4509e0_d2_0.png": {"intrinsics": {"fx": 1077.24, "fy": 1077.47, "cx": 644.212, "cy": 519.392}, "camera_to_world_matrix": [-0.974638, -0.14214, 0.17284, 7.80503, 0.223627, -0.647092, 0.728877, -2.43716, 0.00824174, 0.749045, 0.662466, 1.10896, 0.0, 0.0, 0.0, 1.0]}, "09c10c580a0e4b4cb4f6f9445c4509e0_d2_1.png": {"intrinsics": {"fx": 1077.24, "fy": 1077.47, "cx": 644.212, "cy": 519.392}, "camera_to_world_matrix": [-0.293687, -0.635352, 0.714195, 7.79437, 0.955885, -0.199393, 0.215692, -2.42726, 0.00536564, 0.746036, 0.665882, 1.10889, 0.0, 0.0, 0.0, 1.0]}, "09c10c580a0e4b4cb4f6f9445c4509e0_d2_2.png": {"intrinsics": {"fx": 1077.24, "fy": 1077.47, "cx": 644.212, "cy": 519.392}, "camera_to_world_matrix": [0.680943, -0.494223, 0.540423, 7.79761, 0.732292, 0.451586, -0.509722, -2.41308, 0.00786949, 0.742841, 0.669419, 1.10882, 0.0, 0.0, 0.0, 1.0]}, "09c10c580a0e4b4cb4f6f9445c4509e0_d2_3.png": {"intrinsics": {"fx": 1077.24, "fy": 1077.47, "cx": 644.212, "cy": 519.392}, "camera_to_world_matrix": [0.9746, 0.140114, -0.1747, 7.81151, -0.223553, 0.654852, -0.721936, -2.40879, 0.0132493, 0.742655, 0.669541, 1.10882, 0.0, 0.0, 0.0, 1.0]}, "09c10c580a0e4b4cb4f6f9445c4509e0_d2_4.png": {"intrinsics": {"fx": 1077.24, "fy": 1077.47, "cx": 644.212, "cy": 519.392}, "camera_to_world_matrix": [0.29362, 0.633309, -0.716035, 7.82217, -0.955784, 0.207134, -0.20873, -2.41869, 0.0161252, 0.745663, 0.666125, 1.10889, 0.0, 0.0, 0.0, 1.0]}, "09c10c580a0e4b4cb4f6f9445c4509e0_d2_5.png": {"intrinsics": {"fx": 1077.24, "fy": 1077.47, "cx": 644.212, "cy": 519.392}, "camera_to_world_matrix": [-0.681001, 0.492155, -0.542234, 7.81893, -0.732153, -0.44384, 0.516678, -2.43287, 0.0136212, 0.748858, 0.662587, 1.10896, 0.0, 0.0, 0.0, 1.0]}, "09e4e508dfb542bb86651bf77d36a64e_d0_0.png": {"intrinsics": {"fx": 1072.54, "fy": 1073.61, "cx": 633.884, "cy": 515.364}, "camera_to_world_matrix": [0.617139, 0.524186, 0.586831, 7.33037, 0.786793, -0.420504, -0.451813, -4.41295, 0.00993047, 0.740545, -0.671934, 1.05387, 0.0, 0.0, 0.0, 1.0]}, "09e4e508dfb542bb86651bf77d36a64e_d0_1.png": {"intrinsics": {"fx": 1072.54, "fy": 1073.61, "cx": 633.884, "cy": 515.364}, "camera_to_world_matrix": [0.989991, -0.0980551, -0.101515, 7.34386, -0.141083, -0.667226, -0.731374, -4.40748, 0.00398107, 0.738374, -0.674379, 1.05391, 0.0, 0.0, 0.0, 1.0]}, "09e4e508dfb542bb86651bf77d36a64e_d0_2.png": {"intrinsics": {"fx": 1072.54, "fy": 1073.61, "cx": 633.884, "cy": 515.364}, "camera_to_world_matrix": [0.372827, -0.622845, -0.687798, 7.35533, -0.927901, -0.251713, -0.275033, -4.41643, -0.00182502, 0.740747, -0.671782, 1.05386, 0.0, 0.0, 0.0, 1.0]}, "09e4e508dfb542bb86651bf77d36a64e_d0_3.png": {"intrinsics": {"fx": 1072.54, "fy": 1073.61, "cx": 633.884, "cy": 515.364}, "camera_to_world_matrix": [-0.617176, -0.525382, -0.585721, 7.35332, -0.786825, 0.410511, 0.460858, -4.43084, -0.00168154, 0.745289, -0.666739, 1.05376, 0.0, 0.0, 0.0, 1.0]}, "09e4e508dfb542bb86651bf77d36a64e_d0_4.png": {"intrinsics": {"fx": 1072.54, "fy": 1073.61, "cx": 633.884, "cy": 515.364}, "camera_to_world_matrix": [-0.989992, 0.0968693, 0.102636, 7.33984, 0.141066, 0.657208, 0.740392, -4.4363, 0.00426799, 0.747459, -0.664294, 1.05372, 0.0, 0.0, 0.0, 1.0]}, "09e4e508dfb542bb86651bf77d36a64e_d0_5.png": {"intrinsics": {"fx": 1072.54, "fy": 1073.61, "cx": 633.884, "cy": 515.364}, "camera_to_world_matrix": [-0.372797, 0.621643, 0.688901, 7.32836, 0.927859, 0.241675, 0.284028, -4.42736, 0.010074, 0.745087, -0.666891, 1.05377, 0.0, 0.0, 0.0, 1.0]}, "09e4e508dfb542bb86651bf77d36a64e_d1_0.png": {"intrinsics": {"fx": 1075.5, "fy": 1075.82, "cx": 636.136, "cy": 514.209}, "camera_to_world_matrix": [0.614702, -0.00893824, 0.78871, 7.33906, 0.788535, -0.0169842, -0.614757, -4.41996, 0.0188902, 0.999816, -0.00339108, 1.08708, 0.0, 0.0, 0.0, 1.0]}, "09e4e508dfb542bb86651bf77d36a64e_d1_1.png": {"intrinsics": {"fx": 1075.5, "fy": 1075.82, "cx": 636.136, "cy": 514.209}, "camera_to_world_matrix": [0.99033, -0.0137498, -0.13806, 7.3423, -0.138138, -0.00482683, -0.990402, -4.41865, 0.0129511, 0.999894, -0.00667849, 1.08709, 0.0, 0.0, 0.0, 1.0]}, "09e4e508dfb542bb86651bf77d36a64e_d1_2.png": {"intrinsics": {"fx": 1075.5, "fy": 1075.82, "cx": 636.136, "cy": 514.209}, "camera_to_world_matrix": [0.375595, -0.00562659, -0.926768, 7.34506, -0.926758, 0.0054185, -0.375624, -4.4208, 0.00713488, 0.99997, -0.00317831, 1.08708, 0.0, 0.0, 0.0, 1.0]}, "09e4e508dfb542bb86651bf77d36a64e_d1_3.png": {"intrinsics": {"fx": 1075.5, "fy": 1075.82, "cx": 636.136, "cy": 514.209}, "camera_to_world_matrix": [-0.614754, 0.00730793, -0.788687, 7.34458, -0.788687, 0.00350622, 0.614786, -4.42427, 0.00725784, 0.999968, 0.00360922, 1.08705, 0.0, 0.0, 0.0, 1.0]}, "09e4e508dfb542bb86651bf77d36a64e_d1_4.png": {"intrinsics": {"fx": 1075.5, "fy": 1075.82, "cx": 636.136, "cy": 514.209}, "camera_to_world_matrix": [-0.990346, 0.012119, 0.138099, 7.34134, 0.138, -0.00865134, 0.990395, -4.42558, 0.013197, 0.99989, 0.0068964, 1.08704, 0.0, 0.0, 0.0, 1.0]}, "09e4e508dfb542bb86651bf77d36a64e_d1_5.png": {"intrinsics": {"fx": 1075.5, "fy": 1075.82, "cx": 636.136, "cy": 514.209}, "camera_to_world_matrix": [-0.37558, 0.00399539, 0.926782, 7.33858, 0.926596, -0.0188963, 0.375586, -4.42343, 0.0190131, 0.999814, 0.00339598, 1.08705, 0.0, 0.0, 0.0, 1.0]}, "09e4e508dfb542bb86651bf77d36a64e_d2_0.png": {"intrinsics": {"fx": 1077.24, "fy": 1077.47, "cx": 644.212, "cy": 519.392}, "camera_to_world_matrix": [0.615537, -0.53044, 0.582877, 7.33032, 0.787932, 0.398662, -0.469287, -4.41339, 0.0165581, 0.748132, 0.663341, 1.12036, 0.0, 0.0, 0.0, 1.0]}, "09e4e508dfb542bb86651bf77d36a64e_d2_1.png": {"intrinsics": {"fx": 1077.24, "fy": 1077.47, "cx": 644.212, "cy": 519.392}, "camera_to_world_matrix": [0.990212, 0.0840944, -0.111376, 7.3438, -0.139153, 0.655652, -0.742129, -4.40793, 0.0106155, 0.750365, 0.660936, 1.12041, 0.0, 0.0, 0.0, 1.0]}, "09e4e508dfb542bb86651bf77d36a64e_d2_2.png": {"intrinsics": {"fx": 1077.24, "fy": 1077.47, "cx": 644.212, "cy": 519.392}, "camera_to_world_matrix": [0.374645, 0.613924, -0.694794, 7.35528, -0.927154, 0.251949, -0.277314, -4.41687, 0.00480274, 0.748076, 0.663593, 1.12036, 0.0, 0.0, 0.0, 1.0]}, "09e4e508dfb542bb86651bf77d36a64e_d2_3.png": {"intrinsics": {"fx": 1077.24, "fy": 1077.47, "cx": 644.212, "cy": 519.392}, "camera_to_world_matrix": [-0.615585, 0.529208, -0.583945, 7.35327, -0.788053, -0.408736, 0.460333, -4.43128, 0.00493273, 0.743554, 0.668655, 1.12026, 0.0, 0.0, 0.0, 1.0]}, "09e4e508dfb542bb86651bf77d36a64e_d2_4.png": {"intrinsics": {"fx": 1077.24, "fy": 1077.47, "cx": 644.212, "cy": 519.392}, "camera_to_world_matrix": [-0.990224, -0.0853366, 0.110319, 7.33978, 0.139047, -0.665702, 0.733148, -4.43675, 0.0108755, 0.741321, 0.671059, 1.12022, 0.0, 0.0, 0.0, 1.0]}, "09e4e508dfb542bb86651bf77d36a64e_d2_5.png": {"intrinsics": {"fx": 1077.24, "fy": 1077.47, "cx": 644.212, "cy": 519.392}, "camera_to_world_matrix": [-0.374626, -0.615151, 0.693718, 7.32831, 0.927024, -0.261978, 0.26831, -4.4278, 0.0166881, 0.74361, 0.668402, 1.12027, 0.0, 0.0, 0.0, 1.0]}, "0a3c3886d45044949211b0d0f243b720_d0_0.png": {"intrinsics": {"fx": 1072.54, "fy": 1073.61, "cx": 633.884, "cy": 515.364}, "camera_to_world_matrix": [0.961588, -0.179023, -0.208091, 4.06763, -0.274497, -0.631436, -0.725219, 5.61671, -0.0015655, 0.754481, -0.656321, 1.0593, 0.0, 0.0, 0.0, 1.0]}, "0a3c3886d45044949211b0d0f243b720_d0_1.png": {"intrinsics": {"fx": 1072.54, "fy": 1073.61, "cx": 633.884, "cy": 515.364}, "camera_to_world_matrix": [0.243142, -0.642372, -0.726803, 4.07778, -0.969854, -0.148361, -0.193325, 5.60629, 0.0163571, 0.751897, -0.659078, 1.05935, 0.0, 0.0, 0.0, 1.0]}, "0a3c3886d45044949211b0d0f243b720_d0_2.png": {"intrinsics": {"fx": 1072.54, "fy": 1073.61, "cx": 633.884, "cy": 515.364}, "camera_to_world_matrix": [-0.718409, -0.45572, -0.525557, 4.07383, -0.695273, 0.494356, 0.521737, 5.59229, 0.0220461, 0.740225, -0.671998, 1.05961, 0.0, 0.0, 0.0, 1.0]}, "0a3c3886d45044949211b0d0f243b720_d0_3.png": {"intrinsics": {"fx": 1072.54, "fy": 1073.61, "cx": 633.884, "cy": 515.364}, "camera_to_world_matrix": [-0.961493, 0.194278, 0.194396, 4.05973, 0.274659, 0.653984, 0.70489, 5.58871, 0.00981242, 0.731138, -0.682159, 1.05981, 0.0, 0.0, 0.0, 1.0]}, "0a3c3886d45044949211b0d0f243b720_d0_4.png": {"intrinsics": {"fx": 1072.54, "fy": 1073.61, "cx": 633.884, "cy": 515.364}, "camera_to_world_matrix": [-0.243019, 0.657609, 0.713088, 4.04958, 0.969989, 0.170891, 0.172976, 5.59913, -0.00811005, 0.733722, -0.679401, 1.05975, 0.0, 0.0, 0.0, 1.0]}, "0a3c3886d45044949211b0d0f243b720_d0_5.png": {"intrinsics": {"fx": 1072.54, "fy": 1073.61, "cx": 633.884, "cy": 515.364}, "camera_to_world_matrix": [0.718521, 0.470931, 0.511814, 4.05353, 0.69537, -0.471819, -0.542079, 5.61313, -0.0137984, 0.745394, -0.666481, 1.0595, 0.0, 0.0, 0.0, 1.0]}, "0a3c3886d45044949211b0d0f243b720_d1_0.png": {"intrinsics": {"fx": 1075.5, "fy": 1075.82, "cx": 636.136, "cy": 514.209}, "camera_to_world_matrix": [0.962431, -0.00230393, -0.27152, 4.06497, -0.271431, 0.018834, -0.962274, 5.60658, 0.00733055, 0.99982, 0.0175021, 1.09274, 0.0, 0.0, 0.0, 1.0]}, "0a3c3886d45044949211b0d0f243b720_d1_1.png": {"intrinsics": {"fx": 1075.5, "fy": 1075.82, "cx": 636.136, "cy": 514.209}, "camera_to_world_matrix": [0.246147, 0.00713724, -0.969207, 4.06741, -0.968904, 0.0278766, -0.245865, 5.60408, 0.0252631, 0.999586, 0.013778, 1.09275, 0.0, 0.0, 0.0, 1.0]}, "0a3c3886d45044949211b0d0f243b720_d1_2.png": {"intrinsics": {"fx": 1075.5, "fy": 1075.82, "cx": 636.136, "cy": 514.209}, "camera_to_world_matrix": [-0.716156, 0.0196906, -0.697664, 4.06646, -0.697253, 0.0242207, 0.716417, 5.60071, 0.0310043, 0.999513, -0.00361542, 1.09281, 0.0, 0.0, 0.0, 1.0]}, "0a3c3886d45044949211b0d0f243b720_d1_3.png": {"intrinsics": {"fx": 1075.5, "fy": 1075.82, "cx": 636.136, "cy": 514.209}, "camera_to_world_matrix": [-0.962153, 0.0228026, 0.27156, 4.06307, 0.271865, 0.0115223, 0.962267, 5.59985, 0.0188129, 0.999674, -0.0172844, 1.09286, 0.0, 0.0, 0.0, 1.0]}, "0a3c3886d45044949211b0d0f243b720_d1_4.png": {"intrinsics": {"fx": 1075.5, "fy": 1075.82, "cx": 636.136, "cy": 514.209}, "camera_to_world_matrix": [-0.245841, 0.013361, 0.969219, 4.06063, 0.969311, 0.00248015, 0.24583, 5.60235, 0.000880445, 0.999908, -0.0135597, 1.09285, 0.0, 0.0, 0.0, 1.0]}, "0a3c3886d45044949211b0d0f243b720_d1_5.png": {"intrinsics": {"fx": 1075.5, "fy": 1075.82, "cx": 636.136, "cy": 514.209}, "camera_to_world_matrix": [0.716451, 0.000807785, 0.697638, 4.06158, 0.697622, 0.00613653, -0.716441, 5.60572, -0.00486009, 0.999981, 0.003834, 1.09278, 0.0, 0.0, 0.0, 1.0]}, "0a3c3886d45044949211b0d0f243b720_d2_0.png": {"intrinsics": {"fx": 1077.24, "fy": 1077.47, "cx": 644.212, "cy": 519.392}, "camera_to_world_matrix": [0.962149, 0.181446, -0.203331, 4.06831, -0.272471, 0.654246, -0.705493, 5.61772, 0.00502021, 0.734192, 0.67892, 1.12579, 0.0, 0.0, 0.0, 1.0]}, "0a3c3886d45044949211b0d0f243b720_d2_1.png": {"intrinsics": {"fx": 1077.24, "fy": 1077.47, "cx": 644.212, "cy": 519.392}, "camera_to_world_matrix": [0.245124, 0.651395, -0.718052, 4.07846, -0.969218, 0.182182, -0.165595, 5.6073, 0.0229493, 0.736541, 0.676, 1.12584, 0.0, 0.0, 0.0, 1.0]}, "0a3c3886d45044949211b0d0f243b720_d2_2.png": {"intrinsics": {"fx": 1077.24, "fy": 1077.47, "cx": 644.212, "cy": 519.392}, "camera_to_world_matrix": [-0.716921, 0.477579, -0.507877, 4.07451, -0.696562, -0.460746, 0.550012, 5.5933, 0.0286727, 0.748084, 0.662981, 1.1261, 0.0, 0.0, 0.0, 1.0]}, "0a3c3886d45044949211b0d0f243b720_d2_3.png": {"intrinsics": {"fx": 1077.24, "fy": 1077.47, "cx": 644.212, "cy": 519.392}, "camera_to_world_matrix": [-0.961918, -0.166181, 0.217013, 4.06041, 0.272835, -0.631595, 0.725705, 5.58972, 0.0164667, 0.757278, 0.652882, 1.12629, 0.0, 0.0, 0.0, 1.0]}, "0a3c3886d45044949211b0d0f243b720_d2_4.png": {"intrinsics": {"fx": 1077.24, "fy": 1077.47, "cx": 644.212, "cy": 519.392}, "camera_to_world_matrix": [-0.244865, -0.636111, 0.731713, 4.05026, 0.969554, -0.159513, 0.185786, 5.60014, -0.00146229, 0.754929, 0.655802, 1.12624, 0.0, 0.0, 0.0, 1.0]}, "0a3c3886d45044949211b0d0f243b720_d2_5.png": {"intrinsics": {"fx": 1077.24, "fy": 1077.47, "cx": 644.212, "cy": 519.392}, "camera_to_world_matrix": [0.717168, -0.462271, 0.52151, 4.05421, 0.69686, 0.483408, -0.529813, 5.61414, -0.00718491, 0.743385, 0.668822, 1.12599, 0.0, 0.0, 0.0, 1.0]}, "0a615b9369b74696b3babe84de5d7a8a_d0_0.png": {"intrinsics": {"fx": 1072.54, "fy": 1073.61, "cx": 633.884, "cy": 515.364}, "camera_to_world_matrix": [0.196551, 0.657664, 0.727219, 19.8343, 0.980494, -0.131185, -0.146368, -4.63677, -0.000860443, 0.741802, -0.670619, 0.586033, 0.0, 0.0, 0.0, 1.0]}, "0a615b9369b74696b3babe84de5d7a8a_d0_1.png": {"intrinsics": {"fx": 1072.54, "fy": 1073.61, "cx": 633.884, "cy": 515.364}, "camera_to_world_matrix": [0.94741, 0.213273, 0.238603, 19.8439, 0.320026, -0.63175, -0.706029, -4.62582, 0.000160696, 0.745257, -0.666777, 0.585957, 0.0, 0.0, 0.0, 1.0]}, "0a615b9369b74696b3babe84de5d7a8a_d0_2.png": {"intrinsics": {"fx": 1072.54, "fy": 1073.61, "cx": 633.884, "cy": 515.364}, "camera_to_world_matrix": [0.750848, -0.44243, -0.490392, 19.8581, -0.660456, -0.497167, -0.562693, -4.62863, 0.00514565, 0.746379, -0.665502, 0.585932, 0.0, 0.0, 0.0, 1.0]}, "0a615b9369b74696b3babe84de5d7a8a_d0_3.png": {"intrinsics": {"fx": 1072.54, "fy": 1073.61, "cx": 633.884, "cy": 515.364}, "camera_to_world_matrix": [-0.196568, -0.653728, -0.730755, 19.8628, -0.980449, 0.137977, 0.1403, -4.6424, 0.00910938, 0.744046, -0.668067, 0.585983, 0.0, 0.0, 0.0, 1.0]}, "0a615b9369b74696b3babe84de5d7a8a_d0_4.png": {"intrinsics": {"fx": 1072.54, "fy": 1073.61, "cx": 633.884, "cy": 515.364}, "camera_to_world_matrix": [-0.9474, -0.209317, -0.242117, 19.8533, -0.319952, 0.638525, 0.699942, -4.65336, 0.00808804, 0.74059, -0.671908, 0.586058, 0.0, 0.0, 0.0, 1.0]}, "0a615b9369b74696b3babe84de5d7a8a_d0_5.png": {"intrinsics": {"fx": 1072.54, "fy": 1073.61, "cx": 633.884, "cy": 515.364}, "camera_to_world_matrix": [-0.7508, 0.446381, 0.486872, 19.839, 0.660523, 0.503916, 0.556578, -4.65054, 0.00310305, 0.739469, -0.673184, 0.586083, 0.0, 0.0, 0.0, 1.0]}, "0a615b9369b74696b3babe84de5d7a8a_d1_0.png": {"intrinsics": {"fx": 1075.5, "fy": 1075.82, "cx": 636.136, "cy": 514.209}, "camera_to_world_matrix": [0.193594, 8.6138e-06, 0.981082, 19.8452, 0.981049, -0.00825279, -0.193587, -4.63876, 0.00809471, 0.999966, -0.00160512, 0.619263, 0.0, 0.0, 0.0, 1.0]}, "0a615b9369b74696b3babe84de5d7a8a_d1_1.png": {"intrinsics": {"fx": 1075.5, "fy": 1075.82, "cx": 636.136, "cy": 514.209}, "camera_to_world_matrix": [0.946388, -0.00976359, 0.322887, 19.8475, 0.322906, 0.000434114, -0.946432, -4.63612, 0.00910012, 0.999953, 0.00356457, 0.619245, 0.0, 0.0, 0.0, 1.0]}, "0a615b9369b74696b3babe84de5d7a8a_d1_2.png": {"intrinsics": {"fx": 1075.5, "fy": 1075.82, "cx": 636.136, "cy": 514.209}, "camera_to_world_matrix": [0.752808, -0.0071265, -0.658203, 19.851, -0.658091, 0.0132404, -0.752823, -4.6368, 0.0140795, 0.999887, 0.00527857, 0.619239, 0.0, 0.0, 0.0, 1.0]}, "0a615b9369b74696b3babe84de5d7a8a_d1_3.png": {"intrinsics": {"fx": 1075.5, "fy": 1075.82, "cx": 636.136, "cy": 514.209}, "camera_to_world_matrix": [-0.193563, 0.00528274, -0.981074, 19.8521, -0.980923, 0.0173594, 0.193626, -4.64011, 0.0180535, 0.999836, 0.00182