{"0387739d97b34c12bb30593672a0b4ef_d0_0.png": {"intrinsics": {"fx": 1074.25, "fy": 1074.57, "cx": 629.834, "cy": 517.849}, "camera_to_world_matrix": [-0.502029, -0.577325, -0.643942, 9.24936, -0.864656, 0.319303, 0.387831, 20.6589, -0.0182919, 0.751492, -0.659488, 1.59824, 0.0, 0.0, 0.0, 1.0]}, "0387739d97b34c12bb30593672a0b4ef_d0_1.png": {"intrinsics": {"fx": 1074.25, "fy": 1074.57, "cx": 629.834, "cy": 517.849}, "camera_to_world_matrix": [-0.999982, -0.00250025, 0.0052535, 9.2368, 0.00242249, 0.642037, 0.766669, 20.6515, -0.00528956, 0.766668, -0.642021, 1.5979, 0.0, 0.0, 0.0, 1.0]}, "0387739d97b34c12bb30593672a0b4ef_d0_2.png": {"intrinsics": {"fx": 1074.25, "fy": 1074.57, "cx": 629.834, "cy": 517.849}, "camera_to_world_matrix": [-0.498043, 0.564605, 0.658159, 9.22416, 0.866891, 0.305581, 0.393851, 20.6588, 0.0212499, 0.766707, -0.641645, 1.5979, 0.0, 0.0, 0.0, 1.0]}, "0387739d97b34c12bb30593672a0b4ef_d0_3.png": {"intrinsics": {"fx": 1074.25, "fy": 1074.57, "cx": 629.834, "cy": 517.849}, "camera_to_world_matrix": [0.501838, 0.556873, 0.661853, 9.2241, 0.864261, -0.353602, -0.357795, 20.6733, 0.0347865, 0.751569, -0.658736, 1.59823, 0.0, 0.0, 0.0, 1.0]}, "0387739d97b34c12bb30593672a0b4ef_d0_4.png": {"intrinsics": {"fx": 1074.25, "fy": 1074.57, "cx": 629.834, "cy": 517.849}, "camera_to_world_matrix": [0.999758, -0.0179644, 0.0126426, 9.23667, -0.00283771, -0.676314, -0.736607, 20.6806, 0.0217833, 0.736393, -0.676202, 1.59857, 0.0, 0.0, 0.0, 1.0]}, "0387739d97b34c12bb30593672a0b4ef_d0_5.png": {"intrinsics": {"fx": 1074.25, "fy": 1074.57, "cx": 629.834, "cy": 517.849}, "camera_to_world_matrix": [0.497785, -0.585056, -0.640248, 9.2493, -0.867286, -0.339835, -0.363764, 20.6734, -0.00475622, 0.736355, -0.676578, 1.59857, 0.0, 0.0, 0.0, 1.0]}, "0387739d97b34c12bb30593672a0b4ef_d1_0.png": {"intrinsics": {"fx": 1075.11, "fy": 1075.83, "cx": 629.739, "cy": 522.296}, "camera_to_world_matrix": [-0.49622, -0.0128119, -0.868102, 9.23932, -0.867927, -0.0175999, 0.496379, 20.6636, -0.021638, 0.999763, -0.0023866, 1.63148, 0.0, 0.0, 0.0, 1.0]}, "0387739d97b34c12bb30593672a0b4ef_d1_1.png": {"intrinsics": {"fx": 1075.11, "fy": 1075.83, "cx": 629.739, "cy": 522.296}, "camera_to_world_matrix": [-0.999953, -0.00870115, -0.00434669, 9.2363, -0.00416425, -0.0208762, 0.999773, 20.6618, -0.00878985, 0.999744, 0.0208387, 1.63139, 0.0, 0.0, 0.0, 1.0]}, "0387739d97b34c12bb30593672a0b4ef_d1_2.png": {"intrinsics": {"fx": 1075.11, "fy": 1075.83, "cx": 629.739, "cy": 522.296}, "camera_to_world_matrix": [-0.503777, -0.00948261, 0.863782, 9.23326, 0.863651, -0.0260728, 0.503415, 20.6636, 0.0177476, 0.999615, 0.0213243, 1.63139, 0.0, 0.0, 0.0, 1.0]}, "0387739d97b34c12bb30593672a0b4ef_d1_3.png": {"intrinsics": {"fx": 1075.11, "fy": 1075.83, "cx": 629.739, "cy": 522.296}, "camera_to_world_matrix": [0.49612, -0.0143748, 0.868135, 9.23324, 0.867684, -0.0279931, -0.496327, 20.6671, 0.0314364, 0.999505, -0.00141539, 1.63147, 0.0, 0.0, 0.0, 1.0]}, "0387739d97b34c12bb30593672a0b4ef_d1_4.png": {"intrinsics": {"fx": 1075.11, "fy": 1075.83, "cx": 629.739, "cy": 522.296}, "camera_to_world_matrix": [0.99982, -0.0184854, 0.00435934, 9.23627, 0.00390172, -0.0247166, -0.999687, 20.6688, 0.0185874, 0.999523, -0.0246402, 1.63155, 0.0, 0.0, 0.0, 1.0]}, "0387739d97b34c12bb30593672a0b4ef_d1_5.png": {"intrinsics": {"fx": 1075.11, "fy": 1075.83, "cx": 629.739, "cy": 522.296}, "camera_to_world_matrix": [0.50361, -0.0177037, -0.86375, 9.2393, -0.863895, -0.01952, -0.503294, 20.6671, -0.00795011, 0.999653, -0.0251248, 1.63156, 0.0, 0.0, 0.0, 1.0]}, "0387739d97b34c12bb30593672a0b4ef_d2_0.png": {"intrinsics": {"fx": 1070.12, "fy": 1069.92, "cx": 632.996, "cy": 513.001}, "camera_to_world_matrix": [-0.487478, 0.575226, -0.656871, 9.24846, -0.873035, -0.332542, 0.356689, 20.6574, -0.01326, 0.747349, 0.664299, 1.66472, 0.0, 0.0, 0.0, 1.0]}, "0387739d97b34c12bb30593672a0b4ef_d2_1.png": {"intrinsics": {"fx": 1070.12, "fy": 1069.92, "cx": 632.996, "cy": 513.001}, "camera_to_world_matrix": [-0.999895, 0.00939502, -0.0110366, 9.23589, -0.0144793, -0.681567, 0.731613, 20.65, -0.000648722, 0.731696, 0.681631, 1.66438, 0.0, 0.0, 0.0, 1.0]}, "0387739d97b34c12bb30593672a0b4ef_d2_2.png": {"intrinsics": {"fx": 1070.12, "fy": 1069.92, "cx": 632.996, "cy": 513.001}, "camera_to_world_matrix": [-0.512575, -0.575984, 0.636797, 9.22326, 0.858253, -0.366036, 0.35975, 20.6573, 0.0258805, 0.730931, 0.681961, 1.66437, 0.0, 0.0, 0.0, 1.0]}, "0387739d97b34c12bb30593672a0b4ef_d2_3.png": {"intrinsics": {"fx": 1070.12, "fy": 1069.92, "cx": 632.996, "cy": 513.001}, "camera_to_world_matrix": [0.487152, -0.595518, 0.638781, 9.2232, 0.87241, 0.298513, -0.387028, 20.6718, 0.0397978, 0.74582, 0.664957, 1.66471, 0.0, 0.0, 0.0, 1.0]}, "0387739d97b34c12bb30593672a0b4ef_d2_4.png": {"intrinsics": {"fx": 1070.12, "fy": 1069.92, "cx": 632.996, "cy": 513.001}, "camera_to_world_matrix": [0.999535, -0.0296734, -0.00706809, 9.23577, 0.0138352, 0.647516, -0.761926, 20.6791, 0.0271856, 0.761474, 0.647625, 1.66504, 0.0, 0.0, 0.0, 1.0]}, "0387739d97b34c12bb30593672a0b4ef_d2_5.png": {"intrinsics": {"fx": 1070.12, "fy": 1069.92, "cx": 632.996, "cy": 513.001}, "camera_to_world_matrix": [0.51218, 0.555693, -0.654887, 9.2484, -0.858878, 0.331962, -0.390038, 20.6719, 0.000656398, 0.762238, 0.647297, 1.66505, 0.0, 0.0, 0.0, 1.0]}, "04d33e2bf9e543ff8a37c980d4b01249_d0_0.png": {"intrinsics": {"fx": 1074.25, "fy": 1074.57, "cx": 629.834, "cy": 517.849}, "camera_to_world_matrix": [0.975612, -0.154123, -0.156285, -8.94212, -0.219158, -0.644409, -0.732602, -3.46116, 0.0122002, 0.748987, -0.662472, 1.53807, 0.0, 0.0, 0.0, 1.0]}, "04d33e2bf9e543ff8a37c980d4b01249_d0_1.png": {"intrinsics": {"fx": 1074.25, "fy": 1074.57, "cx": 629.834, "cy": 517.849}, "camera_to_world_matrix": [0.298015, -0.634825, -0.712869, -8.93135, -0.954537, -0.193037, -0.227141, -3.47095, 0.00658473, 0.748152, -0.663494, 1.53809, 0.0, 0.0, 0.0, 1.0]}, "04d33e2bf9e543ff8a37c980d4b01249_d0_2.png": {"intrinsics": {"fx": 1074.25, "fy": 1074.57, "cx": 629.834, "cy": 517.849}, "camera_to_world_matrix": [-0.677643, -0.484278, -0.55342, -8.93445, -0.735385, 0.448943, 0.5076, -3.48516, 0.00263458, 0.750949, -0.660355, 1.53803, 0.0, 0.0, 0.0, 1.0]}, "04d33e2bf9e543ff8a37c980d4b01249_d0_3.png": {"intrinsics": {"fx": 1074.25, "fy": 1074.57, "cx": 629.834, "cy": 517.849}, "camera_to_world_matrix": [-0.975682, 0.146968, 0.162611, -8.94831, 0.219142, 0.639537, 0.736863, -3.48959, 0.00430005, 0.75458, -0.656194, 1.53795, 0.0, 0.0, 0.0, 1.0]}, "04d33e2bf9e543ff8a37c980d4b01249_d0_4.png": {"intrinsics": {"fx": 1074.25, "fy": 1074.57, "cx": 629.834, "cy": 517.849}, "camera_to_world_matrix": [-0.298057, 0.627652, 0.719175, -8.95907, 0.954496, 0.188147, 0.23138, -3.4798, 0.00991568, 0.755415, -0.655172, 1.53793, 0.0, 0.0, 0.0, 1.0]}, "04d33e2bf9e543ff8a37c980d4b01249_d0_5.png": {"intrinsics": {"fx": 1074.25, "fy": 1074.57, "cx": 629.834, "cy": 517.849}, "camera_to_world_matrix": [0.677593, 0.47708, 0.559697, -8.95598, 0.735305, -0.453827, -0.503355, -3.46559, 0.0138656, 0.752618, -0.658311, 1.53799, 0.0, 0.0, 0.0, 1.0]}, "04d33e2bf9e543ff8a37c980d4b01249_d1_0.png": {"intrinsics": {"fx": 1075.11, "fy": 1075.83, "cx": 629.739, "cy": 522.296}, "camera_to_world_matrix": [0.977089, -0.00996831, -0.212596, -8.94463, -0.212644, -0.00405125, -0.977121, -3.47206, 0.00887905, 0.999942, -0.00607836, 1.57127, 0.0, 0.0, 0.0, 1.0]}, "04d33e2bf9e543ff8a37c980d4b01249_d1_1.png": {"intrinsics": {"fx": 1075.11, "fy": 1075.83, "cx": 629.739, "cy": 522.296}, "camera_to_world_matrix": [0.304393, -0.00807802, -0.952512, -8.94204, -0.952541, 0.000853727, -0.30441, -3.47442, 0.00327229, 0.999967, -0.007435, 1.57128, 0.0, 0.0, 0.0, 1.0]}, "04d33e2bf9e543ff8a37c980d4b01249_d1_2.png": {"intrinsics": {"fx": 1075.11, "fy": 1075.83, "cx": 629.739, "cy": 522.296}, "camera_to_world_matrix": [-0.672726, -0.00288503, -0.739886, -8.94278, -0.739891, 0.00166903, 0.672725, -3.47784, -0.000705858, 0.999994, -0.00325763, 1.57126, 0.0, 0.0, 0.0, 1.0]}, "04d33e2bf9e543ff8a37c980d4b01249_d1_3.png": {"intrinsics": {"fx": 1075.11, "fy": 1075.83, "cx": 629.739, "cy": 522.296}, "camera_to_world_matrix": [-0.977128, 0.000417558, 0.212652, -8.94612, 0.21265, -0.00242066, 0.977125, -3.4789, 0.000922843, 0.999997, 0.00227628, 1.57124, 0.0, 0.0, 0.0, 1.0]}, "04d33e2bf9e543ff8a37c980d4b01249_d1_4.png": {"intrinsics": {"fx": 1075.11, "fy": 1075.83, "cx": 629.739, "cy": 522.296}, "camera_to_world_matrix": [-0.304403, -0.00147293, 0.952542, -8.94871, 0.952521, -0.00732557, 0.304385, -3.47655, 0.00652966, 0.999972, 0.0036327, 1.57124, 0.0, 0.0, 0.0, 1.0]}, "04d33e2bf9e543ff8a37c980d4b01249_d1_5.png": {"intrinsics": {"fx": 1075.11, "fy": 1075.83, "cx": 629.739, "cy": 522.296}, "camera_to_world_matrix": [0.672708, -0.00666595, 0.739878, -8.94796, 0.739833, -0.00814067, -0.672741, -3.47313, 0.0105076, 0.999945, -0.000544828, 1.57125, 0.0, 0.0, 0.0, 1.0]}, "04d33e2bf9e543ff8a37c980d4b01249_d2_0.png": {"intrinsics": {"fx": 1070.12, "fy": 1069.92, "cx": 632.996, "cy": 513.001}, "camera_to_world_matrix": [0.979078, 0.121509, -0.163222, -8.94244, -0.202748, 0.650705, -0.731763, -3.46137, 0.0172933, 0.749546, 0.661727, 1.60457, 0.0, 0.0, 0.0, 1.0]}, "04d33e2bf9e543ff8a37c980d4b01249_d2_1.png": {"intrinsics": {"fx": 1070.12, "fy": 1069.92, "cx": 632.996, "cy": 513.001}, "camera_to_world_matrix": [0.313961, 0.624592, -0.715062, -8.93167, -0.949364, 0.215808, -0.228332, -3.47116, 0.011701, 0.750541, 0.66072, 1.60459, 0.0, 0.0, 0.0, 1.0]}, "04d33e2bf9e543ff8a37c980d4b01249_d2_2.png": {"intrinsics": {"fx": 1070.12, "fy": 1069.92, "cx": 632.996, "cy": 513.001}, "camera_to_world_matrix": [-0.665187, 0.499502, -0.554999, -8.93477, -0.746637, -0.437319, 0.501284, -3.48538, 0.00768107, 0.74783, 0.663846, 1.60453, 0.0, 0.0, 0.0, 1.0]}, "04d33e2bf9e543ff8a37c980d4b01249_d2_3.png": {"intrinsics": {"fx": 1070.12, "fy": 1069.92, "cx": 632.996, "cy": 513.001}, "camera_to_world_matrix": [-0.979197, -0.128668, 0.1569, -8.94863, 0.202701, -0.655533, 0.727454, -3.48981, 0.0092535, 0.744124, 0.667977, 1.60445, 0.0, 0.0, 0.0, 1.0]}, "04d33e2bf9e543ff8a37c980d4b01249_d2_4.png": {"intrinsics": {"fx": 1070.12, "fy": 1069.92, "cx": 632.996, "cy": 513.001}, "camera_to_world_matrix": [-0.314051, -0.631734, 0.708721, -8.95939, 0.94929, -0.220616, 0.224002, -3.48002, 0.0148459, 0.743129, 0.668983, 1.60443, 0.0, 0.0, 0.0, 1.0]}, "04d33e2bf9e543ff8a37c980d4b01249_d2_5.png": {"intrinsics": {"fx": 1070.12, "fy": 1069.92, "cx": 632.996, "cy": 513.001}, "camera_to_world_matrix": [0.66509, -0.506618, 0.548629, -8.9563, 0.746525, 0.432505, -0.505609, -3.4658, 0.0188657, 0.74584, 0.665858, 1.60449, 0.0, 0.0, 0.0, 1.0]}, "05c5f3286f8a433ba542fa13ab0a8c7b_d0_0.png": {"intrinsics": {"fx": 1074.25, "fy": 1074.57, "cx": 629.834, "cy": 517.849}, "camera_to_world_matrix": [0.551843, -0.563569, -0.6147, 4.75321, -0.833703, -0.354994, -0.422986, 19.1531, 0.0201675, 0.7459, -0.665752, 1.50433, 0.0, 0.0, 0.0, 1.0]}, "05c5f3286f8a433ba542fa13ab0a8c7b_d0_1.png": {"intrinsics": {"fx": 1074.25, "fy": 1074.57, "cx": 629.834, "cy": 517.849}, "camera_to_world_matrix": [-0.446166, -0.597698, -0.666102, 4.7542, -0.894924, 0.303513, 0.327091, 19.1386, 0.00666958, 0.742048, -0.670313, 1.50442, 0.0, 0.0, 0.0, 1.0]}, "05c5f3286f8a433ba542fa13ab0a8c7b_d0_2.png": {"intrinsics": {"fx": 1074.25, "fy": 1074.57, "cx": 629.834, "cy": 517.849}, "camera_to_world_matrix": [-0.998113, -0.0445186, -0.0422621, 4.74212, -0.0611593, 0.662358, 0.746686, 19.1305, -0.00524857, 0.747862, -0.663833, 1.5043, 0.0, 0.0, 0.0, 1.0]}, "05c5f3286f8a433ba542fa13ab0a8c7b_d0_3.png": {"intrinsics": {"fx": 1074.25, "fy": 1074.57, "cx": 629.834, "cy": 517.849}, "camera_to_world_matrix": [-0.552039, 0.542776, 0.632965, 4.72906, 0.833809, 0.362689, 0.416194, 19.1369, -0.00366853, 0.757528, -0.652792, 1.50408, 0.0, 0.0, 0.0, 1.0]}, "05c5f3286f8a433ba542fa13ab0a8c7b_d0_4.png": {"intrinsics": {"fx": 1074.25, "fy": 1074.57, "cx": 629.834, "cy": 517.849}, "camera_to_world_matrix": [0.445972, 0.576879, 0.684337, 4.72807, 0.894992, -0.29582, -0.333884, 19.1514, 0.00982966, 0.76138, -0.648231, 1.50399, 0.0, 0.0, 0.0, 1.0]}, "05c5f3286f8a433ba542fa13ab0a8c7b_d0_5.png": {"intrinsics": {"fx": 1074.25, "fy": 1074.57, "cx": 629.834, "cy": 517.849}, "camera_to_world_matrix": [0.997887, 0.0236858, 0.0604809, 4.74015, 0.0612048, -0.654643, -0.753455, 19.1595, 0.0217474, 0.755566, -0.654711, 1.50412, 0.0, 0.0, 0.0, 1.0]}, "05c5f3286f8a433ba542fa13ab0a8c7b_d1_0.png": {"intrinsics": {"fx": 1075.11, "fy": 1075.83, "cx": 629.739, "cy": 522.296}, "camera_to_world_matrix": [0.557447, -0.0181482, -0.830014, 4.74358, -0.830041, 0.00813998, -0.557643, 19.1471, 0.0168766, 0.999802, -0.0105264, 1.53748, 0.0, 0.0, 0.0, 1.0]}, "05c5f3286f8a433ba542fa13ab0a8c7b_d1_1.png": {"intrinsics": {"fx": 1075.11, "fy": 1075.83, "cx": 629.739, "cy": 522.296}, "camera_to_world_matrix": [-0.440155, -0.0133879, -0.897822, 4.74382, -0.897915, 0.0103692, 0.440047, 19.1436, 0.00341845, 0.999857, -0.0165855, 1.53751, 0.0, 0.0, 0.0, 1.0]}, "05c5f3286f8a433ba542fa13ab0a8c7b_d1_2.png": {"intrinsics": {"fx": 1075.11, "fy": 1075.83, "cx": 629.739, "cy": 522.296}, "camera_to_world_matrix": [-0.99766, -0.00907772, -0.0677611, 4.74091, -0.0678288, 0.007361, 0.99767, 19.1417, -0.00855771, 0.999932, -0.00795973, 1.53747, 0.0, 0.0, 0.0, 1.0]}, "05c5f3286f8a433ba542fa13ab0a8c7b_d1_3.png": {"intrinsics": {"fx": 1075.11, "fy": 1075.83, "cx": 629.739, "cy": 522.296}, "camera_to_world_matrix": [-0.55755, -0.0095279, 0.830089, 4.73777, 0.830113, 0.00212367, 0.557591, 19.1432, -0.00707544, 0.999952, 0.00672496, 1.53742, 0.0, 0.0, 0.0, 1.0]}, "05c5f3286f8a433ba542fa13ab0a8c7b_d1_4.png": {"intrinsics": {"fx": 1075.11, "fy": 1075.83, "cx": 629.739, "cy": 522.296}, "camera_to_world_matrix": [0.440055, -0.0142883, 0.897857, 4.73753, 0.897948, -0.000105348, -0.440101, 19.1467, 0.00638295, 0.999898, 0.0127836, 1.5374, 0.0, 0.0, 0.0, 1.0]}, "05c5f3286f8a433ba542fa13ab0a8c7b_d1_5.png": {"intrinsics": {"fx": 1075.11, "fy": 1075.83, "cx": 629.739, "cy": 522.296}, "camera_to_world_matrix": [0.997527, -0.0185984, 0.0677745, 4.74044, 0.0678399, 0.00290301, -0.997692, 19.1486, 0.0183588, 0.999823, 0.00415732, 1.53743, 0.0, 0.0, 0.0, 1.0]}, "05c5f3286f8a433ba542fa13ab0a8c7b_d2_0.png": {"intrinsics": {"fx": 1070.12, "fy": 1069.92, "cx": 632.996, "cy": 513.001}, "camera_to_world_matrix": [0.565666, 0.532188, -0.629919, 4.75229, -0.824245, 0.388355, -0.412069, 19.1534, 0.0253341, 0.752301, 0.658332, 1.57083, 0.0, 0.0, 0.0, 1.0]}, "05c5f3286f8a433ba542fa13ab0a8c7b_d2_1.png": {"intrinsics": {"fx": 1070.12, "fy": 1069.92, "cx": 632.996, "cy": 513.001}, "camera_to_world_matrix": [-0.431122, 0.593868, -0.679305, 4.75328, -0.902215, -0.273768, 0.333257, 19.1389, 0.0119391, 0.756553, 0.653823, 1.57091, 0.0, 0.0, 0.0, 1.0]}, "05c5f3286f8a433ba542fa13ab0a8c7b_d2_2.png": {"intrinsics": {"fx": 1070.12, "fy": 1069.92, "cx": 632.996, "cy": 513.001}, "camera_to_world_matrix": [-0.996963, 0.0513314, -0.058571, 4.7412, -0.0778812, -0.658284, 0.748731, 19.1308, -0.000122928, 0.751018, 0.660282, 1.57079, 0.0, 0.0, 0.0, 1.0]}, "05c5f3286f8a433ba542fa13ab0a8c7b_d2_3.png": {"intrinsics": {"fx": 1070.12, "fy": 1069.92, "cx": 632.996, "cy": 513.001}, "camera_to_world_matrix": [-0.566002, -0.552873, 0.611534, 4.72814, 0.824403, -0.380668, 0.418869, 19.1372, 0.00121041, 0.741231, 0.671249, 1.57057, 0.0, 0.0, 0.0, 1.0]}, "05c5f3286f8a433ba542fa13ab0a8c7b_d2_4.png": {"intrinsics": {"fx": 1070.12, "fy": 1069.92, "cx": 632.996, "cy": 513.001}, "camera_to_world_matrix": [0.43079, -0.614527, 0.660891, 4.72715, 0.902334, 0.281457, -0.326459, 19.1517, 0.0146057, 0.73698, 0.675757, 1.57049, 0.0, 0.0, 0.0, 1.0]}, "05c5f3286f8a433ba542fa13ab0a8c7b_d2_5.png": {"intrinsics": {"fx": 1070.12, "fy": 1069.92, "cx": 632.996, "cy": 513.001}, "camera_to_world_matrix": [0.996599, -0.0719755, 0.0401407, 4.73923, 0.0779784, 0.665952, -0.741909, 19.1598, 0.0266674, 0.742515, 0.669299, 1.57061, 0.0, 0.0, 0.0, 1.0]}, "05d37cec6533438e825625592537ea21_d0_0.png": {"intrinsics": {"fx": 1074.25, "fy": 1074.57, "cx": 629.834, "cy": 517.849}, "camera_to_world_matrix": [-0.992473, -0.0710175, -0.0997576, -6.33621, -0.12196, 0.646401, 0.753186, 3.33415, 0.0109942, 0.759684, -0.650199, 1.50319, 0.0, 0.0, 0.0, 1.0]}, "05d37cec6533438e825625592537ea21_d0_1.png": {"intrinsics": {"fx": 1074.25, "fy": 1074.57, "cx": 629.834, "cy": 517.849}, "camera_to_world_matrix": [-0.60171, 0.533497, 0.594411, -6.34964, 0.798461, 0.383072, 0.46445, 3.33974, 0.0200803, 0.754079, -0.656476, 1.50331, 0.0, 0.0, 0.0, 1.0]}, "05d37cec6533438e825625592537ea21_d0_2.png": {"intrinsics": {"fx": 1074.25, "fy": 1074.57, "cx": 629.834, "cy": 517.849}, "camera_to_world_matrix": [0.390811, 0.607657, 0.691389, -6.35151, 0.920307, -0.272098, -0.281064, 3.35417, 0.0173354, 0.746133, -0.665571, 1.50349, 0.0, 0.0, 0.0, 1.0]}, "05d37cec6533438e825625592537ea21_d0_3.png": {"intrinsics": {"fx": 1074.25, "fy": 1074.57, "cx": 629.834, "cy": 517.849}, "camera_to_world_matrix": [0.992547, 0.0773009, 0.0941955, -6.33995, 0.121729, -0.663924, -0.737824, 3.363, 0.00550441, 0.743792, -0.668387, 1.50354, 0.0, 0.0, 0.0, 1.0]}, "05d37cec6533438e825625592537ea21_d0_4.png": {"intrinsics": {"fx": 1074.25, "fy": 1074.57, "cx": 629.834, "cy": 517.849}, "camera_to_world_matrix": [0.601748, -0.527203, -0.599962, -6.32651, -0.798677, -0.400572, -0.449061, 3.35741, -0.00358126, 0.749398, -0.66211, 1.50342, 0.0, 0.0, 0.0, 1.0]}, "05d37cec6533438e825625592537ea21_d0_5.png": {"intrinsics": {"fx": 1074.25, "fy": 1074.57, "cx": 629.834, "cy": 517.849}, "camera_to_world_matrix": [-0.390778, -0.601337, -0.69691, -6.32465, -0.920484, 0.254601, 0.296456, 3.34298, -0.000835845, 0.757344, -0.653015, 1.50324, 0.0, 0.0, 0.0, 1.0]}, "05d37cec6533438e825625592537ea21_d1_0.png": {"intrinsics": {"fx": 1075.11, "fy": 1075.83, "cx": 629.739, "cy": 522.296}, "camera_to_world_matrix": [-0.991676, 0.00881189, -0.128456, -6.33749, -0.128536, -0.00913731, 0.991663, 3.34472, 0.00756475, 0.999919, 0.0101937, 1.53657, 0.0, 0.0, 0.0, 1.0]}, "05d37cec6533438e825625592537ea21_d1_1.png": {"intrinsics": {"fx": 1075.11, "fy": 1075.83, "cx": 629.739, "cy": 522.296}, "camera_to_world_matrix": [-0.607048, 0.00868157, 0.794618, -6.34072, 0.79449, -0.014392, 0.607107, 3.34606, 0.0167069, 0.999859, 0.001839, 1.5366, 0.0, 0.0, 0.0, 1.0]}, "05d37cec6533438e825625592537ea21_d1_2.png": {"intrinsics": {"fx": 1075.11, "fy": 1075.83, "cx": 629.739, "cy": 522.296}, "camera_to_world_matrix": [0.384663, 0.0040654, 0.923048, -6.34117, 0.92295, -0.0169067, -0.384547, 3.34953, 0.0140424, 0.999849, -0.0102558, 1.53664, 0.0, 0.0, 0.0, 1.0]}, "05d37cec6533438e825625592537ea21_d1_3.png": {"intrinsics": {"fx": 1075.11, "fy": 1075.83, "cx": 629.739, "cy": 522.296}, "camera_to_world_matrix": [0.991722, -0.000420348, 0.128402, -6.33839, 0.128383, -0.0141666, -0.991624, 3.35166, 0.00223592, 0.999899, -0.0139956, 1.53665, 0.0, 0.0, 0.0, 1.0]}, "05d37cec6533438e825625592537ea21_d1_4.png": {"intrinsics": {"fx": 1075.11, "fy": 1075.83, "cx": 629.739, "cy": 522.296}, "camera_to_world_matrix": [0.607058, -0.000289825, -0.794658, -6.33516, -0.794628, -0.00891188, -0.607032, 3.35031, -0.00690588, 0.99996, -0.00564055, 1.53663, 0.0, 0.0, 0.0, 1.0]}, "05d37cec6533438e825625592537ea21_d1_5.png": {"intrinsics": {"fx": 1075.11, "fy": 1075.83, "cx": 629.739, "cy": 522.296}, "camera_to_world_matrix": [-0.384658, 0.00432644, -0.923049, -6.33471, -0.92305, -0.00639739, 0.384628, 3.34684, -0.00424096, 0.99997, 0.00645411, 1.53658, 0.0, 0.0, 0.0, 1.0]}, "05d37cec6533438e825625592537ea21_d2_0.png": {"intrinsics": {"fx": 1070.12, "fy": 1069.92, "cx": 632.996, "cy": 513.001}, "camera_to_world_matrix": [-0.990214, 0.105029, -0.0918998, -6.33593, -0.13866, -0.665795, 0.733138, 3.33337, 0.0158139, 0.738706, 0.673843, 1.56968, 0.0, 0.0, 0.0, 1.0]}, "05d37cec6533438e825625592537ea21_d2_1.png": {"intrinsics": {"fx": 1070.12, "fy": 1069.92, "cx": 632.996, "cy": 513.001}, "camera_to_world_matrix": [-0.614983, -0.515021, 0.597118, -6.34936, 0.788143, -0.425508, 0.444718, 3.33897, 0.0250395, 0.744108, 0.667591, 1.56981, 0.0, 0.0, 0.0, 1.0]}, "05d37cec6533438e825625592537ea21_d2_2.png": {"intrinsics": {"fx": 1070.12, "fy": 1069.92, "cx": 632.996, "cy": 513.001}, "camera_to_world_matrix": [0.375301, -0.616905, 0.691794, -6.35123, 0.92663, 0.231594, -0.296177, 3.3534, 0.0224979, 0.752192, 0.65856, 1.56998, 0.0, 0.0, 0.0, 1.0]}, "05d37cec6533438e825625592537ea21_d2_3.png": {"intrinsics": {"fx": 1070.12, "fy": 1069.92, "cx": 632.996, "cy": 513.001}, "camera_to_world_matrix": [0.990331, -0.0987356, 0.0974503, -6.33967, 0.138312, 0.648394, -0.748635, 3.36223, 0.0107307, 0.754875, 0.655781, 1.57004, 0.0, 0.0, 0.0, 1.0]}, "05d37cec6533438e825625592537ea21_d2_4.png": {"intrinsics": {"fx": 1070.12, "fy": 1069.92, "cx": 632.996, "cy": 513.001}, "camera_to_world_matrix": [0.615064, 0.521305, -0.591556, -6.32624, -0.788476, 0.408083, -0.460189, 3.35663, 0.00150546, 0.749473, 0.662033, 1.56991, 0.0, 0.0, 0.0, 1.0]}, "05d37cec6533438e825625592537ea21_d2_5.png": {"intrinsics": {"fx": 1070.12, "fy": 1069.92, "cx": 632.996, "cy": 513.001}, "camera_to_world_matrix": [-0.375226, 0.623162, -0.686203, -6.32437, -0.926925, -0.249023, 0.28071, 3.3422, 0.00404756, 0.741388, 0.671064, 1.56974, 0.0, 0.0, 0.0, 1.0]}, "06cce75e286e46a59d44615b4936d9df_d0_0.png": {"intrinsics": {"fx": 1074.25, "fy": 1074.57, "cx": 629.834, "cy": 517.849}, "camera_to_world_matrix": [0.546647, -0.540464, -0.639588, 1.60609, -0.837095, -0.371982, -0.401122, 8.62702, -0.0211233, 0.754669, -0.655765, 1.62264, 0.0, 0.0, 0.0, 1.0]}, "06cce75e286e46a59d44615b4936d9df_d0_1.png": {"intrinsics": {"fx": 1074.25, "fy": 1074.57, "cx": 629.834, "cy": 517.849}, "camera_to_world_matrix": [-0.451635, -0.570319, -0.68612, 1.60698, -0.892198, 0.286569, 0.349082, 8.6125, -0.00246676, 0.769814, -0.638264, 1.6223, 0.0, 0.0, 0.0, 1.0]}, "06cce75e286e46a59d44615b4936d9df_d0_2.png": {"intrinsics": {"fx": 1074.25, "fy": 1074.57, "cx": 629.834, "cy": 517.849}, "camera_to_world_matrix": [-0.998108, -0.0148811, -0.059637, 1.59486, -0.0552652, 0.641942, 0.764758, 8.60446, 0.0269033, 0.766607, -0.641552, 1.62237, 0.0, 0.0, 0.0, 1.0]}, "06cce75e286e46a59d44615b4936d9df_d0_3.png": {"intrinsics": {"fx": 1074.25, "fy": 1074.57, "cx": 629.834, "cy": 517.849}, "camera_to_world_matrix": [-0.546287, 0.570398, 0.613364, 1.58184, 0.836752, 0.338756, 0.430219, 8.61094, 0.0376162, 0.748257, -0.662341, 1.62277, 0.0, 0.0, 0.0, 1.0]}, "06cce75e286e46a59d44615b4936d9df_d0_4.png": {"intrinsics": {"fx": 1074.25, "fy": 1074.57, "cx": 629.834, "cy": 517.849}, "camera_to_world_matrix": [0.451998, 0.600227, 0.659866, 1.58094, 0.891816, -0.319797, -0.319987, 8.62546, 0.0189589, 0.733114, -0.679842, 1.62311, 0.0, 0.0, 0.0, 1.0]}, "06cce75e286e46a59d44615b4936d9df_d0_5.png": {"intrinsics": {"fx": 1074.25, "fy": 1074.57, "cx": 629.834, "cy": 517.849}, "camera_to_world_matrix": [0.998439, 0.0447756, 0.0333666, 1.59307, 0.0548617, -0.675149, -0.735638, 8.6335, -0.0104111, 0.736321, -0.676553, 1.62304, 0.0, 0.0, 0.0, 1.0]}, "06cce75e286e46a59d44615b4936d9df_d1_0.png": {"intrinsics": {"fx": 1075.11, "fy": 1075.83, "cx": 629.739, "cy": 522.296}, "camera_to_world_matrix": [0.552161, 0.0156088, -0.833591, 1.59754, -0.833377, -0.0190498, -0.552376, 8.62018, -0.0245017, 0.999697, 0.00248926, 1.65593, 0.0, 0.0, 0.0, 1.0]}, "06cce75e286e46a59d44615b4936d9df_d1_1.png": {"intrinsics": {"fx": 1075.11, "fy": 1075.83, "cx": 629.739, "cy": 522.296}, "camera_to_world_matrix": [-0.445758, 0.020383, -0.894922, 1.59776, -0.895134, -0.0168503, 0.44548, 8.61669, -0.0059994, 0.99965, 0.0257564, 1.65584, 0.0, 0.0, 0.0, 1.0]}, "06cce75e286e46a59d44615b4936d9df_d1_2.png": {"intrinsics": {"fx": 1075.11, "fy": 1075.83, "cx": 629.739, "cy": 522.296}, "camera_to_world_matrix": [-0.997811, 0.0246732, -0.061348, 1.59484, -0.0618444, -0.0198841, 0.997888, 8.61476, 0.0234013, 0.999498, 0.0213662, 1.65586, 0.0, 0.0, 0.0, 1.0]}, "06cce75e286e46a59d44615b4936d9df_d1_3.png": {"intrinsics": {"fx": 1075.11, "fy": 1075.83, "cx": 629.739, "cy": 522.296}, "camera_to_world_matrix": [-0.551934, 0.0241891, 0.833537, 1.59171, 0.833182, -0.0251174, 0.552428, 8.61631, 0.034299, 0.999392, -0.00629102, 1.65596, 0.0, 0.0, 0.0, 1.0]}, "06cce75e286e46a59d44615b4936d9df_d1_4.png": {"intrinsics": {"fx": 1075.11, "fy": 1075.83, "cx": 629.739, "cy": 522.296}, "camera_to_world_matrix": [0.445988, 0.0194148, 0.894828, 1.59149, 0.8949, -0.0273167, -0.445431, 8.61981, 0.0157959, 0.999438, -0.0295575, 1.65604, 0.0, 0.0, 0.0, 1.0]}, "06cce75e286e46a59d44615b4936d9df_d1_5.png": {"intrinsics": {"fx": 1075.11, "fy": 1075.83, "cx": 629.739, "cy": 522.296}, "camera_to_world_matrix": [0.998009, 0.0151248, 0.0612332, 1.59441, 0.0615888, -0.0242828, -0.997806, 8.62174, -0.0136046, 0.999591, -0.0251661, 1.65602, 0.0, 0.0, 0.0, 1.0]}, "06cce75e286e46a59d44615b4936d9df_d2_0.png": {"intrinsics": {"fx": 1070.12, "fy": 1069.92, "cx": 632.996, "cy": 513.001}, "camera_to_world_matrix": [0.560699, 0.559811, -0.610105, 1.60742, -0.827862, 0.364615, -0.426264, 8.62555, -0.0161735, 0.744089, 0.667885, 1.68911, 0.0, 0.0, 0.0, 1.0]}, "06cce75e286e46a59d44615b4936d9df_d2_1.png": {"intrinsics": {"fx": 1070.12, "fy": 1069.92, "cx": 632.996, "cy": 513.001}, "camera_to_world_matrix": [-0.436472, 0.61719, -0.654652, 1.60831, -0.899716, -0.29772, 0.319178, 8.61103, 0.00209082, 0.728313, 0.685242, 1.68877, 0.0, 0.0, 0.0, 1.0]}, "06cce75e286e46a59d44615b4936d9df_d2_2.png": {"intrinsics": {"fx": 1070.12, "fy": 1069.92, "cx": 632.996, "cy": 513.001}, "camera_to_world_matrix": [-0.996897, 0.0722275, -0.0313015, 1.59618, -0.0721272, -0.678822, 0.730752, 8.60299, 0.0315322, 0.730742, 0.681925, 1.68884, 0.0, 0.0, 0.0, 1.0]}, "06cce75e286e46a59d44615b4936d9df_d2_3.png": {"intrinsics": {"fx": 1070.12, "fy": 1069.92, "cx": 632.996, "cy": 513.001}, "camera_to_world_matrix": [-0.560139, -0.530102, 0.636582, 1.58316, 0.827297, -0.397581, 0.396875, 8.60948, 0.0427087, 0.748947, 0.661252, 1.68924, 0.0, 0.0, 0.0, 1.0]}, "06cce75e286e46a59d44615b4936d9df_d2_4.png": {"intrinsics": {"fx": 1070.12, "fy": 1069.92, "cx": 632.996, "cy": 513.001}, "camera_to_world_matrix": [0.437035, -0.587455, 0.6811, 1.58227, 0.899113, 0.264757, -0.34857, 8.624, 0.0244435, 0.764722, 0.643896, 1.68958, 0.0, 0.0, 0.0, 1.0]}, "06cce75e286e46a59d44615b4936d9df_d2_5.png": {"intrinsics": {"fx": 1070.12, "fy": 1069.92, "cx": 632.996, "cy": 513.001}, "camera_to_world_matrix": [0.997428, -0.042478, 0.0577329, 1.5944, 0.0715018, 0.645838, -0.76012, 8.63203, -0.00499774, 0.762293, 0.647214, 1.68952, 0.0, 0.0, 0.0, 1.0]}, "07893000ccca4adbbb2f6b11368d8454_d0_0.png": {"intrinsics": {"fx": 1074.25, "fy": 1074.57, "cx": 629.834, "cy": 517.849}, "camera_to_world_matrix": [-0.996781, -0.0617269, -0.0511345, 3.88845, -0.0793664, 0.670738, 0.737434, -0.421414, -0.0112215, 0.73912, -0.67348, 1.53154, 0.0, 0.0, 0.0, 1.0]}, "07893000ccca4adbbb2f6b11368d8454_d0_1.png": {"intrinsics": {"fx": 1074.25, "fy": 1074.57, "cx": 629.834, "cy": 517.849}, "camera_to_world_matrix": [-0.567005, 0.530815, 0.629872, 3.87527, 0.823518, 0.381946, 0.419445, -0.415253, -0.0179287, 0.756539, -0.653703, 1.53115, 0.0, 0.0, 0.0, 1.0]}, "07893000ccca4adbbb2f6b11368d8454_d0_2.png": {"intrinsics": {"fx": 1074.25, "fy": 1074.57, "cx": 629.834, "cy": 517.849}, "camera_to_world_matrix": [0.429616, 0.576807, 0.694782, 3.87402, 0.903009, -0.275734, -0.32946, -0.400759, 0.00154048, 0.768936, -0.639323, 1.53088, 0.0, 0.0, 0.0, 1.0]}, "07893000ccca4adbbb2f6b11368d8454_d0_3.png": {"intrinsics": {"fx": 1074.25, "fy": 1074.57, "cx": 629.834, "cy": 517.849}, "camera_to_world_matrix": [0.996439, 0.0302546, 0.0786848, 3.88595, 0.0796144, -0.644605, -0.760357, -0.392427, 0.0277165, 0.763915, -0.64472, 1.53098, 0.0, 0.0, 0.0, 1.0]}, "07893000ccca4adbbb2f6b11368d8454_d0_4.png": {"intrinsics": {"fx": 1074.25, "fy": 1074.57, "cx": 629.834, "cy": 517.849}, "camera_to_world_matrix": [0.566628, -0.562276, -0.602309, 3.89913, -0.823253, -0.35579, -0.442341, -0.398589, 0.0344228, 0.746496, -0.664498, 1.53136, 0.0, 0.0, 0.0, 1.0]}, "07893000ccca4adbbb2f6b11368d8454_d0_5.png": {"intrinsics": {"fx": 1074.25, "fy": 1074.57, "cx": 629.834, "cy": 517.849}, "camera_to_world_matrix": [-0.429997, -0.608242, -0.66719, 3.90037, -0.902705, 0.301891, 0.306566, -0.413083, 0.0149528, 0.734099, -0.678877, 1.53164, 0.0, 0.0, 0.0, 1.0]}, "07893000ccca4adbbb2f6b11368d8454_d1_0.png": {"intrinsics": {"fx": 1075.11, "fy": 1075.83, "cx": 629.739, "cy": 522.296}, "camera_to_world_matrix": [-0.996185, -0.0161954, -0.0857549, 3.8868, -0.0860675, 0.0196969, 0.996095, -0.409829, -0.014443, 0.999675, -0.0210158, 1.56456, 0.0, 0.0, 0.0, 1.0]}, "07893000ccca4adbbb2f6b11368d8454_d1_1.png": {"intrinsics": {"fx": 1075.11, "fy": 1075.83, "cx": 629.739, "cy": 522.296}, "camera_to_world_matrix": [-0.572425, -0.0165508, 0.81979, 3.88363, 0.81968, 0.0144529, 0.572639, -0.408347, -0.0213259, 0.999758, 0.00529299, 1.56447, 0.0, 0.0, 0.0, 1.0]}, "07893000ccca4adbbb2f6b11368d8454_d1_2.png": {"intrinsics": {"fx": 1075.11, "fy": 1075.83, "cx": 629.739, "cy": 522.296}, "camera_to_world_matrix": [0.423671, -0.0212696, 0.905567, 3.88333, 0.905814, 0.0121371, -0.423501, -0.40486, -0.00198321, 0.9997, 0.0244082, 1.5644, 0.0, 0.0, 0.0, 1.0]}, "07893000ccca4adbbb2f6b11368d8454_d1_3.png": {"intrinsics": {"fx": 1075.11, "fy": 1075.83, "cx": 629.739, "cy": 522.296}, "camera_to_world_matrix": [0.995983, -0.0256328, 0.0857956, 3.8862, 0.086199, 0.0150654, -0.996164, -0.402856, 0.024242, 0.999558, 0.0172142, 1.56443, 0.0, 0.0, 0.0, 1.0]}, "07893000ccca4adbbb2f6b11368d8454_d1_4.png": {"intrinsics": {"fx": 1075.11, "fy": 1075.83, "cx": 629.739, "cy": 522.296}, "camera_to_world_matrix": [0.572187, -0.0252772, -0.819733, 3.88937, -0.819532, 0.0203094, -0.572673, -0.404338, 0.0311239, 0.999474, -0.00909491, 1.56452, 0.0, 0.0, 0.0, 1.0]}, "07893000ccca4adbbb2f6b11368d8454_d1_5.png": {"intrinsics": {"fx": 1075.11, "fy": 1075.83, "cx": 629.739, "cy": 522.296}, "camera_to_world_matrix": [-0.423911, -0.0205583, -0.90547, 3.88967, -0.905627, 0.0226249, 0.423471, -0.407825, 0.0117804, 0.999532, -0.0282094, 1.56459, 0.0, 0.0, 0.0, 1.0]}, "07893000ccca4adbbb2f6b11368d8454_d2_0.png": {"intrinsics": {"fx": 1070.12, "fy": 1069.92, "cx": 632.996, "cy": 513.001}, "camera_to_world_matrix": [-0.995364, 0.0579926, -0.0767284, 3.88705, -0.0959993, -0.647799, 0.755739, -0.420258, -0.00587741, 0.759601, 0.650363, 1.59801, 0.0, 0.0, 0.0, 1.0]}, "07893000ccca4adbbb2f6b11368d8454_d2_1.png": {"intrinsics": {"fx": 1070.12, "fy": 1069.92, "cx": 632.996, "cy": 513.001}, "camera_to_world_matrix": [-0.580829, -0.551056, 0.599146, 3.87388, 0.813922, -0.381365, 0.438284, -0.414097, -0.0130259, 0.742226, 0.670024, 1.59763, 0.0, 0.0, 0.0, 1.0]}, "07893000ccca4adbbb2f6b11368d8454_d2_2.png": {"intrinsics": {"fx": 1070.12, "fy": 1069.92, "cx": 632.996, "cy": 513.001}, "camera_to_world_matrix": [0.414271, -0.624656, 0.661955, 3.87263, 0.910133, 0.279424, -0.305908, -0.399603, 0.00612075, 0.729196, 0.684277, 1.59735, 0.0, 0.0, 0.0, 1.0]}, "07893000ccca4adbbb2f6b11368d8454_d2_3.png": {"intrinsics": {"fx": 1070.12, "fy": 1069.92, "cx": 632.996, "cy": 513.001}, "camera_to_world_matrix": [0.994813, -0.0892064, 0.0488891, 3.88456, 0.096422, 0.673764, -0.732629, -0.391271, 0.0324155, 0.733542, 0.67887, 1.59746, 0.0, 0.0, 0.0, 1.0]}, "07893000ccca4adbbb2f6b11368d8454_d2_4.png": {"intrinsics": {"fx": 1070.12, "fy": 1069.92, "cx": 632.996, "cy": 513.001}, "camera_to_world_matrix": [0.580242, 0.519831, -0.626973, 3.89773, -0.813483, 0.407306, -0.415148, -0.397433, 0.039563, 0.750918, 0.65921, 1.59784, 0.0, 0.0, 0.0, 1.0]}, "07893000ccca4adbbb2f6b11368d8454_d2_5.png": {"intrinsics": {"fx": 1070.12, "fy": 1069.92, "cx": 632.996, "cy": 513.001}, "camera_to_world_matrix": [-0.414862, 0.593406, -0.689753, 3.89898, -0.909656, -0.253486, 0.329047, -0.411927, 0.0204155, 0.763947, 0.644956, 1.59812, 0.0, 0.0, 0.0, 1.0]}, "086131ac6b3f44a1a97aa3467348308e_d0_0.png": {"intrinsics": {"fx": 1074.25, "fy": 1074.57, "cx": 629.834, "cy": 517.849}, "camera_to_world_matrix": [0.791163, -0.418178, -0.446303, -3.75756, -0.611288, -0.517237, -0.598991, 7.92773, 0.0196406, 0.74672, -0.664848, 1.48316, 0.0, 0.0, 0.0, 1.0]}, "086131ac6b3f44a1a97aa3467348308e_d0_1.png": {"intrinsics": {"fx": 1074.25, "fy": 1074.57, "cx": 629.834, "cy": 517.849}, "camera_to_world_matrix": [-0.133847, -0.662768, -0.736764, -3.75194, -0.990973, 0.0951115, 0.0944703, 7.9143, 0.00746304, 0.742758, -0.669517, 1.48325, 0.0, 0.0, 0.0, 1.0]}, "086131ac6b3f44a1a97aa3467348308e_d0_2.png": {"intrinsics": {"fx": 1074.25, "fy": 1074.57, "cx": 629.834, "cy": 517.849}, "camera_to_world_matrix": [-0.925119, -0.254793, -0.281483, -3.76076, -0.379653, 0.613129, 0.692773, 7.90273, -0.00392817, 0.747765, -0.663952, 1.48314, 0.0, 0.0, 0.0, 1.0]}, "086131ac6b3f44a1a97aa3467348308e_d0_3.png": {"intrinsics": {"fx": 1074.25, "fy": 1074.57, "cx": 629.834, "cy": 517.849}, "camera_to_world_matrix": [-0.791363, 0.397763, 0.464248, -3.77519, 0.611336, 0.518786, 0.597601, 7.90458, -0.00314149, 0.756732, -0.653717, 1.48295, 0.0, 0.0, 0.0, 1.0]}, "086131ac6b3f44a1a97aa3467348308e_d0_4.png": {"intrinsics": {"fx": 1074.25, "fy": 1074.57, "cx": 629.834, "cy": 517.849}, "camera_to_world_matrix": [0.133662, 0.64233, 0.754682, -3.7808, 0.990985, -0.0935724, -0.0958716, 7.918, 0.00903642, 0.760694, -0.649048, 1.48286, 0.0, 0.0, 0.0, 1.0]}, "086131ac6b3f44a1a97aa3467348308e_d0_5.png": {"intrinsics": {"fx": 1074.25, "fy": 1074.57, "cx": 629.834, "cy": 517.849}, "camera_to_world_matrix": [0.92491, 0.234334, 0.299378, -3.77199, 0.379634, -0.611574, -0.694157, 7.92958, 0.0204273, 0.755687, -0.654614, 1.48296, 0.0, 0.0, 0.0, 1.0]}, "086131ac6b3f44a1a97aa3467348308e_d1_0.png": {"intrinsics": {"fx": 1075.11, "fy": 1075.83, "cx": 629.739, "cy": 522.296}, "camera_to_world_matrix": [0.795283, -0.0186405, -0.605952, -3.7647, -0.606018, 0.00249855, -0.795447, 7.91897, 0.0163416, 0.999823, -0.00930964, 1.51633, 0.0, 0.0, 0.0, 1.0]}, "086131ac6b3f44a1a97aa3467348308e_d1_1.png": {"intrinsics": {"fx": 1075.11, "fy": 1075.83, "cx": 629.739, "cy": 522.296}, "camera_to_world_matrix": [-0.127198, -0.0148529, -0.991766, -3.76335, -0.991868, 0.00614333, 0.127119, 7.91574, 0.00420474, 0.999871, -0.0155137, 1.51635, 0.0, 0.0, 0.0, 1.0]}, "086131ac6b3f44a1a97aa3467348308e_d1_2.png": {"intrinsics": {"fx": 1075.11, "fy": 1075.83, "cx": 629.739, "cy": 522.296}, "camera_to_world_matrix": [-0.922544, -0.00980295, -0.385766, -3.76548, -0.385823, 0.00468524, 0.922561, 7.91296, -0.00723634, 0.999941, -0.00810477, 1.51632, 0.0, 0.0, 0.0, 1.0]}, "086131ac6b3f44a1a97aa3467348308e_d1_3.png": {"intrinsics": {"fx": 1075.11, "fy": 1075.83, "cx": 629.739, "cy": 522.296}, "camera_to_world_matrix": [-0.795392, -0.00854075, 0.606034, -3.76895, 0.606059, -0.000417605, 0.795419, 7.9134, -0.00654032, 0.999963, 0.00550814, 1.51627, 0.0, 0.0, 0.0, 1.0]}, "086131ac6b3f44a1a97aa3467348308e_d1_4.png": {"intrinsics": {"fx": 1075.11, "fy": 1075.83, "cx": 629.739, "cy": 522.296}, "camera_to_world_matrix": [0.127103, -0.0123285, 0.991813, -3.7703, 0.991874, -0.00406224, -0.127161, 7.91663, 0.00559677, 0.999916, 0.0117118, 1.51625, 0.0, 0.0, 0.0, 1.0]}, "086131ac6b3f44a1a97aa3467348308e_d1_5.png": {"intrinsics": {"fx": 1075.11, "fy": 1075.83, "cx": 629.739, "cy": 522.296}, "camera_to_world_matrix": [0.922426, -0.0173784, 0.385782, -3.76818, 0.385797, -0.00260395, -0.92258, 7.91942, 0.0170376, 0.999845, 0.00430235, 1.51628, 0.0, 0.0, 0.0, 1.0]}, "086131ac6b3f44a1a97aa3467348308e_d2_0.png": {"intrinsics": {"fx": 1070.12, "fy": 1069.92, "cx": 632.996, "cy": 513.001}, "camera_to_world_matrix": [0.801205, 0.37946, -0.462689, -3.75846, -0.597876, 0.539665, -0.59271, 7.9278, 0.024787, 0.751513, 0.659253, 1.54966, 0.0, 0.0, 0.0, 1.0]}, "086131ac6b3f44a1a97aa3467348308e_d2_1.png": {"intrinsics": {"fx": 1070.12, "fy": 1069.92, "cx": 632.996, "cy": 513.001}, "camera_to_world_matrix": [-0.117251, 0.651297, -0.74971, -3.75285, -0.993021, -0.0672242, 0.0969039, 7.91437, 0.0127145, 0.755839, 0.654634, 1.54975, 0.0, 0.0, 0.0, 1.0]}, "086131ac6b3f44a1a97aa3467348308e_d2_2.png": {"intrinsics": {"fx": 1070.12, "fy": 1069.92, "cx": 632.996, "cy": 513.001}, "camera_to_world_matrix": [-0.918634, 0.261672, -0.29604, -3.76166, -0.395108, -0.606111, 0.690304, 7.9028, 0.00119987, 0.751104, 0.660182, 1.54964, 0.0, 0.0, 0.0, 1.0]}, "086131ac6b3f44a1a97aa3467348308e_d2_3.png": {"intrinsics": {"fx": 1070.12, "fy": 1069.92, "cx": 632.996, "cy": 513.001}, "camera_to_world_matrix": [-0.801543, -0.399781, 0.44464, -3.7761, 0.597935, -0.538096, 0.594076, 7.90465, 0.00175792, 0.742043, 0.67035, 1.54944, 0.0, 0.0, 0.0, 1.0]}, "086131ac6b3f44a1a97aa3467348308e_d2_4.png": {"intrinsics": {"fx": 1070.12, "fy": 1069.92, "cx": 632.996, "cy": 513.001}, "camera_to_world_matrix": [0.116929, -0.671595, 0.731634, -3.78171, 0.993044, 0.0688043, -0.0955491, 7.91807, 0.0138307, 0.737717, 0.674968, 1.54935, 0.0, 0.0, 0.0, 1.0]}, "086131ac6b3f44a1a97aa3467348308e_d2_5.png": {"intrinsics": {"fx": 1070.12, "fy": 1069.92, "cx": 632.996, "cy": 513.001}, "camera_to_world_matrix": [0.918288, -0.281949, 0.277941, -3.77289, 0.3951, 0.607676, -0.688932, 7.92965, 0.025345, 0.742453, 0.669419, 1.54946, 0.0, 0.0, 0.0, 1.0]}, "09319257828f47e6828352078f34d855_d0_0.png": {"intrinsics": {"fx": 1074.25, "fy": 1074.57, "cx": 629.834, "cy": 517.849}, "camera_to_world_matrix": [-0.895652, -0.283006, -0.343093, -3.65502, -0.444665, 0.585165, 0.678125, 2.08407, 0.00885278, 0.759926, -0.649949, 1.50008, 0.0, 0.0, 0.0, 1.0]}, "09319257828f47e6828352078f34d855_d0_1.png": {"intrinsics": {"fx": 1074.25, "fy": 1074.57, "cx": 629.834, "cy": 517.849}, "camera_to_world_matrix": [-0.832772, 0.374659, 0.407577, -3.66955, 0.553277, 0.537558, 0.636329, 2.08488, 0.0193106, 0.755421, -0.654955, 1.50018, 0.0, 0.0, 0.0, 1.0]}, "09319257828f47e6828352078f34d855_d0_2.png": {"intrinsics": {"fx": 1074.25, "fy": 1074.57, "cx": 629.834, "cy": 517.849}, "camera_to_world_matrix": [0.0629485, 0.662216, 0.746663, -3.6761, 0.99784, -0.0557844, -0.0346492, 2.09787, 0.0187071, 0.747232, -0.664299, 1.50036, 0.0, 0.0, 0.0, 1.0]}, "09319257828f47e6828352078f34d855_d0_3.png": {"intrinsics": {"fx": 1074.25, "fy": 1074.57, "cx": 629.834, "cy": 517.849}, "camera_to_world_matrix": [0.895769, 0.292101, 0.335071, -3.66813, 0.444451, -0.601506, -0.663816, 2.11004, 0.00764585, 0.743549, -0.668637, 1.50045, 0.0, 0.0, 0.0, 1.0]}, "09319257828f47e6828352078f34d855_d0_4.png": {"intrinsics": {"fx": 1074.25, "fy": 1074.57, "cx": 629.834, "cy": 517.849}, "camera_to_world_matrix": [0.832851, -0.365563, -0.415598, -3.6536, -0.553489, -0.553873, -0.621991, 2.10923, -0.00281163, 0.748055, -0.66363, 1.50035, 0.0, 0.0, 0.0, 1.0]}, "09319257828f47e6828352078f34d855_d0_5.png": {"intrinsics": {"fx": 1074.25, "fy": 1074.57, "cx": 629.834, "cy": 517.849}, "camera_to_world_matrix": [-0.0628876, -0.653097, -0.754658, -3.64705, -0.998017, 0.0394803, 0.0490004, 2.09624, -0.00220767, 0.756244, -0.654286, 1.50017, 0.0, 0.0, 0.0, 1.0]}, "09319257828f47e6828352078f34d855_d1_0.png": {"intrinsics": {"fx": 1075.11, "fy": 1075.83, "cx": 629.739, "cy": 522.296}, "camera_to_world_matrix": [-0.89271, 0.00958276, -0.45053, -3.6598, -0.450599, -0.00695542, 0.892699, 2.09357, 0.00542098, 0.99993, 0.0105269, 1.53347, 0.0, 0.0, 0.0, 1.0]}, "09319257828f47e6828352078f34d855_d1_1.png": {"intrinsics": {"fx": 1075.11, "fy": 1075.83, "cx": 629.739, "cy": 522.296}, "camera_to_world_matrix": [-0.836482, 0.0112051, 0.54788, -3.66329, 0.547763, -0.0119551, 0.836548, 2.09377, 0.0159236, 0.999866, 0.00386223, 1.53349, 0.0, 0.0, 0.0, 1.0]}, "09319257828f47e6828352078f34d855_d1_2.png": {"intrinsics": {"fx": 1075.11, "fy": 1075.83, "cx": 629.739, "cy": 522.296}, "camera_to_world_matrix": [0.0562767, 0.00768616, 0.998386, -3.66487, 0.998296, -0.0158601, -0.0561496, 2.09689, 0.015403, 0.999845, -0.00856584, 1.53354, 0.0, 0.0, 0.0, 1.0]}, "09319257828f47e6828352078f34d855_d1_3.png": {"intrinsics": {"fx": 1075.11, "fy": 1075.83, "cx": 629.739, "cy": 522.296}, "camera_to_world_