{"0154dc50196442d58a30d82e7cb1f5a8_d0_0.png": {"intrinsics": {"fx": 1074.99, "fy": 1076.2, "cx": 629.222, "cy": 530.191}, "camera_to_world_matrix": [-0.87581, 0.337529, 0.345009, 1.21334, 0.480319, 0.539236, 0.69175, -1.09362, 0.0474445, 0.771555, -0.63439, -0.961976, 0.0, 0.0, 0.0, 1.0]}, "0154dc50196442d58a30d82e7cb1f5a8_d0_1.png": {"intrinsics": {"fx": 1074.99, "fy": 1076.2, "cx": 629.222, "cy": 530.191}, "camera_to_world_matrix": [-0.0203451, 0.672941, 0.739416, 1.20569, 0.997809, -0.032904, 0.0574006, -1.08126, 0.062957, 0.738964, -0.670797, -0.961267, 0.0, 0.0, 0.0, 1.0]}, "0154dc50196442d58a30d82e7cb1f5a8_d0_2.png": {"intrinsics": {"fx": 1074.99, "fy": 1076.2, "cx": 629.222, "cy": 530.191}, "camera_to_world_matrix": [0.85562, 0.344396, 0.3864, 1.21257, 0.516824, -0.609403, -0.601266, -1.06846, 0.0283993, 0.714156, -0.69941, -0.960711, 0.0, 0.0, 0.0, 1.0]}, "0154dc50196442d58a30d82e7cb1f5a8_d0_3.png": {"intrinsics": {"fx": 1074.99, "fy": 1076.2, "cx": 629.222, "cy": 530.191}, "camera_to_world_matrix": [0.876101, -0.319553, -0.361015, 1.22711, -0.481639, -0.613748, -0.625569, -1.06801, -0.0216701, 0.721941, -0.691615, -0.960864, 0.0, 0.0, 0.0, 1.0]}, "0154dc50196442d58a30d82e7cb1f5a8_d0_4.png": {"intrinsics": {"fx": 1074.99, "fy": 1076.2, "cx": 629.222, "cy": 530.191}, "camera_to_world_matrix": [0.0206166, -0.654942, -0.755398, 1.23477, -0.999096, -0.0415944, 0.00879538, -1.08036, -0.0371808, 0.754533, -0.655207, -0.961573, 0.0, 0.0, 0.0, 1.0]}, "0154dc50196442d58a30d82e7cb1f5a8_d0_5.png": {"intrinsics": {"fx": 1074.99, "fy": 1076.2, "cx": 629.222, "cy": 530.191}, "camera_to_world_matrix": [-0.85533, -0.326374, -0.402356, 1.22788, -0.518077, 0.534891, 0.667448, -1.09316, -0.00262155, 0.77934, -0.626596, -0.962129, 0.0, 0.0, 0.0, 1.0]}, "0154dc50196442d58a30d82e7cb1f5a8_d1_0.png": {"intrinsics": {"fx": 1079.24, "fy": 1079.68, "cx": 625.737, "cy": 521.12}, "camera_to_world_matrix": [-0.880839, 0.0131088, 0.473231, 1.21897, 0.471965, -0.0537819, 0.879974, -1.08555, 0.0369871, 0.998466, 0.0411849, -0.928348, 0.0, 0.0, 0.0, 1.0]}, "0154dc50196442d58a30d82e7cb1f5a8_d1_1.png": {"intrinsics": {"fx": 1079.24, "fy": 1079.68, "cx": 625.737, "cy": 521.12}, "camera_to_world_matrix": [-0.030597, 0.00914804, 0.999489, 1.21713, 0.998125, -0.0527378, 0.0310377, -1.08258, 0.0529951, 0.998566, -0.00751877, -0.928177, 0.0, 0.0, 0.0, 1.0]}, "0154dc50196442d58a30d82e7cb1f5a8_d1_2.png": {"intrinsics": {"fx": 1079.24, "fy": 1079.68, "cx": 625.737, "cy": 521.12}, "camera_to_world_matrix": [0.850277, 0.00807511, 0.526271, 1.21879, 0.525996, -0.048789, -0.849085, -1.0795, 0.0188202, 0.998776, -0.0457332, -0.928043, 0.0, 0.0, 0.0, 1.0]}, "0154dc50196442d58a30d82e7cb1f5a8_d1_3.png": {"intrinsics": {"fx": 1079.24, "fy": 1079.68, "cx": 625.737, "cy": 521.12}, "camera_to_world_matrix": [0.880889, 0.010963, -0.473194, 1.22228, -0.47228, -0.0458845, -0.880252, -1.07939, -0.031362, 0.998886, -0.0352431, -0.92808, 0.0, 0.0, 0.0, 1.0]}, "0154dc50196442d58a30d82e7cb1f5a8_d1_4.png": {"intrinsics": {"fx": 1079.24, "fy": 1079.68, "cx": 625.737, "cy": 521.12}, "camera_to_world_matrix": [0.0306258, 0.0149237, -0.999419, 1.22413, -0.998407, -0.0469288, -0.031295, -1.08236, -0.0473682, 0.998786, 0.0134612, -0.92825, 0.0, 0.0, 0.0, 1.0]}, "0154dc50196442d58a30d82e7cb1f5a8_d1_5.png": {"intrinsics": {"fx": 1079.24, "fy": 1079.68, "cx": 625.737, "cy": 521.12}, "camera_to_world_matrix": [-0.85023, 0.0159965, -0.526166, 1.22247, -0.526244, -0.0508776, 0.848809, -1.08544, -0.0131918, 0.998576, 0.0516743, -0.928384, 0.0, 0.0, 0.0, 1.0]}, "0154dc50196442d58a30d82e7cb1f5a8_d2_0.png": {"intrinsics": {"fx": 1075.66, "fy": 1076.13, "cx": 641.451, "cy": 512.787}, "camera_to_world_matrix": [-0.879672, -0.305734, 0.364288, 1.21414, 0.473736, -0.630789, 0.614559, -1.09693, 0.041897, 0.713185, 0.699725, -0.895564, 0.0, 0.0, 0.0, 1.0]}, "0154dc50196442d58a30d82e7cb1f5a8_d2_1.png": {"intrinsics": {"fx": 1075.66, "fy": 1076.13, "cx": 641.451, "cy": 512.787}, "camera_to_world_matrix": [-0.0282413, -0.663196, 0.747914, 1.20649, 0.997931, -0.0619648, -0.017263, -1.08458, 0.0577927, 0.745877, 0.663574, -0.894855, 0.0, 0.0, 0.0, 1.0]}, "0154dc50196442d58a30d82e7cb1f5a8_d2_2.png": {"intrinsics": {"fx": 1075.66, "fy": 1076.13, "cx": 641.451, "cy": 512.787}, "camera_to_world_matrix": [0.851524, -0.34854, 0.391704, 1.21337, 0.523792, 0.531947, -0.665339, -1.07177, 0.0235308, 0.771721, 0.635529, -0.894299, 0.0, 0.0, 0.0, 1.0]}, "0154dc50196442d58a30d82e7cb1f5a8_d2_3.png": {"intrinsics": {"fx": 1075.66, "fy": 1076.13, "cx": 641.451, "cy": 512.787}, "camera_to_world_matrix": [0.879838, 0.323571, -0.348124, 1.22791, -0.474532, 0.557022, -0.681578, -1.07132, -0.0266261, 0.764872, 0.643634, -0.894451, 0.0, 0.0, 0.0, 1.0]}, "0154dc50196442d58a30d82e7cb1f5a8_d2_4.png": {"intrinsics": {"fx": 1075.66, "fy": 1076.13, "cx": 641.451, "cy": 512.787}, "camera_to_world_matrix": [0.0283864, 0.68101, -0.731725, 1.23557, -0.998694, -0.0118155, -0.0497408, -1.08367, -0.04252, 0.73218, 0.679786, -0.89516, 0.0, 0.0, 0.0, 1.0]}, "0154dc50196442d58a30d82e7cb1f5a8_d2_5.png": {"intrinsics": {"fx": 1075.66, "fy": 1076.13, "cx": 641.451, "cy": 512.787}, "camera_to_world_matrix": [-0.85136, 0.366331, -0.375489, 1.22868, -0.524521, -0.605715, 0.598321, -1.09648, -0.0082565, 0.706337, 0.70783, -0.895716, 0.0, 0.0, 0.0, 1.0]}, "050de4a7e19c40539455811308d30335_d0_0.png": {"intrinsics": {"fx": 1074.99, "fy": 1076.2, "cx": 629.222, "cy": 530.191}, "camera_to_world_matrix": [-0.988291, -0.0622322, -0.139312, -1.06487, -0.144936, 0.668271, 0.729662, -0.706073, 0.04769, 0.74131, -0.669466, 1.29493, 0.0, 0.0, 0.0, 1.0]}, "050de4a7e19c40539455811308d30335_d0_1.png": {"intrinsics": {"fx": 1074.99, "fy": 1076.2, "cx": 629.222, "cy": 530.191}, "camera_to_world_matrix": [-0.619913, 0.55106, 0.558606, -1.07844, 0.784334, 0.414317, 0.461694, -0.700841, 0.0229812, 0.724344, -0.689055, 1.29531, 0.0, 0.0, 0.0, 1.0]}, "050de4a7e19c40539455811308d30335_d0_2.png": {"intrinsics": {"fx": 1074.99, "fy": 1076.2, "cx": 629.222, "cy": 530.191}, "camera_to_world_matrix": [0.36882, 0.638104, 0.675865, -1.0807, 0.929425, -0.243935, -0.276882, -0.686469, -0.0118124, 0.730286, -0.683039, 1.29519, 0.0, 0.0, 0.0, 1.0]}, "050de4a7e19c40539455811308d30335_d0_3.png": {"intrinsics": {"fx": 1074.99, "fy": 1076.2, "cx": 629.222, "cy": 530.191}, "camera_to_world_matrix": [0.989153, 0.111855, 0.095203, -1.06939, 0.145244, -0.648218, -0.747474, -0.677328, -0.0218965, 0.753194, -0.657433, 1.2947, 0.0, 0.0, 0.0, 1.0]}, "050de4a7e19c40539455811308d30335_d0_4.png": {"intrinsics": {"fx": 1074.99, "fy": 1076.2, "cx": 629.222, "cy": 530.191}, "camera_to_world_matrix": [0.620739, -0.501427, -0.602705, -1.05582, -0.784012, -0.394239, -0.479479, -0.68256, 0.00281328, 0.770159, -0.637845, 1.29431, 0.0, 0.0, 0.0, 1.0]}, "050de4a7e19c40539455811308d30335_d0_5.png": {"intrinsics": {"fx": 1074.99, "fy": 1076.2, "cx": 629.222, "cy": 530.191}, "camera_to_world_matrix": [-0.368, -0.588446, -0.719935, -1.05356, -0.929065, 0.264016, 0.259102, -0.696933, 0.0376066, 0.764216, -0.643862, 1.29443, 0.0, 0.0, 0.0, 1.0]}, "050de4a7e19c40539455811308d30335_d1_0.png": {"intrinsics": {"fx": 1079.24, "fy": 1079.68, "cx": 625.737, "cy": 521.12}, "camera_to_world_matrix": [-0.987178, 0.0364427, -0.155399, -1.06548, -0.1551, 0.0109091, 0.987838, -0.694712, 0.0376951, 0.999276, -0.00511844, 1.32807, 0.0, 0.0, 0.0, 1.0]}, "050de4a7e19c40539455811308d30335_d1_1.png": {"intrinsics": {"fx": 1079.24, "fy": 1079.68, "cx": 625.737, "cy": 521.12}, "camera_to_world_matrix": [-0.628204, 0.032656, 0.777362, -1.06875, 0.777934, 0.00935101, 0.628274, -0.693453, 0.0132482, 0.999422, -0.0312801, 1.32816, 0.0, 0.0, 0.0, 1.0]}, "050de4a7e19c40539455811308d30335_d1_2.png": {"intrinsics": {"fx": 1079.24, "fy": 1079.68, "cx": 625.737, "cy": 521.12}, "camera_to_world_matrix": [0.359081, 0.0294125, 0.932842, -1.06929, 0.933054, 0.0118535, -0.359538, -0.689996, -0.021632, 0.999496, -0.0231886, 1.32813, 0.0, 0.0, 0.0, 1.0]}, "050de4a7e19c40539455811308d30335_d1_3.png": {"intrinsics": {"fx": 1079.24, "fy": 1079.68, "cx": 625.737, "cy": 521.12}, "camera_to_world_matrix": [0.987371, 0.0299558, 0.155558, -1.06657, 0.155137, 0.015914, -0.987764, -0.687797, -0.0320645, 0.999424, 0.0110643, 1.32801, 0.0, 0.0, 0.0, 1.0]}, "050de4a7e19c40539455811308d30335_d1_4.png": {"intrinsics": {"fx": 1079.24, "fy": 1079.68, "cx": 625.737, "cy": 521.12}, "camera_to_world_matrix": [0.628361, 0.0337426, -0.777189, -1.06331, -0.777883, 0.0174719, -0.628164, -0.689056, -0.00761655, 0.999277, 0.037225, 1.32792, 0.0, 0.0, 0.0, 1.0]}, "050de4a7e19c40539455811308d30335_d1_5.png": {"intrinsics": {"fx": 1079.24, "fy": 1079.68, "cx": 625.737, "cy": 521.12}, "camera_to_world_matrix": [-0.358931, 0.0369859, -0.93263, -1.06276, -0.932964, 0.0149693, 0.359654, -0.692513, 0.0272633, 0.999203, 0.0291322, 1.32795, 0.0, 0.0, 0.0, 1.0]}, "050de4a7e19c40539455811308d30335_d2_0.png": {"intrinsics": {"fx": 1075.66, "fy": 1076.13, "cx": 641.451, "cy": 512.787}, "camera_to_world_matrix": [-0.987351, 0.133222, -0.0859919, -1.06266, -0.152761, -0.653825, 0.741065, -0.705181, 0.0425018, 0.744826, 0.665907, 1.36139, 0.0, 0.0, 0.0, 1.0]}, "050de4a7e19c40539455811308d30335_d2_1.png": {"intrinsics": {"fx": 1075.66, "fy": 1076.13, "cx": 641.451, "cy": 512.787}, "camera_to_world_matrix": [-0.626242, -0.495628, 0.60181, -1.07623, 0.779423, -0.415828, 0.468604, -0.69995, 0.0179954, 0.762523, 0.646714, 1.36177, 0.0, 0.0, 0.0, 1.0]}, "050de4a7e19c40539455811308d30335_d2_2.png": {"intrinsics": {"fx": 1075.66, "fy": 1076.13, "cx": 641.451, "cy": 512.787}, "camera_to_world_matrix": [0.361376, -0.60427, 0.710117, -1.07849, 0.932269, 0.247931, -0.263451, -0.685577, -0.0168653, 0.757224, 0.65294, 1.36165, 0.0, 0.0, 0.0, 1.0]}, "050de4a7e19c40539455811308d30335_d2_3.png": {"intrinsics": {"fx": 1075.66, "fy": 1076.13, "cx": 641.451, "cy": 512.787}, "camera_to_world_matrix": [0.987864, -0.0840604, 0.130621, -1.06718, 0.152928, 0.673679, -0.723029, -0.676436, -0.0272188, 0.734229, 0.678359, 1.36115, 0.0, 0.0, 0.0, 1.0]}, "050de4a7e19c40539455811308d30335_d2_4.png": {"intrinsics": {"fx": 1075.66, "fy": 1076.13, "cx": 641.451, "cy": 512.787}, "camera_to_world_matrix": [0.62672, 0.54478, -0.55717, -1.05361, -0.779243, 0.435657, -0.450541, -0.681668, -0.00271144, 0.716532, 0.697551, 1.36077, 0.0, 0.0, 0.0, 1.0]}, "050de4a7e19c40539455811308d30335_d2_5.png": {"intrinsics": {"fx": 1075.66, "fy": 1076.13, "cx": 641.451, "cy": 512.787}, "camera_to_world_matrix": [-0.360905, 0.653396, -0.665449, -1.05135, -0.93205, -0.228107, 0.281518, -0.696041, 0.032149, 0.721832, 0.691324, 1.36089, 0.0, 0.0, 0.0, 1.0]}, "052a1a1019c6482a818aa10a140819b4_d0_0.png": {"intrinsics": {"fx": 1074.99, "fy": 1076.2, "cx": 629.222, "cy": 530.191}, "camera_to_world_matrix": [0.263043, 0.644806, 0.717658, 1.65044, 0.964342, -0.19822, -0.175363, -2.03894, 0.0291789, 0.738197, -0.673954, 4.73771, 0.0, 0.0, 0.0, 1.0]}, "052a1a1019c6482a818aa10a140819b4_d0_1.png": {"intrinsics": {"fx": 1074.99, "fy": 1076.2, "cx": 629.222, "cy": 530.191}, "camera_to_world_matrix": [0.967027, 0.166543, 0.192671, 1.66066, 0.254513, -0.658819, -0.70794, -2.0286, 0.00903229, 0.733635, -0.679484, 4.73782, 0.0, 0.0, 0.0, 1.0]}, "052a1a1019c6482a818aa10a140819b4_d0_2.png": {"intrinsics": {"fx": 1074.99, "fy": 1076.2, "cx": 629.222, "cy": 530.191}, "camera_to_world_matrix": [0.704079, -0.471461, -0.531033, 1.67474, -0.710084, -0.475055, -0.519714, -2.03228, -0.00724457, 0.742998, -0.669254, 4.73762, 0.0, 0.0, 0.0, 1.0]}, "052a1a1019c6482a818aa10a140819b4_d0_3.png": {"intrinsics": {"fx": 1074.99, "fy": 1076.2, "cx": 629.222, "cy": 530.191}, "camera_to_world_matrix": [-0.262846, -0.63119, -0.729733, 1.67859, -0.964832, 0.169306, 0.201085, -2.04631, -0.00337449, 0.756924, -0.653494, 4.73731, 0.0, 0.0, 0.0, 1.0]}, "052a1a1019c6482a818aa10a140819b4_d0_4.png": {"intrinsics": {"fx": 1074.99, "fy": 1076.2, "cx": 629.222, "cy": 530.191}, "camera_to_world_matrix": [-0.966802, -0.15291, -0.204725, 1.66836, -0.254975, 0.629887, 0.733641, -2.05665, 0.0167724, 0.761486, -0.647964, 4.7372, 0.0, 0.0, 0.0, 1.0]}, "052a1a1019c6482a818aa10a140819b4_d0_5.png": {"intrinsics": {"fx": 1074.99, "fy": 1076.2, "cx": 629.222, "cy": 530.191}, "camera_to_world_matrix": [-0.703816, 0.485088, 0.518972, 1.65428, 0.709612, 0.446097, 0.545387, -2.05297, 0.0330487, 0.752121, -0.658195, 4.7374, 0.0, 0.0, 0.0, 1.0]}, "052a1a1019c6482a818aa10a140819b4_d1_0.png": {"intrinsics": {"fx": 1079.24, "fy": 1079.68, "cx": 625.737, "cy": 521.12}, "camera_to_world_matrix": [0.253183, 0.00550807, 0.967402, 1.66143, 0.967226, -0.0213225, -0.253016, -2.04238, 0.0192342, 0.999757, -0.0107276, 4.7708, 0.0, 0.0, 0.0, 1.0]}, "052a1a1019c6482a818aa10a140819b4_d1_1.png": {"intrinsics": {"fx": 1079.24, "fy": 1079.68, "cx": 625.737, "cy": 521.12}, "camera_to_world_matrix": [0.964381, 0.00559665, 0.264454, 1.66389, 0.264512, -0.0172269, -0.964228, -2.03989, -0.000840321, 0.999835, -0.0180952, 4.77083, 0.0, 0.0, 0.0, 1.0]}, "052a1a1019c6482a818aa10a140819b4_d1_2.png": {"intrinsics": {"fx": 1079.24, "fy": 1079.68, "cx": 625.737, "cy": 521.12}, "camera_to_world_matrix": [0.711202, 0.00918837, -0.702927, 1.66727, -0.702774, -0.0152553, -0.711248, -2.04078, -0.0172582, 0.999841, -0.00439371, 4.77078, 0.0, 0.0, 0.0, 1.0]}, "052a1a1019c6482a818aa10a140819b4_d1_3.png": {"intrinsics": {"fx": 1079.24, "fy": 1079.68, "cx": 625.737, "cy": 521.12}, "camera_to_world_matrix": [-0.253169, 0.0126914, -0.967338, 1.6682, -0.967325, -0.0173792, 0.252939, -2.04415, -0.0136011, 0.999768, 0.0166751, 4.7707, 0.0, 0.0, 0.0, 1.0]}, "052a1a1019c6482a818aa10a140819b4_d1_4.png": {"intrinsics": {"fx": 1079.24, "fy": 1079.68, "cx": 625.737, "cy": 521.12}, "camera_to_world_matrix": [-0.96434, 0.0126027, -0.264362, 1.66574, -0.264583, -0.0214748, 0.964123, -2.04664, 0.00647378, 0.999689, 0.024042, 4.77068, 0.0, 0.0, 0.0, 1.0]}, "052a1a1019c6482a818aa10a140819b4_d1_5.png": {"intrinsics": {"fx": 1079.24, "fy": 1079.68, "cx": 625.737, "cy": 521.12}, "camera_to_world_matrix": [-0.711123, 0.00901088, 0.703009, 1.66235, 0.702693, -0.0234464, 0.711105, -2.04576, 0.0228911, 0.999684, 0.0103399, 4.77073, 0.0, 0.0, 0.0, 1.0]}, "052a1a1019c6482a818aa10a140819b4_d2_0.png": {"intrinsics": {"fx": 1075.66, "fy": 1076.13, "cx": 641.451, "cy": 512.787}, "camera_to_world_matrix": [0.255444, -0.644961, 0.72026, 1.65104, 0.966527, 0.151834, -0.206821, -2.04023, 0.0240305, 0.748981, 0.662159, 4.80419, 0.0, 0.0, 0.0, 1.0]}, "052a1a1019c6482a818aa10a140819b4_d2_1.png": {"intrinsics": {"fx": 1075.66, "fy": 1076.13, "cx": 641.451, "cy": 512.787}, "camera_to_world_matrix": [0.965008, -0.175091, 0.195207, 1.66127, 0.262196, 0.633087, -0.728323, -2.02988, 0.00393952, 0.754019, 0.656844, 4.8043, 0.0, 0.0, 0.0, 1.0]}, "052a1a1019c6482a818aa10a140819b4_d2_2.png": {"intrinsics": {"fx": 1075.66, "fy": 1076.13, "cx": 641.451, "cy": 512.787}, "camera_to_world_matrix": [0.709613, 0.476608, -0.518937, 1.67535, -0.704485, 0.466919, -0.534501, -2.03356, -0.0124464, 0.744871, 0.667095, 4.8041, 0.0, 0.0, 0.0, 1.0]}, "052a1a1019c6482a818aa10a140819b4_d2_3.png": {"intrinsics": {"fx": 1075.66, "fy": 1076.13, "cx": 641.451, "cy": 512.787}, "camera_to_world_matrix": [-0.255342, 0.658423, -0.708012, 1.67919, -0.966813, -0.180499, 0.180819, -2.04759, -0.00874098, 0.730685, 0.682661, 4.8038, 0.0, 0.0, 0.0, 1.0]}, "052a1a1019c6482a818aa10a140819b4_d2_4.png": {"intrinsics": {"fx": 1075.66, "fy": 1076.13, "cx": 641.451, "cy": 512.787}, "camera_to_world_matrix": [-0.96488, 0.188534, -0.182939, 1.66896, -0.262455, -0.661734, 0.702301, -2.05794, 0.0113502, 0.725647, 0.687976, 4.80369, 0.0, 0.0, 0.0, 1.0]}, "052a1a1019c6482a818aa10a140819b4_d2_5.png": {"intrinsics": {"fx": 1075.66, "fy": 1076.13, "cx": 641.451, "cy": 512.787}, "camera_to_world_matrix": [-0.709446, -0.463159, 0.531198, 1.65489, 0.704217, -0.49554, 0.508451, -2.05426, 0.0277357, 0.734796, 0.677724, 4.80389, 0.0, 0.0, 0.0, 1.0]}, "06ad2ecc67ff433c85752bd5289c94e6_d0_0.png": {"intrinsics": {"fx": 1074.99, "fy": 1076.2, "cx": 629.222, "cy": 530.191}, "camera_to_world_matrix": [-0.360597, -0.617458, -0.699082, -2.41152, -0.932587, 0.251423, 0.258975, -4.70435, 0.0158594, 0.74534, -0.666496, 4.28526, 0.0, 0.0, 0.0, 1.0]}, "06ad2ecc67ff433c85752bd5289c94e6_d0_1.png": {"intrinsics": {"fx": 1074.99, "fy": 1076.2, "cx": 629.222, "cy": 530.191}, "camera_to_world_matrix": [-0.988005, -0.0944269, -0.122182, -2.42275, -0.154003, 0.660502, 0.73486, -4.71359, 0.0113109, 0.744862, -0.667122, 4.28527, 0.0, 0.0, 0.0, 1.0]}, "06ad2ecc67ff433c85752bd5289c94e6_d0_2.png": {"intrinsics": {"fx": 1074.99, "fy": 1076.2, "cx": 629.222, "cy": 530.191}, "camera_to_world_matrix": [-0.627416, 0.521356, 0.578391, -2.43638, 0.778639, 0.412082, 0.47319, -4.70848, 0.00835631, 0.747245, -0.664495, 4.28522, 0.0, 0.0, 0.0, 1.0]}, "06ad2ecc67ff433c85752bd5289c94e6_d0_3.png": {"intrinsics": {"fx": 1074.99, "fy": 1076.2, "cx": 629.222, "cy": 530.191}, "camera_to_world_matrix": [0.360575, 0.614095, 0.702049, -2.43876, 0.932677, -0.245413, -0.264359, -4.69413, 0.00995028, 0.750106, -0.661242, 4.28516, 0.0, 0.0, 0.0, 1.0]}, "06ad2ecc67ff433c85752bd5289c94e6_d0_4.png": {"intrinsics": {"fx": 1074.99, "fy": 1076.2, "cx": 629.222, "cy": 530.191}, "camera_to_world_matrix": [0.987953, 0.0910477, 0.12513, -2.42753, 0.154068, -0.654472, -0.740222, -4.68488, 0.0144988, 0.750584, -0.660616, 4.28515, 0.0, 0.0, 0.0, 1.0]}, "06ad2ecc67ff433c85752bd5289c94e6_d0_5.png": {"intrinsics": {"fx": 1074.99, "fy": 1076.2, "cx": 629.222, "cy": 530.191}, "camera_to_world_matrix": [0.627327, -0.524726, -0.575433, -2.4139, -0.77856, -0.406027, -0.478525, -4.68999, 0.0174532, 0.748201, -0.663243, 4.2852, 0.0, 0.0, 0.0, 1.0]}, "06ad2ecc67ff433c85752bd5289c94e6_d1_0.png": {"intrinsics": {"fx": 1079.24, "fy": 1079.68, "cx": 625.737, "cy": 521.12}, "camera_to_world_matrix": [-0.351132, 0.00153276, -0.936324, -2.42194, -0.936306, 0.00562728, 0.351136, -4.70033, 0.00580755, 0.999982, -0.000542283, 4.31847, 0.0, 0.0, 0.0, 1.0]}, "06ad2ecc67ff433c85752bd5289c94e6_d1_1.png": {"intrinsics": {"fx": 1079.24, "fy": 1079.68, "cx": 625.737, "cy": 521.12}, "camera_to_world_matrix": [-0.986448, 0.00102419, -0.164061, -2.42464, -0.16406, 0.00156168, 0.986448, -4.70256, 0.00126691, 0.999998, -0.00137399, 4.31848, 0.0, 0.0, 0.0, 1.0]}, "06ad2ecc67ff433c85752bd5289c94e6_d1_2.png": {"intrinsics": {"fx": 1079.24, "fy": 1079.68, "cx": 625.737, "cy": 521.12}, "camera_to_world_matrix": [-0.6353, -0.00275104, 0.77226, -2.42792, 0.772262, -3.06652e-05, 0.635302, -4.70133, -0.00172367, 0.999996, 0.00214252, 4.31846, 0.0, 0.0, 0.0, 1.0]}, "06ad2ecc67ff433c85752bd5289c94e6_d1_3.png": {"intrinsics": {"fx": 1079.24, "fy": 1079.68, "cx": 625.737, "cy": 521.12}, "camera_to_world_matrix": [0.351156, -0.00601761, 0.936296, -2.42849, 0.936315, 0.00244262, -0.351148, -4.69787, -0.000173551, 0.999978, 0.00649064, 4.31845, 0.0, 0.0, 0.0, 1.0]}, "06ad2ecc67ff433c85752bd5289c94e6_d1_4.png": {"intrinsics": {"fx": 1079.24, "fy": 1079.68, "cx": 625.737, "cy": 521.12}, "camera_to_world_matrix": [0.986442, -0.00550889, 0.164009, -2.42579, 0.164044, 0.00650819, -0.986431, -4.69565, 0.00436712, 0.999963, 0.00732217, 4.31845, 0.0, 0.0, 0.0, 1.0]}, "06ad2ecc67ff433c85752bd5289c94e6_d1_5.png": {"intrinsics": {"fx": 1079.24, "fy": 1079.68, "cx": 625.737, "cy": 521.12}, "camera_to_world_matrix": [0.635257, -0.00173359, -0.772298, -2.42251, -0.772264, 0.00810039, -0.635248, -4.69688, 0.00735756, 0.999965, 0.00380555, 4.31846, 0.0, 0.0, 0.0, 1.0]}, "06ad2ecc67ff433c85752bd5289c94e6_d2_0.png": {"intrinsics": {"fx": 1075.66, "fy": 1076.13, "cx": 641.451, "cy": 512.787}, "camera_to_world_matrix": [-0.353286, 0.62955, -0.691995, -2.41166, -0.935457, -0.229322, 0.268952, -4.70408, 0.0106286, 0.742347, 0.669934, 4.35176, 0.0, 0.0, 0.0, 1.0]}, "06ad2ecc67ff433c85752bd5289c94e6_d2_1.png": {"intrinsics": {"fx": 1075.66, "fy": 1076.13, "cx": 641.451, "cy": 512.787}, "camera_to_world_matrix": [-0.986812, 0.112746, -0.116167, -2.4229, -0.161769, -0.659811, 0.733812, -4.71332, 0.00608618, 0.742925, 0.669349, 4.35177, 0.0, 0.0, 0.0, 1.0]}, "06ad2ecc67ff433c85752bd5289c94e6_d2_2.png": {"intrinsics": {"fx": 1075.66, "fy": 1076.13, "cx": 641.451, "cy": 512.787}, "camera_to_world_matrix": [-0.63352, -0.518466, 0.574323, -2.43652, 0.773722, -0.427489, 0.467558, -4.70821, 0.00310375, 0.740572, 0.671972, 4.35172, 0.0, 0.0, 0.0, 1.0]}, "06ad2ecc67ff433c85752bd5289c94e6_d2_3.png": {"intrinsics": {"fx": 1075.66, "fy": 1076.13, "cx": 641.451, "cy": 512.787}, "camera_to_world_matrix": [0.353289, -0.63286, 0.688968, -2.43891, 0.935505, 0.235318, -0.263551, -4.69386, 0.00466384, 0.737642, 0.675179, 4.35166, 0.0, 0.0, 0.0, 1.0]}, "06ad2ecc67ff433c85752bd5289c94e6_d2_4.png": {"intrinsics": {"fx": 1075.66, "fy": 1076.13, "cx": 641.451, "cy": 512.787}, "camera_to_world_matrix": [0.986784, -0.116039, 0.113122, -2.42767, 0.161792, 0.665788, -0.728389, -4.68462, 0.00920627, 0.737063, 0.675763, 4.35165, 0.0, 0.0, 0.0, 1.0]}, "06ad2ecc67ff433c85752bd5289c94e6_d2_5.png": {"intrinsics": {"fx": 1075.66, "fy": 1076.13, "cx": 641.451, "cy": 512.787}, "camera_to_world_matrix": [0.633456, 0.515164, -0.577357, -2.41405, -0.773686, 0.433441, -0.462108, -4.68973, 0.0121886, 0.739416, 0.673141, 4.3517, 0.0, 0.0, 0.0, 1.0]}, "07ecdce20ccc400ba2017910315f5c61_d0_0.png": {"intrinsics": {"fx": 1074.99, "fy": 1076.2, "cx": 629.222, "cy": 530.191}, "camera_to_world_matrix": [0.59077, -0.527208, -0.610771, -1.98602, -0.806738, -0.373995, -0.457494, -0.749092, 0.0127691, 0.763007, -0.646264, 3.57569, 0.0, 0.0, 0.0, 1.0]}, "07ecdce20ccc400ba2017910315f5c61_d0_1.png": {"intrinsics": {"fx": 1074.99, "fy": 1076.2, "cx": 629.222, "cy": 530.191}, "camera_to_world_matrix": [-0.403122, -0.589366, -0.7001, -1.9843, -0.91455, 0.287052, 0.284955, -0.763539, 0.0330222, 0.755148, -0.654721, 3.57586, 0.0, 0.0, 0.0, 1.0]}, "07ecdce20ccc400ba2017910315f5c61_d0_2.png": {"intrinsics": {"fx": 1074.99, "fy": 1076.2, "cx": 629.222, "cy": 530.191}, "camera_to_world_matrix": [-0.993639, -0.0480191, -0.101854, -1.99595, -0.107614, 0.671254, 0.733373, -0.772248, 0.033154, 0.73967, -0.672153, 3.5762, 0.0, 0.0, 0.0, 1.0]}, "07ecdce20ccc400ba2017910315f5c61_d0_3.png": {"intrinsics": {"fx": 1074.99, "fy": 1076.2, "cx": 629.222, "cy": 530.191}, "camera_to_world_matrix": [-0.590251, 0.555473, 0.585707, -2.00932, 0.807114, 0.394402, 0.439332, -0.76651, 0.0130327, 0.732049, -0.681127, 3.57637, 0.0, 0.0, 0.0, 1.0]}, "07ecdce20ccc400ba2017910315f5c61_d0_4.png": {"intrinsics": {"fx": 1074.99, "fy": 1076.2, "cx": 629.222, "cy": 530.191}, "camera_to_world_matrix": [0.403645, 0.617604, 0.675007, -2.01104, 0.914887, -0.266646, -0.30312, -0.752062, -0.00721993, 0.739908, -0.672669, 3.57621, 0.0, 0.0, 0.0, 1.0]}, "07ecdce20ccc400ba2017910315f5c61_d0_5.png": {"intrinsics": {"fx": 1074.99, "fy": 1076.2, "cx": 629.222, "cy": 530.191}, "camera_to_world_matrix": [0.994131, 0.0762427, 0.0767433, -1.99938, 0.107928, -0.650828, -0.751514, -0.743354, -0.00735078, 0.755387, -0.655238, 3.57587, 0.0, 0.0, 0.0, 1.0]}, "07ecdce20ccc400ba2017910315f5c61_d1_0.png": {"intrinsics": {"fx": 1079.24, "fy": 1079.68, "cx": 625.737, "cy": 521.12}, "camera_to_world_matrix": [0.59877, 0.0195864, -0.80068, -1.99424, -0.800915, 0.0176975, -0.598514, -0.755252, 0.00244772, 0.999651, 0.0262823, 3.60919, 0.0, 0.0, 0.0, 1.0]}, "07ecdce20ccc400ba2017910315f5c61_d1_1.png": {"intrinsics": {"fx": 1079.24, "fy": 1079.68, "cx": 625.737, "cy": 521.12}, "camera_to_world_matrix": [-0.394054, 0.0227343, -0.918805, -1.99382, -0.918802, 0.0150749, 0.394426, -0.758727, 0.0228183, 0.999627, 0.0149465, 3.60923, 0.0, 0.0, 0.0, 1.0]}, "07ecdce20ccc400ba2017910315f5c61_d1_2.png": {"intrinsics": {"fx": 1079.24, "fy": 1079.68, "cx": 625.737, "cy": 521.12}, "camera_to_world_matrix": [-0.992762, 0.0220378, -0.118048, -1.99662, -0.117828, 0.0110378, 0.992972, -0.760822, 0.0231863, 0.999696, -0.00836276, 3.60931, 0.0, 0.0, 0.0, 1.0]}, "07ecdce20ccc400ba2017910315f5c61_d1_3.png": {"intrinsics": {"fx": 1079.24, "fy": 1079.68, "cx": 625.737, "cy": 521.12}, "camera_to_world_matrix": [-0.598633, 0.0181935, 0.800816, -1.99984, 0.801016, 0.00962342, 0.598564, -0.759442, 0.00318376, 0.999788, -0.0203357, 3.60936, 0.0, 0.0, 0.0, 1.0]}, "07ecdce20ccc400ba2017910315f5c61_d1_4.png": {"intrinsics": {"fx": 1079.24, "fy": 1079.68, "cx": 625.737, "cy": 521.12}, "camera_to_world_matrix": [0.394196, 0.0150457, 0.918902, -2.00025, 0.918864, 0.0122462, -0.394381, -0.755966, -0.0171864, 0.999811, -0.00899905, 3.60932, 0.0, 0.0, 0.0, 1.0]}, "07ecdce20ccc400ba2017910315f5c61_d1_5.png": {"intrinsics": {"fx": 1079.24, "fy": 1079.68, "cx": 625.737, "cy": 521.12}, "camera_to_world_matrix": [0.992873, 0.0157423, 0.118121, -1.99745, 0.117866, 0.0162832, -0.992895, -0.753872, -0.0175535, 0.999743, 0.0143102, 3.60924, 0.0, 0.0, 0.0, 1.0]}, "07ecdce20ccc400ba2017910315f5c61_d2_0.png": {"intrinsics": {"fx": 1075.66, "fy": 1076.13, "cx": 641.451, "cy": 512.787}, "camera_to_world_matrix": [0.597006, 0.550085, -0.583944, -1.98476, -0.802205, 0.415994, -0.428275, -0.748184, 0.00732925, 0.724125, 0.689632, 3.64218, 0.0, 0.0, 0.0, 1.0]}, "07ecdce20ccc400ba2017910315f5c61_d2_1.png": {"intrinsics": {"fx": 1075.66, "fy": 1076.13, "cx": 641.451, "cy": 512.787}, "camera_to_world_matrix": [-0.396064, 0.633625, -0.664571, -1.98304, -0.917808, -0.251368, 0.30732, -0.762631, 0.0276733, 0.731666, 0.681104, 3.64234, 0.0, 0.0, 0.0, 1.0]}, "07ecdce20ccc400ba2017910315f5c61_d2_2.png": {"intrinsics": {"fx": 1075.66, "fy": 1076.13, "cx": 641.451, "cy": 512.787}, "camera_to_world_matrix": [-0.992918, 0.0975049, -0.0679063, -1.99469, -0.115477, -0.657247, 0.744776, -0.77134, 0.0279877, 0.747342, 0.663853, 3.64268, 0.0, 0.0, 0.0, 1.0]}, "07ecdce20ccc400ba2017910315f5c61_d2_3.png": {"intrinsics": {"fx": 1075.66, "fy": 1076.13, "cx": 641.451, "cy": 512.787}, "camera_to_world_matrix": [-0.596686, -0.522143, 0.609371, -2.00806, 0.802437, -0.395755, 0.446627, -0.765601, 0.00795817, 0.755477, 0.655129, 3.64285, 0.0, 0.0, 0.0, 1.0]}, "07ecdce20ccc400ba2017910315f5c61_d2_4.png": {"intrinsics": {"fx": 1075.66, "fy": 1076.13, "cx": 641.451, "cy": 512.787}, "camera_to_world_matrix": [0.396389, -0.605657, 0.689969, -2.00978, 0.918001, 0.27161, -0.288972, -0.751154, -0.0123855, 0.747936, 0.663658, 3.64269, 0.0, 0.0, 0.0, 1.0]}, "07ecdce20ccc400ba2017910315f5c61_d2_5.png": {"intrinsics": {"fx": 1075.66, "fy": 1076.13, "cx": 641.451, "cy": 512.787}, "camera_to_world_matrix": [0.993211, -0.0695212, 0.0932872, -1.99813, 0.115647, 0.677468, -0.726404, -0.742445, -0.0126989, 0.73226, 0.68091, 3.64235, 0.0, 0.0, 0.0, 1.0]}, "0b7b6f0cad12468b9911290f9030ded6_d0_0.png": {"intrinsics": {"fx": 1074.99, "fy": 1076.2, "cx": 629.222, "cy": 530.191}, "camera_to_world_matrix": [-0.967524, -0.173023, -0.184282, 2.10386, -0.252661, 0.639757, 0.72586, 1.18902, -0.00769463, 0.748848, -0.662697, 4.18558, 0.0, 0.0, 0.0, 1.0]}, "0b7b6f0cad12468b9911290f9030ded6_d0_1.png": {"intrinsics": {"fx": 1074.99, "fy": 1076.2, "cx": 629.222, "cy": 530.191}, "camera_to_world_matrix": [-0.702688, 0.464518, 0.538936, 2.0898, 0.711486, 0.454491, 0.535933, 1.19273, 0.00400924, 0.76004, -0.649864, 4.18533, 0.0, 0.0, 0.0, 1.0]}, "0b7b6f0cad12468b9911290f9030ded6_d0_2.png": {"intrinsics": {"fx": 1074.99, "fy": 1076.2, "cx": 629.222, "cy": 530.191}, "camera_to_world_matrix": [0.2646, 0.622934, 0.736165, 2.08598, 0.964044, -0.190343, -0.185441, 1.20677, 0.0246062, 0.758763, -0.650901, 4.18535, 0.0, 0.0, 0.0, 1.0]}, "0b7b6f0cad12468b9911290f9030ded6_d0_3.png": {"intrinsics": {"fx": 1074.99, "fy": 1076.2, "cx": 629.222, "cy": 530.191}, "camera_to_world_matrix": [0.96703, 0.143806, 0.210172, 2.09623, 0.252448, -0.649895, -0.716872, 1.2171, 0.0334988, 0.746295, -0.664772, 4.18562, 0.0, 0.0, 0.0, 1.0]}, "0b7b6f0cad12468b9911290f9030ded6_d0_4.png": {"intrinsics": {"fx": 1074.99, "fy": 1076.2, "cx": 629.222, "cy": 530.191}, "camera_to_world_matrix": [0.702156, -0.493728, -0.513039, 2.11029, -0.711689, -0.464603, -0.526918, 1.21338, 0.0217943, 0.735103, -0.677605, 4.18587, 0.0, 0.0, 0.0, 1.0]}, "0b7b6f0cad12468b9911290f9030ded6_d0_5.png": {"intrinsics": {"fx": 1074.99, "fy": 1076.2, "cx": 629.222, "cy": 530.191}, "camera_to_world_matrix": [-0.265142, -0.652119, -0.71024, 2.11411, -0.964208, 0.180236, 0.194464, 1.19934, 0.0011974, 0.73638, -0.676567, 4.18585, 0.0, 0.0, 0.0, 1.0]}, "0b7b6f0cad12468b9911290f9030ded6_d1_0.png": {"intrinsics": {"fx": 1079.24, "fy": 1079.68, "cx": 625.737, "cy": 521.12}, "camera_to_world_matrix": [-0.964793, -0.0160217, -0.262518, 2.10031, -0.262403, -0.00890688, 0.964916, 1.19945, -0.0177974, 0.999831, 0.00438767, 4.21884, 0.0, 0.0, 0.0, 1.0]}, "0b7b6f0cad12468b9911290f9030ded6_d1_1.png": {"intrinsics": {"fx": 1079.24, "fy": 1079.68, "cx": 625.737, "cy": 521.12}, "camera_to_world_matrix": [-0.709719, -0.0196168, 0.704211, 2.09693, 0.704455, -0.0108706, 0.709663, 1.20035, -0.00626574, 0.999748, 0.0215327, 4.21878, 0.0, 0.0, 0.0, 1.0]}, "0b7b6f0cad12468b9911290f9030ded6_d1_2.png": {"intrinsics": {"fx": 1079.24, "fy": 1079.68, "cx": 625.737, "cy": 521.12}, "camera_to_world_matrix": [0.255035, -0.0231151, 0.966655, 2.09601, 0.966824, -0.00873819, -0.255289, 1.20372, 0.0143482, 0.999694, 0.0201182, 4.21878, 0.0, 0.0, 0.0, 1.0]}, "0b7b6f0cad12468b9911290f9030ded6_d1_3.png": {"intrinsics": {"fx": 1079.24, "fy": 1079.68, "cx": 625.737, "cy": 521.12}, "camera_to_world_matrix": [0.964693, -0.0230181, 0.262364, 2.09848, 0.262328, -0.00464213, -0.964967, 1.20621, 0.0234301, 0.999724, 0.00155856, 4.21885, 0.0, 0.0, 0.0, 1.0]}, "0b7b6f0cad12468b9911290f9030ded6_d1_4.png": {"intrinsics": {"fx": 1079.24, "fy": 1079.68, "cx": 625.737, "cy": 521.12}, "camera_to_world_matrix": [0.709581, -0.019423, -0.704355, 2.10186, -0.704521, -0.00267857, -0.709676, 1.20531, 0.0118977, 0.999807, -0.0155861, 4.21891, 0.0, 0.0, 0.0, 1.0]}, "0b7b6f0cad12468b9911290f9030ded6_d1_5.png": {"intrinsics": {"fx": 1079.24, "fy": 1079.68, "cx": 625.737, "cy": 521.12}, "camera_to_world_matrix": [-0.255183, -0.0159248, -0.966761, 2.10278, -0.966852, -0.0048111, 0.255287, 1.20194, -0.00871618, 0.999861, -0.0141707, 4.2189, 0.0, 0.0, 0.0, 1.0]}, "0b7b6f0cad12468b9911290f9030ded6_d2_0.png": {"intrinsics": {"fx": 1075.66, "fy": 1076.13, "cx": 641.451, "cy": 512.787}, "camera_to_world_matrix": [-0.965466, 0.166058, -0.200757, 2.10257, -0.260212, -0.652945, 0.711304, 1.18856, -0.0129654, 0.738978, 0.673607, 4.25206, 0.0, 0.0, 0.0, 1.0]}, "0b7b6f0cad12468b9911290f9030ded6_d2_1.png": {"intrinsics": {"fx": 1075.66, "fy": 1076.13, "cx": 641.451, "cy": 512.787}, "camera_to_world_matrix": [-0.708177, -0.48521, 0.512892, 2.0885, 0.706036, -0.485245, 0.515803, 1.19228, -0.00139462, 0.727399, 0.686216, 4.25181, 0.0, 0.0, 0.0, 1.0]}, "0b7b6f0cad12468b9911290f9030ded6_d2_2.png": {"intrinsics": {"fx": 1075.66, "fy": 1076.13, "cx": 641.451, "cy": 512.787}, "camera_to_world_matrix": [0.257156, -0.665703, 0.700508, 2.08468, 0.966181, 0.162697, -0.200069, 1.20632, 0.0192156, 0.728265, 0.685028, 4.25183, 0.0, 0.0, 0.0, 1.0]}, "0b7b6f0cad12468b9911290f9030ded6_d2_3.png": {"intrinsics": {"fx": 1075.66, "fy": 1076.13, "cx": 641.451, "cy": 512.787}, "camera_to_world_matrix": [0.965178, -0.194923, 0.174472, 2.09493, 0.260071, 0.642926, -0.720424, 1.21664, 0.0282546, 0.740711, 0.671232, 4.2521, 0.0, 0.0, 0.0, 1.0]}, "0b7b6f0cad12468b9911290f9030ded6_d2_4.png": {"intrinsics": {"fx": 1075.66, "fy": 1076.13, "cx": 641.451, "cy": 512.787}, "camera_to_world_matrix": [0.707851, 0.456339, -0.539169, 2.10899, -0.706168, 0.475201, -0.524895, 1.21293, 0.0166831, 0.75229, 0.658624, 4.25235, 0.0, 0.0, 0.0, 1.0]}, "0b7b6f0cad12468b9911290f9030ded6_d2_5.png": {"intrinsics": {"fx": 1075.66, "fy": 1076.13, "cx": 641.451, "cy": 512.787}, "camera_to_world_matrix": [-0.257493, 0.636806, -0.726758, 2.11281, -0.966274, -0.172749, 0.190984, 1.19889, -0.00392702, 0.751423, 0.659812, 4.25233, 0.0, 0.0, 0.0, 1.0]}, "0d1580354e1c4907bc26f85be0fbc2e8_d0_0.png": {"intrinsics": {"fx": 1074.99, "fy": 1076.2, "cx": 629.222, "cy": 530.191}, "camera_to_world_matrix": [-0.123951, -0.663595, -0.737752, 5.1728, -0.991579, 0.110943, 0.066805, -3.48321, 0.0375171, 0.739819, -0.671759, 4.73514, 0.0, 0.0, 0.0, 1.0]}, "0d1580354e1c4907bc26f85be0fbc2e8_d0_1.png": {"intrinsics": {"fx": 1074.99, "fy": 1076.2, "cx": 629.222, "cy": 530.191}, "camera_to_world_matrix": [-0.921289, -0.255278, -0.293358, 5.16414, -0.388566, 0.634469, 0.66818, -3.4949, 0.0155551, 0.729576, -0.683722, 4.73537, 0.0, 0.0, 0.0, 1.0]}, "0d1580354e1c4907bc26f85be0fbc2e8_d0_2.png": {"intrinsics": {"fx": 1074.99, "fy": 1076.2, "cx": 629.222, "cy": 530.191}, "camera_to_world_matrix": [-0.797421, 0.40233, 0.449721, 5.14968, 0.603354, 0.54281, 0.584226, -3.49325, -0.00906193, 0.737215, -0.675597, 4.73522, 0.0, 0.0, 0.0, 1.0]}, "0d1580354e1c4907bc26f85be0fbc2e8_d0_3.png": {"intrinsics": {"fx": 1074.99, "fy": 1076.2, "cx": 629.222, "cy": 530.191}, "camera_to_world_matrix": [0.123783, 0.651605, 0.74839, 5.14389, 0.99224, -0.0723719, -0.101102, -3.47991, -0.0117163, 0.755097, -0.655508, 4.73483, 0.0, 0.0, 0.0, 1.0]}, "0d1580354e1c4907bc26f85be0fbc2e8_d0_4.png": {"intrinsics": {"fx": 1074.99, "fy": 1076.2, "cx": 629.222, "cy": 530.191}, "camera_to_world_matrix": [0.921098, 0.243267, 0.303973, 5.15255, 0.389196, -0.595882, -0.70246, -3.46822, 0.0102463, 0.76534, -0.643545, 4.73459, 0.0, 0.0, 0.0, 1.0]}, "0d1580354e1c4907bc26f85be0fbc2e8_d0_5.png": {"intrinsics": {"fx": 1074.99, "fy": 1076.2, "cx": 629.222, "cy": 530.191}, "camera_to_world_matrix": [0.797191, -0.414337, -0.439103, 5.16701, -0.60272, -0.504198, -0.618477, -3.46987, 0.0348629, 0.7577, -0.651671, 4.73475, 0.0, 0.0, 0.0, 1.0]}, "0d1580354e1c4907bc26f85be0fbc2e8_d1_0.png": {"intrinsics": {"fx": 1079.24, "fy": 1079.68, "cx": 625.737, "cy": 521.12}, "camera_to_world_matrix": [-0.113819, -0.00473817, -0.993489, 5.16155, -0.993118, 0.0282686, 0.113642, -3.4811, 0.0275465, 0.999588, -0.00792457, 4.76826, 0.0, 0.0, 0.0, 1.0]}, "0d1580354e1c4907bc26f85be0fbc2e8_d1_1.png": {"intrinsics": {"fx": 1079.24, "fy": 1079.68, "cx": 625.737, "cy": 521.12}, "camera_to_world_matrix": [-0.917293, -0.00424653, -0.398187, 5.15947, -0.398168, 0.0242023, 0.916992, -3.48391, 0.00574341, 0.999697, -0.023893, 4.76832, 0.0, 0.0, 0.0, 1.0]}, "0d1580354e1c4907bc26f85be0fbc2e8_d1_2.png": {"intrinsics": {"fx": 1079.24, "fy": 1079.68, "cx": 625.737, "cy": 521.12}, "camera_to_world_matrix": [-0.803476, -0.00752336, 0.595288, 5.15599, 0.595032, 0.0217429, 0.803407, -3.48351, -0.0189872, 0.999735, -0.0129948, 4.76828, 0.0, 0.0, 0.0, 1.0]}, "0d1580354e1c4907bc26f85be0fbc2e8_d1_3.png": {"intrinsics": {"fx": 1079.24, "fy": 1079.68, "cx": 625.737, "cy": 521.12}, "camera_to_world_matrix": [0.113812, -0.0112918, 0.993437, 5.1546, 0.993259, 0.0233497, -0.113527, -3.4803, -0.0219142, 0.999663, 0.0138717, 4.76818, 0.0, 0.0, 0.0, 1.0]}, "0d1580354e1c4907bc26f85be0fbc2e8_d1_4.png": {"intrinsics": {"fx": 1079.24, "fy": 1079.68, "cx": 625.737, "cy": 521.12}, "camera_to_world_matrix": [0.917263, -0.0117832, 0.398103, 5.15668, 0.398278, 0.027416, -0.916854, -3.47749, -0.000110502, 0.999554, 0.0298392, 4.76813, 0.0, 0.0, 0.0, 1.0]}, "0d1580354e1c4907bc26f85be0fbc2e8_d1_5.png": {"intrinsics": {"fx": 1079.24, "fy": 1079.68, "cx": 625.737, "cy": 521.12}, "camera_to_world_matrix": [0.803408, -0.00850632, -0.595367, 5.16016, -0.594918, 0.0298753, -0.80323, -3.47789, 0.0246197, 0.999517, 0.01894, 4.76817, 0.0, 0.0, 0.0, 1.0]}, "0d1580354e1c4907bc26f85be0fbc2e8_d2_0.png": {"intrinsics": {"fx": 1075.66, "fy": 1076.13, "cx": 641.451, "cy": 512.787}, "camera_to_world_matrix": [-0.116138, 0.662739, -0.739791, 5.17226, -0.992708, -0.053193, 0.108188, -3.4815, 0.0323483, 0.74696, 0.664084, 4.80162, 0.0, 0.0, 0.0, 1.0]}, "0d1580354e1c4907bc26f85be0fbc2e8_d2_1.png": {"intrinsics": {"fx": 1075.66, "fy": 1076.13, "cx": 641.451, "cy": 512.787}, "camera_to_world_matrix": [-0.918224, 0.26565, -0.293766, 5.1636, -0.395927, -0.595974, 0.698611, -3.49319, 0.0105091, 0.75779, 0.652417, 4.80185, 0.0, 0.0, 0.0, 1.0]}, "0d1580354e1c4907bc26f85be0fbc2e8_d2_2.png": {"intrinsics": {"fx": 1075.66, "fy": 1076.13, "cx": 641.451, "cy": 512.787}, "camera_to_world_matrix": [-0.802127, -0.403026, 0.440641, 5.14915, 0.596988, -0.523668, 0.607766, -3.49153, -0.0141959, 0.750562, 0.660651, 4.80169, 0.0, 0.0, 0.0, 1.0]}, "0d1580354e1c4907bc26f85be0fbc2e8_d2_3.png": {"intrinsics": {"fx": 1075.66, "fy": 1076.13, "cx": 641.451, "cy": 512.787}, "camera_to_world_matrix": [0.116054, -0.674598, 0.729006, 5.14335, 0.993098, 0.091417, -0.0734999, -3.47819, -0.017061, 0.732503, 0.680552, 4.8013, 0.0, 0.0, 0.0, 1.0]}, "0d1580354e1c4907bc26f85be0fbc2e8_d2_4.png": {"intrinsics": {"fx": 1075.66, "fy": 1076.13, "cx": 641.451, "cy": 512.787}, "camera_to_world_matrix": [0.918117, -0.277488, 0.282958, 5.15202, 0.396285, 0.634183, -0.663906, -3.4665, 0.00477879, 0.721674, 0.692219, 4.80107, 0.0, 0.0, 0.0, 1.0]}, "0d1580354e1c4907bc26f85be0fbc2e8_d2_5.png": {"intrinsics": {"fx": 1075.66, "fy": 1076.13, "cx": 641.451, "cy": 512.787}, "camera_to_world_matrix": [0.801981, 0.391185, -0.451446, 5.16647, -0.596625, 0.561851, -0.573032, -3.46816, 0.0294834, 0.728903, 0.683985, 4.80123, 0.0, 0.0, 0.0, 1.0]}, "0f7b09a4f8314fceb64746af1c350f5c_d0_0.png": {"intrinsics": {"fx": 1074.99, "fy": 1076.2, "cx": 629.222, "cy": 530.191}, "camera_to_world_matrix": [-0.983654, 0.0917463, 0.154939, -0.296247, 0.176906, 0.652866, 0.736525, 1.26922, -0.0335811, 0.751896, -0.658426, 7.12396, 0.0, 0.0, 0.0, 1.0]}, "0f7b09a4f8314fceb64746af1c350f5c_d0_1.png": {"intrinsics": {"fx": 1074.99, "fy": 1076.2, "cx": 629.222, "cy": 530.191}, "camera_to_world_matrix": [-0.339038, 0.592126, 0.731053, -0.307444, 0.940762, 0.217042, 0.260499, 1.2785, -0.0044208, 0.776066, -0.630635, 7.12342, 0.0, 0.0, 0.0, 1.0]}, "0f7b09a4f8314fceb64746af1c350f5c_d0_2.png": {"intrinsics": {"fx": 1074.99, "fy": 1076.2, "cx": 629.222, "cy": 530.191}, "camera_to_world_matrix": [0.644018, 0.465258, 0.607269, -0.305016, 0.763854, -0.434715, -0.477022, 1.29284, 0.0420513, 0.771075, -0.635354, 7.12352, 0.0, 0.0, 0.0, 1.0]}, "0f7b09a4f8314fceb64746af1c350f5c_d0_3.png": {"intrinsics": {"fx": 1074.99, "fy": 1076.2, "cx": 629.222, "cy": 530.191}, "camera_to_world_matrix": [0.982436, -0.161988, -0.0926262, -0.291392, -0.176906, -0.650633, -0.738499, 1.29791, 0.0593621, 0.741914, -0.667862, 7.12415, 0.0, 0.0, 0.0, 1.0]}, "0f7b09a4f8314fceb64746af1c350f5c_d0_4.png": {"intrinsics": {"fx": 1074.99, "fy": 1076.2, "cx": 629.222, "cy": 530.191}, "camera_to_world_matrix": [0.33779, -0.662351, -0.668722, -0.280196, -0.940737, -0.214788, -0.26245, 1.28863, 0.0302003, 0.717744, -0.695651, 7.12469, 0.0, 0.0, 0.0, 1.0]}, "0f7b09a4f8314fceb64746af1c350f5c_d0_5.png": {"intrinsics": {"fx": 1074.99, "fy": 1076.2, "cx": 629.222, "cy": 530.191}, "camera_to_world_matrix": [-0.645259, -0.535457, -0.544909, -0.282624, -0.76379, 0.436964, 0.475065, 1.27429, -0.0162715, 0.722737, -0.690932, 7.1246, 0.0, 0.0, 0.0, 1.0]}, "0f7b09a4f8314fceb64746af1c350f5c_d1_0.png": {"intrinsics": {"fx": 1079.24, "fy": 1079.68, "cx": 625.737, "cy": 521.12}, "camera_to_world_matrix": [-0.984998, -0.0446747, 0.166673, -0.295965, 0.166923, -0.00191377, 0.985967, 1.28016, -0.0437284, 0.998999, 0.00934083, 7.15725, 0.0, 0.0, 0.0, 1.0]}, "0f7b09a4f8314fceb64746af1c350f5c_d1_1.png": {"intrinsics": {"fx": 1079.24, "fy": 1079.68, "cx": 625.737, "cy": 521.12}, "camera_to_world_matrix": [-0.348097, -0.0487584, 0.936189, -0.298658, 0.937338, -0.00218656, 0.34841, 1.28239, -0.0149405, 0.998808, 0.0464628, 7.15712, 0.0, 0.0, 0.0, 1.0]}, "0f7b09a4f8314fceb64746af1c350f5c_d1_2.png": {"intrinsics": {"fx": 1079.24, "fy": 1079.68, "cx": 625.737, "cy": 521.12}, "camera_to_world_matrix": [0.636777, -0.051036, 0.769356, -0.298074, 0.770398, 0.00121757, -0.63756, 1.28585, 0.0316022, 0.998695, 0.0400919, 7.15714, 0.0, 0.0, 0.0, 1.0]}, "0f7b09a4f8314fceb64746af1c350f5c_d1_3.png": {"intrinsics": {"fx": 1079.24, "fy": 1079.68, "cx": 625.737, "cy": 521.12}, "camera_to_world_matrix": [0.984727, -0.0492298, -0.16699, -0.294797, -0.166953, 0.004894