{"0024bf6c261d4759be19234c9af1e819_d0_0.png": {"intrinsics": {"fx": 1070.84, "fy": 1071.69, "cx": 638.101, "cy": 520.013}, "camera_to_world_matrix": [0.978678, 0.118953, 0.167452, -2.75254, 0.204336, -0.646804, -0.734774, 3.39863, 0.0209048, 0.753323, -0.657319, -1.50543, 0.0, 0.0, 0.0, 1.0]}, "0024bf6c261d4759be19234c9af1e819_d0_1.png": {"intrinsics": {"fx": 1070.84, "fy": 1071.69, "cx": 638.101, "cy": 520.013}, "camera_to_world_matrix": [0.666014, -0.514324, -0.540275, -2.73869, -0.745519, -0.434625, -0.505275, 3.39419, 0.0250578, 0.739306, -0.672904, -1.50513, 0.0, 0.0, 0.0, 1.0]}, "0024bf6c261d4759be19234c9af1e819_d0_2.png": {"intrinsics": {"fx": 1070.84, "fy": 1071.69, "cx": 638.101, "cy": 520.013}, "camera_to_world_matrix": [-0.312769, -0.647116, -0.695282, -2.73561, -0.949787, 0.220001, 0.222497, 3.37997, 0.0089814, 0.72996, -0.683431, -1.50492, 0.0, 0.0, 0.0, 1.0]}, "0024bf6c261d4759be19234c9af1e819_d0_3.png": {"intrinsics": {"fx": 1070.84, "fy": 1071.69, "cx": 638.101, "cy": 520.013}, "camera_to_world_matrix": [-0.978866, -0.146628, -0.142558, -2.74638, -0.204196, 0.662433, 0.720755, 3.37019, -0.0112477, 0.734632, -0.678373, -1.50502, 0.0, 0.0, 0.0, 1.0]}, "0024bf6c261d4759be19234c9af1e819_d0_4.png": {"intrinsics": {"fx": 1070.84, "fy": 1071.69, "cx": 638.101, "cy": 520.013}, "camera_to_world_matrix": [-0.666164, 0.486641, 0.565161, -2.76024, 0.745647, 0.450229, 0.491229, 3.37463, -0.0153998, 0.748649, -0.662788, -1.50532, 0.0, 0.0, 0.0, 1.0]}, "0024bf6c261d4759be19234c9af1e819_d0_5.png": {"intrinsics": {"fx": 1070.84, "fy": 1071.69, "cx": 638.101, "cy": 520.013}, "camera_to_world_matrix": [0.312627, 0.619407, 0.720139, -2.76332, 0.949876, -0.204402, -0.23655, 3.38885, 0.000677181, 0.757994, -0.652261, -1.50553, 0.0, 0.0, 0.0, 1.0]}, "0024bf6c261d4759be19234c9af1e819_d1_0.png": {"intrinsics": {"fx": 1075.53, "fy": 1075.72, "cx": 627.296, "cy": 507.921}, "camera_to_world_matrix": [0.976888, -0.0281215, 0.211895, -2.75082, 0.212037, 0.0021434, -0.97726, 3.38818, 0.0270278, 0.999602, 0.00805661, -1.47203, 0.0, 0.0, 0.0, 1.0]}, "0024bf6c261d4759be19234c9af1e819_d1_1.png": {"intrinsics": {"fx": 1075.53, "fy": 1075.72, "cx": 627.296, "cy": 507.921}, "camera_to_world_matrix": [0.671673, -0.0305978, -0.740216, -2.74749, -0.740184, 0.0145566, -0.672247, 3.38711, 0.0313443, 0.999426, -0.0128708, -1.47196, 0.0, 0.0, 0.0, 1.0]}, "0024bf6c261d4759be19234c9af1e819_d1_2.png": {"intrinsics": {"fx": 1075.53, "fy": 1075.72, "cx": 627.296, "cy": 507.921}, "camera_to_world_matrix": [-0.305436, -0.0210866, -0.951979, -2.74675, -0.952089, 0.02291, 0.304963, 3.38369, 0.0153793, 0.999515, -0.0270739, -1.47191, 0.0, 0.0, 0.0, 1.0]}, "0024bf6c261d4759be19234c9af1e819_d1_3.png": {"intrinsics": {"fx": 1075.53, "fy": 1075.72, "cx": 627.296, "cy": 507.921}, "camera_to_world_matrix": [-0.977308, -0.00909921, -0.211628, -2.74934, -0.211767, 0.01885, 0.977139, 3.38134, -0.00490197, 0.999781, -0.0203493, -1.47193, 0.0, 0.0, 0.0, 1.0]}, "0024bf6c261d4759be19234c9af1e819_d1_4.png": {"intrinsics": {"fx": 1075.53, "fy": 1075.72, "cx": 627.296, "cy": 507.921}, "camera_to_world_matrix": [-0.672056, -0.00662335, 0.740471, -2.75267, 0.740443, 0.00643672, 0.672089, 3.3824, -0.00921766, 0.999957, 0.000578321, -1.472, 0.0, 0.0, 0.0, 1.0]}, "0024bf6c261d4759be19234c9af1e819_d1_5.png": {"intrinsics": {"fx": 1075.53, "fy": 1075.72, "cx": 627.296, "cy": 507.921}, "camera_to_world_matrix": [0.305061, -0.0161349, 0.952196, -2.75341, 0.952309, -0.00191632, -0.30513, 3.38582, 0.00674798, 0.999868, 0.0147808, -1.47205, 0.0, 0.0, 0.0, 1.0]}, "0024bf6c261d4759be19234c9af1e819_d2_0.png": {"intrinsics": {"fx": 1069.79, "fy": 1069.93, "cx": 626.399, "cy": 518.106}, "camera_to_world_matrix": [0.976953, -0.157148, 0.144461, -2.75378, 0.212658, 0.658003, -0.722364, 3.39932, 0.018462, 0.736436, 0.676256, -1.43895, 0.0, 0.0, 0.0, 1.0]}, "0024bf6c261d4759be19234c9af1e819_d2_1.png": {"intrinsics": {"fx": 1069.79, "fy": 1069.93, "cx": 626.399, "cy": 518.106}, "camera_to_world_matrix": [0.672401, 0.477511, -0.565563, -2.73993, -0.739837, 0.457104, -0.493658, 3.39489, 0.0227937, 0.75036, 0.660637, -1.43864, 0.0, 0.0, 0.0, 1.0]}, "0024bf6c261d4759be19234c9af1e819_d2_2.png": {"intrinsics": {"fx": 1069.79, "fy": 1069.93, "cx": 626.399, "cy": 518.106}, "camera_to_world_matrix": [-0.304614, 0.620761, -0.722404, -2.73685, -0.952452, -0.193077, 0.235707, 3.38067, 0.00683781, 0.759854, 0.650059, -1.43843, 0.0, 0.0, 0.0, 1.0]}, "0024bf6c261d4759be19234c9af1e819_d2_3.png": {"intrinsics": {"fx": 1069.79, "fy": 1069.93, "cx": 626.399, "cy": 518.106}, "camera_to_world_matrix": [-0.977055, 0.129349, -0.169217, -2.74762, -0.212567, -0.642344, 0.736349, 3.37089, -0.0134494, 0.755423, 0.6551, -1.43853, 0.0, 0.0, 0.0, 1.0]}, "0024bf6c261d4759be19234c9af1e819_d2_4.png": {"intrinsics": {"fx": 1069.79, "fy": 1069.93, "cx": 626.399, "cy": 518.106}, "camera_to_world_matrix": [-0.672465, -0.505301, 0.540798, -2.76147, 0.739916, -0.44142, 0.507616, 3.37533, -0.0177803, 0.741498, 0.67072, -1.43884, 0.0, 0.0, 0.0, 1.0]}, "0024bf6c261d4759be19234c9af1e819_d2_5.png": {"intrinsics": {"fx": 1069.79, "fy": 1069.93, "cx": 626.399, "cy": 518.106}, "camera_to_world_matrix": [0.304558, -0.648526, 0.69761, -2.76455, 0.952493, 0.208767, -0.221755, 3.38955, -0.00182387, 0.732005, 0.681298, -1.43904, 0.0, 0.0, 0.0, 1.0]}, "03a14d1a339f44d69f8b4241489a6323_d0_0.png": {"intrinsics": {"fx": 1070.84, "fy": 1071.69, "cx": 638.101, "cy": 520.013}, "camera_to_world_matrix": [-0.631259, -0.523474, -0.572266, 12.6126, -0.775548, 0.420223, 0.471103, 11.2783, -0.00613047, 0.741207, -0.671248, 1.61459, 0.0, 0.0, 0.0, 1.0]}, "03a14d1a339f44d69f8b4241489a6323_d0_1.png": {"intrinsics": {"fx": 1070.84, "fy": 1071.69, "cx": 638.101, "cy": 520.013}, "camera_to_world_matrix": [-0.98728, 0.102013, 0.121948, 12.599, 0.158928, 0.654664, 0.739025, 11.2731, -0.00444506, 0.749005, -0.662549, 1.61442, 0.0, 0.0, 0.0, 1.0]}, "03a14d1a339f44d69f8b4241489a6323_d0_2.png": {"intrinsics": {"fx": 1070.84, "fy": 1071.69, "cx": 638.101, "cy": 520.013}, "camera_to_world_matrix": [-0.356049, 0.617806, 0.701103, 12.5876, 0.934445, 0.230159, 0.271736, 11.2822, 0.00651531, 0.751893, -0.659253, 1.61436, 0.0, 0.0, 0.0, 1.0]}, "03a14d1a339f44d69f8b4241489a6323_d0_3.png": {"intrinsics": {"fx": 1070.84, "fy": 1071.69, "cx": 638.101, "cy": 520.013}, "camera_to_world_matrix": [0.631189, 0.508102, 0.586031, 12.5898, 0.775468, -0.428778, -0.463464, 11.2965, 0.0157899, 0.746982, -0.664656, 1.61446, 0.0, 0.0, 0.0, 1.0]}, "03a14d1a339f44d69f8b4241489a6323_d0_4.png": {"intrinsics": {"fx": 1070.84, "fy": 1071.69, "cx": 638.101, "cy": 520.013}, "camera_to_world_matrix": [0.987175, -0.117393, -0.108193, 12.6034, -0.159022, -0.663194, -0.731359, 11.3018, 0.014104, 0.739184, -0.673355, 1.61463, 0.0, 0.0, 0.0, 1.0]}, "03a14d1a339f44d69f8b4241489a6323_d0_5.png": {"intrinsics": {"fx": 1070.84, "fy": 1071.69, "cx": 638.101, "cy": 520.013}, "camera_to_world_matrix": [0.355913, -0.63317, -0.68733, 12.6147, -0.934514, -0.238668, -0.264048, 11.2927, 0.00314352, 0.736297, -0.676651, 1.6147, 0.0, 0.0, 0.0, 1.0]}, "03a14d1a339f44d69f8b4241489a6323_d1_0.png": {"intrinsics": {"fx": 1075.53, "fy": 1075.72, "cx": 627.296, "cy": 507.921}, "camera_to_world_matrix": [-0.62521, -0.00819749, -0.780414, 12.6036, -0.780457, 0.00674619, 0.625173, 11.2851, 0.000139989, 0.999944, -0.0106156, 1.64779, 0.0, 0.0, 0.0, 1.0]}, "03a14d1a339f44d69f8b4241489a6323_d1_1.png": {"intrinsics": {"fx": 1075.53, "fy": 1075.72, "cx": 627.296, "cy": 507.921}, "camera_to_world_matrix": [-0.988508, 0.00155077, 0.151163, 12.6003, 0.151161, -0.00132969, 0.988508, 11.2838, 0.00173397, 0.999998, 0.00107995, 1.64775, 0.0, 0.0, 0.0, 1.0]}, "03a14d1a339f44d69f8b4241489a6323_d1_2.png": {"intrinsics": {"fx": 1075.53, "fy": 1075.72, "cx": 627.296, "cy": 507.921}, "camera_to_world_matrix": [-0.36339, -0.000568431, 0.931637, 12.5976, 0.931551, -0.0138097, 0.363348, 11.286, 0.0126592, 0.999905, 0.0055478, 1.64774, 0.0, 0.0, 0.0, 1.0]}, "03a14d1a339f44d69f8b4241489a6323_d1_3.png": {"intrinsics": {"fx": 1075.53, "fy": 1075.72, "cx": 627.296, "cy": 507.921}, "camera_to_world_matrix": [0.625012, -0.0124358, 0.780516, 12.5981, 0.780306, -0.0182136, -0.625133, 11.2894, 0.0219901, 0.999757, -0.00168002, 1.64776, 0.0, 0.0, 0.0, 1.0]}, "03a14d1a339f44d69f8b4241489a6323_d1_4.png": {"intrinsics": {"fx": 1075.53, "fy": 1075.72, "cx": 627.296, "cy": 507.921}, "camera_to_world_matrix": [0.988273, -0.0221838, -0.151075, 12.6014, -0.151327, -0.0101374, -0.988432, 11.2907, 0.0203957, 0.999703, -0.0133755, 1.6478, 0.0, 0.0, 0.0, 1.0]}, "03a14d1a339f44d69f8b4241489a6323_d1_5.png": {"intrinsics": {"fx": 1075.53, "fy": 1075.72, "cx": 627.296, "cy": 507.921}, "camera_to_world_matrix": [0.363125, -0.0200641, -0.931524, 12.6041, -0.931692, 0.0023426, -0.363241, 11.2885, 0.00947032, 0.999796, -0.017843, 1.64782, 0.0, 0.0, 0.0, 1.0]}, "03a14d1a339f44d69f8b4241489a6323_d2_0.png": {"intrinsics": {"fx": 1069.79, "fy": 1069.93, "cx": 626.399, "cy": 518.106}, "camera_to_world_matrix": [-0.6246, 0.513416, -0.588455, 12.6119, -0.7809, -0.418726, 0.463534, 11.278, -0.00841547, 0.749048, 0.662463, 1.68109, 0.0, 0.0, 0.0, 1.0]}, "03a14d1a339f44d69f8b4241489a6323_d2_1.png": {"intrinsics": {"fx": 1069.79, "fy": 1069.93, "cx": 626.399, "cy": 518.106}, "camera_to_world_matrix": [-0.988585, -0.106032, 0.107042, 12.5983, 0.150512, -0.662794, 0.733519, 11.2727, -0.00682975, 0.741257, 0.671188, 1.68092, 0.0, 0.0, 0.0, 1.0]}, "03a14d1a339f44d69f8b4241489a6323_d2_2.png": {"intrinsics": {"fx": 1069.79, "fy": 1069.93, "cx": 626.399, "cy": 518.106}, "camera_to_world_matrix": [-0.363989, -0.627143, 0.688625, 12.587, 0.931395, -0.248332, 0.26615, 11.2818, 0.00409288, 0.738257, 0.674508, 1.68085, 0.0, 0.0, 0.0, 1.0]}, "03a14d1a339f44d69f8b4241489a6323_d2_3.png": {"intrinsics": {"fx": 1069.79, "fy": 1069.93, "cx": 626.399, "cy": 518.106}, "camera_to_world_matrix": [0.624579, -0.528795, 0.574698, 12.5892, 0.780847, 0.41019, -0.471193, 11.2962, 0.0134295, 0.743048, 0.669104, 1.68096, 0.0, 0.0, 0.0, 1.0]}, "03a14d1a339f44d69f8b4241489a6323_d2_4.png": {"intrinsics": {"fx": 1069.79, "fy": 1069.93, "cx": 626.399, "cy": 518.106}, "camera_to_world_matrix": [0.988527, 0.0906619, -0.120809, 12.6027, -0.15058, 0.654234, -0.741151, 11.3014, 0.0118434, 0.750839, 0.66038, 1.68113, 0.0, 0.0, 0.0, 1.0]}, "03a14d1a339f44d69f8b4241489a6323_d2_5.png": {"intrinsics": {"fx": 1069.79, "fy": 1069.93, "cx": 626.399, "cy": 518.106}, "camera_to_world_matrix": [0.3639, 0.611757, -0.702374, 12.6141, -0.931438, 0.239751, -0.273759, 11.2923, 0.000920583, 0.753839, 0.65706, 1.6812, 0.0, 0.0, 0.0, 1.0]}, "0469b4fc6cbd47339d41631e3ec093a4_d0_0.png": {"intrinsics": {"fx": 1070.84, "fy": 1071.69, "cx": 638.101, "cy": 520.013}, "camera_to_world_matrix": [0.451525, -0.590414, -0.668982, -0.0844072, -0.89217, -0.288155, -0.347852, 8.84346, 0.0126061, 0.753909, -0.656858, 1.49613, 0.0, 0.0, 0.0, 1.0]}, "0469b4fc6cbd47339d41631e3ec093a4_d0_1.png": {"intrinsics": {"fx": 1070.84, "fy": 1071.69, "cx": 638.101, "cy": 520.013}, "camera_to_world_matrix": [-0.546907, -0.550002, -0.631183, -0.0850946, -0.836916, 0.378578, 0.395285, 8.82893, 0.0215448, 0.744431, -0.667352, 1.49634, 0.0, 0.0, 0.0, 1.0]}, "0469b4fc6cbd47339d41631e3ec093a4_d0_2.png": {"intrinsics": {"fx": 1070.84, "fy": 1071.69, "cx": 638.101, "cy": 520.013}, "camera_to_world_matrix": [-0.998373, 0.0476471, 0.0313304, -0.0980246, 0.0553379, 0.676865, 0.734025, 8.82226, 0.0137676, 0.734564, -0.678399, 1.49656, 0.0, 0.0, 0.0, 1.0]}, "0469b4fc6cbd47339d41631e3ec093a4_d0_3.png": {"intrinsics": {"fx": 1070.84, "fy": 1071.69, "cx": 638.101, "cy": 520.013}, "camera_to_world_matrix": [-0.451397, 0.60487, 0.656029, -0.110267, 0.892319, 0.308411, 0.329622, 8.83012, -0.00294809, 0.734177, -0.678952, 1.49657, 0.0, 0.0, 0.0, 1.0]}, "0469b4fc6cbd47339d41631e3ec093a4_d0_4.png": {"intrinsics": {"fx": 1070.84, "fy": 1071.69, "cx": 638.101, "cy": 520.013}, "camera_to_world_matrix": [0.547034, 0.564432, 0.6182, -0.109579, 0.837027, -0.358321, -0.413513, 8.84465, -0.0118862, 0.743655, -0.668458, 1.49636, 0.0, 0.0, 0.0, 1.0]}, "0469b4fc6cbd47339d41631e3ec093a4_d0_5.png": {"intrinsics": {"fx": 1070.84, "fy": 1071.69, "cx": 638.101, "cy": 520.013}, "camera_to_world_matrix": [0.998465, -0.0332286, -0.0443261, -0.0966486, -0.0552455, -0.656584, -0.752228, 8.85132, -0.00410847, 0.753522, -0.657411, 1.49615, 0.0, 0.0, 0.0, 1.0]}, "0469b4fc6cbd47339d41631e3ec093a4_d1_0.png": {"intrinsics": {"fx": 1075.53, "fy": 1075.72, "cx": 627.296, "cy": 507.921}, "camera_to_world_matrix": [0.458525, -0.000832023, -0.888682, -0.0939039, -0.888485, 0.0206408, -0.458442, 8.83885, 0.0187246, 0.999787, 0.00872503, 1.52954, 0.0, 0.0, 0.0, 1.0]}, "0469b4fc6cbd47339d41631e3ec093a4_d1_1.png": {"intrinsics": {"fx": 1075.53, "fy": 1075.72, "cx": 627.296, "cy": 507.921}, "camera_to_world_matrix": [-0.540258, 0.0105116, -0.841434, -0.0940693, -0.841041, 0.0262567, 0.540334, 8.83535, 0.0277731, 0.9996, -0.00534478, 1.52959, 0.0, 0.0, 0.0, 1.0]}, "0469b4fc6cbd47339d41631e3ec093a4_d1_2.png": {"intrinsics": {"fx": 1075.53, "fy": 1075.72, "cx": 627.296, "cy": 507.921}, "camera_to_world_matrix": [-0.998664, 0.0210484, 0.047207, -0.0971796, 0.0476134, 0.0192405, 0.998681, 8.83375, 0.0201123, 0.999593, -0.020217, 1.52965, 0.0, 0.0, 0.0, 1.0]}, "0469b4fc6cbd47339d41631e3ec093a4_d1_3.png": {"intrinsics": {"fx": 1075.53, "fy": 1075.72, "cx": 627.296, "cy": 507.921}, "camera_to_world_matrix": [-0.458275, 0.0202413, 0.88858, -0.100124, 0.888804, 0.00660849, 0.45824, 8.83564, 0.00340322, 0.999773, -0.0210191, 1.52965, 0.0, 0.0, 0.0, 1.0]}, "0469b4fc6cbd47339d41631e3ec093a4_d1_4.png": {"intrinsics": {"fx": 1075.53, "fy": 1075.72, "cx": 627.296, "cy": 507.921}, "camera_to_world_matrix": [0.540506, 0.00889744, 0.841293, -0.0999589, 0.841321, 0.000993008, -0.540535, 8.83913, -0.00564476, 0.99996, -0.00694893, 1.5296, 0.0, 0.0, 0.0, 1.0]}, "0469b4fc6cbd47339d41631e3ec093a4_d1_5.png": {"intrinsics": {"fx": 1075.53, "fy": 1075.72, "cx": 627.296, "cy": 507.921}, "camera_to_world_matrix": [0.998876, -0.00163906, -0.0473656, -0.0968486, -0.047351, 0.00800967, -0.998846, 8.84074, 0.00201658, 0.999967, 0.00792301, 1.52955, 0.0, 0.0, 0.0, 1.0]}, "0469b4fc6cbd47339d41631e3ec093a4_d2_0.png": {"intrinsics": {"fx": 1069.79, "fy": 1069.93, "cx": 626.399, "cy": 518.106}, "camera_to_world_matrix": [0.459103, 0.597869, -0.657098, -0.0837618, -0.888325, 0.317406, -0.331862, 8.84436, 0.010157, 0.736075, 0.676824, 1.56263, 0.0, 0.0, 0.0, 1.0]}, "0469b4fc6cbd47339d41631e3ec093a4_d2_1.png": {"intrinsics": {"fx": 1069.79, "fy": 1069.93, "cx": 626.399, "cy": 518.106}, "camera_to_world_matrix": [-0.539772, 0.568708, -0.62066, -0.0844492, -0.841593, -0.347731, 0.413286, 8.82983, 0.0192161, 0.745423, 0.666316, 1.56283, 0.0, 0.0, 0.0, 1.0]}, "0469b4fc6cbd47339d41631e3ec093a4_d2_2.png": {"intrinsics": {"fx": 1069.79, "fy": 1069.93, "cx": 626.399, "cy": 518.106}, "camera_to_world_matrix": [-0.998839, -0.0219323, 0.0429142, -0.0973792, 0.0467858, -0.654963, 0.754212, 8.82316, 0.0115655, 0.755343, 0.655228, 1.56305, 0.0, 0.0, 0.0, 1.0]}, "0469b4fc6cbd47339d41631e3ec093a4_d2_3.png": {"intrinsics": {"fx": 1069.79, "fy": 1069.93, "cx": 626.399, "cy": 518.106}, "camera_to_world_matrix": [-0.45902, -0.583398, 0.670036, -0.109621, 0.888412, -0.297051, 0.349981, 8.83103, -0.00514401, 0.755915, 0.65465, 1.56306, 0.0, 0.0, 0.0, 1.0]}, "0469b4fc6cbd47339d41631e3ec093a4_d2_4.png": {"intrinsics": {"fx": 1069.79, "fy": 1069.93, "cx": 626.399, "cy": 518.106}, "camera_to_world_matrix": [0.539853, -0.554211, 0.633569, -0.108933, 0.84164, 0.368086, -0.395166, 8.84556, -0.0142026, 0.746568, 0.665159, 1.56285, 0.0, 0.0, 0.0, 1.0]}, "0469b4fc6cbd47339d41631e3ec093a4_d2_5.png": {"intrinsics": {"fx": 1069.79, "fy": 1069.93, "cx": 626.399, "cy": 518.106}, "camera_to_world_matrix": [0.998886, 0.036441, -0.0300189, -0.0960031, -0.0467566, 0.675295, -0.736065, 8.85223, -0.0065514, 0.736648, 0.676246, 1.56264, 0.0, 0.0, 0.0, 1.0]}, "057341f7473241849f5307130c5941ee_d0_0.png": {"intrinsics": {"fx": 1070.84, "fy": 1071.69, "cx": 638.101, "cy": 520.013}, "camera_to_world_matrix": [0.401212, -0.610659, -0.682733, -6.33365, -0.915985, -0.26766, -0.29888, 1.49681, -0.00022674, 0.745288, -0.666743, 1.52342, 0.0, 0.0, 0.0, 1.0]}, "057341f7473241849f5307130c5941ee_d0_1.png": {"intrinsics": {"fx": 1070.84, "fy": 1071.69, "cx": 638.101, "cy": 520.013}, "camera_to_world_matrix": [-0.592652, -0.533238, -0.603673, -6.33515, -0.80545, 0.395858, 0.441074, 1.48234, 0.00377107, 0.747632, -0.664102, 1.52337, 0.0, 0.0, 0.0, 1.0]}, "057341f7473241849f5307130c5941ee_d0_2.png": {"intrinsics": {"fx": 1070.84, "fy": 1071.69, "cx": 638.101, "cy": 520.013}, "camera_to_world_matrix": [-0.993833, 0.0800992, 0.07668, -6.34843, 0.110534, 0.660569, 0.742584, 1.4764, 0.00882779, 0.74648, -0.665349, 1.5234, 0.0, 0.0, 0.0, 1.0]}, "057341f7473241849f5307130c5941ee_d0_3.png": {"intrinsics": {"fx": 1070.84, "fy": 1071.69, "cx": 638.101, "cy": 520.013}, "camera_to_world_matrix": [-0.401142, 0.616002, 0.677958, -6.36021, 0.915963, 0.261756, 0.304132, 1.48493, 0.00988647, 0.742985, -0.669236, 1.52347, 0.0, 0.0, 0.0, 1.0]}, "057341f7473241849f5307130c5941ee_d0_4.png": {"intrinsics": {"fx": 1070.84, "fy": 1071.69, "cx": 638.101, "cy": 520.013}, "camera_to_world_matrix": [0.592718, 0.538555, 0.598869, -6.35872, 0.805389, -0.401759, -0.435819, 1.4994, 0.00588851, 0.74064, -0.671876, 1.52352, 0.0, 0.0, 0.0, 1.0]}, "057341f7473241849f5307130c5941ee_d0_5.png": {"intrinsics": {"fx": 1070.84, "fy": 1071.69, "cx": 638.101, "cy": 520.013}, "camera_to_world_matrix": [0.993864, -0.0747926, -0.081496, -6.34544, -0.110611, -0.666447, -0.737302, 1.50534, 0.000831902, 0.741792, -0.670629, 1.5235, 0.0, 0.0, 0.0, 1.0]}, "057341f7473241849f5307130c5941ee_d1_0.png": {"intrinsics": {"fx": 1075.53, "fy": 1075.72, "cx": 627.296, "cy": 507.921}, "camera_to_world_matrix": [0.408363, -0.00654818, -0.912796, -6.34362, -0.9128, 0.00363918, -0.408391, 1.49217, 0.00599607, 0.999972, -0.00449112, 1.55669, 0.0, 0.0, 0.0, 1.0]}, "057341f7473241849f5307130c5941ee_d1_1.png": {"intrinsics": {"fx": 1075.53, "fy": 1075.72, "cx": 627.296, "cy": 507.921}, "camera_to_world_matrix": [-0.586285, 0.00509069, -0.810089, -6.34398, -0.810044, 0.0086179, 0.586306, 1.48869, 0.00996599, 0.99995, -0.000928918, 1.55668, 0.0, 0.0, 0.0, 1.0]}, "057341f7473241849f5307130c5941ee_d1_2.png": {"intrinsics": {"fx": 1075.53, "fy": 1075.72, "cx": 627.296, "cy": 507.921}, "camera_to_world_matrix": [-0.994596, 0.0152216, 0.102703, -6.34717, 0.102731, 0.00102765, 0.994709, 1.48726, 0.0150355, 0.999884, -0.00258587, 1.55669, 0.0, 0.0, 0.0, 1.0]}, "057341f7473241849f5307130c5941ee_d1_3.png": {"intrinsics": {"fx": 1075.53, "fy": 1075.72, "cx": 627.296, "cy": 507.921}, "camera_to_world_matrix": [-0.408249, 0.0137134, 0.912768, -6.35001, 0.912728, -0.0115412, 0.408404, 1.48931, 0.016135, 0.999839, -0.00780498, 1.5567, 0.0, 0.0, 0.0, 1.0]}, "057341f7473241849f5307130c5941ee_d1_4.png": {"intrinsics": {"fx": 1075.53, "fy": 1075.72, "cx": 627.296, "cy": 507.921}, "camera_to_world_matrix": [0.586396, 0.00207432, 0.810022, -6.34965, 0.809933, -0.0165194, -0.586289, 1.49279, 0.012165, 0.999861, -0.011367, 1.55672, 0.0, 0.0, 0.0, 1.0]}, "057341f7473241849f5307130c5941ee_d1_5.png": {"intrinsics": {"fx": 1075.53, "fy": 1075.72, "cx": 627.296, "cy": 507.921}, "camera_to_world_matrix": [0.994671, -0.00805628, -0.102786, -6.34645, -0.102857, -0.00892877, -0.994656, 1.49422, 0.0070955, 0.999928, -0.00970988, 1.55671, 0.0, 0.0, 0.0, 1.0]}, "057341f7473241849f5307130c5941ee_d2_0.png": {"intrinsics": {"fx": 1069.79, "fy": 1069.93, "cx": 626.399, "cy": 518.106}, "camera_to_world_matrix": [0.409009, 0.609498, -0.679135, -6.33341, -0.912527, 0.271093, -0.306273, 1.49655, -0.0025639, 0.744998, 0.667063, 1.58992, 0.0, 0.0, 0.0, 1.0]}, "057341f7473241849f5307130c5941ee_d2_1.png": {"intrinsics": {"fx": 1069.79, "fy": 1069.93, "cx": 626.399, "cy": 518.106}, "camera_to_world_matrix": [-0.585771, 0.5434, -0.601323, -6.33491, -0.810476, -0.391456, 0.435766, 1.48208, 0.00140372, 0.742617, 0.669716, 1.58987, 0.0, 0.0, 0.0, 1.0]}, "057341f7473241849f5307130c5941ee_d2_2.png": {"intrinsics": {"fx": 1069.79, "fy": 1069.93, "cx": 626.399, "cy": 518.106}, "camera_to_world_matrix": [-0.994758, -0.0634365, 0.0802113, -6.34819, 0.10206, -0.665488, 0.739398, 1.47613, 0.00647472, 0.743708, 0.668474, 1.5899, 0.0, 0.0, 0.0, 1.0]}, "057341f7473241849f5307130c5941ee_d2_3.png": {"intrinsics": {"fx": 1069.79, "fy": 1069.93, "cx": 626.399, "cy": 518.106}, "camera_to_world_matrix": [-0.408955, -0.604162, 0.683918, -6.35998, 0.912524, -0.276965, 0.300985, 1.48466, 0.00757801, 0.747181, 0.664578, 1.58997, 0.0, 0.0, 0.0, 1.0]}, "057341f7473241849f5307130c5941ee_d2_4.png": {"intrinsics": {"fx": 1069.79, "fy": 1069.93, "cx": 626.399, "cy": 518.106}, "camera_to_world_matrix": [0.585821, -0.538038, 0.606077, -6.35848, 0.810433, 0.385581, -0.441051, 1.49914, 0.0036103, 0.749562, 0.661925, 1.59002, 0.0, 0.0, 0.0, 1.0]}, "057341f7473241849f5307130c5941ee_d2_5.png": {"intrinsics": {"fx": 1069.79, "fy": 1069.93, "cx": 626.399, "cy": 518.106}, "camera_to_world_matrix": [0.994772, 0.0688091, -0.0754691, -6.3452, -0.102118, 0.65959, -0.744657, 1.50508, -0.00146067, 0.74847, 0.663168, 1.59, 0.0, 0.0, 0.0, 1.0]}, "06db5803f7ac41a2a0e92d7cc0617c46_d0_0.png": {"intrinsics": {"fx": 1070.84, "fy": 1071.69, "cx": 638.101, "cy": 520.013}, "camera_to_world_matrix": [0.839727, -0.379095, -0.388775, 10.6259, -0.542512, -0.555067, -0.630541, 8.74635, 0.0232385, 0.740397, -0.671768, 1.62673, 0.0, 0.0, 0.0, 1.0]}, "06db5803f7ac41a2a0e92d7cc0617c46_d0_1.png": {"intrinsics": {"fx": 1070.84, "fy": 1071.69, "cx": 638.101, "cy": 520.013}, "camera_to_world_matrix": [-0.0500484, -0.680532, -0.731008, 10.6326, -0.998703, 0.0410153, 0.0301929, 8.73345, 0.00943507, 0.73157, -0.681701, 1.62693, 0.0, 0.0, 0.0, 1.0]}, "06db5803f7ac41a2a0e92d7cc0617c46_d0_2.png": {"intrinsics": {"fx": 1070.84, "fy": 1071.69, "cx": 638.101, "cy": 520.013}, "camera_to_world_matrix": [-0.889863, -0.315073, -0.329961, 10.6248, -0.456141, 0.600196, 0.65704, 8.72117, -0.00897436, 0.735183, -0.677809, 1.62685, 0.0, 0.0, 0.0, 1.0]}, "06db5803f7ac41a2a0e92d7cc0617c46_d0_3.png": {"intrinsics": {"fx": 1070.84, "fy": 1071.69, "cx": 638.101, "cy": 520.013}, "camera_to_world_matrix": [-0.839883, 0.351814, 0.413309, 10.6103, 0.542598, 0.563281, 0.623139, 8.72178, -0.0135801, 0.747624, -0.663983, 1.62658, 0.0, 0.0, 0.0, 1.0]}, "06db5803f7ac41a2a0e92d7cc0617c46_d0_4.png": {"intrinsics": {"fx": 1070.84, "fy": 1071.69, "cx": 638.101, "cy": 520.013}, "camera_to_world_matrix": [0.0499102, 0.653228, 0.755515, 10.6035, 0.998754, -0.032813, -0.0376084, 8.73467, 0.000223804, 0.756451, -0.654051, 1.62639, 0.0, 0.0, 0.0, 1.0]}, "06db5803f7ac41a2a0e92d7cc0617c46_d0_5.png": {"intrinsics": {"fx": 1070.84, "fy": 1071.69, "cx": 638.101, "cy": 520.013}, "camera_to_world_matrix": [0.889703, 0.287747, 0.354444, 10.6113, 0.45616, -0.591979, -0.664439, 8.74696, 0.0186331, 0.752837, -0.657944, 1.62646, 0.0, 0.0, 0.0, 1.0]}, "06db5803f7ac41a2a0e92d7cc0617c46_d1_0.png": {"intrinsics": {"fx": 1075.53, "fy": 1075.72, "cx": 627.296, "cy": 507.921}, "camera_to_world_matrix": [0.843786, -0.0309786, -0.535785, 10.6193, -0.535867, 0.00626835, -0.844279, 8.7372, 0.0295131, 0.9995, -0.0113113, 1.65992, 0.0, 0.0, 0.0, 1.0]}, "06db5803f7ac41a2a0e92d7cc0617c46_d1_1.png": {"intrinsics": {"fx": 1075.53, "fy": 1075.72, "cx": 627.296, "cy": 507.921}, "camera_to_world_matrix": [-0.0423522, -0.024019, -0.998814, 10.6209, -0.998978, 0.0168424, 0.0419541, 8.7341, 0.0158147, 0.99957, -0.0247078, 1.65997, 0.0, 0.0, 0.0, 1.0]}, "06db5803f7ac41a2a0e92d7cc0617c46_d1_2.png": {"intrinsics": {"fx": 1075.53, "fy": 1075.72, "cx": 627.296, "cy": 507.921}, "camera_to_world_matrix": [-0.886341, -0.0113838, -0.462894, 10.6191, -0.463027, 0.0161021, 0.886198, 8.73114, -0.00263477, 0.999806, -0.019543, 1.65995, 0.0, 0.0, 0.0, 1.0]}, "06db5803f7ac41a2a0e92d7cc0617c46_d1_3.png": {"intrinsics": {"fx": 1075.53, "fy": 1075.72, "cx": 627.296, "cy": 507.921}, "camera_to_world_matrix": [-0.844172, -0.00570856, 0.536043, 10.6156, 0.536023, 0.00478769, 0.84419, 8.73129, -0.0073855, 0.999972, -0.000981766, 1.65989, 0.0, 0.0, 0.0, 1.0]}, "06db5803f7ac41a2a0e92d7cc0617c46_d1_4.png": {"intrinsics": {"fx": 1075.53, "fy": 1075.72, "cx": 627.296, "cy": 507.921}, "camera_to_world_matrix": [0.0419852, -0.0126686, 0.999038, 10.614, 0.999098, -0.00578608, -0.0420611, 8.73439, 0.00631339, 0.999903, 0.0124142, 1.65984, 0.0, 0.0, 0.0, 1.0]}, "06db5803f7ac41a2a0e92d7cc0617c46_d1_5.png": {"intrinsics": {"fx": 1075.53, "fy": 1075.72, "cx": 627.296, "cy": 507.921}, "camera_to_world_matrix": [0.885953, -0.0253037, 0.463085, 10.6158, 0.463114, -0.00504525, -0.886284, 8.73735, 0.0247627, 0.999667, 0.00724861, 1.65986, 0.0, 0.0, 0.0, 1.0]}, "06db5803f7ac41a2a0e92d7cc0617c46_d2_0.png": {"intrinsics": {"fx": 1069.79, "fy": 1069.93, "cx": 626.399, "cy": 518.106}, "camera_to_world_matrix": [0.844376, 0.341194, -0.413059, 10.6246, -0.535343, 0.567493, -0.625589, 8.74671, 0.0209608, 0.749359, 0.661833, 1.69322, 0.0, 0.0, 0.0, 1.0]}, "06db5803f7ac41a2a0e92d7cc0617c46_d2_1.png": {"intrinsics": {"fx": 1069.79, "fy": 1069.93, "cx": 626.399, "cy": 518.106}, "camera_to_world_matrix": [-0.0414836, 0.651538, -0.757481, 10.6314, -0.999113, -0.0215333, 0.036195, 8.73382, 0.00727126, 0.758311, 0.651854, 1.69342, 0.0, 0.0, 0.0, 1.0]}, "06db5803f7ac41a2a0e92d7cc0617c46_d2_2.png": {"intrinsics": {"fx": 1069.79, "fy": 1069.93, "cx": 626.399, "cy": 518.106}, "camera_to_world_matrix": [-0.885904, 0.296642, -0.356621, 10.6236, -0.463734, -0.584901, 0.665464, 8.72154, -0.011183, 0.754914, 0.655729, 1.69334, 0.0, 0.0, 0.0, 1.0]}, "06db5803f7ac41a2a0e92d7cc0617c46_d2_3.png": {"intrinsics": {"fx": 1069.79, "fy": 1069.93, "cx": 626.399, "cy": 518.106}, "camera_to_world_matrix": [-0.844447, -0.36859, 0.388654, 10.609, 0.535403, -0.559229, 0.632935, 8.72215, -0.0159473, 0.742566, 0.669583, 1.69307, 0.0, 0.0, 0.0, 1.0]}, "06db5803f7ac41a2a0e92d7cc0617c46_d2_4.png": {"intrinsics": {"fx": 1069.79, "fy": 1069.93, "cx": 626.399, "cy": 518.106}, "camera_to_world_matrix": [0.0414307, -0.678912, 0.733051, 10.6023, 0.99914, 0.0298092, -0.0288617, 8.73504, -0.00225716, 0.733615, 0.679562, 1.69288, 0.0, 0.0, 0.0, 1.0]}, "06db5803f7ac41a2a0e92d7cc0617c46_d2_5.png": {"intrinsics": {"fx": 1069.79, "fy": 1069.93, "cx": 626.399, "cy": 518.106}, "camera_to_world_matrix": [0.885831, -0.323994, 0.332165, 10.6101, 0.463727, 0.593163, -0.658115, 8.74733, 0.0161969, 0.737012, 0.675686, 1.69295, 0.0, 0.0, 0.0, 1.0]}, "0ae8865e3c2d4c3388014c7d85b5ed12_d0_0.png": {"intrinsics": {"fx": 1070.84, "fy": 1071.69, "cx": 638.101, "cy": 520.013}, "camera_to_world_matrix": [-0.615103, -0.527824, -0.585706, 10.3028, -0.788405, 0.419478, 0.449952, 13.4861, 0.00819521, 0.73854, -0.67416, 1.60997, 0.0, 0.0, 0.0, 1.0]}, "0ae8865e3c2d4c3388014c7d85b5ed12_d0_1.png": {"intrinsics": {"fx": 1070.84, "fy": 1071.69, "cx": 638.101, "cy": 520.013}, "camera_to_world_matrix": [-0.990367, 0.0927124, 0.102854, 10.2894, 0.13847, 0.666844, 0.732219, 13.4805, -0.000701932, 0.739407, -0.673258, 1.60995, 0.0, 0.0, 0.0, 1.0]}, "0ae8865e3c2d4c3388014c7d85b5ed12_d0_2.png": {"intrinsics": {"fx": 1070.84, "fy": 1071.69, "cx": 638.101, "cy": 520.013}, "camera_to_world_matrix": [-0.375263, 0.617186, 0.691562, 10.2778, 0.92691, 0.253139, 0.277055, 13.4894, -0.00406719, 0.744984, -0.667069, 1.60983, 0.0, 0.0, 0.0, 1.0]}, "0ae8865e3c2d4c3388014c7d85b5ed12_d0_3.png": {"intrinsics": {"fx": 1070.84, "fy": 1071.69, "cx": 638.101, "cy": 520.013}, "camera_to_world_matrix": [0.61509, 0.521113, 0.591698, 10.2797, 0.788456, -0.407923, -0.460366, 13.5038, 0.00146466, 0.749694, -0.661783, 1.60973, 0.0, 0.0, 0.0, 1.0]}, "0ae8865e3c2d4c3388014c7d85b5ed12_d0_4.png": {"intrinsics": {"fx": 1070.84, "fy": 1071.69, "cx": 638.101, "cy": 520.013}, "camera_to_world_matrix": [0.990318, -0.0994329, -0.0968732, 10.2932, -0.138434, -0.655266, -0.742606, 13.5094, 0.0103617, 0.748826, -0.662686, 1.60975, 0.0, 0.0, 0.0, 1.0]}, "0ae8865e3c2d4c3388014c7d85b5ed12_d0_5.png": {"intrinsics": {"fx": 1070.84, "fy": 1071.69, "cx": 638.101, "cy": 520.013}, "camera_to_world_matrix": [0.375184, -0.623891, -0.685564, 10.3047, -0.926849, -0.24154, -0.287419, 13.5005, 0.0137267, 0.743249, -0.668874, 1.60987, 0.0, 0.0, 0.0, 1.0]}, "0ae8865e3c2d4c3388014c7d85b5ed12_d1_0.png": {"intrinsics": {"fx": 1075.53, "fy": 1075.72, "cx": 627.296, "cy": 507.921}, "camera_to_world_matrix": [-0.608917, -0.00263711, -0.793229, 10.2939, -0.793101, 0.0202979, 0.608752, 13.4931, 0.0144956, 0.999791, -0.0144513, 1.64313, 0.0, 0.0, 0.0, 1.0]}, "0ae8865e3c2d4c3388014c7d85b5ed12_d1_1.png": {"intrinsics": {"fx": 1075.53, "fy": 1075.72, "cx": 627.296, "cy": 507.921}, "camera_to_world_matrix": [-0.991398, 0.0072763, 0.130682, 10.2907, 0.130766, 0.0124262, 0.991335, 13.4917, 0.0055894, 0.999896, -0.0132708, 1.64312, 0.0, 0.0, 0.0, 1.0]}, "0ae8865e3c2d4c3388014c7d85b5ed12_d1_2.png": {"intrinsics": {"fx": 1075.53, "fy": 1075.72, "cx": 627.296, "cy": 507.921}, "camera_to_world_matrix": [-0.382508, 0.00541527, 0.923936, 10.2879, 0.92395, -9.50294e-05, 0.382514, 13.4939, 0.00215924, 0.999985, -0.00496714, 1.6431, 0.0, 0.0, 0.0, 1.0]}, "0ae8865e3c2d4c3388014c7d85b5ed12_d1_3.png": {"intrinsics": {"fx": 1075.53, "fy": 1075.72, "cx": 627.296, "cy": 507.921}, "camera_to_world_matrix": [0.608849, -0.00635913, 0.793261, 10.2883, 0.79325, -0.00474418, -0.608878, 13.4973, 0.00763533, 0.999968, 0.00215584, 1.64307, 0.0, 0.0, 0.0, 1.0]}, "0ae8865e3c2d4c3388014c7d85b5ed12_d1_4.png": {"intrinsics": {"fx": 1075.53, "fy": 1075.72, "cx": 627.296, "cy": 507.921}, "camera_to_world_matrix": [0.991293, -0.0162722, -0.130666, 10.2916, -0.130632, 0.00312797, -0.991426, 13.4987, 0.0165415, 0.999863, 0.000975003, 1.64307, 0.0, 0.0, 0.0, 1.0]}, "0ae8865e3c2d4c3388014c7d85b5ed12_d1_5.png": {"intrinsics": {"fx": 1075.53, "fy": 1075.72, "cx": 627.296, "cy": 507.921}, "camera_to_world_matrix": [0.382372, -0.0144107, -0.923896, 10.2944, -0.923793, 0.0156491, -0.382573, 13.4965, 0.0199713, 0.999774, -0.00732879, 1.6431, 0.0, 0.0, 0.0, 1.0]}, "0ae8865e3c2d4c3388014c7d85b5ed12_d2_0.png": {"intrinsics": {"fx": 1069.79, "fy": 1069.93, "cx": 626.399, "cy": 518.106}, "camera_to_world_matrix": [-0.608347, 0.52623, -0.594135, 10.3025, -0.793649, -0.397737, 0.460356, 13.4866, 0.00594344, 0.751591, 0.659604, 1.67647, 0.0, 0.0, 0.0, 1.0]}, "0ae8865e3c2d4c3388014c7d85b5ed12_d2_1.png": {"intrinsics": {"fx": 1069.79, "fy": 1069.93, "cx": 626.399, "cy": 518.106}, "camera_to_world_matrix": [-0.99151, -0.0880702, 0.0956654, 10.2891, 0.129998, -0.654604, 0.744712, 13.481, -0.00296408, 0.750825, 0.660495, 1.67645, 0.0, 0.0, 0.0, 1.0]}, "0ae8865e3c2d4c3388014c7d85b5ed12_d2_2.png": {"intrinsics": {"fx": 1069.79, "fy": 1069.93, "cx": 626.399, "cy": 518.106}, "camera_to_world_matrix": [-0.383152, -0.617654, 0.686803, 10.2775, 0.923664, -0.251049, 0.289518, 13.4899, -0.00640039, 0.745304, 0.666695, 1.67633, 0.0, 0.0, 0.0, 1.0]}, "0ae8865e3c2d4c3388014c7d85b5ed12_d2_3.png": {"intrinsics": {"fx": 1069.79, "fy": 1069.93, "cx": 626.399, "cy": 518.106}, "camera_to_world_matrix": [0.608356, -0.532926, 0.588127, 10.2794, 0.793665, 0.409363, -0.450022, 13.5043, -0.000929075, 0.740549, 0.672003, 1.67623, 0.0, 0.0, 0.0, 1.0]}, "0ae8865e3c2d4c3388014c7d85b5ed12_d2_4.png": {"intrinsics": {"fx": 1069.79, "fy": 1069.93, "cx": 626.399, "cy": 518.106}, "camera_to_world_matrix": [0.991483, 0.0813838, -0.101684, 10.2929, -0.129998, 0.666206, -0.734351, 13.5099, 0.00797845, 0.741314, 0.671111, 1.67624, 0.0, 0.0, 0.0, 1.0]}, "0ae8865e3c2d4c3388014c7d85b5ed12_d2_5.png": {"intrinsics": {"fx": 1069.79, "fy": 1069.93, "cx": 626.399, "cy": 518.106}, "camera_to_world_matrix": [0.383093, 0.610952, -0.692805, 10.3044, -0.92364, 0.262631, -0.279134, 13.501, 0.0114144, 0.746836, 0.664912, 1.67637, 0.0, 0.0, 0.0, 1.0]}, "0cbe799a6396492fa77699e728ef554d_d0_0.png": {"intrinsics": {"fx": 1070.84, "fy": 1071.69, "cx": 638.101, "cy": 520.013}, "camera_to_world_matrix": [-0.33743, 0.633697, 0.69611, 0.305617, 0.941304, 0.234523, 0.242789, -5.01081, -0.00939884, 0.737176, -0.675636, -1.45316, 0.0, 0.0, 0.0, 1.0]}, "0cbe799a6396492fa77699e728ef554d_d0_1.png": {"intrinsics": {"fx": 1070.84, "fy": 1071.69, "cx": 638.101, "cy": 520.013}, "camera_to_world_matrix": [0.646511, 0.510971, 0.566509, 0.308101, 0.762822, -0.422027, -0.489894, -4.99647, -0.0112396, 0.748867, -0.662625, -1.45341, 0.0, 0.0, 0.0, 1.0]}, "0cbe799a6396492fa77699e728ef554d_d0_2.png": {"intrinsics": {"fx": 1070.84, "fy": 1071.69, "cx": 638.101, "cy": 520.013}, "camera_to_world_matrix": [0.983951, -0.119066, -0.132909, 0.321758, -0.178417, -0.643977, -0.74395, -4.99146, 0.00298888, 0.755723, -0.654884, -1.45357, 0.0, 0.0, 0.0, 1.0]}, "0cbe799a6396492fa77699e728ef554d_d0_3.png": {"intrinsics": {"fx": 1070.84, "fy": 1071.69, "cx": 638.101, "cy": 520.013}, "camera_to_world_matrix": [0.337441, -0.626364, -0.70271, 0.332932, -0.941154, -0.209371, -0.265318, -5.00077, 0.0190577, 0.750888, -0.660155, -1.45346, 0.0, 0.0, 0.0, 1.0]}, "0cbe799a6396492fa77699e728ef554d_d0_4.png": {"intrinsics": {"fx": 1070.84, "fy": 1071.69, "cx": 638.101, "cy": 520.013}, "camera_to_world_matrix": [-0.646493, -0.503613, -0.573081, 0.330448, -0.762634, 0.447173, 0.467361, -5.01511, 0.0208977, 0.739196, -0.673166, -1.45321, 0.0, 0.0, 0.0, 1.0]}, "0cbe799a6396492fa77699e728ef554d_d0_5.png": {"intrinsics": {"fx": 1070.84, "fy": 1071.69, "cx": 638.101, "cy": 520.013}, "camera_to_world_matrix": [-0.983896, 0.126434, 0.126348, 0.316791, 0.178619, 0.669098, 0.72139, -5.02012, 0.00666891, 0.73234, -0.680906, -1.45306, 0.0, 0.0, 0.0, 1.0]}, "0cbe799a6396492fa77699e728ef554d_d1_0.png": {"intrinsics": {"fx": 1075.53, "fy": 1075.72, "cx": 627.296, "cy": 507.921}, "camera_to_world_matrix": [-0.344732, 0.0145192, 0.938589, 0.316153, 0.938696, 0.00861502, 0.344638, -5.00643, -0.00308206, 0.999858, -0.0165991, -1.42003, 0.0, 0.0, 0.0, 1.0]}, "0cbe799a6396492fa77699e728ef554d_d1_1.png": {"intrinsics": {"fx": 1075.53, "fy": 1075.72, "cx": 627.296, "cy": 507.921}, "camera_to_world_matrix": [0.640526, 0.00256651, 0.767932, 0.316751, 0.76792, 0.00444764, -0.64053, -5.00299, -0.00505939, 0.999987, 0.000877901, -1.42009, 0.0, 0.0, 0.0, 1.0]}, "0cbe799a6396492fa77699e728ef554d_d1_2.png": {"intrinsics": {"fx": 1075.53, "fy": 1075.72, "cx": 627.296, "cy": 507.921}, "camera_to_world_matrix": [0.985297, -0.00702013, -0.170704, 0.320036, -0.170607, 0.0127144, -0.985257, -5.00178, 0.00908706, 0.999895, 0.0113297, -1.42013, 0.0, 0.0, 0.0, 1.0]}, "0cbe799a6396492fa77699e728ef554d_d1_3.png": {"intrinsics": {"fx": 1075.53, "fy": 1075.72, "cx": 627.296, "cy": 507.921}, "camera_to_world_matrix": [0.344804, -0.00465383, -0.938663, 0.322724, -0.938336, 0.0251483, -0.344809, -5.00402, 0.0252105, 0.999673, 0.00430434, -1.4201, 0.0, 0.0, 0.0, 1.0]}, "0cbe799a6396492fa77699e728ef554d_d1_4.png": {"intrinsics": {"fx": 1075.53, "fy": 1075.72, "cx": 627.296, "cy": 507.921}, "camera_to_world_matrix": [-0.640446, 0.00729906, -0.767968, 0.322127, -0.767521, 0.0293152, 0.640353, -5.00747, 0.0271872, 0.999544, -0.0131727, -1.42004, 0.0, 0.0, 0.0, 1.0]}, "0cbe799a6396492fa77699e728ef554d_d1_5.png": {"intrinsics": {"fx": 1075.53, "fy": 1075.72, "cx": 627.296, "cy": 507.921}, "camera_to_world_matrix": [-0.985181, 0.0168854, 0.170682, 0.318841, 0.171019, 0.0210481, 0.985043, -5.00868, 0.0130403, 0.999636, -0.023624, -1.42001, 0.0, 0.0, 0.0, 1.0]}, "0cbe799a6396492fa77699e728ef554d_d2_0.png": {"intrinsics": {"fx": 1069.79, "fy": 1069.93, "cx": 626.399, "cy": 518.106}, "camera_to_world_matrix": [-0.345465, -0.620499, 0.704014, 0.305946, 0.93836, -0.219107, 0.267345, -5.00968, -0.0116327, 0.752976, 0.657945, -1.38667, 0.0, 0.0, 0.0, 1.0]}, "0cbe799a6396492fa77699e728ef554d_d2_1.png": {"intrinsics": {"fx": 1069.79, "fy": 1069.93, "cx": 626.399, "cy": 518.106}, "camera_to_world_matrix": [0.639972, -0.509136, 0.575515, 0.308429, 0.768278, 0.437253, -0.467503, -4.99535, -0.0136226, 0.741344, 0.670988, -1.38693, 0.0, 0.0, 0.0, 1.0]}, "0cbe799a6396492fa77699e728ef554d_d2_2.png": {"intrinsics": {"fx": 1069.79, "fy": 1069.93, "cx": 626.399, "cy": 518.106}, "camera_to_world_matrix": [0.985435, 0.115055, -0.125227, 0.322086, -0.170057, 0.668947, -0.723596, -4.99033, 0.000517169, 0.734352, 0.678769, -1.38708, 0.0, 0.0, 0.0, 1.0]}, "0cbe799a6396492fa77699e728ef554d_d2_3.png": {"intrinsics": {"fx": 1069.79, "fy": 1069.93, "cx": 626.399, "cy": 518.106}, "camera_to_world_matrix": [0.345453, 0.627869, -0.697455, 0.33326, -0.938289, 0.244276, -0.244835, -4.99965, 0.0166466, 0.738993, 0.673508, -1.38698, 0.0, 0.0, 0.0, 1.0]}, "0cbe799a6396492fa77699e728ef554d_d2_4.png": {"intrinsics": {"fx": 1069.79, "fy": 1069.93, "cx": 626.399, "cy": 518.106}, "camera_to_world_matrix": [-0.639977, 0.516481, -0.568927, 0.330776, -0.768169, -0.41208, 0.490008, -5.01399, 0.0186359, 0.750625, 0.660466, -1.38672, 0.0, 0.0, 0.0, 1.0]}, "0cbe799a6396492fa77699e728ef554d_d2_5.png": {"intrinsics": {"fx": 1069.79, "fy": 1069.93, "cx": 626.399, "cy": 518.106}, "camera_to_world_matrix": [-0.985403, -0.10772, 0.131825, 0.317119, 0.17018, -0.64375, 0.746073, -5.019, 0.00449564, 0.757617, 0.652685, -1.38657, 0.0, 0.0, 0.0, 1.0]}, "0d77dfd7a3894c1d83bd26c4a1c8e3ee_d0_0.png": {"intrinsics": {"fx": 1070.84, "fy": 1071.69, "cx": 638.101, "cy": 520.013}, "camera_to_world_matrix": [-0.664477, -0.505681, -0.550234, 10.2951, -0.747287, 0.443956, 0.494435, 10.9973, -0.00574691, 0.739724, -0.672886, 1.61889, 0.0, 0.0, 0.0, 1.0]}, "0d77dfd7a3894c1d83bd26c4a1c8e3ee_d0_1.png": {"intrinsics": {"fx": 1070.84, "fy": 1071.69, "cx": 638.101, "cy": 520.013}, "camera_to_world_matrix": [-0.979401, 0.129424, 0.154992, 10.2813, 0.20183, 0.650905, 0.731839, 10.9926, -0.00616735, 0.748046, -0.663619, 1.61871, 0.0, 0.0, 0.0, 1.0]}, "0d77dfd7a3894c1d83bd26c4a1c8e3ee_d0_2.png": {"intrinsics": {"fx": 1070.84, "fy": 1071.69, "cx": 638.101, "cy": 520.013}, "camera_to_world_matrix": [-0.31496, 0.626206, 0.713208, 10.2704, 0.949095, 0.204313, 0.239741, 11.0022, 0.00440945, 0.752411, -0.658679, 1.61862, 0.0, 0.0, 0.0, 1.0]}, "0d77dfd7a3894c1d83bd26c4a1c8e3ee_d0_3.png": {"intrinsics": {"fx": 1070.84, "fy": 1071.69, "cx": 638.101, "cy": 520.013}, "camera_to_world_matrix": [0.664391, 0.487872, 0.566186, 10.2732, 0.747227, -0.449219, -0.489749, 11.0165, 0.0154063, 0.748454, -0.663007, 1.6187, 0.0, 0.0, 0.0, 1.0]}, "0d77dfd7a3894c1d83bd26c4a1c8e3ee_d0_4.png": {"intrinsics": {"fx": 1070.84, "fy": 1071.69, "cx": 638.101, "cy": 520.013}, "camera_to_world_matrix": [0.979278, -0.147241, -0.13905, 10.287, -0.201902, -0.656144, -0.727125, 11.0212, 0.0158263, 0.740132, -0.672275, 1.61888, 0.0, 0.0, 0.0, 1.0]}, "0d77dfd7a3894c1d83bd26c4a1c8e3ee_d0_5.png": {"intrinsics": {"fx": 1070.84, "fy": 1071.69, "cx": 638.101, "cy": 520.013}, "camera_to_world_matrix": [0.314808, -0.644006, -0.697247, 10.2979, -0.949141, -0.209532, -0.235006, 11.0116, 0.00524928, 0.735767, -0.677214, 1.61898, 0.0, 0.0, 0.0, 1.0]}, "0d77dfd7a3894c1d83bd26c4a1c8e3ee_d1_0.png": {"intrinsics": {"fx": 1075.53, "fy": 1075.72, "cx": 627.296, "cy": 507.921}, "camera_to_world_matrix": [-0.658656, -0.00929213, -0.752387, 10.2864, -0.752444, 0.0088525, 0.658597, 11.0045, 0.000540754, 0.999918, -0.0128226, 1.65207, 0.0, 0.0, 0.0, 1.0]}, "0d77dfd7a3894c1d83bd26c4a1c8e3ee_d1_1.png": {"intrinsics": {"fx": 1075.53, "fy": 1075.72, "cx": 627.296, "cy": 507.921}, "camera_to_world_matrix": [-0.980975, 9.45134e-05, 0.194135, 10.283, 0.194135, 0.000359225, 0.980975, 11.0033, 2.30027e-05, 1.0, -0.00037079, 1.65202, 0.0, 0.0, 0.0, 1.0]}, "0d77dfd7a3894c1d83bd26c4a1c8e3ee_d1_2.png": {"intrinsics": {"fx": 1075.53, "fy": 1075.72, "cx": 627.296, "cy": 507.921}, "camera_to_world_matrix": [-0.322429, -0.00256689, 0.94659, 10.2804, 0.946535, -0.0120167, 0.322377, 11.0056, 0.0105474, 0.999925, 0.00630412, 1.652, 0.0, 0.0, 0.0, 1.0]}, "0d77dfd7a3894c1d83bd26c4a1c8e3ee_d1_3.png": {"intrinsics": {"fx": 1075.53, "fy": 1075.72, "cx": 627.296, "cy": 507.921}, "came