{"007d567cfff94aff8d850876914b9584_d0_0.png": {"intrinsics": {"fx": 1072.89, "fy": 1073.78, "cx": 630.834, "cy": 499.777}, "camera_to_world_matrix": [0.736478, -0.495061, -0.460994, 2.21545, -0.674161, -0.48098, -0.560506, 27.9423, 0.0557557, 0.723583, -0.687981, 9.07005, 0.0, 0.0, 0.0, 1.0]}, "007d567cfff94aff8d850876914b9584_d0_1.png": {"intrinsics": {"fx": 1072.89, "fy": 1073.78, "cx": 630.834, "cy": 499.777}, "camera_to_world_matrix": [-0.215217, -0.692056, -0.689014, 2.2199, -0.976563, 0.154371, 0.149982, 27.9285, 0.00256777, 0.705145, -0.709059, 9.07046, 0.0, 0.0, 0.0, 1.0]}, "007d567cfff94aff8d850876914b9584_d0_2.png": {"intrinsics": {"fx": 1072.89, "fy": 1073.78, "cx": 630.834, "cy": 499.777}, "camera_to_world_matrix": [-0.951981, -0.241142, -0.188636, 2.21016, -0.302329, 0.643279, 0.703414, 27.9177, -0.048277, 0.726666, -0.685293, 9.06999, 0.0, 0.0, 0.0, 1.0]}, "007d567cfff94aff8d850876914b9584_d0_3.png": {"intrinsics": {"fx": 1072.89, "fy": 1073.78, "cx": 630.834, "cy": 499.777}, "camera_to_world_matrix": [-0.737034, 0.406756, 0.539751, 2.19596, 0.674294, 0.496825, 0.546346, 27.9208, -0.0459326, 0.766626, -0.640449, 9.06912, 0.0, 0.0, 0.0, 1.0]}, "007d567cfff94aff8d850876914b9584_d0_4.png": {"intrinsics": {"fx": 1072.89, "fy": 1073.78, "cx": 630.834, "cy": 499.777}, "camera_to_world_matrix": [0.214673, 0.603726, 0.767744, 2.19151, 0.976659, -0.138534, -0.164151, 27.9346, 0.00725646, 0.785063, -0.619373, 9.06871, 0.0, 0.0, 0.0, 1.0]}, "007d567cfff94aff8d850876914b9584_d0_5.png": {"intrinsics": {"fx": 1072.89, "fy": 1073.78, "cx": 630.834, "cy": 499.777}, "camera_to_world_matrix": [0.951411, 0.152793, 0.267345, 2.20125, 0.302396, -0.627424, -0.717563, 27.9454, 0.0580999, 0.76354, -0.643141, 9.06917, 0.0, 0.0, 0.0, 1.0]}, "007d567cfff94aff8d850876914b9584_d1_0.png": {"intrinsics": {"fx": 1076.48, "fy": 1077.3, "cx": 627.726, "cy": 497.969}, "camera_to_world_matrix": [0.739427, -0.0675572, -0.66984, 2.20608, -0.670312, 0.0187798, -0.741842, 27.9345, 0.062696, 0.997539, -0.0313976, 9.10288, 0.0, 0.0, 0.0, 1.0]}, "007d567cfff94aff8d850876914b9584_d1_1.png": {"intrinsics": {"fx": 1076.48, "fy": 1077.3, "cx": 627.726, "cy": 497.969}, "camera_to_world_matrix": [-0.210681, -0.0563024, -0.975932, 2.20715, -0.977508, 0.0219922, 0.209752, 27.9312, 0.00965318, 0.998172, -0.0596689, 9.10298, 0.0, 0.0, 0.0, 1.0]}, "007d567cfff94aff8d850876914b9584_d1_2.png": {"intrinsics": {"fx": 1076.48, "fy": 1077.3, "cx": 627.726, "cy": 497.969}, "camera_to_world_matrix": [-0.950795, -0.0479039, -0.306095, 2.20481, -0.307049, 0.0138365, 0.951593, 27.9286, -0.04135, 0.998756, -0.0278641, 9.10287, 0.0, 0.0, 0.0, 1.0]}, "007d567cfff94aff8d850876914b9584_d1_3.png": {"intrinsics": {"fx": 1076.48, "fy": 1077.3, "cx": 627.726, "cy": 497.969}, "camera_to_world_matrix": [-0.740786, -0.0507605, 0.66982, 2.20139, 0.67059, 0.00246867, 0.741825, 27.9293, -0.0393091, 0.998708, 0.0322112, 9.10266, 0.0, 0.0, 0.0, 1.0]}, "007d567cfff94aff8d850876914b9584_d1_4.png": {"intrinsics": {"fx": 1076.48, "fy": 1077.3, "cx": 627.726, "cy": 497.969}, "camera_to_world_matrix": [0.209333, -0.0620154, 0.975876, 2.20032, 0.977749, -0.000743265, -0.209781, 27.9326, 0.0137349, 0.998075, 0.0604803, 9.10256, 0.0, 0.0, 0.0, 1.0]}, "007d567cfff94aff8d850876914b9584_d1_5.png": {"intrinsics": {"fx": 1076.48, "fy": 1077.3, "cx": 627.726, "cy": 497.969}, "camera_to_world_matrix": [0.949421, -0.0704135, 0.30601, 2.20267, 0.307261, 0.00741273, -0.951597, 27.9352, 0.0647368, 0.997491, 0.0286735, 9.10267, 0.0, 0.0, 0.0, 1.0]}, "007d567cfff94aff8d850876914b9584_d2_0.png": {"intrinsics": {"fx": 1077.5, "fy": 1076.41, "cx": 638.263, "cy": 516.685}, "camera_to_world_matrix": [0.741518, 0.400711, -0.538127, 2.21152, -0.668355, 0.511395, -0.540163, 27.943, 0.0587467, 0.760201, 0.647025, 9.13643, 0.0, 0.0, 0.0, 1.0]}, "007d567cfff94aff8d850876914b9584_d2_1.png": {"intrinsics": {"fx": 1077.5, "fy": 1076.41, "cx": 638.263, "cy": 516.685}, "camera_to_world_matrix": [-0.207787, 0.613532, -0.761842, 2.21597, -0.978156, -0.125725, 0.165536, 27.9292, 0.00577912, 0.779597, 0.626254, 9.13684, 0.0, 0.0, 0.0, 1.0]}, "007d567cfff94aff8d850876914b9584_d2_2.png": {"intrinsics": {"fx": 1077.5, "fy": 1076.41, "cx": 638.263, "cy": 516.685}, "camera_to_world_matrix": [-0.949754, 0.168993, -0.263452, 2.20622, -0.309698, -0.629248, 0.712835, 27.9184, -0.0453125, 0.758609, 0.649968, 9.13637, 0.0, 0.0, 0.0, 1.0]}, "007d567cfff94aff8d850876914b9584_d2_3.png": {"intrinsics": {"fx": 1077.5, "fy": 1076.41, "cx": 638.263, "cy": 516.685}, "camera_to_world_matrix": [-0.742399, -0.488357, 0.45864, 2.19202, 0.668547, -0.49564, 0.554422, 27.9215, -0.0434354, 0.718226, 0.694452, 9.1355, 0.0, 0.0, 0.0, 1.0]}, "007d567cfff94aff8d850876914b9584_d2_4.png": {"intrinsics": {"fx": 1077.5, "fy": 1076.41, "cx": 638.263, "cy": 516.685}, "camera_to_world_matrix": [0.206917, -0.701153, 0.682326, 2.18757, 0.978311, 0.141488, -0.151285, 27.9353, 0.00953328, 0.698831, 0.715222, 9.13509, 0.0, 0.0, 0.0, 1.0]}, "007d567cfff94aff8d850876914b9584_d2_5.png": {"intrinsics": {"fx": 1077.5, "fy": 1076.41, "cx": 638.263, "cy": 516.685}, "camera_to_world_matrix": [0.948858, -0.256595, 0.183916, 2.19732, 0.309824, 0.644994, -0.698564, 27.9461, 0.0606237, 0.719821, 0.691507, 9.13555, 0.0, 0.0, 0.0, 1.0]}, "00cda53f38ed4b308c9598d92d88bb18_d0_0.png": {"intrinsics": {"fx": 1072.89, "fy": 1073.78, "cx": 630.834, "cy": 499.777}, "camera_to_world_matrix": [0.590566, 0.546407, 0.593862, 11.5199, 0.806976, -0.404152, -0.430641, 4.46031, 0.00470554, 0.733554, -0.679615, 5.58792, 0.0, 0.0, 0.0, 1.0]}, "00cda53f38ed4b308c9598d92d88bb18_d0_1.png": {"intrinsics": {"fx": 1072.89, "fy": 1073.78, "cx": 630.834, "cy": 499.777}, "camera_to_world_matrix": [0.994099, -0.0638362, -0.0877128, 11.5332, -0.10784, -0.66944, -0.734998, 4.46625, -0.011799, 0.740119, -0.672372, 5.58778, 0.0, 0.0, 0.0, 1.0]}, "00cda53f38ed4b308c9598d92d88bb18_d0_2.png": {"intrinsics": {"fx": 1072.89, "fy": 1073.78, "cx": 630.834, "cy": 499.777}, "camera_to_world_matrix": [0.403587, -0.598593, -0.691957, 11.545, -0.914868, -0.273599, -0.296919, 4.45772, -0.0115852, 0.752882, -0.658054, 5.5875, 0.0, 0.0, 0.0, 1.0]}, "00cda53f38ed4b308c9598d92d88bb18_d0_3.png": {"intrinsics": {"fx": 1072.89, "fy": 1073.78, "cx": 630.834, "cy": 499.777}, "camera_to_world_matrix": [-0.590444, -0.523094, -0.614614, 11.5435, -0.807063, 0.387521, 0.445508, 4.44324, 0.00513305, 0.759079, -0.650978, 5.58736, 0.0, 0.0, 0.0, 1.0]}, "00cda53f38ed4b308c9598d92d88bb18_d0_4.png": {"intrinsics": {"fx": 1072.89, "fy": 1073.78, "cx": 630.834, "cy": 499.777}, "camera_to_world_matrix": [-0.993941, 0.0871602, 0.066973, 11.5302, 0.107769, 0.652785, 0.749839, 4.4373, 0.0216372, 0.752513, -0.658222, 5.5875, 0.0, 0.0, 0.0, 1.0]}, "00cda53f38ed4b308c9598d92d88bb18_d0_5.png": {"intrinsics": {"fx": 1072.89, "fy": 1073.78, "cx": 630.834, "cy": 499.777}, "camera_to_world_matrix": [-0.403398, 0.621901, 0.671201, 11.5184, 0.914775, 0.256922, 0.311736, 4.44584, 0.0214227, 0.73975, -0.67254, 5.58778, 0.0, 0.0, 0.0, 1.0]}, "00cda53f38ed4b308c9598d92d88bb18_d1_0.png": {"intrinsics": {"fx": 1076.48, "fy": 1077.3, "cx": 627.726, "cy": 497.969}, "camera_to_world_matrix": [0.586556, 0.00840656, 0.809866, 11.5294, 0.809826, -0.0204039, -0.586316, 4.45346, 0.0115954, 0.999757, -0.0187754, 5.62095, 0.0, 0.0, 0.0, 1.0]}, "00cda53f38ed4b308c9598d92d88bb18_d1_1.png": {"intrinsics": {"fx": 1076.48, "fy": 1077.3, "cx": 627.726, "cy": 497.969}, "camera_to_world_matrix": [0.994681, 0.00399605, -0.102929, 11.5326, -0.102887, -0.00954569, -0.994648, 4.45489, -0.00495735, 0.999947, -0.00908332, 5.62092, 0.0, 0.0, 0.0, 1.0]}, "00cda53f38ed4b308c9598d92d88bb18_d1_2.png": {"intrinsics": {"fx": 1076.48, "fy": 1077.3, "cx": 627.726, "cy": 497.969}, "camera_to_world_matrix": [0.408286, 0.0111945, -0.912786, 11.5354, -0.912842, -0.000295175, -0.408314, 4.45283, -0.00484049, 0.999938, 0.0100988, 5.62085, 0.0, 0.0, 0.0, 1.0]}, "00cda53f38ed4b308c9598d92d88bb18_d1_3.png": {"intrinsics": {"fx": 1076.48, "fy": 1077.3, "cx": 627.726, "cy": 497.969}, "camera_to_world_matrix": [-0.586222, 0.0228034, -0.80983, 11.535, -0.810065, -0.00190312, 0.586338, 4.44935, 0.0118291, 0.999738, 0.0195883, 5.62081, 0.0, 0.0, 0.0, 1.0]}, "00cda53f38ed4b308c9598d92d88bb18_d1_4.png": {"intrinsics": {"fx": 1076.48, "fy": 1077.3, "cx": 627.726, "cy": 497.969}, "camera_to_world_matrix": [-0.994312, 0.0272135, 0.102981, 11.5319, 0.102665, -0.0127615, 0.994635, 4.44792, 0.0283815, 0.999548, 0.00989553, 5.62085, 0.0, 0.0, 0.0, 1.0]}, "00cda53f38ed4b308c9598d92d88bb18_d1_5.png": {"intrinsics": {"fx": 1076.48, "fy": 1077.3, "cx": 627.726, "cy": 497.969}, "camera_to_world_matrix": [-0.407884, 0.0200146, 0.912815, 11.529, 0.912597, -0.0220118, 0.408269, 4.44998, 0.0282638, 0.999558, -0.00928656, 5.62092, 0.0, 0.0, 0.0, 1.0]}, "00cda53f38ed4b308c9598d92d88bb18_d2_0.png": {"intrinsics": {"fx": 1077.5, "fy": 1076.41, "cx": 638.263, "cy": 516.685}, "camera_to_world_matrix": [0.584304, -0.537039, 0.608422, 11.5209, 0.811498, 0.379628, -0.444244, 4.45957, 0.0076033, 0.753307, 0.657624, 5.65441, 0.0, 0.0, 0.0, 1.0]}, "00cda53f38ed4b308c9598d92d88bb18_d2_1.png": {"intrinsics": {"fx": 1077.5, "fy": 1076.41, "cx": 638.263, "cy": 516.685}, "camera_to_world_matrix": [0.994933, 0.0732509, -0.0688593, 11.5342, -0.100133, 0.660868, -0.743792, 4.46551, -0.00897646, 0.746919, 0.664853, 5.65426, 0.0, 0.0, 0.0, 1.0]}, "00cda53f38ed4b308c9598d92d88bb18_d2_2.png": {"intrinsics": {"fx": 1077.5, "fy": 1076.41, "cx": 638.263, "cy": 516.685}, "camera_to_world_matrix": [0.410726, 0.621846, -0.666792, 11.546, -0.911714, 0.272965, -0.307026, 4.45697, -0.00891187, 0.734028, 0.679059, 5.65399, 0.0, 0.0, 0.0, 1.0]}, "00cda53f38ed4b308c9598d92d88bb18_d2_3.png": {"intrinsics": {"fx": 1077.5, "fy": 1076.41, "cx": 638.263, "cy": 516.685}, "camera_to_world_matrix": [-0.584096, 0.560138, -0.587432, 11.5445, -0.811647, -0.396169, 0.429277, 4.4425, 0.0077324, 0.727527, 0.686035, 5.65385, 0.0, 0.0, 0.0, 1.0]}, "00cda53f38ed4b308c9598d92d88bb18_d2_4.png": {"intrinsics": {"fx": 1077.5, "fy": 1076.41, "cx": 638.263, "cy": 516.685}, "camera_to_world_matrix": [-0.99469, -0.0501632, 0.0898608, 11.5312, 0.100001, -0.677386, 0.728799, 4.43656, 0.0243118, 0.733915, 0.678804, 5.65399, 0.0, 0.0, 0.0, 1.0]}, "00cda53f38ed4b308c9598d92d88bb18_d2_5.png": {"intrinsics": {"fx": 1077.5, "fy": 1076.41, "cx": 638.263, "cy": 516.685}, "camera_to_world_matrix": [-0.410451, -0.598743, 0.687777, 11.5195, 0.911559, -0.289462, 0.29201, 4.44509, 0.0242465, 0.746806, 0.664599, 5.65427, 0.0, 0.0, 0.0, 1.0]}, "00e41618021848cf9dbd54235b30e57e_d0_0.png": {"intrinsics": {"fx": 1072.89, "fy": 1073.78, "cx": 630.834, "cy": 499.777}, "camera_to_world_matrix": [-0.143667, -0.649292, -0.746847, -2.09151, -0.989626, 0.0949787, 0.107796, 25.2563, 0.000943167, 0.754585, -0.656201, 1.54248, 0.0, 0.0, 0.0, 1.0]}, "00e41618021848cf9dbd54235b30e57e_d0_1.png": {"intrinsics": {"fx": 1072.89, "fy": 1073.78, "cx": 630.834, "cy": 499.777}, "camera_to_world_matrix": [-0.928775, -0.234339, -0.287165, -2.10047, -0.370397, 0.615197, 0.695945, 25.2449, 0.0135763, 0.752741, -0.658177, 1.54251, 0.0, 0.0, 0.0, 1.0]}, "00e41618021848cf9dbd54235b30e57e_d0_2.png": {"intrinsics": {"fx": 1072.89, "fy": 1073.78, "cx": 630.834, "cy": 499.777}, "camera_to_world_matrix": [-0.78503, 0.423613, 0.451974, -2.11487, 0.619209, 0.515949, 0.591927, 25.2469, 0.0175523, 0.744547, -0.66734, 1.54269, 0.0, 0.0, 0.0, 1.0]}, "00e41618021848cf9dbd54235b30e57e_d0_3.png": {"intrinsics": {"fx": 1072.89, "fy": 1073.78, "cx": 630.834, "cy": 499.777}, "camera_to_world_matrix": [0.143819, 0.666596, 0.731414, -2.12033, 0.989564, -0.103516, -0.100238, 25.2604, 0.00889519, 0.738197, -0.674526, 1.54283, 0.0, 0.0, 0.0, 1.0]}, "00e41618021848cf9dbd54235b30e57e_d0_4.png": {"intrinsics": {"fx": 1072.89, "fy": 1073.78, "cx": 630.834, "cy": 499.777}, "camera_to_world_matrix": [0.928903, 0.251621, 0.27171, -2.11138, 0.370304, -0.623718, -0.688368, 25.2718, -0.0037378, 0.740042, -0.67255, 1.54279, 0.0, 0.0, 0.0, 1.0]}, "00e41618021848cf9dbd54235b30e57e_d0_5.png": {"intrinsics": {"fx": 1072.89, "fy": 1073.78, "cx": 630.834, "cy": 499.777}, "camera_to_world_matrix": [0.78512, -0.406326, -0.467425, -2.09697, -0.619296, -0.524444, -0.584321, 25.2698, -0.00771339, 0.748237, -0.663387, 1.54262, 0.0, 0.0, 0.0, 1.0]}, "00e41618021848cf9dbd54235b30e57e_d1_0.png": {"intrinsics": {"fx": 1076.48, "fy": 1077.3, "cx": 627.726, "cy": 497.969}, "camera_to_world_matrix": [-0.13858, 0.0136192, -0.990258, -2.10207, -0.990322, 0.00584352, 0.13867, 25.2577, 0.00767499, 0.99989, 0.012678, 1.57586, 0.0, 0.0, 0.0, 1.0]}, "00e41618021848cf9dbd54235b30e57e_d1_1.png": {"intrinsics": {"fx": 1076.48, "fy": 1077.3, "cx": 627.726, "cy": 497.969}, "camera_to_world_matrix": [-0.926762, 0.0226029, -0.374971, -2.10422, -0.375101, -0.00168391, 0.926983, 25.2549, 0.0203209, 0.999743, 0.0100394, 1.57587, 0.0, 0.0, 0.0, 1.0]}, "00e41618021848cf9dbd54235b30e57e_d1_2.png": {"intrinsics": {"fx": 1076.48, "fy": 1077.3, "cx": 627.726, "cy": 497.969}, "camera_to_world_matrix": [-0.788025, 0.0205754, 0.6153, -2.10769, 0.615163, -0.0132285, 0.78829, 25.2554, 0.0243587, 0.999701, -0.00223239, 1.57591, 0.0, 0.0, 0.0, 1.0]}, "00e41618021848cf9dbd54235b30e57e_d1_3.png": {"intrinsics": {"fx": 1076.48, "fy": 1077.3, "cx": 627.726, "cy": 497.969}, "camera_to_world_matrix": [0.138891, 0.00956437, 0.990262, -2.109, 0.990183, -0.0172454, -0.138713, 25.2586, 0.0157506, 0.999806, -0.0118652, 1.57594, 0.0, 0.0, 0.0, 1.0]}, "00e41618021848cf9dbd54235b30e57e_d1_4.png": {"intrinsics": {"fx": 1076.48, "fy": 1077.3, "cx": 627.726, "cy": 497.969}, "camera_to_world_matrix": [0.927048, 0.000580984, 0.374944, -2.10685, 0.374931, -0.00971766, -0.927002, 25.2614, 0.00310484, 0.999953, -0.00922611, 1.57594, 0.0, 0.0, 0.0, 1.0]}, "00e41618021848cf9dbd54235b30e57e_d1_5.png": {"intrinsics": {"fx": 1076.48, "fy": 1077.3, "cx": 627.726, "cy": 497.969}, "camera_to_world_matrix": [0.788272, 0.00260887, -0.615322, -2.10338, -0.615327, 0.00182687, -0.78827, 25.2609, -0.000932547, 0.999995, 0.00304583, 1.57589, 0.0, 0.0, 0.0, 1.0]}, "00e41618021848cf9dbd54235b30e57e_d2_0.png": {"intrinsics": {"fx": 1077.5, "fy": 1076.41, "cx": 638.263, "cy": 516.685}, "camera_to_world_matrix": [-0.135931, 0.67504, -0.725151, -2.09074, -0.990711, -0.0899614, 0.101967, 25.256, 0.00359659, 0.732276, 0.680997, 1.60897, 0.0, 0.0, 0.0, 1.0]}, "00e41618021848cf9dbd54235b30e57e_d2_1.png": {"intrinsics": {"fx": 1077.5, "fy": 1076.41, "cx": 638.263, "cy": 516.685}, "camera_to_world_matrix": [-0.925817, 0.267518, -0.26701, -2.0997, -0.377619, -0.624296, 0.683855, 25.2445, 0.0162501, 0.733954, 0.679004, 1.60901, 0.0, 0.0, 0.0, 1.0]}, "00e41618021848cf9dbd54235b30e57e_d2_2.png": {"intrinsics": {"fx": 1077.5, "fy": 1076.41, "cx": 638.263, "cy": 516.685}, "camera_to_world_matrix": [-0.789776, -0.398943, 0.465936, -2.1141, 0.613057, -0.538543, 0.578041, 25.2465, 0.0203216, 0.742169, 0.669903, 1.60919, 0.0, 0.0, 0.0, 1.0]}, "00e41618021848cf9dbd54235b30e57e_d2_3.png": {"intrinsics": {"fx": 1077.5, "fy": 1076.41, "cx": 638.263, "cy": 516.685}, "camera_to_world_matrix": [0.136148, -0.657866, 0.740726, -2.11956, 0.990618, 0.081543, -0.109658, 25.26, 0.0117394, 0.748707, 0.662796, 1.60933, 0.0, 0.0, 0.0, 1.0]}, "00e41618021848cf9dbd54235b30e57e_d2_4.png": {"intrinsics": {"fx": 1077.5, "fy": 1076.41, "cx": 638.263, "cy": 516.685}, "camera_to_world_matrix": [0.92601, -0.250323, 0.282563, -2.11061, 0.377495, 0.615862, -0.691528, 25.2715, -0.000913963, 0.747029, 0.66479, 1.60929, 0.0, 0.0, 0.0, 1.0]}, "00e41618021848cf9dbd54235b30e57e_d2_5.png": {"intrinsics": {"fx": 1077.5, "fy": 1076.41, "cx": 638.263, "cy": 516.685}, "camera_to_world_matrix": [0.78993, 0.416134, -0.45038, -2.0962, -0.613175, 0.530083, -0.585685, 25.2694, -0.00498496, 0.738813, 0.673891, 1.60911, 0.0, 0.0, 0.0, 1.0]}, "02167a84d702449d9ccc4846657e3477_d0_0.png": {"intrinsics": {"fx": 1072.89, "fy": 1073.78, "cx": 630.834, "cy": 499.777}, "camera_to_world_matrix": [-0.41977, -0.608555, -0.673391, 6.03708, -0.907535, 0.270611, 0.321172, 4.97927, -0.0132242, 0.745943, -0.665878, 1.44494, 0.0, 0.0, 0.0, 1.0]}, "02167a84d702449d9ccc4846657e3477_d0_1.png": {"intrinsics": {"fx": 1072.89, "fy": 1073.78, "cx": 630.834, "cy": 499.777}, "camera_to_world_matrix": [-0.99591, -0.0625727, -0.065179, 6.02523, -0.0902282, 0.650884, 0.753797, 4.97083, -0.00474321, 0.756595, -0.653867, 1.4447, 0.0, 0.0, 0.0, 1.0]}, "02167a84d702449d9ccc4846657e3477_d0_2.png": {"intrinsics": {"fx": 1072.89, "fy": 1073.78, "cx": 630.834, "cy": 499.777}, "camera_to_world_matrix": [-0.576158, 0.539836, 0.613694, 6.012, 0.817229, 0.36818, 0.443375, 4.97687, 0.0134002, 0.756982, -0.653298, 1.44469, 0.0, 0.0, 0.0, 1.0]}, "02167a84d702449d9ccc4846657e3477_d0_3.png": {"intrinsics": {"fx": 1072.89, "fy": 1073.78, "cx": 630.834, "cy": 499.777}, "camera_to_world_matrix": [0.419724, 0.596248, 0.684339, 6.01061, 0.907359, -0.294791, -0.299665, 4.99135, 0.0230622, 0.746717, -0.664741, 1.44492, 0.0, 0.0, 0.0, 1.0]}, "02167a84d702449d9ccc4846657e3477_d0_4.png": {"intrinsics": {"fx": 1072.89, "fy": 1073.78, "cx": 630.834, "cy": 499.777}, "camera_to_world_matrix": [0.995833, 0.0502512, 0.0761106, 6.02246, 0.0900301, -0.675042, -0.732266, 4.99979, 0.0145807, 0.736066, -0.676753, 1.44515, 0.0, 0.0, 0.0, 1.0]}, "02167a84d702449d9ccc4846657e3477_d0_5.png": {"intrinsics": {"fx": 1072.89, "fy": 1073.78, "cx": 630.834, "cy": 499.777}, "camera_to_world_matrix": [0.576045, -0.552146, -0.60275, 6.0357, -0.817411, -0.392315, -0.421817, 4.99375, -0.00356275, 0.73568, -0.67732, 1.44516, 0.0, 0.0, 0.0, 1.0]}, "02167a84d702449d9ccc4846657e3477_d1_0.png": {"intrinsics": {"fx": 1076.48, "fy": 1077.3, "cx": 627.726, "cy": 497.969}, "camera_to_world_matrix": [-0.415213, -0.00300292, -0.90972, 6.02676, -0.909702, -0.00569332, 0.415224, 4.98332, -0.00642637, 0.999979, -0.00036737, 1.47817, 0.0, 0.0, 0.0, 1.0]}, "02167a84d702449d9ccc4846657e3477_d1_1.png": {"intrinsics": {"fx": 1076.48, "fy": 1077.3, "cx": 627.726, "cy": 497.969}, "camera_to_world_matrix": [-0.995441, 0.00346373, -0.0953187, 6.02391, -0.0953611, -0.0154689, 0.995323, 4.98129, 0.0019729, 0.999875, 0.0157291, 1.47812, 0.0, 0.0, 0.0, 1.0]}, "02167a84d702449d9ccc4846657e3477_d1_2.png": {"intrinsics": {"fx": 1076.48, "fy": 1077.3, "cx": 627.726, "cy": 497.969}, "camera_to_world_matrix": [-0.580302, -0.00176904, 0.8144, 6.02072, 0.814153, -0.0259552, 0.58007, 4.98274, 0.0201116, 0.999662, 0.0165026, 1.47812, 0.0, 0.0, 0.0, 1.0]}, "02167a84d702449d9ccc4846657e3477_d1_3.png": {"intrinsics": {"fx": 1076.48, "fy": 1077.3, "cx": 627.726, "cy": 497.969}, "camera_to_world_matrix": [0.415056, -0.0134683, 0.909697, 6.02039, 0.909307, -0.0266657, -0.415272, 4.98623, 0.0298506, 0.999554, 0.00117954, 1.47817, 0.0, 0.0, 0.0, 1.0]}, "02167a84d702449d9ccc4846657e3477_d1_4.png": {"intrinsics": {"fx": 1076.48, "fy": 1077.3, "cx": 627.726, "cy": 497.969}, "camera_to_world_matrix": [0.995252, -0.0199346, 0.0952732, 6.02324, 0.0949431, -0.0168899, -0.99534, 4.98826, 0.0214507, 0.999659, -0.0149166, 1.47823, 0.0, 0.0, 0.0, 1.0]}, "02167a84d702449d9ccc4846657e3477_d1_5.png": {"intrinsics": {"fx": 1076.48, "fy": 1077.3, "cx": 627.726, "cy": 497.969}, "camera_to_world_matrix": [0.580077, -0.0147014, -0.814429, 6.02642, -0.814555, -0.0064038, -0.580051, 4.9868, 0.00331197, 0.999872, -0.0156894, 1.47823, 0.0, 0.0, 0.0, 1.0]}, "02167a84d702449d9ccc4846657e3477_d2_0.png": {"intrinsics": {"fx": 1077.5, "fy": 1076.41, "cx": 638.263, "cy": 516.685}, "camera_to_world_matrix": [-0.412713, 0.608309, -0.677958, 6.03654, -0.9108, -0.284164, 0.299488, 4.97819, -0.0104693, 0.741087, 0.671326, 1.51143, 0.0, 0.0, 0.0, 1.0]}, "02167a84d702449d9ccc4846657e3477_d2_1.png": {"intrinsics": {"fx": 1077.5, "fy": 1076.41, "cx": 638.263, "cy": 516.685}, "camera_to_world_matrix": [-0.995182, 0.0654288, -0.0730076, 6.02469, -0.0980135, -0.680084, 0.726552, 4.96975, -0.00211372, 0.730208, 0.68322, 1.51119, 0.0, 0.0, 0.0, 1.0]}, "02167a84d702449d9ccc4846657e3477_d2_2.png": {"intrinsics": {"fx": 1077.5, "fy": 1076.41, "cx": 638.263, "cy": 516.685}, "camera_to_world_matrix": [-0.58251, -0.548981, 0.599418, 6.01145, 0.812665, -0.407888, 0.416175, 4.97579, 0.0160235, 0.729552, 0.683736, 1.51118, 0.0, 0.0, 0.0, 1.0]}, "02167a84d702449d9ccc4846657e3477_d2_3.png": {"intrinsics": {"fx": 1077.5, "fy": 1076.41, "cx": 638.263, "cy": 516.685}, "camera_to_world_matrix": [0.412622, -0.620497, 0.666877, 6.01006, 0.910536, 0.260222, -0.32126, 4.99028, 0.0258046, 0.739775, 0.672358, 1.51141, 0.0, 0.0, 0.0, 1.0]}, "02167a84d702449d9ccc4846657e3477_d2_4.png": {"intrinsics": {"fx": 1077.5, "fy": 1076.41, "cx": 638.263, "cy": 516.685}, "camera_to_world_matrix": [0.995059, -0.0776011, 0.0619105, 6.02191, 0.0977264, 0.656122, -0.7483, 4.99872, 0.0174484, 0.750654, 0.660463, 1.51164, 0.0, 0.0, 0.0, 1.0]}, "02167a84d702449d9ccc4846657e3477_d2_5.png": {"intrinsics": {"fx": 1077.5, "fy": 1076.41, "cx": 638.263, "cy": 516.685}, "camera_to_world_matrix": [0.582352, 0.536798, -0.610503, 6.03515, -0.812936, 0.383902, -0.437897, 4.99267, -0.000688866, 0.75131, 0.659948, 1.51165, 0.0, 0.0, 0.0, 1.0]}, "030de5aee3f942edb95676ad2724cdac_d0_0.png": {"intrinsics": {"fx": 1072.89, "fy": 1073.78, "cx": 630.834, "cy": 499.777}, "camera_to_world_matrix": [0.926236, 0.247977, 0.283894, 10.9357, 0.376909, -0.619796, -0.688327, 2.94577, 0.00526733, 0.744554, -0.667541, 5.58829, 0.0, 0.0, 0.0, 1.0]}, "030de5aee3f942edb95676ad2724cdac_d0_1.png": {"intrinsics": {"fx": 1072.89, "fy": 1073.78, "cx": 630.834, "cy": 499.777}, "camera_to_world_matrix": [0.789536, -0.41071, -0.456018, 10.9501, -0.6137, -0.525195, -0.589529, 2.94385, 0.00262713, 0.745311, -0.666712, 5.58827, 0.0, 0.0, 0.0, 1.0]}, "030de5aee3f942edb95676ad2724cdac_d0_2.png": {"intrinsics": {"fx": 1072.89, "fy": 1073.78, "cx": 630.834, "cy": 499.777}, "camera_to_world_matrix": [-0.136714, -0.658116, -0.740401, 10.9557, -0.990609, 0.0925465, 0.100654, 2.9304, 0.00227966, 0.747208, -0.664587, 5.58823, 0.0, 0.0, 0.0, 1.0]}, "030de5aee3f942edb95676ad2724cdac_d0_3.png": {"intrinsics": {"fx": 1072.89, "fy": 1073.78, "cx": 630.834, "cy": 499.777}, "camera_to_world_matrix": [-0.926243, -0.24683, -0.284867, 10.9468, -0.3769, 0.615672, 0.692023, 2.91887, 0.0045724, 0.748347, -0.663292, 5.5882, 0.0, 0.0, 0.0, 1.0]}, "030de5aee3f942edb95676ad2724cdac_d0_4.png": {"intrinsics": {"fx": 1072.89, "fy": 1073.78, "cx": 630.834, "cy": 499.777}, "camera_to_world_matrix": [-0.789504, 0.411852, 0.45504, 10.9324, 0.613704, 0.521045, 0.593196, 2.92079, 0.00721257, 0.74759, -0.664121, 5.58822, 0.0, 0.0, 0.0, 1.0]}, "030de5aee3f942edb95676ad2724cdac_d0_5.png": {"intrinsics": {"fx": 1072.89, "fy": 1073.78, "cx": 630.834, "cy": 499.777}, "camera_to_world_matrix": [0.136761, 0.659234, 0.739397, 10.9268, 0.990576, -0.0967061, -0.0969977, 2.93424, 0.00755993, 0.745694, -0.666246, 5.58826, 0.0, 0.0, 0.0, 1.0]}, "030de5aee3f942edb95676ad2724cdac_d1_0.png": {"intrinsics": {"fx": 1076.48, "fy": 1077.3, "cx": 627.726, "cy": 497.969}, "camera_to_world_matrix": [0.924274, -0.0102312, 0.381596, 10.94, 0.381542, -0.00686353, -0.924327, 2.93546, 0.0120759, 0.999924, -0.00243972, 5.6215, 0.0, 0.0, 0.0, 1.0]}, "030de5aee3f942edb95676ad2724cdac_d1_1.png": {"intrinsics": {"fx": 1076.48, "fy": 1077.3, "cx": 627.726, "cy": 497.969}, "camera_to_world_matrix": [0.792586, -0.00828589, -0.609705, 10.9434, -0.609689, 0.00469524, -0.792628, 2.935, 0.00943017, 0.999955, -0.00132998, 5.6215, 0.0, 0.0, 0.0, 1.0]}, "030de5aee3f942edb95676ad2724cdac_d1_2.png": {"intrinsics": {"fx": 1076.48, "fy": 1077.3, "cx": 627.726, "cy": 497.969}, "camera_to_world_matrix": [-0.131697, 0.00269702, -0.991287, 10.9448, -0.991249, 0.00878986, 0.131716, 2.93177, 0.00906834, 0.999958, 0.00151627, 5.62149, 0.0, 0.0, 0.0, 1.0]}, "030de5aee3f942edb95676ad2724cdac_d1_3.png": {"intrinsics": {"fx": 1076.48, "fy": 1077.3, "cx": 627.726, "cy": 497.969}, "camera_to_world_matrix": [-0.924271, 0.0117344, -0.381559, 10.9426, -0.381571, 0.00132561, 0.924339, 2.92899, 0.0113522, 0.999931, 0.00325273, 5.62148, 0.0, 0.0, 0.0, 1.0]}, "030de5aee3f942edb95676ad2724cdac_d1_4.png": {"intrinsics": {"fx": 1076.48, "fy": 1077.3, "cx": 627.726, "cy": 497.969}, "camera_to_world_matrix": [-0.792544, 0.0097887, 0.609737, 10.9392, 0.609655, -0.0102331, 0.792602, 2.92945, 0.0139979, 0.9999, 0.0021429, 5.62149, 0.0, 0.0, 0.0, 1.0]}, "030de5aee3f942edb95676ad2724cdac_d1_5.png": {"intrinsics": {"fx": 1076.48, "fy": 1077.3, "cx": 627.726, "cy": 497.969}, "camera_to_world_matrix": [0.131753, -0.00119438, 0.991282, 10.9378, 0.991179, -0.0143273, -0.131757, 2.93269, 0.0143596, 0.999897, -0.000703373, 5.6215, 0.0, 0.0, 0.0, 1.0]}, "030de5aee3f942edb95676ad2724cdac_d2_0.png": {"intrinsics": {"fx": 1077.5, "fy": 1076.41, "cx": 638.263, "cy": 516.685}, "camera_to_world_matrix": [0.923261, -0.262805, 0.280216, 10.9358, 0.384087, 0.616187, -0.687598, 2.94558, 0.00803852, 0.74246, 0.669841, 5.65479, 0.0, 0.0, 0.0, 1.0]}, "030de5aee3f942edb95676ad2724cdac_d2_1.png": {"intrinsics": {"fx": 1077.5, "fy": 1076.41, "cx": 638.263, "cy": 516.685}, "camera_to_world_matrix": [0.794273, 0.404295, -0.453516, 10.9502, -0.607537, 0.535141, -0.586961, 2.94367, 0.00538968, 0.741734, 0.670671, 5.65477, 0.0, 0.0, 0.0, 1.0]}, "030de5aee3f942edb95676ad2724cdac_d2_2.png": {"intrinsics": {"fx": 1077.5, "fy": 1076.41, "cx": 638.263, "cy": 516.685}, "camera_to_world_matrix": [-0.129001, 0.667647, -0.733216, 10.9557, -0.991631, -0.083109, 0.0987899, 2.93022, 0.0050201, 0.739824, 0.67278, 5.65473, 0.0, 0.0, 0.0, 1.0]}, "030de5aee3f942edb95676ad2724cdac_d2_3.png": {"intrinsics": {"fx": 1077.5, "fy": 1076.41, "cx": 638.263, "cy": 516.685}, "camera_to_world_matrix": [-0.923265, 0.263894, -0.279179, 10.9469, -0.384093, -0.620299, 0.683887, 2.91869, 0.00729931, 0.73864, 0.674059, 5.6547, 0.0, 0.0, 0.0, 1.0]}, "030de5aee3f942edb95676ad2724cdac_d2_4.png": {"intrinsics": {"fx": 1077.5, "fy": 1076.41, "cx": 638.263, "cy": 516.685}, "camera_to_world_matrix": [-0.794237, -0.403203, 0.454548, 10.9324, 0.607525, -0.539226, 0.583222, 2.9206, 0.0099481, 0.739366, 0.673229, 5.65472, 0.0, 0.0, 0.0, 1.0]}, "030de5aee3f942edb95676ad2724cdac_d2_5.png": {"intrinsics": {"fx": 1077.5, "fy": 1076.41, "cx": 638.263, "cy": 516.685}, "camera_to_world_matrix": [0.129051, -0.666531, 0.734222, 10.9269, 0.991584, 0.0790341, -0.10254, 2.93405, 0.0103176, 0.741276, 0.67112, 5.65476, 0.0, 0.0, 0.0, 1.0]}, "0554976788a846da80e2078c40a25385_d0_0.png": {"intrinsics": {"fx": 1072.89, "fy": 1073.78, "cx": 630.834, "cy": 499.777}, "camera_to_world_matrix": [0.854099, 0.352446, 0.38249, 5.39856, 0.520059, -0.568283, -0.637647, 9.56132, -0.00737356, 0.74353, -0.668661, 5.57409, 0.0, 0.0, 0.0, 1.0]}, "0554976788a846da80e2078c40a25385_d0_1.png": {"intrinsics": {"fx": 1072.89, "fy": 1073.78, "cx": 630.834, "cy": 499.777}, "camera_to_world_matrix": [0.877438, -0.31284, -0.363641, 5.4131, -0.479665, -0.580121, -0.658318, 9.56173, -0.00500752, 0.752059, -0.659077, 5.5739, 0.0, 0.0, 0.0, 1.0]}, "0554976788a846da80e2078c40a25385_d0_2.png": {"intrinsics": {"fx": 1072.89, "fy": 1073.78, "cx": 630.834, "cy": 499.777}, "camera_to_world_matrix": [0.0233821, -0.655746, -0.75462, 5.42073, -0.999701, -0.00983552, -0.0224291, 9.54934, 0.00728567, 0.754918, -0.655779, 5.57384, 0.0, 0.0, 0.0, 1.0]}, "0554976788a846da80e2078c40a25385_d0_3.png": {"intrinsics": {"fx": 1072.89, "fy": 1073.78, "cx": 630.834, "cy": 499.777}, "camera_to_world_matrix": [-0.853994, -0.333359, -0.39946, 5.41382, -0.52, 0.572274, 0.634116, 9.53654, 0.0172126, 0.749249, -0.662064, 5.57396, 0.0, 0.0, 0.0, 1.0]}, "0554976788a846da80e2078c40a25385_d0_4.png": {"intrinsics": {"fx": 1072.89, "fy": 1073.78, "cx": 630.834, "cy": 499.777}, "camera_to_world_matrix": [-0.877294, 0.331928, 0.346672, 5.39927, 0.479726, 0.584086, 0.654758, 9.53613, 0.014846, 0.740722, -0.671648, 5.57415, 0.0, 0.0, 0.0, 1.0]}, "0554976788a846da80e2078c40a25385_d0_5.png": {"intrinsics": {"fx": 1072.89, "fy": 1073.78, "cx": 630.834, "cy": 499.777}, "camera_to_world_matrix": [-0.0232172, 0.674811, 0.737626, 5.39165, 0.999728, 0.0137874, 0.0188537, 9.54852, 0.00255265, 0.737862, -0.674946, 5.57421, 0.0, 0.0, 0.0, 1.0]}, "0554976788a846da80e2078c40a25385_d1_0.png": {"intrinsics": {"fx": 1076.48, "fy": 1077.3, "cx": 627.726, "cy": 497.969}, "camera_to_world_matrix": [0.8515, 0.00258283, 0.524349, 5.40478, 0.524355, -0.00313224, -0.851495, 9.552, -0.000557047, 0.999992, -0.00402097, 5.60729, 0.0, 0.0, 0.0, 1.0]}, "0554976788a846da80e2078c40a25385_d1_1.png": {"intrinsics": {"fx": 1076.48, "fy": 1077.3, "cx": 627.726, "cy": 497.969}, "camera_to_world_matrix": [0.879886, 0.00265618, -0.475178, 5.40828, -0.475183, 0.00858885, -0.879846, 9.5521, 0.00174404, 0.99996, 0.00881982, 5.60724, 0.0, 0.0, 0.0, 1.0]}, "0554976788a846da80e2078c40a25385_d1_2.png": {"intrinsics": {"fx": 1076.48, "fy": 1077.3, "cx": 627.726, "cy": 497.969}, "camera_to_world_matrix": [0.0285158, 0.0128429, -0.999511, 5.41011, -0.999496, 0.0143854, -0.0283306, 9.54912, 0.0140143, 0.999814, 0.0132471, 5.60723, 0.0, 0.0, 0.0, 1.0]}, "0554976788a846da80e2078c40a25385_d1_3.png": {"intrinsics": {"fx": 1076.48, "fy": 1077.3, "cx": 627.726, "cy": 497.969}, "camera_to_world_matrix": [-0.851222, 0.022956, -0.524306, 5.40845, -0.52426, 0.00846071, 0.851517, 9.54604, 0.0239833, 0.999701, 0.00483343, 5.60726, 0.0, 0.0, 0.0, 1.0]}, "0554976788a846da80e2078c40a25385_d1_4.png": {"intrinsics": {"fx": 1076.48, "fy": 1077.3, "cx": 627.726, "cy": 497.969}, "camera_to_world_matrix": [-0.879569, 0.0228822, 0.475223, 5.40495, 0.475279, -0.00326037, 0.87983, 9.54594, 0.0216817, 0.999733, -0.00800727, 5.6073, 0.0, 0.0, 0.0, 1.0]}, "0554976788a846da80e2078c40a25385_d1_5.png": {"intrinsics": {"fx": 1076.48, "fy": 1077.3, "cx": 627.726, "cy": 497.969}, "camera_to_world_matrix": [-0.0281774, 0.0126953, 0.999523, 5.40312, 0.999559, -0.00905651, 0.0282936, 9.54892, 0.00941121, 0.999879, -0.012434, 5.60732, 0.0, 0.0, 0.0, 1.0]}, "0554976788a846da80e2078c40a25385_d2_0.png": {"intrinsics": {"fx": 1077.5, "fy": 1076.41, "cx": 638.263, "cy": 516.685}, "camera_to_world_matrix": [0.850048, -0.349277, 0.394238, 5.39941, 0.526685, 0.5702, -0.630457, 9.56149, -0.00459017, 0.743557, 0.668655, 5.64058, 0.0, 0.0, 0.0, 1.0]}, "0554976788a846da80e2078c40a25385_d2_1.png": {"intrinsics": {"fx": 1077.5, "fy": 1076.41, "cx": 638.263, "cy": 516.685}, "camera_to_world_matrix": [0.881161, 0.322148, -0.346087, 5.41395, -0.47281, 0.596763, -0.648324, 9.56191, -0.00232406, 0.734912, 0.678158, 5.6404, 0.0, 0.0, 0.0, 1.0]}, "0554976788a846da80e2078c40a25385_d2_2.png": {"intrinsics": {"fx": 1077.5, "fy": 1076.41, "cx": 638.263, "cy": 516.685}, "camera_to_world_matrix": [0.0311912, 0.680874, -0.731736, 5.42158, -0.999463, 0.0285227, -0.0160627, 9.54952, 0.00993461, 0.731844, 0.681398, 5.64033, 0.0, 0.0, 0.0, 1.0]}, "0554976788a846da80e2078c40a25385_d2_3.png": {"intrinsics": {"fx": 1077.5, "fy": 1076.41, "cx": 638.263, "cy": 516.685}, "camera_to_world_matrix": [-0.849872, 0.368169, -0.377051, 5.41467, -0.526611, -0.566267, 0.634053, 9.53672, 0.0199268, 0.737423, 0.675136, 5.64046, 0.0, 0.0, 0.0, 1.0]}, "0554976788a846da80e2078c40a25385_d2_4.png": {"intrinsics": {"fx": 1077.5, "fy": 1076.41, "cx": 638.263, "cy": 516.685}, "camera_to_world_matrix": [-0.880946, -0.303257, 0.363274, 5.40012, 0.472885, -0.592804, 0.651892, 9.5363, 0.0176602, 0.746069, 0.665633, 5.64064, 0.0, 0.0, 0.0, 1.0]}, "0554976788a846da80e2078c40a25385_d2_5.png": {"intrinsics": {"fx": 1077.5, "fy": 1076.41, "cx": 638.263, "cy": 516.685}, "camera_to_world_matrix": [-0.0309561, -0.661961, 0.748899, 5.3925, 0.999505, -0.0245498, 0.0196146, 9.54869, 0.00540138, 0.749136, 0.662393, 5.64071, 0.0, 0.0, 0.0, 1.0]}, "064c74c27f5b41a88a9fb8ef49cb1ba7_d0_0.png": {"intrinsics": {"fx": 1072.89, "fy": 1073.78, "cx": 630.834, "cy": 499.777}, "camera_to_world_matrix": [0.337132, 0.617231, 0.710893, -3.65511, 0.941373, -0.231128, -0.245757, 28.8406, 0.0126184, 0.752068, -0.658965, 1.52888, 0.0, 0.0, 0.0, 1.0]}, "064c74c27f5b41a88a9fb8ef49cb1ba7_d0_1.png": {"intrinsics": {"fx": 1072.89, "fy": 1073.78, "cx": 630.834, "cy": 499.777}, "camera_to_world_matrix": [0.983789, 0.107325, 0.143672, -3.64406, 0.178602, -0.658632, -0.730962, 28.85, 0.0161767, 0.744772, -0.667123, 1.52904, 0.0, 0.0, 0.0, 1.0]}, "064c74c27f5b41a88a9fb8ef49cb1ba7_d0_2.png": {"intrinsics": {"fx": 1072.89, "fy": 1073.78, "cx": 630.834, "cy": 499.777}, "camera_to_world_matrix": [0.646583, -0.517858, -0.560138, -3.63034, -0.762797, -0.430747, -0.482285, 28.8452, 0.00847752, 0.739108, -0.673533, 1.52917, 0.0, 0.0, 0.0, 1.0]}, "064c74c27f5b41a88a9fb8ef49cb1ba7_d0_3.png": {"intrinsics": {"fx": 1072.89, "fy": 1073.78, "cx": 630.834, "cy": 499.777}, "camera_to_world_matrix": [-0.337273, -0.63312, -0.696711, -3.62767, -0.941403, 0.224638, 0.251592, 28.8309, -0.00277975, 0.740741, -0.671785, 1.52913, 0.0, 0.0, 0.0, 1.0]}, "064c74c27f5b41a88a9fb8ef49cb1ba7_d0_4.png": {"intrinsics": {"fx": 1072.89, "fy": 1073.78, "cx": 630.834, "cy": 499.777}, "camera_to_world_matrix": [-0.983901, -0.123197, -0.129471, -3.63872, -0.178606, 0.652123, 0.736774, 28.8214, -0.00633758, 0.748037, -0.663627, 1.52897, 0.0, 0.0, 0.0, 1.0]}, "064c74c27f5b41a88a9fb8ef49cb1ba7_d0_5.png": {"intrinsics": {"fx": 1072.89, "fy": 1073.78, "cx": 630.834, "cy": 499.777}, "camera_to_world_matrix": [-0.646658, 0.501977, 0.574329, -3.65244, 0.76278, 0.424212, 0.48807, 28.8263, 0.00136192, 0.7537, -0.657217, 1.52885, 0.0, 0.0, 0.0, 1.0]}, "064c74c27f5b41a88a9fb8ef49cb1ba7_d1_0.png": {"intrinsics": {"fx": 1076.48, "fy": 1077.3, "cx": 627.726, "cy": 497.969}, "camera_to_world_matrix": [0.332282, -0.0149255, 0.943063, -3.64504, 0.942982, -0.0152757, -0.332495, 28.8368, 0.0193684, 0.999772, 0.00899907, 1.56223, 0.0, 0.0, 0.0, 1.0]}, "064c74c27f5b41a88a9fb8ef49cb1ba7_d1_1.png": {"intrinsics": {"fx": 1076.48, "fy": 1077.3, "cx": 627.726, "cy": 497.969}, "camera_to_world_matrix": [0.982746, -0.0222373, 0.183621, -3.64238, 0.183529, -0.00611458, -0.982996, 28.839, 0.0229817, 0.999734, -0.00192744, 1.56226, 0.0, 0.0, 0.0, 1.0]}, "064c74c27f5b41a88a9fb8ef49cb1ba7_d1_2.png": {"intrinsics": {"fx": 1076.48, "fy": 1077.3, "cx": 627.726, "cy": 497.969}, "camera_to_world_matrix": [0.650318, -0.0179599, -0.75945, -3.63908, -0.759508, 0.00479806, -0.650481, 28.8379, 0.0153263, 0.999827, -0.01052, 1.56229, 0.0, 0.0, 0.0, 1.0]}, "064c74c27f5b41a88a9fb8ef49cb1ba7_d1_3.png": {"intrinsics": {"fx": 1076.48, "fy": 1077.3, "cx": 627.726, "cy": 497.969}, "camera_to_world_matrix": [-0.332568, -0.00637087, -0.943058, -3.63844, -0.943071, 0.00654931, 0.332528, 28.8344, 0.00405773, 0.999959, -0.00818582, 1.56229, 0.0, 0.0, 0.0, 1.0]}, "064c74c27f5b41a88a9fb8ef49cb1ba7_d1_4.png": {"intrinsics": {"fx": 1076.48, "fy": 1077.3, "cx": 627.726, "cy": 497.969}, "camera_to_world_matrix": [-0.983003, 0.000940566, -0.183591, -3.6411, -0.183593, -0.00261211, 0.982999, 28.8322, 0.000444852, 0.999996, 0.00274084, 1.56225, 0.0, 0.0, 0.0, 1.0]}, "064c74c27f5b41a88a9fb8ef49cb1ba7_d1_5.png": {"intrinsics": {"fx": 1076.48, "fy": 1077.3, "cx": 627.726, "cy": 497.969}, "camera_to_world_matrix": [-0.650537, -0.00333722, 0.759467, -3.6444, 0.759432, -0.0135246, 0.650447, 28.8333, 0.00810063, 0.999903, 0.0113331, 1.56222, 0.0, 0.0, 0.0, 1.0]}, "064c74c27f5b41a88a9fb8ef49cb1ba7_d2_0.png": {"intrinsics": {"fx": 1077.5, "fy": 1076.41, "cx": 638.263, "cy": 516.685}, "camera_to_world_matrix": [0.329764, -0.644083, 0.690226, -3.65582, 0.943938, 0.213102, -0.252124, 28.8403, 0.0153004, 0.734673, 0.678248, 1.59538, 0.0, 0.0, 0.0, 1.0]}, "064c74c27f5b41a88a9fb8ef49cb1ba7_d2_1.png": {"intrinsics": {"fx": 1077.5, "fy": 1076.41, "cx": 638.263, "cy": 516.685}, "camera_to_world_matrix": [0.982322, -0.138661, 0.125758, -3.64477, 0.186234, 0.655917, -0.731498, 28.8498, 0.0189436, 0.741988, 0.670144, 1.59554, 0.0, 0.0, 0.0, 1.0]}, "064c74c27f5b41a88a9fb8ef49cb1ba7_d2_2.png": {"intrinsics": {"fx": 1077.5, "fy": 1076.41, "cx": 638.263, "cy": 516.685}, "camera_to_world_matrix": [0.652454, 0.497539, -0.571627, -3.63105, -0.757743, 0.439569, -0.48229, 28.8449, 0.0113114, 0.747819, 0.663805, 1.59566, 0.0, 0.0, 0.0, 1.0]}, "064c74c27f5b41a88a9fb8ef49cb1ba7_d2_3.png": {"intrinsics": {"fx": 1077.5, "fy": 1076.41, "cx": 638.263, "cy": 516.685}, "camera_to_world_matrix": [-0.329964, 0.628302, -0.704528, -3.62837, -0.943992, -0.219589, 0.246287, 28.8306, 3.60273e-05, 0.746335, 0.665569, 1.59563, 0.0, 0.0, 0.0, 1.0]}, "064c74c27f5b41a88a9fb8ef49cb1ba7_d2_4.png": {"intrinsics": {"fx": 1077.5, "fy": 1076.41, "cx": 638.263, "cy": 516.685}, "camera_to_world_matrix": [-0.982493, 0.122862, -0.140041, -3.63942, -0.186262, -0.662385, 0.725639, 28.8211, -0.00360675, 0.73902, 0.673672, 1.59547, 0.0, 0.0, 0.0, 1.0]}, "064c74c27f5b41a88a9fb8ef49cb1ba7_d2_5.png": {"intrinsics": {"fx": 1077.5, "fy": 1076.41, "cx": 638.263, "cy": 516.685}, "camera_to_world_matrix": [-0.652588, -0.513329, 0.557334, -3.65315, 0.757701, -0.446012, 0.476404, 28.826, 0.00402585, 0.733189, 0.680012, 1.59534, 0.0, 0.0, 0.0, 1.0]}, "06a66c5d2c5d463ba0b40705a8cf7047_d0_0.png": {"intrinsics": {"fx": 1072.89, "fy": 1073.78, "cx": 630.834, "cy": 499.777}, "camera_to_world_matrix": [0.519417, -0.569289, -0.637272, -3.71892, -0.854375, -0.332191, -0.399616, 26.6902, 0.0158013, 0.752037, -0.658932, 5.62944, 0.0, 0.0, 0.0, 1.0]}, "06a66c5d2c5d463ba0b40705a8cf7047_d0_1.png": {"intrinsics": {"fx": 1072.89, "fy": 1073.78, "cx": 630.834, "cy": 499.777}, "camera_to_world_matrix": [-0.480326, -0.58063, -0.657386, -3.71852, -0.87691, 0.333095, 0.346521, 26.6756, 0.0177717, 0.742911, -0.669154, 5.62964, 0.0, 0.0, 0.0, 1.0]}, "06a66c5d2c5d463ba0b40705a8cf7047_d0_2.png": {"intrinsics": {"fx": 1072.89, "fy": 1073.78, "cx": 630.834, "cy": 499.777}, "camera_to_world_matrix": [-0.999725, -0.0100878, -0.0212038, -3.73091, -0.0224477, 0.675538, 0.736984, 26.668, 0.00688943, 0.737256, -0.675578, 5.62976, 0.0, 0.0, 0.0, 1.0]}, "06a66c5d2c5d463ba0b40705a8cf7047_d0_3.png": {"intrinsics": {"fx": 1072.89, "fy": 1073.78, "cx": 630.834, "cy": 499.777}, "camera_to_world_matrix": [-0.519368, 0.571782, 0.635077, -3.74371, 0.85453, 0.352687, 0.3813, 26.6749, -0.00596296, 0.740728, -0.671779, 5.62969, 0.0, 0.0, 0.0, 1.0]}, "06a66c5d2c5d463ba0b40705a8cf7047_d0_4.png": {"intrinsics": {"fx": 1072.89, "fy": 1073.78, "cx": 630.834, "cy": 499.777}, "camera_to_world_matrix": [0.480377, 0.583097, 0.655161, -3.74411, 0.877027, -0.312599, -0.364838, 26.6895, -0.00793278, 0.749854, -0.661556, 5.62949, 0.0, 0.0, 0.0, 1.0]}, "06a66c5d2c5d463ba0b40705a8cf7047_d0_5.png": {"intrinsics": {"fx": 1072.89, "fy": 1073.78, "cx": 630.834, "cy": 499.777}, "camera_to_world_matrix": [0.999742, 0.0125412, 0.0189642, -3.73171, 0.0225438, -0.65502, -0.755276, 26.6971, 0.00294982, 0.755508, -0.655133, 5.62937, 0.0, 0.0, 0.0, 1.0]}, "06a66c5d2c5d463ba0b40705a8cf7047_d1_0.png": {"intrinsics": {"fx": 1076.48, "fy": 1077.3, "cx": 627.726, "cy": 497.969}, "camera_to_world_matrix": [0.523708, -0.0041283, -0.851888, -3.72828, -0.8516, 0.0239343, -0.523647, 26.6849, 0.0225509, 0.999705, 0.00901935, 5.66278, 0.0, 0.0, 0.0, 1.0]}, "06a66c5d2c5d463ba0b40705a8cf7047_d1_1.png": {"intrinsics": {"fx": 1076.48, "fy": 1077.3, "cx": 627.726, "cy": 497.969}, "camera_to_world_matrix": [-0.475852, 0.00759274, -0.879493, -3.72818, -0.879182, 0.0238515, 0.47589, 26.6814, 0.0245904, 0.999687, -0.00467393, 5.66283, 0.0, 0.0, 0.0, 1.0]}, "06a66c5d2c5d463ba0b40705a8cf7047_d1_2.png": {"intrinsics": {"fx": 1076.48, "fy": 1077.3, "cx": 627.726, "cy": 497.969}, "camera_to_world_matrix": [-0.99953, 0.0133817, -0.0275843, -3.73116, -0.0274014, 0.0136602, 0.999531, 26.6795, 0.0137521, 0.999817, -0.0132867, 5.66286, 0.0, 0.0, 0.0, 1.0]}, "06a66c5d2c5d463ba0b40705a8cf7047_d1_3.png": {"intrinsics": {"fx": 1076.48, "fy": 1077.3, "cx": 627.726, "cy": 497.969}, "camera_to_world_matrix": [-0.523636, 0.00744944, 0.85191, -3.73424, 0.851942, 0.00355201, 0.523625, 26.6812, 0.000874558, 0.999966, -0.008206, 5.66284, 0.0, 0.0, 0.0, 1.0]}, "06a66c5d2c5d463ba0b40705a8cf7047_d1_4.png": {"intrin