{"0d704acada9041c48621c5d01d775da0_d0_0.png": {"intrinsics": {"fx": 1074.61, "fy": 1075.44, "cx": 635.684, "cy": 519.372}, "camera_to_world_matrix": [-0.0289853, 0.653335, 0.756514, -1.36118, 0.999552, 0.0133461, 0.0267714, -2.38585, 0.00739437, 0.756951, -0.65343, 1.49182, 0.0, 0.0, 0.0, 1.0]}, "0d704acada9041c48621c5d01d775da0_d0_1.png": {"intrinsics": {"fx": 1074.61, "fy": 1075.44, "cx": 635.684, "cy": 519.372}, "camera_to_world_matrix": [0.851026, 0.332339, 0.406576, -1.35439, 0.524816, -0.564731, -0.636904, -2.37298, 0.0179377, 0.7554, -0.655018, 1.49185, 0.0, 0.0, 0.0, 1.0]}, "0d704acada9041c48621c5d01d775da0_d0_2.png": {"intrinsics": {"fx": 1074.61, "fy": 1075.44, "cx": 635.684, "cy": 519.372}, "camera_to_world_matrix": [0.879881, -0.328755, -0.343116, -1.33985, -0.474715, -0.575772, -0.665681, -2.37243, 0.0212893, 0.748603, -0.662677, 1.49199, 0.0, 0.0, 0.0, 1.0]}, "0d704acada9041c48621c5d01d775da0_d0_3.png": {"intrinsics": {"fx": 1074.61, "fy": 1075.44, "cx": 635.684, "cy": 519.372}, "camera_to_world_matrix": [0.0287244, -0.668838, -0.742853, -1.3321, -0.999488, -0.00873699, -0.0307813, -2.38474, 0.0140975, 0.743357, -0.668747, 1.49211, 0.0, 0.0, 0.0, 1.0]}, "0d704acada9041c48621c5d01d775da0_d0_4.png": {"intrinsics": {"fx": 1074.61, "fy": 1075.44, "cx": 635.684, "cy": 519.372}, "camera_to_world_matrix": [-0.851269, -0.34782, -0.392889, -1.33889, -0.524717, 0.569327, 0.632881, -2.39761, 0.00355423, 0.744908, -0.667158, 1.49208, 0.0, 0.0, 0.0, 1.0]}, "0d704acada9041c48621c5d01d775da0_d0_5.png": {"intrinsics": {"fx": 1074.61, "fy": 1075.44, "cx": 635.684, "cy": 519.372}, "camera_to_world_matrix": [-0.880085, 0.313275, 0.356804, -1.35343, 0.474816, 0.580343, 0.661628, -2.39816, 0.000203024, 0.751705, -0.659499, 1.49193, 0.0, 0.0, 0.0, 1.0]}, "0d704acada9041c48621c5d01d775da0_d1_0.png": {"intrinsics": {"fx": 1075.98, "fy": 1076.47, "cx": 627.187, "cy": 512.785}, "camera_to_world_matrix": [-0.038163, -0.0155294, 0.99915, -1.35048, 0.999262, -0.00462851, 0.0380951, -2.38533, 0.00403325, 0.999868, 0.0156936, 1.52518, 0.0, 0.0, 0.0, 1.0]}, "0d704acada9041c48621c5d01d775da0_d1_1.png": {"intrinsics": {"fx": 1075.98, "fy": 1076.47, "cx": 627.187, "cy": 512.785}, "camera_to_world_matrix": [0.846212, -0.0195839, 0.532484, -1.34885, 0.532644, 0.00371438, -0.846331, -2.38223, 0.0145969, 0.999801, 0.0135734, 1.52518, 0.0, 0.0, 0.0, 1.0]}, "0d704acada9041c48621c5d01d775da0_d1_2.png": {"intrinsics": {"fx": 1075.98, "fy": 1076.47, "cx": 627.187, "cy": 512.785}, "camera_to_world_matrix": [0.884279, -0.0143861, -0.466735, -1.34535, -0.466608, 0.0113974, -0.88439, -2.3821, 0.0180428, 0.999831, 0.00336482, 1.52522, 0.0, 0.0, 0.0, 1.0]}, "0d704acada9041c48621c5d01d775da0_d1_3.png": {"intrinsics": {"fx": 1075.98, "fy": 1076.47, "cx": 627.187, "cy": 512.785}, "camera_to_world_matrix": [0.0379695, -0.00513401, -0.999265, -1.34348, -0.999218, 0.0107374, -0.0380226, -2.38506, 0.010925, 0.999929, -0.00472332, 1.52525, 0.0, 0.0, 0.0, 1.0]}, "0d704acada9041c48621c5d01d775da0_d1_4.png": {"intrinsics": {"fx": 1075.98, "fy": 1076.47, "cx": 627.187, "cy": 512.785}, "camera_to_world_matrix": [-0.846388, -0.00107985, -0.532564, -1.34512, -0.532565, 0.00239439, 0.846385, -2.38816, 0.000361469, 0.999996, -0.00260269, 1.52524, 0.0, 0.0, 0.0, 1.0]}, "0d704acada9041c48621c5d01d775da0_d1_5.png": {"intrinsics": {"fx": 1075.98, "fy": 1076.47, "cx": 627.187, "cy": 512.785}, "camera_to_world_matrix": [-0.884415, -0.00627792, 0.466657, -1.34861, 0.466688, -0.00528846, 0.884405, -2.38829, -0.00308406, 0.999966, 0.00760603, 1.5252, 0.0, 0.0, 0.0, 1.0]}, "0d704acada9041c48621c5d01d775da0_d2_0.png": {"intrinsics": {"fx": 1074.72, "fy": 1075.57, "cx": 634.139, "cy": 513.071}, "camera_to_world_matrix": [-0.0343679, -0.683035, 0.729576, -1.36186, 0.999402, -0.0207212, 0.0276788, -2.38565, -0.00378778, 0.730091, 0.683339, 1.55831, 0.0, 0.0, 0.0, 1.0]}, "0d704acada9041c48621c5d01d775da0_d2_1.png": {"intrinsics": {"fx": 1074.72, "fy": 1075.57, "cx": 634.139, "cy": 513.071}, "camera_to_world_matrix": [0.848292, -0.365193, 0.38345, -1.35507, 0.529485, 0.575728, -0.623043, -2.37278, 0.00676821, 0.731554, 0.68175, 1.55834, 0.0, 0.0, 0.0, 1.0]}, "0d704acada9041c48621c5d01d775da0_d2_2.png": {"intrinsics": {"fx": 1074.72, "fy": 1075.57, "cx": 634.139, "cy": 513.071}, "camera_to_world_matrix": [0.882645, 0.310235, -0.353118, -1.34053, -0.46993, 0.598688, -0.648643, -2.37222, 0.0101762, 0.738463, 0.674217, 1.55849, 0.0, 0.0, 0.0, 1.0]}, "0d704acada9041c48621c5d01d775da0_d2_3.png": {"intrinsics": {"fx": 1074.72, "fy": 1075.57, "cx": 634.139, "cy": 513.071}, "camera_to_world_matrix": [0.0343368, 0.667805, -0.743543, -1.33279, -0.999405, 0.0251978, -0.0235211, -2.38454, 0.00302823, 0.743909, 0.668273, 1.55861, 0.0, 0.0, 0.0, 1.0]}, "0d704acada9041c48621c5d01d775da0_d2_4.png": {"intrinsics": {"fx": 1074.72, "fy": 1075.57, "cx": 634.139, "cy": 513.071}, "camera_to_world_matrix": [-0.848305, 0.34994, -0.397392, -1.33958, -0.529454, -0.57124, 0.627187, -2.39741, -0.00752766, 0.742447, 0.669862, 1.55858, 0.0, 0.0, 0.0, 1.0]}, "0d704acada9041c48621c5d01d775da0_d2_5.png": {"intrinsics": {"fx": 1074.72, "fy": 1075.57, "cx": 634.139, "cy": 513.071}, "camera_to_world_matrix": [-0.882618, -0.325489, 0.339178, -1.35412, 0.469962, -0.594173, 0.652759, -2.39796, -0.0109353, 0.735538, 0.677395, 1.55843, 0.0, 0.0, 0.0, 1.0]}, "298e09e5e1144e7b9762747370ca68a5_d0_0.png": {"intrinsics": {"fx": 1074.61, "fy": 1075.44, "cx": 635.684, "cy": 519.372}, "camera_to_world_matrix": [-0.980489, -0.108973, -0.163603, 0.0419102, -0.194709, 0.65275, 0.732124, 2.41032, 0.0270106, 0.749694, -0.661233, 1.52236, 0.0, 0.0, 0.0, 1.0]}, "298e09e5e1144e7b9762747370ca68a5_d0_1.png": {"intrinsics": {"fx": 1074.61, "fy": 1075.44, "cx": 635.684, "cy": 519.372}, "camera_to_world_matrix": [-0.658833, 0.514377, 0.548957, 0.0280929, 0.75206, 0.432376, 0.497449, 2.41487, 0.0185206, 0.740585, -0.671707, 1.52256, 0.0, 0.0, 0.0, 1.0]}, "298e09e5e1144e7b9762747370ca68a5_d0_2.png": {"intrinsics": {"fx": 1074.61, "fy": 1075.44, "cx": 635.684, "cy": 519.372}, "camera_to_world_matrix": [0.321841, 0.635248, 0.702053, 0.0251282, 0.946791, -0.217703, -0.237048, 2.42912, 0.00225507, 0.740989, -0.671513, 1.52256, 0.0, 0.0, 0.0, 1.0]}, "298e09e5e1144e7b9762747370ca68a5_d0_3.png": {"intrinsics": {"fx": 1074.61, "fy": 1075.44, "cx": 635.684, "cy": 519.372}, "camera_to_world_matrix": [0.980838, 0.132765, 0.142585, 0.0359807, 0.194748, -0.647394, -0.736854, 2.4388, -0.00551997, 0.750502, -0.660845, 1.52235, 0.0, 0.0, 0.0, 1.0]}, "298e09e5e1144e7b9762747370ca68a5_d0_4.png": {"intrinsics": {"fx": 1074.61, "fy": 1075.44, "cx": 635.684, "cy": 519.372}, "camera_to_world_matrix": [0.659145, -0.490576, -0.569967, 0.0497978, -0.752009, -0.426995, -0.502152, 2.43425, 0.00297066, 0.759611, -0.650371, 1.52215, 0.0, 0.0, 0.0, 1.0]}, "298e09e5e1144e7b9762747370ca68a5_d0_5.png": {"intrinsics": {"fx": 1074.61, "fy": 1075.44, "cx": 635.684, "cy": 519.372}, "camera_to_world_matrix": [-0.321537, -0.611421, -0.723034, 0.0527621, -0.946701, 0.223089, 0.232352, 2.42, 0.0192361, 0.759207, -0.650565, 1.52215, 0.0, 0.0, 0.0, 1.0]}, "298e09e5e1144e7b9762747370ca68a5_d1_0.png": {"intrinsics": {"fx": 1075.98, "fy": 1076.47, "cx": 627.187, "cy": 512.785}, "camera_to_world_matrix": [-0.978732, 0.0243134, -0.203691, 0.0401863, -0.203758, -0.000274368, 0.979021, 2.42125, 0.0237477, 0.999704, 0.00522156, 1.5556, 0.0, 0.0, 0.0, 1.0]}, "298e09e5e1144e7b9762747370ca68a5_d1_1.png": {"intrinsics": {"fx": 1075.98, "fy": 1076.47, "cx": 627.187, "cy": 512.785}, "camera_to_world_matrix": [-0.665806, 0.0167623, 0.745935, 0.0368625, 0.745964, -0.00566044, 0.66596, 2.42235, 0.0153856, 0.999843, -0.00873637, 1.55565, 0.0, 0.0, 0.0, 1.0]}, "298e09e5e1144e7b9762747370ca68a5_d1_2.png": {"intrinsics": {"fx": 1075.98, "fy": 1076.47, "cx": 627.187, "cy": 512.785}, "camera_to_world_matrix": [0.31306, 0.00832259, 0.949696, 0.0361493, 0.949732, -0.00181293, -0.313056, 2.42577, -0.000883427, 0.999963, -0.0084728, 1.55565, 0.0, 0.0, 0.0, 1.0]}, "298e09e5e1144e7b9762747370ca68a5_d1_3.png": {"intrinsics": {"fx": 1075.98, "fy": 1076.47, "cx": 627.187, "cy": 512.785}, "camera_to_world_matrix": [0.978978, 0.00743406, 0.203827, 0.0387599, 0.203773, 0.00742055, -0.97899, 2.42811, -0.0087901, 0.999944, 0.0057487, 1.5556, 0.0, 0.0, 0.0, 1.0]}, "298e09e5e1144e7b9762747370ca68a5_d1_4.png": {"intrinsics": {"fx": 1075.98, "fy": 1076.47, "cx": 627.187, "cy": 512.785}, "camera_to_world_matrix": [0.666015, 0.0149853, -0.745787, 0.0420836, -0.745937, 0.0128063, -0.665892, 2.42701, -0.000427525, 0.999805, 0.0197063, 1.55555, 0.0, 0.0, 0.0, 1.0]}, "298e09e5e1144e7b9762747370ca68a5_d1_5.png": {"intrinsics": {"fx": 1075.98, "fy": 1076.47, "cx": 627.187, "cy": 512.785}, "camera_to_world_matrix": [-0.312859, 0.0234249, -0.94951, 0.0427967, -0.949666, 0.00895849, 0.313132, 2.42358, 0.0158415, 0.999685, 0.0194421, 1.55555, 0.0, 0.0, 0.0, 1.0]}, "298e09e5e1144e7b9762747370ca68a5_d2_0.png": {"intrinsics": {"fx": 1074.72, "fy": 1075.57, "cx": 634.139, "cy": 513.071}, "camera_to_world_matrix": [-0.979636, 0.146717, -0.137065, 0.0429659, -0.20015, -0.659588, 0.724488, 2.41055, 0.0158887, 0.737168, 0.675522, 1.58885, 0.0, 0.0, 0.0, 1.0]}, "298e09e5e1144e7b9762747370ca68a5_d2_1.png": {"intrinsics": {"fx": 1074.72, "fy": 1075.57, "cx": 634.139, "cy": 513.071}, "camera_to_world_matrix": [-0.663173, -0.494223, 0.56209, 0.0291486, 0.748428, -0.445381, 0.491417, 2.41511, 0.00747462, 0.746579, 0.665255, 1.58905, 0.0, 0.0, 0.0, 1.0]}, "298e09e5e1144e7b9762747370ca68a5_d2_2.png": {"intrinsics": {"fx": 1074.72, "fy": 1075.57, "cx": 634.139, "cy": 513.071}, "camera_to_world_matrix": [0.316472, -0.629229, 0.709871, 0.0261838, 0.948561, 0.216851, -0.230667, 2.42935, -0.00879383, 0.746356, 0.665489, 1.58905, 0.0, 0.0, 0.0, 1.0]}, "298e09e5e1144e7b9762747370ca68a5_d2_3.png": {"intrinsics": {"fx": 1074.72, "fy": 1075.57, "cx": 634.139, "cy": 513.071}, "camera_to_world_matrix": [0.979632, -0.123291, 0.158494, 0.0370364, 0.20011, 0.664861, -0.719664, 2.43904, -0.0166478, 0.736722, 0.67599, 1.58884, 0.0, 0.0, 0.0, 1.0]}, "298e09e5e1144e7b9762747370ca68a5_d2_4.png": {"intrinsics": {"fx": 1074.72, "fy": 1075.57, "cx": 634.139, "cy": 513.071}, "camera_to_world_matrix": [0.663132, 0.517641, -0.540652, 0.0508535, -0.748457, 0.450628, -0.486565, 2.43449, -0.00823315, 0.727312, 0.686257, 1.58864, 0.0, 0.0, 0.0, 1.0]}, "298e09e5e1144e7b9762747370ca68a5_d2_5.png": {"intrinsics": {"fx": 1074.72, "fy": 1075.57, "cx": 634.139, "cy": 513.071}, "camera_to_world_matrix": [-0.316521, 0.65262, -0.688404, 0.0538177, -0.948551, -0.21161, 0.235525, 2.42024, 0.00803531, 0.727536, 0.686023, 1.58864, 0.0, 0.0, 0.0, 1.0]}, "2cbd295d838b4c51b5590dcf2a37fba0_d0_0.png": {"intrinsics": {"fx": 1074.61, "fy": 1075.44, "cx": 635.684, "cy": 519.372}, "camera_to_world_matrix": [-0.964819, -0.190925, -0.18075, 4.77445, -0.261594, 0.62835, 0.732628, 0.154805, -0.0263024, 0.754138, -0.65619, 1.3934, 0.0, 0.0, 0.0, 1.0]}, "2cbd295d838b4c51b5590dcf2a37fba0_d0_1.png": {"intrinsics": {"fx": 1074.61, "fy": 1075.44, "cx": 635.684, "cy": 519.372}, "camera_to_world_matrix": [-0.70933, 0.445844, 0.545961, 4.76036, 0.704872, 0.451206, 0.547328, 0.158403, -0.00231778, 0.773069, -0.634317, 1.39297, 0.0, 0.0, 0.0, 1.0]}, "2cbd295d838b4c51b5590dcf2a37fba0_d0_2.png": {"intrinsics": {"fx": 1074.61, "fy": 1075.44, "cx": 635.684, "cy": 519.372}, "camera_to_world_matrix": [0.255139, 0.611176, 0.749245, 4.75642, 0.96628, -0.188996, -0.174877, 0.17241, 0.034724, 0.768599, -0.638788, 1.39306, 0.0, 0.0, 0.0, 1.0]}, "2cbd295d838b4c51b5590dcf2a37fba0_d0_3.png": {"intrinsics": {"fx": 1074.61, "fy": 1075.44, "cx": 635.684, "cy": 519.372}, "camera_to_world_matrix": [0.964097, 0.139735, 0.225813, 4.76658, 0.261217, -0.652039, -0.711765, 0.182819, 0.0477804, 0.745197, -0.665131, 1.39357, 0.0, 0.0, 0.0, 1.0]}, "2cbd295d838b4c51b5590dcf2a37fba0_d0_4.png": {"intrinsics": {"fx": 1074.61, "fy": 1075.44, "cx": 635.684, "cy": 519.372}, "camera_to_world_matrix": [0.70857, -0.497027, -0.500892, 4.78067, -0.705239, -0.47487, -0.526436, 0.17922, 0.0237947, 0.726266, -0.687002, 1.394, 0.0, 0.0, 0.0, 1.0]}, "2cbd295d838b4c51b5590dcf2a37fba0_d0_5.png": {"intrinsics": {"fx": 1074.61, "fy": 1075.44, "cx": 635.684, "cy": 519.372}, "camera_to_world_matrix": [-0.25591, -0.662334, -0.704147, 4.78461, -0.96661, 0.165338, 0.195777, 0.165213, -0.0132469, 0.730737, -0.682531, 1.39391, 0.0, 0.0, 0.0, 1.0]}, "2cbd295d838b4c51b5590dcf2a37fba0_d1_0.png": {"intrinsics": {"fx": 1075.98, "fy": 1076.47, "cx": 627.187, "cy": 512.785}, "camera_to_world_matrix": [-0.962282, -0.0254187, -0.27086, 4.77033, -0.270433, -0.0190437, 0.96255, 0.164918, -0.0296247, 0.999495, 0.0114504, 1.42669, 0.0, 0.0, 0.0, 1.0]}, "2cbd295d838b4c51b5590dcf2a37fba0_d1_1.png": {"intrinsics": {"fx": 1075.98, "fy": 1076.47, "cx": 627.187, "cy": 512.785}, "camera_to_world_matrix": [-0.715701, -0.0325771, 0.697646, 4.76694, 0.698381, -0.0249336, 0.715291, 0.165783, -0.00590701, 0.999158, 0.0405952, 1.42659, 0.0, 0.0, 0.0, 1.0]}, "2cbd295d838b4c51b5590dcf2a37fba0_d1_2.png": {"intrinsics": {"fx": 1075.98, "fy": 1076.47, "cx": 627.187, "cy": 512.785}, "camera_to_world_matrix": [0.246342, -0.0412581, 0.968304, 4.76599, 0.96868, -0.0216735, -0.247362, 0.169153, 0.0311925, 0.998913, 0.0346258, 1.42661, 0.0, 0.0, 0.0, 1.0]}, "2cbd295d838b4c51b5590dcf2a37fba0_d1_3.png": {"intrinsics": {"fx": 1075.98, "fy": 1076.47, "cx": 627.187, "cy": 512.785}, "camera_to_world_matrix": [0.961782, -0.0427804, 0.270449, 4.76843, 0.270159, -0.0125236, -0.962734, 0.171656, 0.0445734, 0.999006, -0.000488475, 1.42673, 0.0, 0.0, 0.0, 1.0]}, "2cbd295d838b4c51b5590dcf2a37fba0_d1_4.png": {"intrinsics": {"fx": 1075.98, "fy": 1076.47, "cx": 627.187, "cy": 512.785}, "camera_to_world_matrix": [0.715163, -0.0356218, -0.698048, 4.77182, -0.698645, -0.00663398, -0.715437, 0.170791, 0.0208546, 0.999343, -0.0296324, 1.42684, 0.0, 0.0, 0.0, 1.0]}, "2cbd295d838b4c51b5590dcf2a37fba0_d1_5.png": {"intrinsics": {"fx": 1075.98, "fy": 1076.47, "cx": 627.187, "cy": 512.785}, "camera_to_world_matrix": [-0.24689, -0.026941, -0.968668, 4.77277, -0.968906, -0.0098944, 0.247227, 0.167421, -0.0162446, 0.999588, -0.0236615, 1.42681, 0.0, 0.0, 0.0, 1.0]}, "2cbd295d838b4c51b5590dcf2a37fba0_d2_0.png": {"intrinsics": {"fx": 1074.72, "fy": 1075.57, "cx": 634.139, "cy": 513.071}, "camera_to_world_matrix": [-0.963041, 0.155141, -0.220187, 4.77218, -0.266736, -0.66298, 0.699507, 0.153756, -0.0374571, 0.732386, 0.679858, 1.45985, 0.0, 0.0, 0.0, 1.0]}, "2cbd295d838b4c51b5590dcf2a37fba0_d2_1.png": {"intrinsics": {"fx": 1074.72, "fy": 1075.57, "cx": 634.139, "cy": 513.071}, "camera_to_world_matrix": [-0.712854, -0.498743, 0.493046, 4.75809, 0.70118, -0.493191, 0.514888, 0.157353, -0.0136306, 0.712754, 0.701281, 1.45943, 0.0, 0.0, 0.0, 1.0]}, "2cbd295d838b4c51b5590dcf2a37fba0_d2_2.png": {"intrinsics": {"fx": 1074.72, "fy": 1075.57, "cx": 634.139, "cy": 513.071}, "camera_to_world_matrix": [0.250216, -0.679007, 0.690174, 4.75416, 0.967906, 0.158166, -0.195299, 0.17136, 0.0234475, 0.716891, 0.69679, 1.45951, 0.0, 0.0, 0.0, 1.0]}, "2cbd295d838b4c51b5590dcf2a37fba0_d2_3.png": {"intrinsics": {"fx": 1074.72, "fy": 1075.57, "cx": 634.139, "cy": 513.071}, "camera_to_world_matrix": [0.963077, -0.205384, 0.174065, 4.76431, 0.26671, 0.639719, -0.72085, 0.181769, 0.0366982, 0.74066, 0.670877, 1.46003, 0.0, 0.0, 0.0, 1.0]}, "2cbd295d838b4c51b5590dcf2a37fba0_d2_4.png": {"intrinsics": {"fx": 1074.72, "fy": 1075.57, "cx": 634.139, "cy": 513.071}, "camera_to_world_matrix": [0.712853, 0.448494, -0.539161, 4.7784, -0.701195, 0.469905, -0.536203, 0.178171, 0.0128705, 0.760291, 0.649454, 1.46045, 0.0, 0.0, 0.0, 1.0]}, "2cbd295d838b4c51b5590dcf2a37fba0_d2_5.png": {"intrinsics": {"fx": 1074.72, "fy": 1075.57, "cx": 634.139, "cy": 513.071}, "camera_to_world_matrix": [-0.250228, 0.628733, -0.736261, 4.78234, -0.967884, -0.181459, 0.173991, 0.164164, -0.0242073, 0.756153, 0.653946, 1.46036, 0.0, 0.0, 0.0, 1.0]}, "2dcc9c6ca2d44d5080a0a7e7b7fb9c4d_d0_0.png": {"intrinsics": {"fx": 1074.61, "fy": 1075.44, "cx": 635.684, "cy": 519.372}, "camera_to_world_matrix": [0.199591, -0.646059, -0.736729, -1.19569, -0.979806, -0.122423, -0.158089, 2.40952, 0.0119426, 0.753405, -0.657448, 1.52619, 0.0, 0.0, 0.0, 1.0]}, "2dcc9c6ca2d44d5080a0a7e7b7fb9c4d_d0_1.png": {"intrinsics": {"fx": 1074.61, "fy": 1075.44, "cx": 635.684, "cy": 519.372}, "camera_to_world_matrix": [-0.748737, -0.428738, -0.505545, -1.20018, -0.662684, 0.502061, 0.555684, 2.39568, 0.0155712, 0.751078, -0.66003, 1.52624, 0.0, 0.0, 0.0, 1.0]}, "2dcc9c6ca2d44d5080a0a7e7b7fb9c4d_d0_2.png": {"intrinsics": {"fx": 1074.61, "fy": 1075.44, "cx": 635.684, "cy": 519.372}, "camera_to_world_matrix": [-0.948263, 0.220739, 0.228192, -1.21441, 0.31716, 0.626082, 0.712341, 2.39264, 0.0143752, 0.74786, -0.6637, 1.52631, 0.0, 0.0, 0.0, 1.0]}, "2dcc9c6ca2d44d5080a0a7e7b7fb9c4d_d0_3.png": {"intrinsics": {"fx": 1074.61, "fy": 1075.44, "cx": 635.684, "cy": 519.372}, "camera_to_world_matrix": [-0.199456, 0.652882, 0.730727, -1.22415, 0.97986, 0.125617, 0.155223, 2.40345, 0.00955047, 0.746971, -0.664788, 1.52633, 0.0, 0.0, 0.0, 1.0]}, "2dcc9c6ca2d44d5080a0a7e7b7fb9c4d_d0_4.png": {"intrinsics": {"fx": 1074.61, "fy": 1075.44, "cx": 635.684, "cy": 519.372}, "camera_to_world_matrix": [0.748861, 0.435537, 0.499515, -1.21966, 0.662701, -0.498858, -0.558541, 2.41729, 0.00592193, 0.749298, -0.662206, 1.52628, 0.0, 0.0, 0.0, 1.0]}, "2dcc9c6ca2d44d5080a0a7e7b7fb9c4d_d0_5.png": {"intrinsics": {"fx": 1074.61, "fy": 1075.44, "cx": 635.684, "cy": 519.372}, "camera_to_world_matrix": [0.948348, -0.213946, -0.234228, -1.20543, -0.317151, -0.622854, -0.71517, 2.42032, 0.00711816, 0.752516, -0.658536, 1.52621, 0.0, 0.0, 0.0, 1.0]}, "2dcc9c6ca2d44d5080a0a7e7b7fb9c4d_d1_0.png": {"intrinsics": {"fx": 1075.98, "fy": 1076.47, "cx": 627.187, "cy": 512.785}, "camera_to_world_matrix": [0.208604, 0.00834971, -0.977964, -1.20635, -0.977961, 0.0106051, -0.208513, 2.40728, 0.00863062, 0.999908, 0.010377, 1.55949, 0.0, 0.0, 0.0, 1.0]}, "2dcc9c6ca2d44d5080a0a7e7b7fb9c4d_d1_1.png": {"intrinsics": {"fx": 1075.98, "fy": 1076.47, "cx": 627.187, "cy": 512.785}, "camera_to_world_matrix": [-0.742634, 0.0137726, -0.669555, -1.20743, -0.669583, 0.00307919, 0.74273, 2.40395, 0.0122913, 0.9999, 0.00693421, 1.5595, 0.0, 0.0, 0.0, 1.0]}, "2dcc9c6ca2d44d5080a0a7e7b7fb9c4d_d1_2.png": {"intrinsics": {"fx": 1075.98, "fy": 1076.47, "cx": 627.187, "cy": 512.785}, "camera_to_world_matrix": [-0.951188, 0.00996649, 0.308449, -1.21085, 0.308409, -0.00538007, 0.951238, 2.40322, 0.0111403, 0.999936, 0.00204269, 1.55952, 0.0, 0.0, 0.0, 1.0]}, "2dcc9c6ca2d44d5080a0a7e7b7fb9c4d_d1_3.png": {"intrinsics": {"fx": 1075.98, "fy": 1076.47, "cx": 627.187, "cy": 512.785}, "camera_to_world_matrix": [-0.208498, 0.000737493, 0.978022, -1.21319, 0.978001, -0.00631326, 0.208499, 2.40582, 0.00632855, 0.999979, 0.000594025, 1.55952, 0.0, 0.0, 0.0, 1.0]}, "2dcc9c6ca2d44d5080a0a7e7b7fb9c4d_d1_4.png": {"intrinsics": {"fx": 1075.98, "fy": 1076.47, "cx": 627.187, "cy": 512.785}, "camera_to_world_matrix": [0.742728, -0.00468514, 0.669575, -1.21211, 0.669586, 0.00121283, -0.742732, 2.40915, 0.002668, 0.999988, 0.00403691, 1.55951, 0.0, 0.0, 0.0, 1.0]}, "2dcc9c6ca2d44d5080a0a7e7b7fb9c4d_d1_5.png": {"intrinsics": {"fx": 1075.98, "fy": 1076.47, "cx": 627.187, "cy": 512.785}, "camera_to_world_matrix": [0.951243, -0.000878661, -0.308437, -1.20869, -0.308414, 0.00967194, -0.951203, 2.40988, 0.00381924, 0.999952, 0.00892838, 1.55949, 0.0, 0.0, 0.0, 1.0]}, "2dcc9c6ca2d44d5080a0a7e7b7fb9c4d_d2_0.png": {"intrinsics": {"fx": 1074.72, "fy": 1075.57, "cx": 634.139, "cy": 513.071}, "camera_to_world_matrix": [0.204937, 0.6649, -0.718268, -1.19539, -0.978774, 0.13981, -0.149844, 2.40966, 0.000789565, 0.733731, 0.679439, 1.59269, 0.0, 0.0, 0.0, 1.0]}, "2dcc9c6ca2d44d5080a0a7e7b7fb9c4d_d2_1.png": {"intrinsics": {"fx": 1074.72, "fy": 1075.57, "cx": 634.139, "cy": 513.071}, "camera_to_world_matrix": [-0.745175, 0.453832, -0.488621, -1.19988, -0.666854, -0.502236, 0.550514, 2.39582, 0.00443753, 0.736068, 0.676893, 1.59274, 0.0, 0.0, 0.0, 1.0]}, "2dcc9c6ca2d44d5080a0a7e7b7fb9c4d_d2_2.png": {"intrinsics": {"fx": 1074.72, "fy": 1075.57, "cx": 634.139, "cy": 513.071}, "camera_to_world_matrix": [-0.950097, -0.207729, 0.232729, -1.21411, 0.311935, -0.640453, 0.701796, 2.39278, 0.00326826, 0.739371, 0.67329, 1.59281, 0.0, 0.0, 0.0, 1.0]}, "2dcc9c6ca2d44d5080a0a7e7b7fb9c4d_d2_3.png": {"intrinsics": {"fx": 1074.72, "fy": 1075.57, "cx": 634.139, "cy": 513.071}, "camera_to_world_matrix": [-0.204903, -0.658207, 0.724416, -1.22385, 0.978781, -0.136621, 0.152717, 2.40359, -0.00154894, 0.740336, 0.672234, 1.59283, 0.0, 0.0, 0.0, 1.0]}, "2dcc9c6ca2d44d5080a0a7e7b7fb9c4d_d2_4.png": {"intrinsics": {"fx": 1074.72, "fy": 1075.57, "cx": 634.139, "cy": 513.071}, "camera_to_world_matrix": [0.745198, -0.447114, 0.494741, -1.21936, 0.666823, 0.505417, -0.547632, 2.41743, -0.00519676, 0.737999, 0.674781, 1.59278, 0.0, 0.0, 0.0, 1.0]}, "2dcc9c6ca2d44d5080a0a7e7b7fb9c4d_d2_5.png": {"intrinsics": {"fx": 1074.72, "fy": 1075.57, "cx": 634.139, "cy": 513.071}, "camera_to_world_matrix": [0.950082, 0.214453, -0.226614, -1.20513, -0.311974, 0.643607, -0.698886, 2.42047, -0.00402729, 0.734697, 0.678383, 1.59271, 0.0, 0.0, 0.0, 1.0]}, "31d308fee8284a168c28e238cf814363_d0_0.png": {"intrinsics": {"fx": 1074.61, "fy": 1075.44, "cx": 635.684, "cy": 519.372}, "camera_to_world_matrix": [-0.542648, 0.553238, 0.632029, 6.92524, 0.839959, 0.35823, 0.407601, -2.14209, -0.000911548, 0.752063, -0.65909, 1.54874, 0.0, 0.0, 0.0, 1.0]}, "31d308fee8284a168c28e238cf814363_d0_1.png": {"intrinsics": {"fx": 1074.61, "fy": 1075.44, "cx": 635.684, "cy": 519.372}, "camera_to_world_matrix": [0.456022, 0.578184, 0.67657, 6.92438, 0.889938, -0.302496, -0.341329, -2.12757, 0.00730831, 0.757759, -0.652493, 1.54861, 0.0, 0.0, 0.0, 1.0]}, "31d308fee8284a168c28e238cf814363_d0_2.png": {"intrinsics": {"fx": 1074.61, "fy": 1075.44, "cx": 635.684, "cy": 519.372}, "camera_to_world_matrix": [0.998566, 0.0184476, 0.0502414, 6.93653, 0.0500481, -0.654496, -0.754407, -2.11956, 0.0189659, 0.75584, -0.654482, 1.54865, 0.0, 0.0, 0.0, 1.0]}, "31d308fee8284a168c28e238cf814363_d0_3.png": {"intrinsics": {"fx": 1074.61, "fy": 1075.44, "cx": 635.684, "cy": 519.372}, "camera_to_world_matrix": [0.542429, -0.566223, -0.620614, 6.94954, -0.839802, -0.345764, -0.418544, -2.12608, 0.0224034, 0.748224, -0.663068, 1.54882, 0.0, 0.0, 0.0, 1.0]}, "31d308fee8284a168c28e238cf814363_d0_4.png": {"intrinsics": {"fx": 1074.61, "fy": 1075.44, "cx": 635.684, "cy": 519.372}, "camera_to_world_matrix": [-0.456242, -0.591143, -0.665126, 6.9504, -0.889742, 0.314963, 0.330388, -2.1406, 0.0141832, 0.742528, -0.669665, 1.54894, 0.0, 0.0, 0.0, 1.0]}, "31d308fee8284a168c28e238cf814363_d0_5.png": {"intrinsics": {"fx": 1074.61, "fy": 1075.44, "cx": 635.684, "cy": 519.372}, "camera_to_world_matrix": [-0.998754, -0.031393, -0.0387807, 6.93825, -0.0498306, 0.666942, 0.743441, -2.14861, 0.00252568, 0.744448, -0.667676, 1.54891, 0.0, 0.0, 0.0, 1.0]}, "31d308fee8284a168c28e238cf814363_d1_0.png": {"intrinsics": {"fx": 1075.98, "fy": 1076.47, "cx": 627.187, "cy": 512.785}, "camera_to_world_matrix": [-0.550354, -0.00910996, 0.834881, 6.93418, 0.83492, -0.000970172, 0.550369, -2.13573, -0.00420359, 0.999958, 0.00813902, 1.58202, 0.0, 0.0, 0.0, 1.0]}, "31d308fee8284a168c28e238cf814363_d1_1.png": {"intrinsics": {"fx": 1075.98, "fy": 1076.47, "cx": 627.187, "cy": 512.785}, "camera_to_world_matrix": [0.447843, -0.0169004, 0.893952, 6.93397, 0.894103, 0.00406412, -0.447842, -2.13224, 0.00393585, 0.999848, 0.0169298, 1.58199, 0.0, 0.0, 0.0, 1.0]}, "31d308fee8284a168c28e238cf814363_d1_2.png": {"intrinsics": {"fx": 1075.98, "fy": 1076.47, "cx": 627.187, "cy": 512.785}, "camera_to_world_matrix": [0.998122, -0.0164352, 0.0590029, 6.9369, 0.0592246, 0.0133283, -0.998155, -2.13031, 0.0156188, 0.999776, 0.0142757, 1.58199, 0.0, 0.0, 0.0, 1.0]}, "31d308fee8284a168c28e238cf814363_d1_3.png": {"intrinsics": {"fx": 1075.98, "fy": 1076.47, "cx": 627.187, "cy": 512.785}, "camera_to_world_matrix": [0.550192, -0.00817958, -0.834998, 6.94002, -0.834817, 0.017558, -0.550245, -2.13188, 0.019162, 0.999812, 0.00283081, 1.58203, 0.0, 0.0, 0.0, 1.0]}, "31d308fee8284a168c28e238cf814363_d1_4.png": {"intrinsics": {"fx": 1075.98, "fy": 1076.47, "cx": 627.187, "cy": 512.785}, "camera_to_world_matrix": [-0.448007, -0.000389329, -0.894029, 6.94023, -0.893961, 0.0125234, 0.447968, -2.13538, 0.0110222, 0.999921, -0.00595964, 1.58207, 0.0, 0.0, 0.0, 1.0]}, "31d308fee8284a168c28e238cf814363_d1_5.png": {"intrinsics": {"fx": 1075.98, "fy": 1076.47, "cx": 627.187, "cy": 512.785}, "camera_to_world_matrix": [-0.998253, -0.000854885, -0.0590586, 6.93731, -0.0590613, 0.00325924, 0.998249, -2.1373, -0.000660627, 0.999994, -0.00330505, 1.58206, 0.0, 0.0, 0.0, 1.0]}, "31d308fee8284a168c28e238cf814363_d2_0.png": {"intrinsics": {"fx": 1074.72, "fy": 1075.57, "cx": 634.139, "cy": 513.071}, "camera_to_world_matrix": [-0.547194, -0.572181, 0.610892, 6.92467, 0.836919, -0.363515, 0.409174, -2.14154, -0.0120528, 0.735164, 0.677782, 1.61523, 0.0, 0.0, 0.0, 1.0]}, "31d308fee8284a168c28e238cf814363_d2_1.png": {"intrinsics": {"fx": 1074.72, "fy": 1075.57, "cx": 634.139, "cy": 513.071}, "camera_to_world_matrix": [0.451244, -0.609344, 0.651981, 6.92381, 0.892392, 0.31129, -0.326703, -2.12701, -0.00388048, 0.729246, 0.684241, 1.61511, 0.0, 0.0, 0.0, 1.0]}, "31d308fee8284a168c28e238cf814363_d2_2.png": {"intrinsics": {"fx": 1074.72, "fy": 1075.57, "cx": 634.139, "cy": 513.071}, "camera_to_world_matrix": [0.998431, -0.0435215, 0.0352314, 6.93596, 0.0554497, 0.680911, -0.730264, -2.11901, 0.0077928, 0.731072, 0.682256, 1.61515, 0.0, 0.0, 0.0, 1.0]}, "31d308fee8284a168c28e238cf814363_d2_3.png": {"intrinsics": {"fx": 1074.72, "fy": 1075.57, "cx": 634.139, "cy": 513.071}, "camera_to_world_matrix": [0.547168, 0.559451, -0.622593, 6.94896, -0.836947, 0.375719, -0.397938, -2.12552, 0.0112935, 0.738816, 0.673812, 1.61531, 0.0, 0.0, 0.0, 1.0]}, "31d308fee8284a168c28e238cf814363_d2_4.png": {"intrinsics": {"fx": 1074.72, "fy": 1075.57, "cx": 634.139, "cy": 513.071}, "camera_to_world_matrix": [-0.451272, 0.596588, -0.663654, 6.94982, -0.892381, -0.299087, 0.33794, -2.14005, 0.0031209, 0.744735, 0.667353, 1.61544, 0.0, 0.0, 0.0, 1.0]}, "31d308fee8284a168c28e238cf814363_d2_5.png": {"intrinsics": {"fx": 1074.72, "fy": 1075.57, "cx": 634.139, "cy": 513.071}, "camera_to_world_matrix": [-0.998426, 0.0307511, -0.0468884, 6.93767, -0.0554168, -0.668686, 0.741477, -2.14806, -0.00855226, 0.742908, 0.669338, 1.6154, 0.0, 0.0, 0.0, 1.0]}, "3dfe07714b2f49d88bd4c8749e8bb0b7_d0_0.png": {"intrinsics": {"fx": 1074.61, "fy": 1075.44, "cx": 635.684, "cy": 519.372}, "camera_to_world_matrix": [0.656955, -0.504739, -0.560043, -1.63799, -0.753681, -0.420589, -0.505045, 0.579277, 0.0193684, 0.753885, -0.65672, 1.52728, 0.0, 0.0, 0.0, 1.0]}, "3dfe07714b2f49d88bd4c8749e8bb0b7_d0_1.png": {"intrinsics": {"fx": 1074.61, "fy": 1075.44, "cx": 635.684, "cy": 519.372}, "camera_to_world_matrix": [-0.324386, -0.623796, -0.711092, -1.63506, -0.945713, 0.22979, 0.229835, 0.565024, 0.0200313, 0.747044, -0.664473, 1.52743, 0.0, 0.0, 0.0, 1.0]}, "3dfe07714b2f49d88bd4c8749e8bb0b7_d0_2.png": {"intrinsics": {"fx": 1074.61, "fy": 1075.44, "cx": 635.684, "cy": 519.372}, "camera_to_world_matrix": [-0.981348, -0.120045, -0.15015, -1.64594, -0.1919, 0.658081, 0.728082, 0.555365, 0.0114088, 0.743316, -0.668843, 1.52751, 0.0, 0.0, 0.0, 1.0]}, "3dfe07714b2f49d88bd4c8749e8bb0b7_d0_3.png": {"intrinsics": {"fx": 1074.61, "fy": 1075.44, "cx": 635.684, "cy": 519.372}, "camera_to_world_matrix": [-0.656955, 0.502753, 0.561828, -1.65975, 0.753927, 0.435985, 0.491438, 0.559958, 0.00212369, 0.746429, -0.665461, 1.52745, 0.0, 0.0, 0.0, 1.0]}, "3dfe07714b2f49d88bd4c8749e8bb0b7_d0_4.png": {"intrinsics": {"fx": 1074.61, "fy": 1075.44, "cx": 635.684, "cy": 519.372}, "camera_to_world_matrix": [0.324394, 0.621785, 0.712848, -1.66267, 0.945921, -0.214398, -0.243448, 0.574211, 0.00146125, 0.753271, -0.657709, 1.5273, 0.0, 0.0, 0.0, 1.0]}, "3dfe07714b2f49d88bd4c8749e8bb0b7_d0_5.png": {"intrinsics": {"fx": 1074.61, "fy": 1075.44, "cx": 635.684, "cy": 519.372}, "camera_to_world_matrix": [0.981327, 0.118016, 0.151887, -1.65179, 0.192083, -0.64267, -0.741673, 0.58387, 0.0100839, 0.756999, -0.653339, 1.52721, 0.0, 0.0, 0.0, 1.0]}, "3dfe07714b2f49d88bd4c8749e8bb0b7_d1_0.png": {"intrinsics": {"fx": 1075.98, "fy": 1076.47, "cx": 627.187, "cy": 512.785}, "camera_to_world_matrix": [0.663899, -0.00219787, -0.747819, -1.64629, -0.747649, 0.0195092, -0.663806, 0.572282, 0.0160486, 0.999807, 0.0113079, 1.56059, 0.0, 0.0, 0.0, 1.0]}, "3dfe07714b2f49d88bd4c8749e8bb0b7_d1_1.png": {"intrinsics": {"fx": 1075.98, "fy": 1076.47, "cx": 627.187, "cy": 512.785}, "camera_to_world_matrix": [-0.315659, 0.00623208, -0.948852, -1.64559, -0.948723, 0.0156387, 0.31572, 0.568854, 0.0168067, 0.999858, 0.000974986, 1.56062, 0.0, 0.0, 0.0, 1.0]}, "3dfe07714b2f49d88bd4c8749e8bb0b7_d1_2.png": {"intrinsics": {"fx": 1075.98, "fy": 1076.47, "cx": 627.187, "cy": 512.785}, "camera_to_world_matrix": [-0.979561, 0.00709476, -0.201019, -1.64821, -0.200975, 0.00640329, 0.979575, 0.566531, 0.0082373, 0.999954, -0.00484756, 1.56065, 0.0, 0.0, 0.0, 1.0]}, "3dfe07714b2f49d88bd4c8749e8bb0b7_d1_3.png": {"intrinsics": {"fx": 1075.98, "fy": 1076.47, "cx": 627.187, "cy": 512.785}, "camera_to_world_matrix": [-0.66389, -0.000472542, 0.74783, -1.65153, 0.747829, 0.00103849, 0.66389, 0.567635, -0.00109006, 0.999999, -0.000337069, 1.56063, 0.0, 0.0, 0.0, 1.0]}, "3dfe07714b2f49d88bd4c8749e8bb0b7_d1_4.png": {"intrinsics": {"fx": 1075.98, "fy": 1076.47, "cx": 627.187, "cy": 512.785}, "camera_to_world_matrix": [0.315676, -0.00890235, 0.948825, -1.65223, 0.948864, 0.00490927, -0.315644, 0.571064, -0.00184779, 0.999948, 0.00999586, 1.56059, 0.0, 0.0, 0.0, 1.0]}, "3dfe07714b2f49d88bd4c8749e8bb0b7_d1_5.png": {"intrinsics": {"fx": 1075.98, "fy": 1076.47, "cx": 627.187, "cy": 512.785}, "camera_to_world_matrix": [0.979549, -0.00976466, 0.200966, -1.64961, 0.201091, 0.0141448, -0.97947, 0.573387, 0.00672185, 0.999852, 0.0158181, 1.56057, 0.0, 0.0, 0.0, 1.0]}, "3dfe07714b2f49d88bd4c8749e8bb0b7_d2_0.png": {"intrinsics": {"fx": 1074.72, "fy": 1075.57, "cx": 634.139, "cy": 513.071}, "camera_to_world_matrix": [0.661143, 0.50626, -0.553706, -1.63807, -0.750214, 0.454177, -0.480522, 0.57996, 0.00821147, 0.733092, 0.68008, 1.59377, 0.0, 0.0, 0.0, 1.0]}, "3dfe07714b2f49d88bd4c8749e8bb0b7_d2_1.png": {"intrinsics": {"fx": 1074.72, "fy": 1075.57, "cx": 634.139, "cy": 513.071}, "camera_to_world_matrix": [-0.319183, 0.63942, -0.699474, -1.63515, -0.947651, -0.208392, 0.241931, 0.565708, 0.0089312, 0.740078, 0.672462, 1.59392, 0.0, 0.0, 0.0, 1.0]}, "3dfe07714b2f49d88bd4c8749e8bb0b7_d2_2.png": {"intrinsics": {"fx": 1074.72, "fy": 1075.57, "cx": 634.139, "cy": 513.071}, "camera_to_world_matrix": [-0.980319, 0.132162, -0.146655, -1.64603, -0.197419, -0.654992, 0.729392, 0.556048, 0.000339947, 0.743989, 0.668191, 1.59401, 0.0, 0.0, 0.0, 1.0]}, "3dfe07714b2f49d88bd4c8749e8bb0b7_d2_3.png": {"intrinsics": {"fx": 1074.72, "fy": 1075.57, "cx": 634.139, "cy": 513.071}, "camera_to_world_matrix": [-0.661113, -0.508246, 0.55192, -1.65984, 0.750232, -0.439012, 0.494388, 0.560642, -0.00897085, 0.740915, 0.671539, 1.59394, 0.0, 0.0, 0.0, 1.0]}, "3dfe07714b2f49d88bd4c8749e8bb0b7_d2_4.png": {"intrinsics": {"fx": 1074.72, "fy": 1075.57, "cx": 634.139, "cy": 513.071}, "camera_to_world_matrix": [0.319221, -0.64138, 0.69766, -1.66276, 0.947631, 0.223562, -0.228071, 0.574894, -0.00969017, 0.733929, 0.679156, 1.59379, 0.0, 0.0, 0.0, 1.0]}, "3dfe07714b2f49d88bd4c8749e8bb0b7_d2_5.png": {"intrinsics": {"fx": 1074.72, "fy": 1075.57, "cx": 634.139, "cy": 513.071}, "camera_to_world_matrix": [0.980328, -0.134104, 0.144822, -1.65188, 0.197373, 0.670142, -0.71551, 0.584553, -0.00109867, 0.730018, 0.683427, 1.59371, 0.0, 0.0, 0.0, 1.0]}, "47a69295198f4265958b9b1d497c328d_d0_0.png": {"intrinsics": {"fx": 1074.61, "fy": 1075.44, "cx": 635.684, "cy": 519.372}, "camera_to_world_matrix": [0.0750901, -0.655861, -0.751137, 2.4838, -0.997038, -0.0368373, -0.0675078, 2.04622, 0.0166061, 0.753981, -0.656686, 1.51878, 0.0, 0.0, 0.0, 1.0]}, "47a69295198f4265958b9b1d497c328d_d0_1.png": {"intrinsics": {"fx": 1074.61, "fy": 1075.44, "cx": 635.684, "cy": 519.372}, "camera_to_world_matrix": [-0.825955, -0.361909, -0.432228, 2.47761, -0.563425, 0.555427, 0.611599, 2.03305, 0.018728, 0.74868, -0.662667, 1.5189, 0.0, 0.0, 0.0, 1.0]}, "47a69295198f4265958b9b1d497c328d_d0_2.png": {"intrinsics": {"fx": 1074.61, "fy": 1075.44, "cx": 635.684, "cy": 519.372}, "camera_to_world_matrix": [-0.900968, 0.297995, 0.315364, 2.46311, 0.433693, 0.596964, 0.67494, 2.03182, 0.0128681, 0.744871, -0.667085, 1.51898, 0.0, 0.0, 0.0, 1.0]}, "47a69295198f4265958b9b1d497c328d_d0_3.png": {"intrinsics": {"fx": 1074.61, "fy": 1075.44, "cx": 635.684, "cy": 519.372}, "camera_to_world_matrix": [-0.0749357, 0.663932, 0.744029, 2.4548, 0.997176, 0.0462358, 0.0591734, 2.04377, 0.00488641, 0.746362, -0.665522, 1.51895, 0.0, 0.0, 0.0, 1.0]}, "47a69295198f4265958b9b1d497c328d_d0_4.png": {"intrinsics": {"fx": 1074.61, "fy": 1075.44, "cx": 635.684, "cy": 519.372}, "camera_to_world_matrix": [0.826092, 0.369956, 0.425093, 2.46099, 0.563528, -0.546017, -0.619921, 2.05694, 0.00276481, 0.751663, -0.659541, 1.51884, 0.0, 0.0, 0.0, 1.0]}, "47a69295198f4265958b9b1d497c328d_d0_5.png": {"intrinsics": {"fx": 1074.61, "fy": 1075.44, "cx": 635.684, "cy": 519.372}, "camera_to_world_matrix": [0.901067, -0.28995, -0.322501, 2.47549, -0.433594, -0.587528, -0.683233, 2.05816, 0.00862494, 0.755473, -0.655123, 1.51875, 0.0, 0.0, 0.0, 1.0]}, "47a69295198f4265958b9b1d497c328d_d1_0.png": {"intrinsics": {"fx": 1075.98, "fy": 1076.47, "cx": 627.187, "cy": 512.785}, "camera_to_world_matrix": [0.0842616, 0.0102146, -0.996391, 2.47297, -0.996354, 0.0141955, -0.0841128, 2.0455, 0.0132854, 0.999847, 0.0113725, 1.5521, 0.0, 0.0, 0.0, 1.0]}, "47a69295198f4265958b9b1d497c328d_d1_1.png": {"intrinsics": {"fx": 1075.98, "fy": 1076.47, "cx": 627.187, "cy": 512.785}, "camera_to_world_matrix": [-0.820767, 0.0146504, -0.571073, 2.47148, -0.571051, 0.00604879, 0.820892, 2.04233, 0.015481, 0.999874, 0.00340047, 1.55212, 0.0, 0.0, 0.0, 1.0]}, "47a69295198f4265958b9b1d497c328d_d1_2.png": {"intrinsics": {"fx": 1075.98, "fy": 1076.47, "cx": 627.187, "cy": 512.785}, "camera_to_world_matrix": [-0.90497, 0.00981301, 0.42536, 2.46799, 0.425363, -0.00186582, 0.90502, 2.04203, 0.00967489, 0.99995, -0.0024866, 1.55214, 0.0, 0.0, 0.0, 1.0]}, "47a69295198f4265958b9b1d497c328d_d1_3.png": {"intrinsics": {"fx": 1075.98, "fy": 1076.47, "cx": 627.187, "cy": 512.785}, "camera_to_world_matrix": [-0.0841423, 0.000539892, 0.996453, 2.46599, 0.996451, -0.00163349, 0.0841428, 2.04491, 0.0016734, 0.999998, -0.000401541, 1.55214, 0.0, 0.0, 0.0, 1.0]}, "47a69295198f4265958b9b1d497c328d_d1_4.png": {"intrinsics": {"fx": 1075.98, "fy": 1076.47, "cx": 627.187, "cy": 512.785}, "camera_to_world_matrix": [0.82087, -0.00389563, 0.5711, 2.46748, 0.571113, 0.00651345, -0.820845, 2.04807, -0.000521852, 0.999971, 0.00757053, 1.55211, 0.0, 0.0, 0.0, 1.0]}, "47a69295198f4265958b9b1d497c328d_d1_5.png": {"intrinsics": {"fx": 1075.98, "fy": 1076.47, "cx": 627.187, "cy": 512.785}, "camera_to_world_matrix": [0.905034, 0.000942074, -0.425337, 2.47097, -0.425304, 0.0144279, -0.904935, 2.04837, 0.00528445, 0.999895, 0.0134574, 1.55209, 0.0, 0.0, 0.0, 1.0]}, "47a69295198f4265958b9b1d497c328d_d2_0.png": {"intrinsics": {"fx": 1074.72, "fy": 1075.57, "cx": 634.139, "cy": 513.071}, "camera_to_world_matrix": [0.0805167, 0.677628, -0.730984, 2.48416, -0.996738, 0.0587457, -0.0553312, 2.04663, 0.00544833, 0.733055, 0.680147, 1.58528, 0.0, 0.0, 0.0, 1.0]}, "47a69295198f4265958b9b1d497c328d_d2_1.png": {"intrinsics": {"fx": 1074.72, "fy": 1075.57, "cx": 634.139, "cy": 513.071}, "camera_to_world_matrix": [-0.822951, 0.387674, -0.415283, 2.47797, -0.568061, -0.551726, 0.610659, 2.03347, 0.00761429, 0.738449, 0.674266, 1.5854, 0.0, 0.0, 0.0, 1.0]}, "47a69295198f4265958b9b1d497c328d_d2_2.png": {"intrinsics": {"fx": 1074.72, "fy": 1075.57, "cx": 634.139, "cy": 513.071}, "camera_to_world_matrix": [-0.903451, -0.285998, 0.319345, 2.46347, 0.428687, -0.60583, 0.670222, 2.03224, 0.0017862, 0.742412, 0.669941, 1.58548, 0.0, 0.0, 0.0, 1.0]}, "47a69295198f4265958b9b1d497c328d_d2_3.png": {"intrinsics": {"fx": 1074.72, "fy": 1075.57, "cx": 634.139, "cy": 513.071}, "camera_to_world_matrix": [-0.080482, -0.669703, 0.738255, 2.45516, 0.996736, -0.0494604, 0.0637929, 2.04419, -0.00620773, 0.74098, 0.671497, 1.58545, 0.0, 0.0, 0.0, 1.0]}, "47a69295198f4265958b9b1d497c328d_d2_4.png": {"intrinsics": {"fx": 1074.72, "fy": 1075.57, "cx": 634.139, "cy": 513.071}, "camera_to_world_matrix": [0.822969, -0.379726, 0.422529, 2.46135, 0.568024, 0.561, -0.602185, 2.05735, -0.00837337, 0.735586, 0.677379, 1.58534, 0.0, 0.0, 0.0, 1.0]}, "47a69295198f4265958b9b1d497c328d_d2_5.png": {"intrinsics": {"fx": 1074.72, "fy": 1075.57, "cx": 634.139, "cy": 513.071}, "camera_to_world_matrix": [0.90343, 0.293949, -0.312102, 2.47585, -0.428727, 0.615077, -0.661719, 2.05858, -0.00254503, 0.731624, 0.681703, 1.58525, 0.0, 0.0, 0.0, 1.0]}, "50be95bc6efb466c90867d52cf32ba3f_d0_0.png": {"intrinsics": {"fx": 1074.61, "fy": 1075.44, "cx": 635.684, "cy": 519.372}, "camera_to_world_matrix": [-0.913341, 0.28251, 0.293251, -0.284253, 0.406385, 0.586986, 0.700213, -2.42138, 0.0256832, 0.758706, -0.650926, 1.50957, 0.0, 0.0, 0.0, 1.0]}, "50be95bc6efb466c90867d52cf32ba3f_d0_1.png": {"intrinsics": {"fx": 1074.61, "fy": 1075.44, "cx": 635.684, "cy": 519.372}, "camera_to_world_matrix": [-0.104339, 0.664555, 0.739918, -0.292911, 0.994098, 0.0474616, 0.0975545, -2.40969, 0.0297126, 0.74573, -0.665586, 1.50985, 0.0, 0.0, 0.0, 1.0]}, "50be95bc6efb466c90867d52cf32ba3f_d0_2.png": {"intrinsics": {"fx": 1074.61, "fy": 1075.44, "cx": 635.684, "cy": 519.372}, "camera_to_world_matrix": [0.809093, 0.388217, 0.441198, -0.287114, 0.587495, -0.553184, -0.590624, -2.39634, 0.0147736, 0.737071, -0.675653, 1.51005, 0.0, 0.0, 0.0, 1.0]}, "50be95bc6efb466c90867d52cf32ba3f_d0_3.png": {"intrinsics": {"fx": 1074.61, "fy": 1075.44, "cx": 635.684, "cy": 519.372}, "camera_to_world_matrix": [0.913502, -0.27016, -0.304182, -0.272659, -0.406811, -0.614293, -0.676128, -2.39469, -0.00419449, 0.741389, -0.671062, 1.50996, 0.0, 0.0, 0.0, 1.0]}, "50be95bc6efb466c90867d52cf32ba3f_d0_4.png": {"intrinsics": {"fx": 1074.61, "fy": 1075.44, "cx": 635.684, "cy": 519.372}, "camera_to_world_matrix": [0.104478, -0.652184, -0.750826, -0.264, -0.994493, -0.0747535, -0.0734511, -2.40638, -0.00822319, 0.754366, -0.656403, 1.50968, 0.0, 0.0, 0.0, 1.0]}, "50be95bc6efb466c90867d52cf32ba3f_d0_5.png": {"intrinsics": {"fx": 1074.61, "fy": 1075.44, "cx": 635.684, "cy": 519.372}, "camera_to_world_matrix": [-0.808938, -0.375822, -0.452079, -0.269798, -0.587855, 0.525882, 0.614716, -2.41972, 0.00671632, 0.763024, -0.646335, 1.50948, 0.0, 0.0, 0.0, 1.0]}, "50be95bc6efb466c90867d52cf32ba3f_d1_0.png": {"intrinsics": {"fx": 1075.98, "fy": 1076.47, "cx": 627.187, "cy": 512.785}, "camera_to_world_matrix": [-0.917104, 0.0129209, 0.398435, -0.279576, 0.39802, -0.0262162, 0.917001, -2.41185, 0.0222943, 0.999572, 0.0188992, 1.54296, 0.0, 0.0, 0.0, 1.0]}, "50be95bc6efb466c90867d52cf32ba3f_d1_1.png": {"intrinsics": {"fx": 1075.98, "fy": 1076.47, "cx": 627.187, "cy": 512.785}, "camera_to_world_matrix": [-0.11353, 0.0036452, 0.993527, -0.281659, 0.99318, -0.0262598, 0.113587, -2.40904, 0.0265041, 0.999648, -0.000640083, 1.54303, 0.0, 0.0, 0.0, 1.0]}, "50be95bc6efb466c90867d52cf32ba3f_d1_2.png": {"intrinsics": {"fx": 1075.98, "fy": 1076.47, "cx": 627.187, "cy": 512.785}, "camera_to_world_matrix": [0.803639, -0.00102907, 0.595115, -0.280264, 0.595001, -0.0182495, -0.803517, -2.40583, 0.0116877, 0.999833, -0.0140547, 1.54308, 0.0, 0.0, 0.0, 1.0]}, "50be95bc6efb466c90867d52cf32ba3f_d1_3.png": {"intrinsics": {"fx": 1075.98, "fy": 1076.4