{"094836afff5e4fbfbb6659a96ec665b8_d0_0.png": {"intrinsics": {"fx": 1075.72, "fy": 1075.66, "cx": 636.877, "cy": 515.013}, "camera_to_world_matrix": [-0.7031, 0.488725, 0.516526, -0.0107112, 0.710262, 0.447598, 0.543308, -0.00977278, 0.0343323, 0.748869, -0.661828, 1.21484, 0.0, 0.0, 0.0, 1.0]}, "094836afff5e4fbfbb6659a96ec665b8_d0_1.png": {"intrinsics": {"fx": 1075.72, "fy": 1075.66, "cx": 636.877, "cy": 515.013}, "camera_to_world_matrix": [0.264009, 0.648271, 0.714173, -0.0145446, 0.964199, -0.196481, -0.178087, 0.00426026, 0.0248732, 0.735622, -0.676935, 1.21514, 0.0, 0.0, 0.0, 1.0]}, "094836afff5e4fbfbb6659a96ec665b8_d0_2.png": {"intrinsics": {"fx": 1075.72, "fy": 1075.66, "cx": 636.877, "cy": 515.013}, "camera_to_world_matrix": [0.967277, 0.170192, 0.188175, -0.0043069, 0.253708, -0.656815, -0.710089, 0.0145993, 0.00274485, 0.734594, -0.678501, 1.21517, 0.0, 0.0, 0.0, 1.0]}, "094836afff5e4fbfbb6659a96ec665b8_d0_3.png": {"intrinsics": {"fx": 1075.72, "fy": 1075.66, "cx": 636.877, "cy": 515.013}, "camera_to_world_matrix": [0.70342, -0.467423, -0.535459, 0.009764, -0.710705, -0.47306, -0.520685, 0.010905, -0.00992394, 0.746813, -0.66496, 1.2149, 0.0, 0.0, 0.0, 1.0]}, "094836afff5e4fbfbb6659a96ec665b8_d0_4.png": {"intrinsics": {"fx": 1075.72, "fy": 1075.66, "cx": 636.877, "cy": 515.013}, "camera_to_world_matrix": [-0.263699, -0.626945, -0.733078, 0.0135968, -0.964605, 0.171026, 0.200718, -0.00312819, -0.000464126, 0.76006, -0.649853, 1.21461, 0.0, 0.0, 0.0, 1.0]}, "094836afff5e4fbfbb6659a96ec665b8_d0_5.png": {"intrinsics": {"fx": 1075.72, "fy": 1075.66, "cx": 636.877, "cy": 515.013}, "camera_to_world_matrix": [-0.966939, -0.148847, -0.207059, 0.0033587, -0.254086, 0.631341, 0.7327, -0.0134668, 0.0216643, 0.761087, -0.648288, 1.21458, 0.0, 0.0, 0.0, 1.0]}, "094836afff5e4fbfbb6659a96ec665b8_d1_0.png": {"intrinsics": {"fx": 1075.94, "fy": 1076.09, "cx": 629.693, "cy": 501.638}, "camera_to_world_matrix": [-0.710313, 0.0214009, 0.703561, -0.00246261, 0.703273, -0.020164, 0.710635, -0.00248707, 0.0293947, 0.999568, -0.000727487, 1.24811, 0.0, 0.0, 0.0, 1.0]}, "094836afff5e4fbfbb6659a96ec665b8_d1_1.png": {"intrinsics": {"fx": 1075.94, "fy": 1076.09, "cx": 629.693, "cy": 501.638}, "camera_to_world_matrix": [0.254243, 0.0151107, 0.967022, -0.00338473, 0.966931, -0.0247909, -0.253832, 0.000888578, 0.0201376, 0.999579, -0.0209136, 1.24818, 0.0, 0.0, 0.0, 1.0]}, "094836afff5e4fbfbb6659a96ec665b8_d1_2.png": {"intrinsics": {"fx": 1075.94, "fy": 1076.09, "cx": 629.693, "cy": 501.638}, "camera_to_world_matrix": [0.964654, 0.00795989, 0.2634, -0.000922046, 0.263512, -0.0216581, -0.964413, 0.00337562, -0.00197203, 0.999734, -0.0229897, 1.24819, 0.0, 0.0, 0.0, 1.0]}, "094836afff5e4fbfbb6659a96ec665b8_d1_3.png": {"intrinsics": {"fx": 1075.94, "fy": 1076.09, "cx": 629.693, "cy": 501.638}, "camera_to_world_matrix": [0.710493, 0.0070993, -0.703669, 0.00246271, -0.703548, -0.0138984, -0.710512, 0.00248697, -0.0148242, 0.999878, -0.00487966, 1.24812, 0.0, 0.0, 0.0, 1.0]}, "094836afff5e4fbfbb6659a96ec665b8_d1_4.png": {"intrinsics": {"fx": 1075.94, "fy": 1076.09, "cx": 629.693, "cy": 501.638}, "camera_to_world_matrix": [-0.254074, 0.0133896, -0.967093, 0.0033847, -0.967169, -0.00927179, 0.253965, -0.000888711, -0.00556633, 0.999868, 0.0153061, 1.24805, 0.0, 0.0, 0.0, 1.0]}, "094836afff5e4fbfbb6659a96ec665b8_d1_5.png": {"intrinsics": {"fx": 1075.94, "fy": 1076.09, "cx": 629.693, "cy": 501.638}, "camera_to_world_matrix": [-0.964457, 0.0205403, -0.263442, 0.000921913, -0.263723, -0.0124049, 0.964519, -0.00337566, 0.0165434, 0.999712, 0.0173813, 1.24805, 0.0, 0.0, 0.0, 1.0]}, "094836afff5e4fbfbb6659a96ec665b8_d2_0.png": {"intrinsics": {"fx": 1074.61, "fy": 1074.93, "cx": 630.692, "cy": 523.124}, "camera_to_world_matrix": [-0.712049, -0.458173, 0.532037, -0.0097636, 0.701588, -0.494038, 0.513517, -0.0109054, 0.0275673, 0.738921, 0.673228, 1.28133, 0.0, 0.0, 0.0, 1.0]}, "094836afff5e4fbfbb6659a96ec665b8_d2_1.png": {"intrinsics": {"fx": 1074.61, "fy": 1074.93, "cx": 630.692, "cy": 523.124}, "camera_to_world_matrix": [0.251877, -0.640652, 0.725343, -0.013597, 0.967585, 0.152493, -0.201308, 0.00312764, 0.018359, 0.752536, 0.658295, 1.28162, 0.0, 0.0, 0.0, 1.0]}, "094836afff5e4fbfbb6659a96ec665b8_d2_2.png": {"intrinsics": {"fx": 1074.61, "fy": 1074.93, "cx": 630.692, "cy": 523.124}, "camera_to_world_matrix": [0.963998, -0.17191, 0.202864, -0.00335925, 0.265882, 0.633913, -0.726265, 0.0134666, -0.00374579, 0.754056, 0.656799, 1.28165, 0.0, 0.0, 0.0, 1.0]}, "094836afff5e4fbfbb6659a96ec665b8_d2_3.png": {"intrinsics": {"fx": 1074.61, "fy": 1074.93, "cx": 630.692, "cy": 523.124}, "camera_to_world_matrix": [0.712177, 0.4793, -0.512908, 0.0107117, -0.701802, 0.468792, -0.536384, 0.00977238, -0.0166419, 0.741961, 0.670236, 1.28139, 0.0, 0.0, 0.0, 1.0]}, "094836afff5e4fbfbb6659a96ec665b8_d2_4.png": {"intrinsics": {"fx": 1074.61, "fy": 1074.93, "cx": 630.692, "cy": 523.124}, "camera_to_world_matrix": [-0.251759, 0.661754, -0.706186, 0.0145445, -0.967761, -0.177747, 0.178449, -0.00426081, -0.00743289, 0.728346, 0.685169, 1.28109, 0.0, 0.0, 0.0, 1.0]}, "094836afff5e4fbfbb6659a96ec665b8_d2_5.png": {"intrinsics": {"fx": 1074.61, "fy": 1074.93, "cx": 630.692, "cy": 523.124}, "camera_to_world_matrix": [-0.963853, 0.192994, -0.183687, 0.00430635, -0.26603, -0.659149, 0.703385, -0.0145994, 0.014672, 0.726826, 0.686664, 1.28106, 0.0, 0.0, 0.0, 1.0]}, "0c5658ec8f51460fbf29d6aedcfb4bca_d0_0.png": {"intrinsics": {"fx": 1075.72, "fy": 1075.66, "cx": 636.877, "cy": 515.013}, "camera_to_world_matrix": [-0.240211, 0.664555, 0.707577, -2.97921, 0.970122, 0.138743, 0.199033, 7.04643, 0.0340973, 0.734246, -0.678027, 1.2301, 0.0, 0.0, 0.0, 1.0]}, "0c5658ec8f51460fbf29d6aedcfb4bca_d0_1.png": {"intrinsics": {"fx": 1075.72, "fy": 1075.66, "cx": 636.877, "cy": 515.013}, "camera_to_world_matrix": [0.720321, 0.47205, 0.508239, -2.97533, 0.693616, -0.496377, -0.522021, 7.06045, 0.00585806, 0.728545, -0.684973, 1.23023, 0.0, 0.0, 0.0, 1.0]}, "0c5658ec8f51460fbf29d6aedcfb4bca_d0_2.png": {"intrinsics": {"fx": 1075.72, "fy": 1075.66, "cx": 636.877, "cy": 515.013}, "camera_to_world_matrix": [0.960816, -0.174074, -0.215709, -2.96124, -0.276722, -0.64741, -0.71013, 7.0641, -0.0160373, 0.741996, -0.670212, 1.22995, 0.0, 0.0, 0.0, 1.0]}, "0c5658ec8f51460fbf29d6aedcfb4bca_d0_3.png": {"intrinsics": {"fx": 1075.72, "fy": 1075.66, "cx": 636.877, "cy": 515.013}, "camera_to_world_matrix": [0.240775, -0.627679, -0.740302, -2.95105, -0.970533, -0.16332, -0.177181, 7.05372, -0.0096928, 0.761148, -0.648506, 1.22952, 0.0, 0.0, 0.0, 1.0]}, "0c5658ec8f51460fbf29d6aedcfb4bca_d0_4.png": {"intrinsics": {"fx": 1075.72, "fy": 1075.66, "cx": 636.877, "cy": 515.013}, "camera_to_world_matrix": [-0.719746, -0.43515, -0.540935, -2.95494, -0.69399, 0.471793, 0.543865, 7.0397, 0.0185468, 0.766848, -0.641561, 1.22939, 0.0, 0.0, 0.0, 1.0]}, "0c5658ec8f51460fbf29d6aedcfb4bca_d0_5.png": {"intrinsics": {"fx": 1075.72, "fy": 1075.66, "cx": 636.877, "cy": 515.013}, "camera_to_world_matrix": [-0.960204, 0.210981, 0.18302, -2.96902, 0.276358, 0.622801, 0.731946, 7.03606, 0.0404413, 0.753397, -0.656322, 1.22968, 0.0, 0.0, 0.0, 1.0]}, "0c5658ec8f51460fbf29d6aedcfb4bca_d1_0.png": {"intrinsics": {"fx": 1075.94, "fy": 1076.09, "cx": 629.693, "cy": 501.638}, "camera_to_world_matrix": [-0.250086, 0.0291909, 0.967784, -2.9677, 0.967778, -0.0227942, 0.250772, 7.04865, 0.02938, 0.999314, -0.0225494, 1.26311, 0.0, 0.0, 0.0, 1.0]}, "0c5658ec8f51460fbf29d6aedcfb4bca_d1_1.png": {"intrinsics": {"fx": 1075.94, "fy": 1076.09, "cx": 629.693, "cy": 501.638}, "camera_to_world_matrix": [0.713227, 0.0214213, 0.700606, -2.96676, 0.700933, -0.0235527, -0.712839, 7.05202, 0.00123111, 0.999493, -0.0318129, 1.26315, 0.0, 0.0, 0.0, 1.0]}, "0c5658ec8f51460fbf29d6aedcfb4bca_d1_2.png": {"intrinsics": {"fx": 1075.94, "fy": 1076.09, "cx": 629.693, "cy": 501.638}, "camera_to_world_matrix": [0.963476, 0.0168826, -0.267262, -2.96338, -0.266981, -0.0172023, -0.963548, 7.0529, -0.0208649, 0.99971, -0.0120663, 1.26308, 0.0, 0.0, 0.0, 1.0]}, "0c5658ec8f51460fbf29d6aedcfb4bca_d1_3.png": {"intrinsics": {"fx": 1075.94, "fy": 1076.09, "cx": 629.693, "cy": 501.638}, "camera_to_world_matrix": [0.250407, 0.0201136, -0.967932, -2.96092, -0.968027, -0.0100937, -0.250642, 7.05041, -0.0148114, 0.999747, 0.0169433, 1.26298, 0.0, 0.0, 0.0, 1.0]}, "0c5658ec8f51460fbf29d6aedcfb4bca_d1_4.png": {"intrinsics": {"fx": 1075.94, "fy": 1076.09, "cx": 629.693, "cy": 501.638}, "camera_to_world_matrix": [-0.712895, 0.0278832, -0.700717, -2.96186, -0.701145, -0.00933554, 0.712958, 7.04703, 0.0133378, 0.999568, 0.0262057, 1.26294, 0.0, 0.0, 0.0, 1.0]}, "0c5658ec8f51460fbf29d6aedcfb4bca_d1_5.png": {"intrinsics": {"fx": 1075.94, "fy": 1076.09, "cx": 629.693, "cy": 501.638}, "camera_to_world_matrix": [-0.963107, 0.0324216, 0.267162, -2.96525, 0.266779, -0.0156861, 0.96363, 7.04616, 0.035433, 0.999352, 0.00645831, 1.26301, 0.0, 0.0, 0.0, 1.0]}, "0c5658ec8f51460fbf29d6aedcfb4bca_d2_0.png": {"intrinsics": {"fx": 1074.61, "fy": 1074.93, "cx": 630.692, "cy": 523.124}, "camera_to_world_matrix": [-0.252477, -0.630624, 0.733872, -2.97757, 0.967209, -0.186121, 0.172818, 7.04533, 0.0276058, 0.753441, 0.656936, 1.29657, 0.0, 0.0, 0.0, 1.0]}, "0c5658ec8f51460fbf29d6aedcfb4bca_d2_1.png": {"intrinsics": {"fx": 1074.61, "fy": 1074.93, "cx": 630.692, "cy": 523.124}, "camera_to_world_matrix": [0.71149, -0.456561, 0.534166, -2.97369, 0.702695, 0.462839, -0.54037, 7.05935, -0.000520915, 0.759824, 0.650128, 1.2967, 0.0, 0.0, 0.0, 1.0]}, "0c5658ec8f51460fbf29d6aedcfb4bca_d2_2.png": {"intrinsics": {"fx": 1074.61, "fy": 1074.93, "cx": 630.692, "cy": 523.124}, "camera_to_world_matrix": [0.964086, 0.192332, -0.183154, -2.9596, -0.264619, 0.636769, -0.724225, 7.063, -0.0226649, 0.746682, 0.664795, 1.29642, 0.0, 0.0, 0.0, 1.0]}, "0c5658ec8f51460fbf29d6aedcfb4bca_d2_3.png": {"intrinsics": {"fx": 1074.61, "fy": 1074.93, "cx": 630.692, "cy": 523.124}, "camera_to_world_matrix": [0.252709, 0.667147, -0.700751, -2.94941, -0.967398, 0.161737, -0.194888, 7.05263, -0.0166817, 0.727156, 0.68627, 1.29599, 0.0, 0.0, 0.0, 1.0]}, "0c5658ec8f51460fbf29d6aedcfb4bca_d2_4.png": {"intrinsics": {"fx": 1074.61, "fy": 1074.93, "cx": 630.692, "cy": 523.124}, "camera_to_world_matrix": [-0.711248, 0.493059, -0.501017, -2.9533, -0.702847, -0.487216, 0.518292, 7.03861, 0.0114454, 0.720773, 0.693076, 1.29586, 0.0, 0.0, 0.0, 1.0]}, "0c5658ec8f51460fbf29d6aedcfb4bca_d2_5.png": {"intrinsics": {"fx": 1074.61, "fy": 1074.93, "cx": 630.692, "cy": 523.124}, "camera_to_world_matrix": [-0.963807, -0.155841, 0.21631, -2.96738, 0.264477, -0.661121, 0.702119, 7.03496, 0.0335886, 0.733916, 0.678409, 1.29615, 0.0, 0.0, 0.0, 1.0]}, "138252ad9fab4ae1a86997fc363e6ac7_d0_0.png": {"intrinsics": {"fx": 1075.72, "fy": 1075.66, "cx": 636.877, "cy": 515.013}, "camera_to_world_matrix": [-0.559201, 0.5719, 0.600187, -3.12481, 0.828498, 0.359534, 0.429332, 6.44221, 0.0297476, 0.737337, -0.67487, 1.22695, 0.0, 0.0, 0.0, 1.0]}, "138252ad9fab4ae1a86997fc363e6ac7_d0_1.png": {"intrinsics": {"fx": 1075.72, "fy": 1075.66, "cx": 636.877, "cy": 515.013}, "camera_to_world_matrix": [0.438003, 0.609445, 0.660856, -3.12597, 0.898942, -0.303064, -0.316315, 6.45671, 0.00750536, 0.732618, -0.680598, 1.22706, 0.0, 0.0, 0.0, 1.0]}, "138252ad9fab4ae1a86997fc363e6ac7_d0_2.png": {"intrinsics": {"fx": 1075.72, "fy": 1075.66, "cx": 636.877, "cy": 515.013}, "camera_to_world_matrix": [0.997472, 0.0545192, 0.045584, -3.114, 0.0703526, -0.666955, -0.74177, 6.46498, -0.0100383, 0.743101, -0.669104, 1.22684, 0.0, 0.0, 0.0, 1.0]}, "138252ad9fab4ae1a86997fc363e6ac7_d0_3.png": {"intrinsics": {"fx": 1075.72, "fy": 1075.66, "cx": 636.877, "cy": 515.013}, "camera_to_world_matrix": [0.559723, -0.537938, -0.630343, -3.10086, -0.828663, -0.368239, -0.421568, 6.45874, -0.00533924, 0.758303, -0.651881, 1.2265, 0.0, 0.0, 0.0, 1.0]}, "138252ad9fab4ae1a86997fc363e6ac7_d0_4.png": {"intrinsics": {"fx": 1075.72, "fy": 1075.66, "cx": 636.877, "cy": 515.013}, "camera_to_world_matrix": [-0.437484, -0.575457, -0.690983, -3.09969, -0.899068, 0.294361, 0.324082, 6.44424, 0.0169032, 0.763021, -0.646153, 1.22639, 0.0, 0.0, 0.0, 1.0]}, "138252ad9fab4ae1a86997fc363e6ac7_d0_5.png": {"intrinsics": {"fx": 1075.72, "fy": 1075.66, "cx": 636.877, "cy": 515.013}, "camera_to_world_matrix": [-0.99692, -0.0205172, -0.0756942, -3.11167, -0.0704559, 0.65823, 0.749513, 6.43597, 0.0344463, 0.752537, -0.657648, 1.22662, 0.0, 0.0, 0.0, 1.0]}, "138252ad9fab4ae1a86997fc363e6ac7_d1_0.png": {"intrinsics": {"fx": 1075.94, "fy": 1076.09, "cx": 629.693, "cy": 501.638}, "camera_to_world_matrix": [-0.56764, 0.0291558, 0.82276, -3.11496, 0.822898, -0.0102362, 0.568098, 6.44829, 0.0249851, 0.999523, -0.0181814, 1.26002, 0.0, 0.0, 0.0, 1.0]}, "138252ad9fab4ae1a86997fc363e6ac7_d1_1.png": {"intrinsics": {"fx": 1075.94, "fy": 1076.09, "cx": 629.693, "cy": 501.638}, "camera_to_world_matrix": [0.428855, 0.0221192, 0.903103, -3.11524, 0.903369, -0.0136186, -0.428648, 6.45178, 0.00281753, 0.999663, -0.0258219, 1.26005, 0.0, 0.0, 0.0, 1.0]}, "138252ad9fab4ae1a86997fc363e6ac7_d1_2.png": {"intrinsics": {"fx": 1075.94, "fy": 1076.09, "cx": 629.693, "cy": 501.638}, "camera_to_world_matrix": [0.996651, 0.0156732, 0.0802583, -3.11236, 0.0804086, -0.00921488, -0.99672, 6.45377, -0.0148824, 0.999835, -0.0104439, 1.26, 0.0, 0.0, 0.0, 1.0]}, "138252ad9fab4ae1a86997fc363e6ac7_d1_3.png": {"intrinsics": {"fx": 1075.94, "fy": 1076.09, "cx": 629.693, "cy": 501.638}, "camera_to_world_matrix": [0.567939, 0.0162639, -0.82291, -3.1092, -0.823005, -0.00142876, -0.568033, 6.45227, -0.0104143, 0.999867, 0.0125742, 1.25991, 0.0, 0.0, 0.0, 1.0]}, "138252ad9fab4ae1a86997fc363e6ac7_d1_4.png": {"intrinsics": {"fx": 1075.94, "fy": 1076.09, "cx": 629.693, "cy": 501.638}, "camera_to_world_matrix": [-0.428559, 0.0233006, -0.903213, -3.10892, -0.903438, 0.00195342, 0.428716, 6.44878, 0.0117536, 0.999727, 0.0202139, 1.25989, 0.0, 0.0, 0.0, 1.0]}, "138252ad9fab4ae1a86997fc363e6ac7_d1_5.png": {"intrinsics": {"fx": 1075.94, "fy": 1076.09, "cx": 629.693, "cy": 501.638}, "camera_to_world_matrix": [-0.996324, 0.0297464, -0.0803466, -3.1118, -0.0804545, -0.00245059, 0.996756, 6.44679, 0.0294529, 0.999555, 0.00483519, 1.25994, 0.0, 0.0, 0.0, 1.0]}, "138252ad9fab4ae1a86997fc363e6ac7_d2_0.png": {"intrinsics": {"fx": 1074.61, "fy": 1074.93, "cx": 630.692, "cy": 523.124}, "camera_to_world_matrix": [-0.56968, -0.53282, 0.625754, -3.1233, 0.821539, -0.390671, 0.41527, 6.44182, 0.0232, 0.750652, 0.66029, 1.29343, 0.0, 0.0, 0.0, 1.0]}, "138252ad9fab4ae1a86997fc363e6ac7_d2_1.png": {"intrinsics": {"fx": 1074.61, "fy": 1074.93, "cx": 630.692, "cy": 523.124}, "camera_to_world_matrix": [0.426629, -0.592443, 0.683373, -3.12446, 0.904426, 0.278585, -0.323117, 6.45632, 0.00105071, 0.755911, 0.654673, 1.29354, 0.0, 0.0, 0.0, 1.0]}, "138252ad9fab4ae1a86997fc363e6ac7_d2_2.png": {"intrinsics": {"fx": 1074.61, "fy": 1074.93, "cx": 630.692, "cy": 523.124}, "camera_to_world_matrix": [0.996423, -0.0427891, 0.0728632, -3.11249, 0.0828343, 0.66493, -0.742298, 6.46459, -0.0166866, 0.745679, 0.666096, 1.29332, 0.0, 0.0, 0.0, 1.0]}, "138252ad9fab4ae1a86997fc363e6ac7_d2_3.png": {"intrinsics": {"fx": 1074.61, "fy": 1074.93, "cx": 630.692, "cy": 523.124}, "camera_to_world_matrix": [0.569896, 0.566475, -0.595252, -3.09935, -0.821625, 0.38201, -0.423084, 6.45835, -0.0122742, 0.730188, 0.683136, 1.29299, 0.0, 0.0, 0.0, 1.0]}, "138252ad9fab4ae1a86997fc363e6ac7_d2_4.png": {"intrinsics": {"fx": 1074.61, "fy": 1074.93, "cx": 630.692, "cy": 523.124}, "camera_to_world_matrix": [-0.426417, 0.626072, -0.652842, -3.09818, -0.904473, -0.287249, 0.315305, 6.44385, 0.0098753, 0.724929, 0.688752, 1.29287, 0.0, 0.0, 0.0, 1.0]}, "138252ad9fab4ae1a86997fc363e6ac7_d2_5.png": {"intrinsics": {"fx": 1074.61, "fy": 1074.93, "cx": 630.692, "cy": 523.124}, "camera_to_world_matrix": [-0.996179, 0.0764027, -0.042316, -3.11015, -0.0828589, -0.673572, 0.734462, 6.43559, 0.0276121, 0.735162, 0.677329, 1.2931, 0.0, 0.0, 0.0, 1.0]}, "2596868500734b1496d479e6936cceb3_d0_0.png": {"intrinsics": {"fx": 1075.72, "fy": 1075.66, "cx": 636.877, "cy": 515.013}, "camera_to_world_matrix": [-0.835003, 0.389203, 0.388962, 0.284095, 0.549426, 0.55116, 0.627976, -2.08095, 0.0300293, 0.738068, -0.674058, 0.67356, 0.0, 0.0, 0.0, 1.0]}, "2596868500734b1496d479e6936cceb3_d0_1.png": {"intrinsics": {"fx": 1075.72, "fy": 1075.66, "cx": 636.877, "cy": 515.013}, "camera_to_world_matrix": [0.0582827, 0.678873, 0.731939, 0.277434, 0.998263, -0.0459427, -0.0368777, -2.06802, 0.00859202, 0.732817, -0.680371, 0.673683, 0.0, 0.0, 0.0, 1.0]}, "2596868500734b1496d479e6936cceb3_d0_2.png": {"intrinsics": {"fx": 1075.72, "fy": 1075.66, "cx": 636.877, "cy": 515.013}, "camera_to_world_matrix": [0.893563, 0.306741, 0.327804, 0.285303, 0.448843, -0.595389, -0.666373, -2.05578, -0.00923327, 0.742578, -0.669696, 0.673475, 0.0, 0.0, 0.0, 1.0]}, "2596868500734b1496d479e6936cceb3_d0_3.png": {"intrinsics": {"fx": 1075.72, "fy": 1075.66, "cx": 636.877, "cy": 515.013}, "camera_to_world_matrix": [0.835539, -0.355053, -0.4193, 0.299833, -0.549402, -0.54772, -0.631, -2.05648, -0.00562077, 0.757589, -0.652708, 0.673145, 0.0, 0.0, 0.0, 1.0]}, "2596868500734b1496d479e6936cceb3_d0_4.png": {"intrinsics": {"fx": 1075.72, "fy": 1075.66, "cx": 636.877, "cy": 515.013}, "camera_to_world_matrix": [-0.057764, -0.644699, -0.762251, 0.306493, -0.998205, 0.0493948, 0.0338675, -2.06942, 0.0158169, 0.762839, -0.646395, 0.673022, 0.0, 0.0, 0.0, 1.0]}, "2596868500734b1496d479e6936cceb3_d0_5.png": {"intrinsics": {"fx": 1075.72, "fy": 1075.66, "cx": 636.877, "cy": 515.013}, "camera_to_world_matrix": [-0.893023, -0.272546, -0.35809, 0.298623, -0.448752, 0.598827, 0.663347, -2.08165, 0.0336416, 0.753078, -0.657071, 0.67323, 0.0, 0.0, 0.0, 1.0]}, "2596868500734b1496d479e6936cceb3_d1_0.png": {"intrinsics": {"fx": 1075.94, "fy": 1076.09, "cx": 629.693, "cy": 501.638}, "camera_to_world_matrix": [-0.840635, 0.0304849, 0.540744, 0.29083, 0.541014, 0.000706829, 0.841014, -2.07158, 0.0252559, 0.999535, -0.0170866, 0.706644, 0.0, 0.0, 0.0, 1.0]}, "2596868500734b1496d479e6936cceb3_d1_1.png": {"intrinsics": {"fx": 1075.94, "fy": 1076.09, "cx": 629.693, "cy": 501.638}, "camera_to_world_matrix": [0.0481371, 0.0252921, 0.998521, 0.289228, 0.998833, -0.00512339, -0.0480223, -2.06847, 0.00390109, 0.999667, -0.0255089, 0.706673, 0.0, 0.0, 0.0, 1.0]}, "2596868500734b1496d479e6936cceb3_d1_2.png": {"intrinsics": {"fx": 1075.94, "fy": 1076.09, "cx": 629.693, "cy": 501.638}, "camera_to_world_matrix": [0.888937, 0.0176477, 0.45769, 0.291121, 0.457814, -0.00353992, -0.889041, -2.06553, -0.0140695, 0.999838, -0.0112258, 0.706623, 0.0, 0.0, 0.0, 1.0]}, "2596868500734b1496d479e6936cceb3_d1_3.png": {"intrinsics": {"fx": 1075.94, "fy": 1076.09, "cx": 629.693, "cy": 501.638}, "camera_to_world_matrix": [0.840947, 0.0151962, -0.540905, 0.294616, -0.541013, 0.00387374, -0.841005, -2.0657, -0.0106849, 0.999877, 0.0114793, 0.706544, 0.0, 0.0, 0.0, 1.0]}, "2596868500734b1496d479e6936cceb3_d1_4.png": {"intrinsics": {"fx": 1075.94, "fy": 1076.09, "cx": 629.693, "cy": 501.638}, "camera_to_world_matrix": [-0.0478432, 0.0203892, -0.998647, 0.296218, -0.998798, 0.00970376, 0.0480486, -2.06881, 0.0106702, 0.999745, 0.0199008, 0.706514, 0.0, 0.0, 0.0, 1.0]}, "2596868500734b1496d479e6936cceb3_d1_5.png": {"intrinsics": {"fx": 1075.94, "fy": 1076.09, "cx": 629.693, "cy": 501.638}, "camera_to_world_matrix": [-0.888622, 0.0280336, -0.457783, 0.294325, -0.457746, 0.00811999, 0.889047, -2.07175, 0.0286402, 0.999574, 0.00561702, 0.706564, 0.0, 0.0, 0.0, 1.0]}, "2596868500734b1496d479e6936cceb3_d2_0.png": {"intrinsics": {"fx": 1074.61, "fy": 1074.93, "cx": 630.692, "cy": 523.124}, "camera_to_world_matrix": [-0.841993, -0.341692, 0.417485, 0.285614, 0.538977, -0.566446, 0.623412, -2.0808, 0.0234681, 0.749923, 0.661108, 0.740043, 0.0, 0.0, 0.0, 1.0]}, "2596868500734b1496d479e6936cceb3_d2_1.png": {"intrinsics": {"fx": 1074.61, "fy": 1074.93, "cx": 630.692, "cy": 523.124}, "camera_to_world_matrix": [0.045677, -0.654302, 0.754852, 0.278953, 0.998954, 0.028304, -0.0359142, -2.06787, 0.0021335, 0.755703, 0.654911, 0.740165, 0.0, 0.0, 0.0, 1.0]}, "2596868500734b1496d479e6936cceb3_d2_2.png": {"intrinsics": {"fx": 1074.61, "fy": 1074.93, "cx": 630.692, "cy": 523.124}, "camera_to_world_matrix": [0.887794, -0.295678, 0.352698, 0.286822, 0.459967, 0.596446, -0.657786, -2.05563, -0.0158718, 0.746208, 0.665523, 0.739957, 0.0, 0.0, 0.0, 1.0]}, "2596868500734b1496d479e6936cceb3_d2_3.png": {"intrinsics": {"fx": 1074.61, "fy": 1074.93, "cx": 630.692, "cy": 523.124}, "camera_to_world_matrix": [0.842222, 0.375548, -0.386815, 0.301352, -0.538985, 0.569825, -0.620318, -2.05633, -0.0125422, 0.730933, 0.682333, 0.739627, 0.0, 0.0, 0.0, 1.0]}, "2596868500734b1496d479e6936cceb3_d2_4.png": {"intrinsics": {"fx": 1074.61, "fy": 1074.93, "cx": 630.692, "cy": 523.124}, "camera_to_world_matrix": [-0.0454663, 0.688135, -0.724157, 0.308012, -0.998927, -0.0249379, 0.0390207, -2.06926, 0.00879263, 0.725154, 0.68853, 0.739504, 0.0, 0.0, 0.0, 1.0]}, "2596868500734b1496d479e6936cceb3_d2_5.png": {"intrinsics": {"fx": 1074.61, "fy": 1074.93, "cx": 630.692, "cy": 523.124}, "camera_to_world_matrix": [-0.887563, 0.329489, -0.321978, 0.300142, -0.459907, -0.593066, 0.660877, -2.0815, 0.0267974, 0.73465, 0.677917, 0.739712, 0.0, 0.0, 0.0, 1.0]}, "312bca1ac80742faa1617cf158beaeb1_d0_0.png": {"intrinsics": {"fx": 1075.72, "fy": 1075.66, "cx": 636.877, "cy": 515.013}, "camera_to_world_matrix": [0.674199, 0.503107, 0.540685, -2.537, 0.738523, -0.46558, -0.487668, -4.655, 0.00638313, 0.728092, -0.685449, 0.65247, 0.0, 0.0, 0.0, 1.0]}, "312bca1ac80742faa1617cf158beaeb1_d0_1.png": {"intrinsics": {"fx": 1075.72, "fy": 1075.66, "cx": 636.877, "cy": 515.013}, "camera_to_world_matrix": [0.976629, -0.131958, -0.169657, -2.52318, -0.214312, -0.657886, -0.721981, -4.65046, -0.0163435, 0.741467, -0.67079, 0.652185, 0.0, 0.0, 0.0, 1.0]}, "312bca1ac80742faa1617cf158beaeb1_d0_2.png": {"intrinsics": {"fx": 1075.72, "fy": 1075.66, "cx": 636.877, "cy": 515.013}, "camera_to_world_matrix": [0.302723, -0.61577, -0.727452, -2.51234, -0.953021, -0.204001, -0.223909, -4.66015, -0.0105244, 0.761059, -0.648597, 0.651753, 0.0, 0.0, 0.0, 1.0]}, "312bca1ac80742faa1617cf158beaeb1_d0_3.png": {"intrinsics": {"fx": 1075.72, "fy": 1075.66, "cx": 636.877, "cy": 515.013}, "camera_to_world_matrix": [-0.673598, -0.464505, -0.574893, -2.51531, -0.738879, 0.442179, 0.508465, -4.67439, 0.0180213, 0.767277, -0.641063, 0.651607, 0.0, 0.0, 0.0, 1.0]}, "312bca1ac80742faa1617cf158beaeb1_d0_4.png": {"intrinsics": {"fx": 1075.72, "fy": 1075.66, "cx": 636.877, "cy": 515.013}, "camera_to_world_matrix": [-0.975991, 0.170569, 0.135458, -2.52913, 0.213968, 0.63446, 0.742751, -4.67894, 0.0407472, 0.753901, -0.655723, 0.651893, 0.0, 0.0, 0.0, 1.0]}, "312bca1ac80742faa1617cf158beaeb1_d0_5.png": {"intrinsics": {"fx": 1075.72, "fy": 1075.66, "cx": 636.877, "cy": 515.013}, "camera_to_world_matrix": [-0.302056, 0.654362, 0.693234, -2.53997, 0.95265, 0.180556, 0.244657, -4.66924, 0.0349269, 0.734309, -0.677916, 0.652324, 0.0, 0.0, 0.0, 1.0]}, "312bca1ac80742faa1617cf158beaeb1_d1_0.png": {"intrinsics": {"fx": 1075.94, "fy": 1076.09, "cx": 629.693, "cy": 501.638}, "camera_to_world_matrix": [0.666648, 0.0230236, 0.745018, -2.5279, 0.745371, -0.022956, -0.666255, -4.66289, 0.00176287, 0.999472, -0.0324643, 0.685377, 0.0, 0.0, 0.0, 1.0]}, "312bca1ac80742faa1617cf158beaeb1_d1_1.png": {"intrinsics": {"fx": 1075.94, "fy": 1076.09, "cx": 629.693, "cy": 501.638}, "camera_to_world_matrix": [0.978656, 0.0180858, -0.204711, -2.52458, -0.204416, -0.016911, -0.978738, -4.66179, -0.0211632, 0.999694, -0.0128527, 0.685309, 0.0, 0.0, 0.0, 1.0]}, "312bca1ac80742faa1617cf158beaeb1_d1_2.png": {"intrinsics": {"fx": 1075.94, "fy": 1076.09, "cx": 629.693, "cy": 501.638}, "camera_to_world_matrix": [0.312174, 0.0208526, -0.949797, -2.52197, -0.949897, -0.00960923, -0.312418, -4.66412, -0.0156417, 0.999737, 0.0168085, 0.685205, 0.0, 0.0, 0.0, 1.0]}, "312bca1ac80742faa1617cf158beaeb1_d1_3.png": {"intrinsics": {"fx": 1075.94, "fy": 1076.09, "cx": 629.693, "cy": 501.638}, "camera_to_world_matrix": [-0.666301, 0.0285573, -0.745136, -2.52269, -0.745573, -0.00835257, 0.666372, -4.66755, 0.0128059, 0.999558, 0.0268573, 0.68517, 0.0, 0.0, 0.0, 1.0]}, "312bca1ac80742faa1617cf158beaeb1_d1_4.png": {"intrinsics": {"fx": 1075.94, "fy": 1076.09, "cx": 629.693, "cy": 501.638}, "camera_to_world_matrix": [-0.978272, 0.033495, 0.204605, -2.52601, 0.204226, -0.0143977, 0.978818, -4.66864, 0.0357312, 0.999336, 0.00724472, 0.685238, 0.0, 0.0, 0.0, 1.0]}, "312bca1ac80742faa1617cf158beaeb1_d1_5.png": {"intrinsics": {"fx": 1075.94, "fy": 1076.09, "cx": 629.693, "cy": 501.638}, "camera_to_world_matrix": [-0.311761, 0.0307278, 0.949664, -2.52862, 0.949681, -0.0216994, 0.312468, -4.66631, 0.0302085, 0.999293, -0.0224162, 0.685342, 0.0, 0.0, 0.0, 1.0]}, "312bca1ac80742faa1617cf158beaeb1_d2_0.png": {"intrinsics": {"fx": 1074.61, "fy": 1074.93, "cx": 630.692, "cy": 523.124}, "camera_to_world_matrix": [0.664802, -0.485296, 0.567914, -2.53528, 0.74702, 0.431871, -0.50542, -4.65604, 1.24895e-05, 0.760247, 0.649634, 0.71894, 0.0, 0.0, 0.0, 1.0]}, "312bca1ac80742faa1617cf158beaeb1_d2_1.png": {"intrinsics": {"fx": 1074.61, "fy": 1074.93, "cx": 630.692, "cy": 523.124}, "camera_to_world_matrix": [0.979113, 0.151059, -0.136087, -2.52146, -0.202018, 0.647205, -0.735061, -4.6515, -0.0229613, 0.7472, 0.664203, 0.718655, 0.0, 0.0, 0.0, 1.0]}, "312bca1ac80742faa1617cf158beaeb1_d2_2.png": {"intrinsics": {"fx": 1074.61, "fy": 1074.93, "cx": 630.692, "cy": 523.124}, "camera_to_world_matrix": [0.31443, 0.655454, -0.686669, -2.51062, -0.949119, 0.203725, -0.240144, -4.66119, -0.0175116, 0.727239, 0.686161, 0.718223, 0.0, 0.0, 0.0, 1.0]}, "312bca1ac80742faa1617cf158beaeb1_d2_3.png": {"intrinsics": {"fx": 1074.61, "fy": 1074.93, "cx": 630.692, "cy": 523.124}, "camera_to_world_matrix": [-0.664549, 0.523482, -0.533237, -2.5136, -0.747165, -0.455079, 0.484404, -4.67543, 0.0109119, 0.720326, 0.693549, 0.718077, 0.0, 0.0, 0.0, 1.0]}, "312bca1ac80742faa1617cf158beaeb1_d2_4.png": {"intrinsics": {"fx": 1074.61, "fy": 1074.93, "cx": 630.692, "cy": 523.124}, "camera_to_world_matrix": [-0.978823, -0.112882, 0.170774, -2.52742, 0.201885, -0.670388, 0.714018, -4.67998, 0.0338849, 0.733374, 0.67898, 0.718362, 0.0, 0.0, 0.0, 1.0]}, "312bca1ac80742faa1617cf158beaeb1_d2_5.png": {"intrinsics": {"fx": 1074.61, "fy": 1074.93, "cx": 630.692, "cy": 523.124}, "camera_to_world_matrix": [-0.314111, -0.617259, 0.721336, -2.53826, 0.94896, -0.226888, 0.219079, -4.67028, 0.028434, 0.753335, 0.657022, 0.718794, 0.0, 0.0, 0.0, 1.0]}, "3fd2f1d849de4e9f8c07863c845db6b5_d0_0.png": {"intrinsics": {"fx": 1075.72, "fy": 1075.66, "cx": 636.877, "cy": 515.013}, "camera_to_world_matrix": [0.84985, -0.370042, -0.375265, 0.00807628, -0.525959, -0.550239, -0.648541, 9.96334, 0.0335021, 0.748536, -0.662247, 1.23343, 0.0, 0.0, 0.0, 1.0]}, "3fd2f1d849de4e9f8c07863c845db6b5_d0_1.png": {"intrinsics": {"fx": 1075.72, "fy": 1075.66, "cx": 636.877, "cy": 515.013}, "camera_to_world_matrix": [-0.0309422, -0.675941, -0.736306, 0.0150884, -0.999233, 0.0386045, 0.00655184, 9.95059, 0.0239961, 0.735944, -0.676617, 1.23371, 0.0, 0.0, 0.0, 1.0]}, "3fd2f1d849de4e9f8c07863c845db6b5_d0_2.png": {"intrinsics": {"fx": 1075.72, "fy": 1075.66, "cx": 636.877, "cy": 515.013}, "camera_to_world_matrix": [-0.881004, -0.318911, -0.349468, 0.00755557, -0.473101, 0.598067, 0.646909, 9.93815, 0.00269809, 0.735263, -0.677776, 1.23373, 0.0, 0.0, 0.0, 1.0]}, "3fd2f1d849de4e9f8c07863c845db6b5_d0_3.png": {"intrinsics": {"fx": 1075.72, "fy": 1075.66, "cx": 636.877, "cy": 515.013}, "camera_to_world_matrix": [-0.850255, 0.344008, 0.398404, -0.00698928, 0.526293, 0.568673, 0.63216, 9.93844, -0.00909327, 0.747174, -0.664566, 1.23348, 0.0, 0.0, 0.0, 1.0]}, "3fd2f1d849de4e9f8c07863c845db6b5_d0_4.png": {"intrinsics": {"fx": 1075.72, "fy": 1075.66, "cx": 636.877, "cy": 515.013}, "camera_to_world_matrix": [0.030556, 0.649884, 0.759419, -0.0140009, 0.999533, -0.0201815, -0.0229467, 9.95119, 0.000413504, 0.759766, -0.650197, 1.2332, 0.0, 0.0, 0.0, 1.0]}, "3fd2f1d849de4e9f8c07863c845db6b5_d0_5.png": {"intrinsics": {"fx": 1075.72, "fy": 1075.66, "cx": 636.877, "cy": 515.013}, "camera_to_world_matrix": [0.880598, 0.292833, 0.372555, -0.00646758, 0.473368, -0.57963, -0.663289, 9.96364, 0.0217115, 0.760446, -0.649038, 1.23318, 0.0, 0.0, 0.0, 1.0]}, "3fd2f1d849de4e9f8c07863c845db6b5_d1_0.png": {"intrinsics": {"fx": 1075.94, "fy": 1076.09, "cx": 629.693, "cy": 501.638}, "camera_to_world_matrix": [0.855224, -0.0251014, -0.51765, 0.0017766, -0.517471, 0.0137031, -0.855592, 9.9543, 0.0285698, 0.999591, -0.00126964, 1.26669, 0.0, 0.0, 0.0, 1.0]}, "3fd2f1d849de4e9f8c07863c845db6b5_d1_1.png": {"intrinsics": {"fx": 1075.94, "fy": 1076.09, "cx": 629.693, "cy": 501.638}, "camera_to_world_matrix": [-0.0208101, -0.0200692, -0.999582, 0.00346337, -0.999598, 0.0196739, 0.0204153, 9.95123, 0.0192558, 0.999605, -0.0204702, 1.26676, 0.0, 0.0, 0.0, 1.0]}, "3fd2f1d849de4e9f8c07863c845db6b5_d1_2.png": {"intrinsics": {"fx": 1075.94, "fy": 1076.09, "cx": 629.693, "cy": 501.638}, "camera_to_world_matrix": [-0.876161, -0.0123836, -0.481861, 0.00165134, -0.482015, 0.018302, 0.875972, 9.94824, -0.00202879, 0.999756, -0.0220042, 1.26676, 0.0, 0.0, 0.0, 1.0]}, "3fd2f1d849de4e9f8c07863c845db6b5_d1_3.png": {"intrinsics": {"fx": 1075.94, "fy": 1076.09, "cx": 629.693, "cy": 501.638}, "camera_to_world_matrix": [-0.855458, -0.00973029, 0.517781, -0.00184742, 0.517684, 0.0109593, 0.855502, 9.94831, -0.0139989, 0.999893, -0.00433765, 1.2667, 0.0, 0.0, 0.0, 1.0]}, "3fd2f1d849de4e9f8c07863c845db6b5_d1_4.png": {"intrinsics": {"fx": 1075.94, "fy": 1076.09, "cx": 629.693, "cy": 501.638}, "camera_to_world_matrix": [0.0205953, -0.0147627, 0.999679, -0.00353407, 0.999777, 0.00498869, -0.0205236, 9.95137, -0.00468424, 0.999879, 0.0148625, 1.26664, 0.0, 0.0, 0.0, 1.0]}, "3fd2f1d849de4e9f8c07863c845db6b5_d1_5.png": {"intrinsics": {"fx": 1075.94, "fy": 1076.09, "cx": 629.693, "cy": 501.638}, "camera_to_world_matrix": [0.875926, -0.0224483, 0.481924, -0.00172192, 0.482161, 0.00636089, -0.87606, 9.95437, 0.0166004, 0.999728, 0.0163957, 1.26663, 0.0, 0.0, 0.0, 1.0]}, "3fd2f1d849de4e9f8c07863c845db6b5_d2_0.png": {"intrinsics": {"fx": 1074.61, "fy": 1074.93, "cx": 630.692, "cy": 523.124}, "camera_to_world_matrix": [0.856517, 0.3301, -0.396752, 0.0069181, -0.515425, 0.58691, -0.624398, 9.96416, 0.0267436, 0.739304, 0.672841, 1.29992, 0.0, 0.0, 0.0, 1.0]}, "3fd2f1d849de4e9f8c07863c845db6b5_d2_1.png": {"intrinsics": {"fx": 1074.61, "fy": 1074.93, "cx": 630.692, "cy": 523.124}, "camera_to_world_matrix": [-0.0183571, 0.658869, -0.752034, 0.0139302, -0.999679, 0.00105179, 0.0253238, 9.95141, 0.0174761, 0.752257, 0.658638, 1.3002, 0.0, 0.0, 0.0, 1.0]}, "3fd2f1d849de4e9f8c07863c845db6b5_d2_2.png": {"intrinsics": {"fx": 1074.61, "fy": 1074.93, "cx": 630.692, "cy": 523.124}, "camera_to_world_matrix": [-0.874969, 0.315854, -0.366967, 0.00639738, -0.484164, -0.576725, 0.658007, 9.93897, -0.00380497, 0.753408, 0.657542, 1.30022, 0.0, 0.0, 0.0, 1.0]}, "3fd2f1d849de4e9f8c07863c845db6b5_d2_3.png": {"intrinsics": {"fx": 1074.61, "fy": 1074.93, "cx": 630.692, "cy": 523.124}, "camera_to_world_matrix": [-0.856687, -0.355921, 0.373372, -0.00814747, 0.515593, -0.568631, 0.640955, 9.93926, -0.015818, 0.741606, 0.670649, 1.29996, 0.0, 0.0, 0.0, 1.0]}, "3fd2f1d849de4e9f8c07863c845db6b5_d2_4.png": {"intrinsics": {"fx": 1074.61, "fy": 1074.93, "cx": 630.692, "cy": 523.124}, "camera_to_world_matrix": [0.0182058, -0.684666, 0.728629, -0.0151591, 0.999813, 0.0172408, -0.00878136, 9.95201, -0.00654976, 0.728653, 0.684852, 1.29968, 0.0, 0.0, 0.0, 1.0]}, "3fd2f1d849de4e9f8c07863c845db6b5_d2_5.png": {"intrinsics": {"fx": 1074.61, "fy": 1074.93, "cx": 630.692, "cy": 523.124}, "camera_to_world_matrix": [0.874798, -0.341629, 0.343538, -0.00762577, 0.484264, 0.595004, -0.64145, 9.96446, 0.0147314, 0.727502, 0.685947, 1.29966, 0.0, 0.0, 0.0, 1.0]}, "4739d48c61a04deab15db1eb2c906a96_d0_0.png": {"intrinsics": {"fx": 1075.72, "fy": 1075.66, "cx": 636.877, "cy": 515.013}, "camera_to_world_matrix": [-0.949345, -0.187216, -0.252379, -0.808951, -0.31347, 0.620308, 0.718996, -4.97608, 0.0219455, 0.761688, -0.647573, 0.645974, 0.0, 0.0, 0.0, 1.0]}, "4739d48c61a04deab15db1eb2c906a96_d0_1.png": {"intrinsics": {"fx": 1075.72, "fy": 1075.66, "cx": 636.877, "cy": 515.013}, "camera_to_world_matrix": [-0.745645, 0.460539, 0.481578, -0.823224, 0.665409, 0.476358, 0.57473, -4.97326, 0.0352816, 0.748991, -0.66164, 0.646248, 0.0, 0.0, 0.0, 1.0]}, "4739d48c61a04deab15db1eb2c906a96_d0_2.png": {"intrinsics": {"fx": 1075.72, "fy": 1075.66, "cx": 636.877, "cy": 515.013}, "camera_to_world_matrix": [0.20391, 0.659591, 0.723437, -0.827917, 0.978657, -0.156614, -0.133054, -4.95949, 0.0255395, 0.735127, -0.677448, 0.646555, 0.0, 0.0, 0.0, 1.0]}, "4739d48c61a04deab15db1eb2c906a96_d0_3.png": {"intrinsics": {"fx": 1075.72, "fy": 1075.66, "cx": 636.877, "cy": 515.013}, "camera_to_world_matrix": [0.949744, 0.210884, 0.231333, -0.818338, 0.31302, -0.645623, -0.696556, -4.94854, 0.00246155, 0.733961, -0.679187, 0.646589, 0.0, 0.0, 0.0, 1.0]}, "4739d48c61a04deab15db1eb2c906a96_d0_4.png": {"intrinsics": {"fx": 1075.72, "fy": 1075.66, "cx": 636.877, "cy": 515.013}, "camera_to_world_matrix": [0.746006, -0.436864, -0.502618, -0.804066, -0.665851, -0.501648, -0.552261, -4.95136, -0.0108739, 0.746659, -0.665119, 0.646315, 0.0, 0.0, 0.0, 1.0]}, "4739d48c61a04deab15db1eb2c906a96_d0_5.png": {"intrinsics": {"fx": 1075.72, "fy": 1075.66, "cx": 636.877, "cy": 515.013}, "camera_to_world_matrix": [-0.203561, -0.635892, -0.744449, -0.799373, -0.979062, 0.131333, 0.155532, -4.96513, -0.00113094, 0.760522, -0.649311, 0.646008, 0.0, 0.0, 0.0, 1.0]}, "4739d48c61a04deab15db1eb2c906a96_d1_0.png": {"intrinsics": {"fx": 1075.94, "fy": 1076.09, "cx": 629.693, "cy": 501.638}, "camera_to_world_matrix": [-0.946274, 0.0218286, -0.322631, -0.811989, -0.322931, -0.0119084, 0.946348, -4.96619, 0.0168153, 0.999691, 0.0183181, 0.679449, 0.0, 0.0, 0.0, 1.0]}, "4739d48c61a04deab15db1eb2c906a96_d1_1.png": {"intrinsics": {"fx": 1075.94, "fy": 1076.09, "cx": 629.693, "cy": 501.638}, "camera_to_world_matrix": [-0.752415, 0.0231675, 0.658282, -0.815423, 0.65799, -0.0195999, 0.752772, -4.96551, 0.0303419, 0.99954, -0.000496401, 0.679514, 0.0, 0.0, 0.0, 1.0]}, "4739d48c61a04deab15db1eb2c906a96_d1_2.png": {"intrinsics": {"fx": 1075.94, "fy": 1076.09, "cx": 629.693, "cy": 501.638}, "camera_to_world_matrix": [0.193991, 0.0171755, 0.980853, -0.816552, 0.980783, -0.0246068, -0.193546, -4.9622, 0.0208112, 0.99955, -0.0216185, 0.679588, 0.0, 0.0, 0.0, 1.0]}, "4739d48c61a04deab15db1eb2c906a96_d1_3.png": {"intrinsics": {"fx": 1075.94, "fy": 1076.09, "cx": 629.693, "cy": 501.638}, "camera_to_world_matrix": [0.946517, 0.00984471, 0.322505, -0.814247, 0.322647, -0.0219221, -0.946265, -4.95956, -0.00224586, 0.999711, -0.0239256, 0.679596, 0.0, 0.0, 0.0, 1.0]}, "4739d48c61a04deab15db1eb2c906a96_d1_4.png": {"intrinsics": {"fx": 1075.94, "fy": 1076.09, "cx": 629.693, "cy": 501.638}, "camera_to_world_matrix": [0.75262, 0.00850614, -0.6584, -0.810814, -0.658266, -0.0142306, -0.752651, -4.96024, -0.0157717, 0.999863, -0.00511058, 0.679531, 0.0, 0.0, 0.0, 1.0]}, "4739d48c61a04deab15db1eb2c906a96_d1_5.png": {"intrinsics": {"fx": 1075.94, "fy": 1076.09, "cx": 629.693, "cy": 501.638}, "camera_to_world_matrix": [-0.193798, 0.0144984, -0.980934, -0.809685, -0.981022, -0.00922396, 0.193679, -4.96355, -0.0062402, 0.999853, 0.0160112, 0.679457, 0.0, 0.0, 0.0, 1.0]}, "4739d48c61a04deab15db1eb2c906a96_d2_0.png": {"intrinsics": {"fx": 1074.61, "fy": 1074.93, "cx": 630.692, "cy": 523.124}, "camera_to_world_matrix": [-0.945529, 0.233832, -0.226489, -0.807898, -0.325195, -0.646519, 0.690117, -4.9772, 0.0149417, 0.726179, 0.687343, 0.712456, 0.0, 0.0, 0.0, 1.0]}, "4739d48c61a04deab15db1eb2c906a96_d2_1.png": {"intrinsics": {"fx": 1074.61, "fy": 1074.93, "cx": 630.692, "cy": 523.124}, "camera_to_world_matrix": [-0.754045, -0.426339, 0.499651, -0.82217, 0.656203, -0.522008, 0.544889, -4.97439, 0.028514, 0.738744, 0.673383, 0.71273, 0.0, 0.0, 0.0, 1.0]}, "4739d48c61a04deab15db1eb2c906a96_d2_2.png": {"intrinsics": {"fx": 1074.61, "fy": 1074.93, "cx": 630.692, "cy": 523.124}, "camera_to_world_matrix": [0.191587, -0.648432, 0.73677, -0.826864, 0.981291, 0.111994, -0.156606, -4.96062, 0.0190344, 0.75299, 0.657757, 0.713037, 0.0, 0.0, 0.0, 1.0]}, "4739d48c61a04deab15db1eb2c906a96_d2_3.png": {"intrinsics": {"fx": 1074.61, "fy": 1074.93, "cx": 630.692, "cy": 523.124}, "camera_to_world_matrix": [0.945715, -0.210348, 0.247744, -0.817285, 0.324973, 0.621471, -0.712858, -4.94967, -0.0040173, 0.75467, 0.656092, 0.713071, 0.0, 0.0, 0.0, 1.0]}, "4739d48c61a04deab15db1eb2c906a96_d2_4.png": {"intrinsics": {"fx": 1074.61, "fy": 1074.93, "cx": 630.692, "cy": 523.124}, "camera_to_world_matrix": [0.754192, 0.449818, -0.478391, -0.803013, -0.656418, 0.496934, -0.567602, -4.95248, -0.0175889, 0.742105, 0.670052, 0.712797, 0.0, 0.0, 0.0, 1.0]}, "4739d48c61a04deab15db1eb2c906a96_d2_5.png": {"intrinsics": {"fx": 1074.61, "fy": 1074.93, "cx": 630.692, "cy": 523.124}, "camera_to_world_matrix": [-0.191453, 0.671886, -0.715483, -0.79832, -0.981468, -0.137077, 0.133903, -4.96625, -0.00810842, 0.72786, 0.685678, 0.71249, 0.0, 0.0, 0.0, 1.0]}, "4ac8e1065b0b46db9e459d79a1078e04_d0_0.png": {"intrinsics": {"fx": 1075.72, "fy": 1075.66, "cx": 636.877, "cy": 515.013}, "camera_to_world_matrix": [0.982811, -0.147311, -0.111275, -0.961603, -0.180561, -0.641387, -0.745668, 2.89155, 0.0384748, 0.752943, -0.65696, 1.22838, 0.0, 0.0, 0.0, 1.0]}, "4ac8e1065b0b46db9e459d79a1078e04_d0_1.png": {"intrinsics": {"fx": 1075.72, "fy": 1075.66, "cx": 636.877, "cy": 515.013}, "camera_to_world_matrix": [0.334507, -0.646372, -0.68579, -0.950436, -0.941835, -0.204248, -0.266889, 2.88223, 0.0324383, 0.735177, -0.677098, 1.22877, 0.0, 0.0, 0.0, 1.0]}, "4ac8e1065b0b46db9e459d79a1078e04_d0_2.png": {"intrinsics": {"fx": 1075.72, "fy": 1075.66, "cx": 636.877, "cy": 515.013}, "camera_to_world_matrix": [-0.64861, -0.517268, -0.558337, -0.952926, -0.761097, 0.446731, 0.470281, 2.86789, 0.00616551, 0.729977, -0.683444, 1.22889, 0.0, 0.0, 0.0, 1.0]}, "4ac8e1065b0b46db9e459d79a1078e04_d0_3.png": {"intrinsics": {"fx": 1075.72, "fy": 1075.66, "cx": 636.877, "cy": 515.013}, "camera_to_world_matrix": [-0.983399, 0.110896, 0.143629, -0.966582, 0.180912, 0.660556, 0.728654, 2.86288, -0.01407, 0.742542, -0.669652, 1.22862, 0.0, 0.0, 0.0, 1.0]}, "4ac8e1065b0b46db9e459d79a1078e04_d0_4.png": {"intrinsics": {"fx": 1075.72, "fy": 1075.66, "cx": 636.877, "cy": 515.013}, "camera_to_world_matrix": [-0.335064, 0.609941, 0.718126, -0.977748, 0.942161, 0.223397, 0.249852, 2.8722, -0.00803236, 0.760307, -0.649514, 1.22823, 0.0, 0.0, 0.0, 1.0]}, "4ac8e1065b0b46db9e459d79a1078e04_d0_5.png": {"intrinsics": {"fx": 1075.72, "fy": 1075.66, "cx": 636.877, "cy": 515.013}, "camera_to_world_matrix": [0.648045, 0.48081, 0.590644, -0.975258, 0.761384, -0.427576, -0.487312, 2.88653, 0.0182407, 0.765507, -0.643169, 1.22811, 0.0, 0.0, 0.0, 1.0]}, "4ac8e1065b0b46db9e459d79a1078e04_d1_0.png": {"intrinsics": {"fx": 1075.94, "fy": 1076.09, "cx": 629.693, "cy": 501.638}, "camera_to_world_matrix": [0.984748, -0.0320144, -0.171017, -0.964303, -0.170737, 0.0112973, -0.985252, 2.88109, 0.0334741, 0.999424, 0.00565931, 1.26171, 0.0, 0.0, 0.0, 1.0]}, "4ac8e1065b0b46db9e459d79a1078e04_d1_1.png": {"intrinsics": {"fx": 1075.94, "fy": 1076.09, "cx": 629.693, "cy": 501.638}, "camera_to_world_matrix": [0.344095, -0.0294985, -0.938472, -0.961617, -0.938527, 0.0186894, -0.344702, 2.87885, 0.0277075, 0.99939, -0.0212538, 1.2618, 0.0, 0.0, 0.0, 1.0]}, "4ac8e1065b0b46db9e459d79a1078e04_d1_2.png": {"intrinsics": {"fx": 1075.94, "fy": 1076.09, "cx": 629.693, "cy": 501.638}, "camera_to_world_matrix": [-0.640839, -0.0218408, -0.767365, -0.962216, -0.767675, 0.020208, 0.640522, 2.8754, 0.00151725, 0.999558, -0.029716