{"0350fc96e88c4a52886d4eb50b2d52c6_d0_0.png": {"intrinsics": {"fx": 1078.61, "fy": 1079.29, "cx": 629.288, "cy": 507.533}, "camera_to_world_matrix": [-0.507906, 0.586194, 0.631196, 2.43094, 0.861271, 0.332274, 0.384458, 1.08933, 0.0156368, 0.738899, -0.673635, 1.50066, 0.0, 0.0, 0.0, 1.0]}, "0350fc96e88c4a52886d4eb50b2d52c6_d0_1.png": {"intrinsics": {"fx": 1078.61, "fy": 1079.29, "cx": 629.288, "cy": 507.533}, "camera_to_world_matrix": [0.49193, 0.584493, 0.64527, 2.43073, 0.870628, -0.33316, -0.361955, 1.10388, 0.0034181, 0.739846, -0.672768, 1.50065, 0.0, 0.0, 0.0, 1.0]}, "0350fc96e88c4a52886d4eb50b2d52c6_d0_2.png": {"intrinsics": {"fx": 1078.61, "fy": 1079.29, "cx": 629.288, "cy": 507.533}, "camera_to_world_matrix": [0.999955, 0.0073984, 0.00593728, 2.44323, 0.00935282, -0.664387, -0.747331, 1.11133, -0.00158449, 0.747352, -0.664426, 1.50048, 0.0, 0.0, 0.0, 1.0]}, "0350fc96e88c4a52886d4eb50b2d52c6_d0_3.png": {"intrinsics": {"fx": 1078.61, "fy": 1079.29, "cx": 629.288, "cy": 507.533}, "camera_to_world_matrix": [0.508133, -0.567983, -0.647454, 2.45593, -0.861261, -0.330173, -0.386285, 1.10424, 0.00563164, 0.753911, -0.656953, 1.50034, 0.0, 0.0, 0.0, 1.0]}, "0350fc96e88c4a52886d4eb50b2d52c6_d0_4.png": {"intrinsics": {"fx": 1078.61, "fy": 1079.29, "cx": 629.288, "cy": 507.533}, "camera_to_world_matrix": [-0.491705, -0.566257, -0.661499, 2.45614, -0.87058, 0.335261, 0.360128, 1.08969, 0.0178503, 0.752964, -0.65782, 1.50036, 0.0, 0.0, 0.0, 1.0]}, "0350fc96e88c4a52886d4eb50b2d52c6_d0_5.png": {"intrinsics": {"fx": 1078.61, "fy": 1079.29, "cx": 629.288, "cy": 507.533}, "camera_to_world_matrix": [-0.999696, 0.0108514, -0.0221513, 2.44364, -0.00928397, 0.666465, 0.745478, 1.08223, 0.0228524, 0.745457, -0.666162, 1.50052, 0.0, 0.0, 0.0, 1.0]}, "0350fc96e88c4a52886d4eb50b2d52c6_d1_0.png": {"intrinsics": {"fx": 1073.34, "fy": 1073.39, "cx": 633.503, "cy": 513.219}, "camera_to_world_matrix": [-0.512183, 0.0158597, 0.858729, 2.44083, 0.858772, -0.00602423, 0.51232, 1.09503, 0.0132988, 0.999855, -0.0105356, 1.53379, 0.0, 0.0, 0.0, 1.0]}, "0350fc96e88c4a52886d4eb50b2d52c6_d1_1.png": {"intrinsics": {"fx": 1073.34, "fy": 1073.39, "cx": 633.503, "cy": 513.219}, "camera_to_world_matrix": [0.487616, 0.00761067, 0.873024, 2.44078, 0.873056, -0.00548009, -0.487587, 1.09853, 0.00107372, 0.999955, -0.00931797, 1.53378, 0.0, 0.0, 0.0, 1.0]}, "0350fc96e88c4a52886d4eb50b2d52c6_d1_2.png": {"intrinsics": {"fx": 1073.34, "fy": 1073.39, "cx": 633.503, "cy": 513.219}, "camera_to_world_matrix": [0.999889, 0.00395731, 0.0142829, 2.44379, 0.0142756, 0.00193644, -0.999896, 1.10033, -0.00398422, 0.99999, 0.00187851, 1.53374, 0.0, 0.0, 0.0, 1.0]}, "0350fc96e88c4a52886d4eb50b2d52c6_d1_3.png": {"intrinsics": {"fx": 1073.34, "fy": 1073.39, "cx": 633.503, "cy": 513.219}, "camera_to_world_matrix": [0.512351, 0.0085531, -0.858733, 2.44685, -0.858769, 0.00880867, -0.512285, 1.09862, 0.003183, 0.999924, 0.0118571, 1.53371, 0.0, 0.0, 0.0, 1.0]}, "0350fc96e88c4a52886d4eb50b2d52c6_d1_4.png": {"intrinsics": {"fx": 1073.34, "fy": 1073.39, "cx": 633.503, "cy": 513.219}, "camera_to_world_matrix": [-0.487449, 0.0168021, -0.872989, 2.4469, -0.873014, 0.00826421, 0.487623, 1.09512, 0.015408, 0.999824, 0.0106389, 1.53371, 0.0, 0.0, 0.0, 1.0]}, "0350fc96e88c4a52886d4eb50b2d52c6_d1_5.png": {"intrinsics": {"fx": 1073.34, "fy": 1073.39, "cx": 633.503, "cy": 513.219}, "camera_to_world_matrix": [-0.999688, 0.0204552, -0.0142276, 2.44389, -0.0142135, 0.000847534, 0.999898, 1.09333, 0.0204655, 0.99979, -0.000557768, 1.53375, 0.0, 0.0, 0.0, 1.0]}, "0350fc96e88c4a52886d4eb50b2d52c6_d2_0.png": {"intrinsics": {"fx": 1075.48, "fy": 1075.42, "cx": 634.387, "cy": 516.806}, "camera_to_world_matrix": [-0.517132, -0.560883, 0.646519, 2.43175, 0.855779, -0.351906, 0.379219, 1.08942, 0.0148166, 0.749382, 0.661973, 1.56716, 0.0, 0.0, 0.0, 1.0]}, "0350fc96e88c4a52886d4eb50b2d52c6_d2_1.png": {"intrinsics": {"fx": 1075.48, "fy": 1075.42, "cx": 634.387, "cy": 516.806}, "camera_to_world_matrix": [0.482557, -0.581549, 0.654936, 2.43154, 0.875862, 0.318195, -0.362794, 1.10397, 0.00258482, 0.748701, 0.662904, 1.56714, 0.0, 0.0, 0.0, 1.0]}, "0350fc96e88c4a52886d4eb50b2d52c6_d2_2.png": {"intrinsics": {"fx": 1075.48, "fy": 1075.42, "cx": 634.387, "cy": 516.806}, "camera_to_world_matrix": [0.999796, -0.0115956, 0.0165854, 2.44404, 0.0200767, 0.671127, -0.741071, 1.11142, -0.00253791, 0.741252, 0.671223, 1.56698, 0.0, 0.0, 0.0, 1.0]}, "0350fc96e88c4a52886d4eb50b2d52c6_d2_3.png": {"intrinsics": {"fx": 1075.48, "fy": 1075.42, "cx": 634.387, "cy": 516.806}, "camera_to_world_matrix": [0.517335, 0.579011, -0.630168, 2.45674, -0.855772, 0.35395, -0.377327, 1.10433, 0.00457124, 0.734484, 0.678612, 1.56683, 0.0, 0.0, 0.0, 1.0]}, "0350fc96e88c4a52886d4eb50b2d52c6_d2_4.png": {"intrinsics": {"fx": 1075.48, "fy": 1075.42, "cx": 634.387, "cy": 516.806}, "camera_to_world_matrix": [-0.482355, 0.599651, -0.638556, 2.45695, -0.875816, -0.316152, 0.364686, 1.08978, 0.016803, 0.735165, 0.677681, 1.56685, 0.0, 0.0, 0.0, 1.0]}, "0350fc96e88c4a52886d4eb50b2d52c6_d2_5.png": {"intrinsics": {"fx": 1075.48, "fy": 1075.42, "cx": 634.387, "cy": 516.806}, "camera_to_world_matrix": [-0.99956, 0.0296838, -0.000190935, 2.44445, -0.0200105, -0.669062, 0.742938, 1.08233, 0.0219253, 0.742614, 0.669362, 1.56701, 0.0, 0.0, 0.0, 1.0]}, "03de6e2562bb4f56a88db3ceb681af78_d0_0.png": {"intrinsics": {"fx": 1078.61, "fy": 1079.29, "cx": 629.288, "cy": 507.533}, "camera_to_world_matrix": [0.876951, 0.311538, 0.365927, 2.71122, 0.480456, -0.585726, -0.652754, -5.27475, 0.0109751, 0.748245, -0.663332, 0.638306, 0.0, 0.0, 0.0, 1.0]}, "03de6e2562bb4f56a88db3ceb681af78_d0_1.png": {"intrinsics": {"fx": 1078.61, "fy": 1079.29, "cx": 629.288, "cy": 507.533}, "camera_to_world_matrix": [0.854525, -0.353505, -0.380555, 2.72577, -0.519245, -0.562868, -0.64309, -5.275, 0.0131332, 0.747137, -0.66454, 0.63833, 0.0, 0.0, 0.0, 1.0]}, "03de6e2562bb4f56a88db3ceb681af78_d0_2.png": {"intrinsics": {"fx": 1078.61, "fy": 1079.29, "cx": 629.288, "cy": 507.533}, "camera_to_world_matrix": [-0.0224619, -0.666222, -0.745415, 2.73283, -0.999666, 0.0245079, 0.00821901, -5.28773, 0.0127928, 0.745351, -0.66655, 0.638369, 0.0, 0.0, 0.0, 1.0]}, "03de6e2562bb4f56a88db3ceb681af78_d0_3.png": {"intrinsics": {"fx": 1078.61, "fy": 1079.29, "cx": 629.288, "cy": 507.533}, "camera_to_world_matrix": [-0.877003, -0.313889, -0.363786, 2.72533, -0.480375, 0.589014, 0.649849, -5.3002, 0.0102943, 0.744672, -0.667351, 0.638384, 0.0, 0.0, 0.0, 1.0]}, "03de6e2562bb4f56a88db3ceb681af78_d0_4.png": {"intrinsics": {"fx": 1078.61, "fy": 1079.29, "cx": 629.288, "cy": 507.533}, "camera_to_world_matrix": [-0.854539, 0.351153, 0.382696, 2.71078, 0.519325, 0.566131, 0.640155, -5.29995, 0.0081363, 0.74578, -0.666143, 0.638361, 0.0, 0.0, 0.0, 1.0]}, "03de6e2562bb4f56a88db3ceb681af78_d0_5.png": {"intrinsics": {"fx": 1078.61, "fy": 1079.29, "cx": 629.288, "cy": 507.533}, "camera_to_world_matrix": [0.0224673, 0.663847, 0.747531, 2.70373, 0.999712, -0.0212579, -0.0111683, -5.28722, 0.0084768, 0.747566, -0.664133, 0.638322, 0.0, 0.0, 0.0, 1.0]}, "03de6e2562bb4f56a88db3ceb681af78_d1_0.png": {"intrinsics": {"fx": 1073.34, "fy": 1073.39, "cx": 633.503, "cy": 513.219}, "camera_to_world_matrix": [0.874595, -0.00911896, 0.484766, 2.71653, 0.484776, -0.00122175, -0.874637, -5.28434, 0.00856838, 0.999957, 0.00335088, 0.671586, 0.0, 0.0, 0.0, 1.0]}, "03de6e2562bb4f56a88db3ceb681af78_d1_1.png": {"intrinsics": {"fx": 1073.34, "fy": 1073.39, "cx": 633.503, "cy": 513.219}, "camera_to_world_matrix": [0.857095, -0.00831291, -0.515091, 2.72003, -0.515045, 0.00700644, -0.857134, -5.2844, 0.0107346, 0.99994, 0.00172243, 0.671591, 0.0, 0.0, 0.0, 1.0]}, "03de6e2562bb4f56a88db3ceb681af78_d1_2.png": {"intrinsics": {"fx": 1073.34, "fy": 1073.39, "cx": 633.503, "cy": 513.219}, "camera_to_world_matrix": [-0.0175332, -0.000784012, -0.999846, 2.72172, -0.999791, 0.0104224, 0.0175244, -5.28746, 0.0104074, 0.999945, -0.000967822, 0.671601, 0.0, 0.0, 0.0, 1.0]}, "03de6e2562bb4f56a88db3ceb681af78_d1_3.png": {"intrinsics": {"fx": 1073.34, "fy": 1073.39, "cx": 633.503, "cy": 513.219}, "camera_to_world_matrix": [-0.874641, 0.00593867, -0.484734, 2.71992, -0.484705, 0.0056101, 0.874659, -5.29046, 0.00791405, 0.999966, -0.00202956, 0.671605, 0.0, 0.0, 0.0, 1.0]}, "03de6e2562bb4f56a88db3ceb681af78_d1_4.png": {"intrinsics": {"fx": 1073.34, "fy": 1073.39, "cx": 633.503, "cy": 513.219}, "camera_to_world_matrix": [-0.857101, 0.0051323, 0.515122, 2.71642, 0.515115, -0.00261806, 0.857116, -5.2904, 0.00574793, 0.999983, -0.000401017, 0.671599, 0.0, 0.0, 0.0, 1.0]}, "03de6e2562bb4f56a88db3ceb681af78_d1_5.png": {"intrinsics": {"fx": 1073.34, "fy": 1073.39, "cx": 633.503, "cy": 513.219}, "camera_to_world_matrix": [0.0175462, -0.00239673, 0.999843, 2.71473, 0.999826, -0.00603373, -0.0175607, -5.28734, 0.0060752, 0.999978, 0.00228922, 0.671589, 0.0, 0.0, 0.0, 1.0]}, "03de6e2562bb4f56a88db3ceb681af78_d2_0.png": {"intrinsics": {"fx": 1075.48, "fy": 1075.42, "cx": 634.387, "cy": 516.806}, "camera_to_world_matrix": [0.871757, -0.335826, 0.356739, 2.71112, 0.489838, 0.582543, -0.648616, -5.2746, 0.0100059, 0.740179, 0.672336, 0.704806, 0.0, 0.0, 0.0, 1.0]}, "03de6e2562bb4f56a88db3ceb681af78_d2_1.png": {"intrinsics": {"fx": 1075.48, "fy": 1075.42, "cx": 634.387, "cy": 516.806}, "camera_to_world_matrix": [0.860056, 0.334593, -0.385165, 2.72567, -0.510056, 0.581894, -0.633438, -5.27486, 0.0121815, 0.741247, 0.671123, 0.70483, 0.0, 0.0, 0.0, 1.0]}, "03de6e2562bb4f56a88db3ceb681af78_d2_2.png": {"intrinsics": {"fx": 1075.48, "fy": 1075.42, "cx": 634.387, "cy": 516.806}, "camera_to_world_matrix": [-0.0117359, 0.669231, -0.742962, 2.73272, -0.999862, 0.000966563, 0.0166639, -5.28758, 0.0118699, 0.743054, 0.669128, 0.704869, 0.0, 0.0, 0.0, 1.0]}, "03de6e2562bb4f56a88db3ceb681af78_d2_3.png": {"intrinsics": {"fx": 1075.48, "fy": 1075.42, "cx": 634.387, "cy": 516.806}, "camera_to_world_matrix": [-0.871807, 0.333443, -0.358846, 2.72522, -0.489762, -0.5793, 0.651572, -5.30006, 0.00938281, 0.743793, 0.668345, 0.704884, 0.0, 0.0, 0.0, 1.0]}, "03de6e2562bb4f56a88db3ceb681af78_d2_4.png": {"intrinsics": {"fx": 1075.48, "fy": 1075.42, "cx": 634.387, "cy": 516.806}, "camera_to_world_matrix": [-0.860067, -0.336976, 0.383058, 2.71068, 0.510132, -0.578625, 0.636365, -5.2998, 0.00720732, 0.742726, 0.669558, 0.70486, 0.0, 0.0, 0.0, 1.0]}, "03de6e2562bb4f56a88db3ceb681af78_d2_5.png": {"intrinsics": {"fx": 1075.48, "fy": 1075.42, "cx": 634.387, "cy": 516.806}, "camera_to_world_matrix": [0.0117443, -0.671591, 0.740829, 2.70362, 0.999904, 0.00231619, -0.013751, -5.28707, 0.00751896, 0.740919, 0.671554, 0.704821, 0.0, 0.0, 0.0, 1.0]}, "05c49a8b61034633ad57ae3527dac65d_d0_0.png": {"intrinsics": {"fx": 1078.61, "fy": 1079.29, "cx": 629.288, "cy": 507.533}, "camera_to_world_matrix": [0.414236, -0.611308, -0.674324, 1.72665, -0.909863, -0.258871, -0.324247, -3.6529, 0.0236518, 0.747856, -0.663439, 0.588999, 0.0, 0.0, 0.0, 1.0]}, "05c49a8b61034633ad57ae3527dac65d_d0_1.png": {"intrinsics": {"fx": 1078.61, "fy": 1079.29, "cx": 629.288, "cy": 507.533}, "camera_to_world_matrix": [-0.581068, -0.539338, -0.609488, 1.72532, -0.81363, 0.40261, 0.419419, -3.66739, 0.0191778, 0.739608, -0.672765, 0.58918, 0.0, 0.0, 0.0, 1.0]}, "05c49a8b61034633ad57ae3527dac65d_d0_2.png": {"intrinsics": {"fx": 1078.61, "fy": 1079.29, "cx": 629.288, "cy": 507.533}, "camera_to_world_matrix": [-0.995325, 0.0695524, 0.0670148, 1.71211, 0.0963877, 0.671045, 0.735125, -3.67348, 0.00615977, 0.738148, -0.674611, 0.589215, 0.0, 0.0, 0.0, 1.0]}, "05c49a8b61034633ad57ae3527dac65d_d0_3.png": {"intrinsics": {"fx": 1078.61, "fy": 1079.29, "cx": 629.288, "cy": 507.533}, "camera_to_world_matrix": [-0.41427, 0.606459, 0.678667, 1.70023, 0.910151, 0.27799, 0.307159, -3.66508, -0.00238413, 0.744936, -0.667132, 0.589069, 0.0, 0.0, 0.0, 1.0]}, "05c49a8b61034633ad57ae3527dac65d_d0_4.png": {"intrinsics": {"fx": 1078.61, "fy": 1079.29, "cx": 629.288, "cy": 507.533}, "camera_to_world_matrix": [0.58103, 0.534463, 0.613803, 1.70156, 0.81388, -0.383489, -0.436505, -3.6506, 0.00209031, 0.753184, -0.657807, 0.588888, 0.0, 0.0, 0.0, 1.0]}, "05c49a8b61034633ad57ae3527dac65d_d0_5.png": {"intrinsics": {"fx": 1078.61, "fy": 1079.29, "cx": 629.288, "cy": 507.533}, "camera_to_world_matrix": [0.995252, -0.0744376, -0.0627127, 1.71477, -0.096154, -0.651899, -0.752185, -3.6445, 0.0151085, 0.754644, -0.655961, 0.588853, 0.0, 0.0, 0.0, 1.0]}, "05c49a8b61034633ad57ae3527dac65d_d1_0.png": {"intrinsics": {"fx": 1073.34, "fy": 1073.39, "cx": 633.503, "cy": 513.219}, "camera_to_world_matrix": [0.418731, -0.00610477, -0.908089, 1.71651, -0.907861, 0.0205819, -0.418764, -3.6571, 0.021247, 0.999769, 0.00307477, 0.622273, 0.0, 0.0, 0.0, 1.0]}, "05c49a8b61034633ad57ae3527dac65d_d1_1.png": {"intrinsics": {"fx": 1073.34, "fy": 1073.39, "cx": 633.503, "cy": 513.219}, "camera_to_world_matrix": [-0.577056, 0.00204127, -0.816701, 1.71619, -0.81653, 0.0191701, 0.576984, -3.66058, 0.0168344, 0.999813, -0.00939673, 0.622316, 0.0, 0.0, 0.0, 1.0]}, "05c49a8b61034633ad57ae3527dac65d_d1_2.png": {"intrinsics": {"fx": 1073.34, "fy": 1073.39, "cx": 633.503, "cy": 513.219}, "camera_to_world_matrix": [-0.995801, 0.00489116, 0.0914045, 1.71301, 0.0914548, 0.01141, 0.995743, -3.66205, 0.00382776, 0.999922, -0.0118107, 0.622325, 0.0, 0.0, 0.0, 1.0]}, "05c49a8b61034633ad57ae3527dac65d_d1_3.png": {"intrinsics": {"fx": 1073.34, "fy": 1073.39, "cx": 633.503, "cy": 513.219}, "camera_to_world_matrix": [-0.418749, -0.000405048, 0.908101, 1.71015, 0.908088, 0.00506185, 0.418746, -3.66003, -0.00476595, 0.999986, -0.00175306, 0.62229, 0.0, 0.0, 0.0, 1.0]}, "05c49a8b61034633ad57ae3527dac65d_d1_4.png": {"intrinsics": {"fx": 1073.34, "fy": 1073.39, "cx": 633.503, "cy": 513.219}, "camera_to_world_matrix": [0.577034, -0.00855104, 0.816674, 1.71047, 0.816719, 0.00647395, -0.576999, -3.65655, -0.000352838, 0.999942, 0.0107183, 0.622246, 0.0, 0.0, 0.0, 1.0]}, "05c49a8b61034633ad57ae3527dac65d_d1_5.png": {"intrinsics": {"fx": 1073.34, "fy": 1073.39, "cx": 633.503, "cy": 513.219}, "camera_to_world_matrix": [0.995743, -0.0114006, -0.0914479, 1.71365, -0.0912825, 0.0142342, -0.995723, -3.65508, 0.0126539, 0.999833, 0.0131317, 0.622237, 0.0, 0.0, 0.0, 1.0]}, "05c49a8b61034633ad57ae3527dac65d_d2_0.png": {"intrinsics": {"fx": 1075.48, "fy": 1075.42, "cx": 634.387, "cy": 516.806}, "camera_to_world_matrix": [0.423982, 0.601653, -0.676945, 1.72643, -0.905388, 0.300292, -0.300166, -3.65205, 0.0226857, 0.740162, 0.672047, 0.655493, 0.0, 0.0, 0.0, 1.0]}, "05c49a8b61034633ad57ae3527dac65d_d2_1.png": {"intrinsics": {"fx": 1075.48, "fy": 1075.42, "cx": 634.387, "cy": 516.806}, "camera_to_world_matrix": [-0.572308, 0.551433, -0.606949, 1.7251, -0.819835, -0.368191, 0.438528, -3.66653, 0.0183455, 0.748571, 0.662803, 0.655675, 0.0, 0.0, 0.0, 1.0]}, "05c49a8b61034633ad57ae3527dac65d_d2_2.png": {"intrinsics": {"fx": 1075.48, "fy": 1075.42, "cx": 634.387, "cy": 516.806}, "camera_to_world_matrix": [-0.996308, -0.0526473, 0.0678275, 1.71189, 0.0856956, -0.658961, 0.74728, -3.67263, 0.00535324, 0.750333, 0.66104, 0.65571, 0.0, 0.0, 0.0, 1.0]}, "05c49a8b61034633ad57ae3527dac65d_d2_3.png": {"intrinsics": {"fx": 1075.48, "fy": 1075.42, "cx": 634.387, "cy": 516.806}, "camera_to_world_matrix": [-0.42401, -0.606494, 0.672593, 1.70001, 0.905653, -0.281241, 0.31733, -3.66423, -0.00329857, 0.743686, 0.668522, 0.655563, 0.0, 0.0, 0.0, 1.0]}, "05c49a8b61034633ad57ae3527dac65d_d2_4.png": {"intrinsics": {"fx": 1075.48, "fy": 1075.42, "cx": 634.387, "cy": 516.806}, "camera_to_world_matrix": [0.572277, -0.556248, 0.602569, 1.70134, 0.820061, 0.387241, -0.421361, -3.64974, 0.0010421, 0.735278, 0.677767, 0.655382, 0.0, 0.0, 0.0, 1.0]}, "05c49a8b61034633ad57ae3527dac65d_d2_5.png": {"intrinsics": {"fx": 1075.48, "fy": 1075.42, "cx": 634.387, "cy": 516.806}, "camera_to_world_matrix": [0.996242, 0.0478434, -0.0722203, 1.71455, -0.085486, 0.677987, -0.730087, -3.64365, 0.0140344, 0.733516, 0.679529, 0.655347, 0.0, 0.0, 0.0, 1.0]}, "05c882896a9b4a118968314675ff90d8_d0_0.png": {"intrinsics": {"fx": 1078.61, "fy": 1079.29, "cx": 629.288, "cy": 507.533}, "camera_to_world_matrix": [-0.486129, 0.583813, 0.650263, 4.12073, 0.873886, 0.325812, 0.360791, -4.79956, -0.00122955, 0.743646, -0.668572, 0.599998, 0.0, 0.0, 0.0, 1.0]}, "05c882896a9b4a118968314675ff90d8_d0_1.png": {"intrinsics": {"fx": 1078.61, "fy": 1079.29, "cx": 629.288, "cy": 507.533}, "camera_to_world_matrix": [0.513697, 0.565267, 0.645438, 4.12089, 0.857972, -0.339315, -0.385682, -4.78501, 0.000993538, 0.75189, -0.659288, 0.599817, 0.0, 0.0, 0.0, 1.0]}, "05c882896a9b4a118968314675ff90d8_d0_2.png": {"intrinsics": {"fx": 1078.61, "fy": 1079.29, "cx": 629.288, "cy": 507.533}, "camera_to_world_matrix": [0.999793, -0.0200699, -0.00349225, 4.13357, -0.0158014, -0.655826, -0.754747, -4.77788, 0.0128573, 0.754646, -0.656007, 0.599754, 0.0, 0.0, 0.0, 1.0]}, "05c882896a9b4a118968314675ff90d8_d0_3.png": {"intrinsics": {"fx": 1078.61, "fy": 1079.29, "cx": 629.288, "cy": 507.533}, "camera_to_world_matrix": [0.486052, -0.586848, -0.647582, 4.14609, -0.873641, -0.307203, -0.377332, -4.78529, 0.0224976, 0.749157, -0.66201, 0.599872, 0.0, 0.0, 0.0, 1.0]}, "05c882896a9b4a118968314675ff90d8_d0_4.png": {"intrinsics": {"fx": 1078.61, "fy": 1079.29, "cx": 629.288, "cy": 507.533}, "camera_to_world_matrix": [-0.513773, -0.568277, -0.642728, 4.14593, -0.857687, 0.357924, 0.36914, -4.79984, 0.020274, 0.740913, -0.671295, 0.600052, 0.0, 0.0, 0.0, 1.0]}, "05c882896a9b4a118968314675ff90d8_d0_5.png": {"intrinsics": {"fx": 1078.61, "fy": 1079.29, "cx": 629.288, "cy": 507.533}, "camera_to_world_matrix": [-0.999835, 0.0170726, 0.0062164, 4.13325, 0.0161055, 0.674412, 0.73818, -4.80697, 0.00841013, 0.738158, -0.674575, 0.600115, 0.0, 0.0, 0.0, 1.0]}, "05c882896a9b4a118968314675ff90d8_d1_0.png": {"intrinsics": {"fx": 1073.34, "fy": 1073.39, "cx": 633.503, "cy": 513.219}, "camera_to_world_matrix": [-0.490434, 0.00143971, 0.871477, 4.13029, 0.87147, 0.00494367, 0.490422, -4.79373, -0.00360189, 0.999986, -0.00368044, 0.633197, 0.0, 0.0, 0.0, 1.0]}, "05c882896a9b4a118968314675ff90d8_d1_1.png": {"intrinsics": {"fx": 1073.34, "fy": 1073.39, "cx": 633.503, "cy": 513.219}, "camera_to_world_matrix": [0.50948, -0.00679354, 0.860455, 4.13033, 0.86048, 0.00569606, -0.50945, -4.79023, -0.0014399, 0.99996, 0.00874651, 0.633154, 0.0, 0.0, 0.0, 1.0]}, "05c882896a9b4a118968314675ff90d8_d1_2.png": {"intrinsics": {"fx": 1073.34, "fy": 1073.39, "cx": 633.503, "cy": 513.219}, "camera_to_world_matrix": [0.999885, -0.0102582, -0.0110423, 4.13338, -0.0109061, 0.013202, -0.999853, -4.78851, 0.0104028, 0.999859, 0.0130874, 0.633139, 0.0, 0.0, 0.0, 1.0]}, "05c882896a9b4a118968314675ff90d8_d1_3.png": {"intrinsics": {"fx": 1073.34, "fy": 1073.39, "cx": 633.503, "cy": 513.219}, "camera_to_world_matrix": [0.490367, -0.00548962, -0.871498, 4.13639, -0.871284, 0.0199553, -0.490372, -4.7903, 0.0200833, 0.999785, 0.00500119, 0.633167, 0.0, 0.0, 0.0, 1.0]}, "05c882896a9b4a118968314675ff90d8_d1_4.png": {"intrinsics": {"fx": 1073.34, "fy": 1073.39, "cx": 633.503, "cy": 513.219}, "camera_to_world_matrix": [-0.509547, 0.0027436, -0.860438, 4.13635, -0.860255, 0.0192026, 0.5095, -4.7938, 0.0179209, 0.999811, -0.00742568, 0.63321, 0.0, 0.0, 0.0, 1.0]}, "05c882896a9b4a118968314675ff90d8_d1_5.png": {"intrinsics": {"fx": 1073.34, "fy": 1073.39, "cx": 633.503, "cy": 513.219}, "camera_to_world_matrix": [-0.999918, 0.00620801, 0.0110788, 4.1333, 0.0111505, 0.0116966, 0.999869, -4.79551, 0.00607795, 0.999912, -0.0117661, 0.633226, 0.0, 0.0, 0.0, 1.0]}, "05c882896a9b4a118968314675ff90d8_d2_0.png": {"intrinsics": {"fx": 1075.48, "fy": 1075.42, "cx": 634.387, "cy": 516.806}, "camera_to_world_matrix": [-0.495478, -0.580236, 0.646397, 4.12059, 0.868619, -0.329158, 0.370349, -4.79873, -0.00212334, 0.744971, 0.667095, 0.666493, 0.0, 0.0, 0.0, 1.0]}, "05c882896a9b4a118968314675ff90d8_d2_1.png": {"intrinsics": {"fx": 1075.48, "fy": 1075.42, "cx": 634.387, "cy": 516.806}, "camera_to_world_matrix": [0.504472, -0.583933, 0.636028, 4.12075, 0.863429, 0.3412, -0.371582, -4.78419, -3.35127e-05, 0.736617, 0.676311, 0.666312, 0.0, 0.0, 0.0, 1.0]}, "05c882896a9b4a118968314675ff90d8_d2_2.png": {"intrinsics": {"fx": 1075.48, "fy": 1075.42, "cx": 634.387, "cy": 516.806}, "camera_to_world_matrix": [0.999919, -0.00518708, -0.0117407, 4.13343, -0.00508843, 0.679588, -0.733577, -4.77705, 0.0117837, 0.733576, 0.679506, 0.666249, 0.0, 0.0, 0.0, 1.0]}, "05c882896a9b4a118968314675ff90d8_d2_3.png": {"intrinsics": {"fx": 1075.48, "fy": 1075.42, "cx": 634.387, "cy": 516.806}, "camera_to_world_matrix": [0.495405, 0.577244, -0.649126, 4.14595, -0.868397, 0.347611, -0.353632, -4.78446, 0.0215109, 0.738889, 0.673485, 0.666366, 0.0, 0.0, 0.0, 1.0]}, "05c882896a9b4a118968314675ff90d8_d2_4.png": {"intrinsics": {"fx": 1075.48, "fy": 1075.42, "cx": 634.387, "cy": 516.806}, "camera_to_world_matrix": [-0.504545, 0.580915, -0.638728, 4.14579, -0.863168, -0.322747, 0.388299, -4.79901, 0.0194205, 0.747243, 0.664268, 0.666547, 0.0, 0.0, 0.0, 1.0]}, "05c882896a9b4a118968314675ff90d8_d2_5.png": {"intrinsics": {"fx": 1075.48, "fy": 1075.42, "cx": 634.387, "cy": 516.806}, "camera_to_world_matrix": [-0.999958, 0.00215545, 0.00905466, 4.13311, 0.00536902, -0.661113, 0.750268, -4.80615, 0.00760312, 0.750284, 0.661073, 0.66661, 0.0, 0.0, 0.0, 1.0]}, "071a3df00efb4f08b0f4f9360710d727_d0_0.png": {"intrinsics": {"fx": 1078.61, "fy": 1079.29, "cx": 629.288, "cy": 507.533}, "camera_to_world_matrix": [0.884779, 0.306468, 0.351062, -1.45439, 0.465976, -0.591229, -0.658267, -3.19022, 0.00582012, 0.746007, -0.665913, 3.55253, 0.0, 0.0, 0.0, 1.0]}, "071a3df00efb4f08b0f4f9360710d727_d0_1.png": {"intrinsics": {"fx": 1078.61, "fy": 1079.29, "cx": 629.288, "cy": 507.533}, "camera_to_world_matrix": [0.845941, -0.358104, -0.395154, -1.43985, -0.533224, -0.557447, -0.636338, -3.19071, 0.00759799, 0.749009, -0.662516, 3.55247, 0.0, 0.0, 0.0, 1.0]}, "071a3df00efb4f08b0f4f9360710d727_d0_2.png": {"intrinsics": {"fx": 1078.61, "fy": 1079.29, "cx": 629.288, "cy": 507.533}, "camera_to_world_matrix": [-0.0388082, -0.661131, -0.749267, -1.433, -0.99917, 0.0349891, 0.0208785, -3.20355, 0.0124127, 0.749455, -0.66194, 3.55245, 0.0, 0.0, 0.0, 1.0]}, "071a3df00efb4f08b0f4f9360710d727_d0_3.png": {"intrinsics": {"fx": 1078.61, "fy": 1079.29, "cx": 629.288, "cy": 507.533}, "camera_to_world_matrix": [-0.884699, -0.299579, -0.357156, -1.4407, -0.465907, 0.59363, 0.656152, -3.2159, 0.0154493, 0.746898, -0.66476, 3.55251, 0.0, 0.0, 0.0, 1.0]}, "071a3df00efb4f08b0f4f9360710d727_d0_4.png": {"intrinsics": {"fx": 1078.61, "fy": 1079.29, "cx": 629.288, "cy": 507.533}, "camera_to_world_matrix": [-0.845822, 0.364992, 0.389059, -1.45524, 0.533291, 0.559823, 0.634193, -3.21541, 0.0136712, 0.743896, -0.668156, 3.55258, 0.0, 0.0, 0.0, 1.0]}, "071a3df00efb4f08b0f4f9360710d727_d0_5.png": {"intrinsics": {"fx": 1078.61, "fy": 1079.29, "cx": 629.288, "cy": 507.533}, "camera_to_world_matrix": [0.0389453, 0.667996, 0.743146, -1.46209, 0.999203, -0.0326257, -0.0230376, -3.20257, 0.00885652, 0.74345, -0.668733, 3.55259, 0.0, 0.0, 0.0, 1.0]}, "071a3df00efb4f08b0f4f9360710d727_d1_0.png": {"intrinsics": {"fx": 1073.34, "fy": 1073.39, "cx": 633.503, "cy": 513.219}, "camera_to_world_matrix": [0.882481, -0.00298509, 0.470338, -1.44904, 0.470335, -0.0016914, -0.882486, -3.19992, 0.00343017, 0.999994, -8.98698e-05, 3.58577, 0.0, 0.0, 0.0, 1.0]}, "071a3df00efb4f08b0f4f9360710d727_d1_1.png": {"intrinsics": {"fx": 1073.34, "fy": 1073.39, "cx": 633.503, "cy": 513.219}, "camera_to_world_matrix": [0.848565, -0.00204405, -0.529087, -1.44554, -0.529065, 0.00652245, -0.848556, -3.20004, 0.00518576, 0.999976, 0.00445205, 3.58576, 0.0, 0.0, 0.0, 1.0]}, "071a3df00efb4f08b0f4f9360710d727_d1_2.png": {"intrinsics": {"fx": 1073.34, "fy": 1073.39, "cx": 633.503, "cy": 513.219}, "camera_to_world_matrix": [-0.0338971, 0.00553986, -0.99941, -1.44389, -0.999374, 0.00981424, 0.0339506, -3.20313, 0.00999686, 0.999936, 0.00520249, 3.58575, 0.0, 0.0, 0.0, 1.0]}, "071a3df00efb4f08b0f4f9360710d727_d1_3.png": {"intrinsics": {"fx": 1073.34, "fy": 1073.39, "cx": 633.503, "cy": 513.219}, "camera_to_world_matrix": [-0.882423, 0.0121825, -0.470297, -1.44575, -0.470274, 0.00489212, 0.882507, -3.2061, 0.0130523, 0.999913, 0.00141098, 3.58577, 0.0, 0.0, 0.0, 1.0]}, "071a3df00efb4f08b0f4f9360710d727_d1_4.png": {"intrinsics": {"fx": 1073.34, "fy": 1073.39, "cx": 633.503, "cy": 513.219}, "camera_to_world_matrix": [-0.848468, 0.0112412, 0.529126, -1.44924, 0.529124, -0.00332169, 0.848537, -3.20598, 0.0112965, 0.999931, -0.00313087, 3.58578, 0.0, 0.0, 0.0, 1.0]}, "071a3df00efb4f08b0f4f9360710d727_d1_5.png": {"intrinsics": {"fx": 1073.34, "fy": 1073.39, "cx": 633.503, "cy": 513.219}, "camera_to_world_matrix": [0.0340121, 0.00365715, 0.999414, -1.45089, 0.999399, -0.00661319, -0.0339877, -3.20289, 0.00648536, 0.999971, -0.00388112, 3.58579, 0.0, 0.0, 0.0, 1.0]}, "071a3df00efb4f08b0f4f9360710d727_d2_0.png": {"intrinsics": {"fx": 1075.48, "fy": 1075.42, "cx": 634.387, "cy": 516.806}, "camera_to_world_matrix": [0.879735, -0.321646, 0.350162, -1.45408, 0.475443, 0.587523, -0.654807, -3.19011, 0.00488779, 0.742537, 0.669789, 3.61903, 0.0, 0.0, 0.0, 1.0]}, "071a3df00efb4f08b0f4f9360710d727_d2_1.png": {"intrinsics": {"fx": 1075.48, "fy": 1075.42, "cx": 634.387, "cy": 516.806}, "camera_to_world_matrix": [0.851616, 0.348665, -0.391387, -1.43954, -0.524126, 0.575859, -0.627439, -3.19061, 0.00661697, 0.739473, 0.673155, 3.61896, 0.0, 0.0, 0.0, 1.0]}, "071a3df00efb4f08b0f4f9360710d727_d2_2.png": {"intrinsics": {"fx": 1075.48, "fy": 1075.42, "cx": 634.387, "cy": 516.806}, "camera_to_world_matrix": [-0.0280928, 0.673716, -0.738457, -1.4327, -0.999541, -0.0104898, 0.0284543, -3.20345, 0.0114236, 0.738916, 0.673702, 3.61895, 0.0, 0.0, 0.0, 1.0]}, "071a3df00efb4f08b0f4f9360710d727_d2_3.png": {"intrinsics": {"fx": 1075.48, "fy": 1075.42, "cx": 634.387, "cy": 516.806}, "camera_to_world_matrix": [-0.879664, 0.328448, -0.343971, -1.4404, -0.475377, -0.585161, 0.656966, -3.21579, 0.0145009, 0.741424, 0.670882, 3.61901, 0.0, 0.0, 0.0, 1.0]}, "071a3df00efb4f08b0f4f9360710d727_d2_4.png": {"intrinsics": {"fx": 1075.48, "fy": 1075.42, "cx": 634.387, "cy": 516.806}, "camera_to_world_matrix": [-0.851507, -0.341863, 0.397577, -1.45494, 0.52419, -0.57347, 0.62957, -3.2153, 0.0127715, 0.744488, 0.667515, 3.61907, 0.0, 0.0, 0.0, 1.0]}, "071a3df00efb4f08b0f4f9360710d727_d2_5.png": {"intrinsics": {"fx": 1075.48, "fy": 1075.42, "cx": 634.387, "cy": 516.806}, "camera_to_world_matrix": [0.0282212, -0.666891, 0.744621, -1.46178, 0.999571, 0.0128913, -0.0263375, -3.20246, 0.00796488, 0.745044, 0.666969, 3.61909, 0.0, 0.0, 0.0, 1.0]}, "087bf4ad4a0b4a17afc2d6c173eceff3_d0_0.png": {"intrinsics": {"fx": 1078.61, "fy": 1079.29, "cx": 629.288, "cy": 507.533}, "camera_to_world_matrix": [0.863104, 0.336097, 0.376949, 0.41889, 0.505027, -0.574672, -0.643973, 0.410611, 0.000184579, 0.746185, -0.665739, -1.23331, 0.0, 0.0, 0.0, 1.0]}, "087bf4ad4a0b4a17afc2d6c173eceff3_d0_1.png": {"intrinsics": {"fx": 1078.61, "fy": 1079.29, "cx": 629.288, "cy": 507.533}, "camera_to_world_matrix": [0.868936, -0.329299, -0.369477, 0.433439, -0.4949, -0.570584, -0.655369, 0.410767, 0.0049946, 0.752328, -0.65877, -1.23344, 0.0, 0.0, 0.0, 1.0]}, "087bf4ad4a0b4a17afc2d6c173eceff3_d0_2.png": {"intrinsics": {"fx": 1078.61, "fy": 1079.29, "cx": 629.288, "cy": 507.533}, "camera_to_world_matrix": [0.00591079, -0.658475, -0.75258, 0.440849, -0.999864, 0.00773187, -0.0146181, 0.398245, 0.0154444, 0.752563, -0.658339, -1.23345, 0.0, 0.0, 0.0, 1.0]}, "087bf4ad4a0b4a17afc2d6c173eceff3_d0_3.png": {"intrinsics": {"fx": 1078.61, "fy": 1079.29, "cx": 629.288, "cy": 507.533}, "camera_to_world_matrix": [-0.862927, -0.322248, -0.389248, 0.43371, -0.504889, 0.581946, 0.637515, 0.385567, 0.0210839, 0.746656, -0.664876, -1.23332, 0.0, 0.0, 0.0, 1.0]}, "087bf4ad4a0b4a17afc2d6c173eceff3_d0_4.png": {"intrinsics": {"fx": 1078.61, "fy": 1079.29, "cx": 629.288, "cy": 507.533}, "camera_to_world_matrix": [-0.86872, 0.343148, 0.357178, 0.419161, 0.495037, 0.577833, 0.648882, 0.385412, 0.0162735, 0.740513, -0.671845, -1.23319, 0.0, 0.0, 0.0, 1.0]}, "087bf4ad4a0b4a17afc2d6c173eceff3_d0_5.png": {"intrinsics": {"fx": 1078.61, "fy": 1079.29, "cx": 629.288, "cy": 507.533}, "camera_to_world_matrix": [-0.00567456, 0.672301, 0.740256, 0.411752, 0.999967, -0.000496136, 0.00811614, 0.397934, 0.00582367, 0.740278, -0.672276, -1.23318, 0.0, 0.0, 0.0, 1.0]}, "087bf4ad4a0b4a17afc2d6c173eceff3_d1_0.png": {"intrinsics": {"fx": 1073.34, "fy": 1073.39, "cx": 633.503, "cy": 513.219}, "camera_to_world_matrix": [0.860602, 0.00183236, 0.509273, 0.424826, 0.509271, 0.00123695, -0.860604, 0.401263, -0.00220655, 0.999997, 0.000130122, -1.20006, 0.0, 0.0, 0.0, 1.0]}, "087bf4ad4a0b4a17afc2d6c173eceff3_d1_1.png": {"intrinsics": {"fx": 1073.34, "fy": 1073.39, "cx": 633.503, "cy": 513.219}, "camera_to_world_matrix": [0.87136, 0.00240556, -0.490637, 0.428325, -0.490636, 0.00948453, -0.871312, 0.4013, 0.0025578, 0.999951, 0.00944346, -1.2001, 0.0, 0.0, 0.0, 1.0]}, "087bf4ad4a0b4a17afc2d6c173eceff3_d1_2.png": {"intrinsics": {"fx": 1073.34, "fy": 1073.39, "cx": 633.503, "cy": 513.219}, "camera_to_world_matrix": [0.0108146, 0.00983461, -0.999892, 0.430108, -0.999856, 0.0131115, -0.010685, 0.398288, 0.0130053, 0.999865, 0.00997377, -1.2001, 0.0, 0.0, 0.0, 1.0]}, "087bf4ad4a0b4a17afc2d6c173eceff3_d1_3.png": {"intrinsics": {"fx": 1073.34, "fy": 1073.39, "cx": 633.503, "cy": 513.219}, "camera_to_world_matrix": [-0.860469, 0.0166903, -0.509227, 0.428391, -0.509158, 0.00849077, 0.860631, 0.395239, 0.0186883, 0.999824, 0.00119071, -1.20007, 0.0, 0.0, 0.0, 1.0]}, "087bf4ad4a0b4a17afc2d6c173eceff3_d1_4.png": {"intrinsics": {"fx": 1073.34, "fy": 1073.39, "cx": 633.503, "cy": 513.219}, "camera_to_world_matrix": [-0.871188, 0.0161168, 0.490683, 0.424891, 0.49075, 0.000243217, 0.8713, 0.395201, 0.0139235, 0.999869, -0.00812244, -1.20003, 0.0, 0.0, 0.0, 1.0]}, "087bf4ad4a0b4a17afc2d6c173eceff3_d1_5.png": {"intrinsics": {"fx": 1073.34, "fy": 1073.39, "cx": 633.503, "cy": 513.219}, "camera_to_world_matrix": [-0.0106228, 0.00868759, 0.999905, 0.423109, 0.999936, -0.00338344, 0.0106522, 0.398214, 0.003476, 0.999956, -0.00865234, -1.20003, 0.0, 0.0, 0.0, 1.0]}, "087bf4ad4a0b4a17afc2d6c173eceff3_d2_0.png": {"intrinsics": {"fx": 1075.48, "fy": 1075.42, "cx": 634.387, "cy": 516.806}, "camera_to_world_matrix": [0.857637, -0.344041, 0.382225, 0.419506, 0.514256, 0.574847, -0.636468, 0.410934, -0.000750107, 0.74242, 0.669936, -1.16681, 0.0, 0.0, 0.0, 1.0]}, "087bf4ad4a0b4a17afc2d6c173eceff3_d2_1.png": {"intrinsics": {"fx": 1075.48, "fy": 1075.42, "cx": 634.387, "cy": 516.806}, "camera_to_world_matrix": [0.874195, 0.326101, -0.359781, 0.434055, -0.485561, 0.59311, -0.642224, 0.41109, 0.00396007, 0.736124, 0.676836, -1.16694, 0.0, 0.0, 0.0, 1.0]}, "087bf4ad4a0b4a17afc2d6c173eceff3_d2_2.png": {"intrinsics": {"fx": 1075.48, "fy": 1075.42, "cx": 634.387, "cy": 516.806}, "camera_to_world_matrix": [0.0166273, 0.677006, -0.73579, 0.441465, -0.999759, 0.021859, -0.00248037, 0.398568, 0.0144042, 0.735653, 0.677207, -1.16695, 0.0, 0.0, 0.0, 1.0]}, "087bf4ad4a0b4a17afc2d6c173eceff3_d2_3.png": {"intrinsics": {"fx": 1075.48, "fy": 1075.42, "cx": 634.387, "cy": 516.806}, "camera_to_world_matrix": [-0.857478, 0.357762, -0.369783, 0.434325, -0.514128, -0.567643, 0.643004, 0.38589, 0.020138, 0.741477, 0.670677, -1.16682, 0.0, 0.0, 0.0, 1.0]}, "087bf4ad4a0b4a17afc2d6c173eceff3_d2_4.png": {"intrinsics": {"fx": 1075.48, "fy": 1075.42, "cx": 634.387, "cy": 516.806}, "camera_to_world_matrix": [-0.873996, -0.31238, 0.372224, 0.419777, 0.48569, -0.58588, 0.648731, 0.385735, 0.0154274, 0.747773, 0.663777, -1.16669, 0.0, 0.0, 0.0, 1.0]}, "087bf4ad4a0b4a17afc2d6c173eceff3_d2_5.png": {"intrinsics": {"fx": 1075.48, "fy": 1075.42, "cx": 634.387, "cy": 516.806}, "camera_to_world_matrix": [-0.0164085, -0.663263, 0.748207, 0.412368, 0.999854, -0.0146144, 0.00897258, 0.398258, 0.00498322, 0.748244, 0.663406, -1.16668, 0.0, 0.0, 0.0, 1.0]}, "090a8663beeb4ce6aeadfe720ea0c8e9_d0_0.png": {"intrinsics": {"fx": 1078.61, "fy": 1079.29, "cx": 629.288, "cy": 507.533}, "camera_to_world_matrix": [0.492564, -0.584578, -0.644709, -1.94316, -0.870272, -0.328611, -0.366935, 3.95796, 0.00264351, 0.741812, -0.670603, 0.232338, 0.0, 0.0, 0.0, 1.0]}, "090a8663beeb4ce6aeadfe720ea0c8e9_d0_1.png": {"intrinsics": {"fx": 1078.61, "fy": 1079.29, "cx": 629.288, "cy": 507.533}, "camera_to_world_matrix": [-0.507352, -0.570975, -0.645431, -1.94321, -0.861739, 0.33665, 0.379569, 3.94341, 0.000559879, 0.748769, -0.662832, 0.232186, 0.0, 0.0, 0.0, 1.0]}, "090a8663beeb4ce6aeadfe720ea0c8e9_d0_2.png": {"intrinsics": {"fx": 1078.61, "fy": 1079.29, "cx": 629.288, "cy": 507.533}, "camera_to_world_matrix": [-0.999928, 0.0119934, 0.000737975, -1.95584, 0.00844218, 0.657481, 0.753424, 3.93618, 0.00855085, 0.753376, -0.657535, 0.232084, 0.0, 0.0, 0.0, 1.0]}, "090a8663beeb4ce6aeadfe720ea0c8e9_d0_3.png": {"intrinsics": {"fx": 1078.61, "fy": 1079.29, "cx": 629.288, "cy": 507.533}, "camera_to_world_matrix": [-0.492577, 0.581347, 0.647615, -1.96842, 0.87007, 0.313043, 0.380766, 3.9435, 0.0186252, 0.751026, -0.66001, 0.232133, 0.0, 0.0, 0.0, 1.0]}, "090a8663beeb4ce6aeadfe720ea0c8e9_d0_4.png": {"intrinsics": {"fx": 1078.61, "fy": 1079.29, "cx": 629.288, "cy": 507.533}, "camera_to_world_matrix": [0.50734, 0.567718, 0.648308, -1.96836, 0.861498, -0.352218, -0.365739, 3.95805, 0.0207084, 0.744069, -0.667782, 0.232284, 0.0, 0.0, 0.0, 1.0]}, "090a8663beeb4ce6aeadfe720ea0c8e9_d0_5.png": {"intrinsics": {"fx": 1078.61, "fy": 1079.29, "cx": 629.288, "cy": 507.533}, "camera_to_world_matrix": [0.999882, -0.0152629, 0.00212367, -1.95574, -0.00870289, -0.673025, -0.739569, 3.96528, 0.0127172, 0.739462, -0.673078, 0.232387, 0.0, 0.0, 0.0, 1.0]}, "090a8663beeb4ce6aeadfe720ea0c8e9_d1_0.png": {"intrinsics": {"fx": 1073.34, "fy": 1073.39, "cx": 633.503, "cy": 513.219}, "camera_to_world_matrix": [0.496861, -0.00569292, -0.867811, -1.95282, -0.867829, -0.0029318, -0.496852, 3.95212, 0.000284635, 0.999979, -0.00639841, 0.265508, 0.0, 0.0, 0.0, 1.0]}, "090a8663beeb4ce6aeadfe720ea0c8e9_d1_1.png": {"intrinsics": {"fx": 1073.34, "fy": 1073.39, "cx": 633.503, "cy": 513.219}, "camera_to_world_matrix": [-0.503106, 0.00254569, -0.86422, -1.95284, -0.864221, -0.00362341, 0.503097, 3.94862, -0.00185035, 0.99999, 0.00402178, 0.265472, 0.0, 0.0, 0.0, 1.0]}, "090a8663beeb4ce6aeadfe720ea0c8e9_d1_2.png": {"intrinsics": {"fx": 1073.34, "fy": 1073.39, "cx": 633.503, "cy": 513.219}, "camera_to_world_matrix": [-0.999974, 0.00606608, 0.00360913, -1.95587, 0.00354136, -0.0111037, 0.999932, 3.94689, 0.00610607, 0.999919, 0.0110807, 0.265447, 0.0, 0.0, 0.0, 1.0]}, "090a8663beeb4ce6aeadfe720ea0c8e9_d1_3.png": {"intrinsics": {"fx": 1073.34, "fy": 1073.39, "cx": 633.503, "cy": 513.219}, "camera_to_world_matrix": [-0.496863, 0.00134777, 0.867827, -1.9589, 0.867677, -0.0178923, 0.496805, 3.94865, 0.0161973, 0.999838, 0.00771934, 0.265459, 0.0, 0.0, 0.0, 1.0]}, "090a8663beeb4ce6aeadfe720ea0c8e9_d1_4.png": {"intrinsics": {"fx": 1073.34, "fy": 1073.39, "cx": 633.503, "cy": 513.219}, "camera_to_world_matrix": [0.503104, -0.00689081, 0.864197, -1.95889, 0.86403, -0.0172003, -0.503145, 3.95215, 0.0183319, 0.999828, -0.00270093, 0.265495, 0.0, 0.0, 0.0, 1.0]}, "090a8663beeb4ce6aeadfe720ea0c8e9_d1_5.png": {"intrinsics": {"fx": 1073.34, "fy": 1073.39, "cx": 633.503, "cy": 513.219}, "camera_to_world_matrix": [0.999938, -0.0104109, -0.00365123, -1.95585, -0.0037522, -0.00971987, -0.999945, 3.95389, 0.0103752, 0.999898, -0.00975957, 0.26552, 0.0, 0.0, 0.0, 1.0]}, "090a8663beeb4ce6aeadfe720ea0c8e9_d2_0.png": {"intrinsics": {"fx": 1075.48, "fy": 1075.42, "cx": 634.387, "cy": 516.806}, "camera_to_world_matrix": [0.501877, 0.574591, -0.646502, -1.94331, -0.864938, 0.33494, -0.373763, 3.95727, 0.00177887, 0.746767, 0.665085, 0.298834, 0.0, 0.0, 0.0, 1.0]}, "090a8663beeb4ce6aeadfe720ea0c8e9_d2_1.png": {"intrinsics": {"fx": 1075.48, "fy": 1075.42, "cx": 634.387, "cy": 516.806}, "camera_to_world_matrix": [-0.498083, 0.583269, -0.641647, -1.94336, -0.86713, -0.335387, 0.368241, 3.94272, -0.000416517, 0.739806, 0.672822, 0.298683, 0.0, 0.0, 0.0, 1.0]}, "090a8663beeb4ce6aeadfe720ea0c8e9_d2_2.png": {"intrinsics": {"fx": 1075.48, "fy": 1075.42, "cx": 634.387, "cy": 516.806}, "camera_to_world_matrix": [-0.99997, 0.00705378, 0.00341319, -1.95599, -0.0022736, -0.678046, 0.735016, 3.93549, 0.00749876, 0.734986, 0.678042, 0.29858, 0.0, 0.0, 0.0, 1.0]}, "090a8663beeb4ce6aeadfe720ea0c8e9_d2_3.png": {"intrinsics": {"fx": 1075.48, "fy": 1075.42, "cx": 634.387, "cy": 516.806}, "camera_to_world_matrix": [-0.501886, -0.577828, 0.643604, -1.96856, 0.864756, -0.35037, 0.359778, 3.94281, 0.0176092, 0.737127, 0.675526, 0.298629, 0.0, 0.0, 0.0, 1.0]}, "090a8663beeb4ce6aeadfe720ea0c8e9_d2_4.png": {"intrinsics": {"fx": 1075.48, "fy": 1075.42, "cx": 634.387, "cy": 516.806}, "camera_to_world_matrix": [0.498075, -0.586481, 0.63872, -1.96851, 0.866909, 0.319958, -0.382226, 3.95736, 0.0198042, 0.744088, 0.667789, 0.29878, 0.0, 0.0, 0.0, 1.0]}, "090a8663beeb4ce6aeadfe720ea0c8e9_d2_5.png": {"intrinsics": {"fx": 1075.48, "fy": 1075.42, "cx": 634.387, "cy": 516.806}, "camera_to_world_matrix": [0.999928, -0.0102514, -0.00635496, -1.95588, 0.00203251, 0.662595, -0.748976, 3.96459, 0.0118886, 0.748908, 0.662568, 0.298883, 0.0, 0.0, 0.0, 1.0]}, "0b44966314c2477089c96dcd8fafb7b8_d0_0.png": {"intrinsics": {"fx": 1078.61, "fy": 1079.29, "cx": 629.288, "cy": 507.533}, "camera_to_world_matrix": [-0.793746, -0.395996, -0.461688, 4.47829, -0.607975, 0.539373, 0.582618, 4.27727, 0.0183072, 0.743145, -0.668881, 1.48684, 0.0, 0.0, 0.0, 1.0]}, "0b44966314c2477089c96dcd8fafb7b8_d0_1.png": {"intrinsics": {"fx": 1078.61, "fy": 1079.29, "cx": 629.288, "cy": 507.533}, "camera_to_world_matrix": [-0.923486, 0.264795, 0.277592, 4.46387, 0.383495, 0.617813, 0.686469, 4.27531, 0.0102734, 0.740399, -0.672089, 1.4869, 0.0, 0.0, 0.0, 1.0]}, "0b44966314c2477089c96dcd8fafb7b8_d0_2.png": {"intrinsics": {"fx": 1078.61, "fy": 1079.29, "cx": 629.288, "cy": 507.533}, "camera_to_world_matrix": [-0.129686, 0.663132, 0.737182, 4.45497, 0.991552, 0.0847814, 0.0981704, 4.28682, 0.00260058, 0.743685, -0.668525, 1.48683, 0.0, 0.0, 0.0, 1.0]}, "0b44966314c2477089c96dcd8fafb7b8_d0_3.png": {"intrinsics": {"fx": 1078.61, "fy": 1079.29, "cx": 629.288, "cy": 507.533}, "camera_to_world_matrix": [0.793836, 0.400669, 0.457481, 4.46048, 0.608125, -0.526678, -0.593965, 4.30028, 0.00296169, 0.749717, -0.661752, 1.4867, 0.0, 0.0, 0.0, 1.0]}, "0b44966314c2477089c96dcd8fafb7b8_d0_4.png": {"intrinsics": {"fx": 1078.61, "fy": 1079.29, "cx": 629.288, "cy": 507.533}, "camera_to_world_matrix": [0.923538, -0.260126, -0.281803, 4.4749, -0.38335, -0.605092, -0.697787, 4.30224, 0.0109957, 0.752462, -0.658544, 1.48664, 0.0, 0.0, 0.0, 1.0]}, "0b44966314c2477089c96dcd8fafb7b8_d0_5.png": {"intrinsics": {"fx": 1078.61, "fy": 1079.29, "cx": 629.288, "cy": 507.533}, "camera_to_world_matrix": [0.129714, -0.658442, -0.741369, 4.4838, -0.991376, -0.0720448, -0.109471, 4.29073, 0.0186683, 0.749176, -0.662109, 1.48671, 0.0, 0.0, 0.0, 1.0]}, "0b44966314c2477089c96dcd8fafb7b8_d1_0.png": {"intrinsics": {"fx": 1073.34, "fy": 1073.39, "cx": 633.503, "cy": 513.219}, "camera_to_world_matrix": [-0.790764, 0.0100659, -0.612036, 4.47163, -0.611911, 0.0130337, 0.790818, 4.28629, 0.0159378, 0.999864, -0.0041484, 1.52004, 0.0, 0.0, 0.0, 1.0]}, "0b44966314c2477089c96dcd8fafb7b8_d1_1.png": {"intrinsics": {"fx": 1073.34, "fy": 1073.39, "cx": 633.503, "cy": 513.219}, "camera_to_world_matrix": [-0.925391, 0.0105195, 0.378866, 4.46816, 0.378929, 0.00477886, 0.925413, 4.28582, 0.00792468, 0.999933, -0.0084097, 1.52005, 0.0, 0.0, 0.0, 1.0]}, "0b44966314c2477089c96dcd8fafb7b8_d1_2.png": {"intrinsics": {"fx": 1073.34, "fy": 1073.39, "cx": 633.503, "cy": 513.219}, "camera_to_world_matrix": [-0.13458, 0.00359712, 0.990896, 4.46602, 0.990901, 0.000258904, 0.134579, 4.28859, 0.00022789, 0.999993, -0.0036004