{"03d493822ac64466ba416f084a9d3bb9_d0_0.png": {"intrinsics": {"fx": 1074.09, "fy": 1075.53, "cx": 620.224, "cy": 506.997}, "camera_to_world_matrix": [-0.350273, -0.632613, -0.690731, 7.8619, -0.936561, 0.246587, 0.249094, -44.3298, 0.0127454, 0.734163, -0.678854, 1.65075, 0.0, 0.0, 0.0, 1.0]}, "03d493822ac64466ba416f084a9d3bb9_d0_1.png": {"intrinsics": {"fx": 1074.09, "fy": 1075.53, "cx": 620.224, "cy": 506.997}, "camera_to_world_matrix": [-0.986258, -0.116379, -0.117264, 7.85068, -0.165094, 0.667504, 0.726073, -44.339, -0.00622579, 0.735455, -0.677545, 1.65073, 0.0, 0.0, 0.0, 1.0]}, "03d493822ac64466ba416f084a9d3bb9_d0_2.png": {"intrinsics": {"fx": 1074.09, "fy": 1075.53, "cx": 620.224, "cy": 506.997}, "camera_to_world_matrix": [-0.636029, 0.506178, 0.582453, 7.83705, 0.771536, 0.430948, 0.467991, -44.334, -0.01412, 0.747039, -0.66463, 1.65047, 0.0, 0.0, 0.0, 1.0]}, "03d493822ac64466ba416f084a9d3bb9_d0_3.png": {"intrinsics": {"fx": 1074.09, "fy": 1075.53, "cx": 620.224, "cy": 506.997}, "camera_to_world_matrix": [0.350178, 0.612487, 0.708686, 7.83464, 0.936678, -0.226519, -0.267064, -44.3196, -0.00304279, 0.75733, -0.653025, 1.65025, 0.0, 0.0, 0.0, 1.0]}, "03d493822ac64466ba416f084a9d3bb9_d0_4.png": {"intrinsics": {"fx": 1074.09, "fy": 1075.53, "cx": 620.224, "cy": 506.997}, "camera_to_world_matrix": [0.986134, 0.0962361, 0.135199, 7.84586, 0.165186, -0.647415, -0.744021, -44.3104, 0.0159284, 0.756038, -0.654335, 1.65028, 0.0, 0.0, 0.0, 1.0]}, "03d493822ac64466ba416f084a9d3bb9_d0_5.png": {"intrinsics": {"fx": 1074.09, "fy": 1075.53, "cx": 620.224, "cy": 506.997}, "camera_to_world_matrix": [0.635868, -0.526312, -0.564507, 7.85949, -0.77143, -0.410835, -0.485912, -44.3154, 0.0238219, 0.744453, -0.66725, 1.65053, 0.0, 0.0, 0.0, 1.0]}, "03d493822ac64466ba416f084a9d3bb9_d1_0.png": {"intrinsics": {"fx": 1074.98, "fy": 1075.76, "cx": 613.769, "cy": 519.186}, "camera_to_world_matrix": [-0.349349, -0.0130494, -0.936901, 7.8511, -0.936945, 0.0148484, 0.349159, -44.3255, 0.0093553, 0.999804, -0.0174145, 1.68381, 0.0, 0.0, 0.0, 1.0]}, "03d493822ac64466ba416f084a9d3bb9_d1_1.png": {"intrinsics": {"fx": 1074.98, "fy": 1075.76, "cx": 613.769, "cy": 519.186}, "camera_to_world_matrix": [-0.986067, -0.0120733, -0.165908, 7.8484, -0.166069, 0.0137814, 0.986017, -44.3277, -0.00961784, 0.999832, -0.015595, 1.6838, 0.0, 0.0, 0.0, 1.0]}, "03d493822ac64466ba416f084a9d3bb9_d1_2.png": {"intrinsics": {"fx": 1074.98, "fy": 1075.76, "cx": 613.769, "cy": 519.186}, "camera_to_world_matrix": [-0.636715, -0.0125094, 0.770998, 7.84512, 0.770899, 0.0124023, 0.636835, -44.3265, -0.0175284, 0.999844, 0.0017461, 1.68374, 0.0, 0.0, 0.0, 1.0]}, "03d493822ac64466ba416f084a9d3bb9_d1_3.png": {"intrinsics": {"fx": 1074.98, "fy": 1075.76, "cx": 613.769, "cy": 519.186}, "camera_to_world_matrix": [0.349347, -0.0139217, 0.93689, 7.84454, 0.93697, 0.0120903, -0.349198, -44.323, -0.0064657, 0.99983, 0.0172673, 1.68368, 0.0, 0.0, 0.0, 1.0]}, "03d493822ac64466ba416f084a9d3bb9_d1_4.png": {"intrinsics": {"fx": 1074.98, "fy": 1075.76, "cx": 613.769, "cy": 519.186}, "camera_to_world_matrix": [0.986034, -0.0148978, 0.165872, 7.84724, 0.166069, 0.0131574, -0.986026, -44.3208, 0.0125074, 0.999802, 0.015447, 1.68369, 0.0, 0.0, 0.0, 1.0]}, "03d493822ac64466ba416f084a9d3bb9_d1_5.png": {"intrinsics": {"fx": 1074.98, "fy": 1075.76, "cx": 613.769, "cy": 519.186}, "camera_to_world_matrix": [0.636645, -0.0144616, -0.771021, 7.85052, -0.770886, 0.0145364, -0.636807, -44.322, 0.0204173, 0.999789, -0.0018944, 1.68375, 0.0, 0.0, 0.0, 1.0]}, "03d493822ac64466ba416f084a9d3bb9_d2_0.png": {"intrinsics": {"fx": 1073.91, "fy": 1074.5, "cx": 624.437, "cy": 516.038}, "camera_to_world_matrix": [-0.350493, 0.613377, -0.707761, 7.861, -0.936509, -0.221127, 0.272132, -44.3289, 0.0104139, 0.758203, 0.651938, 1.71724, 0.0, 0.0, 0.0, 1.0]}, "03d493822ac64466ba416f084a9d3bb9_d2_1.png": {"intrinsics": {"fx": 1073.91, "fy": 1074.5, "cx": 624.437, "cy": 516.038}, "camera_to_world_matrix": [-0.986281, 0.101333, -0.130329, 7.84979, -0.164866, -0.645494, 0.74576, -44.3382, -0.00855707, 0.757014, 0.653345, 1.71722, 0.0, 0.0, 0.0, 1.0]}, "03d493822ac64466ba416f084a9d3bb9_d2_2.png": {"intrinsics": {"fx": 1073.91, "fy": 1074.5, "cx": 624.437, "cy": 516.038}, "camera_to_world_matrix": [-0.635799, -0.522118, 0.568466, 7.83615, 0.771681, -0.414293, 0.482569, -44.3331, -0.0164467, 0.74549, 0.666316, 1.71696, 0.0, 0.0, 0.0, 1.0]}, "03d493822ac64466ba416f084a9d3bb9_d2_3.png": {"intrinsics": {"fx": 1073.91, "fy": 1074.5, "cx": 624.437, "cy": 516.038}, "camera_to_world_matrix": [0.350461, -0.633511, 0.689814, 7.83374, 0.936564, 0.24127, -0.254244, -44.3187, -0.0053653, 0.735156, 0.677879, 1.71674, 0.0, 0.0, 0.0, 1.0]}, "03d493822ac64466ba416f084a9d3bb9_d2_4.png": {"intrinsics": {"fx": 1073.91, "fy": 1074.5, "cx": 624.437, "cy": 516.038}, "camera_to_world_matrix": [0.986219, -0.12145, 0.112364, 7.84496, 0.164895, 0.665617, -0.727849, -44.3095, 0.0136056, 0.736346, 0.676471, 1.71676, 0.0, 0.0, 0.0, 1.0]}, "03d493822ac64466ba416f084a9d3bb9_d2_5.png": {"intrinsics": {"fx": 1073.91, "fy": 1074.5, "cx": 624.437, "cy": 516.038}, "camera_to_world_matrix": [0.635701, 0.501992, -0.586421, 7.85859, -0.771638, 0.434391, -0.464631, -44.3145, 0.0214946, 0.74787, 0.6635, 1.71702, 0.0, 0.0, 0.0, 1.0]}, "063eee6149194f3abc6f297e290068fa_d0_0.png": {"intrinsics": {"fx": 1074.09, "fy": 1075.53, "cx": 620.224, "cy": 506.997}, "camera_to_world_matrix": [-0.910721, 0.292006, 0.292097, 3.83012, 0.411333, 0.577321, 0.70534, -24.6952, 0.0373302, 0.762517, -0.64589, 1.5386, 0.0, 0.0, 0.0, 1.0]}, "063eee6149194f3abc6f297e290068fa_d0_1.png": {"intrinsics": {"fx": 1074.09, "fy": 1075.53, "cx": 620.224, "cy": 506.997}, "camera_to_world_matrix": [-0.0981844, 0.677125, 0.729288, 3.82163, 0.994208, 0.0345518, 0.10177, -24.6834, 0.043713, 0.735056, -0.676596, 1.5392, 0.0, 0.0, 0.0, 1.0]}, "063eee6149194f3abc6f297e290068fa_d0_2.png": {"intrinsics": {"fx": 1074.09, "fy": 1075.53, "cx": 620.224, "cy": 506.997}, "camera_to_world_matrix": [0.81263, 0.399149, 0.424633, 3.82762, 0.582672, -0.57051, -0.578801, -24.6701, 0.0112297, 0.717773, -0.696187, 1.53958, 0.0, 0.0, 0.0, 1.0]}, "063eee6149194f3abc6f297e290068fa_d0_3.png": {"intrinsics": {"fx": 1074.09, "fy": 1075.53, "cx": 620.224, "cy": 506.997}, "camera_to_world_matrix": [0.910887, -0.263941, -0.317206, 3.8421, -0.411729, -0.632789, -0.655787, -24.6687, -0.0276359, 0.727951, -0.685072, 1.53936, 0.0, 0.0, 0.0, 1.0]}, "063eee6149194f3abc6f297e290068fa_d0_4.png": {"intrinsics": {"fx": 1074.09, "fy": 1075.53, "cx": 620.224, "cy": 506.997}, "camera_to_world_matrix": [0.0983283, -0.649039, -0.754374, 3.85058, -0.994572, -0.0900044, -0.0522001, -24.6805, -0.0340171, 0.755413, -0.654366, 1.53876, 0.0, 0.0, 0.0, 1.0]}, "063eee6149194f3abc6f297e290068fa_d0_5.png": {"intrinsics": {"fx": 1074.09, "fy": 1075.53, "cx": 620.224, "cy": 506.997}, "camera_to_world_matrix": [-0.81247, -0.371038, -0.449693, 3.8446, -0.583001, 0.515047, 0.62836, -24.6937, -0.00153272, 0.772695, -0.634776, 1.53838, 0.0, 0.0, 0.0, 1.0]}, "063eee6149194f3abc6f297e290068fa_d1_0.png": {"intrinsics": {"fx": 1074.98, "fy": 1075.76, "cx": 613.769, "cy": 519.186}, "camera_to_world_matrix": [-0.911181, 0.0201759, 0.41151, 3.83529, 0.410607, -0.0377164, 0.911031, -24.6863, 0.0339017, 0.999084, 0.0260814, 1.57211, 0.0, 0.0, 0.0, 1.0]}, "063eee6149194f3abc6f297e290068fa_d1_1.png": {"intrinsics": {"fx": 1074.98, "fy": 1075.76, "cx": 613.769, "cy": 519.186}, "camera_to_world_matrix": [-0.0991852, 0.0190456, 0.994886, 3.83325, 0.994251, -0.0386188, 0.0998611, -24.6835, 0.0403234, 0.999072, -0.0151064, 1.57225, 0.0, 0.0, 0.0, 1.0]}, "063eee6149194f3abc6f297e290068fa_d1_2.png": {"intrinsics": {"fx": 1074.98, "fy": 1075.76, "cx": 613.769, "cy": 519.186}, "camera_to_world_matrix": [0.812025, 0.0176992, 0.583353, 3.83469, 0.583568, -0.0380922, -0.81117, -24.6803, 0.00786428, 0.999117, -0.0412612, 1.57235, 0.0, 0.0, 0.0, 1.0]}, "063eee6149194f3abc6f297e290068fa_d1_3.png": {"intrinsics": {"fx": 1074.98, "fy": 1075.76, "cx": 613.769, "cy": 519.186}, "camera_to_world_matrix": [0.91122, 0.0174831, -0.411548, 3.83818, -0.41075, -0.0366631, -0.91101, -24.68, -0.0310158, 0.999174, -0.0262276, 1.57229, 0.0, 0.0, 0.0, 1.0]}, "063eee6149194f3abc6f297e290068fa_d1_4.png": {"intrinsics": {"fx": 1074.98, "fy": 1075.76, "cx": 613.769, "cy": 519.186}, "camera_to_world_matrix": [0.0992008, 0.0186135, -0.994893, 3.84022, -0.994362, -0.0357607, -0.0998169, -24.6828, -0.0374359, 0.999187, 0.0149604, 1.57215, 0.0, 0.0, 0.0, 1.0]}, "063eee6149194f3abc6f297e290068fa_d1_5.png": {"intrinsics": {"fx": 1074.98, "fy": 1075.76, "cx": 613.769, "cy": 519.186}, "camera_to_world_matrix": [-0.811994, 0.0199599, -0.583323, 3.83878, -0.583643, -0.0362874, 0.811198, -24.686, -0.00497572, 0.999142, 0.041114, 1.57206, 0.0, 0.0, 0.0, 1.0]}, "063eee6149194f3abc6f297e290068fa_d2_0.png": {"intrinsics": {"fx": 1073.91, "fy": 1074.5, "cx": 624.437, "cy": 516.038}, "camera_to_world_matrix": [-0.910664, -0.258618, 0.322195, 3.83137, 0.411665, -0.634082, 0.654579, -24.6977, 0.035012, 0.728737, 0.6839, 1.60504, 0.0, 0.0, 0.0, 1.0]}, "063eee6149194f3abc6f297e290068fa_d2_1.png": {"intrinsics": {"fx": 1073.91, "fy": 1074.5, "cx": 624.437, "cy": 516.038}, "camera_to_world_matrix": [-0.0979655, -0.647462, 0.755776, 3.82289, 0.994331, -0.095261, 0.0472794, -24.6858, 0.041384, 0.756121, 0.653124, 1.60564, 0.0, 0.0, 0.0, 1.0]}, "063eee6149194f3abc6f297e290068fa_d2_2.png": {"intrinsics": {"fx": 1073.91, "fy": 1074.5, "cx": 624.437, "cy": 516.038}, "camera_to_world_matrix": [0.812749, -0.374767, 0.446086, 3.82887, 0.58255, 0.511049, -0.632034, -24.6726, 0.00889337, 0.77355, 0.633675, 1.60602, 0.0, 0.0, 0.0, 1.0]}, "063eee6149194f3abc6f297e290068fa_d2_3.png": {"intrinsics": {"fx": 1073.91, "fy": 1074.5, "cx": 624.437, "cy": 516.038}, "camera_to_world_matrix": [0.910743, 0.286766, -0.297177, 3.84335, -0.411888, 0.578524, -0.704032, -24.6711, -0.0299686, 0.763595, 0.645003, 1.6058, 0.0, 0.0, 0.0, 1.0]}, "063eee6149194f3abc6f297e290068fa_d2_4.png": {"intrinsics": {"fx": 1073.91, "fy": 1074.5, "cx": 624.437, "cy": 516.038}, "camera_to_world_matrix": [0.0980217, 0.675589, -0.730734, 3.85184, -0.994522, 0.0396874, -0.096715, -24.6829, -0.0363389, 0.73621, 0.675779, 1.6052, 0.0, 0.0, 0.0, 1.0]}, "063eee6149194f3abc6f297e290068fa_d2_5.png": {"intrinsics": {"fx": 1073.91, "fy": 1074.5, "cx": 624.437, "cy": 516.038}, "camera_to_world_matrix": [-0.812676, 0.40287, -0.421018, 3.84585, -0.582705, -0.566612, 0.582586, -24.6962, -0.00384733, 0.718782, 0.695227, 1.60482, 0.0, 0.0, 0.0, 1.0]}, "0db658dc49514ca18be7b44ceb363849_d0_0.png": {"intrinsics": {"fx": 1074.09, "fy": 1075.53, "cx": 620.224, "cy": 506.997}, "camera_to_world_matrix": [-0.303622, -0.632657, -0.712431, 5.12193, -0.952725, 0.210478, 0.21912, -46.1906, 0.0113232, 0.745281, -0.666655, 1.64045, 0.0, 0.0, 0.0, 1.0]}, "0db658dc49514ca18be7b44ceb363849_d0_1.png": {"intrinsics": {"fx": 1074.09, "fy": 1075.53, "cx": 620.224, "cy": 506.997}, "camera_to_world_matrix": [-0.976941, -0.137757, -0.163125, 5.11118, -0.213384, 0.656271, 0.723723, -46.2004, 0.00735671, 0.741843, -0.670533, 1.64053, 0.0, 0.0, 0.0, 1.0]}, "0db658dc49514ca18be7b44ceb363849_d0_2.png": {"intrinsics": {"fx": 1074.09, "fy": 1075.53, "cx": 620.224, "cy": 506.997}, "camera_to_world_matrix": [-0.673291, 0.49577, 0.548536, 5.09731, 0.739377, 0.450568, 0.500309, -46.196, 0.0008853, 0.742429, -0.669925, 1.64052, 0.0, 0.0, 0.0, 1.0]}, "0db658dc49514ca18be7b44ceb363849_d0_3.png": {"intrinsics": {"fx": 1074.09, "fy": 1075.53, "cx": 620.224, "cy": 506.997}, "camera_to_world_matrix": [0.303671, 0.634382, 0.710876, 5.09419, 0.952776, -0.200923, -0.227703, -46.1817, -0.00161959, 0.746452, -0.665438, 1.64043, 0.0, 0.0, 0.0, 1.0]}, "0db658dc49514ca18be7b44ceb363849_d0_4.png": {"intrinsics": {"fx": 1074.09, "fy": 1075.53, "cx": 620.224, "cy": 506.997}, "camera_to_world_matrix": [0.97696, 0.139463, 0.16155, 5.10494, 0.213408, -0.646696, -0.732285, -46.1719, 0.00234709, 0.749889, -0.661559, 1.64035, 0.0, 0.0, 0.0, 1.0]}, "0db658dc49514ca18be7b44ceb363849_d0_5.png": {"intrinsics": {"fx": 1074.09, "fy": 1075.53, "cx": 620.224, "cy": 506.997}, "camera_to_world_matrix": [0.673273, -0.494055, -0.550102, 5.11881, -0.739341, -0.440969, -0.508843, -46.1763, 0.00881848, 0.749304, -0.662168, 1.64037, 0.0, 0.0, 0.0, 1.0]}, "0db658dc49514ca18be7b44ceb363849_d1_0.png": {"intrinsics": {"fx": 1074.98, "fy": 1075.76, "cx": 613.769, "cy": 519.186}, "camera_to_world_matrix": [-0.302733, 0.00152872, -0.953074, 5.11144, -0.953042, 0.00782099, 0.302736, -46.187, 0.00791693, 0.999968, -0.00091142, 1.67369, 0.0, 0.0, 0.0, 1.0]}, "0db658dc49514ca18be7b44ceb363849_d1_1.png": {"intrinsics": {"fx": 1074.98, "fy": 1075.76, "cx": 613.769, "cy": 519.186}, "camera_to_world_matrix": [-0.976753, 0.0025564, -0.214348, 5.10885, -0.214327, 0.00680314, 0.976738, -46.1894, 0.00395533, 0.999973, -0.00609776, 1.67371, 0.0, 0.0, 0.0, 1.0]}, "0db658dc49514ca18be7b44ceb363849_d1_2.png": {"intrinsics": {"fx": 1074.98, "fy": 1075.76, "cx": 613.769, "cy": 519.186}, "camera_to_world_matrix": [-0.673997, 0.00218873, 0.738731, 5.10551, 0.738729, 0.00540424, 0.67398, -46.1883, -0.00251696, 0.999983, -0.00526, 1.67371, 0.0, 0.0, 0.0, 1.0]}, "0db658dc49514ca18be7b44ceb363849_d1_3.png": {"intrinsics": {"fx": 1074.98, "fy": 1075.76, "cx": 613.769, "cy": 519.186}, "camera_to_world_matrix": [0.302774, 0.00079338, 0.953062, 5.10476, 0.953049, 0.00502323, -0.302774, -46.1849, -0.00502751, 0.999987, 0.000764095, 1.67369, 0.0, 0.0, 0.0, 1.0]}, "0db658dc49514ca18be7b44ceb363849_d1_4.png": {"intrinsics": {"fx": 1074.98, "fy": 1075.76, "cx": 613.769, "cy": 519.186}, "camera_to_world_matrix": [0.976765, -0.000234263, 0.214309, 5.10735, 0.214307, 0.00604112, -0.976747, -46.1825, -0.0010657, 0.999981, 0.00595029, 1.67367, 0.0, 0.0, 0.0, 1.0]}, "0db658dc49514ca18be7b44ceb363849_d1_5.png": {"intrinsics": {"fx": 1074.98, "fy": 1075.76, "cx": 613.769, "cy": 519.186}, "camera_to_world_matrix": [0.673971, 0.000133465, -0.738757, 5.11069, -0.738737, 0.00744, -0.673952, -46.1836, 0.00540656, 0.999972, 0.00511227, 1.67367, 0.0, 0.0, 0.0, 1.0]}, "0db658dc49514ca18be7b44ceb363849_d2_0.png": {"intrinsics": {"fx": 1073.91, "fy": 1074.5, "cx": 624.437, "cy": 516.038}, "camera_to_world_matrix": [-0.303881, 0.635019, -0.710217, 5.12201, -0.95267, -0.1955, 0.232817, -46.1901, 0.00899557, 0.74735, 0.664373, 1.70695, 0.0, 0.0, 0.0, 1.0]}, "0db658dc49514ca18be7b44ceb363849_d2_1.png": {"intrinsics": {"fx": 1073.91, "fy": 1074.5, "cx": 624.437, "cy": 516.038}, "camera_to_world_matrix": [-0.97701, 0.144474, -0.156787, 5.11126, -0.213142, -0.644533, 0.734267, -46.1999, 0.00502771, 0.750803, 0.66051, 1.70703, 0.0, 0.0, 0.0, 1.0]}, "0db658dc49514ca18be7b44ceb363849_d2_2.png": {"intrinsics": {"fx": 1073.91, "fy": 1074.5, "cx": 624.437, "cy": 516.038}, "camera_to_world_matrix": [-0.673105, -0.489681, 0.554206, 5.09739, 0.739548, -0.444223, 0.505705, -46.1955, -0.00144355, 0.750253, 0.661152, 1.70702, 0.0, 0.0, 0.0, 1.0]}, "0db658dc49514ca18be7b44ceb363849_d2_3.png": {"intrinsics": {"fx": 1073.91, "fy": 1074.5, "cx": 624.437, "cy": 516.038}, "camera_to_world_matrix": [0.303924, -0.633277, 0.711753, 5.09427, 0.95269, 0.205117, -0.224303, -46.1813, -0.00394683, 0.746249, 0.665657, 1.70693, 0.0, 0.0, 0.0, 1.0]}, "0db658dc49514ca18be7b44ceb363849_d2_4.png": {"intrinsics": {"fx": 1073.91, "fy": 1074.5, "cx": 624.437, "cy": 516.038}, "camera_to_world_matrix": [0.977024, -0.142715, 0.158303, 5.10502, 0.213136, 0.654131, -0.725731, -46.1715, 2.12591e-05, 0.742796, 0.66952, 1.70685, 0.0, 0.0, 0.0, 1.0]}, "0db658dc49514ca18be7b44ceb363849_d2_5.png": {"intrinsics": {"fx": 1073.91, "fy": 1074.5, "cx": 624.437, "cy": 516.038}, "camera_to_world_matrix": [0.673081, 0.491433, -0.552681, 5.11889, -0.739542, 0.453796, -0.497141, -46.1759, 0.00649246, 0.743346, 0.668878, 1.70687, 0.0, 0.0, 0.0, 1.0]}, "10c2796a0ad1486f835e992139f31b18_d0_0.png": {"intrinsics": {"fx": 1074.09, "fy": 1075.53, "cx": 620.224, "cy": 506.997}, "camera_to_world_matrix": [0.82258, 0.372251, 0.429874, -0.498633, 0.568628, -0.545106, -0.616053, -4.71444, 0.00500025, 0.751191, -0.660066, 1.49157, 0.0, 0.0, 0.0, 1.0]}, "10c2796a0ad1486f835e992139f31b18_d0_1.png": {"intrinsics": {"fx": 1074.09, "fy": 1075.53, "cx": 620.224, "cy": 506.997}, "camera_to_world_matrix": [0.903675, -0.291917, -0.313299, -0.484132, -0.428055, -0.595535, -0.679785, -4.71324, 0.0118605, 0.748414, -0.663126, 1.49163, 0.0, 0.0, 0.0, 1.0]}, "10c2796a0ad1486f835e992139f31b18_d0_2.png": {"intrinsics": {"fx": 1074.09, "fy": 1075.53, "cx": 620.224, "cy": 506.997}, "camera_to_world_matrix": [0.0810522, -0.667649, -0.740051, -0.475848, -0.996641, -0.0455646, -0.0680478, -4.7252, 0.0117119, 0.743081, -0.669099, 1.49174, 0.0, 0.0, 0.0, 1.0]}, "10c2796a0ad1486f835e992139f31b18_d0_3.png": {"intrinsics": {"fx": 1074.09, "fy": 1075.53, "cx": 620.224, "cy": 506.997}, "camera_to_world_matrix": [-0.822648, -0.379204, -0.423622, -0.482065, -0.568533, 0.554821, 0.607408, -4.73836, 0.00470287, 0.740525, -0.672012, 1.4918, 0.0, 0.0, 0.0, 1.0]}, "10c2796a0ad1486f835e992139f31b18_d0_4.png": {"intrinsics": {"fx": 1074.09, "fy": 1075.53, "cx": 620.224, "cy": 506.997}, "camera_to_world_matrix": [-0.903704, 0.284966, 0.319553, -0.496566, 0.428153, 0.605224, 0.671111, -4.73955, -0.00215722, 0.743303, -0.668952, 1.49174, 0.0, 0.0, 0.0, 1.0]}, "10c2796a0ad1486f835e992139f31b18_d0_5.png": {"intrinsics": {"fx": 1074.09, "fy": 1075.53, "cx": 620.224, "cy": 506.997}, "camera_to_world_matrix": [-0.0810585, 0.660677, 0.746282, -0.504849, 0.996707, 0.0552388, 0.0593565, -4.72759, -0.00200824, 0.748636, -0.662979, 1.49162, 0.0, 0.0, 0.0, 1.0]}, "10c2796a0ad1486f835e992139f31b18_d1_0.png": {"intrinsics": {"fx": 1074.98, "fy": 1075.76, "cx": 613.769, "cy": 519.186}, "camera_to_world_matrix": [0.822069, -0.0058211, 0.569357, -0.492497, 0.569385, 0.00561988, -0.822052, -4.7233, 0.00158568, 0.999967, 0.00793371, 1.5249, 0.0, 0.0, 0.0, 1.0]}, "10c2796a0ad1486f835e992139f31b18_d1_1.png": {"intrinsics": {"fx": 1074.98, "fy": 1075.76, "cx": 613.769, "cy": 519.186}, "camera_to_world_matrix": [0.904102, -0.00601247, -0.427272, -0.489009, -0.427231, 0.00705357, -0.904114, -4.72302, 0.00844991, 0.999957, 0.00380776, 1.52492, 0.0, 0.0, 0.0, 1.0]}, "10c2796a0ad1486f835e992139f31b18_d1_2.png": {"intrinsics": {"fx": 1074.98, "fy": 1075.76, "cx": 613.769, "cy": 519.186}, "camera_to_world_matrix": [0.0820063, -0.00486652, -0.99662, -0.487016, -0.996597, 0.00793616, -0.082043, -4.72589, 0.00830876, 0.999956, -0.00419982, 1.52495, 0.0, 0.0, 0.0, 1.0]}, "10c2796a0ad1486f835e992139f31b18_d1_3.png": {"intrinsics": {"fx": 1074.98, "fy": 1075.76, "cx": 613.769, "cy": 519.186}, "camera_to_world_matrix": [-0.822105, -0.00352922, -0.569324, -0.488511, -0.569334, 0.00738505, 0.822073, -4.72906, 0.00130337, 0.999966, -0.00808128, 1.52496, 0.0, 0.0, 0.0, 1.0]}, "10c2796a0ad1486f835e992139f31b18_d1_4.png": {"intrinsics": {"fx": 1074.98, "fy": 1075.76, "cx": 613.769, "cy": 519.186}, "camera_to_world_matrix": [-0.904099, -0.00333791, 0.427308, -0.492, 0.427285, 0.00595136, 0.904097, -4.72935, -0.0055607, 0.999976, -0.00395506, 1.52495, 0.0, 0.0, 0.0, 1.0]}, "10c2796a0ad1486f835e992139f31b18_d1_5.png": {"intrinsics": {"fx": 1074.98, "fy": 1075.76, "cx": 613.769, "cy": 519.186}, "camera_to_world_matrix": [-0.0819807, -0.0044839, 0.996624, -0.493992, 0.996619, 0.00506881, 0.082003, -4.72647, -0.00541923, 0.999977, 0.00405251, 1.52492, 0.0, 0.0, 0.0, 1.0]}, "10c2796a0ad1486f835e992139f31b18_d2_0.png": {"intrinsics": {"fx": 1073.91, "fy": 1074.5, "cx": 624.437, "cy": 516.038}, "camera_to_world_matrix": [0.82275, -0.383023, 0.419976, -0.498944, 0.5684, 0.550929, -0.611064, -4.714, 0.00267497, 0.741466, 0.670988, 1.55806, 0.0, 0.0, 0.0, 1.0]}, "10c2796a0ad1486f835e992139f31b18_d2_1.png": {"intrinsics": {"fx": 1073.91, "fy": 1074.5, "cx": 624.437, "cy": 516.038}, "camera_to_world_matrix": [0.903582, 0.279678, -0.324535, -0.484443, -0.428314, 0.606584, -0.66978, -4.71281, 0.00953423, 0.744202, 0.667888, 1.55812, 0.0, 0.0, 0.0, 1.0]}, "10c2796a0ad1486f835e992139f31b18_d2_2.png": {"intrinsics": {"fx": 1073.91, "fy": 1074.5, "cx": 624.437, "cy": 516.038}, "camera_to_world_matrix": [0.0807998, 0.659203, -0.747612, -0.476159, -0.996688, 0.0604977, -0.0543763, -4.72477, 0.00938344, 0.749528, 0.661909, 1.55824, 0.0, 0.0, 0.0, 1.0]}, "10c2796a0ad1486f835e992139f31b18_d2_3.png": {"intrinsics": {"fx": 1073.91, "fy": 1074.5, "cx": 624.437, "cy": 516.038}, "camera_to_world_matrix": [-0.822796, 0.376019, -0.42617, -0.482376, -0.568336, -0.541231, 0.61973, -4.73793, 0.00237337, 0.752117, 0.659028, 1.5583, 0.0, 0.0, 0.0, 1.0]}, "10c2796a0ad1486f835e992139f31b18_d2_4.png": {"intrinsics": {"fx": 1073.91, "fy": 1074.5, "cx": 624.437, "cy": 516.038}, "camera_to_world_matrix": [-0.903589, -0.286685, 0.318343, -0.496877, 0.428382, -0.59686, 0.678416, -4.73912, -0.0044857, 0.74938, 0.662127, 1.55824, 0.0, 0.0, 0.0, 1.0]}, "10c2796a0ad1486f835e992139f31b18_d2_5.png": {"intrinsics": {"fx": 1073.91, "fy": 1074.5, "cx": 624.437, "cy": 516.038}, "camera_to_world_matrix": [-0.0807843, -0.666188, 0.741396, -0.50516, 0.996724, -0.0507594, 0.0629958, -4.72716, -0.00433462, 0.744055, 0.668107, 1.55812, 0.0, 0.0, 0.0, 1.0]}, "121a837c700045e8bd73592a5edf1aee_d0_0.png": {"intrinsics": {"fx": 1074.09, "fy": 1075.53, "cx": 620.224, "cy": 506.997}, "camera_to_world_matrix": [0.484704, 0.587965, 0.64758, -25.03, 0.874679, -0.325627, -0.359033, -0.767779, -0.000229709, 0.740449, -0.672113, 1.57935, 0.0, 0.0, 0.0, 1.0]}, "121a837c700045e8bd73592a5edf1aee_d0_1.png": {"intrinsics": {"fx": 1074.09, "fy": 1075.53, "cx": 620.224, "cy": 506.997}, "camera_to_world_matrix": [0.999835, 0.0152352, 0.00996571, -25.0175, 0.0175791, -0.665654, -0.746054, -0.760272, -0.00473259, 0.746105, -0.665812, 1.57923, 0.0, 0.0, 0.0, 1.0]}, "121a837c700045e8bd73592a5edf1aee_d0_2.png": {"intrinsics": {"fx": 1074.09, "fy": 1075.53, "cx": 620.224, "cy": 506.997}, "camera_to_world_matrix": [0.515155, -0.565587, -0.643994, -25.0048, -0.857098, -0.339638, -0.387338, -0.767312, 0.000349011, 0.751504, -0.659729, 1.57911, 0.0, 0.0, 0.0, 1.0]}, "121a837c700045e8bd73592a5edf1aee_d0_3.png": {"intrinsics": {"fx": 1074.09, "fy": 1075.53, "cx": 620.224, "cy": 506.997}, "camera_to_world_matrix": [-0.484645, -0.573666, -0.660324, -25.0045, -0.874655, 0.326399, 0.358389, -0.78186, 0.00993332, 0.751247, -0.659947, 1.57911, 0.0, 0.0, 0.0, 1.0]}, "121a837c700045e8bd73592a5edf1aee_d0_4.png": {"intrinsics": {"fx": 1074.09, "fy": 1075.53, "cx": 620.224, "cy": 506.997}, "camera_to_world_matrix": [-0.999742, -0.000922623, -0.0226944, -25.017, -0.0175353, 0.666404, 0.745385, -0.789367, 0.0144359, 0.74559, -0.666248, 1.57923, 0.0, 0.0, 0.0, 1.0]}, "121a837c700045e8bd73592a5edf1aee_d0_5.png": {"intrinsics": {"fx": 1074.09, "fy": 1075.53, "cx": 620.224, "cy": 506.997}, "camera_to_world_matrix": [-0.515028, 0.579887, 0.631251, -25.0297, 0.857123, 0.340365, 0.386644, -0.782326, 0.00935399, 0.740191, -0.672331, 1.57935, 0.0, 0.0, 0.0, 1.0]}, "121a837c700045e8bd73592a5edf1aee_d1_0.png": {"intrinsics": {"fx": 1074.98, "fy": 1075.76, "cx": 613.769, "cy": 519.186}, "camera_to_world_matrix": [0.483853, 0.00894203, 0.875103, -25.02, 0.875141, -0.000797034, -0.483866, -0.773109, -0.0036291, 0.999959, -0.00821187, 1.61251, 0.0, 0.0, 0.0, 1.0]}, "121a837c700045e8bd73592a5edf1aee_d1_1.png": {"intrinsics": {"fx": 1074.98, "fy": 1075.76, "cx": 613.769, "cy": 519.186}, "camera_to_world_matrix": [0.999795, 0.00813409, 0.0185205, -25.017, 0.0185179, 0.000402699, -0.999828, -0.771303, -0.00813999, 0.999967, 0.000251312, 1.61248, 0.0, 0.0, 0.0, 1.0]}, "121a837c700045e8bd73592a5edf1aee_d1_2.png": {"intrinsics": {"fx": 1074.98, "fy": 1075.76, "cx": 613.769, "cy": 519.186}, "camera_to_world_matrix": [0.515933, 0.00876908, -0.856584, -25.0139, -0.856623, 0.00170228, -0.515939, -0.772997, -0.00306601, 0.99996, 0.00838939, 1.61245, 0.0, 0.0, 0.0, 1.0]}, "121a837c700045e8bd73592a5edf1aee_d1_3.png": {"intrinsics": {"fx": 1074.98, "fy": 1075.76, "cx": 613.769, "cy": 519.186}, "camera_to_world_matrix": [-0.48386, 0.010212, -0.875086, -25.0139, -0.875121, 0.00180211, 0.4839, -0.776496, 0.00651874, 0.999946, 0.0080641, 1.61245, 0.0, 0.0, 0.0, 1.0]}, "121a837c700045e8bd73592a5edf1aee_d1_4.png": {"intrinsics": {"fx": 1074.98, "fy": 1075.76, "cx": 613.769, "cy": 519.186}, "camera_to_world_matrix": [-0.999768, 0.0110199, -0.0184829, -25.0168, -0.0184775, 0.000602341, 0.999829, -0.778302, 0.0110293, 0.999939, -0.00039926, 1.61248, 0.0, 0.0, 0.0, 1.0]}, "121a837c700045e8bd73592a5edf1aee_d1_5.png": {"intrinsics": {"fx": 1074.98, "fy": 1075.76, "cx": 613.769, "cy": 519.186}, "camera_to_world_matrix": [-0.515872, 0.0103849, 0.856603, -25.0199, 0.856645, -0.000697219, 0.515906, -0.776608, 0.005955, 0.999945, -0.00853714, 1.61251, 0.0, 0.0, 0.0, 1.0]}, "121a837c700045e8bd73592a5edf1aee_d2_0.png": {"intrinsics": {"fx": 1073.91, "fy": 1074.5, "cx": 624.437, "cy": 516.038}, "camera_to_world_matrix": [0.484918, -0.575344, 0.658663, -25.0293, 0.874558, 0.321213, -0.363282, -0.767745, -0.00255929, 0.752199, 0.658934, 1.64585, 0.0, 0.0, 0.0, 1.0]}, "121a837c700045e8bd73592a5edf1aee_d2_1.png": {"intrinsics": {"fx": 1073.91, "fy": 1074.5, "cx": 624.437, "cy": 516.038}, "camera_to_world_matrix": [0.999827, -0.00624902, 0.0176227, -25.0169, 0.0173132, 0.665273, -0.746401, -0.760238, -0.00705997, 0.746575, 0.665266, 1.64572, 0.0, 0.0, 0.0, 1.0]}, "121a837c700045e8bd73592a5edf1aee_d2_2.png": {"intrinsics": {"fx": 1073.91, "fy": 1074.5, "cx": 624.437, "cy": 516.038}, "camera_to_world_matrix": [0.514911, 0.576248, -0.634671, -25.0041, -0.857244, 0.34442, -0.382768, -0.767279, -0.00197617, 0.741158, 0.671331, 1.6456, 0.0, 0.0, 0.0, 1.0]}, "121a837c700045e8bd73592a5edf1aee_d2_3.png": {"intrinsics": {"fx": 1073.91, "fy": 1074.5, "cx": 624.437, "cy": 516.038}, "camera_to_world_matrix": [-0.484904, 0.589636, -0.64591, -25.0039, -0.874537, -0.320485, 0.363975, -0.781826, 0.00760819, 0.741364, 0.671063, 1.64561, 0.0, 0.0, 0.0, 1.0]}, "121a837c700045e8bd73592a5edf1aee_d2_4.png": {"intrinsics": {"fx": 1073.91, "fy": 1074.5, "cx": 624.437, "cy": 516.038}, "camera_to_world_matrix": [-0.99978, 0.0205276, -0.00485564, -25.0163, -0.0172716, -0.664522, 0.74707, -0.789333, 0.0121086, 0.746987, 0.664731, 1.64573, 0.0, 0.0, 0.0, 1.0]}, "121a837c700045e8bd73592a5edf1aee_d2_5.png": {"intrinsics": {"fx": 1073.91, "fy": 1074.5, "cx": 624.437, "cy": 516.038}, "camera_to_world_matrix": [-0.514829, -0.561957, 0.647424, -25.0291, 0.857267, -0.343647, 0.383412, -0.782292, 0.00702442, 0.752404, 0.658666, 1.64585, 0.0, 0.0, 0.0, 1.0]}, "122154d283494710ae5e592fc99bf8e1_d0_0.png": {"intrinsics": {"fx": 1074.09, "fy": 1075.53, "cx": 620.224, "cy": 506.997}, "camera_to_world_matrix": [0.0742321, -0.658635, -0.748792, 13.2473, -0.99724, -0.0481844, -0.0564794, -42.0585, 0.00111925, 0.750918, -0.660394, 1.65104, 0.0, 0.0, 0.0, 1.0]}, "122154d283494710ae5e592fc99bf8e1_d0_1.png": {"intrinsics": {"fx": 1074.09, "fy": 1075.53, "cx": 620.224, "cy": 506.997}, "camera_to_world_matrix": [-0.826474, -0.36606, -0.427716, 13.241, -0.562894, 0.550205, 0.616786, -42.0716, 0.00955087, 0.750516, -0.660783, 1.65105, 0.0, 0.0, 0.0, 1.0]}, "122154d283494710ae5e592fc99bf8e1_d0_2.png": {"intrinsics": {"fx": 1074.09, "fy": 1075.53, "cx": 620.224, "cy": 506.997}, "camera_to_world_matrix": [-0.900649, 0.298429, 0.315866, 13.2264, 0.434344, 0.59602, 0.675356, -42.0727, 0.0132832, 0.745453, -0.666426, 1.65116, 0.0, 0.0, 0.0, 1.0]}, "122154d283494710ae5e592fc99bf8e1_d0_3.png": {"intrinsics": {"fx": 1074.09, "fy": 1075.53, "cx": 620.224, "cy": 506.997}, "camera_to_world_matrix": [-0.0741172, 0.670328, 0.738355, 13.2182, 0.997213, 0.0434451, 0.0606595, -42.0607, 0.00858385, 0.740792, -0.671679, 1.65126, 0.0, 0.0, 0.0, 1.0]}, "122154d283494710ae5e592fc99bf8e1_d0_4.png": {"intrinsics": {"fx": 1074.09, "fy": 1075.53, "cx": 620.224, "cy": 506.997}, "camera_to_world_matrix": [0.826572, 0.37773, 0.417252, 13.2246, 0.562831, -0.554933, -0.612593, -42.0476, 0.000152277, 0.741195, -0.67129, 1.65125, 0.0, 0.0, 0.0, 1.0]}, "122154d283494710ae5e592fc99bf8e1_d0_5.png": {"intrinsics": {"fx": 1074.09, "fy": 1075.53, "cx": 620.224, "cy": 506.997}, "camera_to_world_matrix": [0.900708, -0.286761, -0.326332, 13.2391, -0.43441, -0.600722, -0.671134, -42.0465, -0.00357979, 0.746258, -0.665647, 1.65114, 0.0, 0.0, 0.0, 1.0]}, "122154d283494710ae5e592fc99bf8e1_d1_0.png": {"intrinsics": {"fx": 1074.98, "fy": 1075.76, "cx": 613.769, "cy": 519.186}, "camera_to_world_matrix": [0.075144, 0.00765568, -0.997143, 13.2365, -0.997169, -0.00172463, -0.0751591, -42.0595, -0.00229494, 0.999969, 0.00750374, 1.68437, 0.0, 0.0, 0.0, 1.0]}, "122154d283494710ae5e592fc99bf8e1_d1_1.png": {"intrinsics": {"fx": 1074.98, "fy": 1075.76, "cx": 613.769, "cy": 519.186}, "camera_to_world_matrix": [-0.825979, 0.00898912, -0.563628, 13.235, -0.563666, -0.00228497, 0.825999, -42.0626, 0.00613728, 0.999957, 0.00695353, 1.68437, 0.0, 0.0, 0.0, 1.0]}, "122154d283494710ae5e592fc99bf8e1_d1_2.png": {"intrinsics": {"fx": 1074.98, "fy": 1075.76, "cx": 613.769, "cy": 519.186}, "camera_to_world_matrix": [-0.901093, 0.00917053, 0.433527, 13.2315, 0.433511, -0.00371998, 0.90114, -42.0629, 0.0098768, 0.999951, -0.000624164, 1.6844, 0.0, 0.0, 0.0, 1.0]}, "122154d283494710ae5e592fc99bf8e1_d1_3.png": {"intrinsics": {"fx": 1074.98, "fy": 1075.76, "cx": 613.769, "cy": 519.186}, "camera_to_world_matrix": [-0.0750825, 0.0080185, 0.997145, 13.2295, 0.997163, -0.00459461, 0.0751207, -42.06, 0.005184, 0.999957, -0.00765147, 1.68442, 0.0, 0.0, 0.0, 1.0]}, "122154d283494710ae5e592fc99bf8e1_d1_4.png": {"intrinsics": {"fx": 1074.98, "fy": 1075.76, "cx": 613.769, "cy": 519.186}, "camera_to_world_matrix": [0.826024, 0.00668509, 0.563594, 13.231, 0.563625, -0.00403421, -0.826021, -42.0568, -0.00324821, 0.999969, -0.00710092, 1.68442, 0.0, 0.0, 0.0, 1.0]}, "122154d283494710ae5e592fc99bf8e1_d1_5.png": {"intrinsics": {"fx": 1074.98, "fy": 1075.76, "cx": 613.769, "cy": 519.186}, "camera_to_world_matrix": [0.901099, 0.00650373, -0.433564, 13.2345, -0.433556, -0.0025992, -0.901122, -42.0566, -0.00698743, 0.999975, 0.000476919, 1.6844, 0.0, 0.0, 0.0, 1.0]}, "122154d283494710ae5e592fc99bf8e1_d2_0.png": {"intrinsics": {"fx": 1073.91, "fy": 1074.5, "cx": 624.437, "cy": 516.038}, "camera_to_world_matrix": [0.0739504, 0.668903, -0.739663, 13.2478, -0.997263, 0.0487049, -0.05566, -42.0587, -0.00120617, 0.741754, 0.670674, 1.71754, 0.0, 0.0, 0.0, 1.0]}, "122154d283494710ae5e592fc99bf8e1_d2_1.png": {"intrinsics": {"fx": 1073.91, "fy": 1074.5, "cx": 624.437, "cy": 516.038}, "camera_to_world_matrix": [-0.82665, 0.381578, -0.413584, 13.2415, -0.562673, -0.551064, 0.616221, -42.0719, 0.00722539, 0.74211, 0.670241, 1.71755, 0.0, 0.0, 0.0, 1.0]}, "122154d283494710ae5e592fc99bf8e1_d2_2.png": {"intrinsics": {"fx": 1073.91, "fy": 1074.5, "cx": 624.437, "cy": 516.038}, "camera_to_world_matrix": [-0.900562, -0.28148, 0.331301, 13.227, 0.434594, -0.602116, 0.669766, -42.0729, 0.0109558, 0.747146, 0.664573, 1.71766, 0.0, 0.0, 0.0, 1.0]}, "122154d283494710ae5e592fc99bf8e1_d2_3.png": {"intrinsics": {"fx": 1073.91, "fy": 1074.5, "cx": 624.437, "cy": 516.038}, "camera_to_world_matrix": [-0.073872, -0.657199, 0.750089, 13.2188, 0.99725, -0.0533984, 0.0514285, -42.0609, 0.00625451, 0.751824, 0.659337, 1.71776, 0.0, 0.0, 0.0, 1.0]}, "122154d283494710ae5e592fc99bf8e1_d2_4.png": {"intrinsics": {"fx": 1073.91, "fy": 1074.5, "cx": 624.437, "cy": 516.038}, "camera_to_world_matrix": [0.826711, -0.369851, 0.423983, 13.2251, 0.562625, 0.546359, -0.62044, -42.0478, -0.002177, 0.751467, 0.659769, 1.71775, 0.0, 0.0, 0.0, 1.0]}, "122154d283494710ae5e592fc99bf8e1_d2_5.png": {"intrinsics": {"fx": 1073.91, "fy": 1074.5, "cx": 624.437, "cy": 516.038}, "camera_to_world_matrix": [0.900584, 0.293209, -0.320903, 13.2396, -0.434645, 0.597385, -0.673956, -42.0467, -0.00590712, 0.746432, 0.665438, 1.71764, 0.0, 0.0, 0.0, 1.0]}, "14c540221298447da11bf71477d7fbf1_d0_0.png": {"intrinsics": {"fx": 1074.09, "fy": 1075.53, "cx": 620.224, "cy": 506.997}, "camera_to_world_matrix": [-0.664534, 0.49825, 0.556903, -16.448, 0.747255, 0.441058, 0.497069, -0.481685, 0.00203856, 0.746468, -0.665418, 1.51226, 0.0, 0.0, 0.0, 1.0]}, "14c540221298447da11bf71477d7fbf1_d0_1.png": {"intrinsics": {"fx": 1074.09, "fy": 1075.53, "cx": 620.224, "cy": 506.997}, "camera_to_world_matrix": [0.314876, 0.629163, 0.710639, -16.4509, 0.949124, -0.212035, -0.232821, -0.467437, 0.00419851, 0.747794, -0.663918, 1.51224, 0.0, 0.0, 0.0, 1.0]}, "14c540221298447da11bf71477d7fbf1_d0_2.png": {"intrinsics": {"fx": 1074.09, "fy": 1075.53, "cx": 620.224, "cy": 506.997}, "camera_to_world_matrix": [0.979391, 0.129019, 0.155398, -16.4401, 0.201854, -0.651951, -0.7309, -0.457758, 0.00701185, 0.747204, -0.664558, 1.51225, 0.0, 0.0, 0.0, 1.0]}, "14c540221298447da11bf71477d7fbf1_d0_3.png": {"intrinsics": {"fx": 1074.09, "fy": 1075.53, "cx": 620.224, "cy": 506.997}, "camera_to_world_matrix": [0.664481, -0.502026, -0.553566, -16.4263, -0.747266, -0.438764, -0.499078, -0.462327, 0.00766511, 0.745289, -0.666697, 1.51229, 0.0, 0.0, 0.0, 1.0]}, "14c540221298447da11bf71477d7fbf1_d0_4.png": {"intrinsics": {"fx": 1074.09, "fy": 1075.53, "cx": 620.224, "cy": 506.997}, "camera_to_world_matrix": [-0.314937, -0.632913, -0.707274, -16.4233, -0.949097, 0.214334, 0.230818, -0.476575, 0.00550511, 0.743964, -0.668197, 1.51232, 0.0, 0.0, 0.0, 1.0]}, "14c540221298447da11bf71477d7fbf1_d0_5.png": {"intrinsics": {"fx": 1074.09, "fy": 1075.53, "cx": 620.224, "cy": 506.997}, "camera_to_world_matrix": [-0.979423, -0.132752, -0.152013, -16.4342, -0.201801, 0.65423, 0.728875, -0.486254, 0.00269182, 0.744554, -0.667557, 1.51231, 0.0, 0.0, 0.0, 1.0]}, "14c540221298447da11bf71477d7fbf1_d1_0.png": {"intrinsics": {"fx": 1074.98, "fy": 1075.76, "cx": 613.769, "cy": 519.186}, "camera_to_world_matrix": [-0.665235, -0.00150395, 0.746632, -16.4398, 0.746632, 0.000494343, 0.665236, -0.474283, -0.00136942, 0.999998, 0.000793368, 1.54552, 0.0, 0.0, 0.0, 1.0]}, "14c540221298447da11bf71477d7fbf1_d1_1.png": {"intrinsics": {"fx": 1074.98, "fy": 1075.76, "cx": 613.769, "cy": 519.186}, "camera_to_world_matrix": [0.313995, -0.0029037, 0.94942, -16.4405, 0.949424, 0.000129802, -0.313996, -0.470856, 0.000788668, 0.999995, 0.00279692, 1.54552, 0.0, 0.0, 0.0, 1.0]}, "14c540221298447da11bf71477d7fbf1_d1_2.png": {"intrinsics": {"fx": 1074.98, "fy": 1075.76, "cx": 613.769, "cy": 519.186}, "camera_to_world_matrix": [0.979219, -0.00391925, 0.202766, -16.4379, 0.202772, 0.00115976, -0.979225, -0.468528, 0.00360282, 0.999991, 0.0019297, 1.54552, 0.0, 0.0, 0.0, 1.0]}, "14c540221298447da11bf71477d7fbf1_d1_3.png": {"intrinsics": {"fx": 1074.98, "fy": 1075.76, "cx": 613.769, "cy": 519.186}, "camera_to_world_matrix": [0.665198, -0.00353504, -0.746658, -16.4346, -0.746654, 0.00255423, -0.665207, -0.469627, 0.00425883, 0.99999, -0.000941058, 1.54553, 0.0, 0.0, 0.0, 1.0]}, "14c540221298447da11bf71477d7fbf1_d1_4.png": {"intrinsics": {"fx": 1074.98, "fy": 1075.76, "cx": 613.769, "cy": 519.186}, "camera_to_world_matrix": [-0.314039, -0.00213528, -0.949407, -16.4339, -0.949407, 0.00291872, 0.314033, -0.473054, 0.00210066, 0.999993, -0.00294453, 1.54554, 0.0, 0.0, 0.0, 1.0]}, "14c540221298447da11bf71477d7fbf1_d1_5.png": {"intrinsics": {"fx": 1074.98, "fy": 1075.76, "cx": 613.769, "cy": 519.186}, "camera_to_world_matrix": [-0.979234, -0.00111977, -0.202728, -16.4365, -0.202729, 0.00188872, 0.979233, -0.475382, -0.000713461, 0.999997, -0.00207719, 1.54553, 0.0, 0.0, 0.0, 1.0]}, "14c540221298447da11bf71477d7fbf1_d2_0.png": {"intrinsics": {"fx": 1073.91, "fy": 1074.5, "cx": 624.437, "cy": 516.038}, "camera_to_world_matrix": [-0.664337, -0.497694, 0.557636, -16.4482, 0.747436, -0.442074, 0.495897, -0.481584, -0.000288706, 0.746239, 0.665681, 1.57876, 0.0, 0.0, 0.0, 1.0]}, "14c540221298447da11bf71477d7fbf1_d2_1.png": {"intrinsics": {"fx": 1073.91, "fy": 1074.5, "cx": 624.437, "cy": 516.038}, "camera_to_world_matrix": [0.315136, -0.633616, 0.706556, -16.4511, 0.949046, 0.208926, -0.235932, -0.467336, 0.0018718, 0.744904, 0.667172, 1.57874, 0.0, 0.0, 0.0, 1.0]}, "14c540221298447da11bf71477d7fbf1_d2_2.png": {"intrinsics": {"fx": 1073.91, "fy": 1074.5, "cx": 624.437, "cy": 516.038}, "camera_to_world_matrix": [0.97946, -0.137789, 0.147228, -16.4402, 0.201593, 0.652134, -0.73081, -0.457657, 0.00468492, 0.745477, 0.666517, 1.57875, 0.0, 0.0, 0.0, 1.0]}, "14c540221298447da11bf71477d7fbf1_d2_3.png": {"intrinsics": {"fx": 1073.91, "fy": 1074.5, "cx": 624.437, "cy": 516.038}, "camera_to_world_matrix": [0.664295, 0.493948, -0.561007, -16.4264, -0.747454, 0.444332, -0.493848, -0.462226, 0.00533747, 0.747386, 0.664371, 1.57879, 0.0, 0.0, 0.0, 1.0]}, "14c540221298447da11bf71477d7fbf1_d2_4.png": {"intrinsics": {"fx": 1073.91, "fy": 1074.5, "cx": 624.437, "cy": 516.038}, "camera_to_world_matrix": [-0.315186, 0.629845, -0.709898, -16.4235, -0.949026, -0.206674, 0.237987, -0.476474, 0.00317691, 0.748721, 0.662881, 1.57882, 0.0, 0.0, 0.0, 1.0]}, "14c540221298447da11bf71477d7fbf1_d2_5.png": {"intrinsics": {"fx": 1073.91, "fy": 1074.5, "cx": 624.437, "cy": 516.038}, "camera_to_world_matrix": [-0.979481, 0.134001, -0.150551, -16.4343, -0.201547, -0.649862, 0.732843, -0.486152, 0.000363795, 0.748147, 0.663535, 1.57881, 0.0, 0.0, 0.0, 1.0]}, "1611d119a70b46869c6e12117aa71972_d0_0.png": {"intrinsics": {"fx": 1074.09, "fy": 1075.53, "cx": 620.224, "cy": 506.997}, "camera_to_world_matrix": [-0.989923, -0.0911143, -0.108397, -7.60975, -0.141561, 0.655615, 0.741707, 6.56288, 0.0034864, 0.749578, -0.661907, 1.5051, 0.0, 0.0, 0.0, 1.0]}, "1611d119a70b46869c6e12117aa71972_d0_1.png": {"intrinsics": {"fx": 1074.09, "fy": 1075.53, "cx": 620.224, "cy": 506.997}, "camera_to_world_matrix": [-0.617529, 0.525706, 0.585057, -7.62326, 0.786497, 0.404215, 0.46694, 6.56828, 0.00898405, 0.748494, -0.663081, 1.50512, 0.0, 0.0, 0.0, 1.0]}, "1611d119a70b46869c6e12117aa71972_d0_2.png": {"intrinsics": {"fx": 1074.09, "fy": 1075.53, "cx": 620.224, "cy": 506.997}, "camera_to_world_matrix": [0.372406, 0.616387, 0.693816, -7.62533, 0.928012, -0.255658, -0.270983, 6.58268, 0.0103494, 0.744786, -0.667223, 1.5052, 0.0, 0.0, 0.0, 1.0]}, "1611d119a70b46869c6e12117aa71972_d0_3.png": {"intrinsics": {"fx": 1074.09, "fy": 1075.53, "cx": 620.224, "cy": 506.997}, "camera_to_world_matrix": [0.989923, 0.0902461, 0.10912, -7.61389, 0.141467, -0.664117, -0.734122, 6.59168, 0.00621697, 0.742162, -0.670192, 1.50526, 0.0, 0.0, 0.0, 1.0]}, "1611d119a70b46869c6e12117aa71972_d0_4.png": {"intrinsics": {"fx": 1074.09, "fy": 1075.53, "cx": 620.224, "cy": 506.997}, "camera_to_world_matrix": [0.617493, -0.526564, -0.584322, -7.60039, -0.786576, -0.412694, -0.459328, 6.58627, 0.000719404, 0.743246, -0.669018, 1.50524, 0.0, 0.0, 0.0, 1.0]}, "1611d119a70b46869c6e12117aa71972_d0_5.png": {"intrinsics": {"fx": 1074.09, "fy": 1075.53, "cx": 620.224, "cy": 506.997}, "camera_to_world_matrix": [-0.372447, -0.61722, -0.693053, -7.59831, -0.928053, 0.247184, 0.2786, 6.57187, -0.000645698, 0.746954, -0.664876, 1.50516, 0.0, 0.0, 0.0, 1.0]}, "1611d119a70b46869c6e12117aa71972_d1_0.png": {"intrinsics": {"fx": 1074.98, "fy": 1075.76, "cx": 613.769, "cy": 519.186}, "camera_to_world_matrix": [-0.989798, 0.000854684, -0.142471, -7.61134, -0.142474, -0.00541895, 0.989783, 6.57362, 7.40621e-05, 0.999985, 0.00548476, 1.53841, 0.0, 0.0, 0.0, 1.0]}, "1611d119a70b46869c6e12117aa71972_d1_1.png": {"intrinsics": {"fx": 1074.98, "fy": 1075.76, "cx": 613.769, "cy": 519.186}, "camera_to_world_matrix": [-0.618273, 0.000385868, 0.785963, -7.61459, 0.785943, -0.00678728, 0.618261, 6.57492, 0.00557327, 0.999977, 0.00389244, 1.53841, 0.0, 0.0, 0.0, 1.0]}, "1611d119a70b46869c6e12117aa71972_d1_2.png": {"intrinsics": {"fx": 1074.98, "fy": 1075.76, "cx": 613.769, "cy": 519.186}, "camera_to_world_matrix": [0.371538, -0.00103357, 0.928417, -7.61509, 0.928391, -0.00706542, -0.371536, 6.57839, 0.00694382, 0.999974, -0.00166619, 1.53843, 0.0, 0.0, 0.0, 1.0]}, "1611d119a70b46869c6e12117