{"000d2cac6cfd4f07b56d159ef5658a08_d0_0.png": {"intrinsics": {"fx": 1078.61, "fy": 1079.29, "cx": 629.288, "cy": 507.533}, "camera_to_world_matrix": [0.887488, 0.294754, 0.354239, -9.89023, 0.460731, -0.583526, -0.668749, 4.32408, 0.00959106, 0.756715, -0.653675, 2.25486, 0.0, 0.0, 0.0, 1.0]}, "000d2cac6cfd4f07b56d159ef5658a08_d0_1.png": {"intrinsics": {"fx": 1078.61, "fy": 1079.29, "cx": 629.288, "cy": 507.533}, "camera_to_world_matrix": [0.842542, -0.369593, -0.391822, -9.87569, -0.538115, -0.545749, -0.642332, 4.3235, 0.0235645, 0.752037, -0.6587, 2.25496, 0.0, 0.0, 0.0, 1.0]}, "000d2cac6cfd4f07b56d159ef5658a08_d0_2.png": {"intrinsics": {"fx": 1078.61, "fy": 1079.29, "cx": 629.288, "cy": 507.533}, "camera_to_world_matrix": [-0.0450313, -0.668989, -0.741907, -9.86893, -0.998683, 0.0484399, 0.0169376, 4.31062, 0.0246067, 0.741692, -0.670289, 2.25518, 0.0, 0.0, 0.0, 1.0]}, "000d2cac6cfd4f07b56d159ef5658a08_d0_3.png": {"intrinsics": {"fx": 1078.61, "fy": 1079.29, "cx": 629.288, "cy": 507.533}, "camera_to_world_matrix": [-0.887639, -0.304032, -0.345924, -9.8767, -0.460393, 0.604839, 0.649776, 4.29832, 0.0116754, 0.736026, -0.676852, 2.25531, 0.0, 0.0, 0.0, 1.0]}, "000d2cac6cfd4f07b56d159ef5658a08_d0_4.png": {"intrinsics": {"fx": 1078.61, "fy": 1079.29, "cx": 629.288, "cy": 507.533}, "camera_to_world_matrix": [-0.842654, 0.360314, 0.400137, -9.89124, 0.538452, 0.567037, 0.62333, 4.2989, -0.00229781, 0.740705, -0.671827, 2.25521, 0.0, 0.0, 0.0, 1.0]}, "000d2cac6cfd4f07b56d159ef5658a08_d0_5.png": {"intrinsics": {"fx": 1078.61, "fy": 1079.29, "cx": 629.288, "cy": 507.533}, "camera_to_world_matrix": [0.044938, 0.659687, 0.750196, -9.898, 0.998985, -0.0271645, -0.0359535, 4.31178, -0.00333939, 0.75105, -0.660237, 2.25499, 0.0, 0.0, 0.0, 1.0]}, "000d2cac6cfd4f07b56d159ef5658a08_d1_0.png": {"intrinsics": {"fx": 1073.34, "fy": 1073.39, "cx": 633.503, "cy": 513.219}, "camera_to_world_matrix": [0.885243, -0.0138333, 0.464922, -9.8853, 0.465074, 0.0110219, -0.885203, 4.31477, 0.0071213, 0.999843, 0.0161893, 2.28828, 0.0, 0.0, 0.0, 1.0]}, "000d2cac6cfd4f07b56d159ef5658a08_d1_1.png": {"intrinsics": {"fx": 1073.34, "fy": 1073.39, "cx": 633.503, "cy": 513.219}, "camera_to_world_matrix": [0.845217, -0.0128421, -0.534267, -9.8818, -0.534003, 0.0192291, -0.845263, 4.31463, 0.0211287, 0.999732, 0.00939381, 2.2883, 0.0, 0.0, 0.0, 1.0]}, "000d2cac6cfd4f07b56d159ef5658a08_d1_2.png": {"intrinsics": {"fx": 1073.34, "fy": 1073.39, "cx": 633.503, "cy": 513.219}, "camera_to_world_matrix": [-0.0400956, -0.00523823, -0.999182, -9.88017, -0.998947, 0.0224748, 0.0399687, 4.31153, 0.0222474, 0.999733, -0.00613511, 2.28836, 0.0, 0.0, 0.0, 1.0]}, "000d2cac6cfd4f07b56d159ef5658a08_d1_3.png": {"intrinsics": {"fx": 1073.34, "fy": 1073.39, "cx": 633.503, "cy": 513.219}, "camera_to_world_matrix": [-0.885363, 0.00137418, -0.464896, -9.88204, -0.464804, 0.0175133, 0.88524, 4.30857, 0.0093587, 0.999845, -0.0148682, 2.28839, 0.0, 0.0, 0.0, 1.0]}, "000d2cac6cfd4f07b56d159ef5658a08_d1_4.png": {"intrinsics": {"fx": 1073.34, "fy": 1073.39, "cx": 633.503, "cy": 513.219}, "camera_to_world_matrix": [-0.845299, 0.000382624, 0.534292, -9.88554, 0.534272, 0.00930616, 0.845261, 4.30871, -0.00464845, 0.999956, -0.00807215, 2.28836, 0.0, 0.0, 0.0, 1.0]}, "000d2cac6cfd4f07b56d159ef5658a08_d1_5.png": {"intrinsics": {"fx": 1073.34, "fy": 1073.39, "cx": 633.503, "cy": 513.219}, "camera_to_world_matrix": [0.0400321, -0.00722133, 0.999172, -9.88717, 0.999181, 0.00606068, -0.039989, 4.31181, -0.00576656, 0.999955, 0.00745681, 2.28831, 0.0, 0.0, 0.0, 1.0]}, "000d2cac6cfd4f07b56d159ef5658a08_d2_0.png": {"intrinsics": {"fx": 1075.48, "fy": 1075.42, "cx": 634.387, "cy": 516.806}, "camera_to_world_matrix": [0.882512, -0.326087, 0.338883, -9.89064, 0.470216, 0.598809, -0.648326, 4.32503, 0.00848423, 0.731502, 0.681787, 2.32135, 0.0, 0.0, 0.0, 1.0]}, "000d2cac6cfd4f07b56d159ef5658a08_d2_1.png": {"intrinsics": {"fx": 1075.48, "fy": 1075.42, "cx": 634.387, "cy": 516.806}, "camera_to_world_matrix": [0.848284, 0.344135, -0.402478, -9.8761, -0.529065, 0.583112, -0.6165, 4.32445, 0.0225307, 0.735902, 0.676714, 2.32145, 0.0, 0.0, 0.0, 1.0]}, "000d2cac6cfd4f07b56d159ef5658a08_d2_2.png": {"intrinsics": {"fx": 1075.48, "fy": 1075.42, "cx": 634.387, "cy": 516.806}, "camera_to_world_matrix": [-0.0343082, 0.665592, -0.745528, -9.86934, -0.99913, -0.00512254, 0.0414047, 4.31157, 0.0237394, 0.746299, 0.665188, 2.32168, 0.0, 0.0, 0.0, 1.0]}, "000d2cac6cfd4f07b56d159ef5658a08_d2_3.png": {"intrinsics": {"fx": 1075.48, "fy": 1075.42, "cx": 634.387, "cy": 516.806}, "camera_to_world_matrix": [-0.882651, 0.316819, -0.34721, -9.87711, -0.469905, -0.577648, 0.667468, 4.29927, 0.0109017, 0.752296, 0.658736, 2.3218, 0.0, 0.0, 0.0, 1.0]}, "000d2cac6cfd4f07b56d159ef5658a08_d2_4.png": {"intrinsics": {"fx": 1075.48, "fy": 1075.42, "cx": 634.387, "cy": 516.806}, "camera_to_world_matrix": [-0.848384, -0.353402, 0.39415, -9.89165, 0.529375, -0.561925, 0.635613, 4.29985, -0.00314446, 0.747896, 0.66381, 2.32171, 0.0, 0.0, 0.0, 1.0]}, "000d2cac6cfd4f07b56d159ef5658a08_d2_5.png": {"intrinsics": {"fx": 1075.48, "fy": 1075.42, "cx": 634.387, "cy": 516.806}, "camera_to_world_matrix": [0.0342266, -0.674836, 0.737174, -9.89841, 0.999406, 0.0263226, -0.0223046, 4.31273, -0.00435262, 0.737499, 0.675336, 2.32148, 0.0, 0.0, 0.0, 1.0]}, "00e65e341f5843d385964e17103e6ae3_d0_0.png": {"intrinsics": {"fx": 1078.61, "fy": 1079.29, "cx": 629.288, "cy": 507.533}, "camera_to_world_matrix": [-0.895299, -0.284009, -0.343191, -3.38109, -0.44474, 0.613866, 0.652208, 5.68303, 0.0254401, 0.736551, -0.675903, 4.55694, 0.0, 0.0, 0.0, 1.0]}, "00e65e341f5843d385964e17103e6ae3_d0_1.png": {"intrinsics": {"fx": 1078.61, "fy": 1079.29, "cx": 629.288, "cy": 507.533}, "camera_to_world_matrix": [-0.833111, 0.379583, 0.402299, -3.39561, 0.55308, 0.564481, 0.612751, 5.68386, 0.00549949, 0.732993, -0.680215, 4.55703, 0.0, 0.0, 0.0, 1.0]}, "00e65e341f5843d385964e17103e6ae3_d0_2.png": {"intrinsics": {"fx": 1078.61, "fy": 1079.29, "cx": 629.288, "cy": 507.533}, "camera_to_world_matrix": [0.0622793, 0.668672, 0.740945, -3.40215, 0.998016, -0.0348001, -0.0524813, 5.69686, -0.00930793, 0.742743, -0.669512, 4.55682, 0.0, 0.0, 0.0, 1.0]}, "00e65e341f5843d385964e17103e6ae3_d0_3.png": {"intrinsics": {"fx": 1078.61, "fy": 1079.29, "cx": 629.288, "cy": 507.533}, "camera_to_world_matrix": [0.895461, 0.294163, 0.334094, -3.39417, 0.445121, -0.584683, -0.678242, 5.70902, -0.0041745, 0.756052, -0.654499, 4.55652, 0.0, 0.0, 0.0, 1.0]}, "00e65e341f5843d385964e17103e6ae3_d0_4.png": {"intrinsics": {"fx": 1078.61, "fy": 1079.29, "cx": 629.288, "cy": 507.533}, "camera_to_world_matrix": [0.833234, -0.369428, -0.411394, -3.37964, -0.552697, -0.535273, -0.638757, 5.70818, 0.0157663, 0.75961, -0.650188, 4.55644, 0.0, 0.0, 0.0, 1.0]}, "00e65e341f5843d385964e17103e6ae3_d0_5.png": {"intrinsics": {"fx": 1078.61, "fy": 1079.29, "cx": 629.288, "cy": 507.533}, "camera_to_world_matrix": [-0.0621735, -0.658493, -0.750014, -3.3731, -0.997597, 0.0640202, 0.026489, 5.69519, 0.0305732, 0.749859, -0.660891, 4.55665, 0.0, 0.0, 0.0, 1.0]}, "00e65e341f5843d385964e17103e6ae3_d1_0.png": {"intrinsics": {"fx": 1073.34, "fy": 1073.39, "cx": 633.503, "cy": 513.219}, "camera_to_world_matrix": [-0.89313, 0.014475, -0.449563, -3.38583, -0.449202, 0.0226665, 0.893142, 5.69355, 0.0231186, 0.999638, -0.0137432, 4.59003, 0.0, 0.0, 0.0, 1.0]}, "00e65e341f5843d385964e17103e6ae3_d1_1.png": {"intrinsics": {"fx": 1073.34, "fy": 1073.39, "cx": 633.503, "cy": 513.219}, "camera_to_world_matrix": [-0.835858, 0.0133421, 0.548782, -3.38932, 0.548934, 0.0144786, 0.835739, 5.69375, 0.00320532, 0.999806, -0.0194272, 4.59005, 0.0, 0.0, 0.0, 1.0]}, "00e65e341f5843d385964e17103e6ae3_d1_2.png": {"intrinsics": {"fx": 1073.34, "fy": 1073.39, "cx": 633.503, "cy": 513.219}, "camera_to_world_matrix": [0.0573469, 0.00568345, 0.998338, -3.3909, 0.998285, 0.0113665, -0.057409, 5.69687, -0.0116736, 0.999918, -0.0050231, 4.59, 0.0, 0.0, 0.0, 1.0]}, "00e65e341f5843d385964e17103e6ae3_d1_3.png": {"intrinsics": {"fx": 1073.34, "fy": 1073.39, "cx": 633.503, "cy": 513.219}, "camera_to_world_matrix": [0.89326, -0.000842259, 0.449538, -3.38898, 0.449489, 0.0164425, -0.893134, 5.6998, -0.00663894, 0.999864, 0.0150648, 4.58993, 0.0, 0.0, 0.0, 1.0]}, "00e65e341f5843d385964e17103e6ae3_d1_4.png": {"intrinsics": {"fx": 1073.34, "fy": 1073.39, "cx": 633.503, "cy": 513.219}, "camera_to_world_matrix": [0.835949, 0.000290873, -0.548806, -3.38548, -0.548645, 0.0246303, -0.835692, 5.6996, 0.0132745, 0.999696, 0.0207481, 4.58991, 0.0, 0.0, 0.0, 1.0]}, "00e65e341f5843d385964e17103e6ae3_d1_5.png": {"intrinsics": {"fx": 1073.34, "fy": 1073.39, "cx": 633.503, "cy": 513.219}, "camera_to_world_matrix": [-0.0572737, 0.00794969, -0.998326, -3.38391, -0.99796, 0.0277421, 0.057474, 5.69647, 0.0281529, 0.999583, 0.00634335, 4.58996, 0.0, 0.0, 0.0, 1.0]}, "00e65e341f5843d385964e17103e6ae3_d2_0.png": {"intrinsics": {"fx": 1075.48, "fy": 1075.42, "cx": 634.387, "cy": 516.806}, "camera_to_world_matrix": [-0.890488, 0.316315, -0.327076, -3.38063, -0.454341, -0.579192, 0.676839, 5.68433, 0.0246545, 0.75132, 0.659479, 4.62343, 0.0, 0.0, 0.0, 1.0]}, "00e65e341f5843d385964e17103e6ae3_d2_1.png": {"intrinsics": {"fx": 1075.48, "fy": 1075.42, "cx": 634.387, "cy": 516.806}, "camera_to_world_matrix": [-0.839008, -0.353532, 0.413621, -3.39516, 0.5441, -0.551779, 0.632057, 5.68516, 0.00477479, 0.755351, 0.655304, 4.62351, 0.0, 0.0, 0.0, 1.0]}, "00e65e341f5843d385964e17103e6ae3_d2_2.png": {"intrinsics": {"fx": 1075.48, "fy": 1075.42, "cx": 634.387, "cy": 516.806}, "camera_to_world_matrix": [0.0515648, -0.664781, 0.745257, -3.4017, 0.998619, 0.041935, -0.0316876, 5.69816, -0.0101872, 0.745861, 0.666025, 4.6233, 0.0, 0.0, 0.0, 1.0]}, "00e65e341f5843d385964e17103e6ae3_d2_3.png": {"intrinsics": {"fx": 1075.48, "fy": 1075.42, "cx": 634.387, "cy": 516.806}, "camera_to_world_matrix": [0.890638, -0.306176, 0.336189, -3.39372, 0.454686, 0.608223, -0.650635, 5.71032, -0.00526923, 0.732339, 0.680921, 4.62301, 0.0, 0.0, 0.0, 1.0]}, "00e65e341f5843d385964e17103e6ae3_d2_4.png": {"intrinsics": {"fx": 1075.48, "fy": 1075.42, "cx": 634.387, "cy": 516.806}, "camera_to_world_matrix": [0.839119, 0.36367, -0.404506, -3.37919, -0.543754, 0.580785, -0.605824, 5.70948, 0.0146107, 0.728309, 0.685094, 4.62293, 0.0, 0.0, 0.0, 1.0]}, "00e65e341f5843d385964e17103e6ae3_d2_5.png": {"intrinsics": {"fx": 1075.48, "fy": 1075.42, "cx": 634.387, "cy": 516.806}, "camera_to_world_matrix": [-0.0514718, 0.674896, -0.736116, -3.37265, -0.998237, -0.0129421, 0.0579338, 5.69649, 0.0295722, 0.7378, 0.674373, 4.62314, 0.0, 0.0, 0.0, 1.0]}, "0405db8320e24c3abb2f1e7c3ce52810_d0_0.png": {"intrinsics": {"fx": 1078.61, "fy": 1079.29, "cx": 629.288, "cy": 507.533}, "camera_to_world_matrix": [-0.397387, 0.614816, 0.681238, -3.21829, 0.91758, 0.25697, 0.303338, -1.65469, 0.0114394, 0.745633, -0.666259, 1.51006, 0.0, 0.0, 0.0, 1.0]}, "0405db8320e24c3abb2f1e7c3ce52810_d0_1.png": {"intrinsics": {"fx": 1078.61, "fy": 1079.29, "cx": 629.288, "cy": 507.533}, "camera_to_world_matrix": [0.595974, 0.530647, 0.602685, -3.21669, 0.802943, -0.403122, -0.439063, -1.64023, 0.00996782, 0.745591, -0.666329, 1.51007, 0.0, 0.0, 0.0, 1.0]}, "0405db8320e24c3abb2f1e7c3ce52810_d0_2.png": {"intrinsics": {"fx": 1078.61, "fy": 1079.29, "cx": 629.288, "cy": 507.533}, "camera_to_world_matrix": [0.993363, -0.0830963, -0.0795327, -3.20337, -0.114658, -0.660268, -0.742227, -1.63438, 0.00916331, 0.746419, -0.665413, 1.51005, 0.0, 0.0, 0.0, 1.0]}, "0405db8320e24c3abb2f1e7c3ce52810_d0_3.png": {"intrinsics": {"fx": 1078.61, "fy": 1079.29, "cx": 629.288, "cy": 507.533}, "camera_to_world_matrix": [0.397383, -0.612657, -0.683183, -3.19164, -0.917601, -0.257316, -0.302982, -1.643, 0.00983026, 0.747289, -0.664427, 1.51003, 0.0, 0.0, 0.0, 1.0]}, "0405db8320e24c3abb2f1e7c3ce52810_d0_4.png": {"intrinsics": {"fx": 1078.61, "fy": 1079.29, "cx": 629.288, "cy": 507.533}, "camera_to_world_matrix": [-0.595974, -0.528463, -0.604601, -3.19324, -0.802925, 0.402773, 0.439416, -1.65746, 0.0113018, 0.74733, -0.664358, 1.51003, 0.0, 0.0, 0.0, 1.0]}, "0405db8320e24c3abb2f1e7c3ce52810_d0_5.png": {"intrinsics": {"fx": 1078.61, "fy": 1079.29, "cx": 629.288, "cy": 507.533}, "camera_to_world_matrix": [-0.993328, 0.0852911, 0.0776286, -3.20656, 0.114692, 0.659895, 0.742553, -1.66331, 0.0121063, 0.746502, -0.665274, 1.51004, 0.0, 0.0, 0.0, 1.0]}, "0405db8320e24c3abb2f1e7c3ce52810_d1_0.png": {"intrinsics": {"fx": 1073.34, "fy": 1073.39, "cx": 633.503, "cy": 513.219}, "camera_to_world_matrix": [-0.401915, 0.004159, 0.915667, -3.20812, 0.915631, -0.00805965, 0.401936, -1.65026, 0.00905194, 0.999958, -0.000570052, 1.5433, 0.0, 0.0, 0.0, 1.0]}, "0405db8320e24c3abb2f1e7c3ce52810_d1_1.png": {"intrinsics": {"fx": 1073.34, "fy": 1073.39, "cx": 633.503, "cy": 513.219}, "camera_to_world_matrix": [0.59202, -0.00395962, 0.805913, -3.20774, 0.805886, -0.00649729, -0.592033, -1.64678, 0.00758081, 0.99997, -0.000656753, 1.5433, 0.0, 0.0, 0.0, 1.0]}, "0405db8320e24c3abb2f1e7c3ce52810_d1_2.png": {"intrinsics": {"fx": 1073.34, "fy": 1073.39, "cx": 633.503, "cy": 513.219}, "camera_to_world_matrix": [0.993933, -0.00666579, -0.109772, -3.20453, -0.109765, 0.00131486, -0.993956, -1.64538, 0.00677017, 0.999976, 0.000573986, 1.5433, 0.0, 0.0, 0.0, 1.0]}, "0405db8320e24c3abb2f1e7c3ce52810_d1_3.png": {"intrinsics": {"fx": 1073.34, "fy": 1073.39, "cx": 633.503, "cy": 513.219}, "camera_to_world_matrix": [0.401903, -0.00125328, -0.915681, -3.20171, -0.915651, 0.00756449, -0.401901, -1.64745, 0.00743068, 0.99997, 0.0018914, 1.54329, 0.0, 0.0, 0.0, 1.0]}, "0405db8320e24c3abb2f1e7c3ce52810_d1_4.png": {"intrinsics": {"fx": 1073.34, "fy": 1073.39, "cx": 633.503, "cy": 513.219}, "camera_to_world_matrix": [-0.592027, 0.00686529, -0.805888, -3.20209, -0.805867, 0.00600181, 0.592064, -1.65093, 0.00890181, 0.999958, 0.00197804, 1.54329, 0.0, 0.0, 0.0, 1.0]}, "0405db8320e24c3abb2f1e7c3ce52810_d1_5.png": {"intrinsics": {"fx": 1073.34, "fy": 1073.39, "cx": 633.503, "cy": 513.219}, "camera_to_world_matrix": [-0.993905, 0.00957115, 0.109812, -3.2053, 0.1098, -0.00181045, 0.993951, -1.65233, 0.0097124, 0.999952, 0.000747271, 1.5433, 0.0, 0.0, 0.0, 1.0]}, "0405db8320e24c3abb2f1e7c3ce52810_d2_0.png": {"intrinsics": {"fx": 1075.48, "fy": 1075.42, "cx": 634.387, "cy": 516.806}, "camera_to_world_matrix": [-0.407213, -0.608257, 0.681324, -3.21819, 0.913274, -0.279761, 0.296085, -1.65471, 0.0105122, 0.742804, 0.669427, 1.57656, 0.0, 0.0, 0.0, 1.0]}, "0405db8320e24c3abb2f1e7c3ce52810_d2_1.png": {"intrinsics": {"fx": 1075.48, "fy": 1075.42, "cx": 634.387, "cy": 516.806}, "camera_to_world_matrix": [0.587331, -0.545705, 0.597704, -3.21659, 0.809298, 0.387734, -0.441249, -1.64025, 0.00904161, 0.742879, 0.669366, 1.57657, 0.0, 0.0, 0.0, 1.0]}, "0405db8320e24c3abb2f1e7c3ce52810_d2_2.png": {"intrinsics": {"fx": 1075.48, "fy": 1075.42, "cx": 634.387, "cy": 516.806}, "camera_to_world_matrix": [0.994545, 0.0636417, -0.0826599, -3.20327, -0.103997, 0.667303, -0.73749, -1.6344, 0.00822387, 0.742063, 0.670281, 1.57655, 0.0, 0.0, 0.0, 1.0]}, "0405db8320e24c3abb2f1e7c3ce52810_d2_3.png": {"intrinsics": {"fx": 1075.48, "fy": 1075.42, "cx": 634.387, "cy": 516.806}, "camera_to_world_matrix": [0.407205, 0.610423, -0.679388, -3.19154, -0.913295, 0.27937, -0.296391, -1.64301, 0.00887671, 0.741172, 0.671258, 1.57653, 0.0, 0.0, 0.0, 1.0]}, "0405db8320e24c3abb2f1e7c3ce52810_d2_4.png": {"intrinsics": {"fx": 1075.48, "fy": 1075.42, "cx": 634.387, "cy": 516.806}, "camera_to_world_matrix": [-0.587335, 0.547846, -0.595739, -3.19314, -0.809279, -0.388123, 0.44094, -1.65748, 0.0103473, 0.741098, 0.671319, 1.57653, 0.0, 0.0, 0.0, 1.0]}, "0405db8320e24c3abb2f1e7c3ce52810_d2_5.png": {"intrinsics": {"fx": 1075.48, "fy": 1075.42, "cx": 634.387, "cy": 516.806}, "camera_to_world_matrix": [-0.994512, -0.061512, 0.0846365, -3.20646, 0.104031, -0.667668, 0.737155, -1.66332, 0.011165, 0.741914, 0.670404, 1.57654, 0.0, 0.0, 0.0, 1.0]}, "0738228b42634e52ad5b15ed95ddb422_d0_0.png": {"intrinsics": {"fx": 1078.61, "fy": 1079.29, "cx": 629.288, "cy": 507.533}, "camera_to_world_matrix": [-0.503096, 0.586722, 0.634549, -15.3068, 0.863562, 0.312411, 0.395804, 1.60812, 0.0339865, 0.747099, -0.663843, -1.56361, 0.0, 0.0, 0.0, 1.0]}, "0738228b42634e52ad5b15ed95ddb422_d0_1.png": {"intrinsics": {"fx": 1078.61, "fy": 1079.29, "cx": 629.288, "cy": 507.533}, "camera_to_world_matrix": [0.496797, 0.581288, 0.644435, -15.3069, 0.867545, -0.352858, -0.35051, 1.62267, 0.0236467, 0.733209, -0.679592, -1.56331, 0.0, 0.0, 0.0, 1.0]}, "0738228b42634e52ad5b15ed95ddb422_d0_2.png": {"intrinsics": {"fx": 1078.61, "fy": 1079.29, "cx": 629.288, "cy": 507.533}, "camera_to_world_matrix": [0.999993, 0.00233305, 0.00293812, -15.2944, 0.00374034, -0.680907, -0.732361, 1.63005, 0.000291867, 0.732367, -0.680911, -1.56328, 0.0, 0.0, 0.0, 1.0]}, "0738228b42634e52ad5b15ed95ddb422_d0_3.png": {"intrinsics": {"fx": 1078.61, "fy": 1079.29, "cx": 629.288, "cy": 507.533}, "camera_to_world_matrix": [0.503284, -0.571176, -0.648431, -15.2817, -0.864028, -0.343679, -0.367889, 1.62289, -0.0127228, 0.745415, -0.66648, -1.56356, 0.0, 0.0, 0.0, 1.0]}, "0738228b42634e52ad5b15ed95ddb422_d0_4.png": {"intrinsics": {"fx": 1078.61, "fy": 1079.29, "cx": 629.288, "cy": 507.533}, "camera_to_world_matrix": [-0.496609, -0.565717, -0.658289, -15.2816, -0.867971, 0.321591, 0.378426, 1.60834, -0.00238218, 0.759305, -0.650731, -1.56387, 0.0, 0.0, 0.0, 1.0]}, "0738228b42634e52ad5b15ed95ddb422_d0_5.png": {"intrinsics": {"fx": 1078.61, "fy": 1079.29, "cx": 629.288, "cy": 507.533}, "camera_to_world_matrix": [-0.999772, 0.0132515, -0.0167766, -15.2941, -0.0041469, 0.649617, 0.760251, 1.60096, 0.0209727, 0.760147, -0.649413, -1.56389, 0.0, 0.0, 0.0, 1.0]}, "0738228b42634e52ad5b15ed95ddb422_d1_0.png": {"intrinsics": {"fx": 1073.34, "fy": 1073.39, "cx": 633.503, "cy": 513.219}, "camera_to_world_matrix": [-0.507383, 0.014033, 0.861606, -15.2969, 0.86114, -0.0283925, 0.507572, 1.61303, 0.0315862, 0.999498, 0.00232024, -1.53035, 0.0, 0.0, 0.0, 1.0]}, "0738228b42634e52ad5b15ed95ddb422_d1_1.png": {"intrinsics": {"fx": 1073.34, "fy": 1073.39, "cx": 633.503, "cy": 513.219}, "camera_to_world_matrix": [0.492501, 0.00578695, 0.870291, -15.297, 0.870048, -0.0278041, -0.49218, 1.61653, 0.0213498, 0.999596, -0.0187298, -1.53028, 0.0, 0.0, 0.0, 1.0]}, "0738228b42634e52ad5b15ed95ddb422_d1_2.png": {"intrinsics": {"fx": 1073.34, "fy": 1073.39, "cx": 633.503, "cy": 513.219}, "camera_to_world_matrix": [0.999959, 0.00217518, 0.00867284, -15.294, 0.00871569, -0.0203697, -0.999754, 1.61831, -0.00199763, 0.999789, -0.0203891, -1.53027, 0.0, 0.0, 0.0, 1.0]}, "0738228b42634e52ad5b15ed95ddb422_d1_3.png": {"intrinsics": {"fx": 1073.34, "fy": 1073.39, "cx": 633.503, "cy": 513.219}, "camera_to_world_matrix": [0.507521, 0.00680954, -0.861612, -15.2909, -0.861506, -0.0135238, -0.507566, 1.61659, -0.0151082, 0.999885, -0.000998376, -1.53034, 0.0, 0.0, 0.0, 1.0]}, "0738228b42634e52ad5b15ed95ddb422_d1_4.png": {"intrinsics": {"fx": 1073.34, "fy": 1073.39, "cx": 633.503, "cy": 513.219}, "camera_to_world_matrix": [-0.492364, 0.0150556, -0.870258, -15.2909, -0.870375, -0.0141124, 0.492186, 1.61309, -0.00487101, 0.999786, 0.0200512, -1.53042, 0.0, 0.0, 0.0, 1.0]}, "0738228b42634e52ad5b15ed95ddb422_d1_5.png": {"intrinsics": {"fx": 1073.34, "fy": 1073.39, "cx": 633.503, "cy": 513.219}, "camera_to_world_matrix": [-0.999787, 0.018667, -0.00861985, -15.2939, -0.00902194, -0.021547, 0.999727, 1.61131, 0.0184765, 0.999593, 0.0217096, -1.53042, 0.0, 0.0, 0.0, 1.0]}, "0738228b42634e52ad5b15ed95ddb422_d2_0.png": {"intrinsics": {"fx": 1075.48, "fy": 1075.42, "cx": 634.387, "cy": 516.806}, "camera_to_world_matrix": [-0.512351, -0.56419, 0.647447, -15.3061, 0.858142, -0.365346, 0.360717, 1.60673, 0.0330287, 0.740414, 0.67134, -1.49713, 0.0, 0.0, 0.0, 1.0]}, "0738228b42634e52ad5b15ed95ddb422_d2_1.png": {"intrinsics": {"fx": 1075.48, "fy": 1075.42, "cx": 634.387, "cy": 516.806}, "camera_to_world_matrix": [0.487455, -0.581097, 0.651702, -15.3062, 0.872848, 0.30471, -0.381167, 1.62127, 0.0229147, 0.754638, 0.655742, -1.49682, 0.0, 0.0, 0.0, 1.0]}, "0738228b42634e52ad5b15ed95ddb422_d2_2.png": {"intrinsics": {"fx": 1075.48, "fy": 1075.42, "cx": 634.387, "cy": 516.806}, "camera_to_world_matrix": [0.999896, -0.00916142, 0.0112264, -15.2937, 0.0144836, 0.654497, -0.755926, 1.62866, -0.000422509, 0.756009, 0.654562, -1.4968, 0.0, 0.0, 0.0, 1.0]}, "0738228b42634e52ad5b15ed95ddb422_d2_3.png": {"intrinsics": {"fx": 1075.48, "fy": 1075.42, "cx": 634.387, "cy": 516.806}, "camera_to_world_matrix": [0.512519, 0.579668, -0.633489, -15.281, -0.858568, 0.334221, -0.388792, 1.6215, -0.0136452, 0.743157, 0.66898, -1.49708, 0.0, 0.0, 0.0, 1.0]}, "0738228b42634e52ad5b15ed95ddb422_d2_4.png": {"intrinsics": {"fx": 1075.48, "fy": 1075.42, "cx": 634.387, "cy": 516.806}, "camera_to_world_matrix": [-0.487287, 0.59655, -0.637716, -15.2809, -0.873236, -0.335836, 0.353093, 1.60695, -0.00353034, 0.728933, 0.684577, -1.49739, 0.0, 0.0, 0.0, 1.0]}, "0738228b42634e52ad5b15ed95ddb422_d2_5.png": {"intrinsics": {"fx": 1075.48, "fy": 1075.42, "cx": 634.387, "cy": 516.806}, "camera_to_world_matrix": [-0.999694, 0.0246004, 0.00277464, -15.2935, -0.0148507, -0.685601, 0.727827, 1.59957, 0.0198069, 0.727562, 0.685757, -1.49741, 0.0, 0.0, 0.0, 1.0]}, "087bbe7799ed429d941d43d13ae8aa3f_d0_0.png": {"intrinsics": {"fx": 1078.61, "fy": 1079.29, "cx": 629.288, "cy": 507.533}, "camera_to_world_matrix": [-0.478761, 0.593575, 0.646883, -15.1724, 0.877586, 0.302457, 0.371973, 4.11191, 0.0251397, 0.745781, -0.665717, 4.55525, 0.0, 0.0, 0.0, 1.0]}, "087bbe7799ed429d941d43d13ae8aa3f_d0_1.png": {"intrinsics": {"fx": 1078.61, "fy": 1079.29, "cx": 629.288, "cy": 507.533}, "camera_to_world_matrix": [0.520872, 0.569522, 0.635876, -15.1721, 0.853461, -0.362496, -0.374435, 4.12646, 0.0172536, 0.737727, -0.674878, 4.55542, 0.0, 0.0, 0.0, 1.0]}, "087bbe7799ed429d941d43d13ae8aa3f_d0_2.png": {"intrinsics": {"fx": 1078.61, "fy": 1079.29, "cx": 629.288, "cy": 507.533}, "camera_to_world_matrix": [0.999702, -0.0184005, -0.0160709, -15.1593, -0.0242755, -0.67419, -0.738159, 4.13349, 0.00274753, 0.738329, -0.674435, 4.55541, 0.0, 0.0, 0.0, 1.0]}, "087bbe7799ed429d941d43d13ae8aa3f_d0_3.png": {"intrinsics": {"fx": 1078.61, "fy": 1079.29, "cx": 629.288, "cy": 507.533}, "camera_to_world_matrix": [0.478888, -0.582257, -0.656996, -15.1469, -0.877868, -0.320924, -0.355468, 4.12597, -0.00387228, 0.746984, -0.66483, 4.55523, 0.0, 0.0, 0.0, 1.0]}, "087bbe7799ed429d941d43d13ae8aa3f_d0_4.png": {"intrinsics": {"fx": 1078.61, "fy": 1079.29, "cx": 629.288, "cy": 507.533}, "camera_to_world_matrix": [-0.520744, -0.558178, -0.64596, -15.1472, -0.853704, 0.344029, 0.39094, 4.11143, 0.00401424, 0.755038, -0.655669, 4.55505, 0.0, 0.0, 0.0, 1.0]}, "087bbe7799ed429d941d43d13ae8aa3f_d0_5.png": {"intrinsics": {"fx": 1078.61, "fy": 1079.29, "cx": 629.288, "cy": 507.533}, "camera_to_world_matrix": [-0.99954, 0.0297566, 0.00600135, -15.1599, 0.0240513, 0.655699, 0.754639, 4.1044, 0.0185203, 0.754436, -0.656113, 4.55506, 0.0, 0.0, 0.0, 1.0]}, "087bbe7799ed429d941d43d13ae8aa3f_d1_0.png": {"intrinsics": {"fx": 1073.34, "fy": 1073.39, "cx": 633.503, "cy": 513.219}, "camera_to_world_matrix": [-0.483108, 0.0109914, 0.875491, -15.1624, 0.875264, -0.0199184, 0.483233, 4.11684, 0.0227501, 0.999741, 1.18348e-06, 4.58849, 0.0, 0.0, 0.0, 1.0]}, "087bbe7799ed429d941d43d13ae8aa3f_d1_1.png": {"intrinsics": {"fx": 1073.34, "fy": 1073.39, "cx": 633.503, "cy": 513.219}, "camera_to_world_matrix": [0.516653, 0.00276484, 0.856189, -15.1624, 0.856064, -0.0190984, -0.516516, 4.12034, 0.0149241, 0.999813, -0.0122354, 4.58853, 0.0, 0.0, 0.0, 1.0]}, "087bbe7799ed429d941d43d13ae8aa3f_d1_2.png": {"intrinsics": {"fx": 1073.34, "fy": 1073.39, "cx": 633.503, "cy": 513.219}, "camera_to_world_matrix": [0.999812, -0.000637484, -0.0193159, -15.1593, -0.0193216, -0.0115643, -0.999746, 4.12203, 0.000414288, 0.999932, -0.0115757, 4.58853, 0.0, 0.0, 0.0, 1.0]}, "087bbe7799ed429d941d43d13ae8aa3f_d1_3.png": {"intrinsics": {"fx": 1073.34, "fy": 1073.39, "cx": 633.503, "cy": 513.219}, "camera_to_world_matrix": [0.483199, 0.00418678, -0.8755, -15.1563, -0.875487, -0.00485033, -0.483216, 4.12022, -0.00626925, 0.999979, 0.00132056, 4.58848, 0.0, 0.0, 0.0, 1.0]}, "087bbe7799ed429d941d43d13ae8aa3f_d1_4.png": {"intrinsics": {"fx": 1073.34, "fy": 1073.39, "cx": 633.503, "cy": 513.219}, "camera_to_world_matrix": [-0.516562, 0.0124133, -0.856159, -15.1564, -0.856247, -0.00567064, 0.516533, 4.11672, 0.00155722, 0.999906, 0.0135568, 4.58844, 0.0, 0.0, 0.0, 1.0]}, "087bbe7799ed429d941d43d13ae8aa3f_d1_5.png": {"intrinsics": {"fx": 1073.34, "fy": 1073.39, "cx": 633.503, "cy": 513.219}, "camera_to_world_matrix": [-0.999686, 0.0158153, 0.0193652, -15.1594, 0.0191567, -0.0132049, 0.999729, 4.11503, 0.016067, 0.999787, 0.0128966, 4.58844, 0.0, 0.0, 0.0, 1.0]}, "087bbe7799ed429d941d43d13ae8aa3f_d2_0.png": {"intrinsics": {"fx": 1075.48, "fy": 1075.42, "cx": 634.387, "cy": 516.806}, "camera_to_world_matrix": [-0.488162, -0.575869, 0.6558, -15.1719, 0.872419, -0.342821, 0.34837, 4.11109, 0.0242065, 0.742192, 0.669751, 4.62174, 0.0, 0.0, 0.0, 1.0]}, "087bbe7799ed429d941d43d13ae8aa3f_d2_1.png": {"intrinsics": {"fx": 1075.48, "fy": 1075.42, "cx": 634.387, "cy": 516.806}, "camera_to_world_matrix": [0.511684, -0.574015, 0.639287, -15.1716, 0.859018, 0.327545, -0.393452, 4.12563, 0.0164517, 0.750481, 0.660688, 4.62192, 0.0, 0.0, 0.0, 1.0]}, "087bbe7799ed429d941d43d13ae8aa3f_d2_2.png": {"intrinsics": {"fx": 1075.48, "fy": 1075.42, "cx": 634.387, "cy": 516.806}, "camera_to_world_matrix": [0.999908, 0.00749864, -0.0114396, -15.1588, -0.0135405, 0.661169, -0.750115, 4.13267, 0.00193847, 0.7502, 0.66121, 4.62191, 0.0, 0.0, 0.0, 1.0]}, "087bbe7799ed429d941d43d13ae8aa3f_d2_3.png": {"intrinsics": {"fx": 1075.48, "fy": 1075.42, "cx": 634.387, "cy": 516.806}, "camera_to_world_matrix": [0.488275, 0.587144, -0.645639, -15.1464, -0.872678, 0.32442, -0.364949, 4.12515, -0.00481968, 0.741629, 0.670794, 4.62172, 0.0, 0.0, 0.0, 1.0]}, "087bbe7799ed429d941d43d13ae8aa3f_d2_4.png": {"intrinsics": {"fx": 1075.48, "fy": 1075.42, "cx": 634.387, "cy": 516.806}, "camera_to_world_matrix": [-0.51157, 0.585264, -0.629098, -15.1467, -0.859238, -0.345947, 0.376873, 4.1106, 0.00293562, 0.73334, 0.679857, 4.62154, 0.0, 0.0, 0.0, 1.0]}, "087bbe7799ed429d941d43d13ae8aa3f_d2_5.png": {"intrinsics": {"fx": 1075.48, "fy": 1075.42, "cx": 634.387, "cy": 516.806}, "camera_to_world_matrix": [-0.99976, 0.00373723, 0.0216434, -15.1594, 0.0133396, -0.679548, 0.73351, 4.10357, 0.0174488, 0.733622, 0.679335, 4.62155, 0.0, 0.0, 0.0, 1.0]}, "09065b7df3804647b838b3decc672389_d0_0.png": {"intrinsics": {"fx": 1078.61, "fy": 1079.29, "cx": 629.288, "cy": 507.533}, "camera_to_world_matrix": [0.877549, 0.305685, 0.369412, -14.553, 0.479256, -0.583153, -0.655932, 7.12982, 0.0149151, 0.752655, -0.658246, -1.57807, 0.0, 0.0, 0.0, 1.0]}, "09065b7df3804647b838b3decc672389_d0_1.png": {"intrinsics": {"fx": 1078.61, "fy": 1079.29, "cx": 629.288, "cy": 507.533}, "camera_to_world_matrix": [0.853669, -0.359302, -0.37703, -14.5384, -0.520396, -0.55936, -0.645217, 7.12954, 0.0209321, 0.747006, -0.664487, -1.57795, 0.0, 0.0, 0.0, 1.0]}, "09065b7df3804647b838b3decc672389_d0_2.png": {"intrinsics": {"fx": 1078.61, "fy": 1079.29, "cx": 629.288, "cy": 507.533}, "camera_to_world_matrix": [-0.0239872, -0.671154, -0.74093, -14.5314, -0.999574, 0.0284458, 0.00659352, 7.11681, 0.016651, 0.740773, -0.67155, -1.57781, 0.0, 0.0, 0.0, 1.0]}, "09065b7df3804647b838b3decc672389_d0_3.png": {"intrinsics": {"fx": 1078.61, "fy": 1079.29, "cx": 629.288, "cy": 507.533}, "camera_to_world_matrix": [-0.877743, -0.318011, -0.35838, -14.5389, -0.479089, 0.592446, 0.647674, 7.10434, 0.006353, 0.740188, -0.672371, -1.57779, 0.0, 0.0, 0.0, 1.0]}, "09065b7df3804647b838b3decc672389_d0_4.png": {"intrinsics": {"fx": 1078.61, "fy": 1079.29, "cx": 629.288, "cy": 507.533}, "camera_to_world_matrix": [-0.853825, 0.346975, 0.388062, -14.5535, 0.520562, 0.568627, 0.63693, 7.10462, 0.000336331, 0.745837, -0.666129, -1.57791, 0.0, 0.0, 0.0, 1.0]}, "09065b7df3804647b838b3decc672389_d0_5.png": {"intrinsics": {"fx": 1078.61, "fy": 1079.29, "cx": 629.288, "cy": 507.533}, "camera_to_world_matrix": [0.0238505, 0.658804, 0.751937, -14.5605, 0.999705, -0.0191913, -0.0148949, 7.11736, 0.00461778, 0.75207, -0.659067, -1.57805, 0.0, 0.0, 0.0, 1.0]}, "09065b7df3804647b838b3decc672389_d1_0.png": {"intrinsics": {"fx": 1073.34, "fy": 1073.39, "cx": 633.503, "cy": 513.219}, "camera_to_world_matrix": [0.875216, -0.0158048, 0.483472, -14.5479, 0.483569, 0.00281076, -0.875301, 7.12035, 0.0124753, 0.999871, 0.0101015, -1.54472, 0.0, 0.0, 0.0, 1.0]}, "09065b7df3804647b838b3decc672389_d1_1.png": {"intrinsics": {"fx": 1073.34, "fy": 1073.39, "cx": 633.503, "cy": 513.219}, "camera_to_world_matrix": [0.856261, -0.0149868, -0.516325, -14.5444, -0.516209, 0.0110377, -0.85639, 7.12029, 0.0185339, 0.999826, 0.00171358, -1.54469, 0.0, 0.0, 0.0, 1.0]}, "09065b7df3804647b838b3decc672389_d1_2.png": {"intrinsics": {"fx": 1073.34, "fy": 1073.39, "cx": 633.503, "cy": 513.219}, "camera_to_world_matrix": [-0.0190429, -0.00745316, -0.99979, -14.5427, -0.999715, 0.014443, 0.0189341, 7.11722, 0.0142992, 0.999867, -0.00772732, -1.54465, 0.0, 0.0, 0.0, 1.0]}, "09065b7df3804647b838b3decc672389_d1_3.png": {"intrinsics": {"fx": 1073.34, "fy": 1073.39, "cx": 633.503, "cy": 513.219}, "camera_to_world_matrix": [-0.875371, -0.000737713, -0.483448, -14.5445, -0.483432, 0.0096213, 0.875328, 7.11422, 0.004006, 0.999953, -0.00878008, -1.54465, 0.0, 0.0, 0.0, 1.0]}, "09065b7df3804647b838b3decc672389_d1_4.png": {"intrinsics": {"fx": 1073.34, "fy": 1073.39, "cx": 633.503, "cy": 513.219}, "camera_to_world_matrix": [-0.856377, -0.00155603, 0.516347, -14.548, 0.516345, 0.00139442, 0.856378, 7.11429, -0.00205222, 0.999997, -0.000391929, -1.54468, 0.0, 0.0, 0.0, 1.0]}, "09065b7df3804647b838b3decc672389_d1_5.png": {"intrinsics": {"fx": 1073.34, "fy": 1073.39, "cx": 633.503, "cy": 513.219}, "camera_to_world_matrix": [0.0189458, -0.00908978, 0.999779, -14.5497, 0.999817, -0.00201059, -0.0189651, 7.11735, 0.00218287, 0.999956, 0.0090488, -1.54471, 0.0, 0.0, 0.0, 1.0]}, "09065b7df3804647b838b3decc672389_d2_0.png": {"intrinsics": {"fx": 1075.48, "fy": 1075.42, "cx": 634.387, "cy": 516.806}, "camera_to_world_matrix": [0.872375, -0.339926, 0.351302, -14.5535, 0.488641, 0.585988, -0.646412, 7.13023, 0.0138735, 0.735574, 0.677304, -1.51157, 0.0, 0.0, 0.0, 1.0]}, "09065b7df3804647b838b3decc672389_d2_1.png": {"intrinsics": {"fx": 1075.48, "fy": 1075.42, "cx": 634.387, "cy": 516.806}, "camera_to_world_matrix": [0.85922, 0.330469, -0.390555, -14.539, -0.511219, 0.584395, -0.630189, 7.12995, 0.0199806, 0.741129, 0.671066, -1.51145, 0.0, 0.0, 0.0, 1.0]}, "09065b7df3804647b838b3decc672389_d2_2.png": {"intrinsics": {"fx": 1075.48, "fy": 1075.42, "cx": 634.387, "cy": 516.806}, "camera_to_world_matrix": [-0.0132555, 0.66425, -0.747393, -14.5319, -0.999788, 0.00300722, 0.020404, 7.11722, 0.0158007, 0.747505, 0.66407, -1.51131, 0.0, 0.0, 0.0, 1.0]}, "09065b7df3804647b838b3decc672389_d2_3.png": {"intrinsics": {"fx": 1075.48, "fy": 1075.42, "cx": 634.387, "cy": 516.806}, "camera_to_world_matrix": [-0.872555, 0.327629, -0.362366, -14.5395, -0.488487, -0.576776, 0.65476, 7.10476, 0.00551395, 0.748325, 0.663311, -1.5113, 0.0, 0.0, 0.0, 1.0]}, "09065b7df3804647b838b3decc672389_d2_4.png": {"intrinsics": {"fx": 1075.48, "fy": 1075.42, "cx": 634.387, "cy": 516.806}, "camera_to_world_matrix": [-0.85936, -0.342766, 0.37949, -14.554, 0.511373, -0.575157, 0.638509, 7.10503, -0.00059274, 0.742769, 0.669549, -1.51142, 0.0, 0.0, 0.0, 1.0]}, "09065b7df3804647b838b3decc672389_d2_5.png": {"intrinsics": {"fx": 1075.48, "fy": 1075.42, "cx": 634.387, "cy": 516.806}, "camera_to_world_matrix": [0.0131344, -0.676525, 0.736303, -14.561, 0.999908, 0.00624409, -0.0120989, 7.11777, 0.00358745, 0.736394, 0.676545, -1.51156, 0.0, 0.0, 0.0, 1.0]}, "0952da4444d04fd3a33c406da20d6f8e_d0_0.png": {"intrinsics": {"fx": 1078.61, "fy": 1079.29, "cx": 629.288, "cy": 507.533}, "camera_to_world_matrix": [-0.876247, -0.318105, -0.36194, -7.08604, -0.481833, 0.570174, 0.665386, 3.32826, -0.00529346, 0.757437, -0.652887, -1.57742, 0.0, 0.0, 0.0, 1.0]}, "0952da4444d04fd3a33c406da20d6f8e_d0_1.png": {"intrinsics": {"fx": 1078.61, "fy": 1079.29, "cx": 629.288, "cy": 507.533}, "camera_to_world_matrix": [-0.85542, 0.346963, 0.384544, -7.10059, 0.517655, 0.548295, 0.656815, 3.32849, 0.0170467, 0.760913, -0.648629, -1.5775, 0.0, 0.0, 0.0, 1.0]}, "0952da4444d04fd3a33c406da20d6f8e_d0_2.png": {"intrinsics": {"fx": 1078.61, "fy": 1079.29, "cx": 629.288, "cy": 507.533}, "camera_to_world_matrix": [0.0207834, 0.660613, 0.750439, -7.10766, 0.99924, -0.0384795, 0.00619975, 3.3412, 0.0329721, 0.74974, -0.660911, -1.57726, 0.0, 0.0, 0.0, 1.0]}, "0952da4444d04fd3a33c406da20d6f8e_d0_3.png": {"intrinsics": {"fx": 1078.61, "fy": 1079.29, "cx": 629.288, "cy": 507.533}, "camera_to_world_matrix": [0.876139, 0.309189, 0.369842, -7.10019, 0.481326, -0.603362, -0.63583, 3.35368, 0.0265568, 0.73509, -0.677449, -1.57694, 0.0, 0.0, 0.0, 1.0]}, "0952da4444d04fd3a33c406da20d6f8e_d0_4.png": {"intrinsics": {"fx": 1078.61, "fy": 1079.29, "cx": 629.288, "cy": 507.533}, "camera_to_world_matrix": [0.855273, -0.355878, -0.376642, -7.08564, -0.518161, -0.581457, -0.62723, 3.35345, 0.00421637, 0.731614, -0.681706, -1.57686, 0.0, 0.0, 0.0, 1.0]}, "0952da4444d04fd3a33c406da20d6f8e_d0_5.png": {"intrinsics": {"fx": 1078.61, "fy": 1079.29, "cx": 629.288, "cy": 507.533}, "camera_to_world_matrix": [-0.0209494, -0.669506, -0.742512, -7.07857, -0.999712, 0.00533045, 0.0233996, 3.34074, -0.0117083, 0.742788, -0.669424, -1.5771, 0.0, 0.0, 0.0, 1.0]}, "0952da4444d04fd3a33c406da20d6f8e_d1_0.png": {"intrinsics": {"fx": 1073.34, "fy": 1073.39, "cx": 633.503, "cy": 513.219}, "camera_to_world_matrix": [-0.873867, 0.00156641, -0.48616, -7.09161, -0.4861, -0.0187946, 0.8737, 3.33717, -0.00776828, 0.999821, 0.0171842, -1.544, 0.0, 0.0, 0.0, 1.0]}, "0952da4444d04fd3a33c406da20d6f8e_d1_1.png": {"intrinsics": {"fx": 1073.34, "fy": 1073.39, "cx": 633.503, "cy": 513.219}, "camera_to_world_matrix": [-0.857965, 0.000773525, 0.513706, -7.09511, 0.5135, -0.027022, 0.857663, 3.33723, 0.0145451, 0.999634, 0.0227855, -1.54402, 0.0, 0.0, 0.0, 1.0]}, "0952da4444d04fd3a33c406da20d6f8e_d1_2.png": {"intrinsics": {"fx": 1073.34, "fy": 1073.39, "cx": 633.503, "cy": 513.219}, "camera_to_world_matrix": [0.0158728, -0.00674978, 0.999851, -7.09681, 0.999406, -0.0304481, -0.0160715, 3.34029, 0.0305524, 0.999513, 0.00626124, -1.54396, 0.0, 0.0, 0.0, 1.0]}, "0952da4444d04fd3a33c406da20d6f8e_d1_3.png": {"intrinsics": {"fx": 1073.34, "fy": 1073.39, "cx": 633.503, "cy": 513.219}, "camera_to_world_matrix": [0.873788, -0.01348, 0.486118, -7.09501, 0.4857, -0.0256468, -0.873748, 3.34329, 0.0242459, 0.999579, -0.0158639, -1.54388, 0.0, 0.0, 0.0, 1.0]}, "0952da4444d04fd3a33c406da20d6f8e_d1_4.png": {"intrinsics": {"fx": 1073.34, "fy": 1073.39, "cx": 633.503, "cy": 513.219}, "camera_to_world_matrix": [0.857846, -0.0126868, -0.513748, -7.09151, -0.5139, -0.0174195, -0.857672, 3.34323, 0.00193226, 0.999767, -0.0214643, -1.54386, 0.0, 0.0, 0.0, 1.0]}, "0952da4444d04fd3a33c406da20d6f8e_d1_5.png": {"intrinsics": {"fx": 1073.34, "fy": 1073.39, "cx": 633.503, "cy": 513.219}, "camera_to_world_matrix": [-0.0160102, -0.00516338, -0.999858, -7.08981, -0.999771, -0.0139936, 0.0160814, 3.34018, -0.0140743, 0.999888, -0.0049394, -1.54392, 0.0, 0.0, 0.0, 1.0]}, "0952da4444d04fd3a33c406da20d6f8e_d2_0.png": {"intrinsics": {"fx": 1075.48, "fy": 1075.42, "cx": 634.387, "cy": 516.806}, "camera_to_world_matrix": [-0.871032, 0.331148, -0.362831, -7.08644, -0.491187, -0.596771, 0.634508, 3.32678, -0.00641091, 0.730894, 0.682462, -1.51094, 0.0, 0.0, 0.0, 1.0]}, "0952da4444d04fd3a33c406da20d6f8e_d2_1.png": {"intrinsics": {"fx": 1075.48, "fy": 1075.42, "cx": 634.387, "cy": 516.806}, "camera_to_world_matrix": [-0.860929, -0.33926, 0.379085, -7.10099, 0.508479, -0.597103, 0.620418, 3.32701, 0.0158694, 0.726892, 0.68657, -1.51102, 0.0, 0.0, 0.0, 1.0]}, "0952da4444d04fd3a33c406da20d6f8e_d2_2.png": {"intrinsics": {"fx": 1075.48, "fy": 1075.42, "cx": 634.387, "cy": 516.806}, "camera_to_world_matrix": [0.0100644, -0.67482, 0.737914, -7.10806, 0.999439, -0.0168069, -0.0290006, 3.33973, 0.031972, 0.737791, 0.674273, -1.51078, 0.0, 0.0, 0.0, 1.0]}, "0952da4444d04fd3a33c406da20d6f8e_d2_3.png": {"intrinsics": {"fx": 1075.48, "fy": 1075.42, "cx": 634.387, "cy": 516.806}, "camera_to_world_matrix": [0.870935, -0.339966, 0.354819, -7.10058, 0.490722, 0.563808, -0.664314, 3.35221, 0.025794, 0.752692, 0.657869, -1.51046, 0.0, 0.0, 0.0, 1.0]}, "0952da4444d04fd3a33c406da20d6f8e_d2_4.png": {"intrinsics": {"fx": 1075.48, "fy": 1075.42, "cx": 634.387, "cy": 516.806}, "camera_to_world_matrix": [0.860794, 0.330442, -0.387096, -7.08604, -0.508944, 0.564113, -0.650195, 3.35197, 0.00351354, 0.756693, 0.653762, -1.51037, 0.0, 0.0, 0.0, 1.0]}, "0952da4444d04fd3a33c406da20d6f8e_d2_5.png": {"intrinsics": {"fx": 1075.48, "fy": 1075.42, "cx": 634.387, "cy": 516.806}, "camera_to_world_matrix": [-0.0102191, 0.66598, -0.7459, -7.07896, -0.999869, -0.0161958, -0.000762535, 3.33926, -0.0125885, 0.745794, 0.666059, -1.51061, 0.0, 0.0, 0.0, 1.0]}, "09fa27f2739d4b849d2cf604a6319170_d0_0.png": {"intrinsics": {"fx": 1078.61, "fy": 1079.29, "cx": 629.288, "cy": 507.533}, "camera_to_world_matrix": [0.853944, 0.332827, 0.400007, -10.1741, 0.520028, -0.573483, -0.633, 11.4835, 0.0187181, 0.748561, -0.662802, 0.652004, 0.0, 0.0, 0.0, 1.0]}, "09fa27f2739d4b849d2cf604a6319170_d0_1.png": {"intrinsics": {"fx": 1078.61, "fy": 1079.29, "cx": 629.288, "cy": 507.533}, "camera_to_world_matrix": [0.877283, -0.332542, -0.346108, -10.1595, -0.479654, -0.581068, -0.657489, 11.4839, 0.0175298, 0.742816, -0.669266, 0.65213, 0.0, 0.0, 0.0, 1.0]}, "09fa27f2739d4b849d2cf604a6319170_d0_2.png": {"intrinsics": {"fx": 1078.61, "fy": 1079.29, "cx": 629.288, "cy": 507.533}, "camera_to_world_matrix": [0.0232269, -0.671795, -0.740373, -10.1519, -0.999686, -0.00860985, -0.0235497, 11.4715, 0.00944598, 0.740688, -0.671783, 0.652178, 0.0, 0.0, 0.0, 1.0]}, "09fa27f2739d4b849d2cf604a6319170_d0_3.png": {"intrinsics": {"fx": 1078.61, "fy": 1079.29, "cx": 629.288, "cy": 507.533}, "camera_to_world_matrix": [-0.854148, -0.345671, -0.388514, -10.1588, -0.520024, 0.571421, 0.634864, 11.4587, 0.00255057, 0.744305, -0.667836, 0.652101, 0.0, 0.0, 0.0, 1.0]}, "09fa27f2739d4b849d2cf604a6319170_d0_4.png": {"intrinsics": {"fx": 1078.61, "fy": 1079.29, "cx": 629.288, "cy": 507.533}, "camera_to_world_matrix": [-0.877447, 0.319698, 0.357603, -10.1734, 0.479659, 0.578981, 0.659325, 11.4583, 0.00373921, 0.75005, -0.661371, 0.651975, 0.0, 0.0, 0.0, 1.0]}, "09fa27f2739d4b849d2cf604a6319170_d0_5.png": {"intrinsics": {"fx": 1078.61, "fy": 1079.29, "cx": 629.288, "cy": 507.533}, "camera_to_world_matrix": [-0.0233709, 0.658928, 0.751843, -10.181, 0.999657, 0.00650887, 0.0253698, 11.4707, 0.0118232, 0.752178, -0.658854, 0.651926, 0.0, 0.0, 0.0, 1.0]}, "09fa27f2739d4b849d2cf604a6319170_d1_0.png": {"intrinsics": {"fx": 1073.34, "fy": 1073.39, "cx": 633.503, "cy": 513.219}, "camera_to_world_matrix": [0.851411, -0.0159826, 0.524253, -10.1686, 0.524243, -0.00514662, -0.851552, 11.474, 0.0163085, 0.999858, 0.00399566, 0.685289, 0.0, 0.0, 0.0, 1.0]}, "09fa27f2739d4b849d2cf604a6319170_d1_1.png": {"intrinsics": {"fx": 1073.34, "fy": 1073.39, "cx": 633.503, "cy": 513.219}, "camera_to_world_matrix": [0.879674, -0.0155539, -0.47532, -10.1651, -0.475332, 0.00310983, -0.8798, 11.4741, 0.0151628, 0.999874, -0.00465888, 0.68532, 0.0, 0.0, 0.0, 1.0]}, "09fa27f2739d4b849d2cf604a6319170_d1_2.png": {"intrinsics": {"fx": 1073.34, "fy": 1073.39, "cx": 633.503, "cy": 513.219}, "camera_to_world_matrix": [0.0281724, -0.00818946, -0.999569, -10.1632, -0.999577, 0.00686659, -0.0282287, 11.4711, 0.00709515, 0.999942, -0.00799379, 0.685331, 0.0, 0.0, 0.0, 1.0]}, "09fa27f2739d4b849d2cf604a6319170_d1