{"00ba88e9785b41628acd0a1f054822af_d0_0.png": {"intrinsics": {"fx": 1075.72, "fy": 1075.66, "cx": 636.877, "cy": 515.013}, "camera_to_world_matrix": [0.791135, 0.369714, 0.487254, -10.3976, 0.610442, -0.527139, -0.591172, 5.70623, 0.0382863, 0.765138, -0.642727, 1.47072, 0.0, 0.0, 0.0, 1.0]}, "00ba88e9785b41628acd0a1f054822af_d0_1.png": {"intrinsics": {"fx": 1075.72, "fy": 1075.66, "cx": 636.877, "cy": 515.013}, "camera_to_world_matrix": [0.923443, -0.288814, -0.252666, -10.3832, -0.38065, -0.606086, -0.698402, 5.7083, 0.0485706, 0.741111, -0.669623, 1.47125, 0.0, 0.0, 0.0, 1.0]}, "00ba88e9785b41628acd0a1f054822af_d0_2.png": {"intrinsics": {"fx": 1075.72, "fy": 1075.66, "cx": 636.877, "cy": 515.013}, "camera_to_world_matrix": [0.131834, -0.68628, -0.71529, -10.3742, -0.991017, -0.0748823, -0.110807, 5.69687, 0.0224821, 0.723473, -0.689987, 1.47164, 0.0, 0.0, 0.0, 1.0]}, "00ba88e9785b41628acd0a1f054822af_d0_3.png": {"intrinsics": {"fx": 1075.72, "fy": 1075.66, "cx": 636.877, "cy": 515.013}, "camera_to_world_matrix": [-0.792065, -0.42521, -0.437984, -10.3796, -0.610279, 0.535257, 0.584004, 5.68336, -0.0138901, 0.729861, -0.683455, 1.47151, 0.0, 0.0, 0.0, 1.0]}, "00ba88e9785b41628acd0a1f054822af_d0_4.png": {"intrinsics": {"fx": 1075.72, "fy": 1075.66, "cx": 636.877, "cy": 515.013}, "camera_to_world_matrix": [-0.924334, 0.233321, 0.301941, -10.394, 0.380818, 0.614178, 0.691204, 5.68128, -0.024173, 0.753888, -0.656558, 1.47099, 0.0, 0.0, 0.0, 1.0]}, "00ba88e9785b41628acd0a1f054822af_d0_5.png": {"intrinsics": {"fx": 1075.72, "fy": 1075.66, "cx": 636.877, "cy": 515.013}, "camera_to_world_matrix": [-0.132701, 0.630766, 0.764542, -10.403, 0.991154, 0.0829584, 0.103591, 5.69272, 0.00191658, 0.771526, -0.636195, 1.4706, 0.0, 0.0, 0.0, 1.0]}, "00ba88e9785b41628acd0a1f054822af_d1_0.png": {"intrinsics": {"fx": 1075.94, "fy": 1076.09, "cx": 629.693, "cy": 501.638}, "camera_to_world_matrix": [0.785185, -0.0410986, 0.617896, -10.392, 0.618376, -0.00129522, -0.785881, 5.69772, 0.0330988, 0.999154, 0.0243978, 1.50425, 0.0, 0.0, 0.0, 1.0]}, "00ba88e9785b41628acd0a1f054822af_d1_1.png": {"intrinsics": {"fx": 1075.94, "fy": 1076.09, "cx": 629.693, "cy": 501.638}, "camera_to_world_matrix": [0.92745, -0.04491, -0.371241, -10.3886, -0.37138, 0.00551762, -0.928465, 5.69822, 0.0437456, 0.998976, -0.011561, 1.50438, 0.0, 0.0, 0.0, 1.0]}, "00ba88e9785b41628acd0a1f054822af_d1_2.png": {"intrinsics": {"fx": 1075.94, "fy": 1076.09, "cx": 629.693, "cy": 501.638}, "camera_to_world_matrix": [0.141973, -0.0409189, -0.989025, -10.3864, -0.989708, 0.0122282, -0.142577, 5.69547, 0.017928, 0.999088, -0.0387613, 1.50447, 0.0, 0.0, 0.0, 1.0]}, "00ba88e9785b41628acd0a1f054822af_d1_3.png": {"intrinsics": {"fx": 1075.94, "fy": 1076.09, "cx": 629.693, "cy": 501.638}, "camera_to_world_matrix": [-0.78575, -0.0331164, -0.617657, -10.3877, -0.618266, 0.0121258, 0.785875, 5.69222, -0.0185359, 0.999378, -0.0300022, 1.50444, 0.0, 0.0, 0.0, 1.0]}, "00ba88e9785b41628acd0a1f054822af_d1_4.png": {"intrinsics": {"fx": 1075.94, "fy": 1076.09, "cx": 629.693, "cy": 501.638}, "camera_to_world_matrix": [-0.927976, -0.0293052, 0.371486, -10.3912, 0.371495, 0.00531279, 0.92842, 5.69172, -0.0291813, 0.999557, 0.00595698, 1.50431, 0.0, 0.0, 0.0, 1.0]}, "00ba88e9785b41628acd0a1f054822af_d1_5.png": {"intrinsics": {"fx": 1075.94, "fy": 1076.09, "cx": 629.693, "cy": 501.638}, "camera_to_world_matrix": [-0.142475, -0.0332966, 0.989238, -10.3933, 0.989793, -0.00139763, 0.142508, 5.69447, -0.00336259, 0.999445, 0.0331563, 1.50422, 0.0, 0.0, 0.0, 1.0]}, "00ba88e9785b41628acd0a1f054822af_d2_0.png": {"intrinsics": {"fx": 1074.61, "fy": 1074.93, "cx": 630.692, "cy": 523.124}, "camera_to_world_matrix": [0.783763, -0.447023, 0.431144, -10.4001, 0.620275, 0.528533, -0.579579, 5.70659, 0.0312114, 0.721681, 0.691522, 1.53718, 0.0, 0.0, 0.0, 1.0]}, "00ba88e9785b41628acd0a1f054822af_d2_1.png": {"intrinsics": {"fx": 1074.61, "fy": 1074.93, "cx": 630.692, "cy": 523.124}, "camera_to_world_matrix": [0.928425, 0.216771, -0.301724, -10.3857, -0.369144, 0.629937, -0.683309, 5.70866, 0.0419454, 0.745781, 0.664869, 1.5377, 0.0, 0.0, 0.0, 1.0]}, "00ba88e9785b41628acd0a1f054822af_d2_2.png": {"intrinsics": {"fx": 1074.61, "fy": 1074.93, "cx": 630.692, "cy": 523.124}, "camera_to_world_matrix": [0.144438, 0.636305, -0.757795, -10.3767, -0.989381, 0.105401, -0.100076, 5.69723, 0.0161934, 0.764203, 0.644772, 1.5381, 0.0, 0.0, 0.0, 1.0]}, "00ba88e9785b41628acd0a1f054822af_d2_3.png": {"intrinsics": {"fx": 1074.61, "fy": 1074.93, "cx": 630.692, "cy": 523.124}, "camera_to_world_matrix": [-0.784193, 0.392036, -0.480988, -10.3821, -0.620185, -0.520528, 0.586874, 5.68372, -0.020292, 0.758524, 0.651329, 1.53797, 0.0, 0.0, 0.0, 1.0]}, "00ba88e9785b41628acd0a1f054822af_d2_4.png": {"intrinsics": {"fx": 1074.61, "fy": 1074.93, "cx": 630.692, "cy": 523.124}, "camera_to_world_matrix": [-0.928816, -0.271763, 0.251884, -10.3965, 0.36924, -0.621906, 0.690576, 5.68164, -0.0310246, 0.734424, 0.677982, 1.53744, 0.0, 0.0, 0.0, 1.0]}, "00ba88e9785b41628acd0a1f054822af_d2_5.png": {"intrinsics": {"fx": 1074.61, "fy": 1074.93, "cx": 630.692, "cy": 523.124}, "camera_to_world_matrix": [-0.144805, -0.691276, 0.707932, -10.4055, 0.989446, -0.0973531, 0.107325, 5.69308, -0.00527152, 0.716002, 0.698078, 1.53705, 0.0, 0.0, 0.0, 1.0]}, "04b138b9f1ba4846b29179202abd0765_d0_0.png": {"intrinsics": {"fx": 1075.72, "fy": 1075.66, "cx": 636.877, "cy": 515.013}, "camera_to_world_matrix": [0.986585, -0.111506, -0.11923, 0.947703, -0.16322, -0.660894, -0.732515, -6.37176, 0.00288155, 0.742149, -0.670228, 1.47535, 0.0, 0.0, 0.0, 1.0]}, "04b138b9f1ba4846b29179202abd0765_d0_1.png": {"intrinsics": {"fx": 1075.72, "fy": 1075.66, "cx": 636.877, "cy": 515.013}, "camera_to_world_matrix": [0.352012, -0.618546, -0.702487, 0.95904, -0.935995, -0.232748, -0.264085, -6.38088, -0.000153619, 0.750486, -0.660886, 1.47517, 0.0, 0.0, 0.0, 1.0]}, "04b138b9f1ba4846b29179202abd0765_d0_2.png": {"intrinsics": {"fx": 1075.72, "fy": 1075.66, "cx": 636.877, "cy": 515.013}, "camera_to_world_matrix": [-0.634487, -0.501229, -0.588384, 0.95681, -0.77288, 0.420453, 0.475265, -6.39526, 0.00917126, 0.756299, -0.654161, 1.47504, 0.0, 0.0, 0.0, 1.0]}, "04b138b9f1ba4846b29179202abd0765_d0_3.png": {"intrinsics": {"fx": 1075.72, "fy": 1075.66, "cx": 636.877, "cy": 515.013}, "camera_to_world_matrix": [-0.98639, 0.123126, 0.108973, 0.943243, 0.163008, 0.645493, 0.746169, -6.40052, 0.0215312, 0.753776, -0.656778, 1.47509, 0.0, 0.0, 0.0, 1.0]}, "04b138b9f1ba4846b29179202abd0765_d0_4.png": {"intrinsics": {"fx": 1075.72, "fy": 1075.66, "cx": 636.877, "cy": 515.013}, "camera_to_world_matrix": [-0.351786, 0.630149, 0.692212, 0.931907, 0.935758, 0.217327, 0.277716, -6.3914, 0.0245659, 0.74544, -0.66612, 1.47527, 0.0, 0.0, 0.0, 1.0]}, "04b138b9f1ba4846b29179202abd0765_d0_5.png": {"intrinsics": {"fx": 1075.72, "fy": 1075.66, "cx": 636.877, "cy": 515.013}, "camera_to_world_matrix": [0.634706, 0.512807, 0.578081, 0.934137, 0.772603, -0.435869, -0.46163, -6.37702, 0.0152406, 0.739627, -0.672845, 1.4754, 0.0, 0.0, 0.0, 1.0]}, "04b138b9f1ba4846b29179202abd0765_d1_0.png": {"intrinsics": {"fx": 1075.94, "fy": 1076.09, "cx": 629.693, "cy": 501.638}, "camera_to_world_matrix": [0.988185, 0.000119046, -0.153264, 0.946267, -0.153252, -0.0119467, -0.988115, -6.38302, -0.00194877, 0.999929, -0.0117869, 1.5085, 0.0, 0.0, 0.0, 1.0]}, "04b138b9f1ba4846b29179202abd0765_d1_1.png": {"intrinsics": {"fx": 1075.94, "fy": 1076.09, "cx": 629.693, "cy": 501.638}, "camera_to_world_matrix": [0.361382, 0.00250121, -0.932414, 0.948994, -0.932404, -0.00451061, -0.361391, -6.38522, -0.00510981, 0.999987, 0.000702452, 1.50846, 0.0, 0.0, 0.0, 1.0]}, "04b138b9f1ba4846b29179202abd0765_d1_2.png": {"intrinsics": {"fx": 1075.94, "fy": 1076.09, "cx": 629.693, "cy": 501.638}, "camera_to_world_matrix": [-0.626755, 0.0101321, -0.779151, 0.948458, -0.779206, -0.00285512, 0.626762, -6.38867, 0.00412573, 0.999945, 0.00968486, 1.50842, 0.0, 0.0, 0.0, 1.0]}, "04b138b9f1ba4846b29179202abd0765_d1_3.png": {"intrinsics": {"fx": 1075.94, "fy": 1076.09, "cx": 629.693, "cy": 501.638}, "camera_to_world_matrix": [-0.988067, 0.0153807, 0.153259, 0.945195, 0.15314, -0.00863576, 0.988167, -6.38994, 0.0165221, 0.999845, 0.00617766, 1.50844, 0.0, 0.0, 0.0, 1.0]}, "04b138b9f1ba4846b29179202abd0765_d1_4.png": {"intrinsics": {"fx": 1075.94, "fy": 1076.09, "cx": 629.693, "cy": 501.638}, "camera_to_world_matrix": [-0.361233, 0.0129983, 0.932385, 0.942468, 0.932268, -0.0160718, 0.361412, -6.38775, 0.0196827, 0.999787, -0.00631187, 1.50848, 0.0, 0.0, 0.0, 1.0]}, "04b138b9f1ba4846b29179202abd0765_d1_5.png": {"intrinsics": {"fx": 1075.94, "fy": 1076.09, "cx": 629.693, "cy": 501.638}, "camera_to_world_matrix": [0.626898, 0.00536729, 0.779083, 0.943004, 0.779032, -0.017727, -0.626735, -6.38429, 0.0104468, 0.999829, -0.0152939, 1.50851, 0.0, 0.0, 0.0, 1.0]}, "04b138b9f1ba4846b29179202abd0765_d2_0.png": {"intrinsics": {"fx": 1074.61, "fy": 1074.93, "cx": 630.692, "cy": 523.124}, "camera_to_world_matrix": [0.988551, 0.10311, -0.110161, 0.948218, -0.150841, 0.657177, -0.738488, -6.37245, -0.00374995, 0.74665, 0.665206, 1.54185, 0.0, 0.0, 0.0, 1.0]}, "04b138b9f1ba4846b29179202abd0765_d2_1.png": {"intrinsics": {"fx": 1074.61, "fy": 1074.93, "cx": 630.692, "cy": 523.124}, "camera_to_world_matrix": [0.36363, 0.630168, -0.686048, 0.959555, -0.931517, 0.240493, -0.272833, -6.38156, -0.0069413, 0.738276, 0.674463, 1.54166, 0.0, 0.0, 0.0, 1.0]}, "04b138b9f1ba4846b29179202abd0765_d2_2.png": {"intrinsics": {"fx": 1074.61, "fy": 1074.93, "cx": 630.692, "cy": 523.124}, "camera_to_world_matrix": [-0.624887, 0.532784, -0.570664, 0.957325, -0.780712, -0.424313, 0.458746, -6.39594, 0.00227258, 0.732189, 0.681098, 1.54153, 0.0, 0.0, 0.0, 1.0]}, "04b138b9f1ba4846b29179202abd0765_d2_3.png": {"intrinsics": {"fx": 1074.61, "fy": 1074.93, "cx": 630.692, "cy": 523.124}, "camera_to_world_matrix": [-0.98846, -0.0916559, 0.120604, 0.943758, 0.150767, -0.672418, 0.724654, -6.4012, 0.0146776, 0.734475, 0.678477, 1.54159, 0.0, 0.0, 0.0, 1.0]}, "04b138b9f1ba4846b29179202abd0765_d2_4.png": {"intrinsics": {"fx": 1074.61, "fy": 1074.93, "cx": 630.692, "cy": 523.124}, "camera_to_world_matrix": [-0.363509, -0.618698, 0.696473, 0.932422, 0.931419, -0.255712, 0.258977, -6.39208, 0.0178684, 0.742849, 0.669221, 1.54177, 0.0, 0.0, 0.0, 1.0]}, "04b138b9f1ba4846b29179202abd0765_d2_5.png": {"intrinsics": {"fx": 1074.61, "fy": 1074.93, "cx": 630.692, "cy": 523.124}, "camera_to_world_matrix": [0.625002, -0.521288, 0.58106, 0.934653, 0.780575, 0.409089, -0.472598, -6.3777, 0.00865418, 0.748936, 0.662585, 1.5419, 0.0, 0.0, 0.0, 1.0]}, "0754dd106b3441ecbbbfde0fd6e10f63_d0_0.png": {"intrinsics": {"fx": 1075.72, "fy": 1075.66, "cx": 636.877, "cy": 515.013}, "camera_to_world_matrix": [0.0922098, 0.667014, 0.739317, -6.80551, 0.995612, -0.0736484, -0.0577299, -9.21094, 0.0159429, 0.741396, -0.670878, 1.46766, 0.0, 0.0, 0.0, 1.0]}, "0754dd106b3441ecbbbfde0fd6e10f63_d0_1.png": {"intrinsics": {"fx": 1075.72, "fy": 1075.66, "cx": 636.877, "cy": 515.013}, "camera_to_world_matrix": [0.90841, 0.276243, 0.313819, -6.79723, 0.418045, -0.610086, -0.673078, -9.19898, 0.00552329, 0.74262, -0.66969, 1.46763, 0.0, 0.0, 0.0, 1.0]}, "0754dd106b3441ecbbbfde0fd6e10f63_d0_2.png": {"intrinsics": {"fx": 1075.72, "fy": 1075.66, "cx": 636.877, "cy": 515.013}, "camera_to_world_matrix": [0.816295, -0.383679, -0.431802, -6.78273, -0.577633, -0.539887, -0.61226, -9.20017, 0.00178703, 0.749208, -0.662332, 1.46749, 0.0, 0.0, 0.0, 1.0]}, "0754dd106b3441ecbbbfde0fd6e10f63_d0_3.png": {"intrinsics": {"fx": 1075.72, "fy": 1075.66, "cx": 636.877, "cy": 515.013}, "camera_to_world_matrix": [-0.0920169, -0.652816, -0.751908, -6.77651, -0.995722, 0.0667473, 0.0639036, -9.21333, 0.00847056, 0.754571, -0.656164, 1.46737, 0.0, 0.0, 0.0, 1.0]}, "0754dd106b3441ecbbbfde0fd6e10f63_d0_4.png": {"intrinsics": {"fx": 1075.72, "fy": 1075.66, "cx": 636.877, "cy": 515.013}, "camera_to_world_matrix": [-0.908194, -0.262024, -0.326385, -6.7848, -0.418123, 0.60317, 0.679235, -9.22529, 0.0188901, 0.753346, -0.657353, 1.46739, 0.0, 0.0, 0.0, 1.0]}, "0754dd106b3441ecbbbfde0fd6e10f63_d0_5.png": {"intrinsics": {"fx": 1075.72, "fy": 1075.66, "cx": 636.877, "cy": 515.013}, "camera_to_world_matrix": [-0.816041, 0.397896, 0.419233, -6.7993, 0.577552, 0.532945, 0.618388, -9.2241, 0.0226259, 0.746759, -0.66471, 1.46754, 0.0, 0.0, 0.0, 1.0]}, "0754dd106b3441ecbbbfde0fd6e10f63_d1_0.png": {"intrinsics": {"fx": 1075.94, "fy": 1076.09, "cx": 629.693, "cy": 501.638}, "camera_to_world_matrix": [0.0821534, 0.011686, 0.996552, -6.79418, 0.996558, -0.0121227, -0.0820117, -9.212, 0.0111223, 0.999858, -0.0126413, 1.50079, 0.0, 0.0, 0.0, 1.0]}, "0754dd106b3441ecbbbfde0fd6e10f63_d1_1.png": {"intrinsics": {"fx": 1075.94, "fy": 1076.09, "cx": 629.693, "cy": 501.638}, "camera_to_world_matrix": [0.904158, 0.00409851, 0.42718, -6.79219, 0.427199, -0.0102796, -0.9041, -9.20913, 0.000685614, 0.999939, -0.0110448, 1.50079, 0.0, 0.0, 0.0, 1.0]}, "0754dd106b3441ecbbbfde0fd6e10f63_d1_2.png": {"intrinsics": {"fx": 1075.94, "fy": 1076.09, "cx": 629.693, "cy": 501.638}, "camera_to_world_matrix": [0.822053, 0.00190126, -0.569408, -6.7887, -0.569403, -0.00278671, -0.822055, -9.20941, -0.00314986, 0.999995, -0.00120787, 1.50075, 0.0, 0.0, 0.0, 1.0]}, "0754dd106b3441ecbbbfde0fd6e10f63_d1_3.png": {"intrinsics": {"fx": 1075.94, "fy": 1076.09, "cx": 629.693, "cy": 501.638}, "camera_to_world_matrix": [-0.082054, 0.00729157, -0.996602, -6.78721, -0.996622, 0.00286286, 0.0820765, -9.21258, 0.00345146, 0.99997, 0.00703239, 1.50073, 0.0, 0.0, 0.0, 1.0]}, "0754dd106b3441ecbbbfde0fd6e10f63_d1_4.png": {"intrinsics": {"fx": 1075.94, "fy": 1076.09, "cx": 629.693, "cy": 501.638}, "camera_to_world_matrix": [-0.904037, 0.014879, -0.427198, -6.7892, -0.427231, 0.00101947, 0.904142, -9.21545, 0.0138881, 0.999889, 0.0054355, 1.50073, 0.0, 0.0, 0.0, 1.0]}, "0754dd106b3441ecbbbfde0fd6e10f63_d1_5.png": {"intrinsics": {"fx": 1075.94, "fy": 1076.09, "cx": 629.693, "cy": 501.638}, "camera_to_world_matrix": [-0.821893, 0.017076, 0.569387, -6.79269, 0.569368, -0.00647346, 0.822058, -9.21517, 0.0177232, 0.999834, -0.00440162, 1.50077, 0.0, 0.0, 0.0, 1.0]}, "0754dd106b3441ecbbbfde0fd6e10f63_d2_0.png": {"intrinsics": {"fx": 1074.61, "fy": 1074.93, "cx": 630.692, "cy": 523.124}, "camera_to_world_matrix": [0.0797228, -0.663036, 0.74433, -6.80488, 0.996774, 0.0460417, -0.0657482, -9.21125, 0.00932327, 0.74717, 0.664567, 1.53415, 0.0, 0.0, 0.0, 1.0]}, "0754dd106b3441ecbbbfde0fd6e10f63_d2_1.png": {"intrinsics": {"fx": 1074.61, "fy": 1074.93, "cx": 630.692, "cy": 523.124}, "camera_to_world_matrix": [0.903113, -0.285129, 0.321072, -6.7966, 0.429401, 0.601624, -0.673545, -9.19929, -0.00111742, 0.746156, 0.66577, 1.53413, 0.0, 0.0, 0.0, 1.0]}, "0754dd106b3441ecbbbfde0fd6e10f63_d2_2.png": {"intrinsics": {"fx": 1074.61, "fy": 1074.93, "cx": 630.692, "cy": 523.124}, "camera_to_world_matrix": [0.823422, 0.384941, -0.416889, -6.7821, -0.567408, 0.55214, -0.610893, -9.20048, -0.00497674, 0.739569, 0.673062, 1.53399, 0.0, 0.0, 0.0, 1.0]}, "0754dd106b3441ecbbbfde0fd6e10f63_d2_3.png": {"intrinsics": {"fx": 1074.61, "fy": 1074.93, "cx": 630.692, "cy": 523.124}, "camera_to_world_matrix": [-0.079658, 0.67709, -0.731577, -6.77588, -0.996821, -0.0529262, 0.0595551, -9.21364, 0.00160469, 0.733995, 0.679153, 1.53387, 0.0, 0.0, 0.0, 1.0]}, "0754dd106b3441ecbbbfde0fd6e10f63_d2_4.png": {"intrinsics": {"fx": 1074.61, "fy": 1074.93, "cx": 630.692, "cy": 523.124}, "camera_to_world_matrix": [-0.903026, 0.299161, -0.308295, -6.78416, -0.429416, -0.608494, 0.667336, -9.2256, 0.0120453, 0.735009, 0.677951, 1.53389, 0.0, 0.0, 0.0, 1.0]}, "0754dd106b3441ecbbbfde0fd6e10f63_d2_5.png": {"intrinsics": {"fx": 1074.61, "fy": 1074.93, "cx": 630.692, "cy": 523.124}, "camera_to_world_matrix": [-0.823296, -0.370908, 0.429664, -6.79867, 0.567389, -0.558983, 0.604655, -9.2244, 0.0159042, 0.741597, 0.670657, 1.53403, 0.0, 0.0, 0.0, 1.0]}, "18558529e4e94421a20d252af5ddcbc0_d0_0.png": {"intrinsics": {"fx": 1075.72, "fy": 1075.66, "cx": 636.877, "cy": 515.013}, "camera_to_world_matrix": [-0.626651, -0.508496, -0.590543, 8.58815, -0.779233, 0.418799, 0.466265, -8.35211, 0.0102246, 0.752356, -0.658678, 1.47142, 0.0, 0.0, 0.0, 1.0]}, "18558529e4e94421a20d252af5ddcbc0_d0_1.png": {"intrinsics": {"fx": 1075.72, "fy": 1075.66, "cx": 636.877, "cy": 515.013}, "camera_to_world_matrix": [-0.98807, 0.11355, 0.104038, 8.57464, 0.153078, 0.650154, 0.744222, -8.3575, 0.0168658, 0.751269, -0.65978, 1.47144, 0.0, 0.0, 0.0, 1.0]}, "18558529e4e94421a20d252af5ddcbc0_d0_2.png": {"intrinsics": {"fx": 1075.72, "fy": 1075.66, "cx": 636.877, "cy": 515.013}, "camera_to_world_matrix": [-0.36135, 0.624918, 0.692029, 8.56321, 0.93224, 0.227126, 0.281679, -8.3485, 0.018848, 0.746921, -0.664645, 1.47153, 0.0, 0.0, 0.0, 1.0]}, "18558529e4e94421a20d252af5ddcbc0_d0_3.png": {"intrinsics": {"fx": 1075.72, "fy": 1075.66, "cx": 636.877, "cy": 515.013}, "camera_to_world_matrix": [0.626775, 0.514227, 0.585426, 8.5653, 0.779071, -0.427248, -0.458811, -8.3341, 0.014189, 0.74366, -0.668407, 1.47161, 0.0, 0.0, 0.0, 1.0]}, "18558529e4e94421a20d252af5ddcbc0_d0_4.png": {"intrinsics": {"fx": 1075.72, "fy": 1075.66, "cx": 636.877, "cy": 515.013}, "camera_to_world_matrix": [0.988158, -0.107828, -0.109165, 8.57881, -0.153255, -0.658579, -0.736741, -8.3287, 0.00754783, 0.744746, -0.667305, 1.47158, 0.0, 0.0, 0.0, 1.0]}, "18558529e4e94421a20d252af5ddcbc0_d0_5.png": {"intrinsics": {"fx": 1075.72, "fy": 1075.66, "cx": 636.877, "cy": 515.013}, "camera_to_world_matrix": [0.361408, -0.619179, -0.697138, 8.59024, -0.932391, -0.235531, -0.274175, -8.33771, 0.00556591, 0.749094, -0.66244, 1.47149, 0.0, 0.0, 0.0, 1.0]}, "18558529e4e94421a20d252af5ddcbc0_d1_0.png": {"intrinsics": {"fx": 1075.94, "fy": 1076.09, "cx": 629.693, "cy": 501.638}, "camera_to_world_matrix": [-0.618835, 0.00614801, -0.785497, 8.5796, -0.785504, 0.00182618, 0.618854, -8.34546, 0.00523905, 0.99998, 0.00369955, 1.50474, 0.0, 0.0, 0.0, 1.0]}, "18558529e4e94421a20d252af5ddcbc0_d1_1.png": {"intrinsics": {"fx": 1075.94, "fy": 1076.09, "cx": 629.693, "cy": 501.638}, "camera_to_world_matrix": [-0.989627, 0.0114553, 0.143208, 8.57635, 0.143172, -0.00390125, 0.98969, -8.34675, 0.0118958, 0.999927, 0.00222108, 1.50474, 0.0, 0.0, 0.0, 1.0]}, "18558529e4e94421a20d252af5ddcbc0_d1_2.png": {"intrinsics": {"fx": 1075.94, "fy": 1076.09, "cx": 629.693, "cy": 501.638}, "camera_to_world_matrix": [-0.370742, 0.00914861, 0.928691, 8.5736, 0.928632, -0.0113613, 0.37083, -8.34459, 0.0139435, 0.999894, -0.00428322, 1.50477, 0.0, 0.0, 0.0, 1.0]}, "18558529e4e94421a20d252af5ddcbc0_d1_3.png": {"intrinsics": {"fx": 1075.94, "fy": 1076.09, "cx": 629.693, "cy": 501.638}, "camera_to_world_matrix": [0.618921, 0.00153467, 0.785452, 8.5741, 0.785398, -0.0130937, -0.618853, -8.34112, 0.00933456, 0.999913, -0.0093089, 1.50478, 0.0, 0.0, 0.0, 1.0]}, "18558529e4e94421a20d252af5ddcbc0_d1_4.png": {"intrinsics": {"fx": 1075.94, "fy": 1076.09, "cx": 629.693, "cy": 501.638}, "camera_to_world_matrix": [0.989677, -0.0037724, -0.143268, 8.57735, -0.143293, -0.00736602, -0.989653, -8.33983, 0.00267791, 0.999966, -0.00783016, 1.50478, 0.0, 0.0, 0.0, 1.0]}, "18558529e4e94421a20d252af5ddcbc0_d1_5.png": {"intrinsics": {"fx": 1075.94, "fy": 1076.09, "cx": 629.693, "cy": 501.638}, "camera_to_world_matrix": [0.370761, -0.00146541, -0.928727, 8.5801, -0.928728, 9.39011e-05, -0.370762, -8.34199, 0.000630386, 0.999999, -0.00132578, 1.50476, 0.0, 0.0, 0.0, 1.0]}, "18558529e4e94421a20d252af5ddcbc0_d2_0.png": {"intrinsics": {"fx": 1074.61, "fy": 1074.93, "cx": 630.692, "cy": 523.124}, "camera_to_world_matrix": [-0.616944, 0.534116, -0.578014, 8.58841, -0.786999, -0.415523, 0.45604, -8.35248, 0.00340031, 0.736248, 0.676703, 1.53792, 0.0, 0.0, 0.0, 1.0]}, "18558529e4e94421a20d252af5ddcbc0_d2_1.png": {"intrinsics": {"fx": 1074.61, "fy": 1074.93, "cx": 630.692, "cy": 523.124}, "camera_to_world_matrix": [-0.989989, -0.087781, 0.110528, 8.5749, 0.140786, -0.669944, 0.72894, -8.35788, 0.0100606, 0.737204, 0.675596, 1.53794, 0.0, 0.0, 0.0, 1.0]}, "18558529e4e94421a20d252af5ddcbc0_d2_2.png": {"intrinsics": {"fx": 1074.61, "fy": 1074.93, "cx": 630.692, "cy": 523.124}, "camera_to_world_matrix": [-0.373001, -0.619049, 0.691121, 8.56347, 0.927751, -0.258579, 0.269098, -8.34887, 0.0121242, 0.741562, 0.670774, 1.53803, 0.0, 0.0, 0.0, 1.0]}, "18558529e4e94421a20d252af5ddcbc0_d2_3.png": {"intrinsics": {"fx": 1074.61, "fy": 1074.93, "cx": 630.692, "cy": 523.124}, "camera_to_world_matrix": [0.617017, -0.528409, 0.583158, 8.56555, 0.786914, 0.407198, -0.463634, -8.33447, 0.00752736, 0.744965, 0.667061, 1.5381, 0.0, 0.0, 0.0, 1.0]}, "18558529e4e94421a20d252af5ddcbc0_d2_4.png": {"intrinsics": {"fx": 1074.61, "fy": 1074.93, "cx": 630.692, "cy": 523.124}, "camera_to_world_matrix": [0.990025, 0.0934974, -0.105394, 8.57907, -0.140886, 0.661595, -0.736507, -8.32908, 0.000867049, 0.744009, 0.668168, 1.53808, 0.0, 0.0, 0.0, 1.0]}, "18558529e4e94421a20d252af5ddcbc0_d2_5.png": {"intrinsics": {"fx": 1074.61, "fy": 1074.93, "cx": 630.692, "cy": 523.124}, "camera_to_world_matrix": [0.373007, 0.62475, -0.685969, 8.59049, -0.927828, 0.250209, -0.276642, -8.33808, -0.00119623, 0.739651, 0.67299, 1.53799, 0.0, 0.0, 0.0, 1.0]}, "196e94d67ca840dabc136b80c1059839_d0_0.png": {"intrinsics": {"fx": 1075.72, "fy": 1075.66, "cx": 636.877, "cy": 515.013}, "camera_to_world_matrix": [0.622563, -0.523214, -0.581947, -10.3195, -0.782514, -0.407373, -0.470871, -0.617682, 0.00929655, 0.748529, -0.663037, 1.46027, 0.0, 0.0, 0.0, 1.0]}, "196e94d67ca840dabc136b80c1059839_d0_1.png": {"intrinsics": {"fx": 1075.72, "fy": 1075.66, "cx": 636.877, "cy": 515.013}, "camera_to_world_matrix": [-0.366375, -0.612323, -0.700593, -10.3172, -0.930398, 0.250294, 0.267793, -0.63205, 0.0113786, 0.749942, -0.661405, 1.46024, 0.0, 0.0, 0.0, 1.0]}, "196e94d67ca840dabc136b80c1059839_d0_2.png": {"intrinsics": {"fx": 1075.72, "fy": 1075.66, "cx": 636.877, "cy": 515.013}, "camera_to_world_matrix": [-0.988901, -0.0873161, -0.120208, -10.3285, -0.147885, 0.656295, 0.73987, -0.641222, 0.0142892, 0.749435, -0.661923, 1.46025, 0.0, 0.0, 0.0, 1.0]}, "196e94d67ca840dabc136b80c1059839_d0_3.png": {"intrinsics": {"fx": 1075.72, "fy": 1075.66, "cx": 636.877, "cy": 515.013}, "camera_to_world_matrix": [-0.622475, 0.526788, 0.578809, -10.3421, 0.782494, 0.404619, 0.473273, -0.636027, 0.0151177, 0.747515, -0.664073, 1.4603, 0.0, 0.0, 0.0, 1.0]}, "196e94d67ca840dabc136b80c1059839_d0_4.png": {"intrinsics": {"fx": 1075.72, "fy": 1075.66, "cx": 636.877, "cy": 515.013}, "camera_to_world_matrix": [0.36647, 0.615872, 0.697425, -10.3444, 0.930339, -0.253052, -0.265395, -0.621659, 0.0130356, 0.746101, -0.665705, 1.46033, 0.0, 0.0, 0.0, 1.0]}, "196e94d67ca840dabc136b80c1059839_d0_5.png": {"intrinsics": {"fx": 1075.72, "fy": 1075.66, "cx": 636.877, "cy": 515.013}, "camera_to_world_matrix": [0.988965, 0.0908488, 0.117022, -10.3331, 0.147801, -0.659032, -0.73745, -0.612487, 0.010125, 0.746608, -0.665187, 1.46032, 0.0, 0.0, 0.0, 1.0]}, "196e94d67ca840dabc136b80c1059839_d1_0.png": {"intrinsics": {"fx": 1075.94, "fy": 1076.09, "cx": 629.693, "cy": 501.638}, "camera_to_world_matrix": [0.630417, -0.00439296, -0.776244, -10.328, -0.776245, 0.00206105, -0.630429, -0.624709, 0.00436919, 0.999988, -0.00211032, 1.49353, 0.0, 0.0, 0.0, 1.0]}, "196e94d67ca840dabc136b80c1059839_d1_1.png": {"intrinsics": {"fx": 1075.94, "fy": 1076.09, "cx": 629.693, "cy": 501.638}, "camera_to_world_matrix": [-0.357033, 0.00236026, -0.934089, -10.3274, -0.93407, 0.0059812, 0.35704, -0.628165, 0.00642954, 0.99998, 6.95325e-05, 1.49352, 0.0, 0.0, 0.0, 1.0]}, "196e94d67ca840dabc136b80c1059839_d1_2.png": {"intrinsics": {"fx": 1075.94, "fy": 1076.09, "cx": 629.693, "cy": 501.638}, "camera_to_world_matrix": [-0.987424, 0.00913174, -0.15783, -10.3302, -0.157818, 0.00209273, 0.987466, -0.630372, 0.00934744, 0.999956, -0.000624898, 1.49353, 0.0, 0.0, 0.0, 1.0]}, "196e94d67ca840dabc136b80c1059839_d1_3.png": {"intrinsics": {"fx": 1075.94, "fy": 1076.09, "cx": 629.693, "cy": 501.638}, "camera_to_world_matrix": [-0.630352, 0.00914984, 0.776256, -10.3334, 0.776243, -0.00571579, 0.630409, -0.629122, 0.0102049, 0.999942, -0.00349916, 1.49354, 0.0, 0.0, 0.0, 1.0]}, "196e94d67ca840dabc136b80c1059839_d1_4.png": {"intrinsics": {"fx": 1075.94, "fy": 1076.09, "cx": 629.693, "cy": 501.638}, "camera_to_world_matrix": [0.357104, 0.00239647, 0.934062, -10.334, 0.93403, -0.00963568, -0.357067, -0.625666, 0.00814448, 0.999951, -0.00567893, 1.49354, 0.0, 0.0, 0.0, 1.0]}, "196e94d67ca840dabc136b80c1059839_d1_5.png": {"intrinsics": {"fx": 1075.94, "fy": 1076.09, "cx": 629.693, "cy": 501.638}, "camera_to_world_matrix": [0.987465, -0.00437486, 0.157778, -10.3313, 0.157752, -0.00574694, -0.987462, -0.623459, 0.00522661, 0.999974, -0.00498439, 1.49354, 0.0, 0.0, 0.0, 1.0]}, "196e94d67ca840dabc136b80c1059839_d2_0.png": {"intrinsics": {"fx": 1074.61, "fy": 1074.93, "cx": 630.692, "cy": 523.124}, "camera_to_world_matrix": [0.632298, 0.519746, -0.574511, -10.3193, -0.774721, 0.426628, -0.466686, -0.617803, 0.00254448, 0.74017, 0.672414, 1.52677, 0.0, 0.0, 0.0, 1.0]}, "196e94d67ca840dabc136b80c1059839_d2_1.png": {"intrinsics": {"fx": 1074.61, "fy": 1074.93, "cx": 630.692, "cy": 523.124}, "camera_to_world_matrix": [-0.354778, 0.631391, -0.689549, -10.317, -0.934939, -0.235957, 0.264976, -0.632171, 0.00459954, 0.738694, 0.674025, 1.52674, 0.0, 0.0, 0.0, 1.0]}, "196e94d67ca840dabc136b80c1059839_d2_2.png": {"intrinsics": {"fx": 1074.61, "fy": 1074.93, "cx": 630.692, "cy": 523.124}, "camera_to_world_matrix": [-0.987055, 0.113393, -0.113424, -10.3283, -0.160207, -0.663934, 0.730428, -0.641344, 0.00751916, 0.739144, 0.673505, 1.52675, 0.0, 0.0, 0.0, 1.0]}, "196e94d67ca840dabc136b80c1059839_d2_3.png": {"intrinsics": {"fx": 1074.61, "fy": 1074.93, "cx": 630.692, "cy": 523.124}, "camera_to_world_matrix": [-0.632242, -0.51624, 0.577725, -10.3419, 0.774725, -0.429315, 0.464208, -0.636149, 0.00838362, 0.74107, 0.671375, 1.52679, 0.0, 0.0, 0.0, 1.0]}, "196e94d67ca840dabc136b80c1059839_d2_4.png": {"intrinsics": {"fx": 1074.61, "fy": 1074.93, "cx": 630.692, "cy": 523.124}, "camera_to_world_matrix": [0.35484, -0.627859, 0.692735, -10.3442, 0.934905, 0.233275, -0.267459, -0.621781, 0.00632842, 0.742547, 0.669764, 1.52683, 0.0, 0.0, 0.0, 1.0]}, "196e94d67ca840dabc136b80c1059839_d2_5.png": {"intrinsics": {"fx": 1074.61, "fy": 1074.93, "cx": 630.692, "cy": 523.124}, "camera_to_world_matrix": [0.987087, -0.109843, 0.116592, -10.3329, 0.160149, 0.661232, -0.732888, -0.612609, 0.00340887, 0.742097, 0.670284, 1.52682, 0.0, 0.0, 0.0, 1.0]}, "1cd414875b9b4311bc6a179d91e6270d_d0_0.png": {"intrinsics": {"fx": 1075.72, "fy": 1075.66, "cx": 636.877, "cy": 515.013}, "camera_to_world_matrix": [-0.536337, 0.565615, 0.626436, 9.02937, 0.843983, 0.354231, 0.402757, -2.30554, 0.00590231, 0.744715, -0.667357, 1.45323, 0.0, 0.0, 0.0, 1.0]}, "1cd414875b9b4311bc6a179d91e6270d_d0_1.png": {"intrinsics": {"fx": 1075.72, "fy": 1075.66, "cx": 636.877, "cy": 515.013}, "camera_to_world_matrix": [0.462695, 0.584717, 0.666348, 9.02861, 0.886506, -0.309151, -0.344288, -2.29101, 0.00469138, 0.750021, -0.661397, 1.45311, 0.0, 0.0, 0.0, 1.0]}, "1cd414875b9b4311bc6a179d91e6270d_d0_2.png": {"intrinsics": {"fx": 1075.72, "fy": 1075.66, "cx": 636.877, "cy": 515.013}, "camera_to_world_matrix": [0.999032, 0.0197399, 0.0393195, 9.04081, 0.0426001, -0.657373, -0.752361, -2.28308, 0.010996, 0.753307, -0.657577, 1.45304, 0.0, 0.0, 0.0, 1.0]}, "1cd414875b9b4311bc6a179d91e6270d_d0_3.png": {"intrinsics": {"fx": 1075.72, "fy": 1075.66, "cx": 636.877, "cy": 515.013}, "camera_to_world_matrix": [0.536326, -0.564327, -0.627607, 9.05377, -0.843809, -0.342205, -0.413381, -2.28968, 0.0185115, 0.751287, -0.659716, 1.45308, 0.0, 0.0, 0.0, 1.0]}, "1cd414875b9b4311bc6a179d91e6270d_d0_4.png": {"intrinsics": {"fx": 1075.72, "fy": 1075.66, "cx": 636.877, "cy": 515.013}, "camera_to_world_matrix": [-0.462708, -0.583403, -0.66749, 9.05454, -0.886292, 0.321178, 0.333665, -2.30421, 0.0197221, 0.74598, -0.665676, 1.45319, 0.0, 0.0, 0.0, 1.0]}, "1cd414875b9b4311bc6a179d91e6270d_d0_5.png": {"intrinsics": {"fx": 1075.72, "fy": 1075.66, "cx": 636.877, "cy": 515.013}, "camera_to_world_matrix": [-0.999012, -0.0184115, -0.0404455, 9.04234, -0.0423651, 0.669378, 0.741714, -2.31214, 0.0134173, 0.742694, -0.669496, 1.45327, 0.0, 0.0, 0.0, 1.0]}, "1cd414875b9b4311bc6a179d91e6270d_d1_0.png": {"intrinsics": {"fx": 1075.94, "fy": 1076.09, "cx": 629.693, "cy": 501.638}, "camera_to_world_matrix": [-0.544824, 0.00719315, 0.83852, 9.03867, 0.83855, 0.0034415, 0.544814, -2.29925, 0.00103303, 0.999968, -0.00790645, 1.48642, 0.0, 0.0, 0.0, 1.0]}, "1cd414875b9b4311bc6a179d91e6270d_d1_1.png": {"intrinsics": {"fx": 1075.94, "fy": 1076.09, "cx": 629.693, "cy": 501.638}, "camera_to_world_matrix": [0.453777, 6.34184e-05, 0.891115, 9.03848, 0.891115, 0.000257228, -0.453777, -2.29576, -0.000258136, 1.0, 6.05793e-05, 1.48639, 0.0, 0.0, 0.0, 1.0]}, "1cd414875b9b4311bc6a179d91e6270d_d1_2.png": {"intrinsics": {"fx": 1075.94, "fy": 1076.09, "cx": 629.693, "cy": 501.638}, "camera_to_world_matrix": [0.998598, -0.00625918, 0.0525732, 9.04142, 0.0526038, 0.00483952, -0.998604, -2.29385, 0.00599587, 0.999969, 0.00516236, 1.48637, 0.0, 0.0, 0.0, 1.0]}, "1cd414875b9b4311bc6a179d91e6270d_d1_3.png": {"intrinsics": {"fx": 1075.94, "fy": 1076.09, "cx": 629.693, "cy": 501.638}, "camera_to_world_matrix": [0.544804, -0.0054519, -0.838546, 9.04454, -0.838454, 0.012606, -0.544827, -2.29544, 0.0135409, 0.999906, 0.002297, 1.48638, 0.0, 0.0, 0.0, 1.0]}, "1cd414875b9b4311bc6a179d91e6270d_d1_4.png": {"intrinsics": {"fx": 1075.94, "fy": 1076.09, "cx": 629.693, "cy": 501.638}, "camera_to_world_matrix": [-0.4538, 0.00167795, -0.891103, 9.04472, -0.890981, 0.01579, 0.453767, -2.29893, 0.0148318, 0.999874, -0.00567009, 1.48641, 0.0, 0.0, 0.0, 1.0]}, "1cd414875b9b4311bc6a179d91e6270d_d1_5.png": {"intrinsics": {"fx": 1075.94, "fy": 1076.09, "cx": 629.693, "cy": 501.638}, "camera_to_world_matrix": [-0.998587, 0.00800037, -0.0525389, 9.04179, -0.0524477, 0.0112074, 0.998561, -2.30084, 0.00857755, 0.999906, -0.0107716, 1.48643, 0.0, 0.0, 0.0, 1.0]}, "1cd414875b9b4311bc6a179d91e6270d_d2_0.png": {"intrinsics": {"fx": 1074.61, "fy": 1074.93, "cx": 630.692, "cy": 523.124}, "camera_to_world_matrix": [-0.546862, -0.559673, 0.622663, 9.02943, 0.837223, -0.364879, 0.407335, -2.30501, -0.000777617, 0.744063, 0.668109, 1.51972, 0.0, 0.0, 0.0, 1.0]}, "1cd414875b9b4311bc6a179d91e6270d_d2_1.png": {"intrinsics": {"fx": 1074.61, "fy": 1074.93, "cx": 630.692, "cy": 523.124}, "camera_to_world_matrix": [0.451621, -0.600665, 0.659727, 9.02866, 0.892207, 0.305776, -0.332366, -2.29048, -0.00208812, 0.738717, 0.674012, 1.51961, 0.0, 0.0, 0.0, 1.0]}, "1cd414875b9b4311bc6a179d91e6270d_d2_2.png": {"intrinsics": {"fx": 1074.61, "fy": 1074.93, "cx": 630.692, "cy": 523.124}, "camera_to_world_matrix": [0.998477, -0.0403335, 0.0376349, 9.04086, 0.0550084, 0.676591, -0.734302, -2.28255, 0.00415359, 0.735254, 0.677779, 1.51953, 0.0, 0.0, 0.0, 1.0]}, "1cd414875b9b4311bc6a179d91e6270d_d2_3.png": {"intrinsics": {"fx": 1074.61, "fy": 1074.93, "cx": 630.692, "cy": 523.124}, "camera_to_world_matrix": [0.546838, 0.560977, -0.621508, 9.05383, -0.837156, 0.376742, -0.396528, -2.28915, 0.0117056, 0.737136, 0.675642, 1.51958, 0.0, 0.0, 0.0, 1.0]}, "1cd414875b9b4311bc6a179d91e6270d_d2_4.png": {"intrinsics": {"fx": 1074.61, "fy": 1074.93, "cx": 630.692, "cy": 523.124}, "camera_to_world_matrix": [-0.451646, 0.601942, -0.658544, 9.0546, -0.892102, -0.293914, 0.343174, -2.30368, 0.0130158, 0.742482, 0.669739, 1.51969, 0.0, 0.0, 0.0, 1.0]}, "1cd414875b9b4311bc6a179d91e6270d_d2_5.png": {"intrinsics": {"fx": 1074.61, "fy": 1074.93, "cx": 630.692, "cy": 523.124}, "camera_to_world_matrix": [-0.99847, 0.0415967, -0.036436, 9.04239, -0.0548816, -0.664707, 0.745086, -2.31161, 0.0067739, 0.745945, 0.665972, 1.51977, 0.0, 0.0, 0.0, 1.0]}, "1e1e9007512a4bc79d5d2f1da5de91c6_d0_0.png": {"intrinsics": {"fx": 1075.72, "fy": 1075.66, "cx": 636.877, "cy": 515.013}, "camera_to_world_matrix": [0.864915, -0.344882, -0.364663, -2.64655, -0.501539, -0.565576, -0.654663, -7.53213, 0.019537, 0.74912, -0.662146, 1.47397, 0.0, 0.0, 0.0, 1.0]}, "1e1e9007512a4bc79d5d2f1da5de91c6_d0_1.png": {"intrinsics": {"fx": 1075.72, "fy": 1075.66, "cx": 636.877, "cy": 515.013}, "camera_to_world_matrix": [-0.00201005, -0.667653, -0.744469, -2.63917, -0.999846, 0.0143071, -0.0101313, -7.54468, 0.0174155, 0.744335, -0.667579, 1.47407, 0.0, 0.0, 0.0, 1.0]}, "1e1e9007512a4bc79d5d2f1da5de91c6_d0_2.png": {"intrinsics": {"fx": 1075.72, "fy": 1075.66, "cx": 636.877, "cy": 515.013}, "camera_to_world_matrix": [-0.866991, -0.326831, -0.376175, -2.64634, -0.498221, 0.583787, 0.641068, -7.55733, 0.0100852, 0.743219, -0.668972, 1.4741, 0.0, 0.0, 0.0, 1.0]}, "1e1e9007512a4bc79d5d2f1da5de91c6_d0_3.png": {"intrinsics": {"fx": 1075.72, "fy": 1075.66, "cx": 636.877, "cy": 515.013}, "camera_to_world_matrix": [-0.865028, 0.336755, 0.371917, -2.66089, 0.5017, 0.573371, 0.647721, -7.55745, 0.00487668, 0.746888, -0.664932, 1.47402, 0.0, 0.0, 0.0, 1.0]}, "1e1e9007512a4bc79d5d2f1da5de91c6_d0_4.png": {"intrinsics": {"fx": 1075.72, "fy": 1075.66, "cx": 636.877, "cy": 515.013}, "camera_to_world_matrix": [0.00191613, 0.659504, 0.751699, -2.66827, 0.999974, -0.00652442, 0.00317524, -7.54491, 0.00699848, 0.751673, -0.659499, 1.47391, 0.0, 0.0, 0.0, 1.0]}, "1e1e9007512a4bc79d5d2f1da5de91c6_d0_5.png": {"intrinsics": {"fx": 1075.72, "fy": 1075.66, "cx": 636.877, "cy": 515.013}, "camera_to_world_matrix": [0.866878, 0.318659, 0.383379, -2.6611, 0.498315, -0.575991, -0.64801, -7.53225, 0.0143288, 0.752789, -0.658106, 1.47389, 0.0, 0.0, 0.0, 1.0]}, "1e1e9007512a4bc79d5d2f1da5de91c6_d1_0.png": {"intrinsics": {"fx": 1075.94, "fy": 1076.09, "cx": 629.693, "cy": 501.638}, "camera_to_world_matrix": [0.869982, -0.0131701, -0.492907, -2.65218, -0.492867, 0.00637069, -0.870082, -7.54158, 0.0145991, 0.999893, -0.000948345, 1.50724, 0.0, 0.0, 0.0, 1.0]}, "1e1e9007512a4bc79d5d2f1da5de91c6_d1_1.png": {"intrinsics": {"fx": 1075.94, "fy": 1076.09, "cx": 629.693, "cy": 501.638}, "camera_to_world_matrix": [0.00806916, -0.00831122, -0.999933, -2.6504, -0.999889, 0.0124834, -0.00817273, -7.54459, 0.0125503, 0.999888, -0.00820919, 1.50726, 0.0, 0.0, 0.0, 1.0]}, "1e1e9007512a4bc79d5d2f1da5de91c6_d1_2.png": {"intrinsics": {"fx": 1075.94, "fy": 1076.09, "cx": 629.693, "cy": 501.638}, "camera_to_world_matrix": [-0.861953, -0.000588178, -0.506988, -2.65213, -0.506961, 0.0113319, 0.861894, -7.54764, 0.00523803, 0.999936, -0.0100653, 1.50727, 0.0, 0.0, 0.0, 1.0]}, "1e1e9007512a4bc79d5d2f1da5de91c6_d1_3.png": {"intrinsics": {"fx": 1075.94, "fy": 1076.09, "cx": 629.693, "cy": 501.638}, "camera_to_world_matrix": [-0.870043, 0.00227581, 0.492972, -2.65563, 0.492977, 0.00406768, 0.870033, -7.54767, -2.53539e-05, 0.999989, -0.0046606, 1.50725, 0.0, 0.0, 0.0, 1.0]}, "1e1e9007512a4bc79d5d2f1da5de91c6_d1_4.png": {"intrinsics": {"fx": 1075.94, "fy": 1076.09, "cx": 629.693, "cy": 501.638}, "camera_to_world_matrix": [-0.00810951, -0.0025833, 0.999964, -2.6574, 0.999965, -0.00204482, 0.00810429, -7.54465, 0.00202367, 0.999995, 0.00260016, 1.50722, 0.0, 0.0, 0.0, 1.0]}, "1e1e9007512a4bc79d5d2f1da5de91c6_d1_5.png": {"intrinsics": {"fx": 1075.94, "fy": 1076.09, "cx": 629.693, "cy": 501.638}, "camera_to_world_matrix": [0.861894, -0.0103063, 0.506985, -2.65568, 0.507004, -0.000893002, -0.861944, -7.5416, 0.00933604, 0.999947, 0.00445602, 1.50722, 0.0, 0.0, 0.0, 1.0]}, "1e1e9007512a4bc79d5d2f1da5de91c6_d2_0.png": {"intrinsics": {"fx": 1074.61, "fy": 1074.93, "cx": 630.692, "cy": 523.124}, "camera_to_world_matrix": [0.871194, 0.322234, -0.370387, -2.64691, -0.490773, 0.591252, -0.63997, -7.53179, 0.0127717, 0.739314, 0.67324, 1.54046, 0.0, 0.0, 0.0, 1.0]}, "1e1e9007512a4bc79d5d2f1da5de91c6_d2_1.png": {"intrinsics": {"fx": 1074.61, "fy": 1074.93, "cx": 630.692, "cy": 523.124}, "camera_to_world_matrix": [0.0105013, 0.667783, -0.744281, -2.63953, -0.999887, 0.0150073, -0.000642803, -7.54433, 0.0107405, 0.744204, 0.667866, 1.54057, 0.0, 0.0, 0.0, 1.0]}, "1e1e9007512a4bc79d5d2f1da5de91c6_d2_2.png": {"intrinsics": {"fx": 1074.61, "fy": 1074.93, "cx": 630.692, "cy": 523.124}, "camera_to_world_matrix": [-0.860722, 0.341499, -0.377538, -2.64671, -0.509063, -0.57238, 0.642834, -7.55699, 0.00343263, 0.745493, 0.666505, 1.5406, 0.0, 0.0, 0.0, 1.0]}, "1e1e9007512a4bc79d5d2f1da5de91c6_d2_3.png": {"intrinsics": {"fx": 1074.61, "fy": 1074.93, "cx": 630.692, "cy": 523.124}, "camera_to_world_matrix": [-0.871234, -0.330326, 0.363092, -2.66126, 0.490864, -0.583509, 0.64697, -7.55711, -0.00184388, 0.741891, 0.670518, 1.54052, 0.0, 0.0, 0.0, 1.0]}, "1e1e9007512a4bc79d5d2f1da5de91c6_d2_4.png": {"intrinsics": {"fx": 1074.61, "fy": 1074.93, "cx": 630.692, "cy": 523.124}, "camera_to_world_matrix": [-0.0105219, -0.675853, 0.736961, -2.66863, 0.999944, -0.00724975, 0.00762782, -7.54457, 0.000187549, 0.737001, 0.675891, 1.54041, 0.0, 0.0, 0.0, 1.0]}, "1e1e9007512a4bc79d5d2f1da5de91c6_d2_5.png": {"intrinsics": {"fx": 1074.61, "fy": 1074.93, "cx": 630.692, "cy": 523.124}, "camera_to_world_matrix": [0.860683, -0.349546, 0.370193, -2.66146, 0.509086, 0.580125, -0.635835, -7.53191, 0.00749551, 0.735713, 0.677252, 1.54039, 0.0, 0.0, 0.0, 1.0]}, "1e860d820a754b15a68ec56bd7cdd451_d0_0.png": {"intrinsics": {"fx": 1075.72, "fy": 1075.66, "cx": 636.877, "cy": 515.013}, "camera_to_world_matrix": [0.804886, 0.388388, 0.44868, 2.80334, 0.593196, -0.547783, -0.58996, -7.77409, 0.0166461, 0.741005, -0.671293, 1.49002, 0.0, 0.0, 0.0, 1.0]}, "1e860d820a754b15a68ec56bd7cdd451_d0_1.png": {"intrinsics": {"fx": 1075.72, "fy": 1075.66, "cx": 636.877, "cy": 515.013}, "camera_to_world_matrix": [0.916303, -0.27211, -0.293846, 2.81778, -0.400451, -0.612666, -0.681381, -7.77232, 0.00538139, 0.742022, -0.670354, 1.49, 0.0, 0.0, 0.0, 1.0]}, "1e860d820a754b15a68ec56bd7cdd451_d0_2.png": {"intrinsics": {"fx": 1075.72, "fy": 1075.66, "cx": 636.877, "cy": 515.013}, "camera_to_world_matrix": [0.111428, -0.658529, -0.744261, 2.82653, -0.993772, -0.0731283, -0.0840789, -7.78394, 0.000941854, 0.748994, -0.662576, 1.48985, 0.0, 0.0, 0.0, 1.0]}, "1e860d820a754b15a68ec56bd7cdd451_d0_3.png": {"intrinsics": {"fx": 1075.72, "fy": 1075.66, "cx": 636.877, "cy": 515.013}, "camera_to_world_matrix": [-0.804846, -0.384441, -0.452139, 2.82084, -0.593434, 0.531279, 0.604631, -7.79733, 0.00776718, 0.754949, -0.655738, 1.48971, 0.0, 0.0, 0.0, 1.0]}, "1e860d820a754b15a68ec56bd7cdd451_d0_4.png": {"intrinsics": {"fx": 1075.72, "fy": 1075.66, "cx": 636.877, "cy": 515.013}, "camera_to_world_matrix": [-0.916223, 0.27606, 0.290391, 2.80639, 0.400217, 0.596136, 0.696023, -7.7991, 0.0190318, 0.753932, -0.656677, 1.48973, 0.0, 0.0, 0.0, 1.0]}, "1e860d820a754b15a68ec56bd7cdd451_d0_5.png": {"intrinsics": {"fx": 1075.72, "fy": 1075.66, "cx": 636.877, "cy": 515.013}, "camera_to_world_matrix": [-0.111325, 0.662457, 0.740782, 2.79764, 0.993507, 0.0565834, 0.0987035, -7.78748, 0.0234709, 0.74696, -0.664455, 1.48988, 0.0, 0.0, 0.0, 1.0]}, "1e860d820a754b15a68ec56bd7cdd451_d1_0.png": {"intrinsics": {"fx": 1075.94, "fy": 1076.09, "cx": 629.693, "cy": 501.638}, "camera_to_world_matrix": [0.798906, -0.00151062, 0.601454, 2.81007, 0.60134, -0.0176651, -0.798799, -7.78328, 0.0118313, 0.999843, -0.013204, 1.52315, 0.0, 0.0, 0.0, 1.0]}, "1e860d820a754b15a68ec56bd7cdd451_d1_1.png": {"intrinsics": {"fx": 1075.94, "fy": 1076.09, "cx": 629.693, "cy": 501.638}, "camera_to_world_matrix": [0.920313, -0.00517976, -0.39115, 2.81354, -0.391184, -0.0107728, -0.92025, -7.78286, 0.000552754, 0.999929, -0.0119402, 1.52314, 0.0, 0.0, 0.0, 1.0]}, "1e860d820a754b15a68ec56bd7cdd451_d1_2.png": {"intrinsics": {"fx": 1075.94, "fy": 1076.09, "cx": 629.693, "cy": 501.638}, "camera_to_world_matrix": [0.121405, -0.00104492, -0.992603, 2.81565, -0.992596, -0.00414914, -0.121399, -7.78565, -0.00399173, 0.999991, -0.00154054, 1.52311, 0.0, 0.0, 0.0, 1.0]}, "1e860d820a754b15a68ec56bd7cdd451_d1_3.png":