{"013d8ca6e6254d788b226f92b2954f6c_d0_0.png": {"intrinsics": {"fx": 1075.37, "fy": 1076.01, "cx": 634.018, "cy": 514.318}, "camera_to_world_matrix": [0.971808, -0.167378, -0.166059, -4.16507, -0.235577, -0.660275, -0.713121, 9.62829, 0.00971588, 0.732136, -0.681089, 1.68095, 0.0, 0.0, 0.0, 1.0]}, "013d8ca6e6254d788b226f92b2954f6c_d0_1.png": {"intrinsics": {"fx": 1075.37, "fy": 1076.01, "cx": 634.018, "cy": 514.318}, "camera_to_world_matrix": [0.281985, -0.651689, -0.704121, -4.15452, -0.959403, -0.195881, -0.202924, 9.61827, -0.00568064, 0.732757, -0.680467, 1.68093, 0.0, 0.0, 0.0, 1.0]}, "013d8ca6e6254d788b226f92b2954f6c_d0_2.png": {"intrinsics": {"fx": 1075.37, "fy": 1076.01, "cx": 634.018, "cy": 514.318}, "camera_to_world_matrix": [-0.689857, -0.491702, -0.531346, -4.15791, -0.723837, 0.455684, 0.518086, 9.60412, -0.0126182, 0.742013, -0.670268, 1.68073, 0.0, 0.0, 0.0, 1.0]}, "013d8ca6e6254d788b226f92b2954f6c_d0_3.png": {"intrinsics": {"fx": 1075.37, "fy": 1076.01, "cx": 634.018, "cy": 514.318}, "camera_to_world_matrix": [-0.971854, 0.152594, 0.179488, -4.17186, 0.23555, 0.642842, 0.728884, 9.59999, -0.00415908, 0.750647, -0.660691, 1.68055, 0.0, 0.0, 0.0, 1.0]}, "013d8ca6e6254d788b226f92b2954f6c_d0_4.png": {"intrinsics": {"fx": 1075.37, "fy": 1076.01, "cx": 634.018, "cy": 514.318}, "camera_to_world_matrix": [-0.282003, 0.636888, 0.71753, -4.18242, 0.959349, 0.178429, 0.218666, 9.61001, 0.0112374, 0.750026, -0.661314, 1.68056, 0.0, 0.0, 0.0, 1.0]}, "013d8ca6e6254d788b226f92b2954f6c_d0_5.png": {"intrinsics": {"fx": 1075.37, "fy": 1076.01, "cx": 634.018, "cy": 514.318}, "camera_to_world_matrix": [0.68983, 0.476874, 0.544726, -4.17902, 0.723744, -0.47313, -0.502338, 9.62416, 0.0181744, 0.74077, -0.671513, 1.68076, 0.0, 0.0, 0.0, 1.0]}, "013d8ca6e6254d788b226f92b2954f6c_d1_0.png": {"intrinsics": {"fx": 1077.23, "fy": 1077.93, "cx": 646.859, "cy": 520.574}, "camera_to_world_matrix": [0.972151, -0.0198195, -0.233518, -4.16798, -0.233697, -0.00724193, -0.972283, 9.61715, 0.0175789, 0.999778, -0.0116716, 1.71404, 0.0, 0.0, 0.0, 1.0]}, "013d8ca6e6254d788b226f92b2954f6c_d1_1.png": {"intrinsics": {"fx": 1077.23, "fy": 1077.93, "cx": 646.859, "cy": 520.574}, "camera_to_world_matrix": [0.283825, -0.0109986, -0.958813, -4.16544, -0.958874, -0.00098055, -0.283832, 9.61474, 0.00218147, 0.999939, -0.0108241, 1.71404, 0.0, 0.0, 0.0, 1.0]}, "013d8ca6e6254d788b226f92b2954f6c_d1_2.png": {"intrinsics": {"fx": 1077.23, "fy": 1077.93, "cx": 646.859, "cy": 520.574}, "camera_to_world_matrix": [-0.688438, -0.00116465, -0.725295, -4.16626, -0.72528, -0.00548961, 0.688433, 9.61134, -0.00478347, 0.999985, 0.00293498, 1.71399, 0.0, 0.0, 0.0, 1.0]}, "013d8ca6e6254d788b226f92b2954f6c_d1_3.png": {"intrinsics": {"fx": 1077.23, "fy": 1077.93, "cx": 646.859, "cy": 520.574}, "camera_to_world_matrix": [-0.972354, -0.000151869, 0.233514, -4.16962, 0.233486, -0.0162599, 0.972224, 9.61035, 0.00364917, 0.999868, 0.0158463, 1.71394, 0.0, 0.0, 0.0, 1.0]}, "013d8ca6e6254d788b226f92b2954f6c_d1_4.png": {"intrinsics": {"fx": 1077.23, "fy": 1077.93, "cx": 646.859, "cy": 520.574}, "camera_to_world_matrix": [-0.284, -0.00897302, 0.958783, -4.17215, 0.958636, -0.022521, 0.283745, 9.61276, 0.0190466, 0.999706, 0.0149982, 1.71395, 0.0, 0.0, 0.0, 1.0]}, "013d8ca6e6254d788b226f92b2954f6c_d1_5.png": {"intrinsics": {"fx": 1077.23, "fy": 1077.93, "cx": 646.859, "cy": 520.574}, "camera_to_world_matrix": [0.688255, -0.0188067, 0.725226, -4.17134, 0.725003, -0.0180115, -0.68851, 9.61616, 0.026011, 0.999661, 0.00123886, 1.714, 0.0, 0.0, 0.0, 1.0]}, "013d8ca6e6254d788b226f92b2954f6c_d2_0.png": {"intrinsics": {"fx": 1078.98, "fy": 1079.02, "cx": 633.992, "cy": 507.506}, "camera_to_world_matrix": [0.973786, 0.144564, -0.175626, -4.16573, -0.227269, 0.650894, -0.724352, 9.62751, 0.00959842, 0.745277, 0.666687, 1.74744, 0.0, 0.0, 0.0, 1.0]}, "013d8ca6e6254d788b226f92b2954f6c_d2_1.png": {"intrinsics": {"fx": 1078.98, "fy": 1079.02, "cx": 633.992, "cy": 507.506}, "camera_to_world_matrix": [0.290168, 0.639818, -0.711643, -4.15518, -0.956959, 0.189487, -0.219831, 9.61749, -0.00580501, 0.744801, 0.667263, 1.74743, 0.0, 0.0, 0.0, 1.0]}, "013d8ca6e6254d788b226f92b2954f6c_d2_2.png": {"intrinsics": {"fx": 1078.98, "fy": 1079.02, "cx": 633.992, "cy": 507.506}, "camera_to_world_matrix": [-0.68365, 0.487889, -0.542761, -4.15858, -0.729698, -0.470062, 0.496571, 9.60334, -0.0128599, 0.735532, 0.677369, 1.74723, 0.0, 0.0, 0.0, 1.0]}, "013d8ca6e6254d788b226f92b2954f6c_d2_3.png": {"intrinsics": {"fx": 1078.98, "fy": 1079.02, "cx": 633.992, "cy": 507.506}, "camera_to_world_matrix": [-0.973828, -0.159291, 0.162135, -4.17253, 0.227247, -0.668189, 0.708437, 9.59921, -0.00451122, 0.72674, 0.686899, 1.74704, 0.0, 0.0, 0.0, 1.0]}, "013d8ca6e6254d788b226f92b2954f6c_d2_4.png": {"intrinsics": {"fx": 1078.98, "fy": 1079.02, "cx": 633.992, "cy": 507.506}, "camera_to_world_matrix": [-0.290181, -0.654527, 0.698133, -4.18308, 0.956911, -0.206762, 0.203895, 9.60923, 0.0108922, 0.727217, 0.686323, 1.74705, 0.0, 0.0, 0.0, 1.0]}, "013d8ca6e6254d788b226f92b2954f6c_d2_5.png": {"intrinsics": {"fx": 1078.98, "fy": 1079.02, "cx": 633.992, "cy": 507.506}, "camera_to_world_matrix": [0.683627, -0.502572, 0.529222, -4.17968, 0.729612, 0.452781, -0.512501, 9.62338, 0.0179466, 0.736486, 0.676216, 1.74725, 0.0, 0.0, 0.0, 1.0]}, "019eb9153bc6402fb99b1dcfa8bcf303_d0_0.png": {"intrinsics": {"fx": 1075.37, "fy": 1076.01, "cx": 634.018, "cy": 514.318}, "camera_to_world_matrix": [0.974464, -0.154089, -0.163337, -3.22461, -0.224461, -0.647997, -0.727817, -0.0127171, 0.00630712, 0.745894, -0.666035, -1.745, 0.0, 0.0, 0.0, 1.0]}, "019eb9153bc6402fb99b1dcfa8bcf303_d0_1.png": {"intrinsics": {"fx": 1075.37, "fy": 1076.01, "cx": 634.018, "cy": 514.318}, "camera_to_world_matrix": [0.292794, -0.643616, -0.707128, -3.21394, -0.956121, -0.189124, -0.223754, -0.0226138, 0.0102765, 0.741614, -0.670748, -1.74491, 0.0, 0.0, 0.0, 1.0]}, "019eb9153bc6402fb99b1dcfa8bcf303_d0_2.png": {"intrinsics": {"fx": 1075.37, "fy": 1076.01, "cx": 634.018, "cy": 514.318}, "camera_to_world_matrix": [-0.681682, -0.49096, -0.542466, -3.21718, -0.731619, 0.464249, 0.499208, -0.0367986, 0.00674765, 0.737179, -0.675664, -1.74481, 0.0, 0.0, 0.0, 1.0]}, "019eb9153bc6402fb99b1dcfa8bcf303_d0_3.png": {"intrinsics": {"fx": 1075.37, "fy": 1076.01, "cx": 634.018, "cy": 514.318}, "camera_to_world_matrix": [-0.974466, 0.15122, 0.165985, -3.23108, 0.224539, 0.658734, 0.71809, -0.0410865, -0.00075061, 0.737024, -0.675867, -1.74481, 0.0, 0.0, 0.0, 1.0]}, "019eb9153bc6402fb99b1dcfa8bcf303_d0_4.png": {"intrinsics": {"fx": 1075.37, "fy": 1076.01, "cx": 634.018, "cy": 514.318}, "camera_to_world_matrix": [-0.292767, 0.640729, 0.709757, -3.24175, 0.956173, 0.199842, 0.214005, -0.0311894, -0.00471977, 0.741304, -0.671153, -1.7449, 0.0, 0.0, 0.0, 1.0]}, "019eb9153bc6402fb99b1dcfa8bcf303_d0_5.png": {"intrinsics": {"fx": 1075.37, "fy": 1076.01, "cx": 634.018, "cy": 514.318}, "camera_to_world_matrix": [0.6817, 0.488047, 0.545066, -3.23851, 0.731632, -0.453525, -0.50895, -0.0170047, -0.00119063, 0.745739, -0.666238, -1.745, 0.0, 0.0, 0.0, 1.0]}, "019eb9153bc6402fb99b1dcfa8bcf303_d1_0.png": {"intrinsics": {"fx": 1077.23, "fy": 1077.93, "cx": 646.859, "cy": 520.574}, "camera_to_world_matrix": [0.974847, -0.0118367, -0.222561, -3.22713, -0.222428, 0.0116404, -0.97488, -0.0232489, 0.0141299, 0.999862, 0.00871525, -1.71168, 0.0, 0.0, 0.0, 1.0]}, "019eb9153bc6402fb99b1dcfa8bcf303_d1_1.png": {"intrinsics": {"fx": 1077.23, "fy": 1077.93, "cx": 646.859, "cy": 520.574}, "camera_to_world_matrix": [0.29469, -0.00308632, -0.955588, -3.22456, -0.955422, 0.018002, -0.294696, -0.0256295, 0.018112, 0.999834, 0.0023567, -1.71166, 0.0, 0.0, 0.0, 1.0]}, "019eb9153bc6402fb99b1dcfa8bcf303_d1_2.png": {"intrinsics": {"fx": 1077.23, "fy": 1077.93, "cx": 646.859, "cy": 520.574}, "camera_to_world_matrix": [-0.680185, 0.00679814, -0.73301, -3.22534, -0.732896, 0.013605, 0.680205, -0.0290417, 0.0145966, 0.999885, -0.00427114, -1.71163, 0.0, 0.0, 0.0, 1.0]}, "019eb9153bc6402fb99b1dcfa8bcf303_d1_3.png": {"intrinsics": {"fx": 1077.23, "fy": 1077.93, "cx": 646.859, "cy": 520.574}, "camera_to_world_matrix": [-0.97488, 0.00793204, 0.222591, -3.22869, 0.222619, 0.00284639, 0.974901, -0.0300731, 0.00709927, 0.999965, -0.00454028, -1.71163, 0.0, 0.0, 0.0, 1.0]}, "019eb9153bc6402fb99b1dcfa8bcf303_d1_4.png": {"intrinsics": {"fx": 1077.23, "fy": 1077.93, "cx": 646.859, "cy": 520.574}, "camera_to_world_matrix": [-0.294694, -0.000818539, 0.955592, -3.23125, 0.955587, -0.00351489, 0.294689, -0.0276924, 0.00311748, 0.999994, 0.00181843, -1.71165, 0.0, 0.0, 0.0, 1.0]}, "019eb9153bc6402fb99b1dcfa8bcf303_d1_5.png": {"intrinsics": {"fx": 1077.23, "fy": 1077.93, "cx": 646.859, "cy": 520.574}, "camera_to_world_matrix": [0.680172, -0.0107028, 0.732975, -3.23047, 0.733023, 0.00088256, -0.680204, -0.0242802, 0.00663311, 0.999943, 0.00844613, -1.71168, 0.0, 0.0, 0.0, 1.0]}, "019eb9153bc6402fb99b1dcfa8bcf303_d2_0.png": {"intrinsics": {"fx": 1078.98, "fy": 1079.02, "cx": 633.992, "cy": 507.506}, "camera_to_world_matrix": [0.976346, 0.143056, -0.162127, -3.22474, -0.216135, 0.666592, -0.713401, -0.0122354, 0.00601564, 0.731567, 0.681744, -1.6785, 0.0, 0.0, 0.0, 1.0]}, "019eb9153bc6402fb99b1dcfa8bcf303_d2_1.png": {"intrinsics": {"fx": 1078.98, "fy": 1079.02, "cx": 633.992, "cy": 507.506}, "camera_to_world_matrix": [0.300947, 0.643492, -0.70381, -3.21407, -0.953589, 0.21083, -0.21499, -0.0221321, 0.0100393, 0.735846, 0.677076, -1.67841, 0.0, 0.0, 0.0, 1.0]}, "019eb9153bc6402fb99b1dcfa8bcf303_d2_2.png": {"intrinsics": {"fx": 1078.98, "fy": 1079.02, "cx": 633.992, "cy": 507.506}, "camera_to_world_matrix": [-0.675411, 0.498984, -0.542989, -3.21731, -0.737414, -0.450434, 0.503319, -0.0363169, 0.00656704, 0.740354, 0.672186, -1.67831, 0.0, 0.0, 0.0, 1.0]}, "019eb9153bc6402fb99b1dcfa8bcf303_d2_3.png": {"intrinsics": {"fx": 1078.98, "fy": 1079.02, "cx": 633.992, "cy": 507.506}, "camera_to_world_matrix": [-0.976347, -0.145956, 0.159512, -3.23121, 0.21621, -0.655922, 0.723202, -0.0406048, -0.000928779, 0.740584, 0.671965, -1.67831, 0.0, 0.0, 0.0, 1.0]}, "019eb9153bc6402fb99b1dcfa8bcf303_d2_4.png": {"intrinsics": {"fx": 1078.98, "fy": 1079.02, "cx": 633.992, "cy": 507.506}, "camera_to_world_matrix": [-0.30092, -0.646374, 0.701176, -3.24188, 0.953638, -0.20014, 0.22477, -0.0307077, -0.00495214, 0.736305, 0.676633, -1.6784, 0.0, 0.0, 0.0, 1.0]}, "019eb9153bc6402fb99b1dcfa8bcf303_d2_5.png": {"intrinsics": {"fx": 1078.98, "fy": 1079.02, "cx": 633.992, "cy": 507.506}, "camera_to_world_matrix": [0.67543, -0.50184, 0.540327, -3.23864, 0.737424, 0.461119, -0.493534, -0.0165229, -0.00147963, 0.731797, 0.681523, -1.6785, 0.0, 0.0, 0.0, 1.0]}, "01f7712fa2584484b247c225dbdbc4df_d0_0.png": {"intrinsics": {"fx": 1075.37, "fy": 1076.01, "cx": 634.018, "cy": 514.318}, "camera_to_world_matrix": [0.879601, -0.31788, -0.353915, -1.06881, -0.475645, -0.600389, -0.642882, 13.5054, -0.00812816, 0.733817, -0.679299, -1.74533, 0.0, 0.0, 0.0, 1.0]}, "01f7712fa2584484b247c225dbdbc4df_d0_1.png": {"intrinsics": {"fx": 1075.37, "fy": 1076.01, "cx": 634.018, "cy": 514.318}, "camera_to_world_matrix": [0.0278174, -0.667644, -0.743962, -1.06116, -0.999536, -0.0278668, -0.0123654, 13.493, -0.0124762, 0.74396, -0.668108, -1.74555, 0.0, 0.0, 0.0, 1.0]}, "01f7712fa2584484b247c225dbdbc4df_d0_2.png": {"intrinsics": {"fx": 1075.37, "fy": 1076.01, "cx": 634.018, "cy": 514.318}, "camera_to_world_matrix": [-0.851773, -0.346628, -0.392854, -1.06806, -0.523911, 0.561294, 0.640677, 13.4802, -0.00156959, 0.751531, -0.659696, -1.74572, 0.0, 0.0, 0.0, 1.0]}, "01f7712fa2584484b247c225dbdbc4df_d0_3.png": {"intrinsics": {"fx": 1075.37, "fy": 1076.01, "cx": 634.018, "cy": 514.318}, "camera_to_world_matrix": [-0.879559, 0.324145, 0.348292, -1.0826, 0.475595, 0.57792, 0.663189, 13.4797, 0.0136848, 0.748959, -0.662475, -1.74566, 0.0, 0.0, 0.0, 1.0]}, "01f7712fa2584484b247c225dbdbc4df_d0_4.png": {"intrinsics": {"fx": 1075.37, "fy": 1076.01, "cx": 634.018, "cy": 514.318}, "camera_to_world_matrix": [-0.0277549, 0.673887, 0.738313, -1.09025, 0.999453, 0.00538402, 0.0326576, 13.4921, 0.0180323, 0.738815, -0.673667, -1.74544, 0.0, 0.0, 0.0, 1.0]}, "01f7712fa2584484b247c225dbdbc4df_d0_5.png": {"intrinsics": {"fx": 1075.37, "fy": 1076.01, "cx": 634.018, "cy": 514.318}, "camera_to_world_matrix": [0.851817, 0.352848, 0.38718, -1.08335, 0.523793, -0.583765, -0.620371, 13.5049, 0.00712524, 0.731245, -0.682078, -1.74528, 0.0, 0.0, 0.0, 1.0]}, "01f7712fa2584484b247c225dbdbc4df_d1_0.png": {"intrinsics": {"fx": 1077.23, "fy": 1077.93, "cx": 646.859, "cy": 520.574}, "camera_to_world_matrix": [0.880545, -0.00414844, -0.473946, -1.07391, -0.473964, -0.00827471, -0.880506, 13.4951, -0.000269149, 0.999957, -0.00925203, -1.71221, 0.0, 0.0, 0.0, 1.0]}, "01f7712fa2584484b247c225dbdbc4df_d1_1.png": {"intrinsics": {"fx": 1077.23, "fy": 1077.93, "cx": 646.859, "cy": 520.574}, "camera_to_world_matrix": [0.0298638, 0.00597917, -0.999536, -1.07207, -0.999544, -0.00447067, -0.0298908, 13.4922, -0.00464742, 0.999973, 0.00584335, -1.71226, 0.0, 0.0, 0.0, 1.0]}, "01f7712fa2584484b247c225dbdbc4df_d1_2.png": {"intrinsics": {"fx": 1077.23, "fy": 1077.93, "cx": 646.859, "cy": 520.574}, "camera_to_world_matrix": [-0.850637, 0.0143371, -0.525559, -1.07373, -0.525718, -0.0113384, 0.850584, 13.4891, 0.00623578, 0.999833, 0.0171825, -1.7123, 0.0, 0.0, 0.0, 1.0]}, "01f7712fa2584484b247c225dbdbc4df_d1_3.png": {"intrinsics": {"fx": 1077.23, "fy": 1077.93, "cx": 646.859, "cy": 520.574}, "camera_to_world_matrix": [-0.880437, 0.0125672, 0.473998, -1.07723, 0.473677, -0.02201, 0.880424, 13.489, 0.021497, 0.999679, 0.013426, -1.71229, 0.0, 0.0, 0.0, 1.0]}, "01f7712fa2584484b247c225dbdbc4df_d1_4.png": {"intrinsics": {"fx": 1077.23, "fy": 1077.93, "cx": 646.859, "cy": 520.574}, "camera_to_world_matrix": [-0.0297354, 0.00243942, 0.999555, -1.07907, 0.999223, -0.0258136, 0.0297886, 13.492, 0.0258747, 0.999664, -0.00166951, -1.71224, 0.0, 0.0, 0.0, 1.0]}, "01f7712fa2584484b247c225dbdbc4df_d1_5.png": {"intrinsics": {"fx": 1077.23, "fy": 1077.93, "cx": 646.859, "cy": 520.574}, "camera_to_world_matrix": [0.850747, -0.00591822, 0.525543, -1.07741, 0.525363, -0.0189456, -0.850668, 13.495, 0.014991, 0.999803, -0.0130083, -1.7122, 0.0, 0.0, 0.0, 1.0]}, "01f7712fa2584484b247c225dbdbc4df_d2_0.png": {"intrinsics": {"fx": 1078.98, "fy": 1079.02, "cx": 633.992, "cy": 507.506}, "camera_to_world_matrix": [0.88363, 0.318345, -0.343301, -1.06853, -0.468115, 0.587788, -0.65983, 13.5044, -0.00826594, 0.743749, 0.668409, -1.67884, 0.0, 0.0, 0.0, 1.0]}, "01f7712fa2584484b247c225dbdbc4df_d2_1.png": {"intrinsics": {"fx": 1078.98, "fy": 1079.02, "cx": 633.992, "cy": 507.506}, "camera_to_world_matrix": [0.0363496, 0.679452, -0.732819, -1.06088, -0.999259, 0.0153621, -0.0353229, 13.492, -0.0127428, 0.733559, 0.679507, -1.67906, 0.0, 0.0, 0.0, 1.0]}, "01f7712fa2584484b247c225dbdbc4df_d2_2.png": {"intrinsics": {"fx": 1078.98, "fy": 1079.02, "cx": 633.992, "cy": 507.506}, "camera_to_world_matrix": [-0.84727, 0.364191, -0.386652, -1.06778, -0.53116, -0.583573, 0.614257, 13.4792, -0.00193319, 0.725816, 0.687888, -1.67922, 0.0, 0.0, 0.0, 1.0]}, "01f7712fa2584484b247c225dbdbc4df_d2_3.png": {"intrinsics": {"fx": 1078.98, "fy": 1079.02, "cx": 633.992, "cy": 507.506}, "camera_to_world_matrix": [-0.88359, -0.312171, 0.349025, -1.08232, 0.468072, -0.610069, 0.639316, 13.4787, 0.013353, 0.728262, 0.68517, -1.67917, 0.0, 0.0, 0.0, 1.0]}, "01f7712fa2584484b247c225dbdbc4df_d2_4.png": {"intrinsics": {"fx": 1078.98, "fy": 1079.02, "cx": 633.992, "cy": 507.506}, "camera_to_world_matrix": [-0.0362892, -0.673256, 0.738519, -1.08997, 0.999183, -0.0376292, 0.0147943, 13.4911, 0.0178293, 0.738452, 0.674072, -1.67895, 0.0, 0.0, 0.0, 1.0]}, "01f7712fa2584484b247c225dbdbc4df_d2_5.png": {"intrinsics": {"fx": 1078.98, "fy": 1079.02, "cx": 633.992, "cy": 507.506}, "camera_to_world_matrix": [0.847313, -0.357971, 0.392327, -1.08307, 0.53105, 0.561294, -0.634773, 13.5039, 0.00701928, 0.746195, 0.665692, -1.67878, 0.0, 0.0, 0.0, 1.0]}, "024edcc6db70425aaa54f5596b0ebda8_d0_0.png": {"intrinsics": {"fx": 1075.37, "fy": 1076.01, "cx": 634.018, "cy": 514.318}, "camera_to_world_matrix": [0.0959538, 0.666303, 0.739483, -7.63727, 0.995385, -0.0657305, -0.0699332, 9.91311, 0.00200977, 0.74278, -0.669533, -0.395746, 0.0, 0.0, 0.0, 1.0]}, "024edcc6db70425aaa54f5596b0ebda8_d0_1.png": {"intrinsics": {"fx": 1075.37, "fy": 1076.01, "cx": 634.018, "cy": 514.318}, "camera_to_world_matrix": [0.910005, 0.27492, 0.310343, -7.62884, 0.41458, -0.610743, -0.674624, 9.92497, 0.00407216, 0.742572, -0.669754, -0.395742, 0.0, 0.0, 0.0, 1.0]}, "024edcc6db70425aaa54f5596b0ebda8_d0_2.png": {"intrinsics": {"fx": 1075.37, "fy": 1076.01, "cx": 634.018, "cy": 514.318}, "camera_to_world_matrix": [0.814026, -0.392765, -0.427903, -7.61435, -0.580811, -0.544294, -0.605314, 9.9236, 0.00484085, 0.74127, -0.67119, -0.395714, 0.0, 0.0, 0.0, 1.0]}, "024edcc6db70425aaa54f5596b0ebda8_d0_3.png": {"intrinsics": {"fx": 1075.37, "fy": 1076.01, "cx": 634.018, "cy": 514.318}, "camera_to_world_matrix": [-0.0960029, -0.669051, -0.736991, -7.6083, -0.995376, 0.0671669, 0.0686856, 9.91038, 0.00354706, 0.740176, -0.672404, -0.39569, 0.0, 0.0, 0.0, 1.0]}, "024edcc6db70425aaa54f5596b0ebda8_d0_4.png": {"intrinsics": {"fx": 1075.37, "fy": 1076.01, "cx": 634.018, "cy": 514.318}, "camera_to_world_matrix": [-0.910031, -0.277647, -0.307827, -7.61672, -0.41454, 0.612165, 0.67336, 9.89851, 0.00148468, 0.740384, -0.672183, -0.395694, 0.0, 0.0, 0.0, 1.0]}, "024edcc6db70425aaa54f5596b0ebda8_d0_5.png": {"intrinsics": {"fx": 1075.37, "fy": 1076.01, "cx": 634.018, "cy": 514.318}, "camera_to_world_matrix": [-0.814013, 0.390035, 0.430416, -7.63121, 0.580848, 0.545689, 0.60402, 9.89988, 0.000716076, 0.741686, -0.670747, -0.395722, 0.0, 0.0, 0.0, 1.0]}, "024edcc6db70425aaa54f5596b0ebda8_d1_0.png": {"intrinsics": {"fx": 1077.23, "fy": 1077.93, "cx": 646.859, "cy": 520.574}, "camera_to_world_matrix": [0.0939275, -0.00493008, 0.995567, -7.62633, 0.995531, -0.00942104, -0.0939706, 9.9121, 0.00984245, 0.999944, 0.00402358, -0.362475, 0.0, 0.0, 0.0, 1.0]}, "024edcc6db70425aaa54f5596b0ebda8_d1_1.png": {"intrinsics": {"fx": 1077.23, "fy": 1077.93, "cx": 646.859, "cy": 520.574}, "camera_to_world_matrix": [0.909105, -0.0123749, 0.416386, -7.6243, 0.4164, -0.00157165, -0.909181, 9.91496, 0.0119054, 0.999923, 0.00372455, -0.362474, 0.0, 0.0, 0.0, 1.0]}, "024edcc6db70425aaa54f5596b0ebda8_d1_2.png": {"intrinsics": {"fx": 1077.23, "fy": 1077.93, "cx": 646.859, "cy": 520.574}, "camera_to_world_matrix": [0.815137, -0.00929946, -0.579195, -7.62082, -0.579131, 0.00880047, -0.815188, 9.91463, 0.0126779, 0.999918, 0.00178841, -0.362467, 0.0, 0.0, 0.0, 1.0]}, "024edcc6db70425aaa54f5596b0ebda8_d1_3.png": {"intrinsics": {"fx": 1077.23, "fy": 1077.93, "cx": 646.859, "cy": 520.574}, "camera_to_world_matrix": [-0.0940057, 0.00122082, -0.995571, -7.61936, -0.995507, 0.011323, 0.0940134, 9.91145, 0.0113875, 0.999935, 0.000151333, -0.362461, 0.0, 0.0, 0.0, 1.0]}, "024edcc6db70425aaa54f5596b0ebda8_d1_4.png": {"intrinsics": {"fx": 1077.23, "fy": 1077.93, "cx": 646.859, "cy": 520.574}, "camera_to_world_matrix": [-0.90916, 0.00866537, -0.416358, -7.62139, -0.416344, 0.00347327, 0.909201, 9.90859, 0.00932458, 0.999957, 0.000450439, -0.362462, 0.0, 0.0, 0.0, 1.0]}, "024edcc6db70425aaa54f5596b0ebda8_d1_5.png": {"intrinsics": {"fx": 1077.23, "fy": 1077.93, "cx": 646.859, "cy": 520.574}, "camera_to_world_matrix": [-0.815154, 0.00558948, 0.579219, -7.62487, 0.579183, -0.00689873, 0.815169, 9.90892, 0.00855213, 0.999961, 0.00238661, -0.362469, 0.0, 0.0, 0.0, 1.0]}, "024edcc6db70425aaa54f5596b0ebda8_d2_0.png": {"intrinsics": {"fx": 1078.98, "fy": 1079.02, "cx": 633.992, "cy": 507.506}, "camera_to_world_matrix": [0.0874525, -0.675809, 0.731871, -7.63739, 0.996168, 0.0580311, -0.0654472, 9.91317, 0.00175843, 0.734789, 0.678295, -0.329246, 0.0, 0.0, 0.0, 1.0]}, "024edcc6db70425aaa54f5596b0ebda8_d2_1.png": {"intrinsics": {"fx": 1078.98, "fy": 1079.02, "cx": 633.992, "cy": 507.506}, "camera_to_world_matrix": [0.906433, -0.288928, 0.308061, -7.62896, 0.422335, 0.613456, -0.667313, 9.92504, 0.00382337, 0.734978, 0.678081, -0.329242, 0.0, 0.0, 0.0, 1.0]}, "024edcc6db70425aaa54f5596b0ebda8_d2_2.png": {"intrinsics": {"fx": 1078.98, "fy": 1079.02, "cx": 633.992, "cy": 507.506}, "camera_to_world_matrix": [0.818956, 0.385522, -0.425072, -7.61448, -0.573841, 0.556111, -0.601207, 9.92367, 0.00460853, 0.736284, 0.676658, -0.329214, 0.0, 0.0, 0.0, 1.0]}, "024edcc6db70425aaa54f5596b0ebda8_d2_3.png": {"intrinsics": {"fx": 1078.98, "fy": 1079.02, "cx": 633.992, "cy": 507.506}, "camera_to_world_matrix": [-0.0875008, 0.673076, -0.734379, -7.60842, -0.99616, -0.0566572, 0.0667633, 9.91044, 0.00332875, 0.7374, 0.675449, -0.32919, 0.0, 0.0, 0.0, 1.0]}, "024edcc6db70425aaa54f5596b0ebda8_d2_4.png": {"intrinsics": {"fx": 1078.98, "fy": 1079.02, "cx": 633.992, "cy": 507.506}, "camera_to_world_matrix": [-0.906459, 0.286174, -0.310546, -7.61685, -0.422295, -0.612067, 0.668612, 9.89858, 0.00126387, 0.737211, 0.675663, -0.329194, 0.0, 0.0, 0.0, 1.0]}, "024edcc6db70425aaa54f5596b0ebda8_d2_5.png": {"intrinsics": {"fx": 1078.98, "fy": 1079.02, "cx": 633.992, "cy": 507.506}, "camera_to_world_matrix": [-0.818942, -0.388275, 0.422584, -7.63133, 0.573878, -0.554696, 0.602478, 9.89995, 0.000478774, 0.735905, 0.677086, -0.329222, 0.0, 0.0, 0.0, 1.0]}, "04d95f363e6641e3bf22a2f807955427_d0_0.png": {"intrinsics": {"fx": 1075.37, "fy": 1076.01, "cx": 634.018, "cy": 514.318}, "camera_to_world_matrix": [0.756168, 0.43314, 0.490512, 1.74577, 0.65435, -0.507568, -0.560537, 3.93201, 0.00617663, 0.744826, -0.66723, -1.74507, 0.0, 0.0, 0.0, 1.0]}, "04d95f363e6641e3bf22a2f807955427_d0_1.png": {"intrinsics": {"fx": 1075.37, "fy": 1076.01, "cx": 634.018, "cy": 514.318}, "camera_to_world_matrix": [0.944737, -0.22618, -0.237312, 1.76006, -0.327715, -0.632078, -0.702198, 3.93478, 0.00882318, 0.741162, -0.671268, -1.74499, 0.0, 0.0, 0.0, 1.0]}, "04d95f363e6641e3bf22a2f807955427_d0_2.png": {"intrinsics": {"fx": 1075.37, "fy": 1076.01, "cx": 634.018, "cy": 514.318}, "camera_to_world_matrix": [0.188531, -0.663656, -0.723891, 1.7696, -0.982053, -0.123331, -0.142699, 3.92379, 0.00542486, 0.737802, -0.674995, -1.74492, 0.0, 0.0, 0.0, 1.0]}, "04d95f363e6641e3bf22a2f807955427_d0_3.png": {"intrinsics": {"fx": 1075.37, "fy": 1076.01, "cx": 634.018, "cy": 514.318}, "camera_to_world_matrix": [-0.756226, -0.441801, -0.482635, 1.76486, -0.654312, 0.509915, 0.558448, 3.91004, -0.000620004, 0.738106, -0.674685, -1.74493, 0.0, 0.0, 0.0, 1.0]}, "04d95f363e6641e3bf22a2f807955427_d0_4.png": {"intrinsics": {"fx": 1075.37, "fy": 1076.01, "cx": 634.018, "cy": 514.318}, "camera_to_world_matrix": [-0.944756, 0.217525, 0.245194, 1.75058, 0.32776, 0.634399, 0.70008, 3.90727, -0.00326635, 0.74177, -0.670647, -1.745, 0.0, 0.0, 0.0, 1.0]}, "04d95f363e6641e3bf22a2f807955427_d0_5.png": {"intrinsics": {"fx": 1075.37, "fy": 1076.01, "cx": 634.018, "cy": 514.318}, "camera_to_world_matrix": [-0.188525, 0.65498, 0.731751, 1.74103, 0.982069, 0.125635, 0.140562, 3.91825, 0.000132182, 0.74513, -0.66692, -1.74508, 0.0, 0.0, 0.0, 1.0]}, "04d95f363e6641e3bf22a2f807955427_d1_0.png": {"intrinsics": {"fx": 1077.23, "fy": 1077.93, "cx": 646.859, "cy": 520.574}, "camera_to_world_matrix": [0.754761, -0.0152347, 0.655823, 1.75283, 0.655851, -0.00381573, -0.754881, 3.92372, 0.0140027, 0.999877, 0.00711217, -1.71177, 0.0, 0.0, 0.0, 1.0]}, "04d95f363e6641e3bf22a2f807955427_d1_1.png": {"intrinsics": {"fx": 1077.23, "fy": 1077.93, "cx": 646.859, "cy": 520.574}, "camera_to_world_matrix": [0.945299, -0.0152085, -0.325851, 1.75626, -0.32578, 0.0070027, -0.94542, 3.92438, 0.0166602, 0.99986, 0.00166545, -1.71175, 0.0, 0.0, 0.0, 1.0]}, "04d95f363e6641e3bf22a2f807955427_d1_2.png": {"intrinsics": {"fx": 1077.23, "fy": 1077.93, "cx": 646.859, "cy": 520.574}, "camera_to_world_matrix": [0.190455, -0.00582645, -0.981679, 1.75856, -0.981607, 0.0123892, -0.190514, 3.92174, 0.0132721, 0.999907, -0.00335928, -1.71173, 0.0, 0.0, 0.0, 1.0]}, "04d95f363e6641e3bf22a2f807955427_d1_3.png": {"intrinsics": {"fx": 1077.23, "fy": 1077.93, "cx": 646.859, "cy": 520.574}, "camera_to_world_matrix": [-0.754911, 0.00352919, -0.655818, 1.75742, -0.655788, 0.0069571, 0.754913, 3.91843, 0.00722671, 0.99997, -0.00293716, -1.71173, 0.0, 0.0, 0.0, 1.0]}, "04d95f363e6641e3bf22a2f807955427_d1_4.png": {"intrinsics": {"fx": 1077.23, "fy": 1077.93, "cx": 646.859, "cy": 520.574}, "camera_to_world_matrix": [-0.945411, 0.00350255, 0.325863, 1.75398, 0.32585, -0.00386133, 0.945414, 3.91777, 0.00456951, 0.999987, 0.00250966, -1.71175, 0.0, 0.0, 0.0, 1.0]}, "04d95f363e6641e3bf22a2f807955427_d1_5.png": {"intrinsics": {"fx": 1077.23, "fy": 1077.93, "cx": 646.859, "cy": 520.574}, "camera_to_world_matrix": [-0.19054, -0.00587973, 0.981662, 1.75169, 0.981648, -0.00924744, 0.190482, 3.92041, 0.00795777, 0.99994, 0.00753425, -1.71177, 0.0, 0.0, 0.0, 1.0]}, "04d95f363e6641e3bf22a2f807955427_d2_0.png": {"intrinsics": {"fx": 1078.98, "fy": 1079.02, "cx": 633.992, "cy": 507.506}, "camera_to_world_matrix": [0.750555, -0.452968, 0.481132, 1.74538, 0.660783, 0.507966, -0.552573, 3.93211, 0.00589884, 0.73266, 0.68057, -1.67857, 0.0, 0.0, 0.0, 1.0]}, "04d95f363e6641e3bf22a2f807955427_d2_1.png": {"intrinsics": {"fx": 1078.98, "fy": 1079.02, "cx": 633.992, "cy": 507.506}, "camera_to_world_matrix": [0.947502, 0.210277, -0.240884, 1.75967, -0.319637, 0.643119, -0.695867, 3.93488, 0.00859188, 0.73633, 0.676569, -1.67849, 0.0, 0.0, 0.0, 1.0]}, "04d95f363e6641e3bf22a2f807955427_d2_2.png": {"intrinsics": {"fx": 1078.98, "fy": 1079.02, "cx": 633.992, "cy": 507.506}, "camera_to_world_matrix": [0.19691, 0.658931, -0.725973, 1.76921, -0.980408, 0.136295, -0.142215, 3.9239, 0.00523648, 0.739753, 0.67286, -1.67842, 0.0, 0.0, 0.0, 1.0]}, "04d95f363e6641e3bf22a2f807955427_d2_3.png": {"intrinsics": {"fx": 1078.98, "fy": 1079.02, "cx": 633.992, "cy": 507.506}, "camera_to_world_matrix": [-0.750611, 0.444331, -0.489035, 1.76447, -0.660745, -0.505671, 0.554719, 3.91014, -0.000811865, 0.739505, 0.673152, -1.67843, 0.0, 0.0, 0.0, 1.0]}, "04d95f363e6641e3bf22a2f807955427_d2_4.png": {"intrinsics": {"fx": 1078.98, "fy": 1079.02, "cx": 633.992, "cy": 507.506}, "camera_to_world_matrix": [-0.947519, -0.218919, 0.232987, 1.75019, 0.319682, -0.640798, 0.697984, 3.90737, -0.00350464, 0.735835, 0.677153, -1.67851, 0.0, 0.0, 0.0, 1.0]}, "04d95f363e6641e3bf22a2f807955427_d2_5.png": {"intrinsics": {"fx": 1078.98, "fy": 1079.02, "cx": 633.992, "cy": 507.506}, "camera_to_world_matrix": [-0.196902, -0.667554, 0.718055, 1.74064, 0.980424, -0.133956, 0.144313, 3.91836, -0.000149054, 0.732413, 0.680862, -1.67858, 0.0, 0.0, 0.0, 1.0]}, "091c189689a74ae3908ba76361e0cae0_d0_0.png": {"intrinsics": {"fx": 1075.37, "fy": 1076.01, "cx": 634.018, "cy": 514.318}, "camera_to_world_matrix": [-0.84976, -0.348515, -0.395534, -3.2903, -0.527152, 0.568118, 0.631944, 8.9314, 0.00446776, 0.745507, -0.666483, -1.75477, 0.0, 0.0, 0.0, 1.0]}, "091c189689a74ae3908ba76361e0cae0_d0_1.png": {"intrinsics": {"fx": 1075.37, "fy": 1076.01, "cx": 634.018, "cy": 514.318}, "camera_to_world_matrix": [-0.881369, 0.322189, 0.34552, -3.30484, 0.472347, 0.587281, 0.65726, 8.93091, 0.00884454, 0.742493, -0.669795, -1.7547, 0.0, 0.0, 0.0, 1.0]}, "091c189689a74ae3908ba76361e0cae0_d0_2.png": {"intrinsics": {"fx": 1075.37, "fy": 1076.01, "cx": 634.018, "cy": 514.318}, "camera_to_world_matrix": [-0.0315765, 0.674118, 0.73795, -3.31254, 0.999477, 0.0160109, 0.0281412, 8.94326, 0.00715507, 0.738452, -0.674269, -1.75461, 0.0, 0.0, 0.0, 1.0]}, "091c189689a74ae3908ba76361e0cae0_d0_3.png": {"intrinsics": {"fx": 1075.37, "fy": 1076.01, "cx": 634.018, "cy": 514.318}, "camera_to_world_matrix": [0.849806, 0.355335, 0.389318, -3.30569, 0.527096, -0.574409, -0.626279, 8.9561, 0.00108881, 0.737423, -0.675431, -1.75459, 0.0, 0.0, 0.0, 1.0]}, "091c189689a74ae3908ba76361e0cae0_d0_4.png": {"intrinsics": {"fx": 1075.37, "fy": 1076.01, "cx": 634.018, "cy": 514.318}, "camera_to_world_matrix": [0.881377, -0.31537, -0.351737, -3.29115, -0.472405, -0.593546, -0.651566, 8.95658, -0.00328779, 0.740437, -0.672118, -1.75466, 0.0, 0.0, 0.0, 1.0]}, "091c189689a74ae3908ba76361e0cae0_d0_5.png": {"intrinsics": {"fx": 1075.37, "fy": 1076.01, "cx": 634.018, "cy": 514.318}, "camera_to_world_matrix": [0.0315629, -0.667276, -0.744142, -3.28345, -0.999501, -0.022262, -0.0224317, 8.94423, -0.00159808, 0.744479, -0.667645, -1.75474, 0.0, 0.0, 0.0, 1.0]}, "091c189689a74ae3908ba76361e0cae0_d1_0.png": {"intrinsics": {"fx": 1077.23, "fy": 1077.93, "cx": 646.859, "cy": 520.574}, "camera_to_world_matrix": [-0.848615, 0.0147265, -0.528807, -3.29599, -0.528869, -0.000390282, 0.848703, 8.94063, 0.0122919, 0.999892, 0.00812, -1.72145, 0.0, 0.0, 0.0, 1.0]}, "091c189689a74ae3908ba76361e0cae0_d1_1.png": {"intrinsics": {"fx": 1077.23, "fy": 1077.93, "cx": 646.859, "cy": 520.574}, "camera_to_world_matrix": [-0.882237, 0.0129974, 0.470627, -3.29949, 0.470511, -0.0110696, 0.882325, 8.94052, 0.0166775, 0.999855, 0.00365102, -1.72143, 0.0, 0.0, 0.0, 1.0]}, "091c189689a74ae3908ba76361e0cae0_d1_2.png": {"intrinsics": {"fx": 1077.23, "fy": 1077.93, "cx": 646.859, "cy": 520.574}, "camera_to_world_matrix": [-0.0335533, 0.0028843, 0.999433, -3.30134, 0.999325, -0.0149119, 0.0335928, 8.94349, 0.0150003, 0.999885, -0.00238158, -1.72141, 0.0, 0.0, 0.0, 1.0]}, "091c189689a74ae3908ba76361e0cae0_d1_3.png": {"intrinsics": {"fx": 1077.23, "fy": 1077.93, "cx": 646.859, "cy": 520.574}, "camera_to_world_matrix": [0.848733, -0.00549952, 0.528793, -3.29969, 0.528746, -0.0080748, -0.848742, 8.94658, 0.00893747, 0.999952, -0.00394507, -1.72141, 0.0, 0.0, 0.0, 1.0]}, "091c189689a74ae3908ba76361e0cae0_d1_4.png": {"intrinsics": {"fx": 1077.23, "fy": 1077.93, "cx": 646.859, "cy": 520.574}, "camera_to_world_matrix": [0.882317, -0.00377004, -0.470642, -3.29619, -0.470635, 0.00260447, -0.882324, 8.94669, 0.00455206, 0.99999, 0.00052408, -1.72142, 0.0, 0.0, 0.0, 1.0]}, "091c189689a74ae3908ba76361e0cae0_d1_5.png": {"intrinsics": {"fx": 1077.23, "fy": 1077.93, "cx": 646.859, "cy": 520.574}, "camera_to_world_matrix": [0.0336121, 0.00634323, -0.999415, -3.29434, -0.999416, 0.00644638, -0.0335713, 8.94372, 0.00622955, 0.999959, 0.00655662, -1.72144, 0.0, 0.0, 0.0, 1.0]}, "091c189689a74ae3908ba76361e0cae0_d2_0.png": {"intrinsics": {"fx": 1078.98, "fy": 1079.02, "cx": 633.992, "cy": 507.506}, "camera_to_world_matrix": [-0.84523, 0.366674, -0.388764, -3.28999, -0.534387, -0.574233, 0.620231, 8.93112, 0.00418141, 0.731988, 0.681306, -1.68827, 0.0, 0.0, 0.0, 1.0]}, "091c189689a74ae3908ba76361e0cae0_d2_1.png": {"intrinsics": {"fx": 1078.98, "fy": 1079.02, "cx": 633.992, "cy": 507.506}, "camera_to_world_matrix": [-0.885372, -0.30958, 0.346811, -3.30454, 0.464806, -0.603289, 0.648073, 8.93063, 0.00859628, 0.734985, 0.67803, -1.6882, 0.0, 0.0, 0.0, 1.0]}, "091c189689a74ae3908ba76361e0cae0_d2_2.png": {"intrinsics": {"fx": 1078.98, "fy": 1079.02, "cx": 633.992, "cy": 507.506}, "camera_to_world_matrix": [-0.0401098, -0.672851, 0.73869, -3.31223, 0.999172, -0.0321577, 0.0249626, 8.94298, 0.00695832, 0.739079, 0.673584, -1.68811, 0.0, 0.0, 0.0, 1.0]}, "091c189689a74ae3908ba76361e0cae0_d2_3.png": {"intrinsics": {"fx": 1078.98, "fy": 1079.02, "cx": 633.992, "cy": 507.506}, "camera_to_world_matrix": [0.845275, -0.35986, 0.394985, -3.30538, 0.534333, 0.568016, -0.625977, 8.95581, 0.000905525, 0.740175, 0.672414, -1.68809, 0.0, 0.0, 0.0, 1.0]}, "091c189689a74ae3908ba76361e0cae0_d2_4.png": {"intrinsics": {"fx": 1078.98, "fy": 1079.02, "cx": 633.992, "cy": 507.506}, "camera_to_world_matrix": [0.885377, 0.316396, -0.34059, -3.29084, -0.464862, 0.597045, -0.65379, 8.9563, -0.00350913, 0.737178, 0.67569, -1.68816, 0.0, 0.0, 0.0, 1.0]}, "091c189689a74ae3908ba76361e0cae0_d2_5.png": {"intrinsics": {"fx": 1078.98, "fy": 1079.02, "cx": 633.992, "cy": 507.506}, "camera_to_world_matrix": [0.0400941, 0.679645, -0.732445, -3.28315, -0.999195, 0.0258994, -0.0306641, 8.94395, -0.00187094, 0.733084, 0.680136, -1.68824, 0.0, 0.0, 0.0, 1.0]}, "0a796daf5b734fbbb52974e2349a6c0e_d0_0.png": {"intrinsics": {"fx": 1075.37, "fy": 1076.01, "cx": 634.018, "cy": 514.318}, "camera_to_world_matrix": [0.568963, -0.55409, -0.607674, -4.88467, -0.822363, -0.384547, -0.419337, 7.97897, -0.00132869, 0.738315, -0.674455, 1.68046, 0.0, 0.0, 0.0, 1.0]}, "0a796daf5b734fbbb52974e2349a6c0e_d0_1.png": {"intrinsics": {"fx": 1075.37, "fy": 1076.01, "cx": 634.018, "cy": 514.318}, "camera_to_world_matrix": [-0.427713, -0.606759, -0.670005, -4.88346, -0.903909, 0.284355, 0.319518, 7.96447, -0.00335173, 0.742285, -0.670076, 1.68037, 0.0, 0.0, 0.0, 1.0]}, "0a796daf5b734fbbb52974e2349a6c0e_d0_2.png": {"intrinsics": {"fx": 1075.37, "fy": 1076.01, "cx": 634.018, "cy": 514.318}, "camera_to_world_matrix": [-0.996671, -0.0537931, -0.0612867, -4.89541, -0.0815424, 0.664405, 0.742912, 7.95617, 0.000755536, 0.745435, -0.666578, 1.6803, 0.0, 0.0, 0.0, 1.0]}, "0a796daf5b734fbbb52974e2349a6c0e_d0_3.png": {"intrinsics": {"fx": 1075.37, "fy": 1076.01, "cx": 634.018, "cy": 514.318}, "camera_to_world_matrix": [-0.568939, 0.55183, 0.609749, -4.90857, 0.822352, 0.375545, 0.42744, 7.96237, 0.00688568, 0.744615, -0.667459, 1.68032, 0.0, 0.0, 0.0, 1.0]}, "0a796daf5b734fbbb52974e2349a6c0e_d0_4.png": {"intrinsics": {"fx": 1075.37, "fy": 1076.01, "cx": 634.018, "cy": 514.318}, "camera_to_world_matrix": [0.42774, 0.604473, 0.672051, -4.90978, 0.903859, -0.293359, -0.311418, 7.97686, 0.00890849, 0.740645, -0.671838, 1.68041, 0.0, 0.0, 0.0, 1.0]}, "0a796daf5b734fbbb52974e2349a6c0e_d0_5.png": {"intrinsics": {"fx": 1075.37, "fy": 1076.01, "cx": 634.018, "cy": 514.318}, "camera_to_world_matrix": [0.996665, 0.0514916, 0.0633166, -4.89784, 0.0814697, -0.673388, -0.734788, 7.98517, 0.00480105, 0.737495, -0.675336, 1.68048, 0.0, 0.0, 0.0, 1.0]}, "0a796daf5b734fbbb52974e2349a6c0e_d1_0.png": {"intrinsics": {"fx": 1077.23, "fy": 1077.93, "cx": 646.859, "cy": 520.574}, "camera_to_world_matrix": [0.570577, -0.00587742, -0.821223, -4.8938, -0.821219, 0.00385265, -0.570601, 7.97246, 0.00651744, 0.999976, -0.00262799, 1.71366, 0.0, 0.0, 0.0, 1.0]}, "0a796daf5b734fbbb52974e2349a6c0e_d1_1.png": {"intrinsics": {"fx": 1077.23, "fy": 1077.93, "cx": 646.859, "cy": 520.574}, "camera_to_world_matrix": [-0.42588, 0.00487508, -0.904767, -4.89351, -0.904769, 0.00265974, 0.425895, 7.96898, 0.00448261, 0.999985, 0.00327852, 1.71363, 0.0, 0.0, 0.0, 1.0]}, "0a796daf5b734fbbb52974e2349a6c0e_d1_2.png": {"intrinsics": {"fx": 1077.23, "fy": 1077.93, "cx": 646.859, "cy": 520.574}, "camera_to_world_matrix": [-0.996463, 0.00921819, -0.0835266, -4.89638, -0.0835944, -0.00724854, 0.996474, 7.96698, 0.00858013, 0.999932, 0.00799391, 1.71362, 0.0, 0.0, 0.0, 1.0]}, "0a796daf5b734fbbb52974e2349a6c0e_d1_3.png": {"intrinsics": {"fx": 1077.23, "fy": 1077.93, "cx": 646.859, "cy": 520.574}, "camera_to_world_matrix": [-0.570578, 0.00280869, 0.821239, -4.89955, 0.821112, -0.0159637, 0.570544, 7.96847, 0.0147124, 0.999869, 0.00680269, 1.71362, 0.0, 0.0, 0.0, 1.0]}, "0a796daf5b734fbbb52974e2349a6c0e_d1_4.png": {"intrinsics": {"fx": 1077.23, "fy": 1077.93, "cx": 646.859, "cy": 520.574}, "camera_to_world_matrix": [0.425882, -0.00794376, 0.904744, -4.89984, 0.904624, -0.0147704, -0.425955, 7.97196, 0.016747, 0.99986, 0.000896109, 1.71364, 0.0, 0.0, 0.0, 1.0]}, "0a796daf5b734fbbb52974e2349a6c0e_d1_5.png": {"intrinsics": {"fx": 1077.23, "fy": 1077.93, "cx": 646.859, "cy": 520.574}, "camera_to_world_matrix": [0.996434, -0.0122865, 0.0834811, -4.89696, 0.0834267, -0.00486191, -0.996502, 7.97395, 0.0126493, 0.999913, -0.00381913, 1.71366, 0.0, 0.0, 0.0, 1.0]}, "0a796daf5b734fbbb52974e2349a6c0e_d2_0.png": {"intrinsics": {"fx": 1078.98, "fy": 1079.02, "cx": 633.992, "cy": 507.506}, "camera_to_world_matrix": [0.575964, 0.551117, -0.603769, -4.88477, -0.817475, 0.38692, -0.426649, 7.97857, -0.00152317, 0.739299, 0.673377, 1.74696, 0.0, 0.0, 0.0, 1.0]}, "0a796daf5b734fbbb52974e2349a6c0e_d2_1.png": {"intrinsics": {"fx": 1078.98, "fy": 1079.02, "cx": 633.992, "cy": 507.506}, "camera_to_world_matrix": [-0.41998, 0.613944, -0.668349, -4.88356, -0.907527, -0.287031, 0.306609, 7.96407, -0.00359657, 0.735314, 0.677718, 1.74687, 0.0, 0.0, 0.0, 1.0]}, "0a796daf5b734fbbb52974e2349a6c0e_d2_2.png": {"intrinsics": {"fx": 1078.98, "fy": 1079.02, "cx": 633.992, "cy": 507.506}, "camera_to_world_matrix": [-0.995938, 0.0616836, -0.0656044, -4.89551, -0.0900472, -0.678402, 0.729152, 7.95577, 0.000470317, 0.732097, 0.681202, 1.7468, 0.0, 0.0, 0.0, 1.0]}, "0a796daf5b734fbbb52974e2349a6c0e_d2_3.png": {"intrinsics": {"fx": 1078.98, "fy": 1079.02, "cx": 633.992, "cy": 507.506}, "camera_to_world_matrix": [-0.57594, -0.553391, 0.601708, -4.90867, 0.817467, -0.395814, 0.418427, 7.96196, 0.00661053, 0.732864, 0.680344, 1.74682, 0.0, 0.0, 0.0, 1.0]}, "0a796daf5b734fbbb52974e2349a6c0e_d2_4.png": {"intrinsics": {"fx": 1078.98, "fy": 1079.02, "cx": 633.992, "cy": 507.506}, "camera_to_world_matrix": [0.420008, -0.616191, 0.66626, -4.90989, 0.90748, 0.27814, -0.314833, 7.97646, 0.00868374, 0.736849, 0.676002, 1.74691, 0.0, 0.0, 0.0, 1.0]}, "0a796daf5b734fbbb52974e2349a6c0e_d2_5.png": {"intrinsics": {"fx": 1078.98, "fy": 1079.02, "cx": 633.992, "cy": 507.506}, "camera_to_world_matrix": [0.995934, -0.0639158, 0.0634986, -4.89794, 0.0899773, 0.66949, -0.737352, 7.98476, 0.00461666, 0.740067, 0.672519, 1.74697, 0.0, 0.0, 0.0, 1.0]}, "0acbbb92572f437faef8da9b991412f6_d0_0.png": {"intrinsics": {"fx": 1075.37, "fy": 1076.01, "cx": 634.018, "cy": 514.318}, "camera_to_world_matrix": [-0.606157, 0.540455, 0.58351, -2.8944, 0.795306, 0.404571, 0.451455, 10.7919, 0.00792002, 0.737721, -0.675059, -1.73221, 0.0, 0.0, 0.0, 1.0]}, "0acbbb92572f437faef8da9b991412f6_d0_1.png": {"intrinsics": {"fx": 1075.37, "fy": 1076.01, "cx": 634.018, "cy": 514.318}, "camera_to_world_matrix": [0.385685, 0.623837, 0.679762, -2.89628, 0.922632, -0.261211, -0.283763, 10.8063, 0.00053936, 0.736612, -0.676315, -1.73219, 0.0, 0.0, 0.0, 1.0]}, "0acbbb92572f437faef8da9b991412f6_d0_2.png": {"intrinsics": {"fx": 1075.37, "fy": 1076.01, "cx": 634.018, "cy": 514.318}, "camera_to_world_matrix": [0.991854, 0.0889548, 0.0911817, -2.88473, 0.127302, -0.666312, -0.734727, 10.8151, -0.0046022, 0.740349, -0.672207, -1.73227, 0.0, 0.0, 0.0, 1.0]}, "0acbbb92572f437faef8da9b991412f6_d0_3.png": {"intrinsics": {"fx": 1075.37, "fy": 1076.01, "cx": 634.018, "cy": 514.318}, "camera_to_world_matrix": [0.606168, -0.529298, -0.593637, -2.87129, -0.795334, -0.405621, -0.450463, 10.8095, -0.00236304, 0.745196, -0.666842, -1.73237, 0.0, 0.0, 0.0, 1.0]}, "0acbbb92572f437faef8da9b991412f6_d0_4.png": {"intrinsics": {"fx": 1075.37, "fy": 1076.01, "cx": 634.018, "cy": 514.318}, "camera_to_world_matrix": [-0.385679, -0.612655, -0.689861, -2.86941, -0.922621, 0.260164, 0.284759, 10.7951, 0.00501768, 0.746305, -0.665586, -1.7324, 0.0, 0.0, 0.0, 1.0]}, "0acbbb92572f437faef8da9b991412f6_d0_5.png": {"intrinsics": {"fx": 1075.37, "fy": 1076.01, "cx": 634.018, "cy": 514.318}, "camera_to_world_matrix": [-0.991817, -0.0777562, -0.101263, -2.88097, -0.127267, 0.665244, 0.7357, 10.7863, 0.010159, 0.742567, -0.669695, -1.73232, 0.0, 0.0, 0.0, 1.0]}, "0acbbb92572f437faef8da9b991412f6_d1_0.png": {"intrinsics": {"fx": 1077.23, "fy": 1077.93, "cx": 646.859, "cy": 520.574}, "camera_to_world_matrix": [-0.607668, 0.0123278, 0.794096, -2.88538, 0.794035, -0.0104204, 0.607783, 10.7986, 0.0157673, 0.99987, -0.00345613, -1.69902, 0.0, 0.0, 0.0, 1.0]}, "0acbbb92572f437faef8da9b991412f6_d1_1.png": {"intrinsics": {"fx": 1077.23, "fy": 1077.93, "cx": 646.859, "cy": 520.574}, "camera_to_world_matrix": [0.383863, 0.00153207, 0.923389, -2.88583, 0.923352, -0.0097235, -0.383831, 10.802, 0.00839041, 0.999952, -0.0051467, -1.69902, 0.0, 0.0, 0.0, 1.0]}, "0acbbb92572f437faef8da9b991412f6_d1_2.png": {"intrinsics": {"fx": 1077.23, "fy": 1077.93, "cx": 646.859, "cy": 520.574}, "camera_to_world_matrix": [0.991602, -0.00326211, 0.129288, -2.88305, 0.129289, -2.53899e-05, -0.991607, 10.8042, 0.00323791