{"002f8c811c704f0e80f1ed0ddc682a03_d0_0.png": {"intrinsics": {"fx": 1074.92, "fy": 1075.16, "cx": 631.172, "cy": 522.489}, "camera_to_world_matrix": [0.999617, 0.0275076, -0.00357487, -7.16998, 0.0154047, -0.657688, -0.753135, -8.73924, -0.0230684, 0.75279, -0.657857, 1.55277, 0.0, 0.0, 0.0, 1.0]}, "002f8c811c704f0e80f1ed0ddc682a03_d0_1.png": {"intrinsics": {"fx": 1074.92, "fy": 1075.16, "cx": 631.172, "cy": 522.489}, "camera_to_world_matrix": [0.513377, -0.554699, -0.654794, -7.15725, -0.858164, -0.33298, -0.390745, -8.74627, -0.00128755, 0.762519, -0.646965, 1.55256, 0.0, 0.0, 0.0, 1.0]}, "002f8c811c704f0e80f1ed0ddc682a03_d0_2.png": {"intrinsics": {"fx": 1074.92, "fy": 1075.16, "cx": 631.172, "cy": 522.489}, "camera_to_world_matrix": [-0.48624, -0.564786, -0.666776, -7.15696, -0.873544, 0.333603, 0.354448, -8.76081, 0.022251, 0.754803, -0.655574, 1.55273, 0.0, 0.0, 0.0, 1.0]}, "002f8c811c704f0e80f1ed0ddc682a03_d0_3.png": {"intrinsics": {"fx": 1074.92, "fy": 1075.16, "cx": 631.172, "cy": 522.489}, "camera_to_world_matrix": [-0.999595, 0.00733431, -0.0275388, -7.16942, -0.0153546, 0.675463, 0.737235, -8.76833, 0.0240083, 0.737359, -0.675075, 1.55311, 0.0, 0.0, 0.0, 1.0]}, "002f8c811c704f0e80f1ed0ddc682a03_d0_4.png": {"intrinsics": {"fx": 1074.92, "fy": 1075.16, "cx": 631.172, "cy": 522.489}, "camera_to_world_matrix": [-0.513322, 0.589528, 0.623666, -7.18215, 0.858195, 0.350733, 0.374821, -8.7613, 0.00222683, 0.72763, -0.685967, 1.55332, 0.0, 0.0, 0.0, 1.0]}, "002f8c811c704f0e80f1ed0ddc682a03_d0_5.png": {"intrinsics": {"fx": 1074.92, "fy": 1075.16, "cx": 631.172, "cy": 522.489}, "camera_to_world_matrix": [0.486296, 0.599589, 0.635619, -7.18244, 0.873536, -0.315851, -0.370373, -8.74675, -0.0213113, 0.735346, -0.677357, 1.55315, 0.0, 0.0, 0.0, 1.0]}, "002f8c811c704f0e80f1ed0ddc682a03_d1_0.png": {"intrinsics": {"fx": 1077.68, "fy": 1078.18, "cx": 638.34, "cy": 535.961}, "camera_to_world_matrix": [0.999525, 0.0239367, 0.0192877, -7.16899, 0.0191193, 0.00726977, -0.99979, -8.74989, -0.0240713, 0.999686, 0.00680647, 1.58614, 0.0, 0.0, 0.0, 1.0]}, "002f8c811c704f0e80f1ed0ddc682a03_d1_1.png": {"intrinsics": {"fx": 1077.68, "fy": 1078.18, "cx": 638.34, "cy": 535.961}, "camera_to_world_matrix": [0.516546, 0.0196163, -0.856033, -7.16593, -0.856253, 0.0090949, -0.516472, -8.75158, -0.00234513, 0.999765, 0.0214923, 1.58609, 0.0, 0.0, 0.0, 1.0]}, "002f8c811c704f0e80f1ed0ddc682a03_d1_2.png": {"intrinsics": {"fx": 1077.68, "fy": 1078.18, "cx": 638.34, "cy": 535.961}, "camera_to_world_matrix": [-0.483002, 0.0190354, -0.87541, -7.16586, -0.875359, 0.0137494, 0.483274, -8.75508, 0.0212363, 0.999723, 0.0100196, 1.58613, 0.0, 0.0, 0.0, 1.0]}, "002f8c811c704f0e80f1ed0ddc682a03_d1_3.png": {"intrinsics": {"fx": 1077.68, "fy": 1078.18, "cx": 638.34, "cy": 535.961}, "camera_to_world_matrix": [-0.999549, 0.0227749, -0.0194667, -7.16886, -0.0190921, 0.0165786, 0.999679, -8.75688, 0.023091, 0.999602, -0.0161386, 1.58622, 0.0, 0.0, 0.0, 1.0]}, "002f8c811c704f0e80f1ed0ddc682a03_d1_4.png": {"intrinsics": {"fx": 1077.68, "fy": 1078.18, "cx": 638.34, "cy": 535.961}, "camera_to_world_matrix": [-0.516536, 0.0270953, 0.855835, -7.17192, 0.856262, 0.0147533, 0.516327, -8.75519, 0.00136424, 0.999523, -0.0308236, 1.58627, 0.0, 0.0, 0.0, 1.0]}, "002f8c811c704f0e80f1ed0ddc682a03_d1_5.png": {"intrinsics": {"fx": 1077.68, "fy": 1078.18, "cx": 638.34, "cy": 535.961}, "camera_to_world_matrix": [0.483013, 0.027676, 0.875173, -7.17199, 0.875329, 0.0100988, -0.48342, -8.75169, -0.0222167, 0.999565, -0.01935, 1.58623, 0.0, 0.0, 0.0, 1.0]}, "002f8c811c704f0e80f1ed0ddc682a03_d2_0.png": {"intrinsics": {"fx": 1074.32, "fy": 1073.94, "cx": 625.719, "cy": 520.353}, "camera_to_world_matrix": [0.9996, -0.00435644, 0.0279411, -7.16843, 0.0236859, 0.668762, -0.743099, -8.73844, -0.0154487, 0.743464, 0.668598, 1.61925, 0.0, 0.0, 0.0, 1.0]}, "002f8c811c704f0e80f1ed0ddc682a03_d2_1.png": {"intrinsics": {"fx": 1074.32, "fy": 1073.94, "cx": 625.719, "cy": 520.353}, "camera_to_world_matrix": [0.52055, 0.577885, -0.628551, -7.15569, -0.853809, 0.357661, -0.378271, -8.74547, 0.00621096, 0.733571, 0.679584, 1.61904, 0.0, 0.0, 0.0, 1.0]}, "002f8c811c704f0e80f1ed0ddc682a03_d2_2.png": {"intrinsics": {"fx": 1074.32, "fy": 1073.94, "cx": 625.719, "cy": 520.353}, "camera_to_world_matrix": [-0.478871, 0.599772, -0.641059, -7.15541, -0.877378, -0.302152, 0.372709, -8.76002, 0.0298427, 0.740931, 0.670918, 1.6192, 0.0, 0.0, 0.0, 1.0]}, "002f8c811c704f0e80f1ed0ddc682a03_d2_3.png": {"intrinsics": {"fx": 1074.32, "fy": 1073.94, "cx": 625.719, "cy": 520.353}, "camera_to_world_matrix": [-0.999219, 0.0394153, 0.00292551, -7.16787, -0.0234517, -0.65085, 0.758844, -8.76754, 0.0318141, 0.758182, 0.651266, 1.61958, 0.0, 0.0, 0.0, 1.0]}, "002f8c811c704f0e80f1ed0ddc682a03_d2_4.png": {"intrinsics": {"fx": 1074.32, "fy": 1073.94, "cx": 625.719, "cy": 520.353}, "camera_to_world_matrix": [-0.520134, -0.542814, 0.659404, -7.1806, 0.854025, -0.339727, 0.39399, -8.7605, 0.0101538, 0.768074, 0.64028, 1.6198, 0.0, 0.0, 0.0, 1.0]}, "002f8c811c704f0e80f1ed0ddc682a03_d2_5.png": {"intrinsics": {"fx": 1074.32, "fy": 1073.94, "cx": 625.719, "cy": 520.353}, "camera_to_world_matrix": [0.479288, -0.564675, 0.671882, -7.18088, 0.877554, 0.320088, -0.356991, -8.74596, -0.0134774, 0.760714, 0.648947, 1.61963, 0.0, 0.0, 0.0, 1.0]}, "006565f477f74761a3016763ba679a27_d0_0.png": {"intrinsics": {"fx": 1074.92, "fy": 1075.16, "cx": 631.172, "cy": 522.489}, "camera_to_world_matrix": [0.892298, 0.314161, 0.324206, -8.57224, 0.450636, -0.576737, -0.681398, -10.4125, -0.0270876, 0.754109, -0.656191, 1.59078, 0.0, 0.0, 0.0, 1.0]}, "006565f477f74761a3016763ba679a27_d0_1.png": {"intrinsics": {"fx": 1074.92, "fy": 1075.16, "cx": 631.172, "cy": 522.489}, "camera_to_world_matrix": [0.836802, -0.351383, -0.419875, -8.55771, -0.547506, -0.539091, -0.640016, -10.4132, -0.00146048, 0.76545, -0.643494, 1.59053, 0.0, 0.0, 0.0, 1.0]}, "006565f477f74761a3016763ba679a27_d0_2.png": {"intrinsics": {"fx": 1074.92, "fy": 1075.16, "cx": 631.172, "cy": 522.489}, "camera_to_world_matrix": [-0.0555065, -0.651801, -0.756357, -8.5511, -0.998119, 0.0560226, 0.02497, -10.4262, 0.0260973, 0.756319, -0.653682, 1.59073, 0.0, 0.0, 0.0, 1.0]}, "006565f477f74761a3016763ba679a27_d0_3.png": {"intrinsics": {"fx": 1074.92, "fy": 1075.16, "cx": 631.172, "cy": 522.489}, "camera_to_world_matrix": [-0.892299, -0.28667, -0.34875, -8.55901, -0.450578, 0.613476, 0.648559, -10.4384, 0.0280273, 0.735847, -0.676568, 1.59117, 0.0, 0.0, 0.0, 1.0]}, "006565f477f74761a3016763ba679a27_d0_4.png": {"intrinsics": {"fx": 1074.92, "fy": 1075.16, "cx": 631.172, "cy": 522.489}, "camera_to_world_matrix": [-0.836763, 0.378873, 0.395329, -8.57354, 0.547562, 0.575803, 0.607148, -10.4376, 0.00239946, 0.724506, -0.689265, 1.59142, 0.0, 0.0, 0.0, 1.0]}, "006565f477f74761a3016763ba679a27_d0_5.png": {"intrinsics": {"fx": 1074.92, "fy": 1075.16, "cx": 631.172, "cy": 522.489}, "camera_to_world_matrix": [0.055563, 0.679268, 0.731785, -8.58015, 0.99814, -0.0193216, -0.0578515, -10.4247, -0.0251578, 0.733637, -0.679076, 1.59122, 0.0, 0.0, 0.0, 1.0]}, "006565f477f74761a3016763ba679a27_d1_0.png": {"intrinsics": {"fx": 1077.68, "fy": 1078.18, "cx": 638.34, "cy": 535.961}, "camera_to_world_matrix": [0.89059, 0.0209835, 0.454318, -8.5666, 0.453934, 0.0207056, -0.890794, -10.4215, -0.0280983, 0.999564, 0.00891285, 1.62416, 0.0, 0.0, 0.0, 1.0]}, "006565f477f74761a3016763ba679a27_d1_1.png": {"intrinsics": {"fx": 1077.68, "fy": 1078.18, "cx": 638.34, "cy": 535.961}, "camera_to_world_matrix": [0.838815, 0.0163001, -0.54417, -8.56311, -0.544407, 0.0204593, -0.83857, -10.4217, -0.00253485, 0.999657, 0.0260333, 1.6241, 0.0, 0.0, 0.0, 1.0]}, "006565f477f74761a3016763ba679a27_d1_2.png": {"intrinsics": {"fx": 1077.68, "fy": 1078.18, "cx": 638.34, "cy": 535.961}, "camera_to_world_matrix": [-0.0518031, 0.0137433, -0.998562, -8.56152, -0.99834, 0.0243917, 0.0521279, -10.4248, 0.0250736, 0.999607, 0.0124547, 1.62415, 0.0, 0.0, 0.0, 1.0]}, "006565f477f74761a3016763ba679a27_d1_3.png": {"intrinsics": {"fx": 1077.68, "fy": 1078.18, "cx": 638.34, "cy": 535.961}, "camera_to_world_matrix": [-0.890626, 0.0158699, -0.454455, -8.56342, -0.453923, 0.0285702, 0.890581, -10.4277, 0.027118, 0.999465, -0.0182439, 1.62426, 0.0, 0.0, 0.0, 1.0]}, "006565f477f74761a3016763ba679a27_d1_4.png": {"intrinsics": {"fx": 1077.68, "fy": 1078.18, "cx": 638.34, "cy": 535.961}, "camera_to_world_matrix": [-0.838812, 0.0205534, 0.544031, -8.56692, 0.544415, 0.0288164, 0.838318, -10.4276, 0.00155392, 0.999372, -0.0353634, 1.62432, 0.0, 0.0, 0.0, 1.0]}, "006565f477f74761a3016763ba679a27_d1_5.png": {"intrinsics": {"fx": 1077.68, "fy": 1078.18, "cx": 638.34, "cy": 535.961}, "camera_to_world_matrix": [0.0518242, 0.02311, 0.998387, -8.56851, 0.998314, 0.0248839, -0.0523971, -10.4244, -0.026054, 0.999422, -0.0217837, 1.62427, 0.0, 0.0, 0.0, 1.0]}, "006565f477f74761a3016763ba679a27_d2_0.png": {"intrinsics": {"fx": 1074.32, "fy": 1073.94, "cx": 625.719, "cy": 520.353}, "camera_to_world_matrix": [0.888684, -0.29424, 0.351658, -8.57101, 0.458106, 0.602362, -0.653682, -10.4108, -0.0194861, 0.742013, 0.670102, 1.65725, 0.0, 0.0, 0.0, 1.0]}, "006565f477f74761a3016763ba679a27_d2_1.png": {"intrinsics": {"fx": 1074.32, "fy": 1073.94, "cx": 625.719, "cy": 520.353}, "camera_to_world_matrix": [0.84137, 0.365388, -0.398232, -8.55648, -0.540427, 0.576969, -0.61241, -10.4116, 0.00599984, 0.730479, 0.682909, 1.657, 0.0, 0.0, 0.0, 1.0]}, "006565f477f74761a3016763ba679a27_d2_2.png": {"intrinsics": {"fx": 1074.32, "fy": 1073.94, "cx": 625.719, "cy": 520.353}, "camera_to_world_matrix": [-0.0471828, 0.67346, -0.737716, -8.54987, -0.998319, -0.0069003, 0.057551, -10.4246, 0.0336678, 0.739191, 0.672654, 1.6572, 0.0, 0.0, 0.0, 1.0]}, "006565f477f74761a3016763ba679a27_d2_3.png": {"intrinsics": {"fx": 1074.32, "fy": 1073.94, "cx": 625.719, "cy": 520.353}, "camera_to_world_matrix": [-0.8884, 0.321897, -0.327303, -8.55779, -0.457668, -0.565363, 0.686225, -10.4368, 0.0358492, 0.759439, 0.649591, 1.65764, 0.0, 0.0, 0.0, 1.0]}, "006565f477f74761a3016763ba679a27_d2_4.png": {"intrinsics": {"fx": 1074.32, "fy": 1073.94, "cx": 625.719, "cy": 520.353}, "camera_to_world_matrix": [-0.841047, -0.33773, 0.422586, -8.57232, 0.540863, -0.539944, 0.644924, -10.436, 0.0103626, 0.770973, 0.636784, 1.65789, 0.0, 0.0, 0.0, 1.0]}, "006565f477f74761a3016763ba679a27_d2_5.png": {"intrinsics": {"fx": 1074.32, "fy": 1073.94, "cx": 625.719, "cy": 520.353}, "camera_to_world_matrix": [0.0475237, -0.645779, 0.762044, -8.57893, 0.99872, 0.0439367, -0.0250502, -10.423, -0.0173048, 0.762259, 0.647041, 1.65769, 0.0, 0.0, 0.0, 1.0]}, "02e0ac86ffc647e48a677f327431e4b7_d0_0.png": {"intrinsics": {"fx": 1071.19, "fy": 1072.12, "cx": 636.01, "cy": 519.878}, "camera_to_world_matrix": [0.881023, -0.320144, -0.348291, 10.9599, -0.473043, -0.587788, -0.656304, 5.43207, 0.00539087, 0.742976, -0.669296, 1.59892, 0.0, 0.0, 0.0, 1.0]}, "02e0ac86ffc647e48a677f327431e4b7_d0_1.png": {"intrinsics": {"fx": 1071.19, "fy": 1072.12, "cx": 636.01, "cy": 519.878}, "camera_to_world_matrix": [0.0308393, -0.670353, -0.741402, 10.9676, -0.999524, -0.0205539, -0.0229919, 5.41976, 0.000173976, 0.741758, -0.670667, 1.59894, 0.0, 0.0, 0.0, 1.0]}, "02e0ac86ffc647e48a677f327431e4b7_d0_2.png": {"intrinsics": {"fx": 1071.19, "fy": 1072.12, "cx": 636.01, "cy": 519.878}, "camera_to_world_matrix": [-0.85019, -0.354219, -0.389493, 10.9608, -0.52646, 0.566349, 0.634105, 5.40689, -0.00402249, 0.744162, -0.667987, 1.59889, 0.0, 0.0, 0.0, 1.0]}, "02e0ac86ffc647e48a677f327431e4b7_d0_3.png": {"intrinsics": {"fx": 1071.19, "fy": 1072.12, "cx": 636.01, "cy": 519.878}, "camera_to_world_matrix": [-0.881017, 0.312116, 0.355517, 10.9463, 0.473075, 0.586005, 0.657874, 5.40633, -0.00300202, 0.747784, -0.663935, 1.59881, 0.0, 0.0, 0.0, 1.0]}, "02e0ac86ffc647e48a677f327431e4b7_d0_4.png": {"intrinsics": {"fx": 1071.19, "fy": 1072.12, "cx": 636.01, "cy": 519.878}, "camera_to_world_matrix": [-0.0308131, 0.662302, 0.748603, 10.9385, 0.999523, 0.0187575, 0.024546, 5.41865, 0.00221493, 0.749002, -0.662564, 1.59879, 0.0, 0.0, 0.0, 1.0]}, "02e0ac86ffc647e48a677f327431e4b7_d0_5.png": {"intrinsics": {"fx": 1071.19, "fy": 1072.12, "cx": 636.01, "cy": 519.878}, "camera_to_world_matrix": [0.850198, 0.346145, 0.396669, 10.9453, 0.526424, -0.568133, -0.632537, 5.43152, 0.00641129, 0.746598, -0.665245, 1.59884, 0.0, 0.0, 0.0, 1.0]}, "02e0ac86ffc647e48a677f327431e4b7_d1_0.png": {"intrinsics": {"fx": 1076.2, "fy": 1077.02, "cx": 633.574, "cy": 516.361}, "camera_to_world_matrix": [0.884453, -0.0109297, -0.466501, 10.9545, -0.466534, -0.000494145, -0.884503, 5.42226, 0.00943682, 0.99994, -0.00553618, 1.63213, 0.0, 0.0, 0.0, 1.0]}, "02e0ac86ffc647e48a677f327431e4b7_d1_1.png": {"intrinsics": {"fx": 1076.2, "fy": 1077.02, "cx": 633.574, "cy": 516.361}, "camera_to_world_matrix": [0.038185, -0.0075647, -0.999242, 10.9564, -0.999262, 0.00394759, -0.0382156, 5.4193, 0.00423367, 0.999963, -0.00740842, 1.63213, 0.0, 0.0, 0.0, 1.0]}, "02e0ac86ffc647e48a677f327431e4b7_d1_2.png": {"intrinsics": {"fx": 1076.2, "fy": 1077.02, "cx": 633.574, "cy": 516.361}, "camera_to_world_matrix": [-0.846297, -0.00203558, -0.532708, 10.9548, -0.532711, 0.00325414, 0.846291, 5.4162, 1.0794e-05, 0.999992, -0.00383839, 1.63212, 0.0, 0.0, 0.0, 1.0]}, "02e0ac86ffc647e48a677f327431e4b7_d1_3.png": {"intrinsics": {"fx": 1076.2, "fy": 1077.02, "cx": 633.574, "cy": 516.361}, "camera_to_world_matrix": [-0.884491, 0.000128405, 0.466557, 10.9513, 0.466556, -0.00188104, 0.884489, 5.41607, 0.000991166, 0.999998, 0.00160381, 1.6321, 0.0, 0.0, 0.0, 1.0]}, "02e0ac86ffc647e48a677f327431e4b7_d1_4.png": {"intrinsics": {"fx": 1076.2, "fy": 1077.02, "cx": 633.574, "cy": 516.361}, "camera_to_world_matrix": [-0.0382023, -0.00323678, 0.999265, 10.9494, 0.999251, -0.00632264, 0.0381812, 5.41903, 0.00619439, 0.999975, 0.00347585, 1.63209, 0.0, 0.0, 0.0, 1.0]}, "02e0ac86ffc647e48a677f327431e4b7_d1_5.png": {"intrinsics": {"fx": 1076.2, "fy": 1077.02, "cx": 633.574, "cy": 516.361}, "camera_to_world_matrix": [0.846262, -0.00876587, 0.532696, 10.951, 0.532666, -0.00562897, -0.846307, 5.42213, 0.0104171, 0.999946, -9.435e-05, 1.63211, 0.0, 0.0, 0.0, 1.0]}, "02e0ac86ffc647e48a677f327431e4b7_d2_0.png": {"intrinsics": {"fx": 1071.62, "fy": 1072.36, "cx": 645.807, "cy": 517.285}, "camera_to_world_matrix": [0.888025, 0.296803, -0.351168, 10.9595, -0.459661, 0.591443, -0.6625, 5.43199, 0.0110637, 0.749735, 0.661646, 1.66542, 0.0, 0.0, 0.0, 1.0]}, "02e0ac86ffc647e48a677f327431e4b7_d2_1.png": {"intrinsics": {"fx": 1071.62, "fy": 1072.36, "cx": 645.807, "cy": 517.285}, "camera_to_world_matrix": [0.0459205, 0.659352, -0.750431, 10.9673, -0.998928, 0.0347274, -0.0306139, 5.41968, 0.00587525, 0.751032, 0.66024, 1.66544, 0.0, 0.0, 0.0, 1.0]}, "02e0ac86ffc647e48a677f327431e4b7_d2_2.png": {"intrinsics": {"fx": 1071.62, "fy": 1072.36, "cx": 645.807, "cy": 517.285}, "camera_to_world_matrix": [-0.842143, 0.358497, -0.402834, 10.9605, -0.539252, -0.557604, 0.631098, 5.40681, 0.00162486, 0.748704, 0.662903, 1.66539, 0.0, 0.0, 0.0, 1.0]}, "02e0ac86ffc647e48a677f327431e4b7_d2_3.png": {"intrinsics": {"fx": 1071.62, "fy": 1072.36, "cx": 645.807, "cy": 517.285}, "camera_to_world_matrix": [-0.888081, -0.304899, 0.344018, 10.9459, 0.45968, -0.593207, 0.660909, 5.40626, 0.00256301, 0.745078, 0.666972, 1.66531, 0.0, 0.0, 0.0, 1.0]}, "02e0ac86ffc647e48a677f327431e4b7_d2_4.png": {"intrinsics": {"fx": 1071.62, "fy": 1072.36, "cx": 645.807, "cy": 517.285}, "camera_to_world_matrix": [-0.0459551, -0.667427, 0.743256, 10.9382, 0.998913, -0.0364766, 0.029007, 5.41857, 0.0077515, 0.743782, 0.668378, 1.66528, 0.0, 0.0, 0.0, 1.0]}, "02e0ac86ffc647e48a677f327431e4b7_d2_5.png": {"intrinsics": {"fx": 1071.62, "fy": 1072.36, "cx": 645.807, "cy": 517.285}, "camera_to_world_matrix": [0.84209, -0.366549, 0.395634, 10.945, 0.539203, 0.555843, -0.632691, 5.43144, 0.0120018, 0.74611, 0.665714, 1.66534, 0.0, 0.0, 0.0, 1.0]}, "041abeb88f4d4a9cb085e359686aa9ed_d0_0.png": {"intrinsics": {"fx": 1071.19, "fy": 1072.12, "cx": 636.01, "cy": 519.878}, "camera_to_world_matrix": [0.980898, -0.129096, -0.145509, 0.0274982, -0.194514, -0.657739, -0.727698, 8.99795, -0.00176444, 0.742101, -0.670285, 1.53238, 0.0, 0.0, 0.0, 1.0]}, "041abeb88f4d4a9cb085e359686aa9ed_d0_1.png": {"intrinsics": {"fx": 1071.19, "fy": 1072.12, "cx": 636.01, "cy": 519.878}, "camera_to_world_matrix": [0.321979, -0.629963, -0.706737, 0.0385135, -0.946736, -0.217826, -0.237155, 8.98844, -0.00454681, 0.745452, -0.666543, 1.53231, 0.0, 0.0, 0.0, 1.0]}, "041abeb88f4d4a9cb085e359686aa9ed_d0_2.png": {"intrinsics": {"fx": 1071.19, "fy": 1072.12, "cx": 636.01, "cy": 519.878}, "camera_to_world_matrix": [-0.658925, -0.499403, -0.562508, 0.0357884, -0.752207, 0.43589, 0.49415, 8.97415, -0.00158785, 0.74873, -0.662873, 1.53224, 0.0, 0.0, 0.0, 1.0]}, "041abeb88f4d4a9cb085e359686aa9ed_d0_3.png": {"intrinsics": {"fx": 1071.19, "fy": 1072.12, "cx": 636.01, "cy": 519.878}, "camera_to_world_matrix": [-0.980886, 0.132021, 0.142945, 0.0220479, 0.194539, 0.649679, 0.734896, 8.96937, 0.00415334, 0.748657, -0.662944, 1.53224, 0.0, 0.0, 0.0, 1.0]}, "041abeb88f4d4a9cb085e359686aa9ed_d0_4.png": {"intrinsics": {"fx": 1071.19, "fy": 1072.12, "cx": 636.01, "cy": 519.878}, "camera_to_world_matrix": [-0.321937, 0.632871, 0.704153, 0.0110329, 0.946736, 0.209747, 0.244331, 8.97887, 0.00693549, 0.745306, -0.666686, 1.53231, 0.0, 0.0, 0.0, 1.0]}, "041abeb88f4d4a9cb085e359686aa9ed_d0_5.png": {"intrinsics": {"fx": 1071.19, "fy": 1072.12, "cx": 636.01, "cy": 519.878}, "camera_to_world_matrix": [0.658959, 0.502285, 0.559896, 0.0137587, 0.752169, -0.443964, -0.486969, 8.99317, 0.00397638, 0.742028, -0.670357, 1.53238, 0.0, 0.0, 0.0, 1.0]}, "041abeb88f4d4a9cb085e359686aa9ed_d1_0.png": {"intrinsics": {"fx": 1076.2, "fy": 1077.02, "cx": 633.574, "cy": 516.361}, "camera_to_world_matrix": [0.982301, -0.00354496, -0.187277, 0.0254935, -0.187296, -0.00635753, -0.982283, 8.98692, 0.00229152, 0.999973, -0.00690901, 1.56558, 0.0, 0.0, 0.0, 1.0]}, "041abeb88f4d4a9cb085e359686aa9ed_d1_1.png": {"intrinsics": {"fx": 1076.2, "fy": 1077.02, "cx": 633.574, "cy": 516.361}, "camera_to_world_matrix": [0.328953, -0.00162695, -0.944345, 0.0281432, -0.944346, -0.00112556, -0.328952, 8.98463, -0.000527746, 0.999998, -0.0019067, 1.56556, 0.0, 0.0, 0.0, 1.0]}, "041abeb88f4d4a9cb085e359686aa9ed_d1_2.png": {"intrinsics": {"fx": 1076.2, "fy": 1077.02, "cx": 633.574, "cy": 516.361}, "camera_to_world_matrix": [-0.653345, 0.00386313, -0.757051, 0.0274877, -0.757057, -0.000170626, 0.653349, 8.98119, 0.00239478, 0.999992, 0.00303604, 1.56554, 0.0, 0.0, 0.0, 1.0]}, "041abeb88f4d4a9cb085e359686aa9ed_d1_3.png": {"intrinsics": {"fx": 1076.2, "fy": 1077.02, "cx": 633.574, "cy": 516.361}, "camera_to_world_matrix": [-0.982273, 0.00743507, 0.187307, 0.0241824, 0.187278, -0.00444768, 0.982297, 8.98004, 0.00813651, 0.999962, 0.00297637, 1.56554, 0.0, 0.0, 0.0, 1.0]}, "041abeb88f4d4a9cb085e359686aa9ed_d1_4.png": {"intrinsics": {"fx": 1076.2, "fy": 1077.02, "cx": 633.574, "cy": 516.361}, "camera_to_world_matrix": [-0.328896, 0.00551685, 0.94435, 0.0215328, 0.944303, -0.00967958, 0.328936, 8.98233, 0.0109556, 0.999938, -0.00202605, 1.56556, 0.0, 0.0, 0.0, 1.0]}, "041abeb88f4d4a9cb085e359686aa9ed_d1_5.png": {"intrinsics": {"fx": 1076.2, "fy": 1077.02, "cx": 633.574, "cy": 516.361}, "camera_to_world_matrix": [0.653395, 2.67331e-05, 0.757017, 0.0221884, 0.756975, -0.0106343, -0.653358, 8.98577, 0.00803286, 0.999943, -0.00696868, 1.56558, 0.0, 0.0, 0.0, 1.0]}, "041abeb88f4d4a9cb085e359686aa9ed_d2_0.png": {"intrinsics": {"fx": 1071.62, "fy": 1072.36, "cx": 645.807, "cy": 517.285}, "camera_to_world_matrix": [0.983717, 0.115801, -0.137447, 0.0276275, -0.179683, 0.650393, -0.73804, 8.99759, 0.00392931, 0.750719, 0.66061, 1.59888, 0.0, 0.0, 0.0, 1.0]}, "041abeb88f4d4a9cb085e359686aa9ed_d2_1.png": {"intrinsics": {"fx": 1071.62, "fy": 1072.36, "cx": 645.807, "cy": 517.285}, "camera_to_world_matrix": [0.336263, 0.62539, -0.704141, 0.0386429, -0.941768, 0.224149, -0.250662, 8.98809, 0.00107138, 0.747425, 0.664345, 1.59881, 0.0, 0.0, 0.0, 1.0]}, "041abeb88f4d4a9cb085e359686aa9ed_d2_2.png": {"intrinsics": {"fx": 1071.62, "fy": 1072.36, "cx": 645.807, "cy": 517.285}, "camera_to_world_matrix": [-0.647448, 0.511029, -0.565385, 0.0359177, -0.7621, -0.430287, 0.483795, 8.97379, 0.00395546, 0.744112, 0.668043, 1.59874, 0.0, 0.0, 0.0, 1.0]}, "041abeb88f4d4a9cb085e359686aa9ed_d2_3.png": {"intrinsics": {"fx": 1071.62, "fy": 1072.36, "cx": 645.807, "cy": 517.285}, "camera_to_world_matrix": [-0.983683, -0.112919, 0.14006, 0.0221773, 0.179648, -0.658464, 0.730857, 8.96901, 0.00969743, 0.744093, 0.668006, 1.59874, 0.0, 0.0, 0.0, 1.0]}, "041abeb88f4d4a9cb085e359686aa9ed_d2_4.png": {"intrinsics": {"fx": 1071.62, "fy": 1072.36, "cx": 645.807, "cy": 517.285}, "camera_to_world_matrix": [-0.3362, -0.622492, 0.706735, 0.0111623, 0.941707, -0.232201, 0.243456, 8.97851, 0.0125551, 0.747387, 0.66427, 1.59881, 0.0, 0.0, 0.0, 1.0]}, "041abeb88f4d4a9cb085e359686aa9ed_d2_5.png": {"intrinsics": {"fx": 1071.62, "fy": 1072.36, "cx": 645.807, "cy": 517.285}, "camera_to_world_matrix": [0.647504, -0.508105, 0.567951, 0.013888, 0.762001, 0.422231, -0.490995, 8.99281, 0.00967088, 0.7507, 0.660572, 1.59888, 0.0, 0.0, 0.0, 1.0]}, "042694a998724785988a46b00005fc97_d0_0.png": {"intrinsics": {"fx": 1074.92, "fy": 1075.16, "cx": 631.172, "cy": 522.489}, "camera_to_world_matrix": [0.992908, -0.105183, -0.0554454, 5.82051, -0.110236, -0.639558, -0.7608, -11.0104, 0.0445625, 0.761515, -0.646614, 1.77465, 0.0, 0.0, 0.0, 1.0]}, "042694a998724785988a46b00005fc97_d0_1.png": {"intrinsics": {"fx": 1074.92, "fy": 1075.16, "cx": 631.172, "cy": 522.489}, "camera_to_world_matrix": [0.399913, -0.641118, -0.655011, 5.83225, -0.915458, -0.244452, -0.319661, -11.019, 0.0448217, 0.72747, -0.684674, 1.7754, 0.0, 0.0, 0.0, 1.0]}, "042694a998724785988a46b00005fc97_d0_2.png": {"intrinsics": {"fx": 1074.92, "fy": 1075.16, "cx": 631.172, "cy": 522.489}, "camera_to_world_matrix": [-0.593023, -0.566453, -0.57224, 5.83068, -0.805188, 0.417836, 0.420819, -11.0335, 0.000727936, 0.710314, -0.703885, 1.77577, 0.0, 0.0, 0.0, 1.0]}, "042694a998724785988a46b00005fc97_d0_3.png": {"intrinsics": {"fx": 1074.92, "fy": 1075.16, "cx": 631.172, "cy": 522.489}, "camera_to_world_matrix": [-0.992942, 0.044146, 0.110095, 5.81738, 0.110303, 0.685003, 0.720144, -11.0394, -0.0436241, 0.727203, -0.685035, 1.77541, 0.0, 0.0, 0.0, 1.0]}, "042694a998724785988a46b00005fc97_d0_4.png": {"intrinsics": {"fx": 1074.92, "fy": 1075.16, "cx": 631.172, "cy": 522.489}, "camera_to_world_matrix": [-0.399916, 0.580066, 0.709643, 5.80564, 0.915502, 0.289876, 0.278981, -11.0308, -0.0438813, 0.761248, -0.646975, 1.77466, 0.0, 0.0, 0.0, 1.0]}, "042694a998724785988a46b00005fc97_d0_5.png": {"intrinsics": {"fx": 1074.92, "fy": 1075.16, "cx": 631.172, "cy": 522.489}, "camera_to_world_matrix": [0.593016, 0.505375, 0.626843, 5.80721, 0.805193, -0.372409, -0.461496, -11.0163, 0.000213495, 0.778403, -0.627766, 1.77429, 0.0, 0.0, 0.0, 1.0]}, "042694a998724785988a46b00005fc97_d1_0.png": {"intrinsics": {"fx": 1077.68, "fy": 1078.18, "cx": 638.34, "cy": 535.961}, "camera_to_world_matrix": [0.993352, -0.0409783, -0.107559, 5.81796, -0.106561, 0.0257997, -0.99397, -11.0204, 0.0435069, 0.998826, 0.0212592, 1.80815, 0.0, 0.0, 0.0, 1.0]}, "042694a998724785988a46b00005fc97_d1_1.png": {"intrinsics": {"fx": 1077.68, "fy": 1078.18, "cx": 638.34, "cy": 535.961}, "camera_to_world_matrix": [0.403361, -0.0450296, -0.913931, 5.82078, -0.913982, 0.0281521, -0.404771, -11.0225, 0.0439564, 0.998588, -0.0298032, 1.80832, 0.0, 0.0, 0.0, 1.0]}, "042694a998724785988a46b00005fc97_d1_2.png": {"intrinsics": {"fx": 1077.68, "fy": 1078.18, "cx": 638.34, "cy": 535.961}, "camera_to_world_matrix": [-0.58998, -0.0450143, -0.80616, 5.82041, -0.807415, 0.0328407, 0.589066, -11.0259, -4.09266e-05, 0.998445, -0.055723, 1.80841, 0.0, 0.0, 0.0, 1.0]}, "042694a998724785988a46b00005fc97_d1_3.png": {"intrinsics": {"fx": 1077.68, "fy": 1078.18, "cx": 638.34, "cy": 535.961}, "camera_to_world_matrix": [-0.993307, -0.0409478, 0.10798, 5.81721, 0.10657, 0.0351768, 0.993682, -11.0274, -0.0444868, 0.998541, -0.0305798, 1.80833, 0.0, 0.0, 0.0, 1.0]}, "042694a998724785988a46b00005fc97_d1_4.png": {"intrinsics": {"fx": 1077.68, "fy": 1078.18, "cx": 638.34, "cy": 535.961}, "camera_to_world_matrix": [-0.403285, -0.0368966, 0.914329, 5.81438, 0.913968, 0.0328242, 0.404451, -11.0253, -0.0449343, 0.998779, 0.0204826, 1.80815, 0.0, 0.0, 0.0, 1.0]}, "042694a998724785988a46b00005fc97_d1_5.png": {"intrinsics": {"fx": 1077.68, "fy": 1078.18, "cx": 638.34, "cy": 535.961}, "camera_to_world_matrix": [0.590052, -0.036912, 0.806519, 5.81476, 0.807362, 0.0281356, -0.589382, -11.0218, -0.00093599, 0.998921, 0.0464007, 1.80806, 0.0, 0.0, 0.0, 1.0]}, "042694a998724785988a46b00005fc97_d2_0.png": {"intrinsics": {"fx": 1074.32, "fy": 1073.94, "cx": 625.719, "cy": 520.353}, "camera_to_world_matrix": [0.993437, 0.0313276, -0.110012, 5.81779, -0.101855, 0.67995, -0.72615, -11.0084, 0.0520538, 0.732589, 0.678677, 1.84107, 0.0, 0.0, 0.0, 1.0]}, "042694a998724785988a46b00005fc97_d2_1.png": {"intrinsics": {"fx": 1074.32, "fy": 1073.94, "cx": 625.719, "cy": 520.353}, "camera_to_world_matrix": [0.407071, 0.569026, -0.714495, 5.82952, -0.911874, 0.298333, -0.28193, -11.017, 0.0527313, 0.766295, 0.640322, 1.84181, 0.0, 0.0, 0.0, 1.0]}, "042694a998724785988a46b00005fc97_d2_2.png": {"intrinsics": {"fx": 1074.32, "fy": 1073.94, "cx": 625.719, "cy": 520.353}, "camera_to_world_matrix": [-0.586711, 0.506918, -0.63151, 5.82795, -0.809749, -0.358724, 0.464354, -11.0314, 0.00885155, 0.783806, 0.620943, 1.84219, 0.0, 0.0, 0.0, 1.0]}, "042694a998724785988a46b00005fc97_d2_3.png": {"intrinsics": {"fx": 1074.32, "fy": 1073.94, "cx": 625.719, "cy": 520.353}, "camera_to_world_matrix": [-0.994103, -0.0928872, 0.0559557, 5.81465, 0.102393, -0.634149, 0.766402, -11.0373, -0.0357048, 0.767612, 0.63992, 1.84182, 0.0, 0.0, 0.0, 1.0]}, "042694a998724785988a46b00005fc97_d2_4.png": {"intrinsics": {"fx": 1074.32, "fy": 1073.94, "cx": 625.719, "cy": 520.353}, "camera_to_world_matrix": [-0.407706, -0.630571, 0.660422, 5.80292, 0.912389, -0.25251, 0.322158, -11.0288, -0.0363803, 0.733907, 0.678275, 1.84108, 0.0, 0.0, 0.0, 1.0]}, "042694a998724785988a46b00005fc97_d2_5.png": {"intrinsics": {"fx": 1074.32, "fy": 1073.94, "cx": 625.719, "cy": 520.353}, "camera_to_world_matrix": [0.586072, -0.568437, 0.577408, 5.80449, 0.810225, 0.404544, -0.424123, -11.0143, 0.00750054, 0.716397, 0.697653, 1.8407, 0.0, 0.0, 0.0, 1.0]}, "0942757fbce9474590d047d55e04868d_d0_0.png": {"intrinsics": {"fx": 1074.92, "fy": 1075.16, "cx": 631.172, "cy": 522.489}, "camera_to_world_matrix": [-0.80259, -0.410606, -0.432729, -2.41154, -0.596521, 0.547921, 0.586471, -8.25207, -0.00370738, 0.728827, -0.684688, 1.53729, 0.0, 0.0, 0.0, 1.0]}, "0942757fbce9474590d047d55e04868d_d0_1.png": {"intrinsics": {"fx": 1074.92, "fy": 1075.16, "cx": 631.172, "cy": 522.489}, "camera_to_world_matrix": [-0.917684, 0.251601, 0.307501, -2.42599, 0.396663, 0.624508, 0.672793, -8.25381, -0.022762, 0.739384, -0.672899, 1.53706, 0.0, 0.0, 0.0, 1.0]}, "0942757fbce9474590d047d55e04868d_d0_2.png": {"intrinsics": {"fx": 1074.92, "fy": 1075.16, "cx": 631.172, "cy": 522.489}, "camera_to_world_matrix": [-0.115081, 0.648847, 0.752168, -2.43471, 0.993184, 0.0893217, 0.0749041, -8.24216, -0.0185839, 0.75566, -0.654701, 1.53671, 0.0, 0.0, 0.0, 1.0]}, "0942757fbce9474590d047d55e04868d_d0_3.png": {"intrinsics": {"fx": 1074.92, "fy": 1075.16, "cx": 631.172, "cy": 522.489}, "camera_to_world_matrix": [0.802597, 0.383878, 0.456595, -2.42898, 0.596506, -0.522441, -0.609293, -8.22879, 0.00464872, 0.761377, -0.648293, 1.53658, 0.0, 0.0, 0.0, 1.0]}, "0942757fbce9474590d047d55e04868d_d0_4.png": {"intrinsics": {"fx": 1074.92, "fy": 1075.16, "cx": 631.172, "cy": 522.489}, "camera_to_world_matrix": [0.917651, -0.278331, -0.283639, -2.41454, -0.396683, -0.599003, -0.695587, -8.22705, 0.0237027, 0.75082, -0.660082, 1.53681, 0.0, 0.0, 0.0, 1.0]}, "0942757fbce9474590d047d55e04868d_d0_5.png": {"intrinsics": {"fx": 1074.92, "fy": 1075.16, "cx": 631.172, "cy": 522.489}, "camera_to_world_matrix": [0.115025, -0.675557, -0.728282, -2.40582, -0.993172, -0.0638005, -0.0976804, -8.2387, 0.0195236, 0.734544, -0.67828, 1.53716, 0.0, 0.0, 0.0, 1.0]}, "0942757fbce9474590d047d55e04868d_d1_0.png": {"intrinsics": {"fx": 1077.68, "fy": 1078.18, "cx": 638.34, "cy": 535.961}, "camera_to_world_matrix": [-0.800342, -0.0211039, -0.599168, -2.41876, -0.599522, 0.0205417, 0.800093, -8.24266, -0.0045765, 0.999565, -0.029095, 1.57026, 0.0, 0.0, 0.0, 1.0]}, "0942757fbce9474590d047d55e04868d_d1_1.png": {"intrinsics": {"fx": 1077.68, "fy": 1078.18, "cx": 638.34, "cy": 535.961}, "camera_to_world_matrix": [-0.919136, -0.0165309, 0.393589, -2.42224, 0.393222, 0.0215845, 0.919188, -8.24308, -0.0236898, 0.999629, -0.013341, 1.57021, 0.0, 0.0, 0.0, 1.0]}, "0942757fbce9474590d047d55e04868d_d1_2.png": {"intrinsics": {"fx": 1077.68, "fy": 1078.18, "cx": 638.34, "cy": 535.961}, "camera_to_world_matrix": [-0.118764, -0.0133427, 0.992832, -2.42433, 0.992727, 0.0181457, 0.118995, -8.24028, -0.0196028, 0.999745, 0.0110884, 1.57012, 0.0, 0.0, 0.0, 1.0]}, "0942757fbce9474590d047d55e04868d_d1_3.png": {"intrinsics": {"fx": 1077.68, "fy": 1078.18, "cx": 638.34, "cy": 535.961}, "camera_to_world_matrix": [0.800383, -0.0147275, 0.599304, -2.42296, 0.599474, 0.0136643, -0.800276, -8.23706, 0.00359755, 0.999797, 0.0197632, 1.57009, 0.0, 0.0, 0.0, 1.0]}, "0942757fbce9474590d047d55e04868d_d1_4.png": {"intrinsics": {"fx": 1077.68, "fy": 1078.18, "cx": 638.34, "cy": 535.961}, "camera_to_world_matrix": [0.919138, -0.0193005, -0.393458, -2.41948, -0.393275, 0.0126217, -0.919333, -8.23664, 0.0227103, 0.999733, 0.00400851, 1.57014, 0.0, 0.0, 0.0, 1.0]}, "0942757fbce9474590d047d55e04868d_d1_5.png": {"intrinsics": {"fx": 1077.68, "fy": 1078.18, "cx": 638.34, "cy": 535.961}, "camera_to_world_matrix": [0.118743, -0.0224886, -0.992669, -2.41738, -0.992748, 0.0160606, -0.119116, -8.23944, 0.0186223, 0.999617, -0.0204207, 1.57023, 0.0, 0.0, 0.0, 1.0]}, "0942757fbce9474590d047d55e04868d_d2_0.png": {"intrinsics": {"fx": 1074.32, "fy": 1073.94, "cx": 625.719, "cy": 520.353}, "camera_to_world_matrix": [-0.797789, 0.389425, -0.460305, -2.41274, -0.602922, -0.509938, 0.613554, -8.25093, 0.0042059, 0.767015, 0.641616, 1.60377, 0.0, 0.0, 0.0, 1.0]}, "0942757fbce9474590d047d55e04868d_d2_1.png": {"intrinsics": {"fx": 1074.32, "fy": 1073.94, "cx": 625.719, "cy": 520.353}, "camera_to_world_matrix": [-0.921011, -0.264868, 0.28563, -2.42718, 0.38925, -0.597592, 0.700977, -8.25267, -0.014977, 0.756789, 0.653488, 1.60354, 0.0, 0.0, 0.0, 1.0]}, "0942757fbce9474590d047d55e04868d_d2_2.png": {"intrinsics": {"fx": 1074.32, "fy": 1073.94, "cx": 625.719, "cy": 520.353}, "camera_to_world_matrix": [-0.123347, -0.667744, 0.734101, -2.4359, 0.992303, -0.0747938, 0.0986986, -8.24102, -0.0109992, 0.740624, 0.671829, 1.60319, 0.0, 0.0, 0.0, 1.0]}, "0942757fbce9474590d047d55e04868d_d2_3.png": {"intrinsics": {"fx": 1074.32, "fy": 1073.94, "cx": 625.719, "cy": 520.353}, "camera_to_world_matrix": [0.79752, -0.416317, 0.436627, -2.43017, 0.603171, 0.535646, -0.59099, -8.22765, 0.0121614, 0.734687, 0.678298, 1.60306, 0.0, 0.0, 0.0, 1.0]}, "0942757fbce9474590d047d55e04868d_d2_4.png": {"intrinsics": {"fx": 1074.32, "fy": 1073.94, "cx": 625.719, "cy": 520.353}, "camera_to_world_matrix": [0.920702, 0.23798, -0.309311, -2.41573, -0.389006, 0.623274, -0.678384, -8.22592, 0.0313437, 0.744913, 0.666425, 1.60329, 0.0, 0.0, 0.0, 1.0]}, "0942757fbce9474590d047d55e04868d_d2_5.png": {"intrinsics": {"fx": 1074.32, "fy": 1073.94, "cx": 625.719, "cy": 520.353}, "camera_to_world_matrix": [0.123015, 0.640835, -0.757759, -2.40701, -0.992028, 0.10046, -0.0760875, -8.23756, 0.027365, 0.761077, 0.648084, 1.60364, 0.0, 0.0, 0.0, 1.0]}, "0dddf48262c1438a8c681689365c961a_d0_0.png": {"intrinsics": {"fx": 1074.92, "fy": 1075.16, "cx": 631.172, "cy": 522.489}, "camera_to_world_matrix": [-0.587848, 0.544926, 0.597907, -11.5396, 0.808868, 0.384038, 0.445252, 11.8012, 0.0130103, 0.745368, -0.666527, -1.6561, 0.0, 0.0, 0.0, 1.0]}, "0dddf48262c1438a8c681689365c961a_d0_1.png": {"intrinsics": {"fx": 1074.92, "fy": 1075.16, "cx": 631.172, "cy": 522.489}, "camera_to_world_matrix": [0.40665, 0.614327, 0.676196, -11.5411, 0.91356, -0.279004, -0.295919, 11.8156, 0.00687003, 0.73808, -0.674679, -1.65594, 0.0, 0.0, 0.0, 1.0]}, "0dddf48262c1438a8c681689365c961a_d0_2.png": {"intrinsics": {"fx": 1074.92, "fy": 1075.16, "cx": 631.172, "cy": 522.489}, "camera_to_world_matrix": [0.994493, 0.0747917, 0.0734393, -11.5294, 0.104666, -0.670662, -0.734343, 11.8242, -0.00567007, 0.737984, -0.674795, -1.65593, 0.0, 0.0, 0.0, 1.0]}, "0dddf48262c1438a8c681689365c961a_d0_3.png": {"intrinsics": {"fx": 1074.92, "fy": 1075.16, "cx": 631.172, "cy": 522.489}, "camera_to_world_matrix": [0.587824, -0.534132, -0.607592, -11.5161, -0.808901, -0.39927, -0.431585, 11.8184, -0.0120697, 0.745177, -0.666758, -1.65609, 0.0, 0.0, 0.0, 1.0]}, "0dddf48262c1438a8c681689365c961a_d0_4.png": {"intrinsics": {"fx": 1074.92, "fy": 1075.16, "cx": 631.172, "cy": 522.489}, "camera_to_world_matrix": [-0.406679, -0.603508, -0.685852, -11.5145, -0.913553, 0.263775, 0.309589, 11.8039, -0.00592906, 0.752465, -0.658606, -1.65625, 0.0, 0.0, 0.0, 1.0]}, "0dddf48262c1438a8c681689365c961a_d0_5.png": {"intrinsics": {"fx": 1074.92, "fy": 1075.16, "cx": 631.172, "cy": 522.489}, "camera_to_world_matrix": [-0.99449, -0.0639571, -0.0830784, -11.5262, -0.104636, 0.655412, 0.747989, 11.7953, 0.00661108, 0.75256, -0.658491, -1.65625, 0.0, 0.0, 0.0, 1.0]}, "0dddf48262c1438a8c681689365c961a_d1_0.png": {"intrinsics": {"fx": 1077.68, "fy": 1078.18, "cx": 638.34, "cy": 535.961}, "camera_to_world_matrix": [-0.590864, 0.0107242, 0.806698, -11.5304, 0.806679, -0.00707967, 0.590944, 11.8074, 0.0120492, 0.999916, -0.00447015, -1.62285, 0.0, 0.0, 0.0, 1.0]}, "0dddf48262c1438a8c681689365c961a_d1_1.png": {"intrinsics": {"fx": 1077.68, "fy": 1078.18, "cx": 638.34, "cy": 535.961}, "camera_to_world_matrix": [0.403234, 0.0117174, 0.91502, -11.5308, 0.915075, -0.0116638, -0.40311, 11.8108, 0.00594982, 0.999862, -0.0154278, -1.62281, 0.0, 0.0, 0.0, 1.0]}, "0dddf48262c1438a8c681689365c961a_d1_2.png": {"intrinsics": {"fx": 1077.68, "fy": 1078.18, "cx": 638.34, "cy": 535.961}, "camera_to_world_matrix": [0.994085, 0.00824381, 0.108267, -11.528, 0.108381, -0.0148162, -0.993998, 11.8129, -0.0065896, 0.999855, -0.0156243, -1.62281, 0.0, 0.0, 0.0, 1.0]}, "0dddf48262c1438a8c681689365c961a_d1_3.png": {"intrinsics": {"fx": 1077.68, "fy": 1078.18, "cx": 638.34, "cy": 535.961}, "camera_to_world_matrix": [0.590825, 0.00377714, -0.806789, -11.5248, -0.806692, -0.0133844, -0.590817, 11.8115, -0.0130293, 0.999902, -0.00486307, -1.62285, 0.0, 0.0, 0.0, 1.0]}, "0dddf48262c1438a8c681689365c961a_d1_4.png": {"intrinsics": {"fx": 1077.68, "fy": 1078.18, "cx": 638.34, "cy": 535.961}, "camera_to_world_matrix": [-0.403277, 0.00278416, -0.915072, -11.5244, -0.915049, -0.00880021, 0.403242, 11.808, -0.00692952, 0.999956, 0.00609435, -1.62288, 0.0, 0.0, 0.0, 1.0]}, "0dddf48262c1438a8c681689365c961a_d1_5.png": {"intrinsics": {"fx": 1077.68, "fy": 1078.18, "cx": 638.34, "cy": 535.961}, "camera_to_world_matrix": [-0.994097, 0.00625788, -0.108296, -11.5272, -0.108332, -0.00564796, 0.994098, 11.806, 0.00560991, 0.999963, 0.00629033, -1.62289, 0.0, 0.0, 0.0, 1.0]}, "0dddf48262c1438a8c681689365c961a_d2_0.png": {"intrinsics": {"fx": 1074.32, "fy": 1073.94, "cx": 625.719, "cy": 520.353}, "camera_to_world_matrix": [-0.594379, -0.521747, 0.611959, -11.5391, 0.803918, -0.405108, 0.435434, 11.8005, 0.020723, 0.750778, 0.660229, -1.5896, 0.0, 0.0, 0.0, 1.0]}, "0dddf48262c1438a8c681689365c961a_d2_1.png": {"intrinsics": {"fx": 1074.32, "fy": 1073.94, "cx": 625.719, "cy": 520.353}, "camera_to_world_matrix": [0.399195, -0.602301, 0.691287, -11.5406, 0.916749, 0.250136, -0.311454, 11.815, 0.0146727, 0.758067, 0.652011, -1.58944, 0.0, 0.0, 0.0, 1.0]}, "0dddf48262c1438a8c681689365c961a_d2_2.png": {"intrinsics": {"fx": 1074.32, "fy": 1073.94, "cx": 625.719, "cy": 520.353}, "camera_to_world_matrix": [0.993624, -0.0750938, 0.0840991, -11.5289, 0.112726, 0.647553, -0.753636, 11.8236, 0.00213471, 0.758311, 0.651889, -1.58944, 0.0, 0.0, 0.0, 1.0]}, "0dddf48262c1438a8c681689365c961a_d2_3.png": {"intrinsics": {"fx": 1074.32, "fy": 1073.94, "cx": 625.719, "cy": 520.353}, "camera_to_world_matrix": [0.594466, 0.532654, -0.602403, -11.5156, -0.804109, 0.389717, -0.44892, 11.8177, -0.00435284, 0.751266, 0.659986, -1.5896, 0.0, 0.0, 0.0, 1.0]}, "0dddf48262c1438a8c681689365c961a_d2_4.png": {"intrinsics": {"fx": 1074.32, "fy": 1073.94, "cx": 625.719, "cy": 520.353}, "camera_to_world_matrix": [-0.399112, 0.613182, -0.681702, -11.514, -0.916901, -0.265531, 0.297971, 11.8032, 0.00169781, 0.743977, 0.668204, -1.58976, 0.0, 0.0, 0.0, 1.0]}, "0dddf48262c1438a8c681689365c961a_d2_5.png": {"intrinsics": {"fx": 1074.32, "fy": 1073.94, "cx": 625.719, "cy": 520.353}, "camera_to_world_matrix": [-0.99351, 0.08596, -0.0744964, -11.5258, -0.112855, -0.662927, 0.74013, 11.7946, 0.0142359, 0.743733, 0.668325, -1.58976, 0.0, 0.0, 0.0, 1.0]}, "0fff7e21865540b88317a8fff1e20c4e_d0_0.png": {"intrinsics": {"fx": 1074.92, "fy": 1075.16, "cx": 631.172, "cy": 522.489}, "camera_to_world_matrix": [-0.486559, -0.589081, -0.645172, -2.79927, -0.872813, 0.360078, 0.329461, -17.3318, 0.0382324, 0.723415, -0.689354, 1.86118, 0.0, 0.0, 0.0, 1.0]}, "0fff7e21865540b88317a8fff1e20c4e_d0_1.png": {"intrinsics": {"fx": 1074.92, "fy": 1075.16, "cx": 631.172, "cy": 522.489}, "camera_to_world_matrix": [-0.999845, -0.0167539, -0.0057029, -2.81173, -0.0158223, 0.701851, 0.71215, -17.3393, -0.00792893, 0.712129, -0.702005, 1.86142, 0.0, 0.0, 0.0, 1.0]}, "0fff7e21865540b88317a8fff1e20c4e_d0_2.png": {"intrinsics": {"fx": 1074.92, "fy": 1075.16, "cx": 631.172, "cy": 522.489}, "camera_to_world_matrix": [-0.513268, 0.565504, 0.645573, -2.82447, 0.857013, 0.377769, 0.35046, -17.3323, -0.0456914, 0.733143, -0.678538, 1.86097, 0.0, 0.0, 0.0, 1.0]}, "0fff7e21865540b88317a8fff1e20c4e_d0_3.png": {"intrinsics": {"fx": 1074.92, "fy": 1075.16, "cx": 631.172, "cy": 522.489}, "camera_to_world_matrix": [0.486585, 0.575421, 0.657366, -2.82474, 0.872839, -0.288078, -0.39391, -17.3178, -0.0372917, 0.765444, -0.642422, 1.86026, 0.0, 0.0, 0.0, 1.0]}, "0fff7e21865540b88317a8fff1e20c4e_d0_4.png": {"intrinsics": {"fx": 1074.92, "fy": 1075.16, "cx": 631.172, "cy": 522.489}, "camera_to_world_matrix": [0.999837, 0.00307995, 0.0178817, -2.81229, 0.0158288, -0.629829, -0.776574, -17.3102, 0.0088703, 0.776729, -0.629773, 1.86001, 0.0, 0.0, 0.0, 1.0]}, "0fff7e21865540b88317a8fff1e20c4e_d0_5.png": {"intrinsics": {"fx": 1074.92, "fy": 1075.16, "cx": 631.172, "cy": 522.489}, "camera_to_world_matrix": [0.513225, -0.579165, -0.63338, -2.79955, -0.856988, -0.305724, -0.414858, -17.3173, 0.0466316, 0.755714, -0.65324, 1.86047, 0.0, 0.0, 0.0, 1.0]}, "0fff7e21865540b88317a8fff1e20c4e_d1_0.png": {"intrinsics": {"fx": 1077.68, "fy": 1078.18, "cx": 638.34, "cy": 535.961}, "camera_to_world_matrix": [-0.483289, -0.0134764, -0.875355, -2.80925, -0.874659, 0.0501361, 0.482134, -17.3249, 0.0373901, 0.99865, -0.0360198, 1.89404, 0.0, 0.0, 0.0, 1.0]}, "0fff7e21865540b88317a8fff1e20c4e_d1_1.png": {"intrinsics": {"fx": 1077.68, "fy": 1078.18, "cx": 638.34, "cy": 535.961}, "camera_to_world_matrix": [-0.999768, -0.00973534, -0.0191004, -2.81224, -0.0195908, 0.0529641, 0.998403, -17.3267, -0.0087075, 0.998548, -0.0531449, 1.8941, 0.0, 0.0, 0.0, 1.0]}, "0fff7e21865540b88317a8fff1e20c4e_d1_2.png": {"intrinsics": {"fx": 1077.68, "fy": 1078.18, "cx": 638.34, "cy": 535.961}, "camera_to_world_matrix": [-0.516452, -0.00541439, 0.856298, -2.81531, 0.855045, 0.051143, 0.51602, -17.325, -0.046587, 0.998675, -0.0217856, 1.89399, 0.0, 0.0, 0.0, 1.0]}, "0fff7e21865540b88317a8fff1e20c4e_d1_3.png": {"intrinsics": {"fx": 1077.68, "fy": 1078.18, "cx": 638.34, "cy": 535.961}, "camera