{"00187e6e9d5c41608a232fadb522677e_d0_0.png": {"intrinsics": {"fx": 1070.43, "fy": 1071.41, "cx": 638.65, "cy": 512.937}, "camera_to_world_matrix": [0.392312, 0.6215, 0.678106, -13.5711, 0.919827, -0.262947, -0.29116, 18.6443, -0.00265004, 0.737967, -0.674832, 1.54975, 0.0, 0.0, 0.0, 1.0]}, "00187e6e9d5c41608a232fadb522677e_d0_1.png": {"intrinsics": {"fx": 1070.43, "fy": 1071.41, "cx": 638.65, "cy": 512.937}, "camera_to_world_matrix": [0.992739, 0.0843439, 0.0857543, -13.5595, 0.120152, -0.662267, -0.73957, 18.653, -0.0055857, 0.744504, -0.667594, 1.54961, 0.0, 0.0, 0.0, 1.0]}, "00187e6e9d5c41608a232fadb522677e_d0_2.png": {"intrinsics": {"fx": 1070.43, "fy": 1071.41, "cx": 638.65, "cy": 512.937}, "camera_to_world_matrix": [0.600446, -0.530054, -0.598754, -13.5461, -0.799663, -0.396698, -0.450742, 18.6474, 0.00139305, 0.749448, -0.662062, 1.5495, 0.0, 0.0, 0.0, 1.0]}, "00187e6e9d5c41608a232fadb522677e_d0_3.png": {"intrinsics": {"fx": 1070.43, "fy": 1071.41, "cx": 638.65, "cy": 512.937}, "camera_to_world_matrix": [-0.392265, -0.607282, -0.690895, -13.5443, -0.919782, 0.268185, 0.28649, 18.6329, 0.0113073, 0.747853, -0.663768, 1.54954, 0.0, 0.0, 0.0, 1.0]}, "00187e6e9d5c41608a232fadb522677e_d0_4.png": {"intrinsics": {"fx": 1070.43, "fy": 1071.41, "cx": 638.65, "cy": 512.937}, "camera_to_world_matrix": [-0.992661, -0.0701098, -0.0985259, -13.5559, -0.120083, 0.667484, 0.734877, 18.6242, 0.0142426, 0.741315, -0.671005, 1.54968, 0.0, 0.0, 0.0, 1.0]}, "00187e6e9d5c41608a232fadb522677e_d0_5.png": {"intrinsics": {"fx": 1070.43, "fy": 1071.41, "cx": 638.65, "cy": 512.937}, "camera_to_world_matrix": [-0.600332, 0.544278, 0.585971, -13.5693, 0.799717, 0.401891, 0.446021, 18.6298, 0.00726352, 0.736372, -0.676537, 1.54979, 0.0, 0.0, 0.0, 1.0]}, "00187e6e9d5c41608a232fadb522677e_d1_0.png": {"intrinsics": {"fx": 1071.19, "fy": 1071.12, "cx": 634.229, "cy": 506.401}, "camera_to_world_matrix": [0.389733, 0.00386355, 0.920919, -13.5606, 0.920927, -0.00222453, -0.389728, 18.6401, 0.000543197, 0.99999, -0.00442619, 1.58292, 0.0, 0.0, 0.0, 1.0]}, "00187e6e9d5c41608a232fadb522677e_d1_1.png": {"intrinsics": {"fx": 1071.19, "fy": 1071.12, "cx": 634.229, "cy": 506.401}, "camera_to_world_matrix": [0.992406, 0.00174769, 0.122978, -13.5578, 0.122967, 0.00557715, -0.992394, 18.6422, -0.00241995, 0.999982, 0.00531873, 1.58289, 0.0, 0.0, 0.0, 1.0]}, "00187e6e9d5c41608a232fadb522677e_d1_2.png": {"intrinsics": {"fx": 1071.19, "fy": 1071.12, "cx": 634.229, "cy": 506.401}, "camera_to_world_matrix": [0.602723, 0.00744596, -0.797915, -13.5546, -0.797936, 0.0113102, -0.602634, 18.6408, 0.00453766, 0.999908, 0.0127571, 1.58286, 0.0, 0.0, 0.0, 1.0]}, "00187e6e9d5c41608a232fadb522677e_d1_3.png": {"intrinsics": {"fx": 1071.19, "fy": 1071.12, "cx": 634.229, "cy": 506.401}, "camera_to_world_matrix": [-0.389625, 0.01526, -0.920846, -13.5541, -0.920859, 0.00924135, 0.389784, 18.6374, 0.0144583, 0.99984, 0.0104504, 1.58287, 0.0, 0.0, 0.0, 1.0]}, "00187e6e9d5c41608a232fadb522677e_d1_4.png": {"intrinsics": {"fx": 1071.19, "fy": 1071.12, "cx": 634.229, "cy": 506.401}, "camera_to_world_matrix": [-0.992268, 0.0173755, -0.122882, -13.5569, -0.122875, 0.00143958, 0.99242, 18.6353, 0.017421, 0.999847, 0.000705403, 1.5829, 0.0, 0.0, 0.0, 1.0]}, "00187e6e9d5c41608a232fadb522677e_d1_5.png": {"intrinsics": {"fx": 1071.19, "fy": 1071.12, "cx": 634.229, "cy": 506.401}, "camera_to_world_matrix": [-0.602548, 0.011677, 0.797996, -13.5601, 0.798012, -0.0042932, 0.602624, 18.6366, 0.0104631, 0.999922, -0.00673273, 1.58293, 0.0, 0.0, 0.0, 1.0]}, "00187e6e9d5c41608a232fadb522677e_d2_0.png": {"intrinsics": {"fx": 1074.89, "fy": 1075.48, "cx": 631.812, "cy": 519.671}, "camera_to_world_matrix": [0.389936, -0.606035, 0.693305, -13.5704, 0.920823, 0.261448, -0.289362, 18.6445, -0.00590004, 0.751243, 0.659999, 1.61625, 0.0, 0.0, 0.0, 1.0]}, "00187e6e9d5c41608a232fadb522677e_d2_1.png": {"intrinsics": {"fx": 1074.89, "fy": 1075.48, "cx": 631.812, "cy": 519.671}, "camera_to_world_matrix": [0.992407, -0.0753144, 0.097238, -13.5588, 0.122674, 0.66307, -0.738437, 18.6533, -0.00886063, 0.744759, 0.667274, 1.61611, 0.0, 0.0, 0.0, 1.0]}, "00187e6e9d5c41608a232fadb522677e_d2_2.png": {"intrinsics": {"fx": 1074.89, "fy": 1075.48, "cx": 631.812, "cy": 519.671}, "camera_to_world_matrix": [0.602459, 0.537859, -0.589704, -13.5454, -0.798148, 0.404225, -0.446724, 18.6476, -0.00190075, 0.739804, 0.67282, 1.616, 0.0, 0.0, 0.0, 1.0]}, "00187e6e9d5c41608a232fadb522677e_d2_3.png": {"intrinsics": {"fx": 1074.89, "fy": 1075.48, "cx": 631.812, "cy": 519.671}, "camera_to_world_matrix": [-0.389952, 0.620298, -0.680565, -13.5436, -0.9208, -0.256235, 0.294059, 18.6332, 0.00801949, 0.741333, 0.671089, 1.61603, 0.0, 0.0, 0.0, 1.0]}, "00187e6e9d5c41608a232fadb522677e_d2_4.png": {"intrinsics": {"fx": 1074.89, "fy": 1075.48, "cx": 631.812, "cy": 519.671}, "camera_to_world_matrix": [-0.992392, 0.0895613, -0.0844805, -13.5552, -0.122628, -0.657836, 0.743111, 18.6244, 0.0109797, 0.747817, 0.663814, 1.61618, 0.0, 0.0, 0.0, 1.0]}, "00187e6e9d5c41608a232fadb522677e_d2_5.png": {"intrinsics": {"fx": 1074.89, "fy": 1075.48, "cx": 631.812, "cy": 519.671}, "camera_to_world_matrix": [-0.602407, -0.523602, 0.60245, -13.5686, 0.798179, -0.398967, 0.451371, 18.6301, 0.00401953, 0.752772, 0.658269, 1.61628, 0.0, 0.0, 0.0, 1.0]}, "00d3e13abe73496aa6e655afe913ce59_d0_0.png": {"intrinsics": {"fx": 1070.43, "fy": 1071.41, "cx": 638.65, "cy": 512.937}, "camera_to_world_matrix": [-0.873066, -0.306287, -0.379396, -2.51656, -0.487035, 0.585226, 0.64831, 19.5931, 0.0234632, 0.750798, -0.660115, 1.53109, 0.0, 0.0, 0.0, 1.0]}, "00d3e13abe73496aa6e655afe913ce59_d0_1.png": {"intrinsics": {"fx": 1070.43, "fy": 1071.41, "cx": 638.65, "cy": 512.937}, "camera_to_world_matrix": [-0.858128, 0.362766, 0.363338, -2.5311, 0.512854, 0.572028, 0.640127, 19.5932, 0.0243769, 0.735652, -0.676921, 1.53142, 0.0, 0.0, 0.0, 1.0]}, "00d3e13abe73496aa6e655afe913ce59_d0_2.png": {"intrinsics": {"fx": 1070.43, "fy": 1071.41, "cx": 638.65, "cy": 512.937}, "camera_to_world_matrix": [0.0150551, 0.685842, 0.727594, -2.53822, 0.999872, -0.0141405, -0.00736002, 19.6059, 0.00524088, 0.727612, -0.685969, 1.5316, 0.0, 0.0, 0.0, 1.0]}, "00d3e13abe73496aa6e655afe913ce59_d0_3.png": {"intrinsics": {"fx": 1070.43, "fy": 1071.41, "cx": 638.65, "cy": 512.937}, "camera_to_world_matrix": [0.873281, 0.339857, 0.349107, -2.5308, 0.48699, -0.587098, -0.64665, 19.6184, -0.0148084, 0.734719, -0.67821, 1.53145, 0.0, 0.0, 0.0, 1.0]}, "00d3e13abe73496aa6e655afe913ce59_d0_4.png": {"intrinsics": {"fx": 1070.43, "fy": 1071.41, "cx": 638.65, "cy": 512.937}, "camera_to_world_matrix": [0.858304, -0.329196, -0.393627, -2.51625, -0.512899, -0.573874, -0.638437, 19.6183, -0.0157213, 0.749865, -0.661404, 1.53112, 0.0, 0.0, 0.0, 1.0]}, "00d3e13abe73496aa6e655afe913ce59_d0_5.png": {"intrinsics": {"fx": 1070.43, "fy": 1071.41, "cx": 638.65, "cy": 512.937}, "camera_to_world_matrix": [-0.0148986, -0.652249, -0.757858, -2.50913, -0.999882, 0.0123073, 0.00906432, 19.6056, 0.00341519, 0.757904, -0.652357, 1.53094, 0.0, 0.0, 0.0, 1.0]}, "00d3e13abe73496aa6e655afe913ce59_d1_0.png": {"intrinsics": {"fx": 1071.19, "fy": 1071.12, "cx": 634.229, "cy": 506.401}, "camera_to_world_matrix": [-0.871598, 0.0306206, -0.489262, -2.52121, -0.489497, -0.000207676, 0.872005, 19.6027, 0.0266, 0.99953, 0.0151685, 1.56447, 0.0, 0.0, 0.0, 1.0]}, "00d3e13abe73496aa6e655afe913ce59_d1_1.png": {"intrinsics": {"fx": 1071.19, "fy": 1071.12, "cx": 634.229, "cy": 506.401}, "camera_to_world_matrix": [-0.859486, 0.027517, 0.510415, -2.52471, 0.510411, -0.00767141, 0.859895, 19.6027, 0.0275777, 0.999591, -0.00745271, 1.56455, 0.0, 0.0, 0.0, 1.0]}, "00d3e13abe73496aa6e655afe913ce59_d1_2.png": {"intrinsics": {"fx": 1071.19, "fy": 1071.12, "cx": 634.229, "cy": 506.401}, "camera_to_world_matrix": [0.0123005, 0.0195032, 0.999733, -2.52642, 0.999887, -0.00871491, -0.0121327, 19.6057, 0.00847629, 0.999771, -0.0196093, 1.56459, 0.0, 0.0, 0.0, 1.0]}, "00d3e13abe73496aa6e655afe913ce59_d1_3.png": {"intrinsics": {"fx": 1071.19, "fy": 1071.12, "cx": 634.229, "cy": 506.401}, "camera_to_world_matrix": [0.871956, 0.014593, 0.489364, -2.52464, 0.489444, -0.00229465, -0.872031, 19.6088, -0.0116023, 0.99989, -0.00914448, 1.56455, 0.0, 0.0, 0.0, 1.0]}, "00d3e13abe73496aa6e655afe913ce59_d1_4.png": {"intrinsics": {"fx": 1071.19, "fy": 1071.12, "cx": 634.229, "cy": 506.401}, "camera_to_world_matrix": [0.859806, 0.0176969, -0.510313, -2.52114, -0.510464, 0.00516897, -0.859883, 19.6087, -0.0125792, 0.999829, 0.0134768, 1.56448, 0.0, 0.0, 0.0, 1.0]}, "00d3e13abe73496aa6e655afe913ce59_d1_5.png": {"intrinsics": {"fx": 1071.19, "fy": 1071.12, "cx": 634.229, "cy": 506.401}, "camera_to_world_matrix": [-0.0120005, 0.0257108, -0.999597, -2.51943, -0.999905, 0.00621215, 0.0121644, 19.6057, 0.00652271, 0.999649, 0.0256327, 1.56443, 0.0, 0.0, 0.0, 1.0]}, "00d3e13abe73496aa6e655afe913ce59_d2_0.png": {"intrinsics": {"fx": 1074.89, "fy": 1075.48, "cx": 631.812, "cy": 519.671}, "camera_to_world_matrix": [-0.871903, 0.343105, -0.349375, -2.51505, -0.489262, -0.581023, 0.650411, 19.593, 0.0201642, 0.738032, 0.674464, 1.59758, 0.0, 0.0, 0.0, 1.0]}, "00d3e13abe73496aa6e655afe913ce59_d2_1.png": {"intrinsics": {"fx": 1074.89, "fy": 1075.48, "cx": 631.812, "cy": 519.671}, "camera_to_world_matrix": [-0.859516, -0.322271, 0.396703, -2.5296, 0.510671, -0.573586, 0.64048, 19.5932, 0.0211356, 0.753088, 0.65758, 1.59791, 0.0, 0.0, 0.0, 1.0]}, "00d3e13abe73496aa6e655afe913ce59_d2_2.png": {"intrinsics": {"fx": 1074.89, "fy": 1075.48, "cx": 631.812, "cy": 519.671}, "camera_to_world_matrix": [0.0124308, -0.648495, 0.761117, -2.53672, 0.99992, 0.00651633, -0.0107789, 19.6058, 0.00203038, 0.761191, 0.648524, 1.59808, 0.0, 0.0, 0.0, 1.0]}, "00d3e13abe73496aa6e655afe913ce59_d2_3.png": {"intrinsics": {"fx": 1074.89, "fy": 1075.48, "cx": 631.812, "cy": 519.671}, "camera_to_world_matrix": [0.87197, -0.309337, 0.379444, -2.52929, 0.489226, 0.579168, -0.652091, 19.6183, -0.0180459, 0.754238, 0.656353, 1.59793, 0.0, 0.0, 0.0, 1.0]}, "00d3e13abe73496aa6e655afe913ce59_d2_4.png": {"intrinsics": {"fx": 1074.89, "fy": 1075.48, "cx": 631.812, "cy": 519.671}, "camera_to_world_matrix": [0.859544, 0.356038, -0.366634, -2.51475, -0.510707, 0.571704, -0.642131, 19.6182, -0.0190165, 0.739182, 0.673236, 1.5976, 0.0, 0.0, 0.0, 1.0]}, "00d3e13abe73496aa6e655afe913ce59_d2_5.png": {"intrinsics": {"fx": 1074.89, "fy": 1075.48, "cx": 631.812, "cy": 519.671}, "camera_to_world_matrix": [-0.0124221, 0.68224, -0.731023, -2.50763, -0.999923, -0.00841029, 0.00914244, 19.6055, 8.92329e-05, 0.73108, 0.682292, 1.59742, 0.0, 0.0, 0.0, 1.0]}, "01b9c25e9cc946f6a7a53688577e2fc3_d0_0.png": {"intrinsics": {"fx": 1070.43, "fy": 1071.41, "cx": 638.65, "cy": 512.937}, "camera_to_world_matrix": [0.454083, -0.594932, -0.663222, -4.96756, -0.890919, -0.296214, -0.344266, 3.38157, 0.00835962, 0.747203, -0.664543, 1.52117, 0.0, 0.0, 0.0, 1.0]}, "01b9c25e9cc946f6a7a53688577e2fc3_d0_1.png": {"intrinsics": {"fx": 1070.43, "fy": 1071.41, "cx": 638.65, "cy": 512.937}, "camera_to_world_matrix": [-0.544544, -0.556748, -0.627297, -4.96828, -0.838647, 0.372036, 0.397818, 3.36704, 0.0118932, 0.742711, -0.669507, 1.52126, 0.0, 0.0, 0.0, 1.0]}, "01b9c25e9cc946f6a7a53688577e2fc3_d0_2.png": {"intrinsics": {"fx": 1070.43, "fy": 1071.41, "cx": 638.65, "cy": 512.937}, "camera_to_world_matrix": [-0.998599, 0.0410777, 0.033343, -4.98123, 0.0523194, 0.673072, 0.737724, 3.36039, 0.00786195, 0.738435, -0.674279, 1.52136, 0.0, 0.0, 0.0, 1.0]}, "01b9c25e9cc946f6a7a53688577e2fc3_d0_3.png": {"intrinsics": {"fx": 1070.43, "fy": 1071.41, "cx": 638.65, "cy": 512.937}, "camera_to_world_matrix": [-0.454015, 0.600707, 0.658043, -4.99345, 0.890993, 0.30585, 0.335538, 3.36828, 0.000297302, 0.738652, -0.674087, 1.52135, 0.0, 0.0, 0.0, 1.0]}, "01b9c25e9cc946f6a7a53688577e2fc3_d0_4.png": {"intrinsics": {"fx": 1070.43, "fy": 1071.41, "cx": 638.65, "cy": 512.937}, "camera_to_world_matrix": [0.544611, 0.562497, 0.622089, -4.99273, 0.838682, -0.362398, -0.406545, 3.38281, -0.00323598, 0.743144, -0.669123, 1.52126, 0.0, 0.0, 0.0, 1.0]}, "01b9c25e9cc946f6a7a53688577e2fc3_d0_5.png": {"intrinsics": {"fx": 1070.43, "fy": 1071.41, "cx": 638.65, "cy": 512.937}, "camera_to_world_matrix": [0.99863, -0.0353407, -0.0385643, -4.97979, -0.0523023, -0.66341, -0.746425, 3.38946, 0.000795465, 0.74742, -0.664351, 1.52116, 0.0, 0.0, 0.0, 1.0]}, "01b9c25e9cc946f6a7a53688577e2fc3_d1_0.png": {"intrinsics": {"fx": 1071.19, "fy": 1071.12, "cx": 634.229, "cy": 506.401}, "camera_to_world_matrix": [0.456604, 0.00313494, -0.889664, -4.97726, -0.889594, 0.0145498, -0.456517, 3.37674, 0.0115136, 0.999889, 0.00943117, 1.55449, 0.0, 0.0, 0.0, 1.0]}, "01b9c25e9cc946f6a7a53688577e2fc3_d1_1.png": {"intrinsics": {"fx": 1071.19, "fy": 1071.12, "cx": 634.229, "cy": 506.401}, "camera_to_world_matrix": [-0.542148, 0.0104775, -0.840216, -4.97744, -0.840146, 0.011169, 0.542243, 3.37324, 0.015066, 0.999882, 0.00274622, 1.55451, 0.0, 0.0, 0.0, 1.0]}, "01b9c25e9cc946f6a7a53688577e2fc3_d1_2.png": {"intrinsics": {"fx": 1071.19, "fy": 1071.12, "cx": 634.229, "cy": 506.401}, "camera_to_world_matrix": [-0.998711, 0.0112209, 0.0494783, -4.98055, 0.0495157, 0.00311984, 0.998768, 3.37165, 0.011053, 0.999932, -0.00367261, 1.55453, 0.0, 0.0, 0.0, 1.0]}, "01b9c25e9cc946f6a7a53688577e2fc3_d1_3.png": {"intrinsics": {"fx": 1071.19, "fy": 1071.12, "cx": 634.229, "cy": 506.401}, "camera_to_world_matrix": [-0.456511, 0.00462168, 0.889705, -4.98349, 0.88971, -0.00154822, 0.456522, 3.37354, 0.00348767, 0.999987, -0.00340635, 1.55453, 0.0, 0.0, 0.0, 1.0]}, "01b9c25e9cc946f6a7a53688577e2fc3_d1_4.png": {"intrinsics": {"fx": 1071.19, "fy": 1071.12, "cx": 634.229, "cy": 506.401}, "camera_to_world_matrix": [0.542239, -0.00272073, 0.840219, -4.98332, 0.840223, 0.00183292, -0.542237, 3.37704, -6.44634e-05, 0.999994, 0.00327874, 1.55451, 0.0, 0.0, 0.0, 1.0]}, "01b9c25e9cc946f6a7a53688577e2fc3_d1_5.png": {"intrinsics": {"fx": 1071.19, "fy": 1071.12, "cx": 634.229, "cy": 506.401}, "camera_to_world_matrix": [0.998767, -0.00346379, -0.0494941, -4.98021, -0.0494574, 0.00988206, -0.998727, 3.37864, 0.00394879, 0.999945, 0.00969741, 1.55449, 0.0, 0.0, 0.0, 1.0]}, "01b9c25e9cc946f6a7a53688577e2fc3_d2_0.png": {"intrinsics": {"fx": 1074.89, "fy": 1075.48, "cx": 631.812, "cy": 519.671}, "camera_to_world_matrix": [0.456347, 0.594763, -0.661819, -4.9673, -0.889787, 0.309269, -0.335605, 3.382, 0.00507434, 0.742031, 0.670347, 1.58766, 0.0, 0.0, 0.0, 1.0]}, "01b9c25e9cc946f6a7a53688577e2fc3_d2_1.png": {"intrinsics": {"fx": 1074.89, "fy": 1075.48, "cx": 631.812, "cy": 519.671}, "camera_to_world_matrix": [-0.542421, 0.562474, -0.624022, -4.96802, -0.840063, -0.35552, 0.409756, 3.36747, 0.00862495, 0.746478, 0.665354, 1.58776, 0.0, 0.0, 0.0, 1.0]}, "01b9c25e9cc946f6a7a53688577e2fc3_d2_2.png": {"intrinsics": {"fx": 1074.89, "fy": 1075.48, "cx": 631.812, "cy": 519.671}, "camera_to_world_matrix": [-0.998751, -0.0294076, 0.0403928, -4.98097, 0.0497506, -0.659929, 0.749679, 3.36083, 0.00461008, 0.750752, 0.660567, 1.58786, 0.0, 0.0, 0.0, 1.0]}, "01b9c25e9cc946f6a7a53688577e2fc3_d2_3.png": {"intrinsics": {"fx": 1074.89, "fy": 1075.48, "cx": 631.812, "cy": 519.671}, "camera_to_world_matrix": [-0.456304, -0.588986, 0.666995, -4.99319, 0.889819, -0.299542, 0.344233, 3.36872, -0.00295538, 0.75058, 0.660773, 1.58785, 0.0, 0.0, 0.0, 1.0]}, "01b9c25e9cc946f6a7a53688577e2fc3_d2_4.png": {"intrinsics": {"fx": 1074.89, "fy": 1075.48, "cx": 631.812, "cy": 519.671}, "camera_to_world_matrix": [0.542462, -0.55667, 0.629169, -4.99247, 0.840055, 0.365245, -0.401127, 3.38325, -0.00650576, 0.746133, 0.665765, 1.58775, 0.0, 0.0, 0.0, 1.0]}, "01b9c25e9cc946f6a7a53688577e2fc3_d2_5.png": {"intrinsics": {"fx": 1074.89, "fy": 1075.48, "cx": 631.812, "cy": 519.671}, "camera_to_world_matrix": [0.998757, 0.0352231, -0.035259, -4.97953, -0.049776, 0.669631, -0.741024, 3.38989, -0.00249061, 0.741858, 0.670552, 1.58766, 0.0, 0.0, 0.0, 1.0]}, "050e4a7ef017477499ad9595e3e2a812_d0_0.png": {"intrinsics": {"fx": 1070.43, "fy": 1071.41, "cx": 638.65, "cy": 512.937}, "camera_to_world_matrix": [-0.900928, 0.29214, 0.320907, -11.1221, 0.433817, 0.586836, 0.683685, -3.78024, 0.0114121, 0.755166, -0.655434, 1.33284, 0.0, 0.0, 0.0, 1.0]}, "050e4a7ef017477499ad9595e3e2a812_d0_1.png": {"intrinsics": {"fx": 1070.43, "fy": 1071.41, "cx": 638.65, "cy": 512.937}, "camera_to_world_matrix": [-0.0746364, 0.666487, 0.74177, -11.1303, 0.996923, 0.0320447, 0.0715174, -3.76824, 0.0238959, 0.744826, -0.66683, 1.33307, 0.0, 0.0, 0.0, 1.0]}, "050e4a7ef017477499ad9595e3e2a812_d0_2.png": {"intrinsics": {"fx": 1070.43, "fy": 1071.41, "cx": 638.65, "cy": 512.937}, "camera_to_world_matrix": [0.826286, 0.373107, 0.421949, -11.1241, 0.562999, -0.569463, -0.598952, -3.75511, 0.0168112, 0.732463, -0.680599, 1.33334, 0.0, 0.0, 0.0, 1.0]}, "050e4a7ef017477499ad9595e3e2a812_d0_3.png": {"intrinsics": {"fx": 1070.43, "fy": 1071.41, "cx": 638.65, "cy": 512.937}, "camera_to_world_matrix": [0.900897, -0.294613, -0.318727, -11.1095, -0.434023, -0.616166, -0.657239, -3.75399, -0.00275708, 0.730439, -0.682972, 1.33338, 0.0, 0.0, 0.0, 1.0]}, "050e4a7ef017477499ad9595e3e2a812_d0_4.png": {"intrinsics": {"fx": 1070.43, "fy": 1071.41, "cx": 638.65, "cy": 512.937}, "camera_to_world_matrix": [0.0745832, -0.668939, -0.739565, -11.1013, -0.997097, -0.0613595, -0.0450548, -3.76599, -0.0152403, 0.74078, -0.671575, 1.33316, 0.0, 0.0, 0.0, 1.0]}, "050e4a7ef017477499ad9595e3e2a812_d0_5.png": {"intrinsics": {"fx": 1070.43, "fy": 1071.41, "cx": 638.65, "cy": 512.937}, "camera_to_world_matrix": [-0.826322, -0.375535, -0.419718, -11.1076, -0.563137, 0.540137, 0.625402, -3.77911, -0.00815489, 0.753143, -0.657806, 1.33289, 0.0, 0.0, 0.0, 1.0]}, "050e4a7ef017477499ad9595e3e2a812_d1_0.png": {"intrinsics": {"fx": 1071.19, "fy": 1071.12, "cx": 634.229, "cy": 506.401}, "camera_to_world_matrix": [-0.902139, 0.0038182, 0.431426, -11.1174, 0.431198, -0.0256993, 0.90189, -3.77093, 0.0145313, 0.999662, 0.0215368, 1.36629, 0.0, 0.0, 0.0, 1.0]}, "050e4a7ef017477499ad9595e3e2a812_d1_1.png": {"intrinsics": {"fx": 1071.19, "fy": 1071.12, "cx": 634.229, "cy": 506.401}, "camera_to_world_matrix": [-0.0774592, -0.00407209, 0.996987, -11.1194, 0.996627, -0.0274555, 0.0773188, -3.76804, 0.0270583, 0.999614, 0.00618387, 1.36634, 0.0, 0.0, 0.0, 1.0]}, "050e4a7ef017477499ad9595e3e2a812_d1_2.png": {"intrinsics": {"fx": 1071.19, "fy": 1071.12, "cx": 634.229, "cy": 506.401}, "camera_to_world_matrix": [0.824669, -0.00953861, 0.565533, -11.1179, 0.565259, -0.0215017, -0.824633, -3.76488, 0.0200261, 0.999723, -0.0123412, 1.36641, 0.0, 0.0, 0.0, 1.0]}, "050e4a7ef017477499ad9595e3e2a812_d1_3.png": {"intrinsics": {"fx": 1071.19, "fy": 1071.12, "cx": 634.229, "cy": 506.401}, "camera_to_world_matrix": [0.902097, -0.00711473, -0.431471, -11.1144, -0.431529, -0.0137917, -0.901992, -3.76461, 0.000467028, 0.999879, -0.0155129, 1.36642, 0.0, 0.0, 0.0, 1.0]}, "050e4a7ef017477499ad9595e3e2a812_d1_4.png": {"intrinsics": {"fx": 1071.19, "fy": 1071.12, "cx": 634.229, "cy": 506.401}, "camera_to_world_matrix": [0.0773955, 0.000775615, -0.997, -11.1124, -0.996926, -0.0120358, -0.0773989, -3.7675, -0.0120594, 0.999927, -0.000159448, 1.36637, 0.0, 0.0, 0.0, 1.0]}, "050e4a7ef017477499ad9595e3e2a812_d1_5.png": {"intrinsics": {"fx": 1071.19, "fy": 1071.12, "cx": 634.229, "cy": 506.401}, "camera_to_world_matrix": [-0.824716, 0.00624191, -0.56551, -11.1139, -0.565522, -0.0179899, 0.824536, -3.77065, -0.00502647, 0.999818, 0.0183653, 1.3663, 0.0, 0.0, 0.0, 1.0]}, "050e4a7ef017477499ad9595e3e2a812_d2_0.png": {"intrinsics": {"fx": 1074.89, "fy": 1075.48, "cx": 631.812, "cy": 519.671}, "camera_to_world_matrix": [-0.902035, -0.287822, 0.3217, -11.1222, 0.431586, -0.615328, 0.659625, -3.78155, 0.0080965, 0.733846, 0.679267, 1.39933, 0.0, 0.0, 0.0, 1.0]}, "050e4a7ef017477499ad9595e3e2a812_d2_1.png": {"intrinsics": {"fx": 1074.89, "fy": 1075.48, "cx": 631.812, "cy": 519.671}, "camera_to_world_matrix": [-0.0771759, -0.664763, 0.743058, -11.1304, 0.996804, -0.0668595, 0.0437161, -3.76955, 0.0206196, 0.744057, 0.667798, 1.39955, 0.0, 0.0, 0.0, 1.0]}, "050e4a7ef017477499ad9595e3e2a812_d2_2.png": {"intrinsics": {"fx": 1074.89, "fy": 1075.48, "cx": 631.812, "cy": 519.671}, "camera_to_world_matrix": [0.824859, -0.378156, 0.420244, -11.1242, 0.565175, 0.533733, -0.629053, -3.75643, 0.0135821, 0.756391, 0.653978, 1.39982, 0.0, 0.0, 0.0, 1.0]}, "050e4a7ef017477499ad9595e3e2a812_d2_3.png": {"intrinsics": {"fx": 1074.89, "fy": 1075.48, "cx": 631.812, "cy": 519.671}, "camera_to_world_matrix": [0.902015, 0.285385, -0.32392, -11.1097, -0.431663, 0.585843, -0.685897, -3.7553, -0.00597837, 0.758514, 0.651629, 1.39987, 0.0, 0.0, 0.0, 1.0]}, "050e4a7ef017477499ad9595e3e2a812_d2_4.png": {"intrinsics": {"fx": 1074.89, "fy": 1075.48, "cx": 631.812, "cy": 519.671}, "camera_to_world_matrix": [0.0771334, 0.662304, -0.745254, -11.1014, -0.996849, 0.0373592, -0.0699724, -3.7673, -0.0185009, 0.748303, 0.663099, 1.39965, 0.0, 0.0, 0.0, 1.0]}, "050e4a7ef017477499ad9595e3e2a812_d2_5.png": {"intrinsics": {"fx": 1074.89, "fy": 1075.48, "cx": 631.812, "cy": 519.671}, "camera_to_world_matrix": [-0.824885, 0.375674, -0.422414, -11.1077, -0.565184, -0.563222, 0.602784, -3.78042, -0.0114627, 0.735969, 0.676918, 1.39938, 0.0, 0.0, 0.0, 1.0]}, "06c88433ed80477f90bd50f8dc25e7de_d0_0.png": {"intrinsics": {"fx": 1070.43, "fy": 1071.41, "cx": 638.65, "cy": 512.937}, "camera_to_world_matrix": [-0.291052, -0.637172, -0.713652, -8.83425, -0.956684, 0.198958, 0.212532, -1.38379, 0.00656746, 0.744598, -0.66748, 1.55833, 0.0, 0.0, 0.0, 1.0]}, "06c88433ed80477f90bd50f8dc25e7de_d0_1.png": {"intrinsics": {"fx": 1070.43, "fy": 1071.41, "cx": 638.65, "cy": 512.937}, "camera_to_world_matrix": [-0.974038, -0.146067, -0.172951, -8.84485, -0.226252, 0.653763, 0.722082, -1.39376, 0.00759699, 0.742466, -0.66984, 1.55838, 0.0, 0.0, 0.0, 1.0]}, "06c88433ed80477f90bd50f8dc25e7de_d0_2.png": {"intrinsics": {"fx": 1070.43, "fy": 1071.41, "cx": 638.65, "cy": 512.937}, "camera_to_world_matrix": [-0.682952, 0.493356, 0.53868, -8.85878, 0.730443, 0.455845, 0.508583, -1.38957, 0.00535814, 0.740813, -0.67169, 1.55842, 0.0, 0.0, 0.0, 1.0]}, "06c88433ed80477f90bd50f8dc25e7de_d0_3.png": {"intrinsics": {"fx": 1070.43, "fy": 1071.41, "cx": 638.65, "cy": 512.937}, "camera_to_world_matrix": [0.291115, 0.64166, 0.709594, -8.86211, 0.956685, -0.196874, -0.21446, -1.3754, 0.00208982, 0.741291, -0.671181, 1.55841, 0.0, 0.0, 0.0, 1.0]}, "06c88433ed80477f90bd50f8dc25e7de_d0_4.png": {"intrinsics": {"fx": 1070.43, "fy": 1071.41, "cx": 638.65, "cy": 512.937}, "camera_to_world_matrix": [0.974073, 0.150537, 0.168873, -8.85151, 0.226226, -0.65166, -0.723989, -1.36544, 0.00106041, 0.743422, -0.668821, 1.55836, 0.0, 0.0, 0.0, 1.0]}, "06c88433ed80477f90bd50f8dc25e7de_d0_5.png": {"intrinsics": {"fx": 1070.43, "fy": 1071.41, "cx": 638.65, "cy": 512.937}, "camera_to_world_matrix": [0.682949, -0.488878, -0.54275, -8.83758, -0.730457, -0.453716, -0.510462, -1.36963, 0.00329934, 0.745076, -0.666971, 1.55832, 0.0, 0.0, 0.0, 1.0]}, "06c88433ed80477f90bd50f8dc25e7de_d1_0.png": {"intrinsics": {"fx": 1071.19, "fy": 1071.12, "cx": 634.229, "cy": 506.401}, "camera_to_world_matrix": [-0.288331, 0.00807406, -0.957496, -8.84473, -0.95748, 0.00773251, 0.288392, -1.38056, 0.00973265, 0.999937, 0.00550007, 1.59161, 0.0, 0.0, 0.0, 1.0]}, "06c88433ed80477f90bd50f8dc25e7de_d1_1.png": {"intrinsics": {"fx": 1071.19, "fy": 1071.12, "cx": 634.229, "cy": 506.401}, "camera_to_world_matrix": [-0.973366, 0.011017, -0.228984, -8.84728, -0.228996, 0.000203722, 0.973427, -1.38296, 0.0107712, 0.999939, 0.00232338, 1.59162, 0.0, 0.0, 0.0, 1.0]}, "06c88433ed80477f90bd50f8dc25e7de_d1_2.png": {"intrinsics": {"fx": 1071.19, "fy": 1071.12, "cx": 634.229, "cy": 506.401}, "camera_to_world_matrix": [-0.684991, 0.00596824, 0.728526, -8.85063, 0.7285, -0.0061092, 0.685017, -1.38195, 0.00853937, 0.999963, -0.000164279, 1.59163, 0.0, 0.0, 0.0, 1.0]}, "06c88433ed80477f90bd50f8dc25e7de_d1_3.png": {"intrinsics": {"fx": 1071.19, "fy": 1071.12, "cx": 634.229, "cy": 506.401}, "camera_to_world_matrix": [0.288413, -0.00202326, 0.957503, -8.85143, 0.95749, -0.0048932, -0.288421, -1.37854, 0.00526912, 0.999985, 0.000524818, 1.59163, 0.0, 0.0, 0.0, 1.0]}, "06c88433ed80477f90bd50f8dc25e7de_d1_4.png": {"intrinsics": {"fx": 1071.19, "fy": 1071.12, "cx": 634.229, "cy": 506.401}, "camera_to_world_matrix": [0.973421, -0.00496586, 0.228965, -8.84888, 0.228979, 0.00263569, -0.973427, -1.37614, 0.00423073, 0.999984, 0.00370156, 1.59162, 0.0, 0.0, 0.0, 1.0]}, "06c88433ed80477f90bd50f8dc25e7de_d1_5.png": {"intrinsics": {"fx": 1071.19, "fy": 1071.12, "cx": 634.229, "cy": 506.401}, "camera_to_world_matrix": [0.685008, 8.31077e-05, -0.728535, -8.84553, -0.728505, 0.00894842, -0.68498, -1.37715, 0.00646262, 0.999959, 0.00618912, 1.59161, 0.0, 0.0, 0.0, 1.0]}, "06c88433ed80477f90bd50f8dc25e7de_d2_0.png": {"intrinsics": {"fx": 1074.89, "fy": 1075.48, "cx": 631.812, "cy": 519.671}, "camera_to_world_matrix": [-0.288622, 0.639737, -0.712344, -8.83404, -0.957437, -0.19029, 0.217033, -1.3837, 0.00329211, 0.744665, 0.66743, 1.62483, 0.0, 0.0, 0.0, 1.0]}, "06c88433ed80477f90bd50f8dc25e7de_d2_1.png": {"intrinsics": {"fx": 1074.89, "fy": 1075.48, "cx": 631.812, "cy": 519.671}, "camera_to_world_matrix": [-0.973477, 0.155278, -0.168021, -8.84464, -0.228744, -0.646691, 0.727645, -1.39367, 0.00432973, 0.746779, 0.665058, 1.62488, 0.0, 0.0, 0.0, 1.0]}, "06c88433ed80477f90bd50f8dc25e7de_d2_2.png": {"intrinsics": {"fx": 1074.89, "fy": 1075.48, "cx": 631.812, "cy": 519.671}, "camera_to_world_matrix": [-0.684829, -0.482204, 0.546341, -8.85858, 0.7287, -0.455327, 0.51154, -1.38947, 0.00209721, 0.748436, 0.663203, 1.62492, 0.0, 0.0, 0.0, 1.0]}, "06c88433ed80477f90bd50f8dc25e7de_d2_3.png": {"intrinsics": {"fx": 1074.89, "fy": 1075.48, "cx": 631.812, "cy": 519.671}, "camera_to_world_matrix": [0.288666, -0.635213, 0.716363, -8.86191, 0.957429, 0.192434, -0.215171, -1.37531, -0.00117295, 0.74798, 0.66372, 1.62491, 0.0, 0.0, 0.0, 1.0]}, "06c88433ed80477f90bd50f8dc25e7de_d2_4.png": {"intrinsics": {"fx": 1074.89, "fy": 1075.48, "cx": 631.812, "cy": 519.671}, "camera_to_world_matrix": [0.973492, -0.150737, 0.17202, -8.85131, 0.228708, 0.648816, -0.725762, -1.36534, -0.00221047, 0.745866, 0.666092, 1.62486, 0.0, 0.0, 0.0, 1.0]}, "06c88433ed80477f90bd50f8dc25e7de_d2_5.png": {"intrinsics": {"fx": 1074.89, "fy": 1075.48, "cx": 631.812, "cy": 519.671}, "camera_to_world_matrix": [0.684807, 0.486738, -0.542333, -8.83738, -0.728724, 0.457427, -0.509629, -1.36954, 2.21694e-05, 0.744209, 0.667947, 1.62482, 0.0, 0.0, 0.0, 1.0]}, "095a6832830a42a6a3cb6446dcb2ac4a_d0_0.png": {"intrinsics": {"fx": 1070.43, "fy": 1071.41, "cx": 638.65, "cy": 512.937}, "camera_to_world_matrix": [0.392381, -0.626599, -0.673356, -12.2503, -0.845376, -0.534152, 0.00444004, -0.947411, -0.362456, 0.567497, -0.739305, 2.62467, 0.0, 0.0, 0.0, 1.0]}, "095a6832830a42a6a3cb6446dcb2ac4a_d0_1.png": {"intrinsics": {"fx": 1070.43, "fy": 1071.41, "cx": 638.65, "cy": 512.937}, "camera_to_world_matrix": [-0.600309, -0.543097, -0.587089, -12.252, -0.730324, 0.0730627, 0.679182, -0.960623, -0.325967, 0.836484, -0.440498, 2.61882, 0.0, 0.0, 0.0, 1.0]}, "095a6832830a42a6a3cb6446dcb2ac4a_d0_2.png": {"intrinsics": {"fx": 1070.43, "fy": 1071.41, "cx": 638.65, "cy": 512.937}, "camera_to_world_matrix": [-0.992733, 0.0737577, 0.0950708, -12.2654, 0.113322, 0.307442, 0.944795, -0.965812, 0.0404572, 0.948703, -0.313567, 2.61634, 0.0, 0.0, 0.0, 1.0]}, "095a6832830a42a6a3cb6446dcb2ac4a_d0_3.png": {"intrinsics": {"fx": 1070.43, "fy": 1071.41, "cx": 638.65, "cy": 512.937}, "camera_to_world_matrix": [-0.392459, 0.607095, 0.690948, -12.277, 0.841897, -0.0653982, 0.53566, -0.957788, 0.370384, 0.791932, -0.485447, 2.61971, 0.0, 0.0, 0.0, 1.0]}, "095a6832830a42a6a3cb6446dcb2ac4a_d0_4.png": {"intrinsics": {"fx": 1070.43, "fy": 1071.41, "cx": 638.65, "cy": 512.937}, "camera_to_world_matrix": [0.600226, 0.523567, 0.604653, -12.2753, 0.726809, -0.67261, -0.139079, -0.944575, 0.333878, 0.522946, -0.784253, 2.62556, 0.0, 0.0, 0.0, 1.0]}, "095a6832830a42a6a3cb6446dcb2ac4a_d0_5.png": {"intrinsics": {"fx": 1070.43, "fy": 1071.41, "cx": 638.65, "cy": 512.937}, "camera_to_world_matrix": [0.992615, -0.093298, -0.077519, -12.262, -0.116851, -0.906967, -0.404667, -0.939388, -0.0325524, 0.410737, -0.911172, 2.62804, 0.0, 0.0, 0.0, 1.0]}, "095a6832830a42a6a3cb6446dcb2ac4a_d1_0.png": {"intrinsics": {"fx": 1071.19, "fy": 1071.12, "cx": 634.229, "cy": 506.401}, "camera_to_world_matrix": [0.394931, -0.0133274, -0.918614, -12.2609, -0.845635, -0.39607, -0.357809, -0.964767, -0.359067, 0.918123, -0.167691, 2.65321, 0.0, 0.0, 0.0, 1.0]}, "095a6832830a42a6a3cb6446dcb2ac4a_d1_1.png": {"intrinsics": {"fx": 1071.19, "fy": 1071.12, "cx": 634.229, "cy": 506.401}, "camera_to_world_matrix": [-0.598076, -0.00623209, -0.801414, -12.2613, -0.733152, -0.399651, 0.550242, -0.967945, -0.323714, 0.916646, 0.234452, 2.6518, 0.0, 0.0, 0.0, 1.0]}, "095a6832830a42a6a3cb6446dcb2ac4a_d1_2.png": {"intrinsics": {"fx": 1071.19, "fy": 1071.12, "cx": 634.229, "cy": 506.401}, "camera_to_world_matrix": [-0.993091, -0.00603746, 0.117178, -12.2645, 0.109473, -0.407046, 0.906824, -0.969193, 0.0422221, 0.913387, 0.404894, 2.6512, 0.0, 0.0, 0.0, 1.0]}, "095a6832830a42a6a3cb6446dcb2ac4a_d1_3.png": {"intrinsics": {"fx": 1071.19, "fy": 1071.12, "cx": 634.229, "cy": 506.401}, "camera_to_world_matrix": [-0.395092, -0.0129381, 0.91855, -12.2673, 0.839596, -0.41086, 0.355345, -0.967263, 0.372798, 0.911606, 0.173189, 2.65201, 0.0, 0.0, 0.0, 1.0]}, "095a6832830a42a6a3cb6446dcb2ac4a_d1_4.png": {"intrinsics": {"fx": 1071.19, "fy": 1071.12, "cx": 634.229, "cy": 506.401}, "camera_to_world_matrix": [0.59791, -0.0200332, 0.801312, -12.2669, 0.727077, -0.40728, -0.552702, -0.964085, 0.337431, 0.913083, -0.228952, 2.65342, 0.0, 0.0, 0.0, 1.0]}, "095a6832830a42a6a3cb6446dcb2ac4a_d1_5.png": {"intrinsics": {"fx": 1071.19, "fy": 1071.12, "cx": 634.229, "cy": 506.401}, "camera_to_world_matrix": [0.99289, -0.0202275, -0.117296, -12.2637, -0.115562, -0.399885, -0.90925, -0.962837, -0.0285127, 0.916342, -0.39938, 2.65402, 0.0, 0.0, 0.0, 1.0]}, "095a6832830a42a6a3cb6446dcb2ac4a_d2_0.png": {"intrinsics": {"fx": 1074.89, "fy": 1075.48, "cx": 631.812, "cy": 519.671}, "camera_to_world_matrix": [0.394773, 0.60134, -0.694654, -12.2512, -0.843158, -0.0632598, -0.53393, -0.974242, -0.365017, 0.796485, 0.482051, 2.68551, 0.0, 0.0, 0.0, 1.0]}, "095a6832830a42a6a3cb6446dcb2ac4a_d2_1.png": {"intrinsics": {"fx": 1074.89, "fy": 1075.48, "cx": 631.812, "cy": 519.671}, "camera_to_world_matrix": [-0.598229, 0.523952, -0.606297, -12.2529, -0.730422, -0.667713, 0.143676, -0.987455, -0.329553, 0.528804, 0.782151, 2.67966, 0.0, 0.0, 0.0, 1.0]}, "095a6832830a42a6a3cb6446dcb2ac4a_d2_2.png": {"intrinsics": {"fx": 1074.89, "fy": 1075.48, "cx": 631.812, "cy": 519.671}, "camera_to_world_matrix": [-0.993003, -0.0872014, 0.0796298, -12.2662, 0.112326, -0.905572, 0.40905, -0.992643, 0.0364408, 0.415132, 0.909031, 2.67718, 0.0, 0.0, 0.0, 1.0]}, "095a6832830a42a6a3cb6446dcb2ac4a_d2_3.png": {"intrinsics": {"fx": 1074.89, "fy": 1075.48, "cx": 631.812, "cy": 519.671}, "camera_to_world_matrix": [-0.394765, -0.620953, 0.677184, -12.2779, 0.842317, -0.538972, -0.00318787, -0.984619, 0.366963, 0.569145, 0.735807, 2.68055, 0.0, 0.0, 0.0, 1.0]}, "095a6832830a42a6a3cb6446dcb2ac4a_d2_4.png": {"intrinsics": {"fx": 1074.89, "fy": 1075.48, "cx": 631.812, "cy": 519.671}, "camera_to_world_matrix": [0.598233, -0.543539, 0.588797, -12.2762, 0.729545, 0.0654784, -0.680791, -0.971407, 0.331483, 0.836826, 0.435708, 2.6864, 0.0, 0.0, 0.0, 1.0]}, "095a6832830a42a6a3cb6446dcb2ac4a_d2_5.png": {"intrinsics": {"fx": 1074.89, "fy": 1075.48, "cx": 631.812, "cy": 519.671}, "camera_to_world_matrix": [0.99297, 0.0676243, -0.097141, -12.2628, -0.113216, 0.303315, -0.94614, -0.966219, -0.0345177, 0.950488, 0.308839, 2.68888, 0.0, 0.0, 0.0, 1.0]}, "0cf8882315304c74b3169543eaed24d0_d0_0.png": {"intrinsics": {"fx": 1070.43, "fy": 1071.41, "cx": 638.65, "cy": 512.937}, "camera_to_world_matrix": [-0.713525, 0.473964, 0.515983, -6.94478, 0.700234, 0.457687, 0.547899, -10.2773, 0.0235262, 0.752249, -0.658458, 1.52379, 0.0, 0.0, 0.0, 1.0]}, "0cf8882315304c74b3169543eaed24d0_d0_1.png": {"intrinsics": {"fx": 1070.43, "fy": 1071.41, "cx": 638.65, "cy": 512.937}, "camera_to_world_matrix": [0.249987, 0.650014, 0.717626, -6.94871, 0.967891, -0.187905, -0.166966, -10.2633, 0.0263159, 0.736323, -0.676118, 1.52414, 0.0, 0.0, 0.0, 1.0]}, "0cf8882315304c74b3169543eaed24d0_d0_2.png": {"intrinsics": {"fx": 1070.43, "fy": 1071.41, "cx": 638.65, "cy": 512.937}, "camera_to_world_matrix": [0.963522, 0.178767, 0.199165, -6.93854, 0.267533, -0.663165, -0.699025, -10.2529, 0.00711658, 0.72681, -0.686802, 1.52435, 0.0, 0.0, 0.0, 1.0]}, "0cf8882315304c74b3169543eaed24d0_d0_3.png": {"intrinsics": {"fx": 1070.43, "fy": 1071.41, "cx": 638.65, "cy": 512.937}, "camera_to_world_matrix": [0.713529, -0.468518, -0.520927, -6.92445, -0.700466, -0.492823, -0.516208, -10.2565, -0.0148719, 0.733222, -0.679826, 1.52421, 0.0, 0.0, 0.0, 1.0]}, "0cf8882315304c74b3169543eaed24d0_d0_4.png": {"intrinsics": {"fx": 1070.43, "fy": 1071.41, "cx": 638.65, "cy": 512.937}, "camera_to_world_matrix": [-0.249993, -0.644542, -0.722542, -6.92051, -0.968086, 0.152776, 0.198665, -10.2705, -0.0176606, 0.749148, -0.662167, 1.52387, 0.0, 0.0, 0.0, 1.0]}, "0cf8882315304c74b3169543eaed24d0_d0_5.png": {"intrinsics": {"fx": 1070.43, "fy": 1071.41, "cx": 638.65, "cy": 512.937}, "camera_to_world_matrix": [-0.9635, -0.173277, -0.20406, -6.93068, -0.2677, 0.628018, 0.730704, -10.2809, 0.00153927, 0.758661, -0.651483, 1.52366, 0.0, 0.0, 0.0, 1.0]}, "0cf8882315304c74b3169543eaed24d0_d1_0.png": {"intrinsics": {"fx": 1071.19, "fy": 1071.12, "cx": 634.229, "cy": 506.401}, "camera_to_world_matrix": [-0.715477, 0.00693927, 0.698601, -6.93693, 0.698126, -0.0310517, 0.7153, -10.2702, 0.0266567, 0.999493, 0.0173712, 1.55719, 0.0, 0.0, 0.0, 1.0]}, "0cf8882315304c74b3169543eaed24d0_d1_1.png": {"intrinsics": {"fx": 1071.19, "fy": 1071.12, "cx": 634.229, "cy": 506.401}, "camera_to_world_matrix": [0.247255, -0.00109686, 0.968949, -6.93788, 0.968499, -0.0301792, -0.247175, -10.2668, 0.0295135, 0.999543, -0.00640084, 1.55728, 0.0, 0.0, 0.0, 1.0]}, "0cf8882315304c74b3169543eaed24d0_d1_2.png": {"intrinsics": {"fx": 1071.19, "fy": 1071.12, "cx": 634.229, "cy": 506.401}, "camera_to_world_matrix": [0.962754, -0.00435836, 0.270338, -6.93544, 0.270174, -0.0227852, -0.962541, -10.2643, 0.0103551, 0.99973, -0.0207602, 1.55733, 0.0, 0.0, 0.0, 1.0]}, "0cf8882315304c74b3169543eaed24d0_d1_3.png": {"intrinsics": {"fx": 1071.19, "fy": 1071.12, "cx": 634.229, "cy": 506.401}, "camera_to_world_matrix": [0.715505, 0.000416332, -0.698606, -6.93204, -0.698508, -0.016264, -0.715415, -10.2652, -0.0116596, 0.999867, -0.0113473, 1.55729, 0.0, 0.0, 0.0, 1.0]}, "0cf8882315304c74b3169543eaed24d0_d1_4.png": {"intrinsics": {"fx": 1071.19, "fy": 1071.12, "cx": 634.229, "cy": 506.401}, "camera_to_world_matrix": [-0.247238, 0.00845242, -0.968917, -6.9311, -0.968845, -0.0171368, 0.247071, -10.2686, -0.0145155, 0.999817, 0.0124248, 1.55721, 0.0, 0.0, 0.0, 1.0]}, "0cf8882315304c74b3169543eaed24d0_d1_5.png": {"intrinsics": {"fx": 1071.19, "fy": 1071.12, "cx": 634.229, "cy": 506.401}, "camera_to_world_matrix": [-0.96271, 0.0117136, -0.270278, -6.93354, -0.270492, -0.0245309, 0.962409, -10.2711, 0.00464346, 0.99963, 0.0267835, 1.55716, 0.0, 0.0, 0.0, 1.0]}, "0cf8882315304c74b3169543eaed24d0_d2_0.png": {"intrinsics": {"fx": 1074.89, "fy": 1075.48, "cx": 631.812, "cy": 519.671}, "camera_to_world_matrix": [-0.715329, -0.461779, 0.524466, -6.94453, 0.698495, -0.494231, 0.517533, -10.2789, 0.0202218, 0.736543, 0.676088, 1.59027, 0.0, 0.0, 0.0, 1.0]}, "0cf8882315304c74b3169543eaed24d0_d2_1.png": {"intrinsics": {"fx": 1074.89, "fy": 1075.48, "cx": 631.812, "cy": 519.671}, "camera_to_world_matrix": [0.247506, -0.642317, 0.725375, -6.94846, 0.968611, 0.146208, -0.201034, -10.2649, 0.023072, 0.752364, 0.658343, 1.59062, 0.0, 0.0, 0.0, 1.0]}, "0cf8882315304c74b3169543eaed24d0_d2_2.png": {"intrinsics": {"fx": 1074.89, "fy": 1075.48, "cx": 631.812, "cy": 519.671}, "camera_to_world_matrix": [0.962833, -0.177779, 0.20334, -6.9383, 0.270069, 0.622778, -0.734309, -10.2545, 0.00390915, 0.761933, 0.647644, 1.59083, 0.0, 0.0, 0.0, 1.0]}, "0cf8882315304c74b3169543eaed24d0_d2_3.png": {"intrinsics": {"fx": 1074.89, "fy": 1075.48, "cx": 631.812, "cy": 519.671}, "camera_to_world_matrix": [0.715309, 0.467287, -0.519591, -6.9242, -0.698573, 0.458898, -0.549006, -10.2581, -0.0181036, 0.755682, 0.654689, 1.59069, 0.0, 0.0, 0.0, 1.0]}, "0cf8882315304c74b3169543eaed24d0_d2_4.png": {"intrinsics": {"fx": 1074.89, "fy": 1075.48, "cx": 631.812, "cy": 519.671}, "camera_to_world_matrix": [-0.247536, 0.647801, -0.720472, -6.92027, -0.968652, -0.181547, 0.169569, -10.2721, -0.020953, 0.739861, 0.672433, 1.59035, 0.0, 0.0, 0.0, 1.0]}, "0cf8882315304c74b3169543eaed24d0_d2_5.png": {"intrinsics": {"fx": 1074.89, "fy": 1075.48, "cx": 631.812, "cy": 519.671}, "camera_to_world_matrix": [-0.962836, 0.183244, -0.198416, -6.93043, -0.270082, -0.658099, 0.702824, -10.2825, -0.00178955, 0.730292, 0.683132, 1.59014, 0.0, 0.0, 0.0, 1.0]}, "0eb910f7eea64c8a9939c2c220de77b0_d0_0.png": {"intrinsics": {"fx": 1070.43, "fy": 1071.41, "cx": 638.65, "cy": 512.937}, "camera_to_world_matrix": [0.989916, -0.0954118, -0.104698, -24.9684, -0.141649, -0.670601, -0.728168, 5.14645, -0.000734457, 0.735656, -0.677355, 1.51283, 0.0, 0.0, 0.0, 1.0]}, "0eb910f7eea64c8a9939c2c220de77b0_d0_1.png": {"intrinsics": {"fx": 1070.43, "fy": 1071.41, "cx": 638.65, "cy": 512.937}, "camera_to_world_matrix": [0.372283, -0.61984, -0.690798, -24.9569, -0.928087, -0.254707, -0.271619, 5.13749, -0.00759084, 0.742241, -0.67009, 1.51268, 0.0, 0.0, 0.0, 1.0]}, "0eb910f7eea64c8a9939c2c220de77b0_d0_2.png": {"intrinsics": {"fx": 1070.43, "fy": 1071.41, "cx": 638.65, "cy": 512.937}, "camera_to_world_matrix": [-0.617626, -0.521831, -0.588412, -24.9589, -0.786467, 0.407394, 0.464218, 5.12308, -0.00252772, 0.74948, -0.662022, 1.51253, 0.0, 0.0, 0.0, 1.0]}, "0eb910f7eea64c8a9939c2c220de77b0_d0_3.png": {"intrinsics": {"fx": 1070.43, "fy": 1071.41, "cx": 638.65, "cy": 512.937}, "camera_to_world_matrix": [-0.98988, 0.100603, 0.100073, -24.9724, 0.141589, 0.653587, 0.743489, 5.11763, 0.00939168, 0.750135, -0.661218, 1.51251, 0.0, 0.0, 0.0, 1.0]}, "0eb910f7eea64c8a9939c2c220de77b0_d0_4.png": {"intrinsics": {"fx": 1070.43, "fy": 1071.41, "cx": 638.65, "cy": 512.937}, "camera_to_world_matrix": [-0.372217, 0.625015, 0.686155, -24.9839, 0.928003, 0.237672, 0.286917, 5.12658, 0.0162477, 0.74355, -0.668483, 1.51265, 0.0, 0.0, 0.0, 1.0]}, "0eb910f7eea64c8a9939c2c220de77b0_d0_5.png": {"intrinsics": {"fx": 1070.43, "fy": 1071.41, "cx": 638.65, "cy": 512.937}, "camera_to_world_matrix": [0.617687, 0.526981, 0.58374, -24.9819, 0.786343, -0.424425, -0.448916, 5.14099, 0.0111841, 0.73631, -0.676551, 1.51281, 0.0, 0.0, 0.0, 1.0]}, "0eb910f7eea64c8a9939c2c220de77b0_d1_0.png": {"intrinsics": {"fx": 1071.19, "fy": 1071.12, "cx": 634.229, "cy": 506.401}, "camera_to_world_matrix": [0.990305, -0.00353303, -0.138861, -24.9698, -0.138884, -0.00742219, -0.99028, 5.13512, 0.00246835, 0.999966, -0.00784209, 1.54595, 0.0, 0.0, 0.0, 1.0]}, "0eb910f7eea64c8a9939c2c220de77b0_d1_1.png": {"intrinsics": {"fx": 1071.19, "fy": 1071.12, "cx": 634.229, "cy": 506.401}, "camera_to_world_matrix": [0.374909, 0.00345837, -0.927054, -24.967, -0.92705, -0.00336473, -0.37492, 5.13297, -0.00441558, 0.999988, 0.00194345, 1.54592, 0.0, 0.0, 0.0, 1.0]}, "0eb910f7eea64c8a9939c2c220de77b0_d1_2.png": {"intrinsics": {"fx": 1071.19, "fy": 1071.12, "cx": 634.229, "cy": 506.401}, "camera_to_world_matrix": [-0.615377, 0.0104679, -0.788162, -24.9675, -0.788231, -0.00739031, 0.615334, 5.1295, 0.000616776, 0.999917, 0.0127978, 1.54588, 0.0, 0.0, 0.0, 1.0]}, "0eb910f7eea64c8a9939c2c220de77b0_d1_3.png": {"intrinsics": {"fx": 1071.19, "fy": 1071.12, "cx": 6