{"01c9d419c8fa4879a362aad71ea7000c_d0_0.png": {"intrinsics": {"fx": 1073.69, "fy": 1074.73, "cx": 638.041, "cy": 521.835}, "camera_to_world_matrix": [0.995053, 0.0554907, 0.0823919, -1.97044, 0.0987614, -0.641717, -0.760555, 8.82327, 0.0106687, 0.76493, -0.644024, 1.51125, 0.0, 0.0, 0.0, 1.0]}, "01c9d419c8fa4879a362aad71ea7000c_d0_1.png": {"intrinsics": {"fx": 1073.69, "fy": 1074.73, "cx": 638.041, "cy": 521.835}, "camera_to_world_matrix": [0.582839, -0.543857, -0.603752, -1.95717, -0.812237, -0.368125, -0.452497, 8.81732, 0.0238378, 0.754124, -0.6563, 1.51149, 0.0, 0.0, 0.0, 1.0]}, "01c9d419c8fa4879a362aad71ea7000c_d0_2.png": {"intrinsics": {"fx": 1073.69, "fy": 1074.73, "cx": 638.041, "cy": 521.835}, "camera_to_world_matrix": [-0.412256, -0.606461, -0.679888, -1.95569, -0.910922, 0.287696, 0.29572, 8.80285, 0.0162587, 0.741238, -0.671045, 1.51177, 0.0, 0.0, 0.0, 1.0]}, "01c9d419c8fa4879a362aad71ea7000c_d0_3.png": {"intrinsics": {"fx": 1073.69, "fy": 1074.73, "cx": 638.041, "cy": 521.835}, "camera_to_world_matrix": [-0.995115, -0.0697169, -0.0698786, -1.96748, -0.0986068, 0.669911, 0.735863, 8.79433, -0.00448943, 0.73916, -0.673515, 1.51182, 0.0, 0.0, 0.0, 1.0]}, "01c9d419c8fa4879a362aad71ea7000c_d0_4.png": {"intrinsics": {"fx": 1073.69, "fy": 1074.73, "cx": 638.041, "cy": 521.835}, "camera_to_world_matrix": [-0.582866, 0.52962, 0.616253, -1.98076, 0.812375, 0.396295, 0.427779, 8.80028, -0.0176579, 0.749967, -0.661239, 1.51158, 0.0, 0.0, 0.0, 1.0]}, "01c9d419c8fa4879a362aad71ea7000c_d0_5.png": {"intrinsics": {"fx": 1073.69, "fy": 1074.73, "cx": 638.041, "cy": 521.835}, "camera_to_world_matrix": [0.412233, 0.592199, 0.69236, -1.98224, 0.911022, -0.259529, -0.320442, 8.81476, -0.010078, 0.762853, -0.646494, 1.5113, 0.0, 0.0, 0.0, 1.0]}, "01c9d419c8fa4879a362aad71ea7000c_d1_0.png": {"intrinsics": {"fx": 1076.66, "fy": 1077.13, "cx": 629.822, "cy": 529.542}, "camera_to_world_matrix": [0.994574, -0.0226308, 0.101548, -1.96963, 0.102018, 0.0206737, -0.994568, 8.8129, 0.0204084, 0.99953, 0.0228707, 1.54471, 0.0, 0.0, 0.0, 1.0]}, "01c9d419c8fa4879a362aad71ea7000c_d1_1.png": {"intrinsics": {"fx": 1076.66, "fy": 1077.13, "cx": 629.822, "cy": 529.542}, "camera_to_world_matrix": [0.585214, -0.0143723, -0.810751, -1.96644, -0.810181, 0.0311, -0.585354, 8.81147, 0.0336271, 0.999413, 0.00655644, 1.54476, 0.0, 0.0, 0.0, 1.0]}, "01c9d419c8fa4879a362aad71ea7000c_d1_2.png": {"intrinsics": {"fx": 1076.66, "fy": 1077.13, "cx": 629.822, "cy": 529.542}, "camera_to_world_matrix": [-0.409494, -0.00121372, -0.912312, -1.96608, -0.911939, 0.0291633, 0.409288, 8.80799, 0.0261092, 0.999574, -0.0130486, 1.54483, 0.0, 0.0, 0.0, 1.0]}, "01c9d419c8fa4879a362aad71ea7000c_d1_3.png": {"intrinsics": {"fx": 1076.66, "fy": 1077.13, "cx": 629.822, "cy": 529.542}, "camera_to_world_matrix": [-0.994822, 0.00368599, -0.101571, -1.96892, -0.101496, 0.0168005, 0.994694, 8.80594, 0.00537275, 0.999852, -0.0163389, 1.54484, 0.0, 0.0, 0.0, 1.0]}, "01c9d419c8fa4879a362aad71ea7000c_d1_4.png": {"intrinsics": {"fx": 1076.66, "fy": 1077.13, "cx": 629.822, "cy": 529.542}, "camera_to_world_matrix": [-0.585427, -0.00457297, 0.810712, -1.97211, 0.810688, 0.00637458, 0.585445, 8.80737, -0.0078453, 0.999969, -2.41594e-05, 1.54479, 0.0, 0.0, 0.0, 1.0]}, "01c9d419c8fa4879a362aad71ea7000c_d1_5.png": {"intrinsics": {"fx": 1076.66, "fy": 1077.13, "cx": 629.822, "cy": 529.542}, "camera_to_world_matrix": [0.409286, -0.0177314, 0.912234, -1.97247, 0.912407, 0.00831172, -0.409201, 8.81086, -0.000326623, 0.999808, 0.0195806, 1.54472, 0.0, 0.0, 0.0, 1.0]}, "01c9d419c8fa4879a362aad71ea7000c_d2_0.png": {"intrinsics": {"fx": 1076.75, "fy": 1076.8, "cx": 642.24, "cy": 503.207}, "camera_to_world_matrix": [0.994838, -0.0790579, 0.0635917, -1.97107, 0.10044, 0.678743, -0.727474, 8.82452, 0.0143504, 0.730107, 0.68318, 1.57773, 0.0, 0.0, 0.0, 1.0]}, "01c9d419c8fa4879a362aad71ea7000c_d2_1.png": {"intrinsics": {"fx": 1076.75, "fy": 1076.8, "cx": 642.24, "cy": 503.207}, "camera_to_world_matrix": [0.584108, 0.532786, -0.612337, -1.9578, -0.811207, 0.408791, -0.418128, 8.81856, 0.0275458, 0.740965, 0.670977, 1.57797, 0.0, 0.0, 0.0, 1.0]}, "01c9d419c8fa4879a362aad71ea7000c_d2_2.png": {"intrinsics": {"fx": 1076.75, "fy": 1076.8, "cx": 642.24, "cy": 503.207}, "camera_to_world_matrix": [-0.410808, 0.604789, -0.68225, -1.95632, -0.911501, -0.25603, 0.321889, 8.80409, 0.0199985, 0.754108, 0.656445, 1.57826, 0.0, 0.0, 0.0, 1.0]}, "01c9d419c8fa4879a362aad71ea7000c_d2_3.png": {"intrinsics": {"fx": 1076.75, "fy": 1076.8, "cx": 642.24, "cy": 503.207}, "camera_to_world_matrix": [-0.994971, 0.064947, -0.0762341, -1.96811, -0.100146, -0.650884, 0.752542, 8.79557, -0.000743979, 0.756393, 0.654115, 1.5783, 0.0, 0.0, 0.0, 1.0]}, "01c9d419c8fa4879a362aad71ea7000c_d2_4.png": {"intrinsics": {"fx": 1076.75, "fy": 1076.8, "cx": 642.24, "cy": 503.207}, "camera_to_world_matrix": [-0.584205, -0.546886, 0.599682, -1.98139, 0.811485, -0.380909, 0.443169, 8.80153, -0.0139387, 0.745536, 0.666318, 1.57807, 0.0, 0.0, 0.0, 1.0]}, "01c9d419c8fa4879a362aad71ea7000c_d2_5.png": {"intrinsics": {"fx": 1076.75, "fy": 1076.8, "cx": 642.24, "cy": 503.207}, "camera_to_world_matrix": [0.410715, -0.618863, 0.669567, -1.98287, 0.91174, 0.283916, -0.29685, 8.816, -0.00639061, 0.732393, 0.680851, 1.57778, 0.0, 0.0, 0.0, 1.0]}, "021e6fb21e5c47b587fabb26689ff55f_d0_0.png": {"intrinsics": {"fx": 1073.69, "fy": 1074.73, "cx": 638.041, "cy": 521.835}, "camera_to_world_matrix": [0.999068, 0.0254296, 0.0348652, -1.68154, 0.0429891, -0.657014, -0.752651, 1.59867, 0.00376747, 0.753449, -0.657495, 1.56783, 0.0, 0.0, 0.0, 1.0]}, "021e6fb21e5c47b587fabb26689ff55f_d0_1.png": {"intrinsics": {"fx": 1073.69, "fy": 1074.73, "cx": 638.041, "cy": 521.835}, "camera_to_world_matrix": [0.536745, -0.557773, -0.633082, -1.66862, -0.843728, -0.35032, -0.406691, 1.59198, 0.00506006, 0.752439, -0.658642, 1.56785, 0.0, 0.0, 0.0, 1.0]}, "021e6fb21e5c47b587fabb26689ff55f_d0_2.png": {"intrinsics": {"fx": 1073.69, "fy": 1074.73, "cx": 638.041, "cy": 521.835}, "camera_to_world_matrix": [-0.462337, -0.583759, -0.667434, -1.66795, -0.886693, 0.308095, 0.344749, 1.57745, 0.00438324, 0.7512, -0.66006, 1.56788, 0.0, 0.0, 0.0, 1.0]}, "021e6fb21e5c47b587fabb26689ff55f_d0_3.png": {"intrinsics": {"fx": 1073.69, "fy": 1074.73, "cx": 638.041, "cy": 521.835}, "camera_to_world_matrix": [-0.999074, -0.026543, -0.0338382, -1.6802, -0.0429388, 0.659801, 0.750211, 1.5696, 0.00241385, 0.75097, -0.660331, 1.56788, 0.0, 0.0, 0.0, 1.0]}, "021e6fb21e5c47b587fabb26689ff55f_d0_4.png": {"intrinsics": {"fx": 1073.69, "fy": 1074.73, "cx": 638.041, "cy": 521.835}, "camera_to_world_matrix": [-0.536717, 0.556647, 0.634096, -1.69312, 0.843761, 0.353085, 0.404225, 1.57629, 0.00112136, 0.75198, -0.659185, 1.56786, 0.0, 0.0, 0.0, 1.0]}, "021e6fb21e5c47b587fabb26689ff55f_d0_5.png": {"intrinsics": {"fx": 1073.69, "fy": 1074.73, "cx": 638.041, "cy": 521.835}, "camera_to_world_matrix": [0.462367, 0.582608, 0.668419, -1.69379, 0.886686, -0.305331, -0.347217, 1.59082, 0.00179823, 0.753219, -0.657767, 1.56783, 0.0, 0.0, 0.0, 1.0]}, "021e6fb21e5c47b587fabb26689ff55f_d1_0.png": {"intrinsics": {"fx": 1076.66, "fy": 1077.13, "cx": 629.822, "cy": 529.542}, "camera_to_world_matrix": [0.998845, -0.0137877, 0.0460312, -1.68106, 0.0460973, 0.00452099, -0.998927, 1.58769, 0.0135647, 0.999895, 0.00515179, 1.6011, 0.0, 0.0, 0.0, 1.0]}, "021e6fb21e5c47b587fabb26689ff55f_d1_1.png": {"intrinsics": {"fx": 1076.66, "fy": 1077.13, "cx": 629.822, "cy": 529.542}, "camera_to_world_matrix": [0.539306, -0.00496102, -0.842095, -1.67795, -0.841979, 0.0144716, -0.539317, 1.58608, 0.0148619, 0.999883, 0.00362798, 1.6011, 0.0, 0.0, 0.0, 1.0]}, "021e6fb21e5c47b587fabb26689ff55f_d1_2.png": {"intrinsics": {"fx": 1076.66, "fy": 1077.13, "cx": 629.822, "cy": 529.542}, "camera_to_world_matrix": [-0.459561, 0.00806973, -0.88811, -1.67779, -0.888034, 0.0118026, 0.459628, 1.58259, 0.0141909, 0.999898, 0.00174263, 1.60111, 0.0, 0.0, 0.0, 1.0]}, "021e6fb21e5c47b587fabb26689ff55f_d1_3.png": {"intrinsics": {"fx": 1076.66, "fy": 1077.13, "cx": 629.822, "cy": 529.542}, "camera_to_world_matrix": [-0.998867, 0.0122735, -0.0459972, -1.68073, -0.0460106, -0.000816905, 0.998941, 1.5807, 0.0122228, 0.999925, 0.00138113, 1.60111, 0.0, 0.0, 0.0, 1.0]}, "021e6fb21e5c47b587fabb26689ff55f_d1_4.png": {"intrinsics": {"fx": 1076.66, "fy": 1077.13, "cx": 629.822, "cy": 529.542}, "camera_to_world_matrix": [-0.539293, 0.00344646, 0.842112, -1.68384, 0.842048, -0.0107671, 0.539296, 1.58231, 0.0109257, 0.999936, 0.002905, 1.60111, 0.0, 0.0, 0.0, 1.0]}, "021e6fb21e5c47b587fabb26689ff55f_d1_5.png": {"intrinsics": {"fx": 1076.66, "fy": 1077.13, "cx": 629.822, "cy": 529.542}, "camera_to_world_matrix": [0.459576, -0.00958418, 0.888087, -1.684, 0.888063, -0.00809764, -0.459651, 1.58581, 0.0115967, 0.999922, 0.00479032, 1.6011, 0.0, 0.0, 0.0, 1.0]}, "021e6fb21e5c47b587fabb26689ff55f_d2_0.png": {"intrinsics": {"fx": 1076.75, "fy": 1076.8, "cx": 642.24, "cy": 503.207}, "camera_to_world_matrix": [0.998975, -0.0354454, 0.0281036, -1.68159, 0.0446128, 0.669297, -0.741655, 1.59879, 0.0074788, 0.742149, 0.670191, 1.63433, 0.0, 0.0, 0.0, 1.0]}, "021e6fb21e5c47b587fabb26689ff55f_d2_1.png": {"intrinsics": {"fx": 1076.75, "fy": 1076.8, "cx": 642.24, "cy": 503.207}, "camera_to_world_matrix": [0.538098, 0.560437, -0.629572, -1.66867, -0.842835, 0.365539, -0.394978, 1.59211, 0.00877383, 0.743163, 0.669051, 1.63435, 0.0, 0.0, 0.0, 1.0]}, "021e6fb21e5c47b587fabb26689ff55f_d2_2.png": {"intrinsics": {"fx": 1076.75, "fy": 1076.8, "cx": 642.24, "cy": 503.207}, "camera_to_world_matrix": [-0.460895, 0.595307, -0.658168, -1.668, -0.887417, -0.302388, 0.347925, 1.57757, 0.0081001, 0.744427, 0.667653, 1.63438, 0.0, 0.0, 0.0, 1.0]}, "021e6fb21e5c47b587fabb26689ff55f_d2_3.png": {"intrinsics": {"fx": 1076.75, "fy": 1076.8, "cx": 642.24, "cy": 503.207}, "camera_to_world_matrix": [-0.998987, 0.0342937, -0.0290874, -1.68025, -0.0445487, -0.666544, 0.744134, 1.56972, 0.00613132, 0.744677, 0.667396, 1.63438, 0.0, 0.0, 0.0, 1.0]}, "021e6fb21e5c47b587fabb26689ff55f_d2_4.png": {"intrinsics": {"fx": 1076.75, "fy": 1076.8, "cx": 642.24, "cy": 503.207}, "camera_to_world_matrix": [-0.538075, -0.561577, 0.628575, -1.69317, 0.842882, -0.362763, 0.397431, 1.57641, 0.00483633, 0.743663, 0.668536, 1.63436, 0.0, 0.0, 0.0, 1.0]}, "021e6fb21e5c47b587fabb26689ff55f_d2_5.png": {"intrinsics": {"fx": 1076.75, "fy": 1076.8, "cx": 642.24, "cy": 503.207}, "camera_to_world_matrix": [0.460919, -0.59642, 0.657142, -1.69384, 0.887424, 0.305166, -0.345473, 1.59095, 0.00551018, 0.742399, 0.669934, 1.63433, 0.0, 0.0, 0.0, 1.0]}, "04dba6ce40274f9b80f8e18eb201d33b_d0_0.png": {"intrinsics": {"fx": 1073.69, "fy": 1074.73, "cx": 638.041, "cy": 521.835}, "camera_to_world_matrix": [-0.990037, 0.0856275, 0.111774, 14.74, 0.140456, 0.656282, 0.741327, 9.06095, -0.00987688, 0.749641, -0.661771, 1.55397, 0.0, 0.0, 0.0, 1.0]}, "04dba6ce40274f9b80f8e18eb201d33b_d0_1.png": {"intrinsics": {"fx": 1073.69, "fy": 1074.73, "cx": 638.041, "cy": 521.835}, "camera_to_world_matrix": [-0.37335, 0.602843, 0.705116, 14.7285, 0.927665, 0.248115, 0.27906, 9.06989, -0.00672066, 0.758299, -0.651872, 1.55378, 0.0, 0.0, 0.0, 1.0]}, "04dba6ce40274f9b80f8e18eb201d33b_d0_2.png": {"intrinsics": {"fx": 1073.69, "fy": 1074.73, "cx": 638.041, "cy": 521.835}, "camera_to_world_matrix": [0.616657, 0.507951, 0.601431, 14.7305, 0.787206, -0.40394, -0.46598, 9.0843, 0.00624687, 0.7608, -0.648956, 1.55372, 0.0, 0.0, 0.0, 1.0]}, "04dba6ce40274f9b80f8e18eb201d33b_d0_3.png": {"intrinsics": {"fx": 1073.69, "fy": 1074.73, "cx": 638.041, "cy": 521.835}, "camera_to_world_matrix": [0.989955, -0.104156, -0.0955947, 14.744, -0.14046, -0.647814, -0.748737, 9.08977, 0.0160579, 0.754644, -0.655938, 1.55386, 0.0, 0.0, 0.0, 1.0]}, "04dba6ce40274f9b80f8e18eb201d33b_d0_4.png": {"intrinsics": {"fx": 1073.69, "fy": 1074.73, "cx": 638.041, "cy": 521.835}, "camera_to_world_matrix": [0.373238, -0.621356, -0.688919, 14.7555, -0.927645, -0.239628, -0.286446, 9.08083, 0.0129012, 0.745985, -0.665837, 1.55405, 0.0, 0.0, 0.0, 1.0]}, "04dba6ce40274f9b80f8e18eb201d33b_d0_5.png": {"intrinsics": {"fx": 1073.69, "fy": 1074.73, "cx": 638.041, "cy": 521.835}, "camera_to_world_matrix": [-0.616764, -0.526438, -0.585204, 14.7535, -0.787147, 0.412424, 0.45859, 9.06642, -6.65195e-05, 0.743484, -0.668753, 1.55411, 0.0, 0.0, 0.0, 1.0]}, "04dba6ce40274f9b80f8e18eb201d33b_d1_0.png": {"intrinsics": {"fx": 1076.66, "fy": 1077.13, "cx": 629.822, "cy": 529.542}, "camera_to_world_matrix": [-0.990511, 2.36714e-05, 0.137434, 14.7411, 0.137434, 0.000618821, 0.990511, 9.07208, -6.17234e-05, 1.0, -0.000615761, 1.58718, 0.0, 0.0, 0.0, 1.0]}, "04dba6ce40274f9b80f8e18eb201d33b_d1_1.png": {"intrinsics": {"fx": 1076.66, "fy": 1077.13, "cx": 629.822, "cy": 529.542}, "camera_to_world_matrix": [-0.376312, -0.0104736, 0.926434, 14.7383, 0.926488, -0.00754972, 0.376249, 9.07423, 0.00305352, 0.999917, 0.0125451, 1.58713, 0.0, 0.0, 0.0, 1.0]}, "04dba6ce40274f9b80f8e18eb201d33b_d1_2.png": {"intrinsics": {"fx": 1076.66, "fy": 1077.13, "cx": 629.822, "cy": 529.542}, "camera_to_world_matrix": [0.614049, -0.0227952, 0.788939, 14.7388, 0.789106, -0.00254289, -0.614252, 9.0777, 0.0160081, 0.999737, 0.0164268, 1.58712, 0.0, 0.0, 0.0, 1.0]}, "04dba6ce40274f9b80f8e18eb201d33b_d1_3.png": {"intrinsics": {"fx": 1076.66, "fy": 1077.13, "cx": 629.822, "cy": 529.542}, "camera_to_world_matrix": [0.990189, -0.0246194, -0.137553, 14.742, -0.137327, 0.0106324, -0.990469, 9.07901, 0.0258471, 0.999641, 0.00714757, 1.58715, 0.0, 0.0, 0.0, 1.0]}, "04dba6ce40274f9b80f8e18eb201d33b_d1_4.png": {"intrinsics": {"fx": 1076.66, "fy": 1077.13, "cx": 629.822, "cy": 529.542}, "camera_to_world_matrix": [0.375959, -0.0141218, -0.926529, 14.7448, -0.926358, 0.0188005, -0.376176, 9.07686, 0.0227314, 0.999724, -0.0060132, 1.5872, 0.0, 0.0, 0.0, 1.0]}, "04dba6ce40274f9b80f8e18eb201d33b_d1_5.png": {"intrinsics": {"fx": 1076.66, "fy": 1077.13, "cx": 629.822, "cy": 529.542}, "camera_to_world_matrix": [-0.614397, -0.00180035, -0.788996, 14.7443, -0.788937, 0.0137932, 0.61432, 9.0734, 0.00977664, 0.999904, -0.0098944, 1.58721, 0.0, 0.0, 0.0, 1.0]}, "04dba6ce40274f9b80f8e18eb201d33b_d2_0.png": {"intrinsics": {"fx": 1076.75, "fy": 1076.8, "cx": 642.24, "cy": 503.207}, "camera_to_world_matrix": [-0.99029, -0.0970294, 0.0995413, 14.7392, 0.138871, -0.658844, 0.739351, 9.06132, -0.00615634, 0.745996, 0.665921, 1.62047, 0.0, 0.0, 0.0, 1.0]}, "04dba6ce40274f9b80f8e18eb201d33b_d2_1.png": {"intrinsics": {"fx": 1076.75, "fy": 1076.8, "cx": 642.24, "cy": 503.207}, "camera_to_world_matrix": [-0.37489, -0.627248, 0.682655, 14.7277, 0.927063, -0.251246, 0.278257, 9.07026, -0.00302147, 0.737181, 0.675687, 1.62027, 0.0, 0.0, 0.0, 1.0]}, "04dba6ce40274f9b80f8e18eb201d33b_d2_2.png": {"intrinsics": {"fx": 1076.75, "fy": 1076.8, "cx": 642.24, "cy": 503.207}, "camera_to_world_matrix": [0.615325, -0.539347, 0.574872, 14.7297, 0.78821, 0.411786, -0.457337, 9.08467, 0.00993959, 0.734532, 0.6785, 1.62022, 0.0, 0.0, 0.0, 1.0]}, "04dba6ce40274f9b80f8e18eb201d33b_d2_3.png": {"intrinsics": {"fx": 1076.75, "fy": 1076.8, "cx": 642.24, "cy": 503.207}, "camera_to_world_matrix": [0.990117, 0.0787687, -0.116021, 14.7432, -0.138833, 0.667205, -0.731821, 9.09015, 0.0197655, 0.740697, 0.671547, 1.62035, 0.0, 0.0, 0.0, 1.0]}, "04dba6ce40274f9b80f8e18eb201d33b_d2_4.png": {"intrinsics": {"fx": 1076.75, "fy": 1076.8, "cx": 642.24, "cy": 503.207}, "camera_to_world_matrix": [0.374687, 0.608971, -0.699117, 14.7546, -0.927001, 0.259587, -0.270705, 9.08121, 0.0166301, 0.749512, 0.66178, 1.62054, 0.0, 0.0, 0.0, 1.0]}, "04dba6ce40274f9b80f8e18eb201d33b_d2_5.png": {"intrinsics": {"fx": 1076.75, "fy": 1076.8, "cx": 642.24, "cy": 503.207}, "camera_to_world_matrix": [-0.615523, 0.521045, -0.591305, 14.7526, -0.788109, -0.403442, 0.464885, 9.0668, 0.0036689, 0.752161, 0.658967, 1.6206, 0.0, 0.0, 0.0, 1.0]}, "0beedadd4d2c4b4ab488cf246c533988_d0_0.png": {"intrinsics": {"fx": 1073.69, "fy": 1074.73, "cx": 638.041, "cy": 521.835}, "camera_to_world_matrix": [-0.367261, -0.617021, -0.69599, -2.05749, -0.929918, 0.228093, 0.288488, 10.0033, -0.0192525, 0.753164, -0.65755, 1.51073, 0.0, 0.0, 0.0, 1.0]}, "0beedadd4d2c4b4ab488cf246c533988_d0_1.png": {"intrinsics": {"fx": 1073.69, "fy": 1074.73, "cx": 638.041, "cy": 521.835}, "camera_to_world_matrix": [-0.98913, -0.0995743, -0.108193, -2.06886, -0.14689, 0.635876, 0.757683, 9.99422, -0.00664797, 0.76534, -0.643592, 1.51046, 0.0, 0.0, 0.0, 1.0]}, "0beedadd4d2c4b4ab488cf246c533988_d0_2.png": {"intrinsics": {"fx": 1073.69, "fy": 1074.73, "cx": 638.041, "cy": 521.835}, "camera_to_world_matrix": [-0.621867, 0.512434, 0.592193, -2.08241, 0.782965, 0.39168, 0.483272, 9.99953, 0.0156947, 0.764197, -0.644792, 1.51048, 0.0, 0.0, 0.0, 1.0]}, "0beedadd4d2c4b4ab488cf246c533988_d0_3.png": {"intrinsics": {"fx": 1073.69, "fy": 1074.73, "cx": 638.041, "cy": 521.835}, "camera_to_world_matrix": [0.367256, 0.606981, 0.704766, -2.08459, 0.929771, -0.260294, -0.260329, 10.0139, 0.0254323, 0.750879, -0.659949, 1.51078, 0.0, 0.0, 0.0, 1.0]}, "0beedadd4d2c4b4ab488cf246c533988_d0_4.png": {"intrinsics": {"fx": 1073.69, "fy": 1074.73, "cx": 638.041, "cy": 521.835}, "camera_to_world_matrix": [0.989094, 0.0895177, 0.116951, -2.07323, 0.146719, -0.668058, -0.729501, 10.023, 0.0128271, 0.738705, -0.673907, 1.51105, 0.0, 0.0, 0.0, 1.0]}, "0beedadd4d2c4b4ab488cf246c533988_d0_5.png": {"intrinsics": {"fx": 1073.69, "fy": 1074.73, "cx": 638.041, "cy": 521.835}, "camera_to_world_matrix": [0.621795, -0.522481, -0.583424, -2.05968, -0.783122, -0.423837, -0.455062, 10.0177, -0.00951557, 0.739848, -0.672707, 1.51102, 0.0, 0.0, 0.0, 1.0]}, "0beedadd4d2c4b4ab488cf246c533988_d1_0.png": {"intrinsics": {"fx": 1076.66, "fy": 1077.13, "cx": 629.822, "cy": 529.542}, "camera_to_world_matrix": [-0.364417, 0.00107255, -0.931236, -2.06801, -0.931189, -0.0105729, 0.364386, 10.0066, -0.0094552, 0.999944, 0.00485215, 1.54399, 0.0, 0.0, 0.0, 1.0]}, "0beedadd4d2c4b4ab488cf246c533988_d1_1.png": {"intrinsics": {"fx": 1076.66, "fy": 1077.13, "cx": 629.822, "cy": 529.542}, "camera_to_world_matrix": [-0.988659, 0.00657056, -0.150038, -2.07074, -0.15015, -0.0226827, 0.988403, 10.0044, 0.00309099, 0.999721, 0.0234125, 1.54393, 0.0, 0.0, 0.0, 1.0]}, "0beedadd4d2c4b4ab488cf246c533988_d1_2.png": {"intrinsics": {"fx": 1076.66, "fy": 1077.13, "cx": 629.822, "cy": 529.542}, "camera_to_world_matrix": [-0.624306, -0.00116942, 0.78118, -2.074, 0.780766, -0.0334964, 0.623925, 10.0057, 0.025437, 0.999438, 0.0218255, 1.54393, 0.0, 0.0, 0.0, 1.0]}, "0beedadd4d2c4b4ab488cf246c533988_d1_3.png": {"intrinsics": {"fx": 1076.66, "fy": 1077.13, "cx": 629.822, "cy": 529.542}, "camera_to_world_matrix": [0.364281, -0.0144072, 0.931178, -2.07453, 0.930623, -0.0322001, -0.364562, 10.0092, 0.0352363, 0.999378, 0.00167825, 1.544, 0.0, 0.0, 0.0, 1.0]}, "0beedadd4d2c4b4ab488cf246c533988_d1_4.png": {"intrinsics": {"fx": 1076.66, "fy": 1077.13, "cx": 629.822, "cy": 529.542}, "camera_to_world_matrix": [0.988493, -0.0199048, 0.149956, -2.07179, 0.149559, -0.0200902, -0.988549, 10.0114, 0.0226893, 0.9996, -0.0168816, 1.54407, 0.0, 0.0, 0.0, 1.0]}, "0beedadd4d2c4b4ab488cf246c533988_d1_5.png": {"intrinsics": {"fx": 1076.66, "fy": 1077.13, "cx": 629.822, "cy": 529.542}, "camera_to_world_matrix": [0.624103, -0.0121644, -0.781248, -2.06853, -0.781342, -0.00927674, -0.624034, 10.0101, 0.000343425, 0.999883, -0.0152937, 1.54406, 0.0, 0.0, 0.0, 1.0]}, "0beedadd4d2c4b4ab488cf246c533988_d2_0.png": {"intrinsics": {"fx": 1076.75, "fy": 1076.8, "cx": 642.24, "cy": 503.207}, "camera_to_world_matrix": [-0.365773, 0.619353, -0.694703, -2.05794, -0.930573, -0.255841, 0.261873, 10.0019, -0.0155413, 0.742258, 0.669932, 1.57721, 0.0, 0.0, 0.0, 1.0]}, "0beedadd4d2c4b4ab488cf246c533988_d2_1.png": {"intrinsics": {"fx": 1076.75, "fy": 1076.8, "cx": 642.24, "cy": 503.207}, "camera_to_world_matrix": [-0.988897, 0.0994291, -0.11043, -2.0693, -0.148568, -0.676399, 0.721396, 9.9928, -0.00296698, 0.729793, 0.68366, 1.57694, 0.0, 0.0, 0.0, 1.0]}, "0beedadd4d2c4b4ab488cf246c533988_d2_2.png": {"intrinsics": {"fx": 1076.75, "fy": 1076.8, "cx": 642.24, "cy": 503.207}, "camera_to_world_matrix": [-0.623147, -0.524883, 0.579815, -2.08285, 0.781863, -0.436444, 0.445202, 9.9981, 0.019378, 0.730763, 0.682354, 1.57697, 0.0, 0.0, 0.0, 1.0]}, "0beedadd4d2c4b4ab488cf246c533988_d2_3.png": {"intrinsics": {"fx": 1076.75, "fy": 1076.8, "cx": 642.24, "cy": 503.207}, "camera_to_world_matrix": [0.365718, -0.629257, 0.685773, -2.08504, 0.930268, 0.224064, -0.290509, 10.0125, 0.029148, 0.744198, 0.667321, 1.57726, 0.0, 0.0, 0.0, 1.0]}, "0beedadd4d2c4b4ab488cf246c533988_d2_4.png": {"intrinsics": {"fx": 1076.75, "fy": 1076.8, "cx": 642.24, "cy": 503.207}, "camera_to_world_matrix": [0.988812, -0.109317, 0.101483, -2.07367, 0.148238, 0.644602, -0.750009, 10.0216, 0.016573, 0.756663, 0.653594, 1.57753, 0.0, 0.0, 0.0, 1.0]}, "0beedadd4d2c4b4ab488cf246c533988_d2_5.png": {"intrinsics": {"fx": 1076.75, "fy": 1076.8, "cx": 642.24, "cy": 503.207}, "camera_to_world_matrix": [0.623026, 0.514985, -0.588752, -2.06012, -0.782179, 0.404622, -0.473788, 10.0163, -0.00577186, 0.755692, 0.6549, 1.57751, 0.0, 0.0, 0.0, 1.0]}, "1a9eaf7e67c444ffbec01b999b40c5a2_d0_0.png": {"intrinsics": {"fx": 1073.69, "fy": 1074.73, "cx": 638.041, "cy": 521.835}, "camera_to_world_matrix": [-0.993055, 0.0724458, 0.0926954, 11.6396, 0.117431, 0.658078, 0.743735, 5.49792, -0.0071201, 0.749455, -0.662016, 1.54891, 0.0, 0.0, 0.0, 1.0]}, "1a9eaf7e67c444ffbec01b999b40c5a2_d0_1.png": {"intrinsics": {"fx": 1073.69, "fy": 1074.73, "cx": 638.041, "cy": 521.835}, "camera_to_world_matrix": [-0.394805, 0.599021, 0.696636, 11.6279, 0.918747, 0.26203, 0.295369, 5.50659, -0.00560742, 0.756645, -0.653801, 1.54875, 0.0, 0.0, 0.0, 1.0]}, "1a9eaf7e67c444ffbec01b999b40c5a2_d0_2.png": {"intrinsics": {"fx": 1073.69, "fy": 1074.73, "cx": 638.041, "cy": 521.835}, "camera_to_world_matrix": [0.598229, 0.519301, 0.610285, 11.6295, 0.801311, -0.392052, -0.451878, 5.52105, 0.0046034, 0.759355, -0.65066, 1.54869, 0.0, 0.0, 0.0, 1.0]}, "1a9eaf7e67c444ffbec01b999b40c5a2_d0_3.png": {"intrinsics": {"fx": 1073.69, "fy": 1074.73, "cx": 638.041, "cy": 521.835}, "camera_to_world_matrix": [0.99299, -0.0869932, -0.0800038, 11.6429, -0.117437, -0.650073, -0.750741, 5.52683, 0.0133013, 0.754875, -0.655734, 1.54879, 0.0, 0.0, 0.0, 1.0]}, "1a9eaf7e67c444ffbec01b999b40c5a2_d0_4.png": {"intrinsics": {"fx": 1073.69, "fy": 1074.73, "cx": 638.041, "cy": 521.835}, "camera_to_world_matrix": [0.39471, -0.613553, -0.683927, 11.6546, -0.918729, -0.254005, -0.302351, 5.51816, 0.0117882, 0.747685, -0.663949, 1.54895, 0.0, 0.0, 0.0, 1.0]}, "1a9eaf7e67c444ffbec01b999b40c5a2_d0_5.png": {"intrinsics": {"fx": 1073.69, "fy": 1074.73, "cx": 638.041, "cy": 521.835}, "camera_to_world_matrix": [-0.59832, -0.533807, -0.597547, 11.6529, -0.801255, 0.400075, 0.444892, 5.50371, 0.00157723, 0.744976, -0.66709, 1.54901, 0.0, 0.0, 0.0, 1.0]}, "1a9eaf7e67c444ffbec01b999b40c5a2_d1_0.png": {"intrinsics": {"fx": 1076.66, "fy": 1077.13, "cx": 629.822, "cy": 529.542}, "camera_to_world_matrix": [-0.993432, 0.00278304, 0.114397, 11.6405, 0.114399, 0.000599426, 0.993435, 5.50908, 0.00269608, 0.999996, -0.000913423, 1.58211, 0.0, 0.0, 0.0, 1.0]}, "1a9eaf7e67c444ffbec01b999b40c5a2_d1_1.png": {"intrinsics": {"fx": 1076.66, "fy": 1077.13, "cx": 629.822, "cy": 529.542}, "camera_to_world_matrix": [-0.397712, -0.0075219, 0.91748, 11.6377, 0.917501, -0.00781063, 0.397657, 5.51116, 0.00417483, 0.999942, 0.0100082, 1.58207, 0.0, 0.0, 0.0, 1.0]}, "1a9eaf7e67c444ffbec01b999b40c5a2_d1_2.png": {"intrinsics": {"fx": 1076.66, "fy": 1077.13, "cx": 629.822, "cy": 529.542}, "camera_to_world_matrix": [0.595604, -0.0199569, 0.803031, 11.6381, 0.80315, -0.00309124, -0.595769, 5.51464, 0.014372, 0.999796, 0.0141877, 1.58206, 0.0, 0.0, 0.0, 1.0]}, "1a9eaf7e67c444ffbec01b999b40c5a2_d1_3.png": {"intrinsics": {"fx": 1076.66, "fy": 1077.13, "cx": 629.822, "cy": 529.542}, "camera_to_world_matrix": [0.993178, -0.0220868, -0.114498, 11.6413, -0.1143, 0.0100381, -0.993396, 5.51603, 0.0230901, 0.999706, 0.00744554, 1.58208, 0.0, 0.0, 0.0, 1.0]}, "1a9eaf7e67c444ffbec01b999b40c5a2_d1_4.png": {"intrinsics": {"fx": 1076.66, "fy": 1077.13, "cx": 629.822, "cy": 529.542}, "camera_to_world_matrix": [0.397427, -0.0117815, -0.917558, 11.6441, -0.91738, 0.0184478, -0.397587, 5.51395, 0.0216109, 0.999761, -0.003476, 1.58212, 0.0, 0.0, 0.0, 1.0]}, "1a9eaf7e67c444ffbec01b999b40c5a2_d1_5.png": {"intrinsics": {"fx": 1076.66, "fy": 1077.13, "cx": 629.822, "cy": 529.542}, "camera_to_world_matrix": [-0.595884, 0.000653371, -0.80307, 11.6437, -0.80299, 0.0137279, 0.595835, 5.51047, 0.0114136, 0.999906, -0.00765513, 1.58214, 0.0, 0.0, 0.0, 1.0]}, "1a9eaf7e67c444ffbec01b999b40c5a2_d2_0.png": {"intrinsics": {"fx": 1076.75, "fy": 1076.8, "cx": 642.24, "cy": 503.207}, "camera_to_world_matrix": [-0.993261, -0.0796367, 0.084195, 11.6389, 0.115841, -0.660934, 0.741449, 5.49828, -0.00339901, 0.746207, 0.665704, 1.61541, 0.0, 0.0, 0.0, 1.0]}, "1a9eaf7e67c444ffbec01b999b40c5a2_d2_1.png": {"intrinsics": {"fx": 1076.75, "fy": 1076.8, "cx": 642.24, "cy": 503.207}, "camera_to_world_matrix": [-0.396321, -0.619198, 0.677882, 11.6272, 0.918109, -0.265757, 0.294019, 5.50695, -0.00190403, 0.738896, 0.673815, 1.61525, 0.0, 0.0, 0.0, 1.0]}, "1a9eaf7e67c444ffbec01b999b40c5a2_d2_2.png": {"intrinsics": {"fx": 1076.75, "fy": 1076.8, "cx": 642.24, "cy": 503.207}, "camera_to_world_matrix": [0.596883, -0.546723, 0.587216, 11.6289, 0.802284, 0.399137, -0.44388, 5.5214, 0.00829989, 0.736059, 0.676865, 1.61519, 0.0, 0.0, 0.0, 1.0]}, "1a9eaf7e67c444ffbec01b999b40c5a2_d2_3.png": {"intrinsics": {"fx": 1076.75, "fy": 1076.8, "cx": 642.24, "cy": 503.207}, "camera_to_world_matrix": [0.993125, 0.0653105, -0.0971352, 11.6422, -0.115807, 0.668839, -0.734331, 5.52719, 0.0170086, 0.740532, 0.671804, 1.61528, 0.0, 0.0, 0.0, 1.0]}, "1a9eaf7e67c444ffbec01b999b40c5a2_d2_4.png": {"intrinsics": {"fx": 1076.75, "fy": 1076.8, "cx": 642.24, "cy": 503.207}, "camera_to_world_matrix": [0.396153, 0.604856, -0.690805, 11.6539, -0.918052, 0.273641, -0.286878, 5.51852, 0.0155131, 0.747843, 0.663693, 1.61544, 0.0, 0.0, 0.0, 1.0]}, "1a9eaf7e67c444ffbec01b999b40c5a2_d2_5.png": {"intrinsics": {"fx": 1076.75, "fy": 1076.8, "cx": 642.24, "cy": 503.207}, "camera_to_world_matrix": [-0.597046, 0.532356, -0.60011, 11.6523, -0.802188, -0.39125, 0.451018, 5.50406, 0.00530911, 0.75068, 0.660643, 1.6155, 0.0, 0.0, 0.0, 1.0]}, "1d80333e82b347e89884fffc9f4187e0_d0_0.png": {"intrinsics": {"fx": 1073.69, "fy": 1074.73, "cx": 638.041, "cy": 521.835}, "camera_to_world_matrix": [-0.92751, -0.25395, -0.274285, 14.088, -0.373462, 0.598597, 0.708665, 10.827, -0.0157792, 0.75973, -0.650047, 1.57091, 0.0, 0.0, 0.0, 1.0]}, "1d80333e82b347e89884fffc9f4187e0_d0_1.png": {"intrinsics": {"fx": 1073.69, "fy": 1074.73, "cx": 638.041, "cy": 521.835}, "camera_to_world_matrix": [-0.787359, 0.398087, 0.470733, 14.0736, 0.616482, 0.503801, 0.605089, 10.8289, 0.00372251, 0.766622, -0.642088, 1.57076, 0.0, 0.0, 0.0, 1.0]}, "1d80333e82b347e89884fffc9f4187e0_d0_2.png": {"intrinsics": {"fx": 1073.69, "fy": 1074.73, "cx": 638.041, "cy": 521.835}, "camera_to_world_matrix": [0.140128, 0.642129, 0.75368, 14.0681, 0.989875, -0.108221, -0.0918391, 10.8424, 0.0225916, 0.758918, -0.650794, 1.57093, 0.0, 0.0, 0.0, 1.0]}, "1d80333e82b347e89884fffc9f4187e0_d0_3.png": {"intrinsics": {"fx": 1073.69, "fy": 1074.73, "cx": 638.041, "cy": 521.835}, "camera_to_world_matrix": [0.927444, 0.234127, 0.291601, 14.0771, 0.373316, -0.625433, -0.685177, 10.8539, 0.0219586, 0.744323, -0.667459, 1.57125, 0.0, 0.0, 0.0, 1.0]}, "1d80333e82b347e89884fffc9f4187e0_d0_4.png": {"intrinsics": {"fx": 1073.69, "fy": 1074.73, "cx": 638.041, "cy": 521.835}, "camera_to_world_matrix": [0.787254, -0.417907, -0.453413, 14.0915, -0.616623, -0.530612, -0.581572, 10.8519, 0.00245654, 0.737431, -0.675418, 1.5714, 0.0, 0.0, 0.0, 1.0]}, "1d80333e82b347e89884fffc9f4187e0_d0_5.png": {"intrinsics": {"fx": 1073.69, "fy": 1074.73, "cx": 638.041, "cy": 521.835}, "camera_to_world_matrix": [-0.140248, -0.661924, -0.736332, 14.097, -0.98998, 0.0814202, 0.115368, 10.8384, -0.0164121, 0.745135, -0.666712, 1.57124, 0.0, 0.0, 0.0, 1.0]}, "1d80333e82b347e89884fffc9f4187e0_d1_0.png": {"intrinsics": {"fx": 1076.66, "fy": 1077.13, "cx": 629.822, "cy": 529.542}, "camera_to_world_matrix": [-0.926406, 1.42334e-05, -0.376526, 14.0834, -0.376478, -0.0160041, 0.926287, 10.8366, -0.00601292, 0.999872, 0.0148321, 1.60428, 0.0, 0.0, 0.0, 1.0]}, "1d80333e82b347e89884fffc9f4187e0_d1_1.png": {"intrinsics": {"fx": 1076.66, "fy": 1077.13, "cx": 629.822, "cy": 529.542}, "camera_to_world_matrix": [-0.789333, -0.00498852, 0.613946, 14.08, 0.613819, -0.0283255, 0.788939, 10.8371, 0.0134545, 0.999587, 0.0254207, 1.60425, 0.0, 0.0, 0.0, 1.0]}, "1d80333e82b347e89884fffc9f4187e0_d1_2.png": {"intrinsics": {"fx": 1076.66, "fy": 1077.13, "cx": 629.822, "cy": 529.542}, "camera_to_world_matrix": [0.136922, -0.0181623, 0.990416, 14.0786, 0.990054, -0.0301513, -0.137425, 10.8403, 0.0323581, 0.999381, 0.0138537, 1.60429, 0.0, 0.0, 0.0, 1.0]}, "1d80333e82b347e89884fffc9f4187e0_d1_3.png": {"intrinsics": {"fx": 1076.66, "fy": 1077.13, "cx": 629.822, "cy": 529.542}, "camera_to_world_matrix": [0.926082, -0.026333, 0.376404, 14.0808, 0.375982, -0.0196557, -0.926419, 10.8431, 0.0317937, 0.99946, -0.00830157, 1.60436, 0.0, 0.0, 0.0, 1.0]}, "1d80333e82b347e89884fffc9f4187e0_d1_4.png": {"intrinsics": {"fx": 1076.66, "fy": 1077.13, "cx": 629.822, "cy": 529.542}, "camera_to_world_matrix": [0.788969, -0.0213298, -0.614063, 14.0843, -0.61431, -0.00733456, -0.789031, 10.8426, 0.0123258, 0.999746, -0.0188894, 1.6044, 0.0, 0.0, 0.0, 1.0]}, "1d80333e82b347e89884fffc9f4187e0_d1_5.png": {"intrinsics": {"fx": 1076.66, "fy": 1077.13, "cx": 629.822, "cy": 529.542}, "camera_to_world_matrix": [-0.1373, -0.00815593, -0.990496, 14.0856, -0.990508, -0.00550929, 0.137347, 10.8394, -0.00657725, 0.999952, -0.00732164, 1.60436, 0.0, 0.0, 0.0, 1.0]}, "1d80333e82b347e89884fffc9f4187e0_d2_0.png": {"intrinsics": {"fx": 1076.75, "fy": 1076.8, "cx": 642.24, "cy": 503.207}, "camera_to_world_matrix": [-0.926936, 0.245813, -0.283485, 14.0871, -0.375023, -0.631274, 0.67886, 10.8258, -0.0120841, 0.735573, 0.677336, 1.6374, 0.0, 0.0, 0.0, 1.0]}, "1d80333e82b347e89884fffc9f4187e0_d2_1.png": {"intrinsics": {"fx": 1076.75, "fy": 1076.8, "cx": 642.24, "cy": 503.207}, "camera_to_world_matrix": [-0.788391, -0.417198, 0.452089, 14.0727, 0.615129, -0.543472, 0.571186, 10.8278, 0.00740012, 0.728412, 0.685098, 1.63724, 0.0, 0.0, 0.0, 1.0]}, "1d80333e82b347e89884fffc9f4187e0_d2_2.png": {"intrinsics": {"fx": 1076.75, "fy": 1076.8, "cx": 642.24, "cy": 503.207}, "camera_to_world_matrix": [0.138473, -0.672786, 0.726762, 14.0673, 0.990016, 0.0745581, -0.119612, 10.8412, 0.0262877, 0.73607, 0.676393, 1.63741, 0.0, 0.0, 0.0, 1.0]}, "1d80333e82b347e89884fffc9f4187e0_d2_3.png": {"intrinsics": {"fx": 1076.75, "fy": 1076.8, "cx": 642.24, "cy": 503.207}, "camera_to_world_matrix": [0.926771, -0.265357, 0.265855, 14.0762, 0.374744, 0.604771, -0.702722, 10.8527, 0.0256905, 0.750891, 0.659925, 1.63773, 0.0, 0.0, 0.0, 1.0]}, "1d80333e82b347e89884fffc9f4187e0_d2_4.png": {"intrinsics": {"fx": 1076.75, "fy": 1076.8, "cx": 642.24, "cy": 503.207}, "camera_to_world_matrix": [0.788187, 0.397652, -0.469715, 14.0906, -0.615402, 0.516943, -0.59502, 10.8507, 0.00620588, 0.758052, 0.652163, 1.63789, 0.0, 0.0, 0.0, 1.0]}, "1d80333e82b347e89884fffc9f4187e0_d2_5.png": {"intrinsics": {"fx": 1076.75, "fy": 1076.8, "cx": 642.24, "cy": 503.207}, "camera_to_world_matrix": [-0.138691, 0.653215, -0.744362, 14.0961, -0.990253, -0.101097, 0.0957896, 10.8372, -0.0126812, 0.750393, 0.660869, 1.63772, 0.0, 0.0, 0.0, 1.0]}, "22ed7ff5428841c4809cd3ef0ed4874b_d0_0.png": {"intrinsics": {"fx": 1073.69, "fy": 1074.73, "cx": 638.041, "cy": 521.835}, "camera_to_world_matrix": [0.150359, -0.653001, -0.742281, -2.63966, -0.988507, -0.111161, -0.102444, 10.7807, -0.0156166, 0.749154, -0.662211, 1.51175, 0.0, 0.0, 0.0, 1.0]}, "22ed7ff5428841c4809cd3ef0ed4874b_d0_1.png": {"intrinsics": {"fx": 1073.69, "fy": 1074.73, "cx": 638.041, "cy": 521.835}, "camera_to_world_matrix": [-0.781005, -0.41092, -0.470292, -2.64491, -0.624441, 0.501568, 0.59875, 10.7671, -0.010155, 0.761297, -0.648324, 1.51148, 0.0, 0.0, 0.0, 1.0]}, "22ed7ff5428841c4809cd3ef0ed4874b_d0_2.png": {"intrinsics": {"fx": 1073.69, "fy": 1074.73, "cx": 638.041, "cy": 521.835}, "camera_to_world_matrix": [-0.931351, 0.240863, 0.273074, -2.65929, 0.364021, 0.598297, 0.713812, 10.7649, 0.00855198, 0.764215, -0.644905, 1.51141, 0.0, 0.0, 0.0, 1.0]}, "22ed7ff5428841c4809cd3ef0ed4874b_d0_3.png": {"intrinsics": {"fx": 1073.69, "fy": 1074.73, "cx": 638.041, "cy": 521.835}, "camera_to_world_matrix": [-0.15033, 0.650552, 0.744434, -2.66841, 0.988395, 0.0822962, 0.127678, 10.7762, 0.021797, 0.754989, -0.655375, 1.51161, 0.0, 0.0, 0.0, 1.0]}, "22ed7ff5428841c4809cd3ef0ed4874b_d0_4.png": {"intrinsics": {"fx": 1073.69, "fy": 1074.73, "cx": 638.041, "cy": 521.835}, "camera_to_world_matrix": [0.781019, 0.408447, 0.472418, -2.66315, 0.624292, -0.530423, -0.573506, 10.7898, 0.0163348, 0.742846, -0.669262, 1.51188, 0.0, 0.0, 0.0, 1.0]}, "22ed7ff5428841c4809cd3ef0ed4874b_d0_5.png": {"intrinsics": {"fx": 1073.69, "fy": 1074.73, "cx": 638.041, "cy": 521.835}, "camera_to_world_matrix": [0.931326, -0.24334, -0.270953, -2.64878, -0.364176, -0.627127, -0.688539, 10.792, -0.00237242, 0.739929, -0.67268, 1.51195, 0.0, 0.0, 0.0, 1.0]}, "22ed7ff5428841c4809cd3ef0ed4874b_d1_0.png": {"intrinsics": {"fx": 1076.66, "fy": 1077.13, "cx": 629.822, "cy": 529.542}, "camera_to_world_matrix": [0.153391, -0.000380958, -0.988166, -2.65063, -0.988149, -0.00592831, -0.153387, 10.7783, -0.00579984, 0.999983, -0.00128535, 1.54494, 0.0, 0.0, 0.0, 1.0]}, "22ed7ff5428841c4809cd3ef0ed4874b_d1_1.png": {"intrinsics": {"fx": 1076.66, "fy": 1077.13, "cx": 629.822, "cy": 529.542}, "camera_to_world_matrix": [-0.779023, 0.0104626, -0.626909, -2.65189, -0.626996, -0.0136305, 0.778904, 10.7751, -0.000395863, 0.999853, 0.0171789, 1.54487, 0.0, 0.0, 0.0, 1.0]}, "22ed7ff5428841c4809cd3ef0ed4874b_d1_2.png": {"intrinsics": {"fx": 1076.66, "fy": 1077.13, "cx": 629.822, "cy": 529.542}, "camera_to_world_matrix": [-0.932418, 0.00921297, 0.361266, -2.65535, 0.36092, -0.0268705, 0.93221, 10.7745, 0.0182957, 0.999597, 0.0217298, 1.54486, 0.0, 0.0, 0.0, 1.0]}, "22ed7ff5428841c4809cd3ef0ed4874b_d1_3.png": {"intrinsics": {"fx": 1076.66, "fy": 1077.13, "cx": 629.822, "cy": 529.542}, "camera_to_world_matrix": [-0.153395, -0.0028802, 0.988161, -2.65755, 0.987661, -0.032408, 0.153223, 10.7773, 0.0315828, 0.999471, 0.00781632, 1.54491, 0.0, 0.0, 0.0, 1.0]}, "22ed7ff5428841c4809cd3ef0ed4874b_d1_4.png": {"intrinsics": {"fx": 1076.66, "fy": 1077.13, "cx": 629.822, "cy": 529.542}, "camera_to_world_matrix": [0.779005, -0.0137235, 0.626868, -2.65628, 0.626471, -0.0247053, -0.779053, 10.7805, 0.0261781, 0.999601, -0.0106478, 1.54497, 0.0, 0.0, 0.0, 1.0]}, "22ed7ff5428841c4809cd3ef0ed4874b_d1_5.png": {"intrinsics": {"fx": 1076.66, "fy": 1077.13, "cx": 629.822, "cy": 529.542}, "camera_to_world_matrix": [0.932362, -0.0124733, -0.361313, -2.65282, -0.361451, -0.0114654, -0.932321, 10.7811, 0.00748641, 0.999857, -0.0151979, 1.54499, 0.0, 0.0, 0.0, 1.0]}, "22ed7ff5428841c4809cd3ef0ed4874b_d2_0.png": {"intrinsics": {"fx": 1076.75, "fy": 1076.8, "cx": 642.24, "cy": 503.207}, "camera_to_world_matrix": [0.15195, 0.659062, -0.736579, -2.63976, -0.988315, 0.0923447, -0.121255, 10.7794, -0.0118952, 0.746397, 0.665393, 1.57823, 0.0, 0.0, 0.0, 1.0]}, "22ed7ff5428841c4809cd3ef0ed4874b_d2_1.png": {"intrinsics": {"fx": 1076.75, "fy": 1076.8, "cx": 642.24, "cy": 503.207}, "camera_to_world_matrix": [-0.779984, 0.421268, -0.462771, -2.64502, -0.625764, -0.532672, 0.569806, 10.7658, -0.00646364, 0.734026, 0.679089, 1.57796, 0.0, 0.0, 0.0, 1.0]}, "22ed7ff5428841c4809cd3ef0ed4874b_d2_2.png": {"intrinsics": {"fx": 1076.75, "fy": 1076.8, "cx": 642.24, "cy": 503.207}, "camera_to_world_matrix": [-0.931928, -0.239016, 0.272728, -2.6594, 0.362435, -0.639256, 0.678227, 10.7636, 0.0122357, 0.730906, 0.682367, 1.5779, 0.0, 0.0, 0.0, 1.0]}, "22ed7ff5428841c4809cd3ef0ed4874b_d2_3.png": {"intrinsics": {"fx": 1076.75, "fy": 1076.8, "cx": 642.24, "cy": 503.207}, "camera_to_world_matrix": [-0.151934, -0.661491, 0.734402, -2.66852, 0.98806, -0.120821, 0.0955848, 10.7749, 0.0255031, 0.740157, 0.671949, 1.5781, 0.0, 0.0, 0.0, 1.0]}, "22ed7ff5428841c4809cd3ef0ed4874b_d2_4.png": {"intrinsics": {"fx": 1076.75, "fy": 1076.8, "cx": 642.24, "cy": 503.207}, "camera_to_world_matrix": [0.779986, -0.423672, 0.460567, -2.66326, 0.625473, 0.504186, -0.595466, 10.7885, 0.0200708, 0.752528, 0.658253, 1.57837, 0.0, 0.0, 0.0, 1.0]}, "22ed7ff5428841c4809cd3ef0ed4874b_d2_5.png": {"intrinsics": {"fx": 1076.75, "fy": 1076.8, "cx": 642.24, "cy": 503.207}, "camera_to_world_matrix": [0.931891, 0.236617, -0.274936, -2.64888, -0.362732, 0.610744, -0.703858, 10.7907, 0.00137128, 0.755648, 0.654975, 1.57844, 0.0, 0.0, 0.0, 1.0]}, "2b67ab047ee949538c9d5d89046d985f_d0_0.png": {"intrinsics": {"fx": 1073.69, "fy": 1074.73, "cx": 638.041, "cy": 521.835}, "camera_to_world_matrix": [-0.959485, 0.174996, 0.220826, 0.604318, 0.281415, 0.633875, 0.720421, 8.48152, -0.0139057, 0.753377, -0.657441, 1.541, 0.0, 0.0, 0.0, 1.0]}, "2b67ab047ee949538c9d5d89046d985f_d0_1.png": {"intrinsics": {"fx": 1073.69, "fy": 1074.73, "cx": 638.041, "cy": 521.835}, "camera_to_world_matrix": [-0.236043, 0.628093, 0.741472, 0.594243, 0.971734, 0.155537, 0.177592, 8.49201, -0.00378209, 0.762434, -0.647055, 1.5408, 0.0, 0.0, 0.0, 1.0]}, "2b67ab047ee949538c9d5d89046d985f_d0_2.png": {"intrinsics": {"fx": 1073.69, "fy": 1074.73, "cx": 638.041, "cy": 521.835}, "camera_to_world_matrix": [0.723395, 0.440418, 0.531724, 0.598296, 0.690307, -0.476098, -0.544798, 8.50599, 0.013214, 0.761158, -0.648432, 1.54083, 0.0, 0.0, 0.0, 1.0]}, "2b67ab047ee949538c9d5d89046d985f_d0_3.png": {"intrinsics": {"fx": 1073.69, "fy": 1074.73, "cx": 638.041, "cy": 521.835}, "camera_to_world_matrix": [0.95937, -0.200351, -0.198666, 0.612422, -0.281434, -0.629381, -0.724343, 8.50946, 0.0200861, 0.750824, -0.660196, 1.54106, 0.0, 0.0, 0.0, 1.0]}, "2b67ab047ee949538c9d5d89046d985f_d0_4.png": {"intrinsics": {"fx": 1073.69, "fy": 1074.73, "cx": 638.041, "cy": 521.835}, "camera_to_world_matrix": [0.235901, -0.65343, -0.719291, 0.622496, -0.971725, -0.151025, -0.181493, 8.49897, 0.00996201, 0.741768, -0.670582, 1.54126, 0.0, 0.0, 0.0, 1.0]}, "2b67ab047ee949538c9d5d89046d985f_d0_5.png": {"intrinsics": {"fx": 1073.69, "fy": 1074.73, "cx": 638.041, "cy": 521.835}, "camera_to_world_matrix": [-0.723526, -0.46573, -0.509514, 0.618443, -0.69026, 0.480603, 0.540889, 8.48499, -0.00703399, 0.743045, -0.669205, 1.54123, 0.0, 0.0, 0.0, 1.0]}, "2b67ab047ee949538c9d5d89046d985f_d1_0.png": {"intrinsics": {"fx": 1076.66, "fy": 1077.13, "cx": 629.822, "cy": 529.542}, "camera_to_world_matrix": [-0.960442, -0.00536322, 0.278428, 0.606835, 0.27845, -0.00374524, 0.960444, 8.49223, -0.00410841, 0.999979, 0.00509091, 1.57427, 0.0, 0.0, 0.0, 1.0]}, "2b67ab047ee949538c9d5d89046d985f_d1_1.png": {"intrinsics": {"fx": 1076.66, "fy": 1077.13, "cx": 629.822, "cy": 529.542}, "camera_to_world_matrix": [-0.239197, -0.0169253, 0.970824, 0.604412, 0.970953, -0.0103188, 0.239049, 8.49475, 0.00597165, 0.999804, 0.0189023, 1.57422, 0.0, 0.0, 0.0, 1.0]}, "2b67ab047ee949538c9d5d89046d985f_d1_2.png": {"intrinsics": {"fx": 1076.66, "fy": 1077.13, "cx": 629.822, "cy": 529.542}, "camera_to_world_matrix": [0.721034, -0.0283978, 0.692319, 0.605387, 0.69252, -0.00359132, -0.72139, 8.49811, 0.0229721, 0.999591, 0.017077, 1.57423, 0.0, 0.0, 0.0, 1.0]}, "2b67ab047ee949538c9d5d89046d985f_d1_3.png": {"intrinsics": {"fx": 1076.66, "fy": 1077.13, "cx": 629.822, "cy": 529.542}, "camera_to_world_matrix": [0.959997, -0.0283081, -0.278576, 0.608785, -0.27841, 0.0097096, -0.960413, 8.49895, 0.0298922, 0.999552, 0.00144038, 1.57428, 0.0, 0.0, 0.0, 1.0]}, "2b67ab047ee949538c9d5d8