{"0012f6dcce9645778ac459e189cf0db3_d0_0.png": {"intrinsics": {"fx": 1073.15, "fy": 1074.62, "cx": 623.605, "cy": 516.849}, "camera_to_world_matrix": [0.803749, -0.393648, -0.446126, -6.02272, -0.594842, -0.516248, -0.616158, -9.58914, 0.0122383, 0.760611, -0.649092, 1.48151, 0.0, 0.0, 0.0, 1.0]}, "0012f6dcce9645778ac459e189cf0db3_d0_1.png": {"intrinsics": {"fx": 1073.15, "fy": 1074.62, "cx": 623.605, "cy": 516.849}, "camera_to_world_matrix": [-0.113339, -0.658314, -0.744161, -6.01695, -0.99303, 0.0994134, 0.0632985, -9.60249, 0.0323093, 0.746149, -0.664994, 1.48182, 0.0, 0.0, 0.0, 1.0]}, "0012f6dcce9645778ac459e189cf0db3_d0_2.png": {"intrinsics": {"fx": 1073.15, "fy": 1074.62, "cx": 623.605, "cy": 516.849}, "camera_to_world_matrix": [-0.91705, -0.257346, -0.304617, -6.02562, -0.398065, 0.636224, 0.66088, -9.61416, 0.0237298, 0.727318, -0.68589, 1.48223, 0.0, 0.0, 0.0, 1.0]}, "0012f6dcce9645778ac459e189cf0db3_d0_3.png": {"intrinsics": {"fx": 1073.15, "fy": 1074.62, "cx": 623.605, "cy": 516.849}, "camera_to_world_matrix": [-0.803654, 0.408279, 0.432953, -6.04008, 0.595076, 0.557362, 0.578992, -9.61248, -0.00492072, 0.722949, -0.690884, 1.48233, 0.0, 0.0, 0.0, 1.0]}, "0012f6dcce9645778ac459e189cf0db3_d0_4.png": {"intrinsics": {"fx": 1073.15, "fy": 1074.62, "cx": 623.605, "cy": 516.849}, "camera_to_world_matrix": [0.11345, 0.672922, 0.730962, -6.04585, 0.993229, -0.0583094, -0.100477, -9.59913, -0.024991, 0.737411, -0.674981, 1.48201, 0.0, 0.0, 0.0, 1.0]}, "0012f6dcce9645778ac459e189cf0db3_d0_5.png": {"intrinsics": {"fx": 1073.15, "fy": 1074.62, "cx": 623.605, "cy": 516.849}, "camera_to_world_matrix": [0.917138, 0.271933, 0.291394, -6.03717, 0.398232, -0.595104, -0.698041, -9.58746, -0.0164103, 0.756242, -0.654085, 1.48161, 0.0, 0.0, 0.0, 1.0]}, "0012f6dcce9645778ac459e189cf0db3_d1_0.png": {"intrinsics": {"fx": 1071.1, "fy": 1072.07, "cx": 621.377, "cy": 516.408}, "camera_to_world_matrix": [0.8027, -0.00246104, -0.596378, -6.02898, -0.596022, 0.031508, -0.80235, -9.59708, 0.0207651, 0.999501, 0.0238253, 1.51506, 0.0, 0.0, 0.0, 1.0]}, "0012f6dcce9645778ac459e189cf0db3_d1_1.png": {"intrinsics": {"fx": 1071.1, "fy": 1072.07, "cx": 621.377, "cy": 516.408}, "camera_to_world_matrix": [-0.115048, 0.00697895, -0.993336, -6.0276, -0.992523, 0.0402602, 0.115237, -9.6003, 0.0407959, 0.999165, 0.00229554, 1.51513, 0.0, 0.0, 0.0, 1.0]}, "0012f6dcce9645778ac459e189cf0db3_d1_2.png": {"intrinsics": {"fx": 1071.1, "fy": 1072.07, "cx": 621.377, "cy": 516.408}, "camera_to_world_matrix": [-0.917627, 0.0192833, -0.396978, -6.02968, -0.396142, 0.0364615, 0.917466, -9.6031, 0.032166, 0.999149, -0.0258185, 1.51523, 0.0, 0.0, 0.0, 1.0]}, "0012f6dcce9645778ac459e189cf0db3_d1_3.png": {"intrinsics": {"fx": 1071.1, "fy": 1072.07, "cx": 621.377, "cy": 516.408}, "camera_to_world_matrix": [-0.802438, 0.0221473, 0.596325, -6.03316, 0.596726, 0.0239107, 0.80209, -9.6027, 0.00350538, 0.999469, -0.0324021, 1.51525, 0.0, 0.0, 0.0, 1.0]}, "0012f6dcce9645778ac459e189cf0db3_d1_4.png": {"intrinsics": {"fx": 1071.1, "fy": 1072.07, "cx": 621.377, "cy": 516.408}, "camera_to_world_matrix": [0.115326, 0.012707, 0.993247, -6.03455, 0.993191, 0.0151589, -0.115513, -9.59949, -0.0165246, 0.999805, -0.0108716, 1.51518, 0.0, 0.0, 0.0, 1.0]}, "0012f6dcce9645778ac459e189cf0db3_d1_5.png": {"intrinsics": {"fx": 1071.1, "fy": 1072.07, "cx": 621.377, "cy": 516.408}, "camera_to_world_matrix": [0.917881, 0.000402822, 0.396857, -6.03246, 0.396779, 0.0189581, -0.917719, -9.59668, -0.00789351, 0.999821, 0.0172421, 1.51508, 0.0, 0.0, 0.0, 1.0]}, "0012f6dcce9645778ac459e189cf0db3_d2_0.png": {"intrinsics": {"fx": 1071.71, "fy": 1072.05, "cx": 626.653, "cy": 526.271}, "camera_to_world_matrix": [0.803295, 0.400023, -0.441247, -6.02207, -0.595464, 0.554084, -0.581732, -9.5873, 0.0117821, 0.730049, 0.683292, 1.54798, 0.0, 0.0, 0.0, 1.0]}, "0012f6dcce9645778ac459e189cf0db3_d2_1.png": {"intrinsics": {"fx": 1071.71, "fy": 1072.05, "cx": 626.653, "cy": 526.271}, "camera_to_world_matrix": [-0.114097, 0.66582, -0.737337, -6.01629, -0.992959, -0.0526441, 0.106115, -9.60065, 0.0318369, 0.744253, 0.667138, 1.54829, 0.0, 0.0, 0.0, 1.0]}, "0012f6dcce9645778ac459e189cf0db3_d2_2.png": {"intrinsics": {"fx": 1071.71, "fy": 1072.05, "cx": 626.653, "cy": 526.271}, "camera_to_world_matrix": [-0.917358, 0.273156, -0.289551, -6.02497, -0.397384, -0.58597, 0.706205, -9.61232, 0.0232361, 0.762906, 0.646091, 1.5487, 0.0, 0.0, 0.0, 1.0]}, "0012f6dcce9645778ac459e189cf0db3_d2_3.png": {"intrinsics": {"fx": 1071.71, "fy": 1072.05, "cx": 626.653, "cy": 526.271}, "camera_to_world_matrix": [-0.803209, -0.385297, 0.454314, -6.03942, 0.595672, -0.512555, 0.618435, -9.61064, -0.00541949, 0.767355, 0.641199, 1.5488, 0.0, 0.0, 0.0, 1.0]}, "0012f6dcce9645778ac459e189cf0db3_d2_4.png": {"intrinsics": {"fx": 1071.71, "fy": 1072.05, "cx": 626.653, "cy": 526.271}, "camera_to_world_matrix": [0.114198, -0.65107, 0.750377, -6.0452, 0.993131, 0.0941837, -0.0694237, -9.59729, -0.0254735, 0.753151, 0.657353, 1.54849, 0.0, 0.0, 0.0, 1.0]}, "0012f6dcce9645778ac459e189cf0db3_d2_5.png": {"intrinsics": {"fx": 1071.71, "fy": 1072.05, "cx": 626.653, "cy": 526.271}, "camera_to_world_matrix": [0.917436, -0.258385, 0.302568, -6.03652, 0.397525, 0.627494, -0.669496, -9.58562, -0.0168715, 0.734498, 0.678399, 1.54808, 0.0, 0.0, 0.0, 1.0]}, "01b11b701b5240a48be2a86171daa245_d0_0.png": {"intrinsics": {"fx": 1073.15, "fy": 1074.62, "cx": 623.605, "cy": 516.849}, "camera_to_world_matrix": [-0.938987, -0.226895, -0.258498, -4.58111, -0.343913, 0.63054, 0.695803, 3.57156, 0.00511919, 0.742251, -0.670102, 1.50346, 0.0, 0.0, 0.0, 1.0]}, "01b11b701b5240a48be2a86171daa245_d0_1.png": {"intrinsics": {"fx": 1073.15, "fy": 1074.62, "cx": 623.605, "cy": 516.849}, "camera_to_world_matrix": [-0.767321, 0.432978, 0.47302, -4.59544, 0.641246, 0.512798, 0.570825, 3.57408, 0.00459089, 0.741329, -0.671126, 1.50348, 0.0, 0.0, 0.0, 1.0]}, "01b11b701b5240a48be2a86171daa245_d0_2.png": {"intrinsics": {"fx": 1073.15, "fy": 1074.62, "cx": 623.605, "cy": 516.849}, "camera_to_world_matrix": [0.171689, 0.660938, 0.730536, -4.60042, 0.985146, -0.117544, -0.125182, 3.58775, 0.00313258, 0.741177, -0.671302, 1.50348, 0.0, 0.0, 0.0, 1.0]}, "01b11b701b5240a48be2a86171daa245_d0_3.png": {"intrinsics": {"fx": 1073.15, "fy": 1074.62, "cx": 623.605, "cy": 516.849}, "camera_to_world_matrix": [0.939011, 0.229021, 0.256528, -4.59107, 0.343878, -0.630128, -0.696194, 3.5989, 0.00220259, 0.741949, -0.670453, 1.50347, 0.0, 0.0, 0.0, 1.0]}, "01b11b701b5240a48be2a86171daa245_d0_4.png": {"intrinsics": {"fx": 1073.15, "fy": 1074.62, "cx": 623.605, "cy": 516.849}, "camera_to_world_matrix": [0.767307, -0.430847, -0.474985, -4.57674, -0.641274, -0.51236, -0.571187, 3.59638, 0.00273094, 0.742871, -0.669429, 1.50345, 0.0, 0.0, 0.0, 1.0]}, "01b11b701b5240a48be2a86171daa245_d0_5.png": {"intrinsics": {"fx": 1073.15, "fy": 1074.62, "cx": 623.605, "cy": 516.849}, "camera_to_world_matrix": [-0.171717, -0.658783, -0.732474, -4.57176, -0.985137, 0.117991, 0.12483, 3.58271, 0.00418926, 0.743023, -0.669253, 1.50344, 0.0, 0.0, 0.0, 1.0]}, "01b11b701b5240a48be2a86171daa245_d1_0.png": {"intrinsics": {"fx": 1071.1, "fy": 1072.07, "cx": 621.377, "cy": 516.408}, "camera_to_world_matrix": [-0.939534, 0.0113885, -0.342267, -4.58484, -0.342186, 0.00847089, 0.939594, 3.58195, 0.0135997, 0.999899, -0.00406108, 1.53671, 0.0, 0.0, 0.0, 1.0]}, "01b11b701b5240a48be2a86171daa245_d1_1.png": {"intrinsics": {"fx": 1071.1, "fy": 1072.07, "cx": 621.377, "cy": 516.408}, "camera_to_world_matrix": [-0.766095, 0.013509, 0.642586, -4.58829, 0.642595, -0.00423069, 0.766195, 3.58256, 0.0130689, 0.9999, -0.00543905, 1.53672, 0.0, 0.0, 0.0, 1.0]}, "01b11b701b5240a48be2a86171daa245_d1_2.png": {"intrinsics": {"fx": 1071.1, "fy": 1072.07, "cx": 621.377, "cy": 516.408}, "camera_to_world_matrix": [0.173474, 0.00356923, 0.984832, -4.58949, 0.984771, -0.0124178, -0.173418, 3.58585, 0.0116103, 0.999917, -0.0056684, 1.53672, 0.0, 0.0, 0.0, 1.0]}, "01b11b701b5240a48be2a86171daa245_d1_3.png": {"intrinsics": {"fx": 1071.1, "fy": 1072.07, "cx": 621.377, "cy": 516.408}, "camera_to_world_matrix": [0.939583, -0.00849078, 0.342218, -4.58724, 0.342156, -0.00790306, -0.93961, 3.58853, 0.0106824, 0.999933, -0.00451977, 1.53671, 0.0, 0.0, 0.0, 1.0]}, "01b11b701b5240a48be2a86171daa245_d1_4.png": {"intrinsics": {"fx": 1071.1, "fy": 1072.07, "cx": 621.377, "cy": 516.408}, "camera_to_world_matrix": [0.766105, -0.0106108, -0.642628, -4.58379, -0.642619, 0.0047986, -0.766172, 3.58792, 0.0112132, 0.999933, -0.00314182, 1.53671, 0.0, 0.0, 0.0, 1.0]}, "01b11b701b5240a48be2a86171daa245_d1_5.png": {"intrinsics": {"fx": 1071.1, "fy": 1072.07, "cx": 621.377, "cy": 516.408}, "camera_to_world_matrix": [-0.173478, -0.00067073, -0.984838, -4.58259, -0.984757, 0.0129853, 0.173454, 3.58463, 0.0126719, 0.999916, -0.00291253, 1.53671, 0.0, 0.0, 0.0, 1.0]}, "01b11b701b5240a48be2a86171daa245_d2_0.png": {"intrinsics": {"fx": 1071.71, "fy": 1072.05, "cx": 626.653, "cy": 526.271}, "camera_to_world_matrix": [-0.939249, 0.23071, -0.25413, -4.58101, -0.343202, -0.621263, 0.704446, 3.57158, 0.00464171, 0.748869, 0.662701, 1.56996, 0.0, 0.0, 0.0, 1.0]}, "01b11b701b5240a48be2a86171daa245_d2_1.png": {"intrinsics": {"fx": 1071.71, "fy": 1072.05, "cx": 626.653, "cy": 526.271}, "camera_to_world_matrix": [-0.766837, -0.422322, 0.483327, -4.59534, 0.641828, -0.509381, 0.573225, 3.5741, 0.00411235, 0.749784, 0.661669, 1.56998, 0.0, 0.0, 0.0, 1.0]}, "01b11b701b5240a48be2a86171daa245_d2_2.png": {"intrinsics": {"fx": 1071.71, "fy": 1072.05, "cx": 626.653, "cy": 526.271}, "camera_to_world_matrix": [0.172434, -0.651937, 0.738406, -4.60032, 0.985017, 0.112106, -0.131046, 3.58777, 0.00265388, 0.74994, 0.661499, 1.56998, 0.0, 0.0, 0.0, 1.0]}, "01b11b701b5240a48be2a86171daa245_d2_3.png": {"intrinsics": {"fx": 1071.71, "fy": 1072.05, "cx": 626.653, "cy": 526.271}, "camera_to_world_matrix": [0.939272, -0.228515, 0.256023, -4.59097, 0.343167, 0.621697, -0.70408, 3.59892, 0.00172475, 0.749182, 0.662361, 1.56997, 0.0, 0.0, 0.0, 1.0]}, "01b11b701b5240a48be2a86171daa245_d2_4.png": {"intrinsics": {"fx": 1071.71, "fy": 1072.05, "cx": 626.653, "cy": 526.271}, "camera_to_world_matrix": [0.766821, 0.424512, -0.48143, -4.57664, -0.641856, 0.509789, -0.57283, 3.5964, 0.00225413, 0.748267, 0.663392, 1.56995, 0.0, 0.0, 0.0, 1.0]}, "01b11b701b5240a48be2a86171daa245_d2_5.png": {"intrinsics": {"fx": 1071.71, "fy": 1072.05, "cx": 626.653, "cy": 526.271}, "camera_to_world_matrix": [-0.172464, 0.654103, -0.736481, -4.57166, -0.985008, -0.111707, 0.131451, 3.58272, 0.00371264, 0.748111, 0.663562, 1.56994, 0.0, 0.0, 0.0, 1.0]}, "01e5a0b727374a4d9c8d51891d8dfadf_d0_0.png": {"intrinsics": {"fx": 1073.15, "fy": 1074.62, "cx": 623.605, "cy": 516.849}, "camera_to_world_matrix": [0.972855, 0.146028, 0.179521, -6.06184, 0.231074, -0.65497, -0.719457, -10.7694, 0.0125205, 0.74141, -0.670935, -1.87566, 0.0, 0.0, 0.0, 1.0]}, "01e5a0b727374a4d9c8d51891d8dfadf_d0_1.png": {"intrinsics": {"fx": 1073.15, "fy": 1074.62, "cx": 623.605, "cy": 516.849}, "camera_to_world_matrix": [0.686543, -0.495399, -0.532201, -6.04791, -0.727052, -0.460434, -0.509308, -10.7736, 0.00726774, 0.7366, -0.676289, -1.87556, 0.0, 0.0, 0.0, 1.0]}, "01e5a0b727374a4d9c8d51891d8dfadf_d0_2.png": {"intrinsics": {"fx": 1073.15, "fy": 1074.62, "cx": 623.605, "cy": 516.849}, "camera_to_world_matrix": [-0.286358, -0.64765, -0.706079, -6.04457, -0.958121, 0.192341, 0.212152, -10.7878, -0.00159207, 0.737261, -0.675606, -1.87557, 0.0, 0.0, 0.0, 1.0]}, "01e5a0b727374a4d9c8d51891d8dfadf_d0_3.png": {"intrinsics": {"fx": 1073.15, "fy": 1074.62, "cx": 623.605, "cy": 516.849}, "camera_to_world_matrix": [-0.972926, -0.15847, -0.168232, -6.05517, -0.231058, 0.650565, 0.723448, -10.7978, -0.00519895, 0.742732, -0.669568, -1.87569, 0.0, 0.0, 0.0, 1.0]}, "01e5a0b727374a4d9c8d51891d8dfadf_d0_4.png": {"intrinsics": {"fx": 1073.15, "fy": 1074.62, "cx": 623.605, "cy": 516.849}, "camera_to_world_matrix": [-0.686576, 0.482949, 0.543482, -6.0691, 0.727057, 0.456004, 0.513271, -10.7936, 5.40814e-05, 0.747543, -0.664214, -1.8758, 0.0, 0.0, 0.0, 1.0]}, "01e5a0b727374a4d9c8d51891d8dfadf_d0_5.png": {"intrinsics": {"fx": 1073.15, "fy": 1074.62, "cx": 623.605, "cy": 516.849}, "camera_to_world_matrix": [0.286334, 0.635174, 0.717332, -6.07244, 0.958088, -0.196777, -0.208196, -10.7794, 0.00891385, 0.746881, -0.664897, -1.87578, 0.0, 0.0, 0.0, 1.0]}, "01e5a0b727374a4d9c8d51891d8dfadf_d1_0.png": {"intrinsics": {"fx": 1071.1, "fy": 1072.07, "cx": 621.377, "cy": 516.408}, "camera_to_world_matrix": [0.973137, -0.0192326, 0.229426, -6.05959, 0.229271, -0.00993286, -0.973312, -10.7803, 0.020998, 0.999766, -0.00525593, -1.84243, 0.0, 0.0, 0.0, 1.0]}, "01e5a0b727374a4d9c8d51891d8dfadf_d1_1.png": {"intrinsics": {"fx": 1071.1, "fy": 1072.07, "cx": 621.377, "cy": 516.408}, "camera_to_world_matrix": [0.685108, -0.0198448, -0.728171, -6.05624, -0.728272, 0.0029299, -0.685283, -10.7813, 0.0157326, 0.999799, -0.0124444, -1.8424, 0.0, 0.0, 0.0, 1.0]}, "01e5a0b727374a4d9c8d51891d8dfadf_d1_2.png": {"intrinsics": {"fx": 1071.1, "fy": 1072.07, "cx": 621.377, "cy": 516.408}, "camera_to_world_matrix": [-0.288146, -0.00901162, -0.957545, -6.05543, -0.957563, 0.00989104, 0.288058, -10.7847, 0.00687505, 0.999911, -0.0114786, -1.8424, 0.0, 0.0, 0.0, 1.0]}, "01e5a0b727374a4d9c8d51891d8dfadf_d1_3.png": {"intrinsics": {"fx": 1071.1, "fy": 1072.07, "cx": 621.377, "cy": 516.408}, "camera_to_world_matrix": [-0.97335, 0.00243344, -0.229316, -6.05798, -0.229305, 0.00398925, 0.973347, -10.7871, 0.00328319, 0.99999, -0.0033243, -1.84243, 0.0, 0.0, 0.0, 1.0]}, "01e5a0b727374a4d9c8d51891d8dfadf_d1_4.png": {"intrinsics": {"fx": 1071.1, "fy": 1072.07, "cx": 621.377, "cy": 516.408}, "camera_to_world_matrix": [-0.685284, 0.0030451, 0.72827, -6.06133, 0.728227, -0.00887355, 0.68528, -10.7861, 0.0085489, 0.999956, 0.003864, -1.84246, 0.0, 0.0, 0.0, 1.0]}, "01e5a0b727374a4d9c8d51891d8dfadf_d1_5.png": {"intrinsics": {"fx": 1071.1, "fy": 1072.07, "cx": 621.377, "cy": 516.408}, "camera_to_world_matrix": [0.28798, -0.00778831, 0.957605, -6.06214, 0.957479, -0.0158343, -0.28807, -10.7827, 0.0174064, 0.999845, 0.00289783, -1.84245, 0.0, 0.0, 0.0, 1.0]}, "01e5a0b727374a4d9c8d51891d8dfadf_d2_0.png": {"intrinsics": {"fx": 1071.71, "fy": 1072.05, "cx": 626.653, "cy": 526.271}, "camera_to_world_matrix": [0.973035, -0.161238, 0.164934, -6.0624, 0.230339, 0.641941, -0.731338, -10.7696, 0.0120421, 0.749609, 0.66177, -1.80917, 0.0, 0.0, 0.0, 1.0]}, "01e5a0b727374a4d9c8d51891d8dfadf_d2_1.png": {"intrinsics": {"fx": 1071.71, "fy": 1072.05, "cx": 626.653, "cy": 526.271}, "camera_to_world_matrix": [0.685997, 0.474085, -0.551952, -6.04847, -0.727572, 0.454028, -0.514292, -10.7738, 0.00678392, 0.754388, 0.656393, -1.80906, 0.0, 0.0, 0.0, 1.0]}, "01e5a0b727374a4d9c8d51891d8dfadf_d2_2.png": {"intrinsics": {"fx": 1071.71, "fy": 1072.05, "cx": 626.653, "cy": 526.271}, "camera_to_world_matrix": [-0.28708, 0.62902, -0.722439, -6.04513, -0.957904, -0.190148, 0.215089, -10.788, -0.00207517, 0.753775, 0.657128, -1.80908, 0.0, 0.0, 0.0, 1.0]}, "01e5a0b727374a4d9c8d51891d8dfadf_d2_3.png": {"intrinsics": {"fx": 1071.71, "fy": 1072.05, "cx": 626.653, "cy": 526.271}, "camera_to_world_matrix": [-0.973098, 0.148629, -0.176036, -6.05573, -0.23032, -0.646399, 0.727407, -10.798, -0.00567588, 0.748383, 0.663241, -1.80919, 0.0, 0.0, 0.0, 1.0]}, "01e5a0b727374a4d9c8d51891d8dfadf_d2_4.png": {"intrinsics": {"fx": 1071.71, "fy": 1072.05, "cx": 626.653, "cy": 526.271}, "camera_to_world_matrix": [-0.686022, -0.486687, 0.540841, -6.06966, 0.727579, -0.458462, 0.510333, -10.7938, -0.000417406, 0.743605, 0.668618, -1.8093, 0.0, 0.0, 0.0, 1.0]}, "01e5a0b727374a4d9c8d51891d8dfadf_d2_5.png": {"intrinsics": {"fx": 1071.71, "fy": 1072.05, "cx": 626.653, "cy": 526.271}, "camera_to_world_matrix": [0.287064, -0.641597, 0.711299, -6.073, 0.957873, 0.185721, -0.219055, -10.7796, 0.00844167, 0.744218, 0.667882, -1.80929, 0.0, 0.0, 0.0, 1.0]}, "0226db0c3fd24410bbf3db5e6d4b24fe_d0_0.png": {"intrinsics": {"fx": 1073.15, "fy": 1074.62, "cx": 623.605, "cy": 516.849}, "camera_to_world_matrix": [-0.947162, -0.207598, -0.244513, -3.58777, -0.320545, 0.640181, 0.698154, 0.61202, 0.0115976, 0.739642, -0.6729, 1.4855, 0.0, 0.0, 0.0, 1.0]}, "0226db0c3fd24410bbf3db5e6d4b24fe_d0_1.png": {"intrinsics": {"fx": 1073.15, "fy": 1074.62, "cx": 623.605, "cy": 516.849}, "camera_to_world_matrix": [-0.75121, 0.449151, 0.48368, -3.60203, 0.660047, 0.506148, 0.555114, 0.614897, 0.00451694, 0.736259, -0.676685, 1.48558, 0.0, 0.0, 0.0, 1.0]}, "0226db0c3fd24410bbf3db5e6d4b24fe_d0_2.png": {"intrinsics": {"fx": 1073.15, "fy": 1074.62, "cx": 623.605, "cy": 516.849}, "camera_to_world_matrix": [0.195992, 0.661463, 0.723915, -3.60667, 0.980599, -0.12963, -0.147039, 0.628687, -0.0034199, 0.738689, -0.674037, 1.48552, 0.0, 0.0, 0.0, 1.0]}, "0226db0c3fd24410bbf3db5e6d4b24fe_d0_3.png": {"intrinsics": {"fx": 1073.15, "fy": 1074.62, "cx": 623.605, "cy": 516.849}, "camera_to_world_matrix": [0.947221, 0.217021, 0.235952, -3.59705, 0.320552, -0.631361, -0.706137, 0.6396, -0.00427592, 0.744503, -0.667605, 1.4854, 0.0, 0.0, 0.0, 1.0]}, "0226db0c3fd24410bbf3db5e6d4b24fe_d0_4.png": {"intrinsics": {"fx": 1073.15, "fy": 1074.62, "cx": 623.605, "cy": 516.849}, "camera_to_world_matrix": [0.751231, -0.439723, -0.492235, -3.58279, -0.660033, -0.497302, -0.563069, 0.636723, 0.00280492, 0.747887, -0.663821, 1.48532, 0.0, 0.0, 0.0, 1.0]}, "0226db0c3fd24410bbf3db5e6d4b24fe_d0_5.png": {"intrinsics": {"fx": 1073.15, "fy": 1074.62, "cx": 623.605, "cy": 516.849}, "camera_to_world_matrix": [-0.195984, -0.65201, -0.732443, -3.57815, -0.980548, 0.138485, 0.139094, 0.622932, 0.0107416, 0.745456, -0.666468, 1.48538, 0.0, 0.0, 0.0, 1.0]}, "0226db0c3fd24410bbf3db5e6d4b24fe_d1_0.png": {"intrinsics": {"fx": 1071.1, "fy": 1072.07, "cx": 621.377, "cy": 516.408}, "camera_to_world_matrix": [-0.947625, 0.0165039, -0.318962, -3.59108, -0.318757, 0.0138865, 0.947735, 0.622691, 0.0200704, 0.999768, -0.00789782, 1.51871, 0.0, 0.0, 0.0, 1.0]}, "0226db0c3fd24410bbf3db5e6d4b24fe_d1_1.png": {"intrinsics": {"fx": 1071.1, "fy": 1072.07, "cx": 621.377, "cy": 516.408}, "camera_to_world_matrix": [-0.74991, 0.0183099, 0.661288, -3.59451, 0.661414, 0.00113655, 0.750021, 0.623383, 0.012981, 0.999832, -0.0129621, 1.51873, 0.0, 0.0, 0.0, 1.0]}, "0226db0c3fd24410bbf3db5e6d4b24fe_d1_2.png": {"intrinsics": {"fx": 1071.1, "fy": 1072.07, "cx": 621.377, "cy": 516.408}, "camera_to_world_matrix": [0.197809, 0.00817105, 0.980207, -3.59563, 0.980228, -0.0068019, -0.197757, 0.6267, 0.0050512, 0.999944, -0.00935434, 1.51872, 0.0, 0.0, 0.0, 1.0]}, "0226db0c3fd24410bbf3db5e6d4b24fe_d1_3.png": {"intrinsics": {"fx": 1071.1, "fy": 1072.07, "cx": 621.377, "cy": 516.408}, "camera_to_world_matrix": [0.947792, -0.0037735, 0.31887, -3.59331, 0.318864, -0.00199024, -0.947799, 0.629325, 0.00421095, 0.999991, -0.000682467, 1.51869, 0.0, 0.0, 0.0, 1.0]}, "0226db0c3fd24410bbf3db5e6d4b24fe_d1_4.png": {"intrinsics": {"fx": 1071.1, "fy": 1072.07, "cx": 621.377, "cy": 516.408}, "camera_to_world_matrix": [0.750038, -0.00557898, -0.661371, -3.58988, -0.661299, 0.0107598, -0.750046, 0.628633, 0.0113005, 0.999927, 0.0043815, 1.51867, 0.0, 0.0, 0.0, 1.0]}, "0226db0c3fd24410bbf3db5e6d4b24fe_d1_5.png": {"intrinsics": {"fx": 1071.1, "fy": 1072.07, "cx": 621.377, "cy": 516.408}, "camera_to_world_matrix": [-0.197693, 0.00456013, -0.980254, -3.58877, -0.980076, 0.0186978, 0.197744, 0.625316, 0.0192302, 0.999815, 0.000773468, 1.51868, 0.0, 0.0, 0.0, 1.0]}, "0226db0c3fd24410bbf3db5e6d4b24fe_d2_0.png": {"intrinsics": {"fx": 1071.71, "fy": 1072.05, "cx": 626.653, "cy": 526.271}, "camera_to_world_matrix": [-0.947409, 0.218963, -0.233389, -3.58735, -0.319831, -0.622501, 0.714283, 0.612416, 0.0111172, 0.751364, 0.659793, 1.552, 0.0, 0.0, 0.0, 1.0]}, "0226db0c3fd24410bbf3db5e6d4b24fe_d2_1.png": {"intrinsics": {"fx": 1071.71, "fy": 1072.05, "cx": 626.653, "cy": 526.271}, "camera_to_world_matrix": [-0.750714, -0.431092, 0.500587, -3.60161, 0.660614, -0.494495, 0.564856, 0.615292, 0.00403271, 0.754741, 0.65601, 1.55207, 0.0, 0.0, 0.0, 1.0]}, "0226db0c3fd24410bbf3db5e6d4b24fe_d2_2.png": {"intrinsics": {"fx": 1071.71, "fy": 1072.05, "cx": 626.653, "cy": 526.271}, "camera_to_world_matrix": [0.196732, -0.645278, 0.738182, -3.60625, 0.980449, 0.132472, -0.145499, 0.629083, -0.00390139, 0.752375, 0.658723, 1.55202, 0.0, 0.0, 0.0, 1.0]}, "0226db0c3fd24410bbf3db5e6d4b24fe_d2_3.png": {"intrinsics": {"fx": 1071.71, "fy": 1072.05, "cx": 626.653, "cy": 526.271}, "camera_to_world_matrix": [0.947462, -0.209402, 0.241796, -3.59663, 0.319832, 0.63142, -0.706411, 0.639996, -0.00475085, 0.746632, 0.665219, 1.55189, 0.0, 0.0, 0.0, 1.0]}, "0226db0c3fd24410bbf3db5e6d4b24fe_d2_4.png": {"intrinsics": {"fx": 1071.71, "fy": 1072.05, "cx": 626.653, "cy": 526.271}, "camera_to_world_matrix": [0.750729, 0.440648, -0.492174, -3.58236, -0.660605, 0.503389, -0.556955, 0.637119, 0.00233383, 0.743255, 0.669003, 1.55182, 0.0, 0.0, 0.0, 1.0]}, "0226db0c3fd24410bbf3db5e6d4b24fe_d2_5.png": {"intrinsics": {"fx": 1071.71, "fy": 1072.05, "cx": 626.653, "cy": 526.271}, "camera_to_world_matrix": [-0.19673, 0.654809, -0.729741, -3.57772, -0.980403, -0.123587, 0.15341, 0.623328, 0.0102678, 0.745621, 0.66629, 1.55187, 0.0, 0.0, 0.0, 1.0]}, "04ce734b190f45f9a8c14331faa1479e_d0_0.png": {"intrinsics": {"fx": 1073.15, "fy": 1074.62, "cx": 623.605, "cy": 516.849}, "camera_to_world_matrix": [0.742224, -0.454853, -0.492151, 0.251317, -0.670129, -0.497668, -0.550684, -9.07396, 0.00555245, 0.738535, -0.674192, 4.24647, 0.0, 0.0, 0.0, 1.0]}, "04ce734b190f45f9a8c14331faa1479e_d0_1.png": {"intrinsics": {"fx": 1073.15, "fy": 1074.62, "cx": 623.605, "cy": 516.849}, "camera_to_world_matrix": [-0.209237, -0.658546, -0.722867, 0.25577, -0.977864, 0.140927, 0.154659, -9.08781, 2.17105e-05, 0.739227, -0.673456, 4.24646, 0.0, 0.0, 0.0, 1.0]}, "04ce734b190f45f9a8c14331faa1479e_d0_2.png": {"intrinsics": {"fx": 1073.15, "fy": 1074.62, "cx": 623.605, "cy": 516.849}, "camera_to_world_matrix": [-0.951474, -0.207353, -0.227381, 0.246001, -0.307724, 0.636617, 0.707124, -9.09859, -0.00186982, 0.74278, -0.669532, 4.24638, 0.0, 0.0, 0.0, 1.0]}, "04ce734b190f45f9a8c14331faa1479e_d0_3.png": {"intrinsics": {"fx": 1073.15, "fy": 1074.62, "cx": 623.605, "cy": 516.849}, "camera_to_world_matrix": [-0.742234, 0.447523, 0.498811, 0.231778, 0.670138, 0.4937, 0.554233, -9.09552, 0.00176943, 0.745643, -0.666343, 4.24632, 0.0, 0.0, 0.0, 1.0]}, "04ce734b190f45f9a8c14331faa1479e_d0_4.png": {"intrinsics": {"fx": 1073.15, "fy": 1074.62, "cx": 623.605, "cy": 516.849}, "camera_to_world_matrix": [0.209239, 0.651191, 0.729499, 0.227325, 0.977837, -0.144904, -0.151119, -9.08167, 0.00730014, 0.744951, -0.667079, 4.24633, 0.0, 0.0, 0.0, 1.0]}, "04ce734b190f45f9a8c14331faa1479e_d0_5.png": {"intrinsics": {"fx": 1073.15, "fy": 1074.62, "cx": 623.605, "cy": 516.849}, "camera_to_world_matrix": [0.951449, 0.199978, 0.233991, 0.237095, 0.307667, -0.640576, -0.703564, -9.07089, 0.00919145, 0.741397, -0.671003, 4.24641, 0.0, 0.0, 0.0, 1.0]}, "04ce734b190f45f9a8c14331faa1479e_d1_0.png": {"intrinsics": {"fx": 1071.1, "fy": 1072.07, "cx": 621.377, "cy": 516.408}, "camera_to_world_matrix": [0.740917, -0.0168298, -0.671386, 0.243733, -0.671451, 0.00231052, -0.741046, -9.08223, 0.0140227, 0.999856, -0.00958787, 4.27966, 0.0, 0.0, 0.0, 1.0]}, "04ce734b190f45f9a8c14331faa1479e_d1_1.png": {"intrinsics": {"fx": 1071.1, "fy": 1072.07, "cx": 621.377, "cy": 516.408}, "camera_to_world_matrix": [-0.211036, -0.00658449, -0.977457, 0.244804, -0.977442, 0.0101114, 0.210965, -9.08557, 0.00849421, 0.999928, -0.00856919, 4.27966, 0.0, 0.0, 0.0, 1.0]}, "04ce734b190f45f9a8c14331faa1479e_d1_2.png": {"intrinsics": {"fx": 1071.1, "fy": 1072.07, "cx": 621.377, "cy": 516.408}, "camera_to_world_matrix": [-0.952009, 0.00529398, -0.306027, 0.242454, -0.306002, 0.00513884, 0.952017, -9.08816, 0.0066124, 0.999973, -0.00327162, 4.27964, 0.0, 0.0, 0.0, 1.0]}, "04ce734b190f45f9a8c14331faa1479e_d1_3.png": {"intrinsics": {"fx": 1071.1, "fy": 1072.07, "cx": 621.377, "cy": 516.408}, "camera_to_world_matrix": [-0.741012, 0.00692682, 0.671457, 0.239033, 0.671415, -0.00763456, 0.741043, -9.08742, 0.0102592, 0.999947, 0.00100716, 4.27963, 0.0, 0.0, 0.0, 1.0]}, "04ce734b190f45f9a8c14331faa1479e_d1_4.png": {"intrinsics": {"fx": 1071.1, "fy": 1072.07, "cx": 621.377, "cy": 516.408}, "camera_to_world_matrix": [0.210954, -0.00331884, 0.977491, 0.237962, 0.977369, -0.0154351, -0.21098, -9.08409, 0.0157877, 0.999876, -1.17328e-05, 4.27963, 0.0, 0.0, 0.0, 1.0]}, "04ce734b190f45f9a8c14331faa1479e_d1_5.png": {"intrinsics": {"fx": 1071.1, "fy": 1072.07, "cx": 621.377, "cy": 516.408}, "camera_to_world_matrix": [0.951901, -0.0151971, 0.306032, 0.240312, 0.3059, -0.010462, -0.952007, -9.0815, 0.0176693, 0.99983, -0.00530938, 4.27965, 0.0, 0.0, 0.0, 1.0]}, "04ce734b190f45f9a8c14331faa1479e_d2_0.png": {"intrinsics": {"fx": 1071.71, "fy": 1072.05, "cx": 626.653, "cy": 526.271}, "camera_to_world_matrix": [0.741719, 0.438866, -0.507197, 0.250987, -0.67069, 0.491032, -0.555932, -9.07413, 0.00507079, 0.752518, 0.65855, 4.31297, 0.0, 0.0, 0.0, 1.0]}, "04ce734b190f45f9a8c14331faa1479e_d2_1.png": {"intrinsics": {"fx": 1071.71, "fy": 1072.05, "cx": 626.653, "cy": 526.271}, "camera_to_world_matrix": [-0.209975, 0.644551, -0.735162, 0.255441, -0.977706, -0.138779, 0.157576, -9.08799, -0.000459205, 0.75186, 0.659321, 4.31296, 0.0, 0.0, 0.0, 1.0]}, "04ce734b190f45f9a8c14331faa1479e_d2_2.png": {"intrinsics": {"fx": 1071.71, "fy": 1072.05, "cx": 626.653, "cy": 526.271}, "camera_to_world_matrix": [-0.951705, 0.201962, -0.23123, 0.245671, -0.307002, -0.631802, 0.711741, -9.09877, -0.00234671, 0.748356, 0.663292, 4.31288, 0.0, 0.0, 0.0, 1.0]}, "04ce734b190f45f9a8c14331faa1479e_d2_3.png": {"intrinsics": {"fx": 1071.71, "fy": 1072.05, "cx": 626.653, "cy": 526.271}, "camera_to_world_matrix": [-0.741724, -0.446303, 0.500657, 0.231449, 0.670702, -0.495003, 0.552385, -9.0957, 0.00129579, 0.74551, 0.666492, 4.31282, 0.0, 0.0, 0.0, 1.0]}, "04ce734b190f45f9a8c14331faa1479e_d2_4.png": {"intrinsics": {"fx": 1071.71, "fy": 1072.05, "cx": 626.653, "cy": 526.271}, "camera_to_world_matrix": [0.209982, -0.651964, 0.728595, 0.226996, 0.977681, 0.134817, -0.161132, -9.08185, 0.00682572, 0.746168, 0.665721, 4.31283, 0.0, 0.0, 0.0, 1.0]}, "04ce734b190f45f9a8c14331faa1479e_d2_5.png": {"intrinsics": {"fx": 1071.71, "fy": 1072.05, "cx": 626.653, "cy": 526.271}, "camera_to_world_matrix": [0.951686, -0.209355, 0.22464, 0.236766, 0.306948, 0.627822, -0.715277, -9.07106, 0.00871304, 0.749673, 0.66175, 4.31291, 0.0, 0.0, 0.0, 1.0]}, "0582a7daf9aa47f9a2d42896d70319d2_d0_0.png": {"intrinsics": {"fx": 1073.15, "fy": 1074.62, "cx": 623.605, "cy": 516.849}, "camera_to_world_matrix": [0.825825, 0.381946, 0.414886, -5.91554, 0.563925, -0.560926, -0.606094, 2.63068, 0.00122527, 0.734492, -0.678616, 1.5385, 0.0, 0.0, 0.0, 1.0]}, "0582a7daf9aa47f9a2d42896d70319d2_d0_1.png": {"intrinsics": {"fx": 1073.15, "fy": 1074.62, "cx": 623.605, "cy": 516.849}, "camera_to_world_matrix": [0.901271, -0.286615, -0.324902, -5.90103, -0.433192, -0.608832, -0.66458, 2.63175, -0.0073318, 0.739712, -0.672883, 1.53839, 0.0, 0.0, 0.0, 1.0]}, "0582a7daf9aa47f9a2d42896d70319d2_d0_2.png": {"intrinsics": {"fx": 1073.15, "fy": 1074.62, "cx": 623.605, "cy": 516.849}, "camera_to_world_matrix": [0.0754571, -0.662338, -0.745395, -5.89285, -0.997137, -0.0537909, -0.0531439, 2.61972, -0.00489617, 0.747271, -0.664501, 1.53822, 0.0, 0.0, 0.0, 1.0]}, "0582a7daf9aa47f9a2d42896d70319d2_d0_3.png": {"intrinsics": {"fx": 1073.15, "fy": 1074.62, "cx": 623.605, "cy": 516.849}, "camera_to_world_matrix": [-0.825785, -0.369492, -0.426092, -5.89918, -0.563951, 0.549145, 0.616765, 2.60662, 0.00609648, 0.74961, -0.661851, 1.53817, 0.0, 0.0, 0.0, 1.0]}, "0582a7daf9aa47f9a2d42896d70319d2_d0_4.png": {"intrinsics": {"fx": 1073.15, "fy": 1074.62, "cx": 623.605, "cy": 516.849}, "camera_to_world_matrix": [-0.901193, 0.299071, 0.313699, -5.91369, 0.433169, 0.597026, 0.675222, 2.60555, 0.0146532, 0.74439, -0.667584, 1.53829, 0.0, 0.0, 0.0, 1.0]}, "0582a7daf9aa47f9a2d42896d70319d2_d0_5.png": {"intrinsics": {"fx": 1073.15, "fy": 1074.62, "cx": 623.605, "cy": 516.849}, "camera_to_world_matrix": [-0.0753567, 0.674772, 0.734169, -5.92187, 0.997082, 0.0419691, 0.0637689, 2.61758, 0.0122172, 0.736831, -0.675966, 1.53845, 0.0, 0.0, 0.0, 1.0]}, "0582a7daf9aa47f9a2d42896d70319d2_d1_0.png": {"intrinsics": {"fx": 1071.1, "fy": 1072.07, "cx": 621.377, "cy": 516.408}, "camera_to_world_matrix": [0.826862, 0.000750726, 0.562406, -5.90905, 0.562324, -0.0183238, -0.826715, 2.62128, 0.00968457, 0.999832, -0.0155727, 1.57162, 0.0, 0.0, 0.0, 1.0]}, "0582a7daf9aa47f9a2d42896d70319d2_d1_1.png": {"intrinsics": {"fx": 1071.1, "fy": 1072.07, "cx": 621.377, "cy": 516.408}, "camera_to_world_matrix": [0.900497, -0.00442301, -0.434842, -5.90556, -0.434863, -0.00653222, -0.900474, 2.62154, 0.00114213, 0.999969, -0.00780501, 1.5716, 0.0, 0.0, 0.0, 1.0]}, "0582a7daf9aa47f9a2d42896d70319d2_d1_2.png": {"intrinsics": {"fx": 1071.1, "fy": 1072.07, "cx": 621.377, "cy": 516.408}, "camera_to_world_matrix": [0.0737165, 0.0032023, -0.997275, -5.90359, -0.997274, 0.00384474, -0.0737043, 2.61864, 0.00359804, 0.999988, 0.00347762, 1.57156, 0.0, 0.0, 0.0, 1.0]}, "0582a7daf9aa47f9a2d42896d70319d2_d1_3.png": {"intrinsics": {"fx": 1071.1, "fy": 1072.07, "cx": 621.377, "cy": 516.408}, "camera_to_world_matrix": [-0.82668, 0.0160012, -0.562446, -5.90511, -0.562485, 0.00242991, 0.826805, 2.61549, 0.0145963, 0.999869, 0.00699228, 1.57155, 0.0, 0.0, 0.0, 1.0]}, "0582a7daf9aa47f9a2d42896d70319d2_d1_4.png": {"intrinsics": {"fx": 1071.1, "fy": 1072.07, "cx": 621.377, "cy": 516.408}, "camera_to_world_matrix": [-0.900276, 0.0211744, 0.434805, -5.9086, 0.434705, -0.00936184, 0.900525, 2.61523, 0.0231385, 0.999732, -0.000775771, 1.57157, 0.0, 0.0, 0.0, 1.0]}, "0582a7daf9aa47f9a2d42896d70319d2_d1_5.png": {"intrinsics": {"fx": 1071.1, "fy": 1072.07, "cx": 621.377, "cy": 516.408}, "camera_to_world_matrix": [-0.073474, 0.0135487, 0.997206, -5.91057, 0.997084, -0.0197385, 0.0737334, 2.61813, 0.0206821, 0.999714, -0.0120583, 1.57161, 0.0, 0.0, 0.0, 1.0]}, "0582a7daf9aa47f9a2d42896d70319d2_d2_0.png": {"intrinsics": {"fx": 1071.71, "fy": 1072.05, "cx": 626.653, "cy": 526.271}, "camera_to_world_matrix": [0.826249, -0.368886, 0.425717, -5.91499, 0.563304, 0.540086, -0.625296, 2.63015, 0.000739093, 0.756459, 0.65404, 1.605, 0.0, 0.0, 0.0, 1.0]}, "0582a7daf9aa47f9a2d42896d70319d2_d2_1.png": {"intrinsics": {"fx": 1071.71, "fy": 1072.05, "cx": 626.653, "cy": 526.271}, "camera_to_world_matrix": [0.90094, 0.291605, -0.32136, -5.90048, -0.433872, 0.591994, -0.67919, 2.63122, -0.00781213, 0.751339, 0.659869, 1.60488, 0.0, 0.0, 0.0, 1.0]}, "0582a7daf9aa47f9a2d42896d70319d2_d2_2.png": {"intrinsics": {"fx": 1071.71, "fy": 1072.05, "cx": 626.653, "cy": 526.271}, "camera_to_world_matrix": [0.074698, 0.666759, -0.741521, -5.89229, -0.997191, 0.0459413, -0.0591436, 2.61919, -0.00536792, 0.743856, 0.668317, 1.60472, 0.0, 0.0, 0.0, 1.0]}, "0582a7daf9aa47f9a2d42896d70319d2_d2_3.png": {"intrinsics": {"fx": 1071.71, "fy": 1072.05, "cx": 626.653, "cy": 526.271}, "camera_to_world_matrix": [-0.826217, 0.381413, -0.414594, -5.89862, -0.563323, -0.552006, 0.614782, 2.60609, 0.0056274, 0.741494, 0.670935, 1.60467, 0.0, 0.0, 0.0, 1.0]}, "0582a7daf9aa47f9a2d42896d70319d2_d2_4.png": {"intrinsics": {"fx": 1071.71, "fy": 1072.05, "cx": 626.653, "cy": 526.271}, "camera_to_world_matrix": [-0.90087, -0.27908, 0.332486, -5.91313, 0.433856, -0.603888, 0.668646, 2.60502, 0.0141783, 0.746614, 0.665105, 1.60478, 0.0, 0.0, 0.0, 1.0]}, "0582a7daf9aa47f9a2d42896d70319d2_d2_5.png": {"intrinsics": {"fx": 1071.71, "fy": 1072.05, "cx": 626.653, "cy": 526.271}, "camera_to_world_matrix": [-0.0746056, -0.654213, 0.752622, -5.92131, 0.997144, -0.0578211, 0.0485834, 2.61705, 0.0117337, 0.754097, 0.656657, 1.60495, 0.0, 0.0, 0.0, 1.0]}, "073ce382f78d4a81b8c673591a954997_d0_0.png": {"intrinsics": {"fx": 1073.15, "fy": 1074.62, "cx": 623.605, "cy": 516.849}, "camera_to_world_matrix": [0.980432, 0.119794, 0.156212, -2.38407, 0.196219, -0.658555, -0.7265, -7.93499, 0.0158438, 0.742936, -0.669175, -1.86629, 0.0, 0.0, 0.0, 1.0]}, "073ce382f78d4a81b8c673591a954997_d0_1.png": {"intrinsics": {"fx": 1073.15, "fy": 1074.62, "cx": 623.605, "cy": 516.849}, "camera_to_world_matrix": [0.660115, -0.514256, -0.547529, -2.37029, -0.751084, -0.441254, -0.491088, -7.93967, 0.0109457, 0.735415, -0.677528, -1.86612, 0.0, 0.0, 0.0, 1.0]}, "073ce382f78d4a81b8c673591a954997_d0_2.png": {"intrinsics": {"fx": 1073.15, "fy": 1074.62, "cx": 623.605, "cy": 516.849}, "camera_to_world_matrix": [-0.320376, -0.643105, -0.695539, -2.36746, -0.947289, 0.21654, 0.23612, -7.95394, -0.00123759, 0.734524, -0.678581, -1.8661, 0.0, 0.0, 0.0, 1.0]}, "073ce382f78d4a81b8c673591a954997_d0_3.png": {"intrinsics": {"fx": 1073.15, "fy": 1074.62, "cx": 623.605, "cy": 516.849}, "camera_to_world_matrix": [-0.980529, -0.137901, -0.139806, -2.37841, -0.196188, 0.657018, 0.727899, -7.96353, -0.00852257, 0.741155, -0.67128, -1.86625, 0.0, 0.0, 0.0, 1.0]}, "073ce382f78d4a81b8c673591a954997_d0_4.png": {"intrinsics": {"fx": 1073.15, "fy": 1074.62, "cx": 623.605, "cy": 516.849}, "camera_to_world_matrix": [-0.660176, 0.496141, 0.563925, -2.39218, 0.751102, 0.439692, 0.492459, -7.95884, -0.00362408, 0.748675, -0.662927, -1.86641, 0.0, 0.0, 0.0, 1.0]}, "073ce382f78d4a81b8c673591a954997_d0_5.png": {"intrinsics": {"fx": 1073.15, "fy": 1074.62, "cx": 623.605, "cy": 516.849}, "camera_to_world_matrix": [0.320324, 0.624964, 0.711907, -2.39501, 0.947269, -0.218107, -0.234755, -7.94457, 0.00855927, 0.749565, -0.661875, -1.86643, 0.0, 0.0, 0.0, 1.0]}, "073ce382f78d4a81b8c673591a954997_d1_0.png": {"intrinsics": {"fx": 1071.1, "fy": 1072.07, "cx": 621.377, "cy": 516.408}, "camera_to_world_matrix": [0.980617, -0.0232898, 0.194547, -2.38232, 0.19442, -0.00760941, -0.980889, -7.94586, 0.024325, 0.9997, -0.00293328, -1.83302, 0.0, 0.0, 0.0, 1.0]}, "073ce382f78d4a81b8c673591a954997_d1_1.png": {"intrinsics": {"fx": 1071.1, "fy": 1072.07, "cx": 621.377, "cy": 516.408}, "camera_to_world_matrix": [0.658607, -0.0234425, -0.752123, -2.37901, -0.752238, 0.00526705, -0.658871, -7.94699, 0.0194069, 0.999712, -0.0141648, -1.83298, 0.0, 0.0, 0.0, 1.0]}, "073ce382f78d4a81b8c673591a954997_d1_2.png": {"intrinsics": {"fx": 1071.1, "fy": 1072.07, "cx": 621.377, "cy": 516.408}, "camera_to_world_matrix": [-0.322174, -0.0123682, -0.9466, -2.37833, -0.946654, 0.0118372, 0.322037, -7.95042, 0.00722189, 0.999854, -0.0155214, -1.83298, 0.0, 0.0, 0.0, 1.0]}, "073ce382f78d4a81b8c673591a954997_d1_3.png": {"intrinsics": {"fx": 1071.1, "fy": 1072.07, "cx": 621.377, "cy": 516.408}, "camera_to_world_matrix": [-0.980922, -0.00114155, -0.194404, -2.38096, -0.194407, 0.00553075, 0.980906, -7.95273, -4.47351e-05, 0.999985, -0.00564653, -1.83301, 0.0, 0.0, 0.0, 1.0]}, "073ce382f78d4a81b8c673591a954997_d1_4.png": {"intrinsics": {"fx": 1071.1, "fy": 1072.07, "cx": 621.377, "cy": 516.408}, "camera_to_world_matrix": [-0.658874, -0.000989395, 0.752253, -2.38428, 0.752239, -0.00734571, 0.658851, -7.9516, 0.00487379, 0.999973, 0.00558479, -1.83305, 0.0, 0.0, 0.0, 1.0]}, "073ce382f78d4a81b8c673591a954997_d1_5.png": {"intrinsics": {"fx": 1071.1, "fy": 1072.07, "cx": 621.377, "cy": 516.408}, "camera_to_world_matrix": [0.321914, -0.0120639, 0.946692, -2.38496, 0.946616, -0.0139154, -0.322065, -7.94816, 0.0170588, 0.999831, 0.00694095, -1.83306, 0.0, 0.0, 0.0, 1.0]}, "073ce382f78d4a81b8c673591a954997_d2_0.png": {"intrinsics": {"fx": 1071.71, "fy": 1072.05, "cx": 626.653, "cy": 526.271}, "camera_to_world_matrix": [0.980587, -0.141, 0.136257, -2.38488, 0.195477, 0.648509, -0.73568, -7.93505, 0.0153672, 0.748034, 0.663482, -1.79979, 0.0, 0.0, 0.0, 1.0]}, "073ce382f78d4a81b8c673591a954997_d2_1.png": {"intrinsics": {"fx": 1071.71, "fy": 1072.05, "cx": 626.653, "cy": 526.271}, "camera_to_world_matrix": [0.659553, 0.487186, -0.572397, -2.3711, -0.751584, 0.438045, -0.49319, -7.93974, 0.0104606, 0.75549, 0.655075, -1.79963, 0.0, 0.0, 0.0, 1.0]}, "073ce382f78d4a81b8c673591a954997_d2_2.png": {"intrinsics": {"fx": 1071.71, "fy": 1072.05, "cx": 626.653, "cy": 526.271}, "camera_to_world_matrix": [-0.321088, 0.619025, -0.716736, -2.36828, -0.947047, -0.211252, 0.241812, -7.95401, -0.00172373, 0.756426, 0.654076, -1.79961, 0.0, 0.0, 0.0, 1.0]}, "073ce382f78d4a81b8c673591a954997_d2_3.png": {"intrinsics": {"fx": 1071.71, "fy": 1072.05, "cx": 626.653, "cy": 526.271}, "camera_to_world_matrix": [-0.980672, 0.122674, -0.152417, -2.37922, -0.195445, -0.650071, 0.734308, -7.9636, -0.00900125, 0.749906, 0.661482, -1.79975, 0.0, 0.0, 0.0, 1.0]}, "073ce382f78d4a81b8c673591a954997_d2_4.png": {"intrinsics": {"fx": 1071.71, "fy": 1072.05, "cx": 626.653, "cy": 526.271}, "camera_to_world_matrix": [-0.659601, -0.505505, 0.556228, -2.39299, 0.751603, -0.439583, 0.491791, -7.95891, -0.00409426, 0.742449, 0.669888, -1.79992, 0.0, 0.0, 0.0, 1.0]}, "073ce382f78d4a81b8c673591a954997_d2_5.png": {"intrinsics": {"fx": 1071.71, "fy": 1072.05, "cx": 626.653, "cy": 526.271}, "camera_to_world_matrix": [0.321047, -0.637318, 0.700538, -2.39582, 0.947028, 0.20972, -0.243217, -7.94464, 0.00809017, 0.741514, 0.670888, -1.79994, 0.0, 0.0, 0.0, 1.0]}, "08fb11c1a20144039e06afbb9c8e08aa_d0_0.png": {"intrinsics": {"fx": 1073.15, "fy": 1074.62, "cx": 623.605, "cy": 516.849}, "camera_to_world_matrix": [-0.986235, 0.114561, 0.119228, 0.970706, 0.165226, 0.655312, 0.737066, -8.82387, 0.00630704, 0.74662, -0.665221, -1.86224, 0.0, 0.0, 0.0, 1.0]}, "08fb11c1a20144039e06afbb9c8e08aa_d0_1.png": {"intrinsics": {"fx": 1073.15, "fy": 1074.62, "cx": 623.605, "cy": 516.849}, "camera_to_world_matrix": [-0.349977, 0.629945, 0.693314, 0.959498, 0.936695, 0.226756, 0.266802, -8.81459, 0.0108576, 0.742798, -0.669427, -1.86215, 0.0, 0.0, 0.0, 1.0]}, "08fb11c1a20144039e06afbb9c8e08aa_d0_2.png": {"intrinsics": {"fx": 1073.15, "fy": 1074.62, "cx": 623.605, "cy": 516.849}, "camera_to_world_matrix": [0.636271, 0.516475, 0.573072, 0.961928, 0.771421, -0.433849, -0.465493, -8.80025, 0.00821116, 0.73826, -0.674467, -1.86205, 0.0, 0.0, 0.0, 1.0]}, "08fb11c1a20144039e06afbb9c8e08aa_d0_3.png": {"intrinsics": {"fx": 1073.15, "fy": 1074.62, "cx": 623.605, "cy": 516.849}, "camera_to_world_matrix": [0.986239, -0.112376, -0.121253, 0.975567, -0.165317, -0.665884, -0.727508, -8.79518, 0.0010143, 0.737542, -0.6753, -1.86204, 0.0, 0.0, 0.0, 1.0]}, "08fb11c1a20144039e06afbb9c8e08aa_d0_4.png": {"intrinsics": {"fx": 1073.15, "fy": 1074.62, "cx": 623.605, "cy": 516.849}, "camera_to_world_matrix": [0.349952, -0.627745, -0.69532, 0.986775, -0.936761, -0.237309, -0.257222, -8.80446, -0.003536, 0.741364, -0.671094, -1.86212, 0.0, 0.0, 0.0, 1.0]}, "08fb11c1a20144039e06afbb9c8e08aa_d0_5.png": {"intrinsics": {"fx": 1073.15, "fy": 1074.62, "cx": 623.605, "cy": 516.849}, "camera_to_world_matrix": [-0.63629, -0.514249, -0.575049, 0.984344, -0.771448, 0.423292, 0.475069, -8.8188, -0.00088934, 0.745903, -0.666054, -1.86222, 0.0, 0.0, 0.0, 1.0]}, "08fb11c1a20144039e06afbb9c8e08aa_d1_0.png": {"intrinsics": {"fx": 1071.1, "fy": 1072.07, "cx": 621.377, "cy": 516.408}, "camera_to_world_matrix": [-0.985856, 0.0141763, 0.166995, 0.972601, 0.166942, -0.00492286, 0.985955, -8.81321, 0.0147991, 0.999888, 0.00248725, -1.82891, 0.0, 0.0, 0.0, 1.0]}, "08fb11c1a20144039e06afbb9c8e08aa_d1_1.png": {"intrinsics": {"fx": 1071.1, "fy": 1072.07, "cx": 621.377, "cy": 516.408}, "camera_to_world_matrix": [-0.348244, 0.00974019, 0.937354, 0.969905, 0.937205, -0.0170118, 0.348365, -8.81098, 0.019339, 0.999808, -0.00320368, -1.82889, 0.0, 0.0, 0.0, 1.0]}, "08fb11c1a20144039e06afbb9c8e08aa_d1_2.png": {"intrinsics": {"fx": 1071.1, "fy": 1072.07, "cx": 621.377, "cy": 516.408}, "camera_to_world_matrix": [0.637639, -0.00294739, 0.770331, 0.97049, 0.770156, -0.0192145, -0.637567, -8.80753, 0.0166805, 0.999811, -0.0099813, -1.82887, 0.0, 0.0, 0.0, 1.0]}, "08fb11c1a20144039e06afbb9c8e08aa_d1_3.png": {"intrinsics": {"fx": 1071.1, "fy": 10