{"02aa36d91ebf4d3b987d54c601bd785a_d0_0.png": {"intrinsics": {"fx": 1075.13, "fy": 1075.85, "cx": 626.934, "cy": 510.253}, "camera_to_world_matrix": [0.780944, -0.426815, -0.456019, 3.10116, -0.624388, -0.514496, -0.587735, -0.541932, 0.0162345, 0.743721, -0.668292, 1.68355, 0.0, 0.0, 0.0, 1.0]}, "02aa36d91ebf4d3b987d54c601bd785a_d0_1.png": {"intrinsics": {"fx": 1075.13, "fy": 1075.85, "cx": 626.934, "cy": 510.253}, "camera_to_world_matrix": [-0.1503, -0.664446, -0.732065, 3.10648, -0.988621, 0.10556, 0.107163, -0.555475, 0.0060729, 0.739842, -0.672753, 1.68363, 0.0, 0.0, 0.0, 1.0]}, "02aa36d91ebf4d3b987d54c601bd785a_d0_2.png": {"intrinsics": {"fx": 1075.13, "fy": 1075.85, "cx": 626.934, "cy": 510.253}, "camera_to_world_matrix": [-0.93131, -0.246302, -0.268316, 3.09741, -0.3642, 0.621402, 0.693697, -0.566854, -0.00412696, 0.743769, -0.668423, 1.68355, 0.0, 0.0, 0.0, 1.0]}, "02aa36d91ebf4d3b987d54c601bd785a_d0_3.png": {"intrinsics": {"fx": 1075.13, "fy": 1075.85, "cx": 626.934, "cy": 510.253}, "camera_to_world_matrix": [-0.78106, 0.409463, 0.471469, 3.08302, 0.62444, 0.517177, 0.585321, -0.564689, -0.00416502, 0.751575, -0.659634, 1.68338, 0.0, 0.0, 0.0, 1.0]}, "02aa36d91ebf4d3b987d54c601bd785a_d0_4.png": {"intrinsics": {"fx": 1075.13, "fy": 1075.85, "cx": 626.934, "cy": 510.253}, "camera_to_world_matrix": [0.150198, 0.647071, 0.747488, 3.07771, 0.988637, -0.102888, -0.109588, -0.551146, 0.00599681, 0.755455, -0.655173, 1.68329, 0.0, 0.0, 0.0, 1.0]}, "02aa36d91ebf4d3b987d54c601bd785a_d0_5.png": {"intrinsics": {"fx": 1075.13, "fy": 1075.85, "cx": 626.934, "cy": 510.253}, "camera_to_world_matrix": [0.931185, 0.228907, 0.283716, 3.08677, 0.364185, -0.618714, -0.696104, -0.539768, 0.0161965, 0.751527, -0.659503, 1.68338, 0.0, 0.0, 0.0, 1.0]}, "02aa36d91ebf4d3b987d54c601bd785a_d1_0.png": {"intrinsics": {"fx": 1072.87, "fy": 1073.53, "cx": 617.821, "cy": 524.986}, "camera_to_world_matrix": [0.781831, -0.021244, -0.623129, 3.09389, -0.623243, 0.00156861, -0.782028, -0.550514, 0.0175907, 0.999773, -0.0120133, 1.71673, 0.0, 0.0, 0.0, 1.0]}, "02aa36d91ebf4d3b987d54c601bd785a_d1_1.png": {"intrinsics": {"fx": 1072.87, "fy": 1073.53, "cx": 617.821, "cy": 524.986}, "camera_to_world_matrix": [-0.148874, -0.0166335, -0.988716, 3.09517, -0.988829, 0.0100248, 0.148722, -0.553772, 0.00743781, 0.999812, -0.0179397, 1.71675, 0.0, 0.0, 0.0, 1.0]}, "02aa36d91ebf4d3b987d54c601bd785a_d1_2.png": {"intrinsics": {"fx": 1072.87, "fy": 1073.53, "cx": 617.821, "cy": 524.986}, "camera_to_world_matrix": [-0.930788, -0.00700553, -0.365494, 3.09299, -0.36555, 0.0102599, 0.930735, -0.556509, -0.00277047, 0.999923, -0.0121102, 1.71673, 0.0, 0.0, 0.0, 1.0]}, "02aa36d91ebf4d3b987d54c601bd785a_d1_3.png": {"intrinsics": {"fx": 1072.87, "fy": 1073.53, "cx": 617.821, "cy": 524.986}, "camera_to_world_matrix": [-0.781978, -0.00198827, 0.623303, 3.08953, 0.6233, 0.00203874, 0.781981, -0.555988, -0.00282564, 0.999996, -0.000354558, 1.71669, 0.0, 0.0, 0.0, 1.0]}, "02aa36d91ebf4d3b987d54c601bd785a_d1_4.png": {"intrinsics": {"fx": 1072.87, "fy": 1073.53, "cx": 617.821, "cy": 524.986}, "camera_to_world_matrix": [0.148741, -0.00659908, 0.988854, 3.08825, 0.988849, -0.00641727, -0.148783, -0.55273, 0.00732748, 0.999958, 0.00557139, 1.71667, 0.0, 0.0, 0.0, 1.0]}, "02aa36d91ebf4d3b987d54c601bd785a_d1_5.png": {"intrinsics": {"fx": 1072.87, "fy": 1073.53, "cx": 617.821, "cy": 524.986}, "camera_to_world_matrix": [0.930631, -0.016227, 0.365601, 3.09043, 0.365541, -0.00665196, -0.930772, -0.549993, 0.0175355, 0.999846, -0.000258472, 1.71669, 0.0, 0.0, 0.0, 1.0]}, "02aa36d91ebf4d3b987d54c601bd785a_d2_0.png": {"intrinsics": {"fx": 1077.41, "fy": 1077.63, "cx": 637.958, "cy": 535.34}, "camera_to_world_matrix": [0.788017, 0.395799, -0.471564, 3.10039, -0.615428, 0.527178, -0.585946, -0.541812, 0.0166812, 0.751949, 0.659011, 1.75004, 0.0, 0.0, 0.0, 1.0]}, "02aa36d91ebf4d3b987d54c601bd785a_d2_1.png": {"intrinsics": {"fx": 1077.41, "fy": 1077.63, "cx": 637.958, "cy": 535.34}, "camera_to_world_matrix": [-0.139007, 0.648896, -0.748072, 3.10571, -0.99027, -0.0860581, 0.109364, -0.555355, 0.00658779, 0.755995, 0.654544, 1.75013, 0.0, 0.0, 0.0, 1.0]}, "02aa36d91ebf4d3b987d54c601bd785a_d2_2.png": {"intrinsics": {"fx": 1077.41, "fy": 1077.63, "cx": 637.958, "cy": 535.34}, "camera_to_world_matrix": [-0.927096, 0.244389, -0.284198, 3.09664, -0.374808, -0.611884, 0.696504, -0.566734, -0.00367813, 0.752245, 0.658874, 1.75005, 0.0, 0.0, 0.0, 1.0]}, "02aa36d91ebf4d3b987d54c601bd785a_d2_3.png": {"intrinsics": {"fx": 1077.41, "fy": 1077.63, "cx": 637.958, "cy": 535.34}, "camera_to_world_matrix": [-0.788142, -0.413204, 0.456174, 3.08225, 0.615482, -0.524462, 0.588321, -0.564569, -0.0038504, 0.744447, 0.667671, 1.74987, 0.0, 0.0, 0.0, 1.0]}, "02aa36d91ebf4d3b987d54c601bd785a_d2_4.png": {"intrinsics": {"fx": 1077.41, "fy": 1077.63, "cx": 637.958, "cy": 535.34}, "camera_to_world_matrix": [0.138897, -0.666276, 0.732655, 3.07693, 0.990288, 0.0887834, -0.106999, -0.551026, 0.00624327, 0.740401, 0.672137, 1.74979, 0.0, 0.0, 0.0, 1.0]}, "02aa36d91ebf4d3b987d54c601bd785a_d2_5.png": {"intrinsics": {"fx": 1077.41, "fy": 1077.63, "cx": 637.958, "cy": 535.34}, "camera_to_world_matrix": [0.926962, -0.26175, 0.268758, 3.086, 0.374795, 0.614594, -0.694121, -0.539648, 0.016509, 0.744152, 0.667807, 1.74987, 0.0, 0.0, 0.0, 1.0]}, "03415d3735154bd3bf7074fd7b343992_d0_0.png": {"intrinsics": {"fx": 1075.13, "fy": 1075.85, "cx": 626.934, "cy": 510.253}, "camera_to_world_matrix": [-0.790401, -0.392615, -0.470232, 0.757753, -0.61235, 0.527758, 0.588639, -2.43143, 0.0170602, 0.753208, -0.65756, 1.66396, 0.0, 0.0, 0.0, 1.0]}, "03415d3735154bd3bf7074fd7b343992_d0_1.png": {"intrinsics": {"fx": 1075.13, "fy": 1075.85, "cx": 626.934, "cy": 510.253}, "camera_to_world_matrix": [-0.925414, 0.265877, 0.27003, 0.74334, 0.378483, 0.612948, 0.693572, -2.43342, 0.0188905, 0.744044, -0.667863, 1.66416, 0.0, 0.0, 0.0, 1.0]}, "03415d3735154bd3bf7074fd7b343992_d0_2.png": {"intrinsics": {"fx": 1075.13, "fy": 1075.85, "cx": 626.934, "cy": 510.253}, "camera_to_world_matrix": [-0.134908, 0.668886, 0.731019, 0.734414, 0.990826, 0.0852126, 0.104885, -2.42193, 0.00786451, 0.738463, -0.674247, 1.66428, 0.0, 0.0, 0.0, 1.0]}, "03415d3735154bd3bf7074fd7b343992_d0_3.png": {"intrinsics": {"fx": 1075.13, "fy": 1075.85, "cx": 626.934, "cy": 510.253}, "camera_to_world_matrix": [0.790592, 0.413394, 0.451737, 0.739901, 0.61232, -0.527702, -0.588721, -2.40845, -0.00499162, 0.742047, -0.670329, 1.66421, 0.0, 0.0, 0.0, 1.0]}, "03415d3735154bd3bf7074fd7b343992_d0_4.png": {"intrinsics": {"fx": 1075.13, "fy": 1075.85, "cx": 626.934, "cy": 510.253}, "camera_to_world_matrix": [0.925567, -0.245101, -0.288529, 0.754313, -0.378519, -0.612866, -0.693625, -2.40647, -0.0068214, 0.751211, -0.660026, 1.66401, 0.0, 0.0, 0.0, 1.0]}, "03415d3735154bd3bf7074fd7b343992_d0_5.png": {"intrinsics": {"fx": 1075.13, "fy": 1075.85, "cx": 626.934, "cy": 510.253}, "camera_to_world_matrix": [0.135037, -0.648089, -0.749495, 0.763239, -0.99083, -0.0851146, -0.10492, -2.41796, 0.00420496, 0.756792, -0.653642, 1.66388, 0.0, 0.0, 0.0, 1.0]}, "03415d3735154bd3bf7074fd7b343992_d1_0.png": {"intrinsics": {"fx": 1072.87, "fy": 1073.53, "cx": 617.821, "cy": 524.986}, "camera_to_world_matrix": [-0.789484, 0.015944, -0.613565, 0.751436, -0.613496, 0.00946204, 0.789641, -2.42271, 0.0183955, 0.999828, 0.00231186, 1.6973, 0.0, 0.0, 0.0, 1.0]}, "03415d3735154bd3bf7074fd7b343992_d1_1.png": {"intrinsics": {"fx": 1072.87, "fy": 1073.53, "cx": 617.821, "cy": 524.986}, "camera_to_world_matrix": [-0.925938, 0.0230782, 0.376969, 0.747969, 0.377132, 0.00299224, 0.926155, -2.42318, 0.0202459, 0.999729, -0.0114738, 1.69735, 0.0, 0.0, 0.0, 1.0]}, "03415d3735154bd3bf7074fd7b343992_d1_2.png": {"intrinsics": {"fx": 1072.87, "fy": 1073.53, "cx": 617.821, "cy": 524.986}, "camera_to_world_matrix": [-0.136331, 0.0210427, 0.99044, 0.745822, 0.990621, -0.00642164, 0.136493, -2.42042, 0.00923233, 0.999758, -0.0199695, 1.69738, 0.0, 0.0, 0.0, 1.0]}, "03415d3735154bd3bf7074fd7b343992_d1_3.png": {"intrinsics": {"fx": 1072.87, "fy": 1073.53, "cx": 617.821, "cy": 524.986}, "camera_to_world_matrix": [0.789713, 0.0118731, 0.613362, 0.747142, 0.613467, -0.00936551, -0.789666, -2.41718, -0.0036314, 0.999886, -0.0146794, 1.69736, 0.0, 0.0, 0.0, 1.0]}, "03415d3735154bd3bf7074fd7b343992_d1_4.png": {"intrinsics": {"fx": 1072.87, "fy": 1073.53, "cx": 617.821, "cy": 524.986}, "camera_to_world_matrix": [0.926129, 0.00473911, -0.377178, 0.750609, -0.377168, -0.00289543, -0.926141, -2.4167, -0.00548127, 0.999985, -0.000893703, 1.69731, 0.0, 0.0, 0.0, 1.0]}, "03415d3735154bd3bf7074fd7b343992_d1_5.png": {"intrinsics": {"fx": 1072.87, "fy": 1073.53, "cx": 617.821, "cy": 524.986}, "camera_to_world_matrix": [0.136498, 0.00677495, -0.990617, 0.752756, -0.990625, 0.00651837, -0.136454, -2.41947, 0.00553264, 0.999956, 0.00760159, 1.69728, 0.0, 0.0, 0.0, 1.0]}, "03415d3735154bd3bf7074fd7b343992_d2_0.png": {"intrinsics": {"fx": 1077.41, "fy": 1077.63, "cx": 637.958, "cy": 535.34}, "camera_to_world_matrix": [-0.783353, 0.426332, -0.452327, 0.758678, -0.621336, -0.516777, 0.588968, -2.43143, 0.0173433, 0.742417, 0.669715, 1.73045, 0.0, 0.0, 0.0, 1.0]}, "03415d3735154bd3bf7074fd7b343992_d2_1.png": {"intrinsics": {"fx": 1077.41, "fy": 1077.63, "cx": 637.958, "cy": 535.34}, "camera_to_world_matrix": [-0.929668, -0.229168, 0.288443, 0.744265, 0.367891, -0.618603, 0.694253, -2.43342, 0.019331, 0.75154, 0.659405, 1.73065, 0.0, 0.0, 0.0, 1.0]}, "03415d3735154bd3bf7074fd7b343992_d2_2.png": {"intrinsics": {"fx": 1077.41, "fy": 1077.63, "cx": 637.958, "cy": 535.34}, "camera_to_world_matrix": [-0.146206, -0.645087, 0.749991, 0.735339, 0.989219, -0.101776, 0.105301, -2.42193, 0.00840248, 0.757301, 0.653013, 1.73078, 0.0, 0.0, 0.0, 1.0]}, "03415d3735154bd3bf7074fd7b343992_d2_3.png": {"intrinsics": {"fx": 1077.41, "fy": 1077.63, "cx": 637.958, "cy": 535.34}, "camera_to_world_matrix": [0.783555, -0.405497, 0.470759, 0.740825, 0.621306, 0.516865, -0.588922, -2.40845, -0.00451341, 0.753938, 0.656931, 1.7307, 0.0, 0.0, 0.0, 1.0]}, "03415d3735154bd3bf7074fd7b343992_d2_4.png": {"intrinsics": {"fx": 1077.41, "fy": 1077.63, "cx": 637.958, "cy": 535.34}, "camera_to_world_matrix": [0.929833, 0.250007, -0.270015, 0.755238, -0.367927, 0.618666, -0.694178, -2.40647, -0.00650051, 0.744815, 0.66724, 1.7305, 0.0, 0.0, 0.0, 1.0]}, "03415d3735154bd3bf7074fd7b343992_d2_5.png": {"intrinsics": {"fx": 1077.41, "fy": 1077.63, "cx": 637.958, "cy": 535.34}, "camera_to_world_matrix": [0.146345, 0.665906, -0.731541, 0.764164, -0.989224, 0.101822, -0.105208, -2.41796, 0.00442834, 0.739054, 0.673632, 1.73038, 0.0, 0.0, 0.0, 1.0]}, "0470d39378714812bef259ea6cd22978_d0_0.png": {"intrinsics": {"fx": 1075.13, "fy": 1075.85, "cx": 626.934, "cy": 510.253}, "camera_to_world_matrix": [-0.723195, 0.463787, 0.51175, 0.0110281, 0.690401, 0.46591, 0.553419, 0.00622712, 0.0182391, 0.753543, -0.657145, 1.67744, 0.0, 0.0, 0.0, 1.0]}, "0470d39378714812bef259ea6cd22978_d0_1.png": {"intrinsics": {"fx": 1075.13, "fy": 1075.85, "cx": 626.934, "cy": 510.253}, "camera_to_world_matrix": [0.236495, 0.646062, 0.725722, 0.00691826, 0.971427, -0.172548, -0.162956, 0.0201831, 0.0199418, 0.743525, -0.668411, 1.67766, 0.0, 0.0, 0.0, 1.0]}, "0470d39378714812bef259ea6cd22978_d0_2.png": {"intrinsics": {"fx": 1075.13, "fy": 1075.85, "cx": 626.934, "cy": 510.253}, "camera_to_world_matrix": [0.9597, 0.184207, 0.212227, 0.0169511, 0.280914, -0.64963, -0.706446, 0.0307202, 0.00773678, 0.737595, -0.675198, 1.67779, 0.0, 0.0, 0.0, 1.0]}, "0470d39378714812bef259ea6cd22978_d0_3.png": {"intrinsics": {"fx": 1075.13, "fy": 1075.85, "cx": 626.934, "cy": 510.253}, "camera_to_world_matrix": [0.7232, -0.459913, -0.515228, 0.0310936, -0.690609, -0.488244, -0.533549, 0.0273013, -0.00617077, 0.741685, -0.67072, 1.6777, 0.0, 0.0, 0.0, 1.0]}, "0470d39378714812bef259ea6cd22978_d0_4.png": {"intrinsics": {"fx": 1075.13, "fy": 1075.85, "cx": 626.934, "cy": 510.253}, "camera_to_world_matrix": [-0.236501, -0.642163, -0.729172, 0.0352029, -0.971598, 0.150221, 0.182835, 0.0133452, -0.00787291, 0.751703, -0.659454, 1.67748, 0.0, 0.0, 0.0, 1.0]}, "0470d39378714812bef259ea6cd22978_d0_5.png": {"intrinsics": {"fx": 1075.13, "fy": 1075.85, "cx": 626.934, "cy": 510.253}, "camera_to_world_matrix": [-0.95968, -0.18029, -0.215656, 0.0251697, -0.281057, 0.627285, 0.726305, 0.00280837, 0.00433251, 0.757632, -0.652667, 1.67735, 0.0, 0.0, 0.0, 1.0]}, "0470d39378714812bef259ea6cd22978_d1_0.png": {"intrinsics": {"fx": 1072.87, "fy": 1073.53, "cx": 617.821, "cy": 524.986}, "camera_to_world_matrix": [-0.724192, 0.0122147, 0.689491, 0.0187339, 0.689322, -0.0155575, 0.724289, 0.0137327, 0.0195736, 0.999805, 0.00284713, 1.71078, 0.0, 0.0, 0.0, 1.0]}, "0470d39378714812bef259ea6cd22978_d1_1.png": {"intrinsics": {"fx": 1072.87, "fy": 1073.53, "cx": 617.821, "cy": 524.986}, "camera_to_world_matrix": [0.235081, 0.00687914, 0.971952, 0.0177453, 0.971743, -0.0235753, -0.234863, 0.0170897, 0.0212983, 0.999699, -0.0122264, 1.71084, 0.0, 0.0, 0.0, 1.0]}, "0470d39378714812bef259ea6cd22978_d1_2.png": {"intrinsics": {"fx": 1072.87, "fy": 1073.53, "cx": 617.821, "cy": 524.986}, "camera_to_world_matrix": [0.959287, -0.00273286, 0.282423, 0.0201587, 0.282289, -0.0229641, -0.959055, 0.0196245, 0.00910645, 0.999733, -0.0212573, 1.71087, 0.0, 0.0, 0.0, 1.0]}, "0470d39378714812bef259ea6cd22978_d1_3.png": {"intrinsics": {"fx": 1072.87, "fy": 1073.53, "cx": 617.821, "cy": 524.986}, "camera_to_world_matrix": [0.724203, -0.00700908, -0.689551, 0.0235606, -0.68957, -0.0143351, -0.724077, 0.018802, -0.0048098, 0.999873, -0.0152144, 1.71085, 0.0, 0.0, 0.0, 1.0]}, "0470d39378714812bef259ea6cd22978_d1_4.png": {"intrinsics": {"fx": 1072.87, "fy": 1073.53, "cx": 617.821, "cy": 524.986}, "camera_to_world_matrix": [-0.235081, -0.00167319, -0.971975, 0.0245491, -0.971954, -0.0063175, 0.235086, 0.0154449, -0.0065339, 0.999979, -0.000140742, 1.71079, 0.0, 0.0, 0.0, 1.0]}, "0470d39378714812bef259ea6cd22978_d1_5.png": {"intrinsics": {"fx": 1072.87, "fy": 1073.53, "cx": 617.821, "cy": 524.986}, "camera_to_world_matrix": [-0.959259, 0.00793878, -0.282417, 0.0221356, -0.282472, -0.00692905, 0.959251, 0.0129103, 0.0056583, 0.999945, 0.00888964, 1.71076, 0.0, 0.0, 0.0, 1.0]}, "0470d39378714812bef259ea6cd22978_d2_0.png": {"intrinsics": {"fx": 1077.41, "fy": 1077.63, "cx": 637.958, "cy": 535.34}, "camera_to_world_matrix": [-0.731032, -0.447184, 0.515383, 0.0112012, 0.682093, -0.499411, 0.53417, 0.00523313, 0.0185161, 0.742034, 0.670107, 1.74393, 0.0, 0.0, 0.0, 1.0]}, "0470d39378714812bef259ea6cd22978_d2_1.png": {"intrinsics": {"fx": 1077.41, "fy": 1077.63, "cx": 637.958, "cy": 535.34}, "camera_to_world_matrix": [0.225387, -0.645464, 0.729779, 0.00709136, 0.974056, 0.133611, -0.182655, 0.0191891, 0.0203908, 0.752014, 0.658833, 1.74415, 0.0, 0.0, 0.0, 1.0]}, "0470d39378714812bef259ea6cd22978_d2_2.png": {"intrinsics": {"fx": 1077.41, "fy": 1077.63, "cx": 637.958, "cy": 535.34}, "camera_to_world_matrix": [0.95643, -0.196318, 0.216106, 0.0171242, 0.291845, 0.621835, -0.726738, 0.0297263, 0.00828945, 0.758143, 0.652036, 1.74428, 0.0, 0.0, 0.0, 1.0]}, "0470d39378714812bef259ea6cd22978_d2_3.png": {"intrinsics": {"fx": 1077.41, "fy": 1077.63, "cx": 637.958, "cy": 535.34}, "camera_to_world_matrix": [0.731038, 0.451098, -0.511951, 0.0312667, -0.682313, 0.477026, -0.553982, 0.0263073, -0.0056864, 0.754293, 0.656514, 1.74419, 0.0, 0.0, 0.0, 1.0]}, "0470d39378714812bef259ea6cd22978_d2_4.png": {"intrinsics": {"fx": 1077.41, "fy": 1077.63, "cx": 637.958, "cy": 535.34}, "camera_to_world_matrix": [-0.225392, 0.649354, -0.726319, 0.035376, -0.97424, -0.156005, 0.162852, 0.0123512, -0.00756058, 0.744313, 0.667788, 1.74397, 0.0, 0.0, 0.0, 1.0]}, "0470d39378714812bef259ea6cd22978_d2_5.png": {"intrinsics": {"fx": 1077.41, "fy": 1077.63, "cx": 637.958, "cy": 535.34}, "camera_to_world_matrix": [-0.956408, 0.200189, -0.212624, 0.0253428, -0.292, -0.644211, 0.706914, 0.00181438, 0.00454118, 0.738185, 0.674584, 1.74384, 0.0, 0.0, 0.0, 1.0]}, "056a847fc47746c797b4d5868466193c_d0_0.png": {"intrinsics": {"fx": 1075.13, "fy": 1075.85, "cx": 626.934, "cy": 510.253}, "camera_to_world_matrix": [0.775919, -0.426921, -0.46442, -1.3142, -0.630709, -0.510573, -0.584396, -1.63251, 0.0123706, 0.746359, -0.665428, 1.69141, 0.0, 0.0, 0.0, 1.0]}, "056a847fc47746c797b4d5868466193c_d0_1.png": {"intrinsics": {"fx": 1075.13, "fy": 1075.85, "cx": 626.934, "cy": 510.253}, "camera_to_world_matrix": [-0.158297, -0.659521, -0.734828, -1.30899, -0.987362, 0.111392, 0.112721, -1.64609, 0.00751241, 0.743385, -0.668821, 1.69148, 0.0, 0.0, 0.0, 1.0]}, "056a847fc47746c797b4d5868466193c_d0_2.png": {"intrinsics": {"fx": 1075.13, "fy": 1075.85, "cx": 626.934, "cy": 510.253}, "camera_to_world_matrix": [-0.934249, -0.237182, -0.266309, -1.31815, -0.356615, 0.623818, 0.695467, -1.6574, 0.00117673, 0.74471, -0.667387, 1.69145, 0.0, 0.0, 0.0, 1.0]}, "056a847fc47746c797b4d5868466193c_d0_3.png": {"intrinsics": {"fx": 1075.13, "fy": 1075.85, "cx": 626.934, "cy": 510.253}, "camera_to_world_matrix": [-0.775969, 0.417748, 0.472607, -1.33252, 0.630769, 0.514268, 0.581082, -1.65512, -0.000300676, 0.749008, -0.66256, 1.69136, 0.0, 0.0, 0.0, 1.0]}, "056a847fc47746c797b4d5868466193c_d0_4.png": {"intrinsics": {"fx": 1075.13, "fy": 1075.85, "cx": 626.934, "cy": 510.253}, "camera_to_world_matrix": [0.158261, 0.650324, 0.742987, -1.33773, 0.987385, -0.107707, -0.116046, -1.64153, 0.00455766, 0.751982, -0.659168, 1.69129, 0.0, 0.0, 0.0, 1.0]}, "056a847fc47746c797b4d5868466193c_d0_5.png": {"intrinsics": {"fx": 1075.13, "fy": 1075.85, "cx": 626.934, "cy": 510.253}, "camera_to_world_matrix": [0.934189, 0.227965, 0.274446, -1.32857, 0.356609, -0.620116, -0.698773, -1.63023, 0.0108933, 0.750657, -0.660602, 1.69132, 0.0, 0.0, 0.0, 1.0]}, "056a847fc47746c797b4d5868466193c_d1_0.png": {"intrinsics": {"fx": 1072.87, "fy": 1073.53, "cx": 617.821, "cy": 524.986}, "camera_to_world_matrix": [0.776823, -0.0157772, -0.629522, -1.32136, -0.62957, 0.00232459, -0.77694, -1.64101, 0.0137212, 0.999873, -0.00812664, 1.72464, 0.0, 0.0, 0.0, 1.0]}, "056a847fc47746c797b4d5868466193c_d1_1.png": {"intrinsics": {"fx": 1072.87, "fy": 1073.53, "cx": 617.821, "cy": 524.986}, "camera_to_world_matrix": [-0.156866, -0.011098, -0.987558, -1.32011, -0.98758, 0.010743, 0.156748, -1.64428, 0.00886967, 0.999881, -0.0126449, 1.72466, 0.0, 0.0, 0.0, 1.0]}, "056a847fc47746c797b4d5868466193c_d1_2.png": {"intrinsics": {"fx": 1072.87, "fy": 1073.53, "cx": 617.821, "cy": 524.986}, "camera_to_world_matrix": [-0.93373, -0.00146795, -0.357976, -1.32231, -0.35797, 0.0108998, 0.93367, -1.647, 0.0025312, 0.99994, -0.0107026, 1.72465, 0.0, 0.0, 0.0, 1.0]}, "056a847fc47746c797b4d5868466193c_d1_3.png": {"intrinsics": {"fx": 1072.87, "fy": 1073.53, "cx": 617.821, "cy": 524.986}, "camera_to_world_matrix": [-0.776889, 0.00348263, 0.629628, -1.32577, 0.629637, 0.00263822, 0.776885, -1.64645, 0.00104441, 0.999991, -0.00424199, 1.72463, 0.0, 0.0, 0.0, 1.0]}, "056a847fc47746c797b4d5868466193c_d1_4.png": {"intrinsics": {"fx": 1072.87, "fy": 1073.53, "cx": 617.821, "cy": 524.986}, "camera_to_world_matrix": [0.156813, -0.00119692, 0.987628, -1.32702, 0.987611, -0.00578003, -0.156818, -1.64318, 0.00589612, 0.999983, 0.000276104, 1.72461, 0.0, 0.0, 0.0, 1.0]}, "056a847fc47746c797b4d5868466193c_d1_5.png": {"intrinsics": {"fx": 1072.87, "fy": 1073.53, "cx": 617.821, "cy": 524.986}, "camera_to_world_matrix": [0.933653, -0.0108269, 0.358015, -1.32482, 0.35797, -0.00593647, -0.933715, -1.64046, 0.0122345, 0.999924, -0.00166649, 1.72462, 0.0, 0.0, 0.0, 1.0]}, "056a847fc47746c797b4d5868466193c_d2_0.png": {"intrinsics": {"fx": 1077.41, "fy": 1077.63, "cx": 637.958, "cy": 535.34}, "camera_to_world_matrix": [0.783067, 0.404167, -0.472711, -1.31461, -0.621807, 0.52438, -0.581706, -1.63234, 0.0127731, 0.74945, 0.661939, 1.75791, 0.0, 0.0, 0.0, 1.0]}, "056a847fc47746c797b4d5868466193c_d2_1.png": {"intrinsics": {"fx": 1077.41, "fy": 1077.63, "cx": 637.958, "cy": 535.34}, "camera_to_world_matrix": [-0.147016, 0.652288, -0.743577, -1.3094, -0.989102, -0.0908918, 0.115826, -1.64593, 0.00796679, 0.752502, 0.658542, 1.75798, 0.0, 0.0, 0.0, 1.0]}, "056a847fc47746c797b4d5868466193c_d2_2.png": {"intrinsics": {"fx": 1077.41, "fy": 1077.63, "cx": 637.958, "cy": 535.34}, "camera_to_world_matrix": [-0.930119, 0.243506, -0.274928, -1.31856, -0.367257, -0.613412, 0.699176, -1.65723, 0.00160925, 0.751286, 0.659976, 1.75795, 0.0, 0.0, 0.0, 1.0]}, "056a847fc47746c797b4d5868466193c_d2_3.png": {"intrinsics": {"fx": 1077.41, "fy": 1077.63, "cx": 637.958, "cy": 535.34}, "camera_to_world_matrix": [-0.783121, -0.413388, 0.464577, -1.33293, 0.62187, -0.52065, 0.584981, -1.65495, 5.8163e-05, 0.747017, 0.664805, 1.75786, 0.0, 0.0, 0.0, 1.0]}, "056a847fc47746c797b4d5868466193c_d2_4.png": {"intrinsics": {"fx": 1077.41, "fy": 1077.63, "cx": 637.958, "cy": 535.34}, "camera_to_world_matrix": [0.146975, -0.661484, 0.735416, -1.33814, 0.989129, 0.0946313, -0.112562, -1.64137, 0.00486467, 0.743965, 0.668202, 1.75779, 0.0, 0.0, 0.0, 1.0]}, "056a847fc47746c797b4d5868466193c_d2_5.png": {"intrinsics": {"fx": 1077.41, "fy": 1077.63, "cx": 637.958, "cy": 535.34}, "camera_to_world_matrix": [0.930054, -0.252682, 0.266744, -1.32898, 0.367253, 0.617136, -0.695894, -1.63006, 0.0112222, 0.745181, 0.666768, 1.75782, 0.0, 0.0, 0.0, 1.0]}, "0a91f5605f7c45509aa530b85bf51407_d0_0.png": {"intrinsics": {"fx": 1075.13, "fy": 1075.85, "cx": 626.934, "cy": 510.253}, "camera_to_world_matrix": [-0.91703, -0.254609, -0.306965, 1.41183, -0.398598, 0.610517, 0.684388, -2.52808, 0.0131566, 0.749961, -0.661351, 1.66341, 0.0, 0.0, 0.0, 1.0]}, "0a91f5605f7c45509aa530b85bf51407_d0_1.png": {"intrinsics": {"fx": 1075.13, "fy": 1075.85, "cx": 626.934, "cy": 510.253}, "camera_to_world_matrix": [-0.803664, 0.404605, 0.436367, 1.39737, 0.594947, 0.530754, 0.603602, -2.52645, 0.0126173, 0.744709, -0.667269, 1.66352, 0.0, 0.0, 0.0, 1.0]}, "0a91f5605f7c45509aa530b85bf51407_d0_2.png": {"intrinsics": {"fx": 1075.13, "fy": 1075.85, "cx": 626.934, "cy": 510.253}, "camera_to_world_matrix": [0.113432, 0.665128, 0.738062, 1.39155, 0.993529, -0.0800445, -0.0805599, -2.51311, 0.00549538, 0.742425, -0.669906, 1.66357, 0.0, 0.0, 0.0, 1.0]}, "0a91f5605f7c45509aa530b85bf51407_d0_3.png": {"intrinsics": {"fx": 1075.13, "fy": 1075.85, "cx": 626.934, "cy": 510.253}, "camera_to_world_matrix": [0.917141, 0.266432, 0.296417, 1.40019, 0.398558, -0.611067, -0.68392, -2.5014, -0.00108705, 0.745392, -0.666625, 1.66351, 0.0, 0.0, 0.0, 1.0]}, "0a91f5605f7c45509aa530b85bf51407_d0_4.png": {"intrinsics": {"fx": 1075.13, "fy": 1075.85, "cx": 626.934, "cy": 510.253}, "camera_to_world_matrix": [0.803737, -0.392779, -0.446912, 1.41465, -0.594983, -0.531279, -0.603105, -2.50303, -0.0005474, 0.750643, -0.660707, 1.66339, 0.0, 0.0, 0.0, 1.0]}, "0a91f5605f7c45509aa530b85bf51407_d0_5.png": {"intrinsics": {"fx": 1075.13, "fy": 1075.85, "cx": 626.934, "cy": 510.253}, "camera_to_world_matrix": [-0.113375, -0.653278, -0.74858, 1.42047, -0.993529, 0.0795303, 0.0810686, -2.51637, 0.00657464, 0.752928, -0.65807, 1.66334, 0.0, 0.0, 0.0, 1.0]}, "0a91f5605f7c45509aa530b85bf51407_d1_0.png": {"intrinsics": {"fx": 1072.87, "fy": 1073.53, "cx": 617.821, "cy": 524.986}, "camera_to_world_matrix": [-0.916431, 0.012215, -0.400007, 1.40767, -0.39993, 0.00826051, 0.916508, -2.51796, 0.0144993, 0.999891, -0.00268464, 1.6967, 0.0, 0.0, 0.0, 1.0]}, "0a91f5605f7c45509aa530b85bf51407_d1_1.png": {"intrinsics": {"fx": 1072.87, "fy": 1073.53, "cx": 617.821, "cy": 524.986}, "camera_to_world_matrix": [-0.804513, 0.0175349, 0.593676, 1.4042, 0.593771, 0.000231676, 0.804634, -2.51757, 0.0139715, 0.999846, -0.0105977, 1.69672, 0.0, 0.0, 0.0, 1.0]}, "0a91f5605f7c45509aa530b85bf51407_d1_2.png": {"intrinsics": {"fx": 1072.87, "fy": 1073.53, "cx": 617.821, "cy": 524.986}, "camera_to_world_matrix": [0.111995, 0.0132417, 0.993621, 1.4028, 0.993685, -0.00838999, -0.11189, -2.51436, 0.00685475, 0.999877, -0.0140973, 1.69674, 0.0, 0.0, 0.0, 1.0]}, "0a91f5605f7c45509aa530b85bf51407_d1_3.png": {"intrinsics": {"fx": 1072.87, "fy": 1073.53, "cx": 617.821, "cy": 524.986}, "camera_to_world_matrix": [0.916564, 0.00362879, 0.399873, 1.40487, 0.399889, -0.00898262, -0.91652, -2.51154, 0.00026595, 0.999953, -0.00968385, 1.69672, 0.0, 0.0, 0.0, 1.0]}, "0a91f5605f7c45509aa530b85bf51407_d1_4.png": {"intrinsics": {"fx": 1072.87, "fy": 1073.53, "cx": 617.821, "cy": 524.986}, "camera_to_world_matrix": [0.804607, -0.00169076, -0.593806, 1.40835, -0.593808, -0.00095358, -0.804607, -2.51194, 0.000794056, 0.999998, -0.00177084, 1.69669, 0.0, 0.0, 0.0, 1.0]}, "0a91f5605f7c45509aa530b85bf51407_d1_5.png": {"intrinsics": {"fx": 1072.87, "fy": 1073.53, "cx": 617.821, "cy": 524.986}, "camera_to_world_matrix": [-0.111917, 0.00260273, -0.993714, 1.40975, -0.993686, 0.00766792, 0.111933, -2.51514, 0.00791095, 0.999967, 0.00172853, 1.69668, 0.0, 0.0, 0.0, 1.0]}, "0a91f5605f7c45509aa530b85bf51407_d2_0.png": {"intrinsics": {"fx": 1077.41, "fy": 1077.63, "cx": 637.958, "cy": 535.34}, "camera_to_world_matrix": [-0.912416, 0.281661, -0.296926, 1.41236, -0.409042, -0.603667, 0.684303, -2.5281, 0.013497, 0.745824, 0.666007, 1.72991, 0.0, 0.0, 0.0, 1.0]}, "0a91f5605f7c45509aa530b85bf51407_d2_1.png": {"intrinsics": {"fx": 1077.41, "fy": 1077.63, "cx": 637.958, "cy": 535.34}, "camera_to_world_matrix": [-0.810401, -0.378754, 0.446986, 1.3979, 0.585731, -0.540765, 0.603733, -2.52647, 0.013048, 0.751079, 0.660084, 1.73002, 0.0, 0.0, 0.0, 1.0]}, "0a91f5605f7c45509aa530b85bf51407_d2_2.png": {"intrinsics": {"fx": 1077.41, "fy": 1077.63, "cx": 637.958, "cy": 535.34}, "camera_to_world_matrix": [0.102084, -0.654478, 0.749158, 1.39208, 0.994758, 0.0626446, -0.0808234, -2.51314, 0.00596644, 0.753481, 0.657443, 1.73007, 0.0, 0.0, 0.0, 1.0]}, "0a91f5605f7c45509aa530b85bf51407_d2_3.png": {"intrinsics": {"fx": 1077.41, "fy": 1077.63, "cx": 637.958, "cy": 535.34}, "camera_to_world_matrix": [0.912534, -0.269782, 0.30741, 1.40072, 0.409002, 0.603137, -0.684794, -2.50143, -0.000666044, 0.750629, 0.660725, 1.73001, 0.0, 0.0, 0.0, 1.0]}, "0a91f5605f7c45509aa530b85bf51407_d2_4.png": {"intrinsics": {"fx": 1077.41, "fy": 1077.63, "cx": 637.958, "cy": 535.34}, "camera_to_world_matrix": [0.81048, 0.390631, -0.436498, 1.41518, -0.585768, 0.540209, -0.604195, -2.50306, -0.000216782, 0.745374, 0.666647, 1.72989, 0.0, 0.0, 0.0, 1.0]}, "0a91f5605f7c45509aa530b85bf51407_d2_5.png": {"intrinsics": {"fx": 1077.41, "fy": 1077.63, "cx": 637.958, "cy": 535.34}, "camera_to_world_matrix": [-0.102022, 0.666332, -0.738643, 1.421, -0.994759, -0.0632109, 0.0803735, -2.51639, 0.00686498, 0.742971, 0.669289, 1.72984, 0.0, 0.0, 0.0, 1.0]}, "0dc414c929d0466988a1ec272f8829a9_d0_0.png": {"intrinsics": {"fx": 1075.13, "fy": 1075.85, "cx": 626.934, "cy": 510.253}, "camera_to_world_matrix": [-0.805048, 0.412909, 0.425912, -2.79539, 0.592852, 0.535201, 0.601734, -7.94168, 0.0205132, 0.736929, -0.675659, 1.72102, 0.0, 0.0, 0.0, 1.0]}, "0dc414c929d0466988a1ec272f8829a9_d0_1.png": {"intrinsics": {"fx": 1075.13, "fy": 1075.85, "cx": 626.934, "cy": 510.253}, "camera_to_world_matrix": [0.110785, 0.675044, 0.72941, -2.80124, 0.993843, -0.0749052, -0.0816257, -7.92836, -0.000463971, 0.733963, -0.679188, 1.72109, 0.0, 0.0, 0.0, 1.0]}, "0dc414c929d0466988a1ec272f8829a9_d0_2.png": {"intrinsics": {"fx": 1075.13, "fy": 1075.85, "cx": 626.934, "cy": 510.253}, "camera_to_world_matrix": [0.915958, 0.27787, 0.289495, -2.79264, 0.400993, -0.60697, -0.686141, -7.91663, -0.0149434, 0.744562, -0.667385, 1.72086, 0.0, 0.0, 0.0, 1.0]}, "0dc414c929d0466988a1ec272f8829a9_d0_3.png": {"intrinsics": {"fx": 1075.13, "fy": 1075.85, "cx": 626.934, "cy": 510.253}, "camera_to_world_matrix": [0.805279, -0.38143, -0.45391, -2.77818, -0.592833, -0.528918, -0.607283, -7.91822, -0.00844531, 0.758126, -0.652053, 1.72056, 0.0, 0.0, 0.0, 1.0]}, "0dc414c929d0466988a1ec272f8829a9_d0_4.png": {"intrinsics": {"fx": 1075.13, "fy": 1075.85, "cx": 626.934, "cy": 510.253}, "camera_to_world_matrix": [-0.110569, -0.643541, -0.757382, -2.77232, -0.993788, 0.0811982, 0.0760889, -7.93154, 0.0125321, 0.761091, -0.648524, 1.72049, 0.0, 0.0, 0.0, 1.0]}, "0dc414c929d0466988a1ec272f8829a9_d0_5.png": {"intrinsics": {"fx": 1075.13, "fy": 1075.85, "cx": 626.934, "cy": 510.253}, "camera_to_world_matrix": [-0.915719, -0.246346, -0.317442, -2.78093, -0.400907, 0.613248, 0.680587, -7.94327, 0.0270109, 0.750492, -0.660327, 1.72072, 0.0, 0.0, 0.0, 1.0]}, "0dc414c929d0466988a1ec272f8829a9_d1_0.png": {"intrinsics": {"fx": 1072.87, "fy": 1073.53, "cx": 617.821, "cy": 524.986}, "camera_to_world_matrix": [-0.805876, 0.0306731, 0.59129, -2.78815, 0.59168, 0.00480897, 0.806159, -7.93264, 0.0218838, 0.999518, -0.0220237, 1.75409, 0.0, 0.0, 0.0, 1.0]}, "0dc414c929d0466988a1ec272f8829a9_d1_1.png": {"intrinsics": {"fx": 1072.87, "fy": 1073.53, "cx": 617.821, "cy": 524.986}, "camera_to_world_matrix": [0.109365, 0.0264042, 0.993651, -2.78956, 0.994001, -0.00382389, -0.109302, -7.92943, 0.000913475, 0.999644, -0.0266636, 1.7541, 0.0, 0.0, 0.0, 1.0]}, "0dc414c929d0466988a1ec272f8829a9_d1_2.png": {"intrinsics": {"fx": 1072.87, "fy": 1073.53, "cx": 617.821, "cy": 524.986}, "camera_to_world_matrix": [0.915394, 0.0167948, 0.402209, -2.78749, 0.40233, -0.00444181, -0.915484, -7.92661, -0.0135889, 0.999849, -0.0108226, 1.75405, 0.0, 0.0, 0.0, 1.0]}, "0dc414c929d0466988a1ec272f8829a9_d1_3.png": {"intrinsics": {"fx": 1072.87, "fy": 1073.53, "cx": 617.821, "cy": 524.986}, "camera_to_world_matrix": [0.806164, 0.0114544, -0.591582, -2.78401, -0.59165, 0.00357313, -0.806187, -7.92699, -0.0071207, 0.999928, 0.00965793, 1.75398, 0.0, 0.0, 0.0, 1.0]}, "0dc414c929d0466988a1ec272f8829a9_d1_4.png": {"intrinsics": {"fx": 1072.87, "fy": 1073.53, "cx": 617.821, "cy": 524.986}, "camera_to_world_matrix": [-0.109093, 0.0157236, -0.993907, -2.78261, -0.993935, 0.0122058, 0.109289, -7.9302, 0.0138498, 0.999802, 0.0142971, 1.75396, 0.0, 0.0, 0.0, 1.0]}, "0dc414c929d0466988a1ec272f8829a9_d1_5.png": {"intrinsics": {"fx": 1072.87, "fy": 1073.53, "cx": 617.821, "cy": 524.986}, "camera_to_world_matrix": [-0.915099, 0.0253331, -0.402433, -2.78468, -0.402232, 0.0128234, 0.915448, -7.93302, 0.0283516, 0.999597, -0.00154448, 1.75402, 0.0, 0.0, 0.0, 1.0]}, "0dc414c929d0466988a1ec272f8829a9_d2_0.png": {"intrinsics": {"fx": 1077.41, "fy": 1077.63, "cx": 637.958, "cy": 535.34}, "camera_to_world_matrix": [-0.811753, -0.367374, 0.453975, -2.79399, 0.583621, -0.538364, 0.607908, -7.9414, 0.021074, 0.75842, 0.651426, 1.7875, 0.0, 0.0, 0.0, 1.0]}, "0dc414c929d0466988a1ec272f8829a9_d2_1.png": {"intrinsics": {"fx": 1077.41, "fy": 1077.63, "cx": 637.958, "cy": 535.34}, "camera_to_world_matrix": [0.0994412, -0.644688, 0.757951, -2.79984, 0.995044, 0.0643122, -0.0758451, -7.92808, 0.000150791, 0.761736, 0.647888, 1.78757, 0.0, 0.0, 0.0, 1.0]}, "0dc414c929d0466988a1ec272f8829a9_d2_2.png": {"intrinsics": {"fx": 1077.41, "fy": 1077.63, "cx": 637.958, "cy": 535.34}, "camera_to_world_matrix": [0.911327, -0.261537, 0.317933, -2.79124, 0.411427, 0.605811, -0.68097, -7.91635, -0.0145088, 0.751393, 0.659696, 1.78734, 0.0, 0.0, 0.0, 1.0]}, "0dc414c929d0466988a1ec272f8829a9_d2_3.png": {"intrinsics": {"fx": 1077.41, "fy": 1077.63, "cx": 637.958, "cy": 535.34}, "camera_to_world_matrix": [0.812001, 0.398919, -0.42605, -2.77678, -0.583599, 0.544621, -0.60233, -7.91794, -0.00824483, 0.737734, 0.675041, 1.78704, 0.0, 0.0, 0.0, 1.0]}, "0dc414c929d0466988a1ec272f8829a9_d2_4.png": {"intrinsics": {"fx": 1077.41, "fy": 1077.63, "cx": 637.958, "cy": 535.34}, "camera_to_world_matrix": [-0.0992097, 0.676208, -0.73, -2.77092, -0.994986, -0.0580661, 0.0814348, -7.93126, 0.0126785, 0.734418, 0.678579, 1.78698, 0.0, 0.0, 0.0, 1.0]}, "0dc414c929d0466988a1ec272f8829a9_d2_5.png": {"intrinsics": {"fx": 1077.41, "fy": 1077.63, "cx": 637.958, "cy": 535.34}, "camera_to_world_matrix": [-0.911073, 0.293037, -0.289959, -2.77953, -0.411338, -0.59955, 0.686543, -7.94299, 0.0273375, 0.744762, 0.666771, 1.78721, 0.0, 0.0, 0.0, 1.0]}, "0e319c291d6e43c5a3acf48b4dd5c2be_d0_0.png": {"intrinsics": {"fx": 1075.13, "fy": 1075.85, "cx": 626.934, "cy": 510.253}, "camera_to_world_matrix": [-0.734164, 0.457312, 0.501863, -0.513901, 0.678711, 0.473856, 0.56108, -1.60391, 0.018778, 0.752546, -0.658272, 1.66953, 0.0, 0.0, 0.0, 1.0]}, "0e319c291d6e43c5a3acf48b4dd5c2be_d0_1.png": {"intrinsics": {"fx": 1075.13, "fy": 1075.85, "cx": 626.934, "cy": 510.253}, "camera_to_world_matrix": [0.22089, 0.649803, 0.727297, -0.518234, 0.975114, -0.1616, -0.151775, -1.59002, 0.0189076, 0.742724, -0.66933, 1.66975, 0.0, 0.0, 0.0, 1.0]}, "0e319c291d6e43c5a3acf48b4dd5c2be_d0_2.png": {"intrinsics": {"fx": 1075.13, "fy": 1075.85, "cx": 626.934, "cy": 510.253}, "camera_to_world_matrix": [0.955075, 0.195663, 0.222588, -0.508372, 0.296296, -0.646042, -0.703446, -1.57932, 0.0061637, 0.737797, -0.674995, 1.66986, 0.0, 0.0, 0.0, 1.0]}, "0e319c291d6e43c5a3acf48b4dd5c2be_d0_3.png": {"intrinsics": {"fx": 1075.13, "fy": 1075.85, "cx": 626.934, "cy": 510.253}, "camera_to_world_matrix": [0.734189, -0.45096, -0.507543, -0.494176, -0.67891, -0.495019, -0.54225, -1.58251, -0.0067095, 0.742691, -0.669601, 1.66975, 0.0, 0.0, 0.0, 1.0]}, "0e319c291d6e43c5a3acf48b4dd5c2be_d0_4.png": {"intrinsics": {"fx": 1075.13, "fy": 1075.85, "cx": 626.934, "cy": 510.253}, "camera_to_world_matrix": [-0.220877, -0.643427, -0.732948, -0.489844, -0.975277, 0.140444, 0.170613, -1.5964, -0.00683851, 0.752513, -0.658542, 1.66954, 0.0, 0.0, 0.0, 1.0]}, "0e319c291d6e43c5a3acf48b4dd5c2be_d0_5.png": {"intrinsics": {"fx": 1075.13, "fy": 1075.85, "cx": 626.934, "cy": 510.253}, "camera_to_world_matrix": [-0.955035, -0.189267, -0.228218, -0.499707, -0.29643, 0.624869, 0.722265, -1.6071, 0.00590565, 0.75744, -0.652878, 1.66943, 0.0, 0.0, 0.0, 1.0]}, "0e319c291d6e43c5a3acf48b4dd5c2be_d1_0.png": {"intrinsics": {"fx": 1072.87, "fy": 1073.53, "cx": 617.821, "cy": 524.986}, "camera_to_world_matrix": [-0.735141, 0.0138804, 0.677773, -0.50627, 0.677616, -0.0146199, 0.735271, -1.59625, 0.0201147, 0.999797, 0.00134251, 1.70286, 0.0, 0.0, 0.0, 1.0]}, "0e319c291d6e43c5a3acf48b4dd5c2be_d1_1.png": {"intrinsics": {"fx": 1072.87, "fy": 1073.53, "cx": 617.821, "cy": 524.986}, "camera_to_world_matrix": [0.219473, 0.00867411, 0.97558, -0.507312, 0.975408, -0.0227224, -0.219233, -1.59291, 0.0202658, 0.999704, -0.0134473, 1.70292, 0.0, 0.0, 0.0, 1.0]}, "0e319c291d6e43c5a3acf48b4dd5c2be_d1_2.png": {"intrinsics": {"fx": 1072.87, "fy": 1073.53, "cx": 617.821, "cy": 524.986}, "camera_to_world_matrix": [0.954641, -0.00094641, 0.297759, -0.504939, 0.297665, -0.0222657, -0.954411, -1.59034, 0.00753298, 0.999752, -0.0209736, 1.70294, 0.0, 0.0, 0.0, 1.0]}, "0e319c291d6e43c5a3acf48b4dd5c2be_d1_3.png": {"intrinsics": {"fx": 1072.87, "fy": 1073.53, "cx": 617.821, "cy": 524.986}, "camera_to_world_matrix": [0.735178, -0.00536046, -0.677854, -0.501525, -0.677854, -0.0137064, -0.735069, -1.59111, -0.00535071, 0.999892, -0.0137098, 1.70292, 0.0, 0.0, 0.0, 1.0]}, "0e319c291d6e43c5a3acf48b4dd5c2be_d1_4.png": {"intrinsics": {"fx": 1072.87, "fy": 1073.53, "cx": 617.821, "cy": 524.986}, "camera_to_world_matrix": [-0.219449, -0.000153893, -0.975624, -0.500483, -0.975609, -0.005604, 0.219446, -1.59445, -0.00550127, 0.999985, 0.00108005, 1.70287, 0.0, 0.0, 0.0, 1.0]}, "0e319c291d6e43c5a3acf48b4dd5c2be_d1_5.png": {"intrinsics": {"fx": 1072.87, "fy": 1073.53, "cx": 617.821, "cy": 524.986}, "camera_to_world_matrix": [-0.95459, 0.00946661, -0.297775, -0.502855, -0.297837, -0.00606113, 0.954598, -1.59702, 0.00723185, 0.999937, 0.0086058, 1.70284, 0.0, 0.0, 0.0, 1.0]}, "0e319c291d6e43c5a3acf48b4dd5c2be_d2_0.png": {"intrinsics": {"fx": 1077.41, "fy": 1077.63, "cx": 637.958, "cy": 535.34}, "camera_to_world_matrix": [-0.741865, -0.438053, 0.507687, -0.513618, 0.670278, -0.50598, 0.542874, -1.60485, 0.0190721, 0.743031, 0.668986, 1.73603, 0.0, 0.0, 0.0, 1.0]}, "0e319c291d6e43c5a3acf48b4dd5c2be_d2_1.png": {"intrinsics": {"fx": 1077.41, "fy": 1077.63, "cx": 637.958, "cy": 535.34}, "camera_to_world_matrix": [0.209742, -0.64646, 0.733552, -0.517951, 0.977565, 0.123784, -0.170424, -1.59096, 0.0193705, 0.75284, 0.65792, 1.73624, 0.0, 0.0, 0.0, 1.0]}, "0e319c291d6e43c5a3acf48b4dd5c2be_d2_2.png": {"intrinsics": {"fx": 1077.41, "fy": 1077.63, "cx": 637.958, "cy": 535.34}, "camera_to_world_matrix": [0.95163, -0.205205, 0.228674, -0.508088, 0.307174, 0.619163, -0.722691, -1.58026, 0.00671321, 0.757977, 0.652248, 1.73635, 0.0, 0.0, 0.0, 1.0]}, "0e319c291d6e43c5a3acf48b4dd5c2be_d2_3.png": {"intrinsics": {"fx": 1077.41, "fy": 1077.63, "cx": 637.958, "cy": 535.34}, "camera_to_world_matrix": [0.741894, 0.444447, -0.502056, -0.493893, -0.670489, 0.484766, -0.561647, -1.58346, -0.00624228, 0.753305, 0.657642, 1.73625, 0.0, 0.0, 0.0, 1.0]}, "0e319c291d6e43c5a3acf48b4dd5c2be_d2_4.png": {"intrinsics": {"fx": 1077.41, "fy": 1077.63, "cx": 637.958, "cy": 535.34}, "camera_to_world_matrix": [-0.209726, 0.65283, -0.727893, -0.48956, -0.977739, -0.145006, 0.151661, -1.59734, -0.00654016, 0.743496, 0.668709, 1.73603, 0.0, 0.0, 0.0, 1.0]}, "0e319c291d6e43c5a3acf48b4dd5c2be_d2_5.png": {"intrinsics": {"fx": 1077.41, "fy": 1077.63, "cx": 637.958, "cy": 535.34}, "camera_to_world_matrix": [-0.951588, 0.211556, -0.222994, -0.499423, -0.307319, -0.640367, 0.703907, -1.60804, 0.00611748, 0.738359, 0.674381, 1.73592, 0.0, 0.0, 0.0, 1.0]}, "12300fc342ab4d54b9a19ff57889ce14_d0_0.png": {"intrinsics": {"fx": 1075.13, "fy": 1075.85, "cx": 626.934, "cy": 510.253}, "camera_to_world_matrix": [0.784198, -0.430314, -0.447059, 2.48507, -0.620094, -0.517101, -0.58999, -4.90233, 0.0227069, 0.739888, -0.672346, 1.70197, 0.0, 0.0, 0.0, 1.0]}, "12300fc342ab4d54b9a19ff57889ce14_d0_1.png": {"intrinsics": {"fx": 1075.13, "fy": 1075.85, "cx": 626.934, "cy": 510.253}, "camera_to_world_matrix": [-0.144909, -0.671309, -0.726872, 2.49047, -0.989433, 0.101641, 0.103382, -4.91584, 0.0044792, 0.734174, -0.678946, 1.7021, 0.0, 0.0, 0.0, 1.0]}, "12300fc342ab4d54b9a19ff57889ce14_d0_2.png": {"intrinsics": {"fx": 1075.13, "fy": 1075.85, "cx": 626.934, "cy": 510.253}, "camera_to_world_matrix": [-0.929225, -0.256055, -0.266409, 2.48146, -0.369309, 0.619771, 0.692454, -4.92727, -0.0121939, 0.741834, -0.670473, 1.70193, 0.0, 0.0, 0.0, 1.0]}, "12300fc342ab4d54b9a19ff57889ce14_d0_3.png": {"intrinsics": {"fx": 1075.13, "fy": 1075.85, "cx": 626.934, "cy": 510.253}, "camera_to_world_matrix": [-0.784417, 0.400183, 0.473859, 2.46707, 0.620141, 0.519148, 0.58814, -4.92518, -0.0106388, 0.755207, -0.6554, 1.70164, 0.0, 0.0, 0.0, 1.0]}, "12300fc342ab4d54b9a19ff57889ce14_d0_4.png": {"intrinsics": {"fx": 1075.13, "fy": 1075.85, "cx": 626.934, "cy": 510.253}, "camera_to_world_matrix": [0.144705, 0.641153, 0.753645, 2.46167, 0.989445, -0.0996037, -0.105243, -4.91167, 0.00758921, 0.76092, -0.648801, 1.70151, 0.0, 0.0, 0.0, 1.0]}, "12300fc342ab4d54b9a19ff57889ce14_d0_5.png": {"intrinsics": {"fx": 1075.13, "fy": 1075.85, "cx": 626.934, "cy": 510.253}, "camera_to_world_matrix": [0.928996, 0.22588, 0.293158, 2.47068, 0.369289, -0.617718, -0.694297, -4.90024, 0.0242618, 0.75326, -0.657274, 1.70168, 0.0, 0.0, 0.0, 1.0]}, "12300fc342ab4d54b9a19ff57889ce14_d1_0.png": {"intrinsics": {"fx": 1072.87, "fy": 1073.53, "cx": 617.821, "cy": 524.986}, "camera_to_world_matrix": [0.785067, -0.0297871, -0.618695, 2.47757, -0.618944, 0.00109145, -0.785435, -4.91096, 0.024071, 0.999556, -0.0175793, 1.73509, 0.0, 0.0, 0.0, 1.0]}, "12300fc342ab4d54b9a19ff57889ce14_d1_1.png": {"intrinsics": {"fx": 1072.87, "fy": 1073.53, "cx": 617.821, "cy": 524.986}, "camera_to_world_matrix": [-0.143494, -0.0252237, -0.98933, 2.47886, -0.989634, 0.00957283, 0.143294, -4.91421, 0.00585617, 0.999636, -0.0263354, 1.73512, 0.0, 0.0, 0.0, 1.0]}, "12300fc342ab4d54b9a19ff57889ce14_d1_2.png": {"intrinsics": {"fx": 1072.87, "fy": 1073.53, "cx": 617.821, "cy": 524.986}, "camera_to_world_matrix": [-0.928707, -0.0155985, -0.370488, 2.4767, -0.370658, 0.00986075, 0.928717, -4.91696, -0.0108334, 0.99983, -0.014939, 1.73508, 0.0, 0.0, 0.0, 1.0]}, "12300fc342ab4d54b9a19ff57889ce14_d1_3.p