{"001bbb5e23924117ac9b95c36ebd2089_d0_0.png": {"intrinsics": {"fx": 1071.49, "fy": 1071.67, "cx": 637.041, "cy": 513.587}, "camera_to_world_matrix": [0.970731, -0.159634, -0.179442, 9.96234, -0.240165, -0.65077, -0.720292, -2.87619, -0.00179226, 0.742305, -0.67006, 3.40974, 0.0, 0.0, 0.0, 1.0]}, "001bbb5e23924117ac9b95c36ebd2089_d0_1.png": {"intrinsics": {"fx": 1071.49, "fy": 1071.67, "cx": 637.041, "cy": 513.587}, "camera_to_world_matrix": [0.277412, -0.628323, -0.726811, 9.9729, -0.960693, -0.189764, -0.202632, -2.8862, -0.0106045, 0.754454, -0.656267, 3.40947, 0.0, 0.0, 0.0, 1.0]}, "001bbb5e23924117ac9b95c36ebd2089_d0_2.png": {"intrinsics": {"fx": 1071.49, "fy": 1071.67, "cx": 637.041, "cy": 513.587}, "camera_to_world_matrix": [-0.693256, -0.463298, -0.552044, 9.96951, -0.720692, 0.446624, 0.530218, -2.90035, 0.000906672, 0.76543, -0.643519, 3.40922, 0.0, 0.0, 0.0, 1.0]}, "001bbb5e23924117ac9b95c36ebd2089_d0_3.png": {"intrinsics": {"fx": 1071.49, "fy": 1071.67, "cx": 637.041, "cy": 513.587}, "camera_to_world_matrix": [-0.970583, 0.170411, 0.170088, 9.95556, 0.239832, 0.621991, 0.745392, -2.90448, 0.0212299, 0.764256, -0.644563, 3.40925, 0.0, 0.0, 0.0, 1.0]}, "001bbb5e23924117ac9b95c36ebd2089_d0_4.png": {"intrinsics": {"fx": 1071.49, "fy": 1071.67, "cx": 637.041, "cy": 513.587}, "camera_to_world_matrix": [-0.277236, 0.639082, 0.717437, 9.945, 0.960333, 0.160967, 0.22771, -2.89448, 0.0300415, 0.752107, -0.658356, 3.40951, 0.0, 0.0, 0.0, 1.0]}, "001bbb5e23924117ac9b95c36ebd2089_d0_5.png": {"intrinsics": {"fx": 1071.49, "fy": 1071.67, "cx": 637.041, "cy": 513.587}, "camera_to_world_matrix": [0.693423, 0.474032, 0.542641, 9.94839, 0.720293, -0.475414, -0.505133, -2.88033, 0.0185296, 0.741131, -0.671104, 3.40976, 0.0, 0.0, 0.0, 1.0]}, "001bbb5e23924117ac9b95c36ebd2089_d1_0.png": {"intrinsics": {"fx": 1077.15, "fy": 1077.62, "cx": 636.04, "cy": 512.33}, "camera_to_world_matrix": [0.972495, -0.000297714, -0.232926, 9.96, -0.232923, -0.00635746, -0.972475, -2.88757, -0.00119149, 0.99998, -0.00625123, 3.44279, 0.0, 0.0, 0.0, 1.0]}, "001bbb5e23924117ac9b95c36ebd2089_d1_1.png": {"intrinsics": {"fx": 1077.15, "fy": 1077.62, "cx": 636.04, "cy": 512.33}, "camera_to_world_matrix": [0.284577, 0.0144496, -0.958545, 9.96254, -0.958601, -0.00628751, -0.284688, -2.88998, -0.0101407, 0.999876, 0.0120628, 3.44273, 0.0, 0.0, 0.0, 1.0]}, "001bbb5e23924117ac9b95c36ebd2089_d1_2.png": {"intrinsics": {"fx": 1077.15, "fy": 1077.62, "cx": 636.04, "cy": 512.33}, "camera_to_world_matrix": [-0.687852, 0.021882, -0.725522, 9.96172, -0.725851, -0.0190222, 0.68759, -2.89338, 0.00124464, 0.99958, 0.0289682, 3.44267, 0.0, 0.0, 0.0, 1.0]}, "001bbb5e23924117ac9b95c36ebd2089_d1_3.png": {"intrinsics": {"fx": 1077.15, "fy": 1077.62, "cx": 636.04, "cy": 512.33}, "camera_to_world_matrix": [-0.972341, 0.0145668, 0.233115, 9.95837, 0.232571, -0.0318265, 0.972059, -2.89438, 0.0215789, 0.999388, 0.0275591, 3.44268, 0.0, 0.0, 0.0, 1.0]}, "001bbb5e23924117ac9b95c36ebd2089_d1_4.png": {"intrinsics": {"fx": 1077.15, "fy": 1077.62, "cx": 636.04, "cy": 512.33}, "camera_to_world_matrix": [-0.284394, -0.000180512, 0.958708, 9.95583, 0.958222, -0.0318959, 0.284243, -2.89197, 0.0305273, 0.999492, 0.00924467, 3.44274, 0.0, 0.0, 0.0, 1.0]}, "001bbb5e23924117ac9b95c36ebd2089_d1_5.png": {"intrinsics": {"fx": 1077.15, "fy": 1077.62, "cx": 636.04, "cy": 512.33}, "camera_to_world_matrix": [0.688026, -0.00761236, 0.725647, 9.95665, 0.725434, -0.0191609, -0.688025, -2.88856, 0.0191414, 0.999788, -0.00766024, 3.4428, 0.0, 0.0, 0.0, 1.0]}, "001bbb5e23924117ac9b95c36ebd2089_d2_0.png": {"intrinsics": {"fx": 1074.75, "fy": 1074.95, "cx": 638.759, "cy": 502.199}, "camera_to_world_matrix": [0.973055, 0.153875, -0.171714, 9.96281, -0.230531, 0.635427, -0.736945, -2.87746, -0.00428559, 0.756674, 0.653778, 3.47622, 0.0, 0.0, 0.0, 1.0]}, "001bbb5e23924117ac9b95c36ebd2089_d2_1.png": {"intrinsics": {"fx": 1074.75, "fy": 1074.95, "cx": 638.759, "cy": 502.199}, "camera_to_world_matrix": [0.286865, 0.642293, -0.710752, 9.97337, -0.957879, 0.182032, -0.222108, -2.88747, -0.013279, 0.744529, 0.667457, 3.47596, 0.0, 0.0, 0.0, 1.0]}, "001bbb5e23924117ac9b95c36ebd2089_d2_2.png": {"intrinsics": {"fx": 1074.75, "fy": 1074.95, "cx": 638.759, "cy": 502.199}, "camera_to_world_matrix": [-0.686146, 0.493723, -0.534266, 9.96998, -0.727461, -0.467633, 0.502116, -2.90161, -0.00193405, 0.733182, 0.680029, 3.47571, 0.0, 0.0, 0.0, 1.0]}, "001bbb5e23924117ac9b95c36ebd2089_d2_3.png": {"intrinsics": {"fx": 1074.75, "fy": 1074.95, "cx": 638.759, "cy": 502.199}, "camera_to_world_matrix": [-0.972946, -0.143261, 0.181254, 9.95603, 0.2303, -0.663889, 0.711487, -2.90575, 0.018404, 0.73398, 0.678921, 3.47573, 0.0, 0.0, 0.0, 1.0]}, "001bbb5e23924117ac9b95c36ebd2089_d2_4.png": {"intrinsics": {"fx": 1074.75, "fy": 1074.95, "cx": 638.759, "cy": 502.199}, "camera_to_world_matrix": [-0.286727, -0.631662, 0.720272, 9.94547, 0.95762, -0.210476, 0.196629, -2.89575, 0.0273967, 0.746125, 0.665241, 3.476, 0.0, 0.0, 0.0, 1.0]}, "001bbb5e23924117ac9b95c36ebd2089_d2_5.png": {"intrinsics": {"fx": 1074.75, "fy": 1074.95, "cx": 638.759, "cy": 502.199}, "camera_to_world_matrix": [0.686276, -0.483067, 0.543757, 9.94886, 0.727164, 0.439184, -0.527589, -2.8816, 0.0160511, 0.757472, 0.65267, 3.47624, 0.0, 0.0, 0.0, 1.0]}, "02bd5a1147a44dd8b9c9e99b8938dc2d_d0_0.png": {"intrinsics": {"fx": 1071.49, "fy": 1071.67, "cx": 637.041, "cy": 513.587}, "camera_to_world_matrix": [-0.456845, -0.580979, -0.673615, 10.3435, -0.889473, 0.308059, 0.337545, -1.88996, 0.0114067, 0.753368, -0.6575, 1.17167, 0.0, 0.0, 0.0, 1.0]}, "02bd5a1147a44dd8b9c9e99b8938dc2d_d0_1.png": {"intrinsics": {"fx": 1071.49, "fy": 1071.67, "cx": 637.041, "cy": 513.587}, "camera_to_world_matrix": [-0.99874, -0.0244363, -0.0438276, 10.3313, -0.0490708, 0.658205, 0.751238, -1.89794, 0.01049, 0.752443, -0.658574, 1.17169, 0.0, 0.0, 0.0, 1.0]}, "02bd5a1147a44dd8b9c9e99b8938dc2d_d0_2.png": {"intrinsics": {"fx": 1071.49, "fy": 1071.67, "cx": 637.041, "cy": 513.587}, "camera_to_world_matrix": [-0.541866, 0.557067, 0.629331, 10.3183, 0.840419, 0.35129, 0.412665, -1.89138, 0.0088038, 0.752511, -0.658521, 1.17169, 0.0, 0.0, 0.0, 1.0]}, "02bd5a1147a44dd8b9c9e99b8938dc2d_d0_3.png": {"intrinsics": {"fx": 1071.49, "fy": 1071.67, "cx": 637.041, "cy": 513.587}, "camera_to_world_matrix": [0.456893, 0.582014, 0.672688, 10.3175, 0.889486, -0.305763, -0.339595, -1.87686, 0.00803433, 0.753505, -0.657394, 1.17167, 0.0, 0.0, 0.0, 1.0]}, "02bd5a1147a44dd8b9c9e99b8938dc2d_d0_4.png": {"intrinsics": {"fx": 1071.49, "fy": 1071.67, "cx": 637.041, "cy": 513.587}, "camera_to_world_matrix": [0.998756, 0.0254576, 0.0428846, 10.3297, 0.0490617, -0.655887, -0.753263, -1.86888, 0.00895104, 0.75443, -0.656319, 1.17165, 0.0, 0.0, 0.0, 1.0]}, "02bd5a1147a44dd8b9c9e99b8938dc2d_d0_5.png": {"intrinsics": {"fx": 1071.49, "fy": 1071.67, "cx": 637.041, "cy": 513.587}, "camera_to_world_matrix": [0.541847, -0.556033, -0.630261, 10.3427, -0.84041, -0.348949, -0.414663, -1.87543, 0.0106373, 0.754362, -0.656373, 1.17165, 0.0, 0.0, 0.0, 1.0]}, "02bd5a1147a44dd8b9c9e99b8938dc2d_d1_0.png": {"intrinsics": {"fx": 1077.15, "fy": 1077.62, "cx": 636.04, "cy": 512.33}, "camera_to_world_matrix": [-0.450191, 0.0147999, -0.89281, 10.3336, -0.892854, 0.00584435, 0.45031, -1.88493, 0.0118822, 0.999874, 0.0105838, 1.20492, 0.0, 0.0, 0.0, 1.0]}, "02bd5a1147a44dd8b9c9e99b8938dc2d_d1_1.png": {"intrinsics": {"fx": 1077.15, "fy": 1077.62, "cx": 636.04, "cy": 512.33}, "camera_to_world_matrix": [-0.998342, 0.0114761, -0.0564233, 10.3307, -0.0565224, -0.00852405, 0.998365, -1.88685, 0.0109762, 0.999898, 0.00915928, 1.20492, 0.0, 0.0, 0.0, 1.0]}, "02bd5a1147a44dd8b9c9e99b8938dc2d_d1_2.png": {"intrinsics": {"fx": 1077.15, "fy": 1077.62, "cx": 636.04, "cy": 512.33}, "camera_to_world_matrix": [-0.548121, -0.00262933, 0.836395, 10.3276, 0.836348, -0.0128295, 0.548049, -1.88528, 0.00928936, 0.999915, 0.00923187, 1.20492, 0.0, 0.0, 0.0, 1.0]}, "02bd5a1147a44dd8b9c9e99b8938dc2d_d1_3.png": {"intrinsics": {"fx": 1077.15, "fy": 1077.62, "cx": 636.04, "cy": 512.33}, "camera_to_world_matrix": [0.45024, -0.0134106, 0.892807, 10.3274, 0.892868, -0.0027665, -0.450312, -1.88178, 0.00850869, 0.999907, 0.010729, 1.20492, 0.0, 0.0, 0.0, 1.0]}, "02bd5a1147a44dd8b9c9e99b8938dc2d_d1_4.png": {"intrinsics": {"fx": 1077.15, "fy": 1077.62, "cx": 636.04, "cy": 512.33}, "camera_to_world_matrix": [0.998358, -0.0100862, 0.0563992, 10.3303, 0.0565148, 0.0116018, -0.998335, -1.87986, 0.00941483, 0.999882, 0.0121534, 1.20491, 0.0, 0.0, 0.0, 1.0]}, "02bd5a1147a44dd8b9c9e99b8938dc2d_d1_5.png": {"intrinsics": {"fx": 1077.15, "fy": 1077.62, "cx": 636.04, "cy": 512.33}, "camera_to_world_matrix": [0.548102, 0.00401941, -0.836402, 10.3334, -0.836339, 0.0159067, -0.547984, -1.88144, 0.0111016, 0.999866, 0.0120808, 1.20491, 0.0, 0.0, 0.0, 1.0]}, "02bd5a1147a44dd8b9c9e99b8938dc2d_d2_0.png": {"intrinsics": {"fx": 1074.75, "fy": 1074.95, "cx": 638.759, "cy": 502.199}, "camera_to_world_matrix": [-0.448057, 0.598729, -0.663903, 10.3435, -0.893961, -0.292791, 0.339272, -1.88986, 0.00874734, 0.745517, 0.666428, 1.23817, 0.0, 0.0, 0.0, 1.0]}, "02bd5a1147a44dd8b9c9e99b8938dc2d_d2_1.png": {"intrinsics": {"fx": 1074.75, "fy": 1074.95, "cx": 638.759, "cy": 502.199}, "camera_to_world_matrix": [-0.998231, 0.0450572, -0.0387805, 10.3314, -0.0589284, -0.663888, 0.745507, -1.89783, 0.00784467, 0.746473, 0.665369, 1.23819, 0.0, 0.0, 0.0, 1.0]}, "02bd5a1147a44dd8b9c9e99b8938dc2d_d2_2.png": {"intrinsics": {"fx": 1074.75, "fy": 1074.95, "cx": 638.759, "cy": 502.199}, "camera_to_world_matrix": [-0.550146, -0.553155, 0.625587, 10.3184, 0.835045, -0.369935, 0.407243, -1.89128, 0.00615765, 0.746437, 0.665427, 1.23819, 0.0, 0.0, 0.0, 1.0]}, "02bd5a1147a44dd8b9c9e99b8938dc2d_d2_3.png": {"intrinsics": {"fx": 1074.75, "fy": 1074.95, "cx": 638.759, "cy": 502.199}, "camera_to_world_matrix": [0.448102, -0.597682, 0.664816, 10.3175, 0.893966, 0.295109, -0.337247, -1.87675, 0.00537336, 0.745444, 0.666546, 1.23817, 0.0, 0.0, 0.0, 1.0]}, "02bd5a1147a44dd8b9c9e99b8938dc2d_d2_4.png": {"intrinsics": {"fx": 1074.75, "fy": 1074.95, "cx": 638.759, "cy": 502.199}, "camera_to_world_matrix": [0.998243, -0.0439953, 0.0396776, 10.3297, 0.058911, 0.666184, -0.743457, -1.86878, 0.00627612, 0.744488, 0.667605, 1.23814, 0.0, 0.0, 0.0, 1.0]}, "02bd5a1147a44dd8b9c9e99b8938dc2d_d2_5.png": {"intrinsics": {"fx": 1074.75, "fy": 1074.95, "cx": 638.759, "cy": 502.199}, "camera_to_world_matrix": [0.550123, 0.554206, -0.624676, 10.3427, -0.835045, 0.372207, -0.405167, -1.87533, 0.00796311, 0.744525, 0.667546, 1.23815, 0.0, 0.0, 0.0, 1.0]}, "04aa5667470f46d7add9cd55457cb1eb_d0_0.png": {"intrinsics": {"fx": 1071.49, "fy": 1071.67, "cx": 637.041, "cy": 513.587}, "camera_to_world_matrix": [0.983152, -0.127429, -0.131052, 10.8066, -0.182557, -0.648211, -0.739254, -2.88239, 0.00925289, 0.750723, -0.660552, 3.97696, 0.0, 0.0, 0.0, 1.0]}, "04aa5667470f46d7add9cd55457cb1eb_d0_1.png": {"intrinsics": {"fx": 1071.49, "fy": 1071.67, "cx": 637.041, "cy": 513.587}, "camera_to_world_matrix": [0.333498, -0.622498, -0.708008, 10.8177, -0.942733, -0.215492, -0.254597, -2.89176, 0.00591609, 0.75237, -0.658715, 3.97692, 0.0, 0.0, 0.0, 1.0]}, "04aa5667470f46d7add9cd55457cb1eb_d0_2.png": {"intrinsics": {"fx": 1071.49, "fy": 1071.67, "cx": 637.041, "cy": 513.587}, "camera_to_world_matrix": [-0.649664, -0.495277, -0.576748, 10.8151, -0.760195, 0.429605, 0.487385, -2.90608, 0.00638369, 0.755077, -0.655605, 3.97686, 0.0, 0.0, 0.0, 1.0]}, "04aa5667470f46d7add9cd55457cb1eb_d0_3.png": {"intrinsics": {"fx": 1071.49, "fy": 1071.67, "cx": 637.041, "cy": 513.587}, "camera_to_world_matrix": [-0.983151, 0.127012, 0.131466, 10.8015, 0.182515, 0.641968, 0.744692, -2.91103, 0.0101882, 0.756138, -0.654333, 3.97684, 0.0, 0.0, 0.0, 1.0]}, "04aa5667470f46d7add9cd55457cb1eb_d0_4.png": {"intrinsics": {"fx": 1071.49, "fy": 1071.67, "cx": 637.041, "cy": 513.587}, "camera_to_world_matrix": [-0.333467, 0.622065, 0.708403, 10.7903, 0.942665, 0.20923, 0.260012, -2.90166, 0.0135249, 0.754492, -0.65617, 3.97687, 0.0, 0.0, 0.0, 1.0]}, "04aa5667470f46d7add9cd55457cb1eb_d0_5.png": {"intrinsics": {"fx": 1071.49, "fy": 1071.67, "cx": 637.041, "cy": 513.587}, "camera_to_world_matrix": [0.649688, 0.494818, 0.577114, 10.7929, 0.760089, -0.435862, -0.481965, -2.88734, 0.0130571, 0.751785, -0.65928, 3.97693, 0.0, 0.0, 0.0, 1.0]}, "04aa5667470f46d7add9cd55457cb1eb_d1_0.png": {"intrinsics": {"fx": 1077.15, "fy": 1077.62, "cx": 636.04, "cy": 512.33}, "camera_to_world_matrix": [0.984483, -0.0084635, -0.175282, 10.8046, -0.175215, 0.00813854, -0.984497, -2.8934, 0.00975863, 0.999931, 0.00653002, 4.01016, 0.0, 0.0, 0.0, 1.0]}, "04aa5667470f46d7add9cd55457cb1eb_d1_1.png": {"intrinsics": {"fx": 1077.15, "fy": 1077.62, "cx": 636.04, "cy": 512.33}, "camera_to_world_matrix": [0.340523, 0.00625456, -0.940216, 10.8073, -0.940215, 0.00907571, -0.340462, -2.89566, 0.00640349, 0.99994, 0.00897182, 4.01015, 0.0, 0.0, 0.0, 1.0]}, "04aa5667470f46d7add9cd55457cb1eb_d1_2.png": {"intrinsics": {"fx": 1077.15, "fy": 1077.62, "cx": 636.04, "cy": 512.33}, "camera_to_world_matrix": [-0.64397, 0.0144251, -0.764916, 10.8067, -0.765021, -0.0032019, 0.643998, -2.8991, 0.00684034, 0.999891, 0.0130981, 4.01014, 0.0, 0.0, 0.0, 1.0]}, "04aa5667470f46d7add9cd55457cb1eb_d1_3.png": {"intrinsics": {"fx": 1077.15, "fy": 1077.62, "cx": 636.04, "cy": 512.33}, "camera_to_world_matrix": [-0.984482, 0.00787734, 0.175314, 10.8034, 0.175169, -0.0164164, 0.984402, -2.90029, 0.0106323, 0.999835, 0.0147825, 4.01013, 0.0, 0.0, 0.0, 1.0]}, "04aa5667470f46d7add9cd55457cb1eb_d1_4.png": {"intrinsics": {"fx": 1077.15, "fy": 1077.62, "cx": 636.04, "cy": 512.33}, "camera_to_world_matrix": [-0.340492, -0.00684075, 0.940223, 10.8007, 0.940144, -0.017353, 0.340337, -2.89804, 0.0139874, 0.999826, 0.0123406, 4.01014, 0.0, 0.0, 0.0, 1.0]}, "04aa5667470f46d7add9cd55457cb1eb_d1_5.png": {"intrinsics": {"fx": 1077.15, "fy": 1077.62, "cx": 636.04, "cy": 512.33}, "camera_to_world_matrix": [0.643994, -0.0150108, 0.764884, 10.8013, 0.764911, -0.00507509, -0.644117, -2.89459, 0.0135503, 0.999875, 0.00821429, 4.01016, 0.0, 0.0, 0.0, 1.0]}, "04aa5667470f46d7add9cd55457cb1eb_d2_0.png": {"intrinsics": {"fx": 1074.75, "fy": 1074.95, "cx": 638.759, "cy": 502.199}, "camera_to_world_matrix": [0.984927, 0.10978, -0.133664, 10.8065, -0.17284, 0.654295, -0.736223, -2.88266, 0.00663345, 0.748229, 0.663407, 4.04346, 0.0, 0.0, 0.0, 1.0]}, "04aa5667470f46d7add9cd55457cb1eb_d2_1.png": {"intrinsics": {"fx": 1074.75, "fy": 1074.95, "cx": 638.759, "cy": 502.199}, "camera_to_world_matrix": [0.342792, 0.624097, -0.702137, 10.8177, -0.939405, 0.230336, -0.253895, -2.89203, 0.00327238, 0.746625, 0.665237, 4.04342, 0.0, 0.0, 0.0, 1.0]}, "04aa5667470f46d7add9cd55457cb1eb_d2_2.png": {"intrinsics": {"fx": 1074.75, "fy": 1074.95, "cx": 638.759, "cy": 502.199}, "camera_to_world_matrix": [-0.642145, 0.514085, -0.568653, 10.8151, -0.766574, -0.427051, 0.479575, -2.90636, 0.00369931, 0.743871, 0.668312, 4.04336, 0.0, 0.0, 0.0, 1.0]}, "04aa5667470f46d7add9cd55457cb1eb_d2_3.png": {"intrinsics": {"fx": 1074.75, "fy": 1074.95, "cx": 638.759, "cy": 502.199}, "camera_to_world_matrix": [-0.984925, -0.110242, 0.133302, 10.8014, 0.17282, -0.660462, 0.7307, -2.91131, 0.00748731, 0.742722, 0.669557, 4.04334, 0.0, 0.0, 0.0, 1.0]}, "04aa5667470f46d7add9cd55457cb1eb_d2_4.png": {"intrinsics": {"fx": 1074.75, "fy": 1074.95, "cx": 638.759, "cy": 502.199}, "camera_to_world_matrix": [-0.342759, -0.624543, 0.701757, 10.7903, 0.93936, -0.236483, 0.24835, -2.90194, 0.0108483, 0.744327, 0.667727, 4.04337, 0.0, 0.0, 0.0, 1.0]}, "04aa5667470f46d7add9cd55457cb1eb_d2_5.png": {"intrinsics": {"fx": 1074.75, "fy": 1074.95, "cx": 638.759, "cy": 502.199}, "camera_to_world_matrix": [0.642171, -0.514505, 0.568243, 10.7929, 0.76649, 0.420899, -0.485115, -2.88761, 0.0104212, 0.74708, 0.664652, 4.04343, 0.0, 0.0, 0.0, 1.0]}, "05fc26a1c41b4e53acf49d8dd44db405_d0_0.png": {"intrinsics": {"fx": 1071.49, "fy": 1071.67, "cx": 637.041, "cy": 513.587}, "camera_to_world_matrix": [0.95247, -0.206599, -0.223873, 16.022, -0.30453, -0.626493, -0.717473, 2.25925, 0.0079743, 0.751547, -0.659631, 0.95971, 0.0, 0.0, 0.0, 1.0]}, "05fc26a1c41b4e53acf49d8dd44db405_d0_1.png": {"intrinsics": {"fx": 1071.49, "fy": 1071.67, "cx": 637.041, "cy": 513.587}, "camera_to_world_matrix": [0.212519, -0.643426, -0.735418, 16.0319, -0.977136, -0.135046, -0.164218, 2.24855, 0.00634693, 0.753503, -0.657414, 0.959667, 0.0, 0.0, 0.0, 1.0]}, "05fc26a1c41b4e53acf49d8dd44db405_d0_2.png": {"intrinsics": {"fx": 1071.49, "fy": 1071.67, "cx": 637.041, "cy": 513.587}, "camera_to_world_matrix": [-0.739947, -0.436222, -0.512044, 16.0275, -0.672616, 0.488978, 0.555417, 2.23466, 0.00809315, 0.755389, -0.655227, 0.959625, 0.0, 0.0, 0.0, 1.0]}, "05fc26a1c41b4e53acf49d8dd44db405_d0_3.png": {"intrinsics": {"fx": 1071.49, "fy": 1071.67, "cx": 637.041, "cy": 513.587}, "camera_to_world_matrix": [-0.952442, 0.207805, 0.22287, 16.0133, 0.304503, 0.62154, 0.72178, 2.23147, 0.0114668, 0.755319, -0.655257, 0.959625, 0.0, 0.0, 0.0, 1.0]}, "05fc26a1c41b4e53acf49d8dd44db405_d0_4.png": {"intrinsics": {"fx": 1071.49, "fy": 1071.67, "cx": 637.041, "cy": 513.587}, "camera_to_world_matrix": [-0.212466, 0.644612, 0.734393, 16.0035, 0.977081, 0.130075, 0.168505, 2.24216, 0.013094, 0.753363, -0.657474, 0.959668, 0.0, 0.0, 0.0, 1.0]}, "05fc26a1c41b4e53acf49d8dd44db405_d0_5.png": {"intrinsics": {"fx": 1071.49, "fy": 1071.67, "cx": 637.041, "cy": 513.587}, "camera_to_world_matrix": [0.739989, 0.437384, 0.510991, 16.0078, 0.672523, -0.493941, -0.551122, 2.25605, 0.0113477, 0.751477, -0.659661, 0.95971, 0.0, 0.0, 0.0, 1.0]}, "05fc26a1c41b4e53acf49d8dd44db405_d1_0.png": {"intrinsics": {"fx": 1077.15, "fy": 1077.62, "cx": 636.04, "cy": 512.33}, "camera_to_world_matrix": [0.954712, -0.00578069, -0.297477, 16.0187, -0.297413, 0.00992425, -0.954698, 2.24859, 0.00847086, 0.999934, 0.00775625, 0.992928, 0.0, 0.0, 0.0, 1.0]}, "05fc26a1c41b4e53acf49d8dd44db405_d1_1.png": {"intrinsics": {"fx": 1077.15, "fy": 1077.62, "cx": 636.04, "cy": 512.33}, "camera_to_world_matrix": [0.219805, 0.00893857, -0.975503, 16.0211, -0.97552, 0.00900631, -0.219727, 2.24602, 0.00682145, 0.99992, 0.0107001, 0.992917, 0.0, 0.0, 0.0, 1.0]}, "05fc26a1c41b4e53acf49d8dd44db405_d1_2.png": {"intrinsics": {"fx": 1077.15, "fy": 1077.62, "cx": 636.04, "cy": 512.33}, "camera_to_world_matrix": [-0.734904, 0.015503, -0.677995, 16.0201, -0.678119, -0.00419993, 0.734941, 2.24267, 0.00854609, 0.999871, 0.0136001, 0.992907, 0.0, 0.0, 0.0, 1.0]}, "05fc26a1c41b4e53acf49d8dd44db405_d1_3.png": {"intrinsics": {"fx": 1077.15, "fy": 1077.62, "cx": 636.04, "cy": 512.33}, "camera_to_world_matrix": [-0.954684, 0.00734809, 0.297531, 16.0167, 0.297384, -0.0164879, 0.954616, 2.24191, 0.0119201, 0.999837, 0.0135563, 0.992907, 0.0, 0.0, 0.0, 1.0]}, "05fc26a1c41b4e53acf49d8dd44db405_d1_4.png": {"intrinsics": {"fx": 1077.15, "fy": 1077.62, "cx": 636.04, "cy": 512.33}, "camera_to_world_matrix": [-0.219751, -0.00737113, 0.975528, 16.0143, 0.975462, -0.0155694, 0.219619, 2.24448, 0.0135694, 0.999852, 0.0106124, 0.992918, 0.0, 0.0, 0.0, 1.0]}, "05fc26a1c41b4e53acf49d8dd44db405_d1_5.png": {"intrinsics": {"fx": 1077.15, "fy": 1077.62, "cx": 636.04, "cy": 512.33}, "camera_to_world_matrix": [0.734946, -0.0139351, 0.677983, 16.0153, 0.678023, -0.00236292, -0.735037, 2.24782, 0.0118446, 0.9999, 0.00771239, 0.992928, 0.0, 0.0, 0.0, 1.0]}, "05fc26a1c41b4e53acf49d8dd44db405_d2_0.png": {"intrinsics": {"fx": 1074.75, "fy": 1074.95, "cx": 638.759, "cy": 502.199}, "camera_to_world_matrix": [0.955446, 0.192243, -0.223973, 16.0221, -0.295115, 0.635926, -0.713095, 2.25903, 0.00534269, 0.747423, 0.664327, 1.02621, 0.0, 0.0, 0.0, 1.0]}, "05fc26a1c41b4e53acf49d8dd44db405_d2_1.png": {"intrinsics": {"fx": 1074.75, "fy": 1074.95, "cx": 638.759, "cy": 502.199}, "camera_to_world_matrix": [0.222153, 0.649265, -0.727394, 16.0319, -0.975004, 0.150752, -0.163215, 2.24833, 0.00368618, 0.745472, 0.666526, 1.02617, 0.0, 0.0, 0.0, 1.0]}, "05fc26a1c41b4e53acf49d8dd44db405_d2_2.png": {"intrinsics": {"fx": 1074.75, "fy": 1074.95, "cx": 638.759, "cy": 502.199}, "camera_to_world_matrix": [-0.733293, 0.457592, -0.502882, 16.0276, -0.679891, -0.487624, 0.547696, 2.23444, 0.00540388, 0.743527, 0.668684, 1.02612, 0.0, 0.0, 0.0, 1.0]}, "05fc26a1c41b4e53acf49d8dd44db405_d2_3.png": {"intrinsics": {"fx": 1074.75, "fy": 1074.95, "cx": 638.759, "cy": 502.199}, "camera_to_world_matrix": [-0.955424, -0.191099, 0.225046, 16.0134, 0.295106, -0.640812, 0.708712, 2.23125, 0.00877806, 0.743533, 0.668641, 1.02613, 0.0, 0.0, 0.0, 1.0]}, "05fc26a1c41b4e53acf49d8dd44db405_d2_4.png": {"intrinsics": {"fx": 1074.75, "fy": 1074.95, "cx": 638.759, "cy": 502.199}, "camera_to_world_matrix": [-0.222104, -0.648102, 0.728446, 16.0035, 0.974967, -0.15562, 0.158812, 2.24194, 0.0104345, 0.745483, 0.666442, 1.02617, 0.0, 0.0, 0.0, 1.0]}, "05fc26a1c41b4e53acf49d8dd44db405_d2_5.png": {"intrinsics": {"fx": 1074.75, "fy": 1074.95, "cx": 638.759, "cy": 502.199}, "camera_to_world_matrix": [0.733331, -0.456404, 0.503906, 16.0079, 0.679815, 0.482748, -0.552091, 2.25583, 0.00871665, 0.747428, 0.664285, 1.02621, 0.0, 0.0, 0.0, 1.0]}, "06234ceeeb154b8d8671a28ece5bfb58_d0_0.png": {"intrinsics": {"fx": 1071.49, "fy": 1071.67, "cx": 637.041, "cy": 513.587}, "camera_to_world_matrix": [0.517508, 0.555428, 0.650912, 14.2606, 0.855513, -0.350807, -0.380831, -1.06785, 0.0168199, 0.753947, -0.65672, 0.956259, 0.0, 0.0, 0.0, 1.0]}, "06234ceeeb154b8d8671a28ece5bfb58_d0_1.png": {"intrinsics": {"fx": 1071.49, "fy": 1071.67, "cx": 637.041, "cy": 513.587}, "camera_to_world_matrix": [0.999691, -0.0240954, -0.00609392, 14.2733, -0.0205123, -0.661414, -0.749741, -1.06074, 0.0140347, 0.749634, -0.661704, 0.956355, 0.0, 0.0, 0.0, 1.0]}, "06234ceeeb154b8d8671a28ece5bfb58_d0_2.png": {"intrinsics": {"fx": 1071.49, "fy": 1071.67, "cx": 637.041, "cy": 513.587}, "camera_to_world_matrix": [0.482117, -0.582861, -0.654093, 14.2858, -0.87608, -0.314826, -0.365199, -1.06818, 0.00693495, 0.749106, -0.662415, 0.956368, 0.0, 0.0, 0.0, 1.0]}, "06234ceeeb154b8d8671a28ece5bfb58_d0_3.png": {"intrinsics": {"fx": 1071.49, "fy": 1071.67, "cx": 637.041, "cy": 513.587}, "camera_to_world_matrix": [-0.517628, -0.56209, -0.645071, 14.2856, -0.855602, 0.342363, 0.388244, -1.08273, 0.00262066, 0.75289, -0.658142, 0.956286, 0.0, 0.0, 0.0, 1.0]}, "06234ceeeb154b8d8671a28ece5bfb58_d0_4.png": {"intrinsics": {"fx": 1071.49, "fy": 1071.67, "cx": 637.041, "cy": 513.587}, "camera_to_world_matrix": [-0.999777, 0.0174451, 0.0119488, 14.2729, 0.0204421, 0.652948, 0.757127, -1.08983, 0.00540611, 0.757202, -0.653158, 0.95619, 0.0, 0.0, 0.0, 1.0]}, "06234ceeeb154b8d8671a28ece5bfb58_d0_5.png": {"intrinsics": {"fx": 1071.49, "fy": 1071.67, "cx": 637.041, "cy": 513.587}, "camera_to_world_matrix": [-0.482169, 0.576197, 0.659932, 14.2604, 0.875989, 0.306337, 0.37256, -1.08239, 0.0125059, 0.75773, -0.652448, 0.956176, 0.0, 0.0, 0.0, 1.0]}, "06234ceeeb154b8d8671a28ece5bfb58_d1_0.png": {"intrinsics": {"fx": 1077.15, "fy": 1077.62, "cx": 636.04, "cy": 512.33}, "camera_to_world_matrix": [0.511104, -0.0188, 0.859314, 14.27, 0.859346, -0.00893202, -0.511318, -1.07368, 0.017288, 0.999784, 0.0115912, 0.989518, 0.0, 0.0, 0.0, 1.0]}, "06234ceeeb154b8d8671a28ece5bfb58_d1_1.png": {"intrinsics": {"fx": 1077.15, "fy": 1077.62, "cx": 636.04, "cy": 512.33}, "camera_to_world_matrix": [0.99981, -0.0144858, -0.0131264, 14.273, -0.0130531, 0.00517036, -0.999902, -1.07197, 0.014552, 0.999882, 0.004981, 0.989541, 0.0, 0.0, 0.0, 1.0]}, "06234ceeeb154b8d8671a28ece5bfb58_d1_2.png": {"intrinsics": {"fx": 1077.15, "fy": 1077.62, "cx": 636.04, "cy": 512.33}, "camera_to_world_matrix": [0.488638, -0.000115443, -0.872487, 14.276, -0.872456, 0.00848487, -0.488621, -1.07376, 0.00745916, 0.999964, 0.00404602, 0.989545, 0.0, 0.0, 0.0, 1.0]}, "06234ceeeb154b8d8671a28ece5bfb58_d1_3.png": {"intrinsics": {"fx": 1077.15, "fy": 1077.62, "cx": 636.04, "cy": 512.33}, "camera_to_world_matrix": [-0.511228, 0.00994036, -0.859388, 14.276, -0.85944, -0.00230307, 0.511232, -1.07726, 0.00310241, 0.999948, 0.00972125, 0.989525, 0.0, 0.0, 0.0, 1.0]}, "06234ceeeb154b8d8671a28ece5bfb58_d1_4.png": {"intrinsics": {"fx": 1077.15, "fy": 1077.62, "cx": 636.04, "cy": 512.33}, "camera_to_world_matrix": [-0.9999, 0.00562561, 0.0130711, 14.2729, 0.0129775, -0.0164053, 0.999782, -1.07897, 0.00583862, 0.99985, 0.0163313, 0.989502, 0.0, 0.0, 0.0, 1.0]}, "06234ceeeb154b8d8671a28ece5bfb58_d1_5.png": {"intrinsics": {"fx": 1077.15, "fy": 1077.62, "cx": 636.04, "cy": 512.33}, "camera_to_world_matrix": [-0.488694, -0.00874486, 0.872412, 14.2699, 0.87236, -0.0197192, 0.488467, -1.07718, 0.0129315, 0.999768, 0.017266, 0.989498, 0.0, 0.0, 0.0, 1.0]}, "06234ceeeb154b8d8671a28ece5bfb58_d2_0.png": {"intrinsics": {"fx": 1074.75, "fy": 1074.95, "cx": 638.759, "cy": 502.199}, "camera_to_world_matrix": [0.509064, -0.579637, 0.636297, 14.2603, 0.860612, 0.330617, -0.387349, -1.06822, 0.0141509, 0.74479, 0.667148, 1.02276, 0.0, 0.0, 0.0, 1.0]}, "06234ceeeb154b8d8671a28ece5bfb58_d2_1.png": {"intrinsics": {"fx": 1074.75, "fy": 1074.95, "cx": 638.759, "cy": 502.199}, "camera_to_world_matrix": [0.999878, -0.00152212, -0.0155368, 14.273, -0.0106322, 0.662325, -0.749141, -1.06111, 0.0114307, 0.749215, 0.662227, 1.02285, 0.0, 0.0, 0.0, 1.0]}, "06234ceeeb154b8d8671a28ece5bfb58_d2_2.png": {"intrinsics": {"fx": 1074.75, "fy": 1074.95, "cx": 638.759, "cy": 502.199}, "camera_to_world_matrix": [0.49076, 0.574812, -0.654786, 14.2855, -0.871284, 0.327504, -0.36552, -1.06855, 0.00433996, 0.749888, 0.66155, 1.02287, 0.0, 0.0, 0.0, 1.0]}, "06234ceeeb154b8d8671a28ece5bfb58_d2_3.png": {"intrinsics": {"fx": 1074.75, "fy": 1074.95, "cx": 638.759, "cy": 502.199}, "camera_to_world_matrix": [-0.50916, 0.573019, -0.642188, 14.2853, -0.860671, -0.339016, 0.379885, -1.0831, -3.05511e-05, 0.746135, 0.665794, 1.02278, 0.0, 0.0, 0.0, 1.0]}, "06234ceeeb154b8d8671a28ece5bfb58_d2_4.png": {"intrinsics": {"fx": 1074.75, "fy": 1074.95, "cx": 638.759, "cy": 502.199}, "camera_to_world_matrix": [-0.99994, -0.00510937, 0.00966025, 14.2726, 0.010592, -0.670701, 0.741652, -1.09021, 0.00268986, 0.74171, 0.670714, 1.02269, 0.0, 0.0, 0.0, 1.0]}, "06234ceeeb154b8d8671a28ece5bfb58_d2_5.png": {"intrinsics": {"fx": 1074.75, "fy": 1074.95, "cx": 638.759, "cy": 502.199}, "camera_to_world_matrix": [-0.490788, -0.581431, 0.648895, 14.2601, 0.871224, -0.335858, 0.358006, -1.08277, 0.00978068, 0.741038, 0.671391, 1.02267, 0.0, 0.0, 0.0, 1.0]}, "0affd60e9e4249858dc9bf84639fe86f_d0_0.png": {"intrinsics": {"fx": 1071.49, "fy": 1071.67, "cx": 637.041, "cy": 513.587}, "camera_to_world_matrix": [0.879017, 0.309877, 0.362362, 4.53461, 0.476759, -0.580109, -0.660435, -0.651842, 0.00555524, 0.753293, -0.657662, 0.964344, 0.0, 0.0, 0.0, 1.0]}, "0affd60e9e4249858dc9bf84639fe86f_d0_1.png": {"intrinsics": {"fx": 1071.49, "fy": 1071.67, "cx": 637.041, "cy": 513.587}, "camera_to_world_matrix": [0.852393, -0.347177, -0.391017, 4.54916, -0.522849, -0.555278, -0.646758, -0.652123, 0.0074161, 0.755735, -0.654835, 0.964289, 0.0, 0.0, 0.0, 1.0]}, "0affd60e9e4249858dc9bf84639fe86f_d0_2.png": {"intrinsics": {"fx": 1071.49, "fy": 1071.67, "cx": 637.041, "cy": 513.587}, "camera_to_world_matrix": [-0.026606, -0.654196, -0.755858, 4.55619, -0.999579, 0.0261706, 0.0125342, -0.664862, 0.0115813, 0.755873, -0.654616, 0.964285, 0.0, 0.0, 0.0, 1.0]}, "0affd60e9e4249858dc9bf84639fe86f_d0_3.png": {"intrinsics": {"fx": 1071.49, "fy": 1071.67, "cx": 637.041, "cy": 513.587}, "camera_to_world_matrix": [-0.878962, -0.304153, -0.367311, 4.54867, -0.476691, 0.582774, 0.658134, -0.67732, 0.0138857, 0.753569, -0.657223, 0.964335, 0.0, 0.0, 0.0, 1.0]}, "0affd60e9e4249858dc9bf84639fe86f_d0_4.png": {"intrinsics": {"fx": 1071.49, "fy": 1071.67, "cx": 637.041, "cy": 513.587}, "camera_to_world_matrix": [-0.852299, 0.3529, 0.386067, 4.53412, 0.522917, 0.557917, 0.644428, -0.677038, 0.0120246, 0.751126, -0.660049, 0.96439, 0.0, 0.0, 0.0, 1.0]}, "0affd60e9e4249858dc9bf84639fe86f_d0_5.png": {"intrinsics": {"fx": 1071.49, "fy": 1071.67, "cx": 637.041, "cy": 513.587}, "camera_to_world_matrix": [0.0267187, 0.659896, 0.750882, 4.52709, 0.999612, -0.0235431, -0.014879, -0.664299, 0.00785942, 0.750988, -0.660269, 0.964394, 0.0, 0.0, 0.0, 1.0]}, "0affd60e9e4249858dc9bf84639fe86f_d1_0.png": {"intrinsics": {"fx": 1077.15, "fy": 1077.62, "cx": 636.04, "cy": 512.33}, "camera_to_world_matrix": [0.875432, -0.0102923, 0.483233, 4.54007, 0.483305, 0.00616211, -0.875431, -0.661458, 0.00603223, 0.999928, 0.0103695, 0.99759, 0.0, 0.0, 0.0, 1.0]}, "0affd60e9e4249858dc9bf84639fe86f_d1_1.png": {"intrinsics": {"fx": 1077.15, "fy": 1077.62, "cx": 636.04, "cy": 512.33}, "camera_to_world_matrix": [0.85627, 0.000557405, -0.516529, 4.54357, -0.51647, 0.0161511, -0.856153, -0.661525, 0.00786513, 0.99987, 0.0141183, 0.997577, 0.0, 0.0, 0.0, 1.0]}, "0affd60e9e4249858dc9bf84639fe86f_d1_2.png": {"intrinsics": {"fx": 1077.15, "fy": 1077.62, "cx": 636.04, "cy": 512.33}, "camera_to_world_matrix": [-0.0191431, 0.0146329, -0.99971, 4.54526, -0.999745, 0.0117493, 0.0193155, -0.66459, 0.0120283, 0.999824, 0.014405, 0.997576, 0.0, 0.0, 0.0, 1.0]}, "0affd60e9e4249858dc9bf84639fe86f_d1_3.png": {"intrinsics": {"fx": 1077.15, "fy": 1077.62, "cx": 636.04, "cy": 512.33}, "camera_to_world_matrix": [-0.875374, 0.0178585, -0.483118, 4.54346, -0.483235, -0.0026415, 0.875487, -0.667587, 0.0143586, 0.999837, 0.0109429, 0.997588, 0.0, 0.0, 0.0, 1.0]}, "0affd60e9e4249858dc9bf84639fe86f_d1_4.png": {"intrinsics": {"fx": 1077.15, "fy": 1077.62, "cx": 636.04, "cy": 512.33}, "camera_to_world_matrix": [-0.856173, 0.00700847, 0.516643, 4.53996, 0.516539, -0.0126301, 0.856171, -0.667519, 0.0125255, 0.999896, 0.00719411, 0.997601, 0.0, 0.0, 0.0, 1.0]}, "0affd60e9e4249858dc9bf84639fe86f_d1_5.png": {"intrinsics": {"fx": 1077.15, "fy": 1077.62, "cx": 636.04, "cy": 512.33}, "camera_to_world_matrix": [0.0192594, -0.00706691, 0.99979, 4.53827, 0.99978, -0.0082277, -0.0193172, -0.664455, 0.0083623, 0.999942, 0.0069076, 0.997602, 0.0, 0.0, 0.0, 1.0]}, "0affd60e9e4249858dc9bf84639fe86f_d2_0.png": {"intrinsics": {"fx": 1074.75, "fy": 1074.95, "cx": 638.759, "cy": 502.199}, "camera_to_world_matrix": [0.874279, -0.325314, 0.360287, 4.53486, 0.485415, 0.581471, -0.652889, -0.651725, 0.00289773, 0.745695, 0.66628, 1.03084, 0.0, 0.0, 0.0, 1.0]}, "0affd60e9e4249858dc9bf84639fe86f_d2_1.png": {"intrinsics": {"fx": 1074.75, "fy": 1074.95, "cx": 638.759, "cy": 502.199}, "camera_to_world_matrix": [0.857519, 0.341188, -0.385033, 4.54941, -0.514429, 0.575559, -0.635684, -0.652006, 0.00472167, 0.743184, 0.66907, 1.03079, 0.0, 0.0, 0.0, 1.0]}, "0affd60e9e4249858dc9bf84639fe86f_d2_2.png": {"intrinsics": {"fx": 1074.75, "fy": 1074.95, "cx": 638.759, "cy": 502.199}, "camera_to_world_matrix": [-0.0167521, 0.669315, -0.74279, 4.55644, -0.99982, -0.00461274, 0.0183927, -0.664744, 0.00888428, 0.742964, 0.669272, 1.03078, 0.0, 0.0, 0.0, 1.0]}, "0affd60e9e4249858dc9bf84639fe86f_d2_3.png": {"intrinsics": {"fx": 1074.75, "fy": 1074.95, "cx": 638.759, "cy": 502.199}, "camera_to_world_matrix": [-0.874244, 0.330933, -0.355218, 4.54892, -0.485356, -0.578859, 0.65525, -0.677202, 0.0112229, 0.745256, 0.666684, 1.03083, 0.0, 0.0, 0.0, 1.0]}, "0affd60e9e4249858dc9bf84639fe86f_d2_4.png": {"intrinsics": {"fx": 1074.75, "fy": 1074.95, "cx": 638.759, "cy": 502.199}, "camera_to_world_matrix": [-0.857446, -0.335569, 0.390102, 4.53437, 0.514488, -0.57292, 0.638016, -0.676921, 0.00939881, 0.747767, 0.663894, 1.03089, 0.0, 0.0, 0.0, 1.0]}, "0affd60e9e4249858dc9bf84639fe86f_d2_5.png": {"intrinsics": {"fx": 1074.75, "fy": 1074.95, "cx": 638.759, "cy": 502.199}, "camera_to_world_matrix": [0.0168448, -0.663674, 0.747832, 4.52734, 0.999844, 0.00726413, -0.0160748, -0.664182, 0.00523618, 0.747987, 0.663692, 1.03089, 0.0, 0.0, 0.0, 1.0]}, "0f986a3d10714bf59dd58b346fd924f5_d0_0.png": {"intrinsics": {"fx": 1071.49, "fy": 1071.67, "cx": 637.041, "cy": 513.587}, "camera_to_world_matrix": [-0.811142, -0.383029, -0.441971, 2.90301, -0.584837, 0.53617, 0.608677, -0.957366, 0.00383083, 0.752204, -0.658919, 4.0797, 0.0, 0.0, 0.0, 1.0]}, "0f986a3d10714bf59dd58b346fd924f5_d0_1.png": {"intrinsics": {"fx": 1071.49, "fy": 1071.67, "cx": 637.041, "cy": 513.587}, "camera_to_world_matrix": [-0.912062, 0.271829, 0.307005, 2.88854, 0.410021, 0.595233, 0.691072, -0.958941, 0.00511346, 0.756179, -0.654345, 4.07961, 0.0, 0.0, 0.0, 1.0]}, "0f986a3d10714bf59dd58b346fd924f5_d0_2.png": {"intrinsics": {"fx": 1071.49, "fy": 1071.67, "cx": 637.041, "cy": 513.587}, "camera_to_world_matrix": [-0.100957, 0.650406, 0.752848, 2.87995, 0.99483, 0.0576271, 0.083621, -0.947201, 0.011003, 0.757398, -0.652861, 4.07958, 0.0, 0.0, 0.0, 1.0]}, "0f986a3d10714bf59dd58b346fd924f5_d0_3.png": {"intrinsics": {"fx": 1071.49, "fy": 1071.67, "cx": 637.041, "cy": 513.587}, "camera_to_world_matrix": [0.81105, 0.374117, 0.449705, 2.88582, 0.584769, -0.53903, -0.606212, -0.933887, 0.0156099, 0.754642, -0.655952, 4.07964, 0.0, 0.0, 0.0, 1.0]}, "0f986a3d10714bf59dd58b346fd924f5_d0_4.png": {"intrinsics": {"fx": 1071.49, "fy": 1071.67, "cx": 637.041, "cy": 513.587}, "camera_to_world_matrix": [0.911931, -0.280743, -0.299274, 2.90028, -0.410093, -0.598067, -0.688578, -0.932313, 0.0143271, 0.750666, -0.660526, 4.07973, 0.0, 0.0, 0.0, 1.0]}, "0f986a3d10714bf59dd58b346fd924f5_d0_5.png": {"intrinsics": {"fx": 1071.49, "fy": 1071.67, "cx": 637.041, "cy": 513.587}, "camera_to_world_matrix": [0.100803, -0.659299, -0.745093, 2.90888, -0.994871, -0.0604459, -0.0811094, -0.944053, 0.00843741, 0.749448, -0.66201, 4.07976, 0.0, 0.0, 0.0, 1.0]}, "0f986a3d10714bf59dd58b346fd924f5_d1_0.png": {"intrinsics": {"fx": 1077.15, "fy": 1077.62, "cx": 636.04, "cy": 512.33}, "camera_to_world_matrix": [-0.806754, 0.00862192, -0.590825, 2.89628, -0.590873, -0.00446034, 0.806753, -0.948513, 0.00432029, 0.999953, 0.00869355, 4.11293, 0.0, 0.0, 0.0, 1.0]}, "0f986a3d10714bf59dd58b346fd924f5_d1_1.png": {"intrinsics": {"fx": 1077.15, "fy": 1077.62, "cx": 636.04, "cy": 512.33}, "camera_to_world_matrix": [-0.915096, -0.000866879, 0.403237, 2.89281, 0.4032, -0.01575, 0.914977, -0.948892, 0.00555762, 0.999876, 0.014763, 4.1129, 0.0, 0.0, 0.0, 1.0]}, "0f986a3d10714bf59dd58b346fd924f5_d1_2.png": {"intrinsics": {"fx": 1077.15, "fy": 1077.62, "cx": 636.04, "cy": 512.33}, "camera_to_world_matrix": [-0.108381, -0.0153883, 0.993991, 2.89074, 0.994044, -0.0131768, 0.108183, -0.946068, 0.0114327, 0.999795, 0.0167255, 4.1129, 0.0, 0.0, 0.0, 1.0]}, "0f986a3d10714bf59dd58b346fd924f5_d1_3.png": {"intrinsics": {"fx": 1077.15, "fy": 1077.62, "cx": 636.04, "cy": 512.33}, "camera_to_world_matrix": [0.806657, -0.0204206, 0.590668, 2.89215, 0.590803, 0.000685887, -0.806816, -0.942865, 0.0160704, 0.999792, 0.0126185, 4.11291, 0.0, 0.0, 0.0, 1.0]}, "0f986a3d10714bf59dd58b346fd924f5_d1_4.png": {"intrinsics": {"fx": 1077.15, "fy": 1077.62, "cx": 636.04, "cy": 512.33}, "camera_to_world_matrix": [0.91496, -0.0109314, -0.403399, 2.89563, -0.403274, 0.0119752, -0.915001, -0.942487, 0.0148328, 0.999869, 0.00654916, 4.11293, 0.0, 0.0, 0.0, 1.0]}, "0f986a3d10714bf59dd58b346fd924f5_d1_5.png": {"intrinsics": {"fx": 1077.15, "fy": 1077.62, "cx": 636.04, "cy": 512.33}, "camera_to_world_matrix": [0.108222, 0.00358996, -0.994121, 2.8977, -0.994087, 0.00940145, -0.108184, -0.945311, 0.00895761, 0.99995, 0.00458688, 4.11294, 0.0, 0.0, 0.0, 1.0]}, "0f986a3d10714bf59dd58b346fd924f5_d2_0.png": {"intrinsics": {"fx": 1074.75, "fy": 1074.95, "cx": 638.759, "cy": 502.199}, "camera_to_world_matrix": [-0.805334, 0.394958, -0.442091, 2.90262, -0.592819, -0.535045, 0.601907, -0.957491, 0.00118981, 0.746817, 0.665028, 4.1462, 0.0, 0.0, 0.0, 1.0]}, "0f986a3d10714bf59dd58b346fd924f5_d2_1.png": {"intrinsics": {"fx": 1074.75, "fy": 1074.95, "cx": 638.759, "cy": 502.199}, "camera_to_world_matrix": [-0.916067, -0.266861, 0.299341, 2.88815, 0.401016, -0.614076, 0.679777, -0.959066, 0.00241259, 0.742763, 0.66955, 4.14611, 0.0, 0.0, 0.0, 1.0]}, "0f986a3d10714bf59dd58b346fd924f5_d2_2.png": {"intrinsics": {"fx": 1074.75, "fy": 1074.95, "cx": 638.759, "cy": 502.199}, "camera_to_world_matrix": [-0.110755, -0.666211, 0.737493, 2.87956, 0.993813, -0.0804245, 0.0765966, -0.947327, 0.0082831, 0.741414, 0.670997, 4.14608, 0.0, 0.0, 0.0, 1.0]}, "0f986a3d10714bf59dd58b346fd924f5_d2_3.png": {"intrinsics": {"fx": 1074.75, "fy": 1074.95, "cx": 638.759, "cy": 502.199}, "camera_to_world_matrix": [0.805274, -0.403734, 0.434203, 2.88543, 0.592761, 0.532246, -0.60444, -0.934013, 0.0129307, 0.744119, 0.667921, 4.14614, 0.0, 0.0, 0.0, 1.0]}, "0f986a3d10714bf59dd58b346fd924f5_d2_4.png": {"intrinsics": {"fx": 1074.75, "fy": 1074.95, "cx": 638.759, "cy": 502.199}, "camera_to_world_matrix": [0.915968, 0.258088, -0.307232, 2.89989, -0.401078, 0.611251, -0.682281, -0.932438, 0.0117077, 0.748173, 0.6634, 4.14623, 0.0, 0.0, 0.0, 1.0]}, "0f986a3d10714bf59dd58b346fd924f5_d2_5.png": {"intrinsics": {"fx": 1074.75, "fy": 1074.95, "cx": 638.759, "cy": 502.199}, "camera_to_world_matrix": [0.110632, 0.657418, -0.745361, 2.90849, -0.993844, 0.0775841, -0.0790838, -0.944178, 0.00583712, 0.749522, 0.661954, 4.14626, 0.0, 0.0, 0.0, 1.0]}, "158ce83a5b744b2190402f97cc952e18_d0_0.png": {"intrinsics": {"fx": 1071.49, "fy": 1071.67, "cx": 637.041, "cy": 513.587}, "camera_to_world_matrix": [-0.997977, -0.0405383, -0.0489803, 11.7233, -0.0635569, 0.656861, 0.751328, -2.24647, 0.00171554, 0.752921, -0.658109, 1.16563, 0.0, 0.0, 0.0, 1.0]}, "158ce83a5b744b2190402f97cc952e18_d0_1.png": {"intrinsics": {"fx": 1071.49, "fy": 1071.67, "cx": 637.041, "cy": 513.587}, "camera_to_world_matrix": [-0.554057, 0.545333, 0.628993, 11.7102, 0.832464, 0.358409, 0.422549, -2.24011, 0.00499302, 0.75773, -0.652549, 1.16553, 0.0, 0.0, 0.0, 1.0]}, "158ce83a5b744b2190402f97cc952e18_d0_2.png": {"intrinsics": {"fx": 1071.49, "fy": 1071.67, "cx": 637.041, "cy": 513.587}, "camera_to_world_matrix": [0.443854, 0.5798, 0.683247, 11.7092, 0.896005, -0.298215, -0.329004, -2.2256, 0.0129978, 0.758222, -0.651867, 1.16551, 0.0, 0.0, 0.0, 1.0]}, "158ce83a5b744b2190402f97cc952e18_d0_3.png": {"intrinsics": {"fx": 1071.49, "fy": 1071.67, "cx": 637.041, "cy": 513.587}, "camera_to_world_matrix": [0.997823, 0.0283943, 0.0595255, 11.7212, 0.0635244, -0.656371, -0.75176, -2.21745, 0.0177249, 0.753905, -0.656745, 1.16561, 0.0, 0.0, 0.0, 1.0]}, "158ce83a5b744b2190402f97cc952e18_d0_4.png": {"intrinsics": {"fx": 1071.49, "fy": 1071.67, "cx": 637.041, "cy": 513.587}, "camera_to_world_matrix": [0.553869, -0.557465, -0.618435, 11.7343, -0.832479, -0.357895, -0.422954, -2.22381, 0.0144471, 0.749095, -0.662305, 1.16572, 0.0, 0.0, 0.0, 1.0]}, "158ce83a5b744b2190402f97cc952e18_d0_5.png": {"intrinsics": {"fx": 1071.49, "fy": 1071.67, "cx": 637.041, "cy": 513.587}, "camera_to_world_matrix": [-0.444045, -0.591907, -0.672659, 11.7354, -0.895981, 0.29873, 0.328601, -2.23833, 0.00644237, 0.748604, -0.662986, 1.16573, 0.0, 0.0, 0.0, 1.0]}, "158ce83a5b744b2190402f97cc952e18_d1_0.png": {"intrinsics": {"fx": 1077.15, "fy": 1077.62, "cx": 636.04, "cy": 512.33}, "camera_to_world_matrix": [-0.997474, 0.00288446, -0.0709782, 11.7222, -0.0710026, -0.00957873, 0.99743, -2.23544, 0.00219698, 0.99995, 0.00976005, 1.19887, 0.0, 0.0, 0.0, 1.0]}, "158ce83a5b744b2190402f97cc952e18_d1_1.png": {"intrinsics": {"fx": 1077.15, "fy": 1077.62, "cx": 636.04, "cy": 512.33}, "camera_to_world_matrix": [-0.560256, -0.0111566, 0.828245, 11.7191, 0.828303, -0.0140882, 0.560105, -2.23391, 0.00541947, 0.999839, 0.0171348, 1.19885, 0.0, 0.0, 0.0, 1.0]}, "158ce83a5b744b2190402f97cc952e18_d1_2.png": {"intrinsics": {"fx": 1077.15, "fy": 1077.62, "cx": 636.04, "cy": 512.33}, "camera_to_world_matrix": [0.437149, -0.0220822, 0.899118, 11.7189, 0.89929, -0.00418257, -0.437334, -2.23042, 0.0134177, 0.999748, 0.0180306, 1.19884, 0.0, 0.0, 0.0, 1.0]}, "158ce83a5b744b2190402f97cc952e18_d1_3.png": {"intrinsics": {"fx": 1077.15, "fy": 1077.62, "cx": 636.04, "cy": 512.33}, "camera_to_world_matrix": [0.997313, -0.0189665, 0.0707679, 11.7218, 0.0709704, 0.0102324, -0.997426, -2.2284