{"0aa7d38c4a904859b548bd69f4691106_d0_0.png": {"intrinsics": {"fx": 1075.04, "fy": 1076.17, "cx": 628.463, "cy": 519.304}, "camera_to_world_matrix": [-0.486299, 0.553951, 0.675759, 11.2468, 0.872957, 0.341798, 0.348022, 2.57393, -0.0381855, 0.759152, -0.649793, 2.01834, 0.0, 0.0, 0.0, 1.0]}, "0aa7d38c4a904859b548bd69f4691106_d0_1.png": {"intrinsics": {"fx": 1075.04, "fy": 1076.17, "cx": 628.463, "cy": 519.304}, "camera_to_world_matrix": [0.512877, 0.534338, 0.671892, 11.247, 0.858459, -0.317403, -0.402867, 2.58847, -0.00200665, 0.783413, -0.621498, 2.0178, 0.0, 0.0, 0.0, 1.0]}, "0aa7d38c4a904859b548bd69f4691106_d0_2.png": {"intrinsics": {"fx": 1075.04, "fy": 1076.17, "cx": 628.463, "cy": 519.304}, "camera_to_world_matrix": [0.99873, -0.046381, 0.0196152, 11.2597, -0.0140559, -0.630783, -0.775832, 2.59562, 0.0483569, 0.774571, -0.630635, 2.01798, 0.0, 0.0, 0.0, 1.0]}, "0aa7d38c4a904859b548bd69f4691106_d0_3.png": {"intrinsics": {"fx": 1075.04, "fy": 1076.17, "cx": 628.463, "cy": 519.304}, "camera_to_world_matrix": [0.485397, -0.607474, -0.628779, 11.2722, -0.872053, -0.284953, -0.397898, 2.58824, 0.0625403, 0.741468, -0.668067, 2.01871, 0.0, 0.0, 0.0, 1.0]}, "0aa7d38c4a904859b548bd69f4691106_d0_4.png": {"intrinsics": {"fx": 1075.04, "fy": 1076.17, "cx": 628.463, "cy": 519.304}, "camera_to_world_matrix": [-0.513779, -0.587836, -0.624883, 11.272, -0.857517, 0.374247, 0.352991, 2.5737, 0.0263599, 0.717207, -0.696361, 2.01925, 0.0, 0.0, 0.0, 1.0]}, "0aa7d38c4a904859b548bd69f4691106_d0_5.png": {"intrinsics": {"fx": 1075.04, "fy": 1076.17, "cx": 628.463, "cy": 519.304}, "camera_to_world_matrix": [-0.999598, -0.00710431, 0.0274082, 11.2593, 0.0150174, 0.687604, 0.72593, 2.56655, -0.0240031, 0.726051, -0.687222, 2.01907, 0.0, 0.0, 0.0, 1.0]}, "0aa7d38c4a904859b548bd69f4691106_d1_0.png": {"intrinsics": {"fx": 1077.17, "fy": 1078.24, "cx": 634.483, "cy": 523.304}, "camera_to_world_matrix": [-0.49082, -0.0336008, 0.870612, 11.2553, 0.87013, 0.0319664, 0.491783, 2.58062, -0.0443544, 0.998924, 0.0135467, 2.05169, 0.0, 0.0, 0.0, 1.0]}, "0aa7d38c4a904859b548bd69f4691106_d1_1.png": {"intrinsics": {"fx": 1077.17, "fy": 1078.24, "cx": 634.483, "cy": 523.304}, "camera_to_world_matrix": [0.508483, -0.0396724, 0.860157, 11.2553, 0.861031, 0.033143, -0.507471, 2.58412, -0.00837538, 0.998663, 0.0510112, 2.05156, 0.0, 0.0, 0.0, 1.0]}, "0aa7d38c4a904859b548bd69f4691106_d1_2.png": {"intrinsics": {"fx": 1077.17, "fy": 1078.24, "cx": 634.483, "cy": 523.304}, "camera_to_world_matrix": [0.999075, -0.041682, -0.0105144, 11.2584, -0.00888893, 0.0389904, -0.9992, 2.58584, 0.0420588, 0.998369, 0.0385832, 2.0516, 0.0, 0.0, 0.0, 1.0]}, "0aa7d38c4a904859b548bd69f4691106_d1_3.png": {"intrinsics": {"fx": 1077.17, "fy": 1078.24, "cx": 634.483, "cy": 523.304}, "camera_to_world_matrix": [0.490353, -0.0376199, -0.870711, 11.2614, -0.869689, 0.0436611, -0.491664, 2.58406, 0.0565128, 0.998337, -0.0113089, 2.05177, 0.0, 0.0, 0.0, 1.0]}, "0aa7d38c4a904859b548bd69f4691106_d1_4.png": {"intrinsics": {"fx": 1077.17, "fy": 1078.24, "cx": 634.483, "cy": 523.304}, "camera_to_world_matrix": [-0.50895, -0.0315484, -0.860217, 11.2613, -0.860551, 0.0424843, 0.50759, 2.58057, 0.0205323, 0.998598, -0.048772, 2.0519, 0.0, 0.0, 0.0, 1.0]}, "0aa7d38c4a904859b548bd69f4691106_d1_5.png": {"intrinsics": {"fx": 1077.17, "fy": 1078.24, "cx": 634.483, "cy": 523.304}, "camera_to_world_matrix": [-0.999508, -0.029539, 0.0104738, 11.2583, 0.00938852, 0.0366368, 0.999284, 2.57884, -0.0299014, 0.998892, -0.0363421, 2.05186, 0.0, 0.0, 0.0, 1.0]}, "0aa7d38c4a904859b548bd69f4691106_d2_0.png": {"intrinsics": {"fx": 1075.93, "fy": 1076.58, "cx": 632.94, "cy": 519.024}, "camera_to_world_matrix": [-0.494115, -0.607373, 0.622051, 11.2445, 0.868096, -0.305577, 0.39119, 2.57644, -0.047514, 0.733294, 0.678248, 2.08475, 0.0, 0.0, 0.0, 1.0]}, "0aa7d38c4a904859b548bd69f4691106_d2_1.png": {"intrinsics": {"fx": 1075.93, "fy": 1076.58, "cx": 632.94, "cy": 519.024}, "camera_to_world_matrix": [0.505235, -0.605195, 0.615203, 11.2446, 0.862902, 0.363931, -0.350648, 2.59098, -0.0116812, 0.70802, 0.706094, 2.08421, 0.0, 0.0, 0.0, 1.0]}, "0aa7d38c4a904859b548bd69f4691106_d2_2.png": {"intrinsics": {"fx": 1075.93, "fy": 1076.58, "cx": 632.94, "cy": 519.024}, "camera_to_world_matrix": [0.999233, -0.0242456, -0.0307205, 11.2573, -0.00510147, 0.697573, -0.716495, 2.59814, 0.0388019, 0.716103, 0.696914, 2.08439, 0.0, 0.0, 0.0, 1.0]}, "0aa7d38c4a904859b548bd69f4691106_d2_3.png": {"intrinsics": {"fx": 1075.93, "fy": 1076.58, "cx": 632.94, "cy": 519.024}, "camera_to_world_matrix": [0.49387, 0.554513, -0.669782, 11.2698, -0.86789, 0.3617, -0.340496, 2.59075, 0.0534509, 0.749459, 0.659888, 2.08512, 0.0, 0.0, 0.0, 1.0]}, "0aa7d38c4a904859b548bd69f4691106_d2_4.png": {"intrinsics": {"fx": 1075.93, "fy": 1076.58, "cx": 632.94, "cy": 519.024}, "camera_to_world_matrix": [-0.50548, 0.552308, -0.662906, 11.2696, -0.862657, -0.307809, 0.401342, 2.57621, 0.0176166, 0.774732, 0.632043, 2.08566, 0.0, 0.0, 0.0, 1.0]}, "0aa7d38c4a904859b548bd69f4691106_d2_5.png": {"intrinsics": {"fx": 1075.93, "fy": 1076.58, "cx": 632.94, "cy": 519.024}, "camera_to_world_matrix": [-0.999444, -0.0286546, -0.0169675, 11.257, 0.00536547, -0.641428, 0.767164, 2.56906, -0.0328659, 0.766648, 0.641225, 2.08548, 0.0, 0.0, 0.0, 1.0]}, "12c934ed973740efbdbe207ab3a064d3_d0_0.png": {"intrinsics": {"fx": 1075.04, "fy": 1076.17, "cx": 628.463, "cy": 519.304}, "camera_to_world_matrix": [0.380001, 0.594998, 0.70822, 13.85, 0.924593, -0.222039, -0.309555, 1.28056, -0.0269316, 0.772447, -0.634508, 4.05417, 0.0, 0.0, 0.0, 1.0]}, "12c934ed973740efbdbe207ab3a064d3_d0_1.png": {"intrinsics": {"fx": 1075.04, "fy": 1076.17, "cx": 628.463, "cy": 519.304}, "camera_to_world_matrix": [0.990716, 0.0670011, 0.118285, 13.8615, 0.134286, -0.617788, -0.774793, 1.28951, 0.0211633, 0.783484, -0.621051, 4.05391, 0.0, 0.0, 0.0, 1.0]}, "12c934ed973740efbdbe207ab3a064d3_d0_2.png": {"intrinsics": {"fx": 1075.04, "fy": 1076.17, "cx": 628.463, "cy": 519.304}, "camera_to_world_matrix": [0.610502, -0.539739, -0.579627, 13.875, -0.789716, -0.359144, -0.497355, 1.28407, 0.0602729, 0.761378, -0.6455, 4.05438, 0.0, 0.0, 0.0, 1.0]}, "12c934ed973740efbdbe207ab3a064d3_d0_3.png": {"intrinsics": {"fx": 1075.04, "fy": 1076.17, "cx": 628.463, "cy": 519.304}, "camera_to_world_matrix": [-0.380418, -0.618469, -0.687588, 13.877, -0.923391, 0.295244, 0.245314, 1.26968, 0.0512866, 0.728235, -0.683406, 4.05512, 0.0, 0.0, 0.0, 1.0]}, "12c934ed973740efbdbe207ab3a064d3_d0_4.png": {"intrinsics": {"fx": 1075.04, "fy": 1076.17, "cx": 628.463, "cy": 519.304}, "camera_to_world_matrix": [-0.991102, -0.0904565, -0.0976347, 13.8655, -0.133059, 0.690971, 0.710529, 1.26073, 0.00319101, 0.717199, -0.696861, 4.05538, 0.0, 0.0, 0.0, 1.0]}, "12c934ed973740efbdbe207ab3a064d3_d0_5.png": {"intrinsics": {"fx": 1075.04, "fy": 1076.17, "cx": 628.463, "cy": 519.304}, "camera_to_world_matrix": [-0.610852, 0.516274, 0.600266, 13.852, 0.790928, 0.432303, 0.433064, 1.26617, -0.0359173, 0.739306, -0.67241, 4.0549, 0.0, 0.0, 0.0, 1.0]}, "12c934ed973740efbdbe207ab3a064d3_d1_0.png": {"intrinsics": {"fx": 1077.17, "fy": 1078.24, "cx": 634.483, "cy": 523.304}, "camera_to_world_matrix": [0.375115, -0.0189502, 0.926784, 13.8597, 0.926382, 0.0434821, -0.374064, 1.27805, -0.0332098, 0.998874, 0.0338653, 4.08773, 0.0, 0.0, 0.0, 1.0]}, "12c934ed973740efbdbe207ab3a064d3_d1_1.png": {"intrinsics": {"fx": 1077.17, "fy": 1078.24, "cx": 634.483, "cy": 523.304}, "camera_to_world_matrix": [0.990133, -0.0218095, 0.138417, 13.8625, 0.139342, 0.0489633, -0.989033, 1.2802, 0.0147932, 0.998562, 0.0515186, 4.08767, 0.0, 0.0, 0.0, 1.0]}, "12c934ed973740efbdbe207ab3a064d3_d1_2.png": {"intrinsics": {"fx": 1077.17, "fy": 1078.24, "cx": 634.483, "cy": 523.304}, "camera_to_world_matrix": [0.6149, -0.0184854, -0.788387, 13.8657, -0.786747, 0.0541812, -0.614892, 1.27889, 0.0540825, 0.99836, 0.0187721, 4.08779, 0.0, 0.0, 0.0, 1.0]}, "12c934ed973740efbdbe207ab3a064d3_d1_3.png": {"intrinsics": {"fx": 1077.17, "fy": 1078.24, "cx": 634.483, "cy": 523.304}, "camera_to_world_matrix": [-0.375342, -0.0123019, -0.926804, 13.8662, -0.925775, 0.0539177, 0.374209, 1.27543, 0.0453679, 0.998469, -0.031627, 4.08796, 0.0, 0.0, 0.0, 1.0]}, "12c934ed973740efbdbe207ab3a064d3_d1_4.png": {"intrinsics": {"fx": 1077.17, "fy": 1078.24, "cx": 634.483, "cy": 523.304}, "camera_to_world_matrix": [-0.990329, -0.0094427, -0.138413, 13.8635, -0.13871, 0.0484364, 0.989147, 1.27328, -0.00263576, 0.998781, -0.0492784, 4.08802, 0.0, 0.0, 0.0, 1.0]}, "12c934ed973740efbdbe207ab3a064d3_d1_5.png": {"intrinsics": {"fx": 1077.17, "fy": 1078.24, "cx": 634.483, "cy": 523.304}, "camera_to_world_matrix": [-0.61506, -0.0127671, 0.788376, 13.8602, 0.787364, 0.0432187, 0.61497, 1.27459, -0.0419238, 0.998984, -0.0165304, 4.08791, 0.0, 0.0, 0.0, 1.0]}, "12c934ed973740efbdbe207ab3a064d3_d2_0.png": {"intrinsics": {"fx": 1075.93, "fy": 1076.58, "cx": 632.94, "cy": 519.024}, "camera_to_world_matrix": [0.371544, -0.634337, 0.677917, 13.849, 0.927698, 0.282328, -0.244264, 1.2838, -0.0364488, 0.719658, 0.69337, 4.12058, 0.0, 0.0, 0.0, 1.0]}, "12c934ed973740efbdbe207ab3a064d3_d2_1.png": {"intrinsics": {"fx": 1075.93, "fy": 1076.58, "cx": 632.94, "cy": 519.024}, "camera_to_world_matrix": [0.989647, -0.109129, 0.0932082, 13.8604, 0.143057, 0.698136, -0.701527, 1.29275, 0.0114854, 0.707599, 0.706519, 4.12032, 0.0, 0.0, 0.0, 1.0]}, "12c934ed973740efbdbe207ab3a064d3_d2_2.png": {"intrinsics": {"fx": 1075.93, "fy": 1076.58, "cx": 632.94, "cy": 519.024}, "camera_to_world_matrix": [0.618034, 0.513609, -0.59518, 13.8739, -0.7845, 0.451948, -0.424618, 1.28731, 0.0509029, 0.729348, 0.682245, 4.1208, 0.0, 0.0, 0.0, 1.0]}, "12c934ed973740efbdbe207ab3a064d3_d2_3.png": {"intrinsics": {"fx": 1075.93, "fy": 1076.58, "cx": 632.94, "cy": 519.024}, "camera_to_world_matrix": [-0.371673, 0.611126, -0.698844, 13.8759, -0.927394, -0.210043, 0.309548, 1.27291, 0.0423852, 0.763156, 0.644822, 4.12153, 0.0, 0.0, 0.0, 1.0]}, "12c934ed973740efbdbe207ab3a064d3_d2_4.png": {"intrinsics": {"fx": 1075.93, "fy": 1076.58, "cx": 632.94, "cy": 519.024}, "camera_to_world_matrix": [-0.989745, 0.0859021, -0.114118, 13.8645, -0.142728, -0.625831, 0.766788, 1.26397, -0.00554973, 0.775213, 0.631673, 4.12179, 0.0, 0.0, 0.0, 1.0]}, "12c934ed973740efbdbe207ab3a064d3_d2_5.png": {"intrinsics": {"fx": 1075.93, "fy": 1076.58, "cx": 632.94, "cy": 519.024}, "camera_to_world_matrix": [-0.618096, -0.536826, 0.574259, 13.851, 0.784814, -0.379618, 0.489852, 1.26941, -0.0449659, 0.753463, 0.655949, 4.12131, 0.0, 0.0, 0.0, 1.0]}, "14628aaead7d4d6b97153bbd84cc6ef1_d0_0.png": {"intrinsics": {"fx": 1075.04, "fy": 1076.17, "cx": 628.463, "cy": 519.304}, "camera_to_world_matrix": [0.967959, 0.148197, 0.202708, 6.70051, 0.250344, -0.632308, -0.733153, -2.79737, 0.0195229, 0.76041, -0.64915, -0.33215, 0.0, 0.0, 0.0, 1.0]}, "14628aaead7d4d6b97153bbd84cc6ef1_d0_1.png": {"intrinsics": {"fx": 1075.04, "fy": 1076.17, "cx": 628.463, "cy": 519.304}, "camera_to_world_matrix": [0.700484, -0.485143, -0.523409, 6.71455, -0.713118, -0.447049, -0.540008, -2.80118, 0.0279917, 0.75152, -0.659116, -0.331956, 0.0, 0.0, 0.0, 1.0]}, "14628aaead7d4d6b97153bbd84cc6ef1_d0_2.png": {"intrinsics": {"fx": 1075.04, "fy": 1076.17, "cx": 628.463, "cy": 519.304}, "camera_to_world_matrix": [-0.26762, -0.641296, -0.719109, 6.71826, -0.963302, 0.194084, 0.185416, -2.81525, 0.0206611, 0.742341, -0.669704, -0.331752, 0.0, 0.0, 0.0, 1.0]}, "14628aaead7d4d6b97153bbd84cc6ef1_d0_3.png": {"intrinsics": {"fx": 1075.04, "fy": 1076.17, "cx": 628.463, "cy": 519.304}, "camera_to_world_matrix": [-0.968228, -0.164105, -0.188688, 6.70794, -0.25002, 0.649944, 0.717678, -2.8255, 0.00486171, 0.742052, -0.670325, -0.331741, 0.0, 0.0, 0.0, 1.0]}, "14628aaead7d4d6b97153bbd84cc6ef1_d0_4.png": {"intrinsics": {"fx": 1075.04, "fy": 1076.17, "cx": 628.463, "cy": 519.304}, "camera_to_world_matrix": [-0.700715, 0.469228, 0.537422, 6.6939, 0.713431, 0.464661, 0.524505, -2.82168, -0.00360662, 0.750942, -0.660358, -0.331935, 0.0, 0.0, 0.0, 1.0]}, "14628aaead7d4d6b97153bbd84cc6ef1_d0_5.png": {"intrinsics": {"fx": 1075.04, "fy": 1076.17, "cx": 628.463, "cy": 519.304}, "camera_to_world_matrix": [0.267399, 0.625356, 0.733094, 6.69018, 0.963578, -0.176479, -0.200927, -2.80762, 0.00372458, 0.760121, -0.64977, -0.332139, 0.0, 0.0, 0.0, 1.0]}, "14628aaead7d4d6b97153bbd84cc6ef1_d1_0.png": {"intrinsics": {"fx": 1077.17, "fy": 1078.24, "cx": 634.483, "cy": 523.304}, "camera_to_world_matrix": [0.966713, -0.0167749, 0.255311, 6.70298, 0.255513, 0.0112621, -0.96674, -2.80766, 0.0133418, 0.999795, 0.0151728, -0.298749, 0.0, 0.0, 0.0, 1.0]}, "14628aaead7d4d6b97153bbd84cc6ef1_d1_1.png": {"intrinsics": {"fx": 1077.17, "fy": 1078.24, "cx": 634.483, "cy": 523.304}, "camera_to_world_matrix": [0.704433, -0.0140955, -0.70963, 6.70635, -0.709433, 0.0168421, -0.704571, -2.80858, 0.0218832, 0.999758, 0.0018637, -0.298702, 0.0, 0.0, 0.0, 1.0]}, "14628aaead7d4d6b97153bbd84cc6ef1_d1_2.png": {"intrinsics": {"fx": 1077.17, "fy": 1078.24, "cx": 634.483, "cy": 523.304}, "camera_to_world_matrix": [-0.262361, -0.00792362, -0.964937, 6.70725, -0.964859, 0.0173123, 0.262197, -2.81196, 0.0146279, 0.999818, -0.0121879, -0.298653, 0.0, 0.0, 0.0, 1.0]}, "14628aaead7d4d6b97153bbd84cc6ef1_d1_3.png": {"intrinsics": {"fx": 1077.17, "fy": 1078.24, "cx": 634.483, "cy": 523.304}, "camera_to_world_matrix": [-0.966852, -0.00443122, -0.255297, 6.70476, -0.255333, 0.0122024, 0.966776, -2.81443, -0.00116855, 0.999915, -0.01293, -0.29865, 0.0, 0.0, 0.0, 1.0]}, "14628aaead7d4d6b97153bbd84cc6ef1_d1_4.png": {"intrinsics": {"fx": 1077.17, "fy": 1078.24, "cx": 634.483, "cy": 523.304}, "camera_to_world_matrix": [-0.704534, -0.0071108, 0.709634, 6.70139, 0.709603, 0.0066225, 0.70457, -2.81351, -0.00970941, 0.999952, 0.000379445, -0.298697, 0.0, 0.0, 0.0, 1.0]}, "14628aaead7d4d6b97153bbd84cc6ef1_d1_5.png": {"intrinsics": {"fx": 1077.17, "fy": 1078.24, "cx": 634.483, "cy": 523.304}, "camera_to_world_matrix": [0.26227, -0.0132827, 0.964903, 6.70049, 0.964991, 0.00615258, -0.262209, -2.81012, -0.0024536, 0.999892, 0.0144307, -0.298746, 0.0, 0.0, 0.0, 1.0]}, "14628aaead7d4d6b97153bbd84cc6ef1_d2_0.png": {"intrinsics": {"fx": 1075.93, "fy": 1076.58, "cx": 632.94, "cy": 519.024}, "camera_to_world_matrix": [0.965754, -0.183598, 0.183328, 6.6998, 0.259256, 0.655166, -0.709608, -2.79659, 0.0101724, 0.732836, 0.680328, -0.265658, 0.0, 0.0, 0.0, 1.0]}, "14628aaead7d4d6b97153bbd84cc6ef1_d2_1.png": {"intrinsics": {"fx": 1075.93, "fy": 1076.58, "cx": 632.94, "cy": 519.024}, "camera_to_world_matrix": [0.707243, 0.464145, -0.533269, 6.71384, -0.70672, 0.484183, -0.515861, -2.8004, 0.0187658, 0.741711, 0.670455, -0.265464, 0.0, 0.0, 0.0, 1.0]}, "14628aaead7d4d6b97153bbd84cc6ef1_d2_2.png": {"intrinsics": {"fx": 1075.93, "fy": 1076.58, "cx": 632.94, "cy": 519.024}, "camera_to_world_matrix": [-0.258558, 0.639861, -0.723689, 6.71756, -0.965926, -0.162284, 0.201619, -2.81447, 0.0115654, 0.751161, 0.660017, -0.26526, 0.0, 0.0, 0.0, 1.0]}, "14628aaead7d4d6b97153bbd84cc6ef1_d2_3.png": {"intrinsics": {"fx": 1075.93, "fy": 1076.58, "cx": 632.94, "cy": 519.024}, "camera_to_world_matrix": [-0.965827, 0.167829, -0.197508, 6.70723, -0.259149, -0.637753, 0.725336, -2.82472, -0.00422824, 0.751734, 0.659451, -0.265249, 0.0, 0.0, 0.0, 1.0]}, "14628aaead7d4d6b97153bbd84cc6ef1_d2_4.png": {"intrinsics": {"fx": 1075.93, "fy": 1076.58, "cx": 632.94, "cy": 519.024}, "camera_to_world_matrix": [-0.707279, -0.479907, 0.519082, 6.69319, 0.706817, -0.466745, 0.531561, -2.8209, -0.0128212, 0.742858, 0.669324, -0.265443, 0.0, 0.0, 0.0, 1.0]}, "14628aaead7d4d6b97153bbd84cc6ef1_d2_5.png": {"intrinsics": {"fx": 1075.93, "fy": 1076.58, "cx": 632.94, "cy": 519.024}, "camera_to_world_matrix": [0.258533, -0.655597, 0.709473, 6.68948, 0.965985, 0.179729, -0.185926, -2.80684, -0.00562019, 0.733409, 0.679762, -0.265647, 0.0, 0.0, 0.0, 1.0]}, "157ae59bfdf04cf5ba5785dde25b039e_d0_0.png": {"intrinsics": {"fx": 1075.04, "fy": 1076.17, "cx": 628.463, "cy": 519.304}, "camera_to_world_matrix": [0.9211, -0.270727, -0.279784, 5.58656, -0.38876, -0.600969, -0.698355, -2.80182, 0.0209225, 0.752025, -0.658802, -0.747349, 0.0, 0.0, 0.0, 1.0]}, "157ae59bfdf04cf5ba5785dde25b039e_d0_1.png": {"intrinsics": {"fx": 1075.04, "fy": 1076.17, "cx": 628.463, "cy": 519.304}, "camera_to_world_matrix": [0.123747, -0.661587, -0.739586, 5.5954, -0.992156, -0.0692561, -0.104054, -2.81338, 0.0176201, 0.746662, -0.66497, -0.74723, 0.0, 0.0, 0.0, 1.0]}, "157ae59bfdf04cf5ba5785dde25b039e_d0_2.png": {"intrinsics": {"fx": 1075.04, "fy": 1076.17, "cx": 628.463, "cy": 519.304}, "camera_to_world_matrix": [-0.797449, -0.39653, -0.454794, 5.58982, -0.603319, 0.535114, 0.591318, -2.82681, 0.00889119, 0.745933, -0.665962, -0.747211, 0.0, 0.0, 0.0, 1.0]}, "157ae59bfdf04cf5ba5785dde25b039e_d0_3.png": {"intrinsics": {"fx": 1075.04, "fy": 1076.17, "cx": 628.463, "cy": 519.304}, "camera_to_world_matrix": [-0.92127, 0.259382, 0.289794, 5.57539, 0.388906, 0.607758, 0.692373, -2.82869, 0.00346468, 0.750566, -0.660786, -0.747312, 0.0, 0.0, 0.0, 1.0]}, "157ae59bfdf04cf5ba5785dde25b039e_d0_4.png": {"intrinsics": {"fx": 1075.04, "fy": 1076.17, "cx": 628.463, "cy": 519.304}, "camera_to_world_matrix": [-0.123892, 0.650222, 0.749573, 5.56655, 0.992272, 0.0760295, 0.098054, -2.81714, 0.00676736, 0.755929, -0.654618, -0.747431, 0.0, 0.0, 0.0, 1.0]}, "157ae59bfdf04cf5ba5785dde25b039e_d0_5.png": {"intrinsics": {"fx": 1075.04, "fy": 1076.17, "cx": 628.463, "cy": 519.304}, "camera_to_world_matrix": [0.797288, 0.385141, 0.464754, 5.57213, 0.603398, -0.52833, -0.597307, -2.8037, 0.0154964, 0.756658, -0.653626, -0.747449, 0.0, 0.0, 0.0, 1.0]}, "157ae59bfdf04cf5ba5785dde25b039e_d1_0.png": {"intrinsics": {"fx": 1077.17, "fy": 1078.24, "cx": 634.483, "cy": 523.304}, "camera_to_world_matrix": [0.923286, -0.0127555, -0.3839, 5.58207, -0.383826, 0.00789739, -0.923371, -2.81187, 0.01481, 0.999887, 0.00239505, -0.714086, 0.0, 0.0, 0.0, 1.0]}, "157ae59bfdf04cf5ba5785dde25b039e_d1_1.png": {"intrinsics": {"fx": 1077.17, "fy": 1078.24, "cx": 634.483, "cy": 523.304}, "camera_to_world_matrix": [0.129159, -0.00723929, -0.991597, 5.58419, -0.991556, 0.0107059, -0.129232, -2.81465, 0.0115517, 0.999916, -0.00579602, -0.714057, 0.0, 0.0, 0.0, 1.0]}, "157ae59bfdf04cf5ba5785dde25b039e_d1_2.png": {"intrinsics": {"fx": 1077.17, "fy": 1078.24, "cx": 634.483, "cy": 523.304}, "camera_to_world_matrix": [-0.794176, -0.00204918, -0.607683, 5.58285, -0.60768, 0.00733299, 0.794147, -2.81789, 0.00282899, 0.999971, -0.00706956, -0.714053, 0.0, 0.0, 0.0, 1.0]}, "157ae59bfdf04cf5ba5785dde25b039e_d1_3.png": {"intrinsics": {"fx": 1077.17, "fy": 1078.24, "cx": 634.483, "cy": 523.304}, "camera_to_world_matrix": [-0.923363, -0.00237537, 0.383919, 5.57938, 0.383917, 0.00115157, 0.923366, -2.81834, -0.00263524, 0.999996, -0.000151999, -0.714077, 0.0, 0.0, 0.0, 1.0]}, "157ae59bfdf04cf5ba5785dde25b039e_d1_4.png": {"intrinsics": {"fx": 1077.17, "fy": 1078.24, "cx": 634.483, "cy": 523.304}, "camera_to_world_matrix": [-0.129213, -0.00789165, 0.991585, 5.57725, 0.991616, -0.00165676, 0.129203, -2.81556, 0.000623389, 0.999967, 0.00803895, -0.714106, 0.0, 0.0, 0.0, 1.0]}, "157ae59bfdf04cf5ba5785dde25b039e_d1_5.png": {"intrinsics": {"fx": 1077.17, "fy": 1078.24, "cx": 634.483, "cy": 523.304}, "camera_to_world_matrix": [0.794107, -0.0130816, 0.607635, 5.5786, 0.607704, 0.00171639, -0.794161, -2.81233, 0.00934618, 0.999913, 0.00931215, -0.71411, 0.0, 0.0, 0.0, 1.0]}, "157ae59bfdf04cf5ba5785dde25b039e_d2_0.png": {"intrinsics": {"fx": 1075.93, "fy": 1076.58, "cx": 632.94, "cy": 519.024}, "camera_to_world_matrix": [0.924815, 0.247118, -0.289219, 5.58606, -0.380233, 0.623842, -0.682819, -2.80152, 0.0116903, 0.741454, 0.670901, -0.680851, 0.0, 0.0, 0.0, 1.0]}, "157ae59bfdf04cf5ba5785dde25b039e_d2_1.png": {"intrinsics": {"fx": 1075.93, "fy": 1076.58, "cx": 632.94, "cy": 519.024}, "camera_to_world_matrix": [0.133059, 0.658088, -0.74109, 5.5949, -0.991071, 0.0947321, -0.0938191, -2.81308, 0.008464, 0.746957, 0.664817, -0.680732, 0.0, 0.0, 0.0, 1.0]}, "157ae59bfdf04cf5ba5785dde25b039e_d2_2.png": {"intrinsics": {"fx": 1075.93, "fy": 1076.58, "cx": 632.94, "cy": 519.024}, "camera_to_world_matrix": [-0.791782, 0.405339, -0.456923, 5.58931, -0.610802, -0.525753, 0.592034, -2.82651, -0.000253831, 0.747853, 0.663863, -0.680714, 0.0, 0.0, 0.0, 1.0]}, "157ae59bfdf04cf5ba5785dde25b039e_d2_3.png": {"intrinsics": {"fx": 1075.93, "fy": 1076.58, "cx": 632.94, "cy": 519.024}, "camera_to_world_matrix": [-0.924845, -0.258375, 0.279108, 5.57488, 0.380296, -0.617114, 0.688871, -2.82839, -0.00574514, 0.743244, 0.668994, -0.680814, 0.0, 0.0, 0.0, 1.0]}, "157ae59bfdf04cf5ba5785dde25b039e_d2_4.png": {"intrinsics": {"fx": 1075.93, "fy": 1076.58, "cx": 632.94, "cy": 519.024}, "camera_to_world_matrix": [-0.133065, -0.669325, 0.730956, 5.56604, 0.991103, -0.0879881, 0.0998532, -2.81684, -0.00251852, 0.737741, 0.675078, -0.680933, 0.0, 0.0, 0.0, 1.0]}, "157ae59bfdf04cf5ba5785dde25b039e_d2_5.png": {"intrinsics": {"fx": 1075.93, "fy": 1076.58, "cx": 632.94, "cy": 519.024}, "camera_to_world_matrix": [0.791761, -0.416551, 0.446763, 5.57163, 0.610798, 0.532487, -0.585989, -2.8034, 0.00619939, 0.736846, 0.676031, -0.680952, 0.0, 0.0, 0.0, 1.0]}, "22fc81e0645a42d5be891f95327b4c62_d0_0.png": {"intrinsics": {"fx": 1075.04, "fy": 1076.17, "cx": 628.463, "cy": 519.304}, "camera_to_world_matrix": [0.998078, 0.0429589, 0.0446525, 19.8958, 0.0619242, -0.666289, -0.743117, -1.90617, -0.0021719, 0.744454, -0.66767, 1.06655, 0.0, 0.0, 0.0, 1.0]}, "22fc81e0645a42d5be891f95327b4c62_d0_1.png": {"intrinsics": {"fx": 1075.04, "fy": 1076.17, "cx": 628.463, "cy": 519.304}, "camera_to_world_matrix": [0.552721, -0.54369, -0.631585, 19.9089, -0.833356, -0.364252, -0.415737, -1.91258, -0.00402364, 0.756122, -0.654418, 1.06629, 0.0, 0.0, 0.0, 1.0]}, "22fc81e0645a42d5be891f95327b4c62_d0_2.png": {"intrinsics": {"fx": 1075.04, "fy": 1076.17, "cx": 628.463, "cy": 519.304}, "camera_to_world_matrix": [-0.445186, -0.575378, -0.68611, 19.9099, -0.895377, 0.294892, 0.333672, -1.9271, 0.0103409, 0.762874, -0.646464, 1.06614, 0.0, 0.0, 0.0, 1.0]}, "22fc81e0645a42d5be891f95327b4c62_d0_3.png": {"intrinsics": {"fx": 1075.04, "fy": 1076.17, "cx": 628.463, "cy": 519.304}, "camera_to_world_matrix": [-0.997715, -0.0204174, -0.0643969, 19.8978, -0.0621176, 0.651982, 0.755685, -1.93521, 0.0265567, 0.757958, -0.651762, 1.06624, 0.0, 0.0, 0.0, 1.0]}, "22fc81e0645a42d5be891f95327b4c62_d0_4.png": {"intrinsics": {"fx": 1075.04, "fy": 1076.17, "cx": 628.463, "cy": 519.304}, "camera_to_world_matrix": [-0.552323, 0.56622, 0.611828, 19.8847, 0.833145, 0.349922, 0.428278, -1.9288, 0.0284077, 0.74629, -0.665014, 1.0665, 0.0, 0.0, 0.0, 1.0]}, "22fc81e0645a42d5be891f95327b4c62_d0_5.png": {"intrinsics": {"fx": 1075.04, "fy": 1076.17, "cx": 628.463, "cy": 519.304}, "camera_to_world_matrix": [0.445587, 0.597882, 0.666324, 19.8838, 0.895128, -0.309223, -0.321133, -1.91428, 0.0140428, 0.739538, -0.672968, 1.06665, 0.0, 0.0, 0.0, 1.0]}, "22fc81e0645a42d5be891f95327b4c62_d1_0.png": {"intrinsics": {"fx": 1077.17, "fy": 1078.24, "cx": 634.483, "cy": 523.304}, "camera_to_world_matrix": [0.997693, 0.00883532, 0.0672994, 19.8971, 0.0673773, -0.00881269, -0.997688, -1.91751, -0.00822161, 0.999922, -0.00938828, 1.09968, 0.0, 0.0, 0.0, 1.0]}, "22fc81e0645a42d5be891f95327b4c62_d1_1.png": {"intrinsics": {"fx": 1077.17, "fy": 1078.24, "cx": 634.483, "cy": 523.304}, "camera_to_world_matrix": [0.557155, 0.0125243, -0.830314, 19.9002, -0.830346, -0.00384194, -0.557234, -1.91906, -0.0101688, 0.999914, 0.00825833, 1.09962, 0.0, 0.0, 0.0, 1.0]}, "22fc81e0645a42d5be891f95327b4c62_d1_2.png": {"intrinsics": {"fx": 1077.17, "fy": 1078.24, "cx": 634.483, "cy": 523.304}, "camera_to_world_matrix": [-0.44046, 0.0186728, -0.897578, 19.9005, -0.897762, -0.00455099, 0.440456, -1.92255, 0.00413989, 0.999815, 0.0187677, 1.09958, 0.0, 0.0, 0.0, 1.0]}, "22fc81e0645a42d5be891f95327b4c62_d1_3.png": {"intrinsics": {"fx": 1077.17, "fy": 1078.24, "cx": 634.483, "cy": 523.304}, "camera_to_world_matrix": [-0.997513, 0.0211322, -0.067227, 19.8976, -0.0674544, -0.0102308, 0.99767, -1.9245, 0.0203954, 0.999724, 0.0116302, 1.0996, 0.0, 0.0, 0.0, 1.0]}, "22fc81e0645a42d5be891f95327b4c62_d1_4.png": {"intrinsics": {"fx": 1077.17, "fy": 1078.24, "cx": 634.483, "cy": 523.304}, "camera_to_world_matrix": [-0.55694, 0.0174431, 0.830369, 19.8944, 0.830252, -0.0152014, 0.557181, -1.92296, 0.0223419, 0.999732, -0.00601652, 1.09967, 0.0, 0.0, 0.0, 1.0]}, "22fc81e0645a42d5be891f95327b4c62_d1_5.png": {"intrinsics": {"fx": 1077.17, "fy": 1078.24, "cx": 634.483, "cy": 523.304}, "camera_to_world_matrix": [0.440677, 0.0112946, 0.897594, 19.8942, 0.897629, -0.0144921, -0.440512, -1.91946, 0.00803282, 0.999831, -0.0165253, 1.0997, 0.0, 0.0, 0.0, 1.0]}, "22fc81e0645a42d5be891f95327b4c62_d2_0.png": {"intrinsics": {"fx": 1075.93, "fy": 1076.58, "cx": 632.94, "cy": 519.024}, "camera_to_world_matrix": [0.997389, -0.0387711, 0.0609011, 19.8968, 0.0713066, 0.661014, -0.746978, -1.90681, -0.0112951, 0.749371, 0.662052, 1.13304, 0.0, 0.0, 0.0, 1.0]}, "22fc81e0645a42d5be891f95327b4c62_d2_1.png": {"intrinsics": {"fx": 1075.93, "fy": 1076.58, "cx": 632.94, "cy": 519.024}, "camera_to_world_matrix": [0.560357, 0.564725, -0.605876, 19.9099, -0.828143, 0.370261, -0.420813, -1.91322, -0.0133112, 0.737558, 0.675151, 1.13278, 0.0, 0.0, 0.0, 1.0]}, "22fc81e0645a42d5be891f95327b4c62_d2_2.png": {"intrinsics": {"fx": 1075.93, "fy": 1076.58, "cx": 632.94, "cy": 519.024}, "camera_to_world_matrix": [-0.437001, 0.614608, -0.656724, 19.9109, -0.899459, -0.29783, 0.319795, -1.92773, 0.000956472, 0.730448, 0.682966, 1.13263, 0.0, 0.0, 0.0, 1.0]}, "22fc81e0645a42d5be891f95327b4c62_d2_3.png": {"intrinsics": {"fx": 1075.93, "fy": 1076.58, "cx": 632.94, "cy": 519.024}, "camera_to_world_matrix": [-0.997303, 0.0609928, -0.0407943, 19.8988, -0.0713243, -0.675153, 0.734221, -1.93584, 0.01724, 0.735151, 0.677682, 1.13273, 0.0, 0.0, 0.0, 1.0]}, "22fc81e0645a42d5be891f95327b4c62_d2_4.png": {"intrinsics": {"fx": 1075.93, "fy": 1076.58, "cx": 632.94, "cy": 519.024}, "camera_to_world_matrix": [-0.560235, -0.542492, 0.62597, 19.8857, 0.828109, -0.384377, 0.40803, -1.92943, 0.0192554, 0.746964, 0.664584, 1.13299, 0.0, 0.0, 0.0, 1.0]}, "22fc81e0645a42d5be891f95327b4c62_d2_5.png": {"intrinsics": {"fx": 1075.93, "fy": 1076.58, "cx": 632.94, "cy": 519.024}, "camera_to_world_matrix": [0.437125, -0.592349, 0.676789, 19.8848, 0.899386, 0.283716, -0.33258, -1.91491, 0.00498737, 0.754074, 0.656769, 1.13314, 0.0, 0.0, 0.0, 1.0]}, "276d365e9e6b42e6bb17571e9dfd2663_d0_0.png": {"intrinsics": {"fx": 1075.04, "fy": 1076.17, "cx": 628.463, "cy": 519.304}, "camera_to_world_matrix": [-0.814586, -0.367211, -0.449003, 5.26572, -0.579593, 0.545742, 0.605174, 0.478354, 0.0228136, 0.753206, -0.657389, -2.18344, 0.0, 0.0, 0.0, 1.0]}, "276d365e9e6b42e6bb17571e9dfd2663_d0_1.png": {"intrinsics": {"fx": 1075.04, "fy": 1076.17, "cx": 628.463, "cy": 519.304}, "camera_to_world_matrix": [-0.909207, 0.290534, 0.298211, 5.25125, 0.415853, 0.599042, 0.684262, 0.476899, 0.0201602, 0.746149, -0.665474, -2.18328, 0.0, 0.0, 0.0, 1.0]}, "276d365e9e6b42e6bb17571e9dfd2663_d0_2.png": {"intrinsics": {"fx": 1075.04, "fy": 1076.17, "cx": 628.463, "cy": 519.304}, "camera_to_world_matrix": [-0.0944741, 0.665577, 0.740324, 5.24275, 0.995481, 0.0560333, 0.076659, 0.48871, 0.00953986, 0.744221, -0.667865, -2.18323, 0.0, 0.0, 0.0, 1.0]}, "276d365e9e6b42e6bb17571e9dfd2663_d0_3.png": {"intrinsics": {"fx": 1075.04, "fy": 1076.17, "cx": 628.463, "cy": 519.304}, "camera_to_world_matrix": [0.814863, 0.382867, 0.435212, 5.24873, 0.57965, -0.540262, -0.610017, 0.501974, 0.00157297, 0.749352, -0.66217, -2.18335, 0.0, 0.0, 0.0, 1.0]}, "276d365e9e6b42e6bb17571e9dfd2663_d0_4.png": {"intrinsics": {"fx": 1075.04, "fy": 1076.17, "cx": 628.463, "cy": 519.304}, "camera_to_world_matrix": [0.909446, -0.27488, -0.312006, 5.2632, -0.415799, -0.593535, -0.689076, 0.503428, 0.00422674, 0.756409, -0.654085, -2.1835, 0.0, 0.0, 0.0, 1.0]}, "276d365e9e6b42e6bb17571e9dfd2663_d0_5.png": {"intrinsics": {"fx": 1075.04, "fy": 1076.17, "cx": 628.463, "cy": 519.304}, "camera_to_world_matrix": [0.0946895, -0.649902, -0.754095, 5.2717, -0.995395, -0.0505123, -0.0814557, 0.491618, 0.0148473, 0.758336, -0.651694, -2.18355, 0.0, 0.0, 0.0, 1.0]}, "276d365e9e6b42e6bb17571e9dfd2663_d1_0.png": {"intrinsics": {"fx": 1077.17, "fy": 1078.24, "cx": 634.483, "cy": 523.304}, "camera_to_world_matrix": [-0.811551, 0.0160289, -0.58406, 5.25962, -0.584042, 0.00630172, 0.811699, 0.487445, 0.0166914, 0.999851, 0.00424675, -2.15015, 0.0, 0.0, 0.0, 1.0]}, "276d365e9e6b42e6bb17571e9dfd2663_d1_1.png": {"intrinsics": {"fx": 1077.17, "fy": 1078.24, "cx": 634.483, "cy": 523.304}, "camera_to_world_matrix": [-0.911555, 0.0155213, 0.410883, 5.25613, 0.410934, 0.000132558, 0.911664, 0.487095, 0.014096, 0.999879, -0.00649969, -2.15012, 0.0, 0.0, 0.0, 1.0]}, "276d365e9e6b42e6bb17571e9dfd2663_d1_2.png": {"intrinsics": {"fx": 1077.17, "fy": 1078.24, "cx": 634.483, "cy": 523.304}, "camera_to_world_matrix": [-0.0999202, 0.00992505, 0.994945, 5.25409, 0.994989, -0.00251214, 0.0999495, 0.489936, 0.00349165, 0.999947, -0.00962493, -2.15011, 0.0, 0.0, 0.0, 1.0]}, "276d365e9e6b42e6bb17571e9dfd2663_d1_3.png": {"intrinsics": {"fx": 1077.17, "fy": 1078.24, "cx": 634.483, "cy": 523.304}, "camera_to_world_matrix": [0.811701, 0.00483652, 0.584052, 5.25553, 0.584055, 0.00101238, -0.811713, 0.493127, -0.00451695, 0.999987, -0.00200367, -2.15013, 0.0, 0.0, 0.0, 1.0]}, "276d365e9e6b42e6bb17571e9dfd2663_d1_4.png": {"intrinsics": {"fx": 1077.17, "fy": 1078.24, "cx": 634.483, "cy": 523.304}, "camera_to_world_matrix": [0.911666, 0.00534436, -0.410895, 5.25901, -0.410925, 0.00718153, -0.91164, 0.493476, -0.00192108, 0.999959, 0.00874267, -2.15017, 0.0, 0.0, 0.0, 1.0]}, "276d365e9e6b42e6bb17571e9dfd2663_d1_5.png": {"intrinsics": {"fx": 1077.17, "fy": 1078.24, "cx": 634.483, "cy": 523.304}, "camera_to_world_matrix": [0.100008, 0.0109407, -0.994926, 5.26105, -0.994948, 0.009826, -0.0999023, 0.490635, 0.00868335, 0.999891, 0.0118675, -2.15018, 0.0, 0.0, 0.0, 1.0]}, "276d365e9e6b42e6bb17571e9dfd2663_d2_0.png": {"intrinsics": {"fx": 1075.93, "fy": 1076.58, "cx": 632.94, "cy": 519.024}, "camera_to_world_matrix": [-0.809306, 0.402972, -0.427358, 5.26642, -0.587229, -0.538271, 0.604505, 0.478597, 0.0135645, 0.740187, 0.672262, -2.11694, 0.0, 0.0, 0.0, 1.0]}, "276d365e9e6b42e6bb17571e9dfd2663_d2_1.png": {"intrinsics": {"fx": 1075.93, "fy": 1076.58, "cx": 632.94, "cy": 519.024}, "camera_to_world_matrix": [-0.913199, -0.263121, 0.31118, 5.25194, 0.407362, -0.61005, 0.679628, 0.477142, 0.0110111, 0.7474, 0.664282, -2.11678, 0.0, 0.0, 0.0, 1.0]}, "276d365e9e6b42e6bb17571e9dfd2663_d2_2.png": {"intrinsics": {"fx": 1075.93, "fy": 1076.58, "cx": 632.94, "cy": 519.024}, "camera_to_world_matrix": [-0.103842, -0.658342, 0.745521, 5.24344, 0.994592, -0.0690502, 0.0775581, 0.488953, 0.000418891, 0.749545, 0.661952, -2.11674, 0.0, 0.0, 0.0, 1.0]}, "276d365e9e6b42e6bb17571e9dfd2663_d2_3.png": {"intrinsics": {"fx": 1075.93, "fy": 1076.58, "cx": 632.94, "cy": 519.024}, "camera_to_world_matrix": [0.809391, -0.387461, 0.441314, 5.24942, 0.587219, 0.543716, -0.599622, 0.502218, -0.00761956, 0.744477, 0.667603, -2.11685, 0.0, 0.0, 0.0, 1.0]}, "276d365e9e6b42e6bb17571e9dfd2663_d2_4.png": {"intrinsics": {"fx": 1075.93, "fy": 1076.58, "cx": 632.94, "cy": 519.024}, "camera_to_world_matrix": [0.913245, 0.278635, -0.297227, 5.2639, -0.407376, 0.615469, -0.674716, 0.503672, -0.00506568, 0.737265, 0.675583, -2.11701, 0.0, 0.0, 0.0, 1.0]}, "276d365e9e6b42e6bb17571e9dfd2663_d2_5.png": {"intrinsics": {"fx": 1075.93, "fy": 1076.58, "cx": 632.94, "cy": 519.024}, "camera_to_world_matrix": [0.103865, 0.673835, -0.731545, 5.27239, -0.994575, 0.0744539, -0.0726289, 0.491861, 0.00552664, 0.73512, 0.677912, -2.11705, 0.0, 0.0, 0.0, 1.0]}, "2e024b2658064f9099f0ffd136fc4a0a_d0_0.png": {"intrinsics": {"fx": 1075.04, "fy": 1076.17, "cx": 628.463, "cy": 519.304}, "camera_to_world_matrix": [-0.853457, -0.331201, -0.402386, 9.03398, -0.520702, 0.574302, 0.6317, 0.850822, 0.0218719, 0.748653, -0.662601, -2.19653, 0.0, 0.0, 0.0, 1.0]}, "2e024b2658064f9099f0ffd136fc4a0a_d0_1.png": {"intrinsics": {"fx": 1075.04, "fy": 1076.17, "cx": 628.463, "cy": 519.304}, "camera_to_world_matrix": [-0.877759, 0.32869, 0.34857, 9.01944, 0.478905, 0.581145, 0.657966, 0.850391, 0.0136966, 0.744468, -0.667518, -2.19644, 0.0, 0.0, 0.0, 1.0]}, "2e024b2658064f9099f0ffd136fc4a0a_d0_2.png": {"intrinsics": {"fx": 1075.04, "fy": 1076.17, "cx": 628.463, "cy": 519.304}, "camera_to_world_matrix": [-0.0242052, 0.664583, 0.746821, 9.01179, 0.999698, 0.0130884, 0.0207539, 0.86277, 0.0040182, 0.747099, -0.664701, -2.19649, 0.0, 0.0, 0.0, 1.0]}, "2e024b2658064f9099f0ffd136fc4a0a_d0_3.png": {"intrinsics": {"fx": 1075.04, "fy": 1076.17, "cx": 628.463, "cy": 519.304}, "camera_to_world_matrix": [0.85363, 0.340579, 0.394106, 9.01869, 0.520872, -0.561798, -0.642709, 0.87558, 0.00251512, 0.753915, -0.656967, -2.19664, 0.0, 0.0, 0.0, 1.0]}, "2e024b2658064f9099f0ffd136fc4a0a_d0_4.png": {"intrinsics": {"fx": 1075.04, "fy": 1076.17, "cx": 628.463, "cy": 519.304}, "camera_to_world_matrix": [0.877892, -0.319312, -0.356852, 9.03323, -0.478737, -0.568615, -0.668944, 0.876011, 0.0106906, 0.7581, -0.65205, -2.19674, 0.0, 0.0, 0.0, 1.0]}, "2e024b2658064f9099f0ffd136fc4a0a_d0_5.png": {"intrinsics": {"fx": 1075.04, "fy": 1076.17, "cx": 628.463, "cy": 519.304}, "camera_to_world_matrix": [0.0243186, -0.655183, -0.755078, 9.04088, -0.999496, -0.000545319, -0.0317172, 0.863631, 0.0203689, 0.755469, -0.654867, -2.19668, 0.0, 0.0, 0.0, 1.0]}, "2e024b2658064f9099f0ffd136fc4a0a_d1_0.png": {"intrinsics": {"fx": 1077.17, "fy": 1078.24, "cx": 634.483, "cy": 523.304}, "camera_to_world_matrix": [-0.850717, 0.0120244, -0.525486, 9.02838, -0.525386, 0.0105739, 0.850798, 0.8605, 0.015787, 0.999871, -0.00267858, -2.16333, 0.0, 0.0, 0.0, 1.0]}, "2e024b2658064f9099f0ffd136fc4a0a_d1_1.png": {"intrinsics": {"fx": 1077.17, "fy": 1078.24, "cx": 634.483, "cy": 523.304}, "camera_to_world_matrix": [-0.88042, 0.0110837, 0.474064, 9.02488, 0.474131, 0.00445602, 0.880442, 0.860396, 0.00764632, 0.999928, -0.00917893, -2.1633, 0.0, 0.0, 0.0, 1.0]}, "2e024b2658064f9099f0ffd136fc4a0a_d1_2.png": {"intrinsics": {"fx": 1077.17, "fy": 1078.24, "cx": 634.483, "cy": 523.304}, "camera_to_world_matrix": [-0.0296457, 0.00531492, 0.999546, 9.02305, 0.999558, 0.00221209, 0.0296342, 0.863374, -0.00205338, 0.999983, -0.00537878, -2.16332, 0.0, 0.0, 0.0, 1.0]}, "2e024b2658064f9099f0ffd136fc4a0a_d1_3.png": {"intrinsics": {"fx": 1077.17, "fy": 1078.24, "cx": 634.483, "cy": 523.304}, "camera_to_world_matrix": [0.850813, 0.000486997, 0.525467, 9.0247, 0.525455, 0.00608612, -0.850799, 0.866456, -0.00361219, 0.999981, 0.00492164, -2.16335, 0.0, 0.0, 0.0, 1.0]}, "2e024b2658064f9099f0ffd136fc4a0a_d1_4.png": {"intrinsics": {"fx": 1077.17, "fy": 1078.24, "cx": 634.483, "cy": 523.304}, "camera_to_world_matrix": [0.880478, 0.00142796, -0.474084, 9.0282, -0.474064, 0.012204, -0.880405, 0.866559, 0.00452874, 0.999924, 0.0114217, -2.16338, 0.0, 0.0, 0.0, 1.0]}, "2e024b2658064f9099f0ffd136fc4a0a_d1_5.png": {"intrinsics": {"fx": 1077.17, "fy": 1078.24, "cx": 634.483, "cy": 523.304}, "camera_to_world_matrix": [0.0296827, 0.00719682, -0.999533, 9.03004, -0.999457, 0.0144477, -0.0295763, 0.863581, 0.0142283, 0.999869, 0.00762114, -2.16336, 0.0, 0.0, 0.0, 1.0]}, "2e024b2658064f9099f0ffd136fc4a0a_d2_0.png": {"intrinsics": {"fx": 1075.93, "fy": 1076.58, "cx": 632.94, "cy": 519.024}, "camera_to_world_matrix": [-0.848687, 0.360814, -0.386705, 9.0344, -0.528741, -0.561276, 0.636712, 0.851376, 0.0126871, 0.744837, 0.667125, -2.13004, 0.0, 0.0, 0.0, 1.0]}, "2e024b2658064f9099f0ffd136fc4a0a_d2_1.png": {"intrinsics": {"fx": 1075.93, "fy": 1076.58, "cx": 632.94, "cy": 519.024}, "camera_to_world_matrix": [-0.882298, -0.308705, 0.355318, 9.01985, 0.470667, -0.585964, 0.659634, 0.850945, 0.00457184, 0.749231, 0.662292, -2.12994, 0.0, 0.0, 0.0, 1.0]}, "2e024b2658064f9099f0ffd136fc4a0a_d2_2.png": {"intrinsics": {"fx": 1075.93, "fy": 1076.58, "cx": 632.94, "cy": 519.024}, "camera_to_world_matrix": [-0.0335718, -0.664868, 0.746206, 9.01221, 0.999422, -0.0184907, 0.0284882, 0.863324, -0.00514279, 0.746732, 0.665104, -2.13, 0.0, 0.0, 0.0, 1.0]}, "2e024b2658064f9099f0ffd136fc4a0a_d2_3.png": {"intrinsics": {"fx": 1075.93, "fy": 1076.58, "cx": 632.94, "cy": 519.024}, "camera_to_world_matrix": [0.848745, -0.351504, 0.395062, 9.01911, 0.528757, 0.573658, -0.625565, 0.876134, -0.00674188, 0.739838, 0.672749, -2.13015, 0.0, 0.0, 0.0, 1.0]}, "2e024b2658064f9099f0ffd136fc4a0a_d2_4.png": {"intrinsics": {"fx": 1075.93, "fy": 1076.58, "cx": 632.94, "cy": 519.024}, "camera_to_world_matrix": [0.882316, 0.318016, -0.346961, 9.03365, -0.470652, 0.59832, -0.648458, 0.876565, 0.00137368, 0.735444, 0.677582, -2.13024, 0.0, 0.0, 0.0, 1.0]}, "2e024b2658064f9099f0ffd136fc4a0a_d2_5.png": {"intrinsics": {"fx": 1075.93, "fy": 1076.58, "cx": 632.94, "cy": 519.024}, "camera_to_world_matrix": [0.0335698, 0.674157, -0.737824, 9.0413, -0.999374, 0.0308326, -0.0172973, 0.864185, 0.0110882, 0.737944, 0.67477, -2.13019, 0.0, 0.0, 0.0, 1.0]}, "2e9912cb8d1842f88aff7bb59bdcbf5d_d0_0.png": {"intrinsics": {"fx": 1075.04, "fy": 1076.17, "cx": 628.463, "cy": 519.304}, "camera_to_world_matrix": [-0.702428, -0.482728, -0.523037, 4.2419, -0.711743, 0.472407, 0.519857, -0.00731413, -0.00386296, 0.737431, -0.675412, 3.9979, 0.0, 0.0, 0.0, 1.0]}, "2e9912cb8d1842f88aff7bb59bdcbf5d_d0_1.png": {"intrinsics": {"fx": 1075.04, "fy": 1076.17, "cx": 628.463, "cy": 519.304}, "camera_to_world_matrix": [-0.967533, 0.155729, 0.199064, 4.2279, 0.252357, 0.638634, 0.726954, -0.0112498, -0.0139212, 0.753587, -0.6572, 3.99754, 0.0, 0.0, 0.0, 1.0]}, "2e9912cb8d1842f88aff7bb59bdcbf5d_d0_2.png": {"intrinsics": {"fx": 1075.04, "fy": 1076.17, "cx": 628.463, "cy": 519.304}, "camera_to_world_matrix": [-0.265402, 0.618812, 0.739345, 4.21749, 0.964134, 0.168647, 0.204942, -0.00108652, 0.0021323, 0.767221, -0.641379, 3.99724, 0.0, 0.0, 0.0, 1.0]}, "2e9912cb8d1842f88aff7bb59bdcbf5d_d0_3.png": {"intrinsics": {"fx": 1075.04, "fy": 1076.17, "cx": 628.463, "cy": 519.304}, "camera_to_world_matrix": [0.701818, 0.443428, 0.557514, 4.22109, 0.711795, -0.467555, -0.524155, 0.0130123, 0.0282435, 0.764697, -0.64377, 3.99729, 0.0, 0.0, 0.0, 1.0]}, "2e9912cb8d1842f88aff7bb59bdcbf5d_d0_4.png": {"intrinsics": {"fx": 1075.04, "fy": 1076.17, "cx": 628.463, "cy": 519.304}, "camera_to_world_matrix": [0.966886, -0.195035, -0.164595, 4.23509, -0.252316, -0.633757, -0.731223, 0.0169474, 0.0383007, 0.74854, -0.661982, 3.99764, 0.0, 0.0, 0.0, 1.0]}, "2e9912cb8d1842f88aff7bb59bdcbf5d_d0_5.png": {"intrinsics": {"fx": 1075.04, "fy": 1076.17, "cx": 628.463, "cy": 519.304}, "camera_to_world_matrix": [0.264727, -0.6581, -0.704856, 4.2455, -0.964066, -0.163752, -0.20919, 0.00678369, 0.0222465, 0.734907, -0.677803, 3.99794, 0.0, 0.0, 0.0, 1.0]}, "2e9912cb8d1842f88aff7bb59bdcbf5d_d1_0.png": {"intrinsics": {"fx": 1077.17, "fy": 1078.24, "cx": 634.483, "cy": 523.304}, "camera_to_world_matrix": [-0.698453, -0.0210872, -0.715345, 4.23313, -0.715587, 0.00681335, 0.698489, 0.000511914, -0.00985512, 0.999754, -0.0198492, 4.0309, 0.0, 0.0, 0.0, 1.0]}, "2e9912cb8d1842f88aff7bb59bdcbf5d_d1_1.png": {"intrinsics": {"fx": 1077.17, "fy": 1078.24, "cx": 634.483, "cy": 523.304}, "camera_to_world_matrix": [-0.968777, -0.0205215, 0.247081, 4.22976, 0.24712, 0.000649282, 0.968984, -0.000434817, -0.0200452, 0.999789, 0.00444164, 4.03082, 0.0, 0.0, 0.0, 1.0]}, "2e9912cb8d1842f88aff7bb59bdcbf5d_d1_2.png": {"intrinsics": {"fx": 1077.17, "fy": 1078.24, "cx": 634.483, "cy": 523.304}, "camera_to_world_matrix": [-0.270462, -0.0255752, 0.962391, 4.22726, 0.962721, -0.00292324, 0.270477, 0.00200996, -0.00410399, 0.999668, 0.0254118, 4.03074, 0.0, 0.0, 0.0, 1.0]}, "2e9912cb8d1842f88aff7bb59bdcbf5d_d1_3.png": {"intrinsics": {"fx": 1077.17, "fy": 1078.24, "cx": 634.483, "cy": 523.304}, "camer