{"080a334ceb144054b12c4ed7847b8f71_d0_0.png": {"intrinsics": {"fx": 1074.94, "fy": 1075.54, "cx": 626.456, "cy": 518.761}, "camera_to_world_matrix": [-0.423732, 0.59163, 0.685874, -2.89007, 0.9057, 0.266269, 0.329859, -0.557158, 0.0125276, 0.760968, -0.648667, 4.25471, 0.0, 0.0, 0.0, 1.0]}, "080a334ceb144054b12c4ed7847b8f71_d0_1.png": {"intrinsics": {"fx": 1074.94, "fy": 1075.54, "cx": 626.456, "cy": 518.761}, "camera_to_world_matrix": [0.572409, 0.529047, 0.626463, -2.88885, 0.819491, -0.395133, -0.415094, -0.542661, 0.0279321, 0.750985, -0.659728, 4.25493, 0.0, 0.0, 0.0, 1.0]}, "080a334ceb144054b12c4ed7847b8f71_d0_2.png": {"intrinsics": {"fx": 1074.94, "fy": 1075.54, "cx": 626.456, "cy": 518.761}, "camera_to_world_matrix": [0.996007, -0.0750245, -0.0483762, -2.87568, -0.0863264, -0.671495, -0.735962, -0.536474, 0.022731, 0.7372, -0.675292, 4.25523, 0.0, 0.0, 0.0, 1.0]}, "080a334ceb144054b12c4ed7847b8f71_d0_3.png": {"intrinsics": {"fx": 1074.94, "fy": 1075.54, "cx": 626.456, "cy": 518.761}, "camera_to_world_matrix": [0.423453, -0.616499, -0.663789, -2.86374, -0.905915, -0.28645, -0.311871, -0.544785, 0.00212545, 0.733399, -0.679795, 4.25532, 0.0, 0.0, 0.0, 1.0]}, "080a334ceb144054b12c4ed7847b8f71_d0_4.png": {"intrinsics": {"fx": 1074.94, "fy": 1075.54, "cx": 626.456, "cy": 518.761}, "camera_to_world_matrix": [-0.572685, -0.553889, -0.604348, -2.86496, -0.819667, 0.374949, 0.43308, -0.559282, -0.0132785, 0.743383, -0.668734, 4.2551, 0.0, 0.0, 0.0, 1.0]}, "080a334ceb144054b12c4ed7847b8f71_d0_5.png": {"intrinsics": {"fx": 1074.94, "fy": 1075.54, "cx": 626.456, "cy": 518.761}, "camera_to_world_matrix": [-0.996247, 0.0501927, 0.0705035, -2.87813, 0.0861674, 0.651288, 0.753922, -0.565468, -0.00807657, 0.757168, -0.65317, 4.2548, 0.0, 0.0, 0.0, 1.0]}, "080a334ceb144054b12c4ed7847b8f71_d1_0.png": {"intrinsics": {"fx": 1075.66, "fy": 1076.11, "cx": 635.791, "cy": 509.993}, "camera_to_world_matrix": [-0.425671, -0.0136181, 0.904776, -2.88063, 0.904632, -0.0297751, 0.425155, -0.552909, 0.0211498, 0.999464, 0.0249945, 4.28819, 0.0, 0.0, 0.0, 1.0]}, "080a334ceb144054b12c4ed7847b8f71_d1_1.png": {"intrinsics": {"fx": 1075.66, "fy": 1076.11, "cx": 635.791, "cy": 509.993}, "camera_to_world_matrix": [0.570544, -0.029203, 0.820749, -2.88033, 0.820453, -0.0242491, -0.571201, -0.549422, 0.036583, 0.99928, 0.0101252, 4.28824, 0.0, 0.0, 0.0, 1.0]}, "080a334ceb144054b12c4ed7847b8f71_d1_2.png": {"intrinsics": {"fx": 1075.66, "fy": 1076.11, "cx": 635.791, "cy": 509.993}, "camera_to_world_matrix": [0.995936, -0.0322128, -0.0841157, -2.87716, -0.0844135, -0.00798962, -0.996399, -0.547934, 0.0314246, 0.999449, -0.0106757, 4.28831, 0.0, 0.0, 0.0, 1.0]}, "080a334ceb144054b12c4ed7847b8f71_d1_3.png": {"intrinsics": {"fx": 1075.66, "fy": 1076.11, "cx": 635.791, "cy": 509.993}, "camera_to_world_matrix": [0.425104, -0.0196377, -0.904932, -2.87429, -0.905081, 0.0027435, -0.425233, -0.549933, 0.0108331, 0.999804, -0.0166067, 4.28833, 0.0, 0.0, 0.0, 1.0]}, "080a334ceb144054b12c4ed7847b8f71_d1_4.png": {"intrinsics": {"fx": 1075.66, "fy": 1076.11, "cx": 635.791, "cy": 509.993}, "camera_to_world_matrix": [-0.571108, -0.00405305, -0.820866, -2.87459, -0.820863, -0.00278312, 0.571119, -0.55342, -0.00459956, 0.999988, -0.00173685, 4.28828, 0.0, 0.0, 0.0, 1.0]}, "080a334ceb144054b12c4ed7847b8f71_d1_5.png": {"intrinsics": {"fx": 1075.66, "fy": 1076.11, "cx": 635.791, "cy": 509.993}, "camera_to_world_matrix": [-0.996465, -0.00104387, 0.0840152, -2.87775, 0.0840201, -0.0190427, 0.996283, -0.554908, 0.000559683, 0.999819, 0.0190638, 4.28821, 0.0, 0.0, 0.0, 1.0]}, "080a334ceb144054b12c4ed7847b8f71_d2_0.png": {"intrinsics": {"fx": 1076.85, "fy": 1076.95, "cx": 632.235, "cy": 517.273}, "camera_to_world_matrix": [-0.432922, -0.616646, 0.657515, -2.89118, 0.901386, -0.303335, 0.309012, -0.558057, 0.00889671, 0.726454, 0.687156, 4.3212, 0.0, 0.0, 0.0, 1.0]}, "080a334ceb144054b12c4ed7847b8f71_d2_1.png": {"intrinsics": {"fx": 1076.85, "fy": 1076.95, "cx": 632.235, "cy": 517.273}, "camera_to_world_matrix": [0.564065, -0.568608, 0.59876, -2.88995, 0.825366, 0.366779, -0.429234, -0.54356, 0.0244531, 0.736313, 0.676197, 4.32142, 0.0, 0.0, 0.0, 1.0]}, "080a334ceb144054b12c4ed7847b8f71_d2_2.png": {"intrinsics": {"fx": 1076.85, "fy": 1076.95, "cx": 632.235, "cy": 517.273}, "camera_to_world_matrix": [0.996909, 0.0357331, -0.0699422, -2.87679, -0.0760907, 0.660094, -0.747319, -0.537373, 0.0194647, 0.750332, 0.660772, 4.32172, 0.0, 0.0, 0.0, 1.0]}, "080a334ceb144054b12c4ed7847b8f71_d2_3.png": {"intrinsics": {"fx": 1076.85, "fy": 1076.95, "cx": 632.235, "cy": 517.273}, "camera_to_world_matrix": [0.432757, 0.592023, -0.679875, -2.86485, -0.901508, 0.283288, -0.327151, -0.545684, -0.0010799, 0.754491, 0.656307, 4.32181, 0.0, 0.0, 0.0, 1.0]}, "080a334ceb144054b12c4ed7847b8f71_d2_4.png": {"intrinsics": {"fx": 1076.85, "fy": 1076.95, "cx": 632.235, "cy": 517.273}, "camera_to_world_matrix": [-0.564227, 0.543959, -0.621091, -2.86607, -0.82545, -0.386825, 0.411093, -0.560181, -0.0166357, 0.744631, 0.667267, 4.32159, 0.0, 0.0, 0.0, 1.0]}, "080a334ceb144054b12c4ed7847b8f71_d2_5.png": {"intrinsics": {"fx": 1076.85, "fy": 1076.95, "cx": 632.235, "cy": 517.273}, "camera_to_world_matrix": [-0.997037, -0.060394, 0.0476235, -2.87924, 0.0760241, -0.680116, 0.729152, -0.566367, -0.0116465, 0.730612, 0.682691, 4.32129, 0.0, 0.0, 0.0, 1.0]}, "0bcfce0d81294b7e84a7eed52cb04a4e_d0_0.png": {"intrinsics": {"fx": 1074.94, "fy": 1075.54, "cx": 626.456, "cy": 518.761}, "camera_to_world_matrix": [-0.221307, 0.647335, 0.729369, -5.47985, 0.975139, 0.138303, 0.173132, -3.60459, 0.0112004, 0.749552, -0.66185, 4.41446, 0.0, 0.0, 0.0, 1.0]}, "0bcfce0d81294b7e84a7eed52cb04a4e_d0_1.png": {"intrinsics": {"fx": 1074.94, "fy": 1075.54, "cx": 626.456, "cy": 518.761}, "camera_to_world_matrix": [0.733874, 0.445465, 0.512824, -5.47557, 0.679175, -0.49471, -0.542201, -3.59069, 0.0121679, 0.746205, -0.665605, 4.41453, 0.0, 0.0, 0.0, 1.0]}, "0bcfce0d81294b7e84a7eed52cb04a4e_d0_2.png": {"intrinsics": {"fx": 1074.94, "fy": 1075.54, "cx": 626.456, "cy": 518.761}, "camera_to_world_matrix": [0.955147, -0.203683, -0.214953, -5.46139, -0.296012, -0.636378, -0.712318, -3.58744, 0.00829597, 0.743999, -0.668129, 4.41458, 0.0, 0.0, 0.0, 1.0]}, "0bcfce0d81294b7e84a7eed52cb04a4e_d0_3.png": {"intrinsics": {"fx": 1074.94, "fy": 1075.54, "cx": 626.456, "cy": 518.761}, "camera_to_world_matrix": [0.221234, -0.650947, -0.726169, -5.45149, -0.975213, -0.145031, -0.1671, -3.5981, 0.00345655, 0.745139, -0.6669, 4.41456, 0.0, 0.0, 0.0, 1.0]}, "0bcfce0d81294b7e84a7eed52cb04a4e_d0_4.png": {"intrinsics": {"fx": 1074.94, "fy": 1075.54, "cx": 626.456, "cy": 518.761}, "camera_to_world_matrix": [-0.733936, -0.449052, -0.509596, -5.45577, -0.679213, 0.487974, 0.548224, -3.612, 0.00248919, 0.748486, -0.663145, 4.41448, 0.0, 0.0, 0.0, 1.0]}, "0bcfce0d81294b7e84a7eed52cb04a4e_d0_5.png": {"intrinsics": {"fx": 1074.94, "fy": 1075.54, "cx": 626.456, "cy": 518.761}, "camera_to_world_matrix": [-0.955171, 0.200102, 0.218188, -5.46995, 0.295983, 0.629617, 0.718313, -3.61525, 0.00636126, 0.750693, -0.660621, 4.41443, 0.0, 0.0, 0.0, 1.0]}, "0bcfce0d81294b7e84a7eed52cb04a4e_d1_0.png": {"intrinsics": {"fx": 1075.66, "fy": 1076.11, "cx": 635.791, "cy": 509.993}, "camera_to_world_matrix": [-0.223285, -0.00292976, 0.974749, -5.46916, 0.974551, -0.0210454, 0.223176, -3.60228, 0.01986, 0.999775, 0.00755501, 4.44775, 0.0, 0.0, 0.0, 1.0]}, "0bcfce0d81294b7e84a7eed52cb04a4e_d1_1.png": {"intrinsics": {"fx": 1075.66, "fy": 1076.11, "cx": 635.791, "cy": 509.993}, "camera_to_world_matrix": [0.7324, -0.0169851, 0.680663, -5.46813, 0.680556, -0.012333, -0.732593, -3.59893, 0.0208376, 0.99978, 0.00252731, 4.44776, 0.0, 0.0, 0.0, 1.0]}, "0bcfce0d81294b7e84a7eed52cb04a4e_d1_2.png": {"intrinsics": {"fx": 1075.66, "fy": 1076.11, "cx": 635.791, "cy": 509.993}, "camera_to_world_matrix": [0.95563, -0.0164675, -0.294111, -5.46472, -0.294083, 0.00419529, -0.955771, -3.59815, 0.0169729, 0.999856, -0.000832981, 4.44778, 0.0, 0.0, 0.0, 1.0]}, "0bcfce0d81294b7e84a7eed52cb04a4e_d1_3.png": {"intrinsics": {"fx": 1075.66, "fy": 1076.11, "cx": 635.791, "cy": 509.993}, "camera_to_world_matrix": [0.223169, -0.00189457, -0.974778, -5.46234, -0.974705, 0.0120109, -0.223176, -3.60071, 0.0121305, 0.999927, 0.000834503, 4.44777, 0.0, 0.0, 0.0, 1.0]}, "0bcfce0d81294b7e84a7eed52cb04a4e_d1_4.png": {"intrinsics": {"fx": 1075.66, "fy": 1076.11, "cx": 635.791, "cy": 509.993}, "camera_to_world_matrix": [-0.732504, 0.0121605, -0.680655, -5.46337, -0.680672, 0.00329791, 0.732581, -3.60406, 0.0111531, 0.999921, 0.00586224, 4.44775, 0.0, 0.0, 0.0, 1.0]}, "0bcfce0d81294b7e84a7eed52cb04a4e_d1_5.png": {"intrinsics": {"fx": 1075.66, "fy": 1076.11, "cx": 635.791, "cy": 509.993}, "camera_to_world_matrix": [-0.955695, 0.0116422, 0.294129, -5.46678, 0.293976, -0.0132304, 0.955721, -3.60484, 0.0150179, 0.999845, 0.00922238, 4.44774, 0.0, 0.0, 0.0, 1.0]}, "0bcfce0d81294b7e84a7eed52cb04a4e_d2_0.png": {"intrinsics": {"fx": 1076.85, "fy": 1076.95, "cx": 632.235, "cy": 517.273}, "camera_to_world_matrix": [-0.231264, -0.654795, 0.719555, -5.48001, 0.972858, -0.161534, 0.165679, -3.60489, 0.00774708, 0.738343, 0.674379, 4.48096, 0.0, 0.0, 0.0, 1.0]}, "0bcfce0d81294b7e84a7eed52cb04a4e_d2_1.png": {"intrinsics": {"fx": 1076.85, "fy": 1076.95, "cx": 632.235, "cy": 517.273}, "camera_to_world_matrix": [0.726912, -0.465286, 0.505079, -5.47573, 0.686672, 0.483085, -0.543239, -3.59099, 0.00876607, 0.741712, 0.670659, 4.48103, 0.0, 0.0, 0.0, 1.0]}, "0bcfce0d81294b7e84a7eed52cb04a4e_d2_2.png": {"intrinsics": {"fx": 1076.85, "fy": 1076.95, "cx": 632.235, "cy": 517.273}, "camera_to_world_matrix": [0.95815, 0.187732, -0.216109, -5.46155, -0.286219, 0.641262, -0.711941, -3.58774, 0.00492849, 0.744002, 0.668157, 4.48108, 0.0, 0.0, 0.0, 1.0]}, "0bcfce0d81294b7e84a7eed52cb04a4e_d2_3.png": {"intrinsics": {"fx": 1076.85, "fy": 1076.95, "cx": 632.235, "cy": 517.273}, "camera_to_world_matrix": [0.231207, 0.651227, -0.722804, -5.45165, -0.972903, 0.154816, -0.171722, -3.5984, 7.20993e-05, 0.742923, 0.669375, 4.48106, 0.0, 0.0, 0.0, 1.0]}, "0bcfce0d81294b7e84a7eed52cb04a4e_d2_4.png": {"intrinsics": {"fx": 1076.85, "fy": 1076.95, "cx": 632.235, "cy": 517.273}, "camera_to_world_matrix": [-0.726957, 0.461693, -0.5083, -5.45593, -0.686679, -0.489795, 0.537188, -3.6123, -0.000946675, 0.739553, 0.673095, 4.48098, 0.0, 0.0, 0.0, 1.0]}, "0bcfce0d81294b7e84a7eed52cb04a4e_d2_5.png": {"intrinsics": {"fx": 1076.85, "fy": 1076.95, "cx": 632.235, "cy": 517.273}, "camera_to_world_matrix": [-0.958157, -0.191331, 0.212894, -5.47011, 0.286221, -0.647946, 0.705862, -3.61555, 0.002891, 0.737263, 0.675597, 4.48093, 0.0, 0.0, 0.0, 1.0]}, "0c2a97f049db4a429776940850fedf2e_d0_0.png": {"intrinsics": {"fx": 1074.94, "fy": 1075.54, "cx": 626.456, "cy": 518.761}, "camera_to_world_matrix": [0.715594, 0.463666, 0.522435, -13.4108, 0.6985, -0.480012, -0.53074, 1.04466, 0.00468832, 0.744715, -0.667365, 4.43742, 0.0, 0.0, 0.0, 1.0]}, "0c2a97f049db4a429776940850fedf2e_d0_1.png": {"intrinsics": {"fx": 1074.94, "fy": 1075.54, "cx": 626.456, "cy": 518.761}, "camera_to_world_matrix": [0.962727, -0.181479, -0.200554, -13.3967, -0.270462, -0.638909, -0.72017, 1.04829, 0.00255955, 0.747569, -0.664179, 4.43735, 0.0, 0.0, 0.0, 1.0]}, "0c2a97f049db4a429776940850fedf2e_d0_2.png": {"intrinsics": {"fx": 1074.94, "fy": 1075.54, "cx": 626.456, "cy": 518.761}, "camera_to_world_matrix": [0.247145, -0.64165, -0.726088, -13.3865, -0.968964, -0.159634, -0.188745, 1.0379, 0.00519989, 0.750201, -0.661189, 4.4373, 0.0, 0.0, 0.0, 1.0]}, "0c2a97f049db4a429776940850fedf2e_d0_3.png": {"intrinsics": {"fx": 1074.94, "fy": 1075.54, "cx": 626.456, "cy": 518.761}, "camera_to_world_matrix": [-0.715553, -0.456666, -0.528621, -13.3904, -0.698487, 0.478527, 0.532097, 1.02388, 0.00996892, 0.749978, -0.661387, 4.4373, 0.0, 0.0, 0.0, 1.0]}, "0c2a97f049db4a429776940850fedf2e_d0_4.png": {"intrinsics": {"fx": 1074.94, "fy": 1075.54, "cx": 626.456, "cy": 518.761}, "camera_to_world_matrix": [-0.962648, 0.188486, 0.194376, -13.4045, 0.270485, 0.637399, 0.721498, 1.02026, 0.0120975, 0.747124, -0.664574, 4.43736, 0.0, 0.0, 0.0, 1.0]}, "0c2a97f049db4a429776940850fedf2e_d0_5.png": {"intrinsics": {"fx": 1074.94, "fy": 1075.54, "cx": 626.456, "cy": 518.761}, "camera_to_world_matrix": [-0.247039, 0.648638, 0.719889, -13.4147, 0.968959, 0.158106, 0.190053, 1.03065, 0.00945699, 0.744493, -0.667563, 4.43742, 0.0, 0.0, 0.0, 1.0]}, "0c2a97f049db4a429776940850fedf2e_d1_0.png": {"intrinsics": {"fx": 1075.66, "fy": 1076.11, "cx": 635.791, "cy": 509.993}, "camera_to_world_matrix": [0.714144, -0.00968887, 0.699933, -13.4029, 0.699872, -0.0092063, -0.71421, 1.03674, 0.0133635, 0.999911, 0.000207028, 4.47062, 0.0, 0.0, 0.0, 1.0]}, "0c2a97f049db4a429776940850fedf2e_d1_1.png": {"intrinsics": {"fx": 1075.66, "fy": 1076.11, "cx": 635.791, "cy": 509.993}, "camera_to_world_matrix": [0.963218, -0.0096111, -0.268553, -13.3995, -0.26849, 0.00733012, -0.963255, 1.03761, 0.0112262, 0.999927, 0.0044807, 4.47061, 0.0, 0.0, 0.0, 1.0]}, "0c2a97f049db4a429776940850fedf2e_d1_2.png": {"intrinsics": {"fx": 1075.66, "fy": 1076.11, "cx": 635.791, "cy": 509.993}, "camera_to_world_matrix": [0.249127, 0.00474871, -0.96846, -13.3971, -0.968373, 0.0155309, -0.249028, 1.03511, 0.0138582, 0.999868, 0.00846835, 4.47059, 0.0, 0.0, 0.0, 1.0]}, "0c2a97f049db4a429776940850fedf2e_d1_3.png": {"intrinsics": {"fx": 1075.66, "fy": 1076.11, "cx": 635.791, "cy": 509.993}, "camera_to_world_matrix": [-0.714022, 0.0190304, -0.699866, -13.398, -0.699877, 0.00719499, 0.714228, 1.03174, 0.0186274, 0.999793, 0.00818225, 4.47059, 0.0, 0.0, 0.0, 1.0]}, "0c2a97f049db4a429776940850fedf2e_d1_4.png": {"intrinsics": {"fx": 1075.66, "fy": 1076.11, "cx": 635.791, "cy": 509.993}, "camera_to_world_matrix": [-0.963058, 0.018952, 0.268629, -13.4014, 0.268496, -0.00934143, 0.963236, 1.03087, 0.0207644, 0.999777, 0.00390849, 4.47061, 0.0, 0.0, 0.0, 1.0]}, "0c2a97f049db4a429776940850fedf2e_d1_5.png": {"intrinsics": {"fx": 1075.66, "fy": 1076.11, "cx": 635.791, "cy": 509.993}, "camera_to_world_matrix": [-0.248939, 0.00459187, 0.968509, -13.4039, 0.96835, -0.0175416, 0.248982, 1.03337, 0.0181323, 0.999836, -7.90586e-05, 4.47062, 0.0, 0.0, 0.0, 1.0]}, "0c2a97f049db4a429776940850fedf2e_d2_0.png": {"intrinsics": {"fx": 1076.85, "fy": 1076.95, "cx": 632.235, "cy": 517.273}, "camera_to_world_matrix": [0.708411, -0.472811, 0.524025, -13.4105, 0.705797, 0.473183, -0.527207, 1.0446, 0.00131025, 0.743335, 0.668915, 4.50392, 0.0, 0.0, 0.0, 1.0]}, "0c2a97f049db4a429776940850fedf2e_d2_1.png": {"intrinsics": {"fx": 1076.85, "fy": 1076.95, "cx": 632.235, "cy": 517.273}, "camera_to_world_matrix": [0.965444, 0.175764, -0.192415, -13.3964, -0.260605, 0.648685, -0.715046, 1.04822, -0.000862144, 0.740482, 0.672073, 4.50385, 0.0, 0.0, 0.0, 1.0]}, "0c2a97f049db4a429776940850fedf2e_d2_2.png": {"intrinsics": {"fx": 1076.85, "fy": 1076.95, "cx": 632.235, "cy": 517.273}, "camera_to_world_matrix": [0.257029, 0.652031, -0.713297, -13.3862, -0.966401, 0.174743, -0.188499, 1.03783, 0.00173734, 0.737781, 0.675036, 4.5038, 0.0, 0.0, 0.0, 1.0]}, "0c2a97f049db4a429776940850fedf2e_d2_3.png": {"intrinsics": {"fx": 1076.85, "fy": 1076.95, "cx": 632.235, "cy": 517.273}, "camera_to_world_matrix": [-0.708402, 0.479712, -0.517727, -13.3901, -0.705778, -0.474691, 0.525876, 1.02381, 0.00650924, 0.737933, 0.674841, 4.5038, 0.0, 0.0, 0.0, 1.0]}, "0c2a97f049db4a429776940850fedf2e_d2_4.png": {"intrinsics": {"fx": 1076.85, "fy": 1076.95, "cx": 632.235, "cy": 517.273}, "camera_to_world_matrix": [-0.965397, -0.16887, 0.19872, -13.4042, 0.260635, -0.650168, 0.713688, 1.02019, 0.00868148, 0.740786, 0.671683, 4.50386, 0.0, 0.0, 0.0, 1.0]}, "0c2a97f049db4a429776940850fedf2e_d2_5.png": {"intrinsics": {"fx": 1076.85, "fy": 1076.95, "cx": 632.235, "cy": 517.273}, "camera_to_world_matrix": [-0.256955, -0.645118, 0.719581, -13.4144, 0.966403, -0.176207, 0.187119, 1.03058, 0.00608181, 0.743487, 0.66872, 4.50392, 0.0, 0.0, 0.0, 1.0]}, "0cb5fac1789e42d5a99cc87f4ef8cb35_d0_0.png": {"intrinsics": {"fx": 1074.94, "fy": 1075.54, "cx": 626.456, "cy": 518.761}, "camera_to_world_matrix": [0.309144, 0.626061, 0.715874, -3.80751, 0.950934, -0.213264, -0.224145, -3.568, 0.0123417, 0.750043, -0.661274, 4.42358, 0.0, 0.0, 0.0, 1.0]}, "0cb5fac1789e42d5a99cc87f4ef8cb35_d0_1.png": {"intrinsics": {"fx": 1074.94, "fy": 1075.54, "cx": 626.456, "cy": 518.761}, "camera_to_world_matrix": [0.978108, 0.128566, 0.163627, -3.79671, 0.207662, -0.65366, -0.727739, -3.55824, 0.0133944, 0.745787, -0.666049, 4.42367, 0.0, 0.0, 0.0, 1.0]}, "0cb5fac1789e42d5a99cc87f4ef8cb35_d0_2.png": {"intrinsics": {"fx": 1074.94, "fy": 1075.54, "cx": 626.456, "cy": 518.761}, "camera_to_world_matrix": [0.668902, -0.501578, -0.548624, -3.78287, -0.743302, -0.442995, -0.501254, -3.56272, 0.00838103, 0.743084, -0.669146, 4.42373, 0.0, 0.0, 0.0, 1.0]}, "0cb5fac1789e42d5a99cc87f4ef8cb35_d0_3.png": {"intrinsics": {"fx": 1074.94, "fy": 1075.54, "cx": 626.456, "cy": 518.761}, "camera_to_world_matrix": [-0.309261, -0.634212, -0.708612, -3.77982, -0.950974, 0.208061, 0.228819, -3.57694, 0.00231503, 0.744636, -0.667466, 4.4237, 0.0, 0.0, 0.0, 1.0]}, "0cb5fac1789e42d5a99cc87f4ef8cb35_d0_4.png": {"intrinsics": {"fx": 1074.94, "fy": 1075.54, "cx": 626.456, "cy": 518.761}, "camera_to_world_matrix": [-0.978196, -0.1367, -0.156345, -3.79061, -0.207676, 0.648438, 0.732392, -3.5867, 0.00126258, 0.748892, -0.66269, 4.4236, 0.0, 0.0, 0.0, 1.0]}, "0cb5fac1789e42d5a99cc87f4ef8cb35_d0_5.png": {"intrinsics": {"fx": 1074.94, "fy": 1075.54, "cx": 626.456, "cy": 518.761}, "camera_to_world_matrix": [-0.668953, 0.493436, 0.555897, -3.80446, 0.743277, 0.437748, 0.505879, -3.58222, 0.00627613, 0.751595, -0.659594, 4.42354, 0.0, 0.0, 0.0, 1.0]}, "0cb5fac1789e42d5a99cc87f4ef8cb35_d1_0.png": {"intrinsics": {"fx": 1075.66, "fy": 1076.11, "cx": 635.791, "cy": 509.993}, "camera_to_world_matrix": [0.307136, -0.0143646, 0.951558, -3.79717, 0.951435, -0.017429, -0.307359, -3.57151, 0.0209996, 0.999745, 0.00831456, 4.45687, 0.0, 0.0, 0.0, 1.0]}, "0cb5fac1789e42d5a99cc87f4ef8cb35_d1_1.png": {"intrinsics": {"fx": 1075.66, "fy": 1076.11, "cx": 635.791, "cy": 509.993}, "camera_to_world_matrix": [0.97754, -0.0219774, 0.209605, -3.79458, 0.209596, -0.00274899, -0.977785, -3.56916, 0.0220652, 0.999755, 0.00191982, 4.45689, 0.0, 0.0, 0.0, 1.0]}, "0cb5fac1789e42d5a99cc87f4ef8cb35_d1_2.png": {"intrinsics": {"fx": 1075.66, "fy": 1076.11, "cx": 635.791, "cy": 509.993}, "camera_to_world_matrix": [0.670295, -0.0130706, -0.74198, -3.79125, -0.7419, 0.0111837, -0.670419, -3.57024, 0.0170606, 0.999852, -0.00220004, 4.45691, 0.0, 0.0, 0.0, 1.0]}, "0cb5fac1789e42d5a99cc87f4ef8cb35_d1_3.png": {"intrinsics": {"fx": 1075.66, "fy": 1076.11, "cx": 635.791, "cy": 509.993}, "camera_to_world_matrix": [-0.307347, 0.00344885, -0.951592, -3.79051, -0.951535, 0.0104359, 0.307366, -3.57366, 0.0109906, 0.99994, 7.49319e-05, 4.4569, 0.0, 0.0, 0.0, 1.0]}, "0cb5fac1789e42d5a99cc87f4ef8cb35_d1_4.png": {"intrinsics": {"fx": 1075.66, "fy": 1076.11, "cx": 635.791, "cy": 509.993}, "camera_to_world_matrix": [-0.977723, 0.0110611, -0.209613, -3.79311, -0.20967, -0.0042444, 0.977764, -3.57601, 0.00992527, 0.99993, 0.00646972, 4.45688, 0.0, 0.0, 0.0, 1.0]}, "0cb5fac1789e42d5a99cc87f4ef8cb35_d1_5.png": {"intrinsics": {"fx": 1075.66, "fy": 1076.11, "cx": 635.791, "cy": 509.993}, "camera_to_world_matrix": [-0.670441, 0.00215377, 0.741961, -3.79644, 0.741814, -0.0181767, 0.67036, -3.57493, 0.01493, 0.999833, 0.0105894, 4.45686, 0.0, 0.0, 0.0, 1.0]}, "0cb5fac1789e42d5a99cc87f4ef8cb35_d2_0.png": {"intrinsics": {"fx": 1076.85, "fy": 1076.95, "cx": 632.235, "cy": 517.273}, "camera_to_world_matrix": [0.299428, -0.64596, 0.702195, -3.80787, 0.954076, 0.195861, -0.22666, -3.56823, 0.0088807, 0.737817, 0.674941, 4.49008, 0.0, 0.0, 0.0, 1.0]}, "0cb5fac1789e42d5a99cc87f4ef8cb35_d2_1.png": {"intrinsics": {"fx": 1076.85, "fy": 1076.95, "cx": 632.235, "cy": 517.273}, "camera_to_world_matrix": [0.97597, -0.153141, 0.155009, -3.79707, 0.21767, 0.652556, -0.725803, -3.55848, 0.0099988, 0.742104, 0.670208, 4.49017, 0.0, 0.0, 0.0, 1.0]}, "0cb5fac1789e42d5a99cc87f4ef8cb35_d2_2.png": {"intrinsics": {"fx": 1076.85, "fy": 1076.95, "cx": 632.235, "cy": 517.273}, "camera_to_world_matrix": [0.676499, 0.488779, -0.550857, -3.78323, -0.736425, 0.45409, -0.501477, -3.56295, 0.00502755, 0.744914, 0.667139, 4.49023, 0.0, 0.0, 0.0, 1.0]}, "0cb5fac1789e42d5a99cc87f4ef8cb35_d2_3.png": {"intrinsics": {"fx": 1076.85, "fy": 1076.95, "cx": 632.235, "cy": 517.273}, "camera_to_world_matrix": [-0.299507, 0.637866, -0.709522, -3.78018, -0.954092, -0.201066, 0.221989, -3.57717, -0.00106161, 0.743437, 0.668803, 4.4902, 0.0, 0.0, 0.0, 1.0]}, "0cb5fac1789e42d5a99cc87f4ef8cb35_d2_4.png": {"intrinsics": {"fx": 1076.85, "fy": 1076.95, "cx": 632.235, "cy": 517.273}, "camera_to_world_matrix": [-0.976021, 0.145029, -0.162316, -3.79097, -0.217659, -0.657741, 0.721111, -3.58693, -0.00217945, 0.73915, 0.673535, 4.4901, 0.0, 0.0, 0.0, 1.0]}, "0cb5fac1789e42d5a99cc87f4ef8cb35_d2_5.png": {"intrinsics": {"fx": 1076.85, "fy": 1076.95, "cx": 632.235, "cy": 517.273}, "camera_to_world_matrix": [-0.676513, -0.496883, 0.543541, -3.80482, 0.736424, -0.45925, 0.496756, -3.58246, 0.00279193, 0.73634, 0.676604, 4.49004, 0.0, 0.0, 0.0, 1.0]}, "0cd0dd452a324496afd701e1c4b2e973_d0_0.png": {"intrinsics": {"fx": 1074.94, "fy": 1075.54, "cx": 626.456, "cy": 518.761}, "camera_to_world_matrix": [-0.161268, -0.65355, -0.739502, -7.19347, -0.986882, 0.112359, 0.115916, 1.64584, 0.0073331, 0.748496, -0.663098, 1.52676, 0.0, 0.0, 0.0, 1.0]}, "0cd0dd452a324496afd701e1c4b2e973_d0_1.png": {"intrinsics": {"fx": 1074.94, "fy": 1075.54, "cx": 626.456, "cy": 518.761}, "camera_to_world_matrix": [-0.935295, -0.22865, -0.270076, -7.20266, -0.353757, 0.623171, 0.697505, 1.63456, 0.00881916, 0.747914, -0.663736, 1.52677, 0.0, 0.0, 0.0, 1.0]}, "0cd0dd452a324496afd701e1c4b2e973_d0_2.png": {"intrinsics": {"fx": 1074.94, "fy": 1075.54, "cx": 626.456, "cy": 518.761}, "camera_to_world_matrix": [-0.773993, 0.426173, 0.468305, -7.21702, 0.633131, 0.510593, 0.581754, 1.63688, 0.00881465, 0.746772, -0.665021, 1.5268, 0.0, 0.0, 0.0, 1.0]}, "0cd0dd452a324496afd701e1c4b2e973_d0_3.png": {"intrinsics": {"fx": 1074.94, "fy": 1075.54, "cx": 626.456, "cy": 518.761}, "camera_to_world_matrix": [0.161332, 0.656082, 0.737243, -7.2222, 0.986872, -0.112793, -0.115583, 1.65048, 0.00732405, 0.746212, -0.665667, 1.52681, 0.0, 0.0, 0.0, 1.0]}, "0cd0dd452a324496afd701e1c4b2e973_d0_4.png": {"intrinsics": {"fx": 1074.94, "fy": 1075.54, "cx": 626.456, "cy": 518.761}, "camera_to_world_matrix": [0.935334, 0.231162, 0.267794, -7.21301, 0.353716, -0.623587, -0.697153, 1.66176, 0.00583802, 0.746794, -0.665029, 1.5268, 0.0, 0.0, 0.0, 1.0]}, "0cd0dd452a324496afd701e1c4b2e973_d0_5.png": {"intrinsics": {"fx": 1074.94, "fy": 1075.54, "cx": 626.456, "cy": 518.761}, "camera_to_world_matrix": [0.773993, -0.423657, -0.470583, -7.19864, -0.633166, -0.510984, -0.581373, 1.65944, 0.00584259, 0.747936, -0.663745, 1.52677, 0.0, 0.0, 0.0, 1.0]}, "0cd0dd452a324496afd701e1c4b2e973_d1_0.png": {"intrinsics": {"fx": 1075.66, "fy": 1076.11, "cx": 635.791, "cy": 509.993}, "camera_to_world_matrix": [-0.159235, 0.00838542, -0.987206, -7.20432, -0.987112, 0.0148505, 0.159345, 1.64759, 0.0159965, 0.999855, 0.00591331, 1.56003, 0.0, 0.0, 0.0, 1.0]}, "0cd0dd452a324496afd701e1c4b2e973_d1_1.png": {"intrinsics": {"fx": 1075.66, "fy": 1076.11, "cx": 635.791, "cy": 509.993}, "camera_to_world_matrix": [-0.934467, 0.0181381, -0.355589, -7.20653, -0.355621, 0.00149598, 0.934629, 1.64488, 0.0174842, 0.999835, 0.00505304, 1.56003, 0.0, 0.0, 0.0, 1.0]}, "0cd0dd452a324496afd701e1c4b2e973_d1_2.png": {"intrinsics": {"fx": 1075.66, "fy": 1076.11, "cx": 635.791, "cy": 509.993}, "camera_to_world_matrix": [-0.775184, 0.0114489, 0.631632, -7.20999, 0.631494, -0.0136273, 0.775262, 1.64544, 0.0174831, 0.999842, 0.00333444, 1.56004, 0.0, 0.0, 0.0, 1.0]}, "0cd0dd452a324496afd701e1c4b2e973_d1_3.png": {"intrinsics": {"fx": 1075.66, "fy": 1076.11, "cx": 635.791, "cy": 509.993}, "camera_to_world_matrix": [0.159328, -0.00499285, 0.987214, -7.21123, 0.987097, -0.0153957, -0.159386, 1.64871, 0.0159944, 0.999869, 0.00247615, 1.56004, 0.0, 0.0, 0.0, 1.0]}, "0cd0dd452a324496afd701e1c4b2e973_d1_4.png": {"intrinsics": {"fx": 1075.66, "fy": 1076.11, "cx": 635.791, "cy": 509.993}, "camera_to_world_matrix": [0.934535, -0.014745, 0.355566, -7.20902, 0.355576, -0.00204078, -0.934646, 1.65142, 0.0145068, 0.99989, 0.00333648, 1.56004, 0.0, 0.0, 0.0, 1.0]}, "0cd0dd452a324496afd701e1c4b2e973_d1_5.png": {"intrinsics": {"fx": 1075.66, "fy": 1076.11, "cx": 635.791, "cy": 509.993}, "camera_to_world_matrix": [0.775214, -0.00805522, -0.631648, -7.20556, -0.631533, 0.0130822, -0.775239, 1.65086, 0.0145079, 0.999882, 0.00505508, 1.56003, 0.0, 0.0, 0.0, 1.0]}, "0cd0dd452a324496afd701e1c4b2e973_d2_0.png": {"intrinsics": {"fx": 1076.85, "fy": 1076.95, "cx": 632.235, "cy": 517.273}, "camera_to_world_matrix": [-0.151177, 0.665863, -0.730596, -7.19336, -0.988497, -0.0989202, 0.114388, 1.64582, 0.00389661, 0.739487, 0.673158, 1.59326, 0.0, 0.0, 0.0, 1.0]}, "0cd0dd452a324496afd701e1c4b2e973_d2_1.png": {"intrinsics": {"fx": 1076.85, "fy": 1076.95, "cx": 632.235, "cy": 517.273}, "camera_to_world_matrix": [-0.931652, 0.248059, -0.265497, -7.20255, -0.363308, -0.625131, 0.690809, 1.63454, 0.00539149, 0.740052, 0.672526, 1.59327, 0.0, 0.0, 0.0, 1.0]}, "0cd0dd452a324496afd701e1c4b2e973_d2_2.png": {"intrinsics": {"fx": 1076.85, "fy": 1076.95, "cx": 632.235, "cy": 517.273}, "camera_to_world_matrix": [-0.780447, -0.416553, 0.466246, -7.21691, 0.625196, -0.526399, 0.576222, 1.63686, 0.0054045, 0.741207, 0.671253, 1.5933, 0.0, 0.0, 0.0, 1.0]}, "0cd0dd452a324496afd701e1c4b2e973_d2_3.png": {"intrinsics": {"fx": 1076.85, "fy": 1076.95, "cx": 632.235, "cy": 517.273}, "camera_to_world_matrix": [0.151229, -0.663346, 0.732872, -7.22208, 0.988489, 0.098542, -0.114783, 1.65046, 0.00392273, 0.741796, 0.670612, 1.59331, 0.0, 0.0, 0.0, 1.0]}, "0cd0dd452a324496afd701e1c4b2e973_d2_4.png": {"intrinsics": {"fx": 1076.85, "fy": 1076.95, "cx": 632.235, "cy": 517.273}, "camera_to_world_matrix": [0.931679, -0.245521, 0.26775, -7.21289, 0.36327, 0.624737, -0.691186, 1.66174, 0.0024279, 0.741231, 0.671244, 1.5933, 0.0, 0.0, 0.0, 1.0]}, "0cd0dd452a324496afd701e1c4b2e973_d2_5.png": {"intrinsics": {"fx": 1076.85, "fy": 1076.95, "cx": 632.235, "cy": 517.273}, "camera_to_world_matrix": [0.780436, 0.419087, -0.463988, -7.19853, -0.625229, 0.525978, -0.57657, 1.65942, 0.00241492, 0.740076, 0.672517, 1.59327, 0.0, 0.0, 0.0, 1.0]}, "0d869621d664448497fe76df6d978b44_d0_0.png": {"intrinsics": {"fx": 1074.94, "fy": 1075.54, "cx": 626.456, "cy": 518.761}, "camera_to_world_matrix": [0.870085, 0.322893, 0.372411, -10.7358, 0.492823, -0.583183, -0.645772, 0.933696, 0.00866878, 0.74541, -0.666549, 4.40513, 0.0, 0.0, 0.0, 1.0]}, "0d869621d664448497fe76df6d978b44_d0_1.png": {"intrinsics": {"fx": 1074.94, "fy": 1075.54, "cx": 626.456, "cy": 518.761}, "camera_to_world_matrix": [0.861856, -0.341448, -0.374987, -10.7212, -0.507121, -0.572239, -0.644491, 0.933604, 0.00547815, 0.745624, -0.666345, 4.40512, 0.0, 0.0, 0.0, 1.0]}, "0d869621d664448497fe76df6d978b44_d0_2.png": {"intrinsics": {"fx": 1074.94, "fy": 1075.54, "cx": 626.456, "cy": 518.761}, "camera_to_world_matrix": [-0.00824655, -0.664132, -0.747569, -10.714, -0.999957, 0.00857051, 0.00341682, 0.920958, 0.00413801, 0.747565, -0.664176, 4.40508, 0.0, 0.0, 0.0, 1.0]}, "0d869621d664448497fe76df6d978b44_d0_3.png": {"intrinsics": {"fx": 1074.94, "fy": 1075.54, "cx": 626.456, "cy": 518.761}, "camera_to_world_matrix": [-0.870101, -0.322469, -0.372743, -10.7214, -0.492836, 0.578423, 0.65003, 0.908403, 0.0059885, 0.749293, -0.662212, 4.40504, 0.0, 0.0, 0.0, 1.0]}, "0d869621d664448497fe76df6d978b44_d0_4.png": {"intrinsics": {"fx": 1074.94, "fy": 1075.54, "cx": 626.456, "cy": 518.761}, "camera_to_world_matrix": [-0.861833, 0.341871, 0.374656, -10.7359, 0.507108, 0.567453, 0.648719, 0.908495, 0.0091791, 0.749079, -0.662416, 4.40505, 0.0, 0.0, 0.0, 1.0]}, "0d869621d664448497fe76df6d978b44_d0_5.png": {"intrinsics": {"fx": 1074.94, "fy": 1075.54, "cx": 626.456, "cy": 518.761}, "camera_to_world_matrix": [0.00828971, 0.664533, 0.747212, -10.7431, 0.999909, -0.0133692, 0.000796583, 0.921142, 0.0105191, 0.747138, -0.664585, 4.40509, 0.0, 0.0, 0.0, 1.0]}, "0d869621d664448497fe76df6d978b44_d1_0.png": {"intrinsics": {"fx": 1075.66, "fy": 1076.11, "cx": 635.791, "cy": 509.993}, "camera_to_world_matrix": [0.868999, -0.0157083, 0.494566, -10.7303, 0.494511, -0.00745885, -0.86914, 0.923985, 0.0173414, 0.999849, 0.00128689, 4.43834, 0.0, 0.0, 0.0, 1.0]}, "0d869621d664448497fe76df6d978b44_d1_1.png": {"intrinsics": {"fx": 1075.66, "fy": 1076.11, "cx": 635.791, "cy": 509.993}, "camera_to_world_matrix": [0.8628, -0.0114146, -0.505418, -10.7268, -0.505349, 0.00851052, -0.862874, 0.923964, 0.0141505, 0.999899, 0.00157522, 4.43834, 0.0, 0.0, 0.0, 1.0]}, "0d869621d664448497fe76df6d978b44_d1_2.png": {"intrinsics": {"fx": 1075.66, "fy": 1076.11, "cx": 635.791, "cy": 509.993}, "camera_to_world_matrix": [-0.00621439, 0.00456228, -0.999971, -10.7251, -0.999899, 0.0127766, 0.00627207, 0.920922, 0.0128046, 0.999908, 0.00448311, 4.43833, 0.0, 0.0, 0.0, 1.0]}, "0d869621d664448497fe76df6d978b44_d1_3.png": {"intrinsics": {"fx": 1075.66, "fy": 1076.11, "cx": 635.791, "cy": 509.993}, "camera_to_world_matrix": [-0.86901, 0.0162451, -0.494529, -10.7268, -0.494579, 0.00107313, 0.869132, 0.917901, 0.0146496, 0.999868, 0.0071026, 4.43832, 0.0, 0.0, 0.0, 1.0]}, "0d869621d664448497fe76df6d978b44_d1_4.png": {"intrinsics": {"fx": 1075.66, "fy": 1076.11, "cx": 635.791, "cy": 509.993}, "camera_to_world_matrix": [-0.862772, 0.0119507, 0.505454, -10.7303, 0.50528, -0.0148961, 0.862827, 0.917924, 0.0178405, 0.999818, 0.00681414, 4.43833, 0.0, 0.0, 0.0, 1.0]}, "0d869621d664448497fe76df6d978b44_d1_5.png": {"intrinsics": {"fx": 1075.66, "fy": 1076.11, "cx": 635.791, "cy": 509.993}, "camera_to_world_matrix": [0.00626219, -0.00402632, 0.999973, -10.7321, 0.999797, -0.0191615, -0.00633808, 0.920966, 0.0191863, 0.999809, 0.0039062, 4.43834, 0.0, 0.0, 0.0, 1.0]}, "0d869621d664448497fe76df6d978b44_d2_0.png": {"intrinsics": {"fx": 1076.85, "fy": 1076.95, "cx": 632.235, "cy": 517.273}, "camera_to_world_matrix": [0.865015, -0.339417, 0.369516, -10.7357, 0.501715, 0.577381, -0.644137, 0.933483, 0.0052796, 0.742581, 0.669733, 4.47163, 0.0, 0.0, 0.0, 1.0]}, "0d869621d664448497fe76df6d978b44_d2_1.png": {"intrinsics": {"fx": 1076.85, "fy": 1076.95, "cx": 632.235, "cy": 517.273}, "camera_to_world_matrix": [0.867012, 0.332476, -0.371145, -10.7212, -0.49828, 0.581618, -0.642989, 0.933392, 0.0020861, 0.742414, 0.669936, 4.47162, 0.0, 0.0, 0.0, 1.0]}, "0d869621d664448497fe76df6d978b44_d2_2.png": {"intrinsics": {"fx": 1076.85, "fy": 1076.95, "cx": 632.235, "cy": 517.273}, "camera_to_world_matrix": [0.0019781, 0.672084, -0.740472, -10.714, -0.999996, 0.00185905, -0.000983031, 0.920746, 0.000716195, 0.740472, 0.672085, 4.47158, 0.0, 0.0, 0.0, 1.0]}, "0d869621d664448497fe76df6d978b44_d2_3.png": {"intrinsics": {"fx": 1076.85, "fy": 1076.95, "cx": 632.235, "cy": 517.273}, "camera_to_world_matrix": [-0.865033, 0.339792, -0.36913, -10.7214, -0.501706, -0.582124, 0.639861, 0.908191, 0.00253989, 0.738696, 0.674031, 4.47154, 0.0, 0.0, 0.0, 1.0]}, "0d869621d664448497fe76df6d978b44_d2_4.png": {"intrinsics": {"fx": 1076.85, "fy": 1076.95, "cx": 632.235, "cy": 517.273}, "camera_to_world_matrix": [-0.86699, -0.332102, 0.37153, -10.7359, 0.498289, -0.586335, 0.638684, 0.908283, 0.00573339, 0.738863, 0.673829, 4.47155, 0.0, 0.0, 0.0, 1.0]}, "0d869621d664448497fe76df6d978b44_d2_5.png": {"intrinsics": {"fx": 1076.85, "fy": 1076.95, "cx": 632.235, "cy": 517.273}, "camera_to_world_matrix": [-0.00193678, -0.671687, 0.740832, -10.7431, 0.999971, -0.00656242, -0.00333666, 0.920929, 0.00710315, 0.740806, 0.67168, 4.47159, 0.0, 0.0, 0.0, 1.0]}, "12bce16a8b8e424bba0742b82a46352b_d0_0.png": {"intrinsics": {"fx": 1074.94, "fy": 1075.54, "cx": 626.456, "cy": 518.761}, "camera_to_world_matrix": [0.28378, 0.633801, 0.719558, -10.0032, 0.958866, -0.192718, -0.208409, 4.51925, 0.00658143, 0.749102, -0.662421, 4.41234, 0.0, 0.0, 0.0, 1.0]}, "12bce16a8b8e424bba0742b82a46352b_d0_1.png": {"intrinsics": {"fx": 1074.94, "fy": 1075.54, "cx": 626.456, "cy": 518.761}, "camera_to_world_matrix": [0.972275, 0.148184, 0.180887, -9.99268, 0.233653, -0.646197, -0.726522, 4.52929, 0.00923037, 0.748645, -0.662907, 4.41235, 0.0, 0.0, 0.0, 1.0]}, "12bce16a8b8e424bba0742b82a46352b_d0_2.png": {"intrinsics": {"fx": 1074.94, "fy": 1075.54, "cx": 626.456, "cy": 518.761}, "camera_to_world_matrix": [0.688456, -0.487345, -0.537141, -9.97872, -0.725208, -0.452372, -0.519068, 4.52519, 0.0099775, 0.746895, -0.664867, 4.41238, 0.0, 0.0, 0.0, 1.0]}, "12bce16a8b8e424bba0742b82a46352b_d0_3.png": {"intrinsics": {"fx": 1074.94, "fy": 1075.54, "cx": 626.456, "cy": 518.761}, "camera_to_world_matrix": [-0.283851, -0.637242, -0.716484, -9.97529, -0.958833, 0.194928, 0.206495, 4.51104, 0.00807565, 0.745603, -0.666341, 4.41241, 0.0, 0.0, 0.0, 1.0]}, "12bce16a8b8e424bba0742b82a46352b_d0_4.png": {"intrinsics": {"fx": 1074.94, "fy": 1075.54, "cx": 626.456, "cy": 518.761}, "camera_to_world_matrix": [-0.972318, -0.151607, -0.177793, -9.98583, -0.233593, 0.648389, 0.724586, 4.50101, 0.00542673, 0.74606, -0.665856, 4.4124, 0.0, 0.0, 0.0, 1.0]}, "12bce16a8b8e424bba0742b82a46352b_d0_5.png": {"intrinsics": {"fx": 1074.94, "fy": 1075.54, "cx": 626.456, "cy": 518.761}, "camera_to_world_matrix": [-0.688462, 0.483914, 0.540228, -9.99979, 0.725256, 0.454539, 0.517104, 4.50511, 0.00467969, 0.74781, -0.663896, 4.41237, 0.0, 0.0, 0.0, 1.0]}, "12bce16a8b8e424bba0742b82a46352b_d1_0.png": {"intrinsics": {"fx": 1075.66, "fy": 1076.11, "cx": 635.791, "cy": 509.993}, "camera_to_world_matrix": [0.281786, -0.01084, 0.959417, -9.99269, 0.959357, -0.0127029, -0.281911, 4.51618, 0.015243, 0.999861, 0.00682064, 4.44562, 0.0, 0.0, 0.0, 1.0]}, "12bce16a8b8e424bba0742b82a46352b_d1_1.png": {"intrinsics": {"fx": 1075.66, "fy": 1076.11, "cx": 635.791, "cy": 509.993}, "camera_to_world_matrix": [0.971683, -0.0188405, 0.235541, -9.99015, 0.235614, 0.00176952, -0.971845, 4.5186, 0.0178931, 0.999821, 0.0061592, 4.44562, 0.0, 0.0, 0.0, 1.0]}, "12bce16a8b8e424bba0742b82a46352b_d1_2.png": {"intrinsics": {"fx": 1075.66, "fy": 1076.11, "cx": 635.791, "cy": 509.993}, "camera_to_world_matrix": [0.689838, -0.0103072, -0.723891, -9.9868, -0.723725, 0.0159343, -0.689906, 4.51761, 0.0186454, 0.99982, 0.00353324, 4.44563, 0.0, 0.0, 0.0, 1.0]}, "12bce16a8b8e424bba0742b82a46352b_d1_3.png": {"intrinsics": {"fx": 1075.66, "fy": 1076.11, "cx": 635.791, "cy": 509.993}, "camera_to_world_matrix": [-0.281897, 0.00622654, -0.959425, -9.98597, -0.959299, 0.0156264, 0.281961, 4.51421, 0.0167478, 0.999859, 0.00156877, 4.44563, 0.0, 0.0, 0.0, 1.0]}, "12bce16a8b8e424bba0742b82a46352b_d1_4.png": {"intrinsics": {"fx": 1075.66, "fy": 1076.11, "cx": 635.791, "cy": 509.993}, "camera_to_world_matrix": [-0.971766, 0.0142265, -0.235522, -9.98851, -0.23553, 0.0011537, 0.971867, 4.51179, 0.0140978, 0.999898, 0.00223032, 4.44563, 0.0, 0.0, 0.0, 1.0]}, "12bce16a8b8e424bba0742b82a46352b_d1_5.png": {"intrinsics": {"fx": 1075.66, "fy": 1076.11, "cx": 635.791, "cy": 509.993}, "camera_to_world_matrix": [-0.689883, 0.00569257, 0.723899, -9.99186, 0.723798, -0.0130107, 0.68989, 4.51278, 0.0133455, 0.9999, 0.00485631, 4.44562, 0.0, 0.0, 0.0, 1.0]}, "12bce16a8b8e424bba0742b82a46352b_d2_0.png": {"intrinsics": {"fx": 1076.85, "fy": 1076.95, "cx": 632.235, "cy": 517.273}, "camera_to_world_matrix": [0.273973, -0.648682, 0.710034, -10.0034, 0.961731, 0.182385, -0.204469, 4.51935, 0.00313568, 0.738882, 0.673826, 4.47884, 0.0, 0.0, 0.0, 1.0]}, "12bce16a8b8e424bba0742b82a46352b_d2_1.png": {"intrinsics": {"fx": 1076.85, "fy": 1076.95, "cx": 632.235, "cy": 517.273}, "camera_to_world_matrix": [0.969861, -0.168173, 0.176305, -9.99283, 0.243582, 0.652033, -0.717997, 4.52938, 0.00579139, 0.739304, 0.673345, 4.47885, 0.0, 0.0, 0.0, 1.0]}, "12bce16a8b8e424bba0742b82a46352b_d2_2.png": {"intrinsics": {"fx": 1076.85, "fy": 1076.95, "cx": 632.235, "cy": 517.273}, "camera_to_world_matrix": [0.695857, 0.478804, -0.535284, -9.97887, -0.718148, 0.470716, -0.51253, 4.52528, 0.00656532, 0.741062, 0.671403, 4.47888, 0.0, 0.0, 0.0, 1.0]}, "12bce16a8b8e424bba0742b82a46352b_d2_3.png": {"intrinsics": {"fx": 1076.85, "fy": 1076.95, "cx": 632.235, "cy": 517.273}, "camera_to_world_matrix": [-0.274029, 0.645257, -0.713127, -9.97545, -0.961709, -0.180245, 0.206461, 4.51114, 0.0046836, 0.742398, 0.669941, 4.47891, 0.0, 0.0, 0.0, 1.0]}, "12bce16a8b8e424bba0742b82a46352b_d2_4.png": {"intrinsics": {"fx": 1076.85, "fy": 1076.95, "cx": 632.235, "cy": 517.273}, "camera_to_world_matrix": [-0.969889, 0.16473, -0.179378, -9.98598, -0.243533, -0.649874, 0.719969, 4.5011, 0.00202793, 0.741976, 0.670422, 4.4789, 0.0, 0.0, 0.0, 1.0]}, "12bce16a8b8e424bba0742b82a46352b_d2_5.png": {"intrinsics": {"fx": 1076.85, "fy": 1076.95, "cx": 632.235, "cy": 517.273}, "camera_to_world_matrix": [-0.695847, -0.48224, 0.532203, -9.99994, 0.718187, -0.468531, 0.514474, 4.50521, 0.00125408, 0.740218, 0.672364, 4.47887, 0.0, 0.0, 0.0, 1.0]}, "151812f86ba842afac3c1778a479610d_d0_0.png": {"intrinsics": {"fx": 1074.94, "fy": 1075.54, "cx": 626.456, "cy": 518.761}, "camera_to_world_matrix": [-0.876323, 0.319489, 0.36053, -10.327, 0.481717, 0.584427, 0.652987, -3.17576, -0.00208075, 0.745902, -0.666052, 4.41277, 0.0, 0.0, 0.0, 1.0]}, "151812f86ba842afac3c1778a479610d_d0_1.png": {"intrinsics": {"fx": 1074.94, "fy": 1075.54, "cx": 626.456, "cy": 518.761}, "camera_to_world_matrix": [-0.0210041, 0.658987, 0.75186, -10.3346, 0.999778, 0.0133122, 0.0162621, -3.16333, 0.000707733, 0.752036, -0.659122, 4.41263, 0.0, 0.0, 0.0, 1.0]}, "151812f86ba842afac3c1778a479610d_d0_2.png": {"intrinsics": {"fx": 1074.94, "fy": 1075.54, "cx": 626.456, "cy": 518.761}, "camera_to_world_matrix": [0.855267, 0.334116, 0.396084, -10.3276, 0.518087, -0.566279, -0.641025, -3.15057, 0.0101169, 0.753454, -0.657422, 4.4126, 0.0, 0.0, 0.0, 1.0]}, "151812f86ba842afac3c1778a479610d_d0_3.png": {"intrinsics": {"fx": 1074.94, "fy": 1075.54, "cx": 626.456, "cy": 518.761}, "camera_to_world_matrix": [0.8762, -0.330244, -0.351015, -10.313, -0.481656, -0.574741, -0.661573, -3.15024, 0.0167374, 0.748739, -0.662654, 4.4127, 0.0, 0.0, 0.0, 1.0]}, "151812f86ba842afac3c1778a479610d_d0_4.png": {"intrinsics": {"fx": 1074.94, "fy": 1075.54, "cx": 626.456, "cy": 518.761}, "camera_to_world_matrix": [0.0208599, -0.669719, -0.742321, -10.3055, -0.999684, -0.00361319, -0.024832, -3.16267, 0.0139485, 0.742605, -0.669584, 4.41284, 0.0, 0.0, 0.0, 1.0]}, "151812f86ba842afac3c1778a479610d_d0_5.png": {"intrinsics": {"fx": 1074.94, "fy": 1075.54, "cx": 626.456, "cy": 518.761}, "camera_to_world_matrix": [-0.855393, -0.344826, -0.386518, -10.3125, -0.517958, 0.575965, 0.632441, -3.17543, 0.00453925, 0.741187, -0.671283, 4.41287, 0.0, 0.0, 0.0, 1.0]}, "151812f86ba842afac3c1778a479610d_d1_0.png": {"intrinsics": {"fx": 1075.66, "fy": 1076.11, "cx": 635.791, "cy": 509.993}, "camera_to_world_matrix": [-0.877274, 0.00484048, 0.479966, -10.3219, 0.479946, -0.00488557, 0.877285, -3.16585, 0.00659118, 0.999977, 0.0019635, 4.44599, 0.0, 0.0, 0.0, 1.0]}, "151812f86ba842afac3c1778a479610d_d1_1.png": {"intrinsics": {"fx": 1075.66, "fy": 1076.11, "cx": 635.791, "cy": 509.993}, "camera_to_world_matrix": [-0.0230928, -0.0110046, 0.999673, -10.3238, 0.99969, -0.00961694, 0.0229875, -3.16286, 0.00936061, 0.999894, 0.011224, 4.44596, 0.0, 0.0, 0.0, 1.0]}, "151812f86ba842afac3c1778a479610d_d1_2.png": {"intrinsics": {"fx": 1075.66, "fy": 1076.11, "cx": 635.791, "cy": 509.993}, "camera_to_world_matrix": [0.854067, -0.0230238, 0.519654, -10.3221, 0.519826, 0.00173966, -0.854271, -3.15979, 0.0187644, 0.999734, 0.0134548, 4.44595, 0.0, 0.0, 0.0, 1.0]}, "151812f86ba842afac3c1778a479610d_d1_3.png": {"intrinsics": {"fx": 1075.66, "fy": 1076.11, 