{"000218f0b4f147ba93b65616b8b05820_d0_0.png": {"intrinsics": {"fx": 1071.49, "fy": 1071.67, "cx": 637.041, "cy": 513.587}, "camera_to_world_matrix": [0.993538, -0.0813007, -0.0792038, 7.99602, -0.113053, -0.646733, -0.754292, 4.59642, 0.0101007, 0.758372, -0.651744, 3.54663, 0.0, 0.0, 0.0, 1.0]}, "000218f0b4f147ba93b65616b8b05820_d0_1.png": {"intrinsics": {"fx": 1071.49, "fy": 1071.67, "cx": 637.041, "cy": 513.587}, "camera_to_world_matrix": [0.398789, -0.605495, -0.688726, 8.00778, -0.916896, -0.249801, -0.311292, 4.58785, 0.0164421, 0.755629, -0.654793, 3.54669, 0.0, 0.0, 0.0, 1.0]}, "000218f0b4f147ba93b65616b8b05820_d0_2.png": {"intrinsics": {"fx": 1071.49, "fy": 1071.67, "cx": 637.041, "cy": 513.587}, "camera_to_world_matrix": [-0.594753, -0.523823, -0.609819, 8.00624, -0.803749, 0.402616, 0.438052, 4.57339, 0.0160614, 0.750673, -0.660479, 3.5468, 0.0, 0.0, 0.0, 1.0]}, "000218f0b4f147ba93b65616b8b05820_d0_3.png": {"intrinsics": {"fx": 1071.49, "fy": 1071.67, "cx": 637.041, "cy": 513.587}, "camera_to_world_matrix": [-0.993524, 0.0820423, 0.0786081, 7.99294, 0.113238, 0.658087, 0.744379, 4.56749, 0.00933953, 0.74846, -0.663115, 3.54685, 0.0, 0.0, 0.0, 1.0]}, "000218f0b4f147ba93b65616b8b05820_d0_4.png": {"intrinsics": {"fx": 1071.49, "fy": 1071.67, "cx": 637.041, "cy": 513.587}, "camera_to_world_matrix": [-0.398744, 0.606222, 0.688113, 7.98118, 0.917058, 0.261134, 0.301355, 4.57605, 0.0029983, 0.751202, -0.660065, 3.54679, 0.0, 0.0, 0.0, 1.0]}, "000218f0b4f147ba93b65616b8b05820_d0_5.png": {"intrinsics": {"fx": 1071.49, "fy": 1071.67, "cx": 637.041, "cy": 513.587}, "camera_to_world_matrix": [0.594794, 0.524524, 0.609177, 7.98272, 0.803872, -0.39128, -0.447986, 4.59052, 0.00337923, 0.756159, -0.65438, 3.54669, 0.0, 0.0, 0.0, 1.0]}, "000218f0b4f147ba93b65616b8b05820_d1_0.png": {"intrinsics": {"fx": 1077.15, "fy": 1077.62, "cx": 636.04, "cy": 512.33}, "camera_to_world_matrix": [0.994351, -0.00853625, -0.10581, 7.99487, -0.105631, 0.0192101, -0.99422, 4.58568, 0.0105193, 0.999779, 0.0182005, 3.57997, 0.0, 0.0, 0.0, 1.0]}, "000218f0b4f147ba93b65616b8b05820_d1_1.png": {"intrinsics": {"fx": 1077.15, "fy": 1077.62, "cx": 636.04, "cy": 512.33}, "camera_to_world_matrix": [0.40562, 0.00607985, -0.914022, 7.9977, -0.913886, 0.0211769, -0.405419, 4.58362, 0.0168911, 0.999758, 0.0141468, 3.57998, 0.0, 0.0, 0.0, 1.0]}, "000218f0b4f147ba93b65616b8b05820_d1_2.png": {"intrinsics": {"fx": 1077.15, "fy": 1077.62, "cx": 636.04, "cy": 512.33}, "camera_to_world_matrix": [-0.588734, 0.0150912, -0.808187, 7.99733, -0.808158, 0.00950265, 0.58889, 4.58014, 0.0165668, 0.999841, 0.00660223, 3.58001, 0.0, 0.0, 0.0, 1.0]}, "000218f0b4f147ba93b65616b8b05820_d1_3.png": {"intrinsics": {"fx": 1077.15, "fy": 1077.62, "cx": 636.04, "cy": 512.33}, "camera_to_world_matrix": [-0.994337, 0.00948623, 0.105858, 7.99413, 0.105824, -0.00413819, 0.994377, 4.57872, 0.00987075, 0.999947, 0.0031116, 3.58002, 0.0, 0.0, 0.0, 1.0]}, "000218f0b4f147ba93b65616b8b05820_d1_4.png": {"intrinsics": {"fx": 1077.15, "fy": 1077.62, "cx": 636.04, "cy": 512.33}, "camera_to_world_matrix": [-0.405575, -0.00512995, 0.914048, 7.9913, 0.914056, -0.00610448, 0.405544, 4.58078, 0.00349917, 0.999969, 0.00716559, 3.58001, 0.0, 0.0, 0.0, 1.0]}, "000218f0b4f147ba93b65616b8b05820_d1_5.png": {"intrinsics": {"fx": 1077.15, "fy": 1077.62, "cx": 636.04, "cy": 512.33}, "camera_to_world_matrix": [0.588776, -0.0141408, 0.808174, 7.99167, 0.808289, 0.00557013, -0.588761, 4.58426, 0.00382376, 0.999885, 0.0147101, 3.57998, 0.0, 0.0, 0.0, 1.0]}, "000218f0b4f147ba93b65616b8b05820_d2_0.png": {"intrinsics": {"fx": 1074.75, "fy": 1074.95, "cx": 638.759, "cy": 502.199}, "camera_to_world_matrix": [0.994626, 0.0639839, -0.0813907, 7.99606, -0.103267, 0.669081, -0.73598, 4.59692, 0.00736617, 0.74043, 0.672093, 3.61313, 0.0, 0.0, 0.0, 1.0]}, "000218f0b4f147ba93b65616b8b05820_d2_1.png": {"intrinsics": {"fx": 1074.75, "fy": 1074.95, "cx": 638.759, "cy": 502.199}, "camera_to_world_matrix": [0.407825, 0.606765, -0.682287, 8.00782, -0.912956, 0.282237, -0.294708, 4.58836, 0.0137478, 0.743088, 0.669052, 3.61319, 0.0, 0.0, 0.0, 1.0]}, "000218f0b4f147ba93b65616b8b05820_d2_2.png": {"intrinsics": {"fx": 1074.75, "fy": 1074.95, "cx": 638.759, "cy": 502.199}, "camera_to_world_matrix": [-0.586806, 0.543121, -0.600564, 8.00628, -0.809615, -0.381232, 0.446301, 4.57389, 0.0134416, 0.748118, 0.663428, 3.6133, 0.0, 0.0, 0.0, 1.0]}, "000218f0b4f147ba93b65616b8b05820_d2_3.png": {"intrinsics": {"fx": 1074.75, "fy": 1074.95, "cx": 638.759, "cy": 502.199}, "camera_to_world_matrix": [-0.994615, -0.0633011, 0.0820531, 7.99298, 0.103412, -0.657842, 0.746023, 4.56799, 0.00675385, 0.750492, 0.660845, 3.61335, 0.0, 0.0, 0.0, 1.0]}, "000218f0b4f147ba93b65616b8b05820_d2_4.png": {"intrinsics": {"fx": 1074.75, "fy": 1074.95, "cx": 638.759, "cy": 502.199}, "camera_to_world_matrix": [-0.407783, -0.606067, 0.682932, 7.98122, 0.913078, -0.270976, 0.304728, 4.57655, 0.00037239, 0.747834, 0.663886, 3.61329, 0.0, 0.0, 0.0, 1.0]}, "000218f0b4f147ba93b65616b8b05820_d2_5.png": {"intrinsics": {"fx": 1074.75, "fy": 1074.95, "cx": 638.759, "cy": 502.199}, "camera_to_world_matrix": [0.586845, -0.542397, 0.60118, 7.98276, 0.809699, 0.392491, -0.436278, 4.59102, 0.000678842, 0.742803, 0.669509, 3.61318, 0.0, 0.0, 0.0, 1.0]}, "04b062d9c3364aa788c11de5e6ba55e5_d0_0.png": {"intrinsics": {"fx": 1071.49, "fy": 1071.67, "cx": 637.041, "cy": 513.587}, "camera_to_world_matrix": [0.271516, -0.630641, -0.727029, 9.07531, -0.962379, -0.169826, -0.212099, -1.14423, 0.0102897, 0.757266, -0.653025, 4.44298, 0.0, 0.0, 0.0, 1.0]}, "04b062d9c3364aa788c11de5e6ba55e5_d0_1.png": {"intrinsics": {"fx": 1071.49, "fy": 1071.67, "cx": 637.041, "cy": 513.587}, "camera_to_world_matrix": [-0.697674, -0.461724, -0.54778, 9.07184, -0.716257, 0.46563, 0.519774, -1.15836, 0.0150707, 0.754984, -0.65557, 4.44303, 0.0, 0.0, 0.0, 1.0]}, "04b062d9c3364aa788c11de5e6ba55e5_d0_2.png": {"intrinsics": {"fx": 1071.49, "fy": 1071.67, "cx": 637.041, "cy": 513.587}, "camera_to_world_matrix": [-0.969121, 0.173053, 0.175662, 9.05786, 0.246159, 0.637055, 0.730457, -1.16241, 0.0145012, 0.751142, -0.659981, 4.44312, 0.0, 0.0, 0.0, 1.0]}, "04b062d9c3364aa788c11de5e6ba55e5_d0_3.png": {"intrinsics": {"fx": 1071.49, "fy": 1071.67, "cx": 637.041, "cy": 513.587}, "camera_to_world_matrix": [-0.271372, 0.638898, 0.719838, 9.04736, 0.962431, 0.17302, 0.209263, -1.15233, 0.00915077, 0.749583, -0.661848, 4.44316, 0.0, 0.0, 0.0, 1.0]}, "04b062d9c3364aa788c11de5e6ba55e5_d0_4.png": {"intrinsics": {"fx": 1071.49, "fy": 1071.67, "cx": 637.041, "cy": 513.587}, "camera_to_world_matrix": [0.697808, 0.469956, 0.54056, 9.05084, 0.716272, -0.462429, -0.522604, -1.13821, 0.00436993, 0.751865, -0.659303, 4.44311, 0.0, 0.0, 0.0, 1.0]}, "04b062d9c3364aa788c11de5e6ba55e5_d0_5.png": {"intrinsics": {"fx": 1071.49, "fy": 1071.67, "cx": 637.041, "cy": 513.587}, "camera_to_world_matrix": [0.969218, -0.164827, -0.18289, 9.06482, -0.246155, -0.63383, -0.733259, -1.13415, 0.0049397, 0.755707, -0.654892, 4.44302, 0.0, 0.0, 0.0, 1.0]}, "04b062d9c3364aa788c11de5e6ba55e5_d1_0.png": {"intrinsics": {"fx": 1077.15, "fy": 1077.62, "cx": 636.04, "cy": 512.33}, "camera_to_world_matrix": [0.278693, 0.0128678, -0.960294, 9.06488, -0.960321, 0.0148963, -0.278501, -1.14724, 0.010721, 0.999807, 0.0165094, 4.4763, 0.0, 0.0, 0.0, 1.0]}, "04b062d9c3364aa788c11de5e6ba55e5_d1_1.png": {"intrinsics": {"fx": 1077.15, "fy": 1077.62, "cx": 636.04, "cy": 512.33}, "camera_to_world_matrix": [-0.692303, 0.0202221, -0.721324, 9.06405, -0.721441, 0.00211305, 0.692473, -1.15064, 0.0155273, 0.999794, 0.0131269, 4.47631, 0.0, 0.0, 0.0, 1.0]}, "04b062d9c3364aa788c11de5e6ba55e5_d1_2.png": {"intrinsics": {"fx": 1077.15, "fy": 1077.62, "cx": 636.04, "cy": 512.33}, "camera_to_world_matrix": [-0.970924, 0.0128287, 0.239045, 9.06068, 0.238918, -0.0106475, 0.970982, -1.15161, 0.0150015, 0.999861, 0.00727363, 4.47633, 0.0, 0.0, 0.0, 1.0]}, "04b062d9c3364aa788c11de5e6ba55e5_d1_3.png": {"intrinsics": {"fx": 1077.15, "fy": 1077.62, "cx": 636.04, "cy": 512.33}, "camera_to_world_matrix": [-0.278544, -0.00191893, 0.960422, 9.05816, 0.960375, -0.0106245, 0.278509, -1.14919, 0.00966938, 0.999942, 0.00480299, 4.47634, 0.0, 0.0, 0.0, 1.0]}, "04b062d9c3364aa788c11de5e6ba55e5_d1_4.png": {"intrinsics": {"fx": 1077.15, "fy": 1077.62, "cx": 636.04, "cy": 512.33}, "camera_to_world_matrix": [0.692443, -0.00927279, 0.721414, 9.059, 0.721457, 0.00215907, -0.692456, -1.14579, 0.00486323, 0.999955, 0.00818567, 4.47633, 0.0, 0.0, 0.0, 1.0]}, "04b062d9c3364aa788c11de5e6ba55e5_d1_5.png": {"intrinsics": {"fx": 1077.15, "fy": 1077.62, "cx": 636.04, "cy": 512.33}, "camera_to_world_matrix": [0.971027, -0.00187887, -0.238966, 9.06236, -0.238913, 0.0149194, -0.970927, -1.14481, 0.00538928, 0.999887, 0.0140389, 4.47631, 0.0, 0.0, 0.0, 1.0]}, "04b062d9c3364aa788c11de5e6ba55e5_d2_0.png": {"intrinsics": {"fx": 1074.75, "fy": 1074.95, "cx": 638.759, "cy": 502.199}, "camera_to_world_matrix": [0.280991, 0.64225, -0.713133, 9.07568, -0.95968, 0.193899, -0.20351, -1.14409, 0.00757188, 0.741564, 0.670839, 4.50948, 0.0, 0.0, 0.0, 1.0]}, "04b062d9c3364aa788c11de5e6ba55e5_d2_1.png": {"intrinsics": {"fx": 1074.75, "fy": 1074.95, "cx": 638.759, "cy": 502.199}, "camera_to_world_matrix": [-0.690602, 0.489707, -0.532217, 9.0722, -0.723128, -0.45494, 0.519725, -1.15822, 0.0123864, 0.743785, 0.668303, 4.50953, 0.0, 0.0, 0.0, 1.0]}, "04b062d9c3364aa788c11de5e6ba55e5_d2_2.png": {"intrinsics": {"fx": 1074.75, "fy": 1074.95, "cx": 638.759, "cy": 502.199}, "camera_to_world_matrix": [-0.971538, -0.148473, 0.184577, 9.05823, 0.236583, -0.647236, 0.724647, -1.16227, 0.0118746, 0.74769, 0.663941, 4.50962, 0.0, 0.0, 0.0, 1.0]}, "04b062d9c3364aa788c11de5e6ba55e5_d2_3.png": {"intrinsics": {"fx": 1074.75, "fy": 1074.95, "cx": 638.759, "cy": 502.199}, "camera_to_world_matrix": [-0.280876, -0.634094, 0.720439, 9.04773, 0.959721, -0.19069, 0.206329, -1.15219, 0.00654837, 0.749374, 0.662114, 4.50965, 0.0, 0.0, 0.0, 1.0]}, "04b062d9c3364aa788c11de5e6ba55e5_d2_4.png": {"intrinsics": {"fx": 1074.75, "fy": 1074.95, "cx": 638.759, "cy": 502.199}, "camera_to_world_matrix": [0.690707, -0.481526, 0.539496, 9.05121, 0.723131, 0.458144, -0.516899, -1.13806, 0.00173399, 0.747153, 0.66465, 4.5096, 0.0, 0.0, 0.0, 1.0]}, "04b062d9c3364aa788c11de5e6ba55e5_d2_5.png": {"intrinsics": {"fx": 1074.75, "fy": 1074.95, "cx": 638.759, "cy": 502.199}, "camera_to_world_matrix": [0.971606, 0.156661, -0.177307, 9.06518, -0.236591, 0.650415, -0.721793, -1.13401, 0.00224597, 0.743248, 0.669012, 4.50952, 0.0, 0.0, 0.0, 1.0]}, "0852f08361e34b9d928b9165fffccdf8_d0_0.png": {"intrinsics": {"fx": 1071.49, "fy": 1071.67, "cx": 637.041, "cy": 513.587}, "camera_to_world_matrix": [0.288104, -0.628371, -0.722597, 10.8356, -0.95756, -0.182203, -0.223342, 0.144384, 0.00868231, 0.756276, -0.654196, 4.43384, 0.0, 0.0, 0.0, 1.0]}, "0852f08361e34b9d928b9165fffccdf8_d0_1.png": {"intrinsics": {"fx": 1071.49, "fy": 1071.67, "cx": 637.041, "cy": 513.587}, "camera_to_world_matrix": [-0.685201, -0.470464, -0.556026, 10.8324, -0.72824, 0.456082, 0.511524, 0.130198, 0.0129396, 0.755417, -0.655117, 4.43386, 0.0, 0.0, 0.0, 1.0]}, "0852f08361e34b9d928b9165fffccdf8_d0_2.png": {"intrinsics": {"fx": 1071.49, "fy": 1071.67, "cx": 637.041, "cy": 513.587}, "camera_to_world_matrix": [-0.973247, 0.161258, 0.16367, 10.8185, 0.229339, 0.638462, 0.734691, 0.125904, 0.0139776, 0.752571, -0.658363, 4.43392, 0.0, 0.0, 0.0, 1.0]}, "0852f08361e34b9d928b9165fffccdf8_d0_3.png": {"intrinsics": {"fx": 1071.49, "fy": 1071.67, "cx": 637.041, "cy": 513.587}, "camera_to_world_matrix": [-0.287981, 0.635058, 0.716777, 10.8078, 0.957576, 0.182554, 0.222986, 0.135797, 0.0107584, 0.750584, -0.660687, 4.43396, 0.0, 0.0, 0.0, 1.0]}, "0852f08361e34b9d928b9165fffccdf8_d0_4.png": {"intrinsics": {"fx": 1071.49, "fy": 1071.67, "cx": 637.041, "cy": 513.587}, "camera_to_world_matrix": [0.685315, 0.477125, 0.550177, 10.8111, 0.728218, -0.455725, -0.511874, 0.149984, 0.00650117, 0.751443, -0.659766, 4.43395, 0.0, 0.0, 0.0, 1.0]}, "0852f08361e34b9d928b9165fffccdf8_d0_5.png": {"intrinsics": {"fx": 1071.49, "fy": 1071.67, "cx": 637.041, "cy": 513.587}, "camera_to_world_matrix": [0.973324, -0.154603, -0.169527, 10.825, -0.229373, -0.63808, -0.735012, 0.154277, 0.00546333, 0.754289, -0.65652, 4.43388, 0.0, 0.0, 0.0, 1.0]}, "0852f08361e34b9d928b9165fffccdf8_d1_0.png": {"intrinsics": {"fx": 1077.15, "fy": 1077.62, "cx": 636.04, "cy": 512.33}, "camera_to_world_matrix": [0.295244, 0.0116037, -0.955352, 10.8252, -0.955379, 0.0131359, -0.295092, 0.141132, 0.00912508, 0.999847, 0.0149649, 4.46714, 0.0, 0.0, 0.0, 1.0]}, "0852f08361e34b9d928b9165fffccdf8_d1_1.png": {"intrinsics": {"fx": 1077.15, "fy": 1077.62, "cx": 636.04, "cy": 512.33}, "camera_to_world_matrix": [-0.679742, 0.0191779, -0.733202, 10.8244, -0.73333, 0.000481717, 0.679873, 0.137719, 0.0133916, 0.999816, 0.013737, 4.46714, 0.0, 0.0, 0.0, 1.0]}, "0852f08361e34b9d928b9165fffccdf8_d1_2.png": {"intrinsics": {"fx": 1077.15, "fy": 1077.62, "cx": 636.04, "cy": 512.33}, "camera_to_world_matrix": [-0.974925, 0.0120062, 0.222214, 10.8211, 0.222068, -0.0124049, 0.974953, 0.136686, 0.0144618, 0.999851, 0.00942832, 4.46716, 0.0, 0.0, 0.0, 1.0]}, "0852f08361e34b9d928b9165fffccdf8_d1_3.png": {"intrinsics": {"fx": 1077.15, "fy": 1077.62, "cx": 636.04, "cy": 512.33}, "camera_to_world_matrix": [-0.295116, -0.00273971, 0.955458, 10.8185, 0.955396, -0.012637, 0.29506, 0.139066, 0.0112655, 0.999917, 0.00634758, 4.46717, 0.0, 0.0, 0.0, 1.0]}, "0852f08361e34b9d928b9165fffccdf8_d1_4.png": {"intrinsics": {"fx": 1077.15, "fy": 1077.62, "cx": 636.04, "cy": 512.33}, "camera_to_world_matrix": [0.679861, -0.0103135, 0.73327, 10.8193, 0.733309, 1.75305e-05, -0.679896, 0.142478, 0.00699907, 0.999947, 0.00757561, 4.46716, 0.0, 0.0, 0.0, 1.0]}, "0852f08361e34b9d928b9165fffccdf8_d1_5.png": {"intrinsics": {"fx": 1077.15, "fy": 1077.62, "cx": 636.04, "cy": 512.33}, "camera_to_world_matrix": [0.975006, -0.00314123, -0.222158, 10.8227, -0.222101, 0.0129038, -0.974939, 0.143511, 0.00592901, 0.999912, 0.0118843, 4.46715, 0.0, 0.0, 0.0, 1.0]}, "0852f08361e34b9d928b9165fffccdf8_d2_0.png": {"intrinsics": {"fx": 1074.75, "fy": 1074.95, "cx": 638.759, "cy": 502.199}, "camera_to_world_matrix": [0.297533, 0.638057, -0.710181, 10.8359, -0.954692, 0.203503, -0.217136, 0.144401, 0.00597961, 0.74261, 0.669697, 4.50034, 0.0, 0.0, 0.0, 1.0]}, "0852f08361e34b9d928b9165fffccdf8_d2_1.png": {"intrinsics": {"fx": 1074.75, "fy": 1074.95, "cx": 638.759, "cy": 502.199}, "camera_to_world_matrix": [-0.678008, 0.496752, -0.541795, 10.8327, -0.734982, -0.447879, 0.509122, 0.130214, 0.0102492, 0.743399, 0.668769, 4.50036, 0.0, 0.0, 0.0, 1.0]}, "0852f08361e34b9d928b9165fffccdf8_d2_2.png": {"intrinsics": {"fx": 1074.75, "fy": 1074.95, "cx": 638.759, "cy": 502.199}, "camera_to_world_matrix": [-0.975495, -0.138011, 0.171353, 10.8188, 0.219729, -0.651186, 0.726413, 0.125921, 0.0113298, 0.746263, 0.665554, 4.50042, 0.0, 0.0, 0.0, 1.0]}, "0852f08361e34b9d928b9165fffccdf8_d2_3.png": {"intrinsics": {"fx": 1074.75, "fy": 1074.95, "cx": 638.759, "cy": 502.199}, "camera_to_world_matrix": [-0.297433, -0.631455, 0.716099, 10.8081, 0.954708, -0.203107, 0.21744, 0.135814, 0.0081408, 0.748339, 0.663266, 4.50046, 0.0, 0.0, 0.0, 1.0]}, "0852f08361e34b9d928b9165fffccdf8_d2_4.png": {"intrinsics": {"fx": 1074.75, "fy": 1074.95, "cx": 638.759, "cy": 502.199}, "camera_to_world_matrix": [0.6781, -0.490125, 0.547684, 10.8114, 0.734959, 0.44827, -0.508811, 0.15, 0.00387132, 0.74755, 0.664194, 4.50045, 0.0, 0.0, 0.0, 1.0]}, "0852f08361e34b9d928b9165fffccdf8_d2_5.png": {"intrinsics": {"fx": 1074.75, "fy": 1074.95, "cx": 638.759, "cy": 502.199}, "camera_to_world_matrix": [0.975549, 0.144646, -0.165473, 10.8253, -0.219763, 0.651552, -0.726074, 0.154293, 0.00279087, 0.744686, 0.667409, 4.50038, 0.0, 0.0, 0.0, 1.0]}, "08aac202872740f0ae9563b63f905bae_d0_0.png": {"intrinsics": {"fx": 1071.49, "fy": 1071.67, "cx": 637.041, "cy": 513.587}, "camera_to_world_matrix": [-0.738946, -0.443014, -0.507639, 2.88057, -0.673761, 0.488204, 0.55471, 3.27723, 0.00208732, 0.751929, -0.659241, 4.39681, 0.0, 0.0, 0.0, 1.0]}, "08aac202872740f0ae9563b63f905bae_d0_1.png": {"intrinsics": {"fx": 1071.49, "fy": 1071.67, "cx": 637.041, "cy": 513.587}, "camera_to_world_matrix": [-0.952974, 0.200787, 0.226993, 2.86638, 0.303028, 0.621762, 0.72221, 3.27401, 0.00387463, 0.757032, -0.653366, 4.3967, 0.0, 0.0, 0.0, 1.0]}, "08aac202872740f0ae9563b63f905bae_d0_2.png": {"intrinsics": {"fx": 1071.49, "fy": 1071.67, "cx": 637.041, "cy": 513.587}, "camera_to_world_matrix": [-0.214076, 0.638356, 0.739374, 2.85649, 0.976749, 0.130973, 0.169727, 3.28469, 0.0115076, 0.758517, -0.651552, 4.39667, 0.0, 0.0, 0.0, 1.0]}, "08aac202872740f0ae9563b63f905bae_d0_3.png": {"intrinsics": {"fx": 1071.49, "fy": 1071.67, "cx": 637.041, "cy": 513.587}, "camera_to_world_matrix": [0.738832, 0.432116, 0.51711, 2.8608, 0.673666, -0.493362, -0.550244, 3.29859, 0.0173532, 0.754898, -0.655613, 4.39674, 0.0, 0.0, 0.0, 1.0]}, "08aac202872740f0ae9563b63f905bae_d0_4.png": {"intrinsics": {"fx": 1071.49, "fy": 1071.67, "cx": 637.041, "cy": 513.587}, "camera_to_world_matrix": [0.952822, -0.21169, -0.217528, 2.87499, -0.303132, -0.626894, -0.717715, 3.3018, 0.0155656, 0.749794, -0.661488, 4.39686, 0.0, 0.0, 0.0, 1.0]}, "08aac202872740f0ae9563b63f905bae_d0_5.png": {"intrinsics": {"fx": 1071.49, "fy": 1071.67, "cx": 637.041, "cy": 513.587}, "camera_to_world_matrix": [0.213898, -0.64924, -0.729887, 2.88487, -0.976824, -0.136089, -0.165212, 3.29112, 0.00793251, 0.74831, -0.663302, 4.39689, 0.0, 0.0, 0.0, 1.0]}, "08aac202872740f0ae9563b63f905bae_d1_0.png": {"intrinsics": {"fx": 1077.15, "fy": 1077.62, "cx": 636.04, "cy": 512.33}, "camera_to_world_matrix": [-0.733898, 0.00750156, -0.679219, 2.87282, -0.679256, -0.00430662, 0.733889, 3.28522, 0.00257999, 0.999963, 0.0082568, 4.43004, 0.0, 0.0, 0.0, 1.0]}, "08aac202872740f0ae9563b63f905bae_d1_1.png": {"intrinsics": {"fx": 1077.15, "fy": 1077.62, "cx": 636.04, "cy": 512.33}, "camera_to_world_matrix": [-0.955208, -0.000633813, 0.295935, 2.86941, 0.295905, -0.0166072, 0.955073, 3.28445, 0.00430914, 0.999862, 0.0160516, 4.43001, 0.0, 0.0, 0.0, 1.0]}, "08aac202872740f0ae9563b63f905bae_d1_2.png": {"intrinsics": {"fx": 1077.15, "fy": 1077.62, "cx": 636.04, "cy": 512.33}, "camera_to_world_matrix": [-0.221363, -0.0153541, 0.975071, 2.86703, 0.975119, -0.0157115, 0.221126, 3.28702, 0.0119244, 0.999759, 0.0184507, 4.43, 0.0, 0.0, 0.0, 1.0]}, "08aac202872740f0ae9563b63f905bae_d1_3.png": {"intrinsics": {"fx": 1077.15, "fy": 1077.62, "cx": 636.04, "cy": 512.33}, "camera_to_world_matrix": [0.733777, -0.0219386, 0.679037, 2.86807, 0.679158, -0.00251516, -0.733988, 3.29036, 0.0178104, 0.999756, 0.0130549, 4.43002, 0.0, 0.0, 0.0, 1.0]}, "08aac202872740f0ae9563b63f905bae_d1_4.png": {"intrinsics": {"fx": 1077.15, "fy": 1077.62, "cx": 636.04, "cy": 512.33}, "camera_to_world_matrix": [0.95505, -0.0138028, -0.296126, 2.87148, -0.296012, 0.00978512, -0.955135, 3.29114, 0.016081, 0.999857, 0.0052602, 4.43005, 0.0, 0.0, 0.0, 1.0]}, "08aac202872740f0ae9563b63f905bae_d1_5.png": {"intrinsics": {"fx": 1077.15, "fy": 1077.62, "cx": 636.04, "cy": 512.33}, "camera_to_world_matrix": [0.221177, 0.000917447, -0.975233, 2.87386, -0.975198, 0.00888881, -0.221161, 3.28857, 0.00846557, 0.99996, 0.00286141, 4.43005, 0.0, 0.0, 0.0, 1.0]}, "08aac202872740f0ae9563b63f905bae_d2_0.png": {"intrinsics": {"fx": 1074.75, "fy": 1074.95, "cx": 638.759, "cy": 502.199}, "camera_to_world_matrix": [-0.732259, 0.452377, -0.509068, 2.88009, -0.681025, -0.487013, 0.54683, 3.277, -0.000549437, 0.74711, 0.664699, 4.46331, 0.0, 0.0, 0.0, 1.0]}, "08aac202872740f0ae9563b63f905bae_d2_1.png": {"intrinsics": {"fx": 1074.75, "fy": 1074.95, "cx": 638.759, "cy": 502.199}, "camera_to_world_matrix": [-0.955919, -0.196055, 0.218587, 2.8659, 0.293626, -0.641204, 0.708972, 3.27378, 0.00116102, 0.741903, 0.670506, 4.4632, 0.0, 0.0, 0.0, 1.0]}, "08aac202872740f0ae9563b63f905bae_d2_2.png": {"intrinsics": {"fx": 1074.75, "fy": 1074.95, "cx": 638.759, "cy": 502.199}, "camera_to_world_matrix": [-0.223689, -0.65381, 0.722839, 2.85601, 0.974621, -0.15672, 0.159852, 3.28446, 0.00877072, 0.740251, 0.672273, 4.46316, 0.0, 0.0, 0.0, 1.0]}, "08aac202872740f0ae9563b63f905bae_d2_3.png": {"intrinsics": {"fx": 1074.75, "fy": 1074.95, "cx": 638.759, "cy": 502.199}, "camera_to_world_matrix": [0.732184, -0.463122, 0.499424, 2.86032, 0.680948, 0.481944, -0.551397, 3.29836, 0.0146698, 0.743806, 0.668234, 4.46324, 0.0, 0.0, 0.0, 1.0]}, "08aac202872740f0ae9563b63f905bae_d2_4.png": {"intrinsics": {"fx": 1074.75, "fy": 1074.95, "cx": 638.759, "cy": 502.199}, "camera_to_world_matrix": [0.955806, 0.185317, -0.228238, 2.87451, -0.293712, 0.63611, -0.71351, 3.30158, 0.0129591, 0.749014, 0.662427, 4.46336, 0.0, 0.0, 0.0, 1.0]}, "08aac202872740f0ae9563b63f905bae_d2_5.png": {"intrinsics": {"fx": 1074.75, "fy": 1074.95, "cx": 638.759, "cy": 502.199}, "camera_to_world_matrix": [0.223549, 0.643052, -0.732468, 2.88439, -0.974678, 0.151608, -0.164371, 3.2909, 0.00534926, 0.750665, 0.66066, 4.46339, 0.0, 0.0, 0.0, 1.0]}, "0b76462681fc49849b4588f80fb9cfcf_d0_0.png": {"intrinsics": {"fx": 1071.49, "fy": 1071.67, "cx": 637.041, "cy": 513.587}, "camera_to_world_matrix": [-0.293946, -0.628075, -0.720499, 19.5603, -0.955753, 0.202222, 0.213643, 0.605773, 0.0115167, 0.751418, -0.659726, 4.41377, 0.0, 0.0, 0.0, 1.0]}, "0b76462681fc49849b4588f80fb9cfcf_d0_1.png": {"intrinsics": {"fx": 1071.49, "fy": 1071.67, "cx": 637.041, "cy": 513.587}, "camera_to_world_matrix": [-0.974715, -0.141498, -0.172946, 19.5497, -0.223312, 0.644472, 0.731292, 0.595789, 0.00798235, 0.751422, -0.659774, 4.41377, 0.0, 0.0, 0.0, 1.0]}, "0b76462681fc49849b4588f80fb9cfcf_d0_2.png": {"intrinsics": {"fx": 1071.49, "fy": 1071.67, "cx": 637.041, "cy": 513.587}, "camera_to_world_matrix": [-0.68077, 0.484786, 0.549123, 19.5357, 0.732472, 0.444204, 0.515916, 0.599964, 0.00618616, 0.753437, -0.657492, 4.41373, 0.0, 0.0, 0.0, 1.0]}, "0b76462681fc49849b4588f80fb9cfcf_d0_3.png": {"intrinsics": {"fx": 1071.49, "fy": 1071.67, "cx": 637.041, "cy": 513.587}, "camera_to_world_matrix": [0.293937, 0.624478, 0.723622, 19.5324, 0.955792, -0.198311, -0.217105, 0.614122, 0.0079244, 0.755447, -0.655162, 4.41368, 0.0, 0.0, 0.0, 1.0]}, "0b76462681fc49849b4588f80fb9cfcf_d0_4.png": {"intrinsics": {"fx": 1071.49, "fy": 1071.67, "cx": 637.041, "cy": 513.587}, "camera_to_world_matrix": [0.974677, 0.137884, 0.176049, 19.543, 0.223325, -0.640542, -0.734733, 0.624105, 0.0114587, 0.755443, -0.655114, 4.41368, 0.0, 0.0, 0.0, 1.0]}, "0b76462681fc49849b4588f80fb9cfcf_d0_5.png": {"intrinsics": {"fx": 1071.49, "fy": 1071.67, "cx": 637.041, "cy": 513.587}, "camera_to_world_matrix": [0.680695, -0.488392, -0.546011, 19.5569, -0.732448, -0.440249, -0.519328, 0.61993, 0.0132548, 0.753429, -0.657396, 4.41372, 0.0, 0.0, 0.0, 1.0]}, "0b76462681fc49849b4588f80fb9cfcf_d1_0.png": {"intrinsics": {"fx": 1077.15, "fy": 1077.62, "cx": 636.04, "cy": 512.33}, "camera_to_world_matrix": [-0.286804, 0.010751, -0.957929, 19.5496, -0.957915, 0.00932216, 0.286904, 0.60903, 0.0120143, 0.999899, 0.00762559, 4.44698, 0.0, 0.0, 0.0, 1.0]}, "0b76462681fc49849b4588f80fb9cfcf_d1_1.png": {"intrinsics": {"fx": 1077.15, "fy": 1077.62, "cx": 636.04, "cy": 512.33}, "camera_to_world_matrix": [-0.973018, 0.00999624, -0.230517, 19.5471, -0.230578, -0.00540633, 0.973039, 0.606628, 0.0084803, 0.999936, 0.00756607, 4.44699, 0.0, 0.0, 0.0, 1.0]}, "0b76462681fc49849b4588f80fb9cfcf_d1_2.png": {"intrinsics": {"fx": 1077.15, "fy": 1077.62, "cx": 636.04, "cy": 512.33}, "camera_to_world_matrix": [-0.686216, -0.00313646, 0.727392, 19.5437, 0.727369, -0.0121169, 0.686141, 0.607633, 0.00666147, 0.999922, 0.0105968, 4.44697, 0.0, 0.0, 0.0, 1.0]}, "0b76462681fc49849b4588f80fb9cfcf_d1_3.png": {"intrinsics": {"fx": 1077.15, "fy": 1077.62, "cx": 636.04, "cy": 512.33}, "camera_to_world_matrix": [0.286793, -0.0155141, 0.957867, 19.5429, 0.957957, -0.00409877, -0.286886, 0.611038, 0.00837667, 0.999871, 0.0136871, 4.44696, 0.0, 0.0, 0.0, 1.0]}, "0b76462681fc49849b4588f80fb9cfcf_d1_4.png": {"intrinsics": {"fx": 1077.15, "fy": 1077.62, "cx": 636.04, "cy": 512.33}, "camera_to_world_matrix": [0.972978, -0.0147588, 0.230428, 19.5454, 0.230593, 0.0106297, -0.972993, 0.61344, 0.0119107, 0.999835, 0.0137464, 4.44696, 0.0, 0.0, 0.0, 1.0]}, "0b76462681fc49849b4588f80fb9cfcf_d1_5.png": {"intrinsics": {"fx": 1077.15, "fy": 1077.62, "cx": 636.04, "cy": 512.33}, "camera_to_world_matrix": [0.686139, -0.00162586, -0.72747, 19.5488, -0.727342, 0.0173397, -0.686057, 0.612435, 0.0137294, 0.999849, 0.0107156, 4.44697, 0.0, 0.0, 0.0, 1.0]}, "0b76462681fc49849b4588f80fb9cfcf_d2_0.png": {"intrinsics": {"fx": 1074.75, "fy": 1074.95, "cx": 638.759, "cy": 502.199}, "camera_to_world_matrix": [-0.284501, 0.638684, -0.714942, 19.5601, -0.958634, -0.182618, 0.218336, 0.605947, 0.0088865, 0.747485, 0.664219, 4.48027, 0.0, 0.0, 0.0, 1.0]}, "0b76462681fc49849b4588f80fb9cfcf_d2_1.png": {"intrinsics": {"fx": 1074.75, "fy": 1074.95, "cx": 638.759, "cy": 502.199}, "camera_to_world_matrix": [-0.972478, 0.158604, -0.170674, 19.5495, -0.23293, -0.644992, 0.727824, 0.595963, 0.0053526, 0.747549, 0.664185, 4.48027, 0.0, 0.0, 0.0, 1.0]}, "0b76462681fc49849b4588f80fb9cfcf_d2_2.png": {"intrinsics": {"fx": 1074.75, "fy": 1074.95, "cx": 638.759, "cy": 502.199}, "camera_to_world_matrix": [-0.687972, -0.481859, 0.542684, 19.5356, 0.725728, -0.460413, 0.511213, 0.600137, 0.00352644, 0.745541, 0.666449, 4.48023, 0.0, 0.0, 0.0, 1.0]}, "0b76462681fc49849b4588f80fb9cfcf_d2_3.png": {"intrinsics": {"fx": 1074.75, "fy": 1074.95, "cx": 638.759, "cy": 502.199}, "camera_to_world_matrix": [0.284505, -0.642228, 0.711759, 19.5322, 0.95866, 0.186537, -0.214882, 0.614296, 0.00523424, 0.74347, 0.668748, 4.48018, 0.0, 0.0, 0.0, 1.0]}, "0b76462681fc49849b4588f80fb9cfcf_d2_4.png": {"intrinsics": {"fx": 1074.75, "fy": 1074.95, "cx": 638.759, "cy": 502.199}, "camera_to_world_matrix": [0.972454, -0.16213, 0.167471, 19.5428, 0.232929, 0.648893, -0.72435, 0.624279, 0.00876818, 0.743406, 0.668783, 4.48018, 0.0, 0.0, 0.0, 1.0]}, "0b76462681fc49849b4588f80fb9cfcf_d2_5.png": {"intrinsics": {"fx": 1074.75, "fy": 1074.95, "cx": 638.759, "cy": 502.199}, "camera_to_world_matrix": [0.68791, 0.478326, -0.545879, 19.5568, -0.725718, 0.464288, -0.50771, 0.620104, 0.0105942, 0.745413, 0.666518, 4.48022, 0.0, 0.0, 0.0, 1.0]}, "0c55a4a0877b46459d81c35ffeaa34c0_d0_0.png": {"intrinsics": {"fx": 1071.49, "fy": 1071.67, "cx": 637.041, "cy": 513.587}, "camera_to_world_matrix": [-0.219718, 0.640717, 0.735667, 3.45808, 0.975527, 0.137737, 0.171396, 1.62195, 0.0084875, 0.755322, -0.655299, -1.32658, 0.0, 0.0, 0.0, 1.0]}, "0c55a4a0877b46459d81c35ffeaa34c0_d0_1.png": {"intrinsics": {"fx": 1071.49, "fy": 1071.67, "cx": 637.041, "cy": 513.587}, "camera_to_world_matrix": [0.734958, 0.438107, 0.517591, 3.4623, 0.678014, -0.487796, -0.549865, 1.63588, 0.011579, 0.755062, -0.655552, -1.32657, 0.0, 0.0, 0.0, 1.0]}, "0c55a4a0877b46459d81c35ffeaa34c0_d0_2.png": {"intrinsics": {"fx": 1071.49, "fy": 1071.67, "cx": 637.041, "cy": 513.587}, "camera_to_world_matrix": [0.954629, -0.204925, -0.216077, 3.47647, -0.297522, -0.625089, -0.721627, 1.63918, 0.0128119, 0.753174, -0.657697, -1.32653, 0.0, 0.0, 0.0, 1.0]}, "0c55a4a0877b46459d81c35ffeaa34c0_d0_3.png": {"intrinsics": {"fx": 1071.49, "fy": 1071.67, "cx": 637.041, "cy": 513.587}, "camera_to_world_matrix": [0.21962, -0.645332, -0.731652, 3.48642, -0.975524, -0.136845, -0.172123, 1.62856, 0.0109534, 0.751546, -0.65959, -1.32649, 0.0, 0.0, 0.0, 1.0]}, "0c55a4a0877b46459d81c35ffeaa34c0_d0_4.png": {"intrinsics": {"fx": 1071.49, "fy": 1071.67, "cx": 637.041, "cy": 513.587}, "camera_to_world_matrix": [-0.735044, -0.442697, -0.513547, 3.48219, -0.677974, 0.48868, 0.54913, 1.61463, 0.00786182, 0.751806, -0.659338, -1.3265, 0.0, 0.0, 0.0, 1.0]}, "0c55a4a0877b46459d81c35ffeaa34c0_d0_5.png": {"intrinsics": {"fx": 1071.49, "fy": 1071.67, "cx": 637.041, "cy": 513.587}, "camera_to_world_matrix": [-0.954677, 0.20034, 0.220128, 3.46802, 0.297571, 0.625947, 0.720862, 1.61133, 0.00662904, 0.753694, -0.657192, -1.32654, 0.0, 0.0, 0.0, 1.0]}, "0c55a4a0877b46459d81c35ffeaa34c0_d1_0.png": {"intrinsics": {"fx": 1077.15, "fy": 1077.62, "cx": 636.04, "cy": 512.33}, "camera_to_world_matrix": [-0.226993, -0.0111228, 0.973833, 3.46874, 0.973856, -0.0117728, 0.226863, 1.62448, 0.00894116, 0.999869, 0.013505, -1.2933, 0.0, 0.0, 0.0, 1.0]}, "0c55a4a0877b46459d81c35ffeaa34c0_d1_1.png": {"intrinsics": {"fx": 1077.15, "fy": 1077.62, "cx": 636.04, "cy": 512.33}, "camera_to_world_matrix": [0.729873, -0.0177841, 0.683353, 3.46975, 0.683478, 0.00138495, -0.72997, 1.62783, 0.0120353, 0.999841, 0.0131666, -1.29329, 0.0, 0.0, 0.0, 1.0]}, "0c55a4a0877b46459d81c35ffeaa34c0_d1_2.png": {"intrinsics": {"fx": 1077.15, "fy": 1077.62, "cx": 636.04, "cy": 512.33}, "camera_to_world_matrix": [0.956818, -0.00971974, -0.290529, 3.47316, -0.290388, 0.0137326, -0.956811, 1.62862, 0.0132895, 0.999859, 0.0103178, -1.29328, 0.0, 0.0, 0.0, 1.0]}, "0c55a4a0877b46459d81c35ffeaa34c0_d1_3.png": {"intrinsics": {"fx": 1077.15, "fy": 1077.62, "cx": 636.04, "cy": 512.33}, "camera_to_world_matrix": [0.226892, 0.00500577, -0.973907, 3.47555, -0.973853, 0.0129223, -0.226813, 1.62607, 0.0114496, 0.999904, 0.00780757, -1.29328, 0.0, 0.0, 0.0, 1.0]}, "0c55a4a0877b46459d81c35ffeaa34c0_d1_4.png": {"intrinsics": {"fx": 1077.15, "fy": 1077.62, "cx": 636.04, "cy": 512.33}, "camera_to_world_matrix": [-0.729962, 0.0116666, -0.683389, 3.47454, -0.683438, -0.000235634, 0.730009, 1.62272, 0.0083555, 0.999932, 0.0081461, -1.29328, 0.0, 0.0, 0.0, 1.0]}, "0c55a4a0877b46459d81c35ffeaa34c0_d1_5.png": {"intrinsics": {"fx": 1077.15, "fy": 1077.62, "cx": 636.04, "cy": 512.33}, "camera_to_world_matrix": [-0.956869, 0.00360175, 0.290501, 3.47113, 0.290437, -0.012583, 0.956812, 1.62193, 0.00710139, 0.999915, 0.0109949, -1.29329, 0.0, 0.0, 0.0, 1.0]}, "0c55a4a0877b46459d81c35ffeaa34c0_d2_0.png": {"intrinsics": {"fx": 1074.75, "fy": 1074.95, "cx": 638.759, "cy": 502.199}, "camera_to_world_matrix": [-0.229329, -0.649815, 0.724672, 3.45787, 0.973331, -0.157535, 0.166758, 1.62199, 0.00579918, 0.743588, 0.668612, -1.26008, 0.0, 0.0, 0.0, 1.0]}, "0c55a4a0877b46459d81c35ffeaa34c0_d2_1.png": {"intrinsics": {"fx": 1074.75, "fy": 1074.95, "cx": 638.759, "cy": 502.199}, "camera_to_world_matrix": [0.728256, -0.46284, 0.505392, 3.4621, 0.685247, 0.482236, -0.545788, 1.63592, 0.00889418, 0.743792, 0.668351, -1.26007, 0.0, 0.0, 0.0, 1.0]}, "0c55a4a0877b46459d81c35ffeaa34c0_d2_2.png": {"intrinsics": {"fx": 1074.75, "fy": 1074.95, "cx": 638.759, "cy": 502.199}, "camera_to_world_matrix": [0.957547, 0.184705, -0.22133, 3.47627, -0.288096, 0.640189, -0.712151, 1.63922, 0.0101553, 0.745682, 0.666224, -1.26003, 0.0, 0.0, 0.0, 1.0]}, "0c55a4a0877b46459d81c35ffeaa34c0_d2_3.png": {"intrinsics": {"fx": 1074.75, "fy": 1074.95, "cx": 638.759, "cy": 502.199}, "camera_to_world_matrix": [0.229248, 0.64526, -0.728756, 3.48621, -0.973332, 0.158367, -0.165963, 1.62859, 0.00832136, 0.747368, 0.664357, -1.25999, 0.0, 0.0, 0.0, 1.0]}, "0c55a4a0877b46459d81c35ffeaa34c0_d2_4.png": {"intrinsics": {"fx": 1074.75, "fy": 1074.95, "cx": 638.759, "cy": 502.199}, "camera_to_world_matrix": [-0.728326, 0.45826, -0.509449, 3.48199, -0.68521, -0.481397, 0.546575, 1.61467, 0.0052264, 0.747164, 0.664618, -1.26, 0.0, 0.0, 0.0, 1.0]}, "0c55a4a0877b46459d81c35ffeaa34c0_d2_5.png": {"intrinsics": {"fx": 1074.75, "fy": 1074.95, "cx": 638.759, "cy": 502.199}, "camera_to_world_matrix": [-0.957579, -0.189291, 0.21728, 3.46782, 0.288142, -0.639324, 0.712909, 1.61137, 0.0039654, 0.745274, 0.666746, -1.26004, 0.0, 0.0, 0.0, 1.0]}, "0e5f1cd9a1cf46ecb2280d75dbb0a819_d0_0.png": {"intrinsics": {"fx": 1071.49, "fy": 1071.67, "cx": 637.041, "cy": 513.587}, "camera_to_world_matrix": [-0.618787, -0.510474, -0.597093, 8.46652, -0.78545, 0.414744, 0.459409, 1.06673, 0.0131249, 0.753262, -0.657589, -1.33778, 0.0, 0.0, 0.0, 1.0]}, "0e5f1cd9a1cf46ecb2280d75dbb0a819_d0_1.png": {"intrinsics": {"fx": 1071.49, "fy": 1071.67, "cx": 637.041, "cy": 513.587}, "camera_to_world_matrix": [-0.98963, 0.102843, 0.100286, 8.45304, 0.143205, 0.651772, 0.744773, 1.06123, 0.0112308, 0.75141, -0.659739, -1.33774, 0.0, 0.0, 0.0, 1.0]}, "0e5f1cd9a1cf46ecb2280d75dbb0a819_d0_2.png": {"intrinsics": {"fx": 1071.49, "fy": 1071.67, "cx": 637.041, "cy": 513.587}, "camera_to_world_matrix": [-0.370802, 0.614771, 0.696106, 8.44155, 0.928679, 0.239131, 0.283499, 1.07015, 0.00782635, 0.751581, -0.659594, -1.33775, 0.0, 0.0, 0.0, 1.0]}, "0e5f1cd9a1cf46ecb2280d75dbb0a819_d0_3.png": {"intrinsics": {"fx": 1071.49, "fy": 1071.67, "cx": 637.041, "cy": 513.587}, "camera_to_world_matrix": [0.618855, 0.51337, 0.594534, 8.44353, 0.78548, -0.410528, -0.463129, 1.08457, 0.00631608, 0.753604, -0.657299, -1.33779, 0.0, 0.0, 0.0, 1.0]}, "0e5f1cd9a1cf46ecb2280d75dbb0a819_d0_4.png": {"intrinsics": {"fx": 1071.49, "fy": 1071.67, "cx": 637.041, "cy": 513.587}, "camera_to_world_matrix": [0.989662, -0.0999556, -0.102857, 8.457, -0.143189, -0.647531, -0.748466, 1.09006, 0.00821024, 0.755455, -0.655149, -1.33783, 0.0, 0.0, 0.0, 1.0]}, "0e5f1cd9a1cf46ecb2280d75dbb0a819_d0_5.png": {"intrinsics": {"fx": 1071.49, "fy": 1071.67, "cx": 637.041, "cy": 513.587}, "camera_to_world_matrix": [0.370803, -0.611867, -0.698659, 8.4685, -0.928639, -0.23487, -0.287168, 1.08114, 0.0116147, 0.755285, -0.655294, -1.33783, 0.0, 0.0, 0.0, 1.0]}, "0e5f1cd9a1cf46ecb2280d75dbb0a819_d1_0.png": {"intrinsics": {"fx": 1077.15, "fy": 1077.62, "cx": 636.04, "cy": 512.33}, "camera_to_world_matrix": [-0.612904, 0.0166014, -0.789984, 8.45785, -0.790042, 0.00433459, 0.613039, 1.07359, 0.0136014, 0.999853, 0.0104598, -1.30454, 0.0, 0.0, 0.0, 1.0]}, "0e5f1cd9a1cf46ecb2280d75dbb0a819_d1_1.png": {"intrinsics": {"fx": 1077.15, "fy": 1077.62, "cx": 636.04, "cy": 512.33}, "camera_to_world_matrix": [-0.990665, 0.0105863, 0.13591, 8.45461, 0.135816, -0.00913074, 0.990692, 1.07227, 0.0117285, 0.999903, 0.00760842, -1.30453, 0.0, 0.0, 0.0, 1.0]}, "0e5f1cd9a1cf46ecb2280d75dbb0a819_d1_2.png": {"intrinsics": {"fx": 1077.15, "fy": 1077.62, "cx": 636.04, "cy": 512.33}, "camera_to_world_matrix": [-0.37772, -0.00408266, 0.925911, 8.45185, 0.925883, -0.0106539, 0.377661, 1.07442, 0.00832253, 0.999935, 0.00780497, -1.30453, 0.0, 0.0, 0.0, 1.0]}, "0e5f1cd9a1cf46ecb2280d75dbb0a819_d1_3.png": {"intrinsics": {"fx": 1077.15, "fy": 1077.62, "cx": 636.04, "cy": 512.33}, "camera_to_world_matrix": [0.612974, -0.0127362, 0.790001, 8.45232, 0.790075, 0.00128827, -0.61301, 1.07789, 0.00678947, 0.999918, 0.0108529, -1.30454, 0.0, 0.0, 0.0, 1.0]}, "0e5f1cd9a1cf46ecb2280d75dbb0a819_d1_4.png": {"intrinsics": {"fx": 1077.15, "fy": 1077.62, "cx": 636.04, "cy": 512.33}, "camera_to_world_matrix": [0.990699, -0.00672053, -0.135907, 8.45556, -0.135798, 0.0147534, -0.990627, 1.07921, 0.00866244, 0.999869, 0.0137042, -1.30455, 0.0, 0.0, 0.0, 1.0]}, "0e5f1cd9a1cf46ecb2280d75dbb0a819_d1_5.png": {"intrinsics": {"fx": 1077.15, "fy": 1077.62, "cx": 636.04, "cy": 512.33}, "camera_to_world_matrix": [0.377723, 0.00794849, -0.925885, 8.45833, -0.925841, 0.016276, -0.377565, 1.07706, 0.0120684, 0.999836, 0.0135075, -1.30455, 0.0, 0.0, 0.0, 1.0]}, "0e5f1cd9a1cf46ecb2280d75dbb0a819_d2_0.png": {"intrinsics": {"fx": 1074.75, "fy": 1074.95, "cx": 638.759, "cy": 502.199}, "camera_to_world_matrix": [-0.611024, 0.532254, -0.585965, 8.46665, -0.791542, -0.40101, 0.461142, 1.06691, 0.0104668, 0.745585, 0.666328, -1.27128, 0.0, 0.0, 0.0, 1.0]}, "0e5f1cd9a1cf46ecb2280d75dbb0a819_d2_1.png": {"intrinsics": {"fx": 1074.75, "fy": 1074.95, "cx": 638.759, "cy": 502.199}, "camera_to_world_matrix": [-0.991021, -0.0822596, 0.105407, 8.45317, 0.133429, -0.65915, 0.740079, 1.06142, 0.00860079, 0.747498, 0.664207, -1.27124, 0.0, 0.0, 0.0, 1.0]}, "0e5f1cd9a1cf46ecb2280d75dbb0a819_d2_2.png": {"intrinsics": {"fx": 1074.75, "fy": 1074.95, "cx": 638.759, "cy": 502.199}, "camera_to_world_matrix": [-0.37996, -0.61307, 0.692658, 8.44168, 0.924988, -0.25603, 0.280794, 1.07034, 0.00519425, 0.747391, 0.664364, -1.27125, 0.0, 0.0, 0.0, 1.0]}, "0e5f1cd9a1cf46ecb2280d75dbb0a819_d2_3.png": {"intrinsics": {"fx": 1074.75, "fy": 1074.95, "cx": 638.759, "cy": 502.199}, "camera_to_world_matrix": [0.611083, -0.529356, 0.588523, 8.44366, 0.791558, 0.405222, -0.457417, 1.08475, 0.00365382, 0.74537, 0.66664, -1.27129, 0.0, 0.0, 0.0, 1.0]}, "0e5f1cd9a1cf46ecb2280d75dbb0a819_d2_4.png": {"intrinsics": {"fx": 1074.75, "fy": 1074.95, "cx": 638.759, "cy": 502.199}, "camera_to_world_matrix": [0.991043, 0.0851672, -0.10286, 8.45713, -0.133428, 0.663339, -0.736328, 1.09025, 0.00551999, 0.743457, 0.668761, -1.27133, 0.0, 0.0, 0.0, 1.0]}, "0e5f1cd9a1cf46ecb2280d75dbb0a819_d2_5.png": {"intrinsics": {"fx": 1074.75, "fy": 1074.95, "cx": 638.759, "cy": 502.199}, "camera_to_world_matrix": [0.379951, 0.615962, -0.690092, 8.46862, -0.924963, 0.260197, -0.27702, 1.08133, 0.00892651, 0.743564, 0.668604, -1.27133, 0.0, 0.0, 0.0, 1.0]}, "120b69b86f154d748f9bfcf04d274564_d0_0.png": {"intrinsics": {"fx": 1071.49, "fy": 1071.67, "cx": 637.041, "cy": 513.587}, "camera_to_world_matrix": [0.833074, -0.366846, -0.414019, 3.6452, -0.553098, -0.541055, -0.633516, -0.597169, 0.0083959, 0.756759, -0.65364, 1.53423, 0.0, 0.0, 0.0, 1.0]}, "120b69b86f154d748f9bfcf04d274564_d0_1.png": {"intrinsics": {"fx": 1071.49, "fy": 1071.67, "cx": 637.041, "cy": 513.587}, "camera_to_world_matrix": [-0.0624729, -0.652793, -0.754956, 3.65177, -0.997957, 0.05104, 0.0384482, -0.610152, 0.0134342, 0.755815, -0.654647, 1.53425, 0.0, 0.0, 0.0, 1.0]}, "120b69b86f154d748f9bfcf04d274564_d0_2.png": {"intrinsics": {"fx": 1071.49, "fy": 1071.67, "cx": 637.041, "cy": 513.587}, "camera_to_world_matrix": [-0.895508, -0.282995, -0.343483, 3.64381, -0.444802, 0.594713, 0.669678, -0.622332, 0.0147586, 0.752483, -0.658446, 1.53433, 0.0, 0.0, 0.0, 1.0]}, "120b69b86f154d748f9bfcf04d274564_d0_3.png": {"intrinsics": {"fx": 1071.49, "fy": 1071.67, "cx": 637.041, "cy": 513.587}, "camera_to_world_matrix": [-0.832977, 0.372742, 0.408918, 3.62929, 0.553198, 0.54628, 0.628928, -0.621528, 0.0110447, 0.750095, -0.661238, 1.53438, 0.0, 0.0, 0.0, 1.0]}, "120b69b86f154d748f9bfcf04d274564_d0_4.png": {"intrinsics": {"fx": 1071.49, "fy": 1071.67, "cx": 637.041, "cy": 513.587}, "camera_to_world_matrix": [0.0625876, 0.658666, 0.749828, 3.62272, 0.998022, -0.0458262, -0.0430494, -0.608545, 0.00600644, 0.751039, -0.66023, 1.53436, 0.0, 0.0, 0.0, 1.0]}, "120b69b86f154d748f9bfcf04d274564_d0_5.png": {"intrinsics": {"fx": 1071.49, "fy": 1071.67, "cx": 637.041, "cy": 513.587}, "camera_to_world_matrix": [0.895601, 0.288846, 0.33833, 3.63068, 0.444835, -0.589485, -0.674263, -0.596366, 0.00468228, 0.754371, -0.656431, 1.53429, 0.0, 0.0, 0.0, 1.0]}, "120b69b86f154d748f9bfcf04d274564_d1_0.png": {"intrinsics": {"fx": 1077.15, "fy": 1077.62, "cx": 636.04, "cy": 512.33}, "camera_to_world_matrix": [0.837177, 0.00119111, -0.546931, 3.63929, -0.546862, 0.0179737, -0.837031, -0.606303, 0.00883318, 0.999838, 0.0156992, 1.56754, 0.0, 0.0, 0.0, 1.0]}, "120b69b86f154d748f9bfcf04d274564_d1_1.png": {"intrinsics": {"fx": 1077.15, "fy": 1077.62, "cx": 636.04, "cy": 512.33}, "camera_to_world_matrix": [-0.0550208, 0.0150996, -0.998372, 3.64087, -0.998389, 0.0130693, 0.0552192, -0.609426, 0.0138816, 0.999801, 0.0143569, 1.56754, 0.0, 0.0, 0.0, 1.0]}, "120b69b86f154d748f9bfcf04d274564_d1_2.png": {"intrinsics": {"fx": 1077.15, "fy": 1077.62, "cx": 636.04, "cy": 512.33}, "camera_to_world_matrix": [-0.892157, 0.0178064, -0.451376, 3.63896, -0.45147, -0.00142799, 0.892286, -0.612356, 0.0152437, 0.999841, 0.00931376, 1.56756, 0.0, 0.0, 0.0, 1.0]}, "120b69b86f154d748f9bfcf04d274564_d1_3.png": {"intrinsics": {"fx": 1077.15, "fy": 1077.62, "cx": 636.04, "cy": 512.33}, "camera_to_world_matrix": [-0.837076, 0.00660478, 0.547047, 3.63546, 0.546965, -0.0110205, 0.837084, -0.612163, 0.0115573, 0.999918, 0.00561314, 1.56757, 0.0, 0.0, 0.0, 1.0]}, "120b69b86f154d748f9bfcf04d274564_d1_4.png": {"intrinsics": {"fx": 1077.15, "fy"