{"02c0db1c441f42f99f31cb1fca3d1c06_d0_0.png": {"intrinsics": {"fx": 1071.49, "fy": 1071.67, "cx": 637.041, "cy": 513.587}, "camera_to_world_matrix": [0.487376, 0.564875, 0.665869, 5.09817, 0.873157, -0.308398, -0.377475, -4.28984, -0.00787338, 0.76538, -0.64353, 5.423, 0.0, 0.0, 0.0, 1.0]}, "02c0db1c441f42f99f31cb1fca3d1c06_d0_1.png": {"intrinsics": {"fx": 1071.49, "fy": 1071.67, "cx": 637.041, "cy": 513.587}, "camera_to_world_matrix": [0.99975, -0.00347442, 0.022115, 5.11061, 0.0147911, -0.639014, -0.769053, -4.2823, 0.0168038, 0.769187, -0.638802, 5.42291, 0.0, 0.0, 0.0, 1.0]}, "02c0db1c441f42f99f31cb1fca3d1c06_d0_2.png": {"intrinsics": {"fx": 1071.49, "fy": 1071.67, "cx": 637.041, "cy": 513.587}, "camera_to_world_matrix": [0.512279, -0.573955, -0.638864, 5.12337, -0.85813, -0.312293, -0.407537, -4.28929, 0.0343944, 0.757001, -0.652509, 5.42318, 0.0, 0.0, 0.0, 1.0]}, "02c0db1c441f42f99f31cb1fca3d1c06_d0_3.png": {"intrinsics": {"fx": 1071.49, "fy": 1071.67, "cx": 637.041, "cy": 513.587}, "camera_to_world_matrix": [-0.487554, -0.576072, -0.656074, 5.12368, -0.872666, 0.345036, 0.34555, -4.30384, 0.0273075, 0.741007, -0.670942, 5.42353, 0.0, 0.0, 0.0, 1.0]}, "02c0db1c441f42f99f31cb1fca3d1c06_d0_4.png": {"intrinsics": {"fx": 1071.49, "fy": 1071.67, "cx": 637.041, "cy": 513.587}, "camera_to_world_matrix": [-0.999895, -0.00770972, -0.012304, 5.11124, -0.0142797, 0.67563, 0.737103, -4.31138, 0.00263001, 0.737201, -0.675669, 5.42362, 0.0, 0.0, 0.0, 1.0]}, "02c0db1c441f42f99f31cb1fca3d1c06_d0_5.png": {"intrinsics": {"fx": 1071.49, "fy": 1071.67, "cx": 637.041, "cy": 513.587}, "camera_to_world_matrix": [-0.51239, 0.562758, 0.648661, 5.09849, 0.858623, 0.348887, 0.37556, -4.30439, -0.0149598, 0.749388, -0.661962, 5.42336, 0.0, 0.0, 0.0, 1.0]}, "02c0db1c441f42f99f31cb1fca3d1c06_d1_0.png": {"intrinsics": {"fx": 1077.15, "fy": 1077.62, "cx": 636.04, "cy": 512.33}, "camera_to_world_matrix": [0.48084, -0.0216841, 0.876541, 5.10761, 0.876777, 0.0204817, -0.480463, -4.29435, -0.00753488, 0.999555, 0.0288612, 5.45644, 0.0, 0.0, 0.0, 1.0]}, "02c0db1c441f42f99f31cb1fca3d1c06_d1_1.png": {"intrinsics": {"fx": 1077.15, "fy": 1077.62, "cx": 636.04, "cy": 512.33}, "camera_to_world_matrix": [0.999607, -0.0178634, 0.0216518, 5.11061, 0.0222621, 0.0347226, -0.999149, -4.29253, 0.0170962, 0.999238, 0.0351073, 5.45642, 0.0, 0.0, 0.0, 1.0]}, "02c0db1c441f42f99f31cb1fca3d1c06_d1_2.png": {"intrinsics": {"fx": 1077.15, "fy": 1077.62, "cx": 636.04, "cy": 512.33}, "camera_to_world_matrix": [0.518668, -0.00361742, -0.854969, 5.11367, -0.854267, 0.0385371, -0.518405, -4.29422, 0.0348231, 0.999251, 0.0168984, 5.45648, 0.0, 0.0, 0.0, 1.0]}, "02c0db1c441f42f99f31cb1fca3d1c06_d1_3.png": {"intrinsics": {"fx": 1077.15, "fy": 1077.62, "cx": 636.04, "cy": 512.33}, "camera_to_world_matrix": [-0.481026, 0.00680761, -0.87668, 5.11375, -0.876262, 0.0281108, 0.481015, -4.29771, 0.0279185, 0.999582, -0.00755606, 5.45657, 0.0, 0.0, 0.0, 1.0]}, "02c0db1c441f42f99f31cb1fca3d1c06_d1_4.png": {"intrinsics": {"fx": 1077.15, "fy": 1077.62, "cx": 636.04, "cy": 512.33}, "camera_to_world_matrix": [-0.999759, 0.00298641, -0.0217713, 5.11076, -0.0217276, 0.0138701, 0.999668, -4.29953, 0.00328719, 0.9999, -0.0138012, 5.45659, 0.0, 0.0, 0.0, 1.0]}, "02c0db1c441f42f99f31cb1fca3d1c06_d1_5.png": {"intrinsics": {"fx": 1077.15, "fy": 1077.62, "cx": 636.04, "cy": 512.33}, "camera_to_world_matrix": [-0.518786, -0.0112597, 0.85483, 5.10769, 0.854783, 0.0100561, 0.51889, -4.29785, -0.014439, 0.999886, 0.00440837, 5.45653, 0.0, 0.0, 0.0, 1.0]}, "02c0db1c441f42f99f31cb1fca3d1c06_d2_0.png": {"intrinsics": {"fx": 1074.75, "fy": 1074.95, "cx": 638.759, "cy": 502.199}, "camera_to_world_matrix": [0.478767, -0.593174, 0.647245, 5.09768, 0.877876, 0.332448, -0.344691, -4.28823, -0.0107132, 0.733228, 0.679898, 5.48948, 0.0, 0.0, 0.0, 1.0]}, "02c0db1c441f42f99f31cb1fca3d1c06_d2_1.png": {"intrinsics": {"fx": 1074.75, "fy": 1074.95, "cx": 638.759, "cy": 502.199}, "camera_to_world_matrix": [0.999601, -0.0269659, 0.00841131, 5.11012, 0.0245888, 0.684096, -0.728978, -4.28068, 0.0139035, 0.728894, 0.684485, 5.48939, 0.0, 0.0, 0.0, 1.0]}, "02c0db1c441f42f99f31cb1fca3d1c06_d2_2.png": {"intrinsics": {"fx": 1074.75, "fy": 1074.95, "cx": 638.759, "cy": 502.199}, "camera_to_world_matrix": [0.520758, 0.560663, -0.643792, 5.12287, -0.853116, 0.369747, -0.368075, -4.28768, 0.0316746, 0.740907, 0.670859, 5.48965, 0.0, 0.0, 0.0, 1.0]}, "02c0db1c441f42f99f31cb1fca3d1c06_d2_3.png": {"intrinsics": {"fx": 1074.75, "fy": 1074.95, "cx": 638.759, "cy": 502.199}, "camera_to_world_matrix": [-0.478907, 0.58207, -0.657147, 5.12319, -0.877514, -0.296241, 0.377107, -4.30222, 0.0248286, 0.757255, 0.652647, 5.49001, 0.0, 0.0, 0.0, 1.0]}, "02c0db1c441f42f99f31cb1fca3d1c06_d2_4.png": {"intrinsics": {"fx": 1074.75, "fy": 1074.95, "cx": 638.759, "cy": 502.199}, "camera_to_world_matrix": [-0.999707, 0.0158485, -0.0182984, 5.11075, -0.0242066, -0.647867, 0.761369, -4.30977, 0.000211723, 0.761588, 0.64806, 5.4901, 0.0, 0.0, 0.0, 1.0]}, "02c0db1c441f42f99f31cb1fca3d1c06_d2_5.png": {"intrinsics": {"fx": 1074.75, "fy": 1074.95, "cx": 638.759, "cy": 502.199}, "camera_to_world_matrix": [-0.52083, -0.571768, 0.633891, 5.09799, 0.85348, -0.333496, 0.40044, -4.30277, -0.0175587, 0.749574, 0.661687, 5.48984, 0.0, 0.0, 0.0, 1.0]}, "03436fa468854cc682421c9ecd9d39f2_d0_0.png": {"intrinsics": {"fx": 1071.49, "fy": 1071.67, "cx": 637.041, "cy": 513.587}, "camera_to_world_matrix": [0.757864, -0.432567, -0.488393, 0.440357, -0.652399, -0.497618, -0.571622, 14.7723, 0.00423127, 0.751839, -0.659333, -2.05358, 0.0, 0.0, 0.0, 1.0]}, "03436fa468854cc682421c9ecd9d39f2_d0_1.png": {"intrinsics": {"fx": 1071.49, "fy": 1071.67, "cx": 637.041, "cy": 513.587}, "camera_to_world_matrix": [-0.186032, -0.642713, -0.743177, 0.445261, -0.982532, 0.125411, 0.13749, 14.7586, 0.00483604, 0.755773, -0.654816, -2.05367, 0.0, 0.0, 0.0, 1.0]}, "03436fa468854cc682421c9ecd9d39f2_d0_2.png": {"intrinsics": {"fx": 1071.49, "fy": 1071.67, "cx": 637.041, "cy": 513.587}, "camera_to_world_matrix": [-0.943868, -0.208212, -0.256442, 0.43585, -0.330164, 0.618917, 0.712695, 14.7475, 0.0103252, 0.757357, -0.652919, -2.0537, 0.0, 0.0, 0.0, 1.0]}, "03436fa468854cc682421c9ecd9d39f2_d0_3.png": {"intrinsics": {"fx": 1071.49, "fy": 1071.67, "cx": 637.041, "cy": 513.587}, "camera_to_world_matrix": [-0.757789, 0.436426, 0.485065, 0.421534, 0.652323, 0.489383, 0.578775, 14.7501, 0.0152095, 0.755008, -0.655539, -2.05365, 0.0, 0.0, 0.0, 1.0]}, "03436fa468854cc682421c9ecd9d39f2_d0_4.png": {"intrinsics": {"fx": 1071.49, "fy": 1071.67, "cx": 637.041, "cy": 513.587}, "camera_to_world_matrix": [0.18612, 0.646548, 0.739821, 0.41663, 0.982419, -0.133655, -0.130348, 14.7638, 0.0146045, 0.751074, -0.660056, -2.05356, 0.0, 0.0, 0.0, 1.0]}, "03436fa468854cc682421c9ecd9d39f2_d0_5.png": {"intrinsics": {"fx": 1071.49, "fy": 1071.67, "cx": 637.041, "cy": 513.587}, "camera_to_world_matrix": [0.94393, 0.212027, 0.253064, 0.426042, 0.330021, -0.627144, -0.705533, 14.7749, 0.00911528, 0.74949, -0.661953, -2.05353, 0.0, 0.0, 0.0, 1.0]}, "03436fa468854cc682421c9ecd9d39f2_d1_0.png": {"intrinsics": {"fx": 1077.15, "fy": 1077.62, "cx": 636.04, "cy": 512.33}, "camera_to_world_matrix": [0.76271, 0.00166349, -0.646739, 0.433294, -0.646725, 0.00926759, -0.762668, 14.7637, 0.00472484, 0.999956, 0.008145, -2.02036, 0.0, 0.0, 0.0, 1.0]}, "03436fa468854cc682421c9ecd9d39f2_d1_1.png": {"intrinsics": {"fx": 1077.15, "fy": 1077.62, "cx": 636.04, "cy": 512.33}, "camera_to_world_matrix": [-0.178693, 0.0148547, -0.983793, 0.434474, -0.983891, 0.00267309, 0.17875, 14.7604, 0.00528486, 0.999886, 0.0141384, -2.02038, 0.0, 0.0, 0.0, 1.0]}, "03436fa468854cc682421c9ecd9d39f2_d1_2.png": {"intrinsics": {"fx": 1077.15, "fy": 1077.62, "cx": 636.04, "cy": 512.33}, "camera_to_world_matrix": [-0.941372, 0.0157388, -0.337005, 0.43221, -0.3372, -0.012048, 0.941356, 14.7578, 0.0107554, 0.999804, 0.0166495, -2.02039, 0.0, 0.0, 0.0, 1.0]}, "03436fa468854cc682421c9ecd9d39f2_d1_3.png": {"intrinsics": {"fx": 1077.15, "fy": 1077.62, "cx": 636.04, "cy": 512.33}, "camera_to_world_matrix": [-0.762633, 0.00343181, 0.646823, 0.428767, 0.646643, -0.0201743, 0.762527, 14.7584, 0.0156658, 0.999791, 0.0131671, -2.02037, 0.0, 0.0, 0.0, 1.0]}, "03436fa468854cc682421c9ecd9d39f2_d1_4.png": {"intrinsics": {"fx": 1077.15, "fy": 1077.62, "cx": 636.04, "cy": 512.33}, "camera_to_world_matrix": [0.178783, -0.00975912, 0.983841, 0.427587, 0.983773, -0.0135793, -0.178905, 14.7617, 0.0151056, 0.999861, 0.00717372, -2.02035, 0.0, 0.0, 0.0, 1.0]}, "03436fa468854cc682421c9ecd9d39f2_d1_5.png": {"intrinsics": {"fx": 1077.15, "fy": 1077.62, "cx": 636.04, "cy": 512.33}, "camera_to_world_matrix": [0.941438, -0.0106427, 0.337022, 0.429851, 0.337052, 0.00114187, -0.941486, 14.7643, 0.00963493, 0.999943, 0.00466286, -2.02034, 0.0, 0.0, 0.0, 1.0]}, "03436fa468854cc682421c9ecd9d39f2_d2_0.png": {"intrinsics": {"fx": 1074.75, "fy": 1074.95, "cx": 638.759, "cy": 502.199}, "camera_to_world_matrix": [0.764274, 0.427696, -0.48266, 0.440526, -0.644889, 0.508722, -0.570368, 14.772, 0.00159569, 0.74718, 0.664619, -1.98708, 0.0, 0.0, 0.0, 1.0]}, "03436fa468854cc682421c9ecd9d39f2_d2_1.png": {"intrinsics": {"fx": 1074.75, "fy": 1074.95, "cx": 638.759, "cy": 502.199}, "camera_to_world_matrix": [-0.17634, 0.658883, -0.731284, 0.445431, -0.984327, -0.116421, 0.132463, 14.7583, 0.00214133, 0.743181, 0.669086, -1.98717, 0.0, 0.0, 0.0, 1.0]}, "03436fa468854cc682421c9ecd9d39f2_d2_2.png": {"intrinsics": {"fx": 1074.75, "fy": 1074.95, "cx": 638.759, "cy": 502.199}, "camera_to_world_matrix": [-0.940592, 0.233072, -0.246909, 0.436019, -0.339454, -0.629206, 0.699193, 14.7472, 0.00760598, 0.74147, 0.670943, -1.9872, 0.0, 0.0, 0.0, 1.0]}, "03436fa468854cc682421c9ecd9d39f2_d2_3.png": {"intrinsics": {"fx": 1074.75, "fy": 1074.95, "cx": 638.759, "cy": 502.199}, "camera_to_world_matrix": [-0.764213, -0.423917, 0.486079, 0.421704, 0.644842, -0.516837, 0.563079, 14.7498, 0.0125249, 0.743757, 0.668332, -1.98715, 0.0, 0.0, 0.0, 1.0]}, "03436fa468854cc682421c9ecd9d39f2_d2_4.png": {"intrinsics": {"fx": 1074.75, "fy": 1074.95, "cx": 638.759, "cy": 502.199}, "camera_to_world_matrix": [0.176414, -0.65508, 0.734676, 0.4168, 0.984243, 0.108315, -0.139762, 14.7635, 0.011979, 0.747755, 0.663866, -1.98707, 0.0, 0.0, 0.0, 1.0]}, "03436fa468854cc682421c9ecd9d39f2_d2_5.png": {"intrinsics": {"fx": 1074.75, "fy": 1074.95, "cx": 638.759, "cy": 502.199}, "camera_to_world_matrix": [0.940641, -0.229248, 0.250278, 0.426212, 0.33934, 0.621083, -0.706473, 14.7746, 0.00651427, 0.749467, 0.662009, -1.98703, 0.0, 0.0, 0.0, 1.0]}, "03b2f545a837428188cdd8649af75897_d0_0.png": {"intrinsics": {"fx": 1071.49, "fy": 1071.67, "cx": 637.041, "cy": 513.587}, "camera_to_world_matrix": [0.727298, -0.458668, -0.51055, -5.05372, -0.686294, -0.479368, -0.546998, 13.582, 0.00614864, 0.748218, -0.663424, -2.06868, 0.0, 0.0, 0.0, 1.0]}, "03b2f545a837428188cdd8649af75897_d0_1.png": {"intrinsics": {"fx": 1071.49, "fy": 1071.67, "cx": 637.041, "cy": 513.587}, "camera_to_world_matrix": [-0.230659, -0.640206, -0.732757, -5.04945, -0.973034, 0.152585, 0.172982, 13.5681, 0.00106316, 0.752898, -0.658137, -2.06878, 0.0, 0.0, 0.0, 1.0]}, "03b2f545a837428188cdd8649af75897_d0_2.png": {"intrinsics": {"fx": 1071.49, "fy": 1071.67, "cx": 637.041, "cy": 513.587}, "camera_to_world_matrix": [-0.95798, -0.183669, -0.220319, -5.05935, -0.286798, 0.625754, 0.725382, 13.5575, 0.00463485, 0.758088, -0.652136, -2.06889, 0.0, 0.0, 0.0, 1.0]}, "03b2f545a837428188cdd8649af75897_d0_3.png": {"intrinsics": {"fx": 1071.49, "fy": 1071.67, "cx": 637.041, "cy": 513.587}, "camera_to_world_matrix": [-0.727327, 0.454396, 0.514316, -5.07354, 0.686163, 0.46696, 0.55779, 13.5607, 0.013292, 0.758599, -0.651422, -2.06891, 0.0, 0.0, 0.0, 1.0]}, "03b2f545a837428188cdd8649af75897_d0_4.png": {"intrinsics": {"fx": 1071.49, "fy": 1071.67, "cx": 637.041, "cy": 513.587}, "camera_to_world_matrix": [0.230642, 0.635909, 0.736495, -5.07781, 0.972865, -0.165, -0.162199, 13.5746, 0.0183772, 0.75392, -0.656709, -2.06881, 0.0, 0.0, 0.0, 1.0]}, "03b2f545a837428188cdd8649af75897_d0_5.png": {"intrinsics": {"fx": 1071.49, "fy": 1071.67, "cx": 637.041, "cy": 513.587}, "camera_to_world_matrix": [0.957936, 0.179354, 0.224034, -5.0679, 0.286601, -0.638152, -0.714579, 13.5853, 0.0148052, 0.748729, -0.662711, -2.06869, 0.0, 0.0, 0.0, 1.0]}, "03b2f545a837428188cdd8649af75897_d1_0.png": {"intrinsics": {"fx": 1077.15, "fy": 1077.62, "cx": 636.04, "cy": 512.33}, "camera_to_world_matrix": [0.732395, -0.00305977, -0.680874, -5.06134, -0.680848, 0.00652416, -0.732396, 13.5737, 0.00668291, 0.999974, 0.00269573, -2.03552, 0.0, 0.0, 0.0, 1.0]}, "03b2f545a837428188cdd8649af75897_d1_1.png": {"intrinsics": {"fx": 1077.15, "fy": 1077.62, "cx": 636.04, "cy": 512.33}, "camera_to_world_matrix": [-0.223392, 0.00981719, -0.97468, -5.06031, -0.974728, -0.000664899, 0.223396, 13.5703, 0.00154487, 0.999952, 0.00971833, -2.03554, 0.0, 0.0, 0.0, 1.0]}, "03b2f545a837428188cdd8649af75897_d1_2.png": {"intrinsics": {"fx": 1077.15, "fy": 1077.62, "cx": 636.04, "cy": 512.33}, "camera_to_world_matrix": [-0.955811, 0.0100297, -0.293815, -5.0627, -0.293942, -0.0154107, 0.955699, 13.5678, 0.00505725, 0.999831, 0.0176786, -2.03557, 0.0, 0.0, 0.0, 1.0]}, "03b2f545a837428188cdd8649af75897_d1_3.png": {"intrinsics": {"fx": 1077.15, "fy": 1077.62, "cx": 636.04, "cy": 512.33}, "camera_to_world_matrix": [-0.732427, -0.00263486, 0.680842, -5.06611, 0.680709, -0.0229672, 0.732195, 13.5685, 0.0137076, 0.999733, 0.018616, -2.03557, 0.0, 0.0, 0.0, 1.0]}, "03b2f545a837428188cdd8649af75897_d1_4.png": {"intrinsics": {"fx": 1077.15, "fy": 1077.62, "cx": 636.04, "cy": 512.33}, "camera_to_world_matrix": [0.223372, -0.0155115, 0.97461, -5.06714, 0.974552, -0.0157776, -0.223609, 13.5719, 0.0188454, 0.999756, 0.0115932, -2.03555, 0.0, 0.0, 0.0, 1.0]}, "03b2f545a837428188cdd8649af75897_d1_5.png": {"intrinsics": {"fx": 1077.15, "fy": 1077.62, "cx": 636.04, "cy": 512.33}, "camera_to_world_matrix": [0.955764, -0.0157234, 0.293716, -5.06475, 0.293737, -0.00103177, -0.955886, 13.5745, 0.0153327, 0.999876, 0.00363313, -2.03552, 0.0, 0.0, 0.0, 1.0]}, "03b2f545a837428188cdd8649af75897_d2_0.png": {"intrinsics": {"fx": 1074.75, "fy": 1074.95, "cx": 638.759, "cy": 502.199}, "camera_to_world_matrix": [0.734057, 0.446597, -0.511577, -5.05391, -0.679077, 0.486698, -0.549526, 13.5815, 0.00356696, 0.750784, 0.660538, -2.00218, 0.0, 0.0, 0.0, 1.0]}, "03b2f545a837428188cdd8649af75897_d2_1.png": {"intrinsics": {"fx": 1074.75, "fy": 1074.95, "cx": 638.759, "cy": 502.199}, "camera_to_world_matrix": [-0.221045, 0.649058, -0.727916, -5.04964, -0.975262, -0.148325, 0.163899, 13.5676, -0.00158807, 0.746139, 0.665788, -2.00228, 0.0, 0.0, 0.0, 1.0]}, "03b2f545a837428188cdd8649af75897_d2_2.png": {"intrinsics": {"fx": 1074.75, "fy": 1074.95, "cx": 638.759, "cy": 502.199}, "camera_to_world_matrix": [-0.955117, 0.200324, -0.218221, -5.05954, -0.296221, -0.641149, 0.707941, 13.5569, 0.00190526, 0.740809, 0.671713, -2.0024, 0.0, 0.0, 0.0, 1.0]}, "03b2f545a837428188cdd8649af75897_d2_3.png": {"intrinsics": {"fx": 1074.75, "fy": 1074.95, "cx": 638.759, "cy": 502.199}, "camera_to_world_matrix": [-0.734071, -0.450861, 0.507802, -5.07373, 0.67899, -0.49894, 0.538545, 13.5602, 0.0105535, 0.740124, 0.672387, -2.00241, 0.0, 0.0, 0.0, 1.0]}, "03b2f545a837428188cdd8649af75897_d2_4.png": {"intrinsics": {"fx": 1074.75, "fy": 1074.95, "cx": 638.759, "cy": 502.199}, "camera_to_world_matrix": [0.221043, -0.653298, 0.724115, -5.078, 0.975137, 0.136091, -0.174888, 13.5741, 0.0157083, 0.744769, 0.667137, -2.00231, 0.0, 0.0, 0.0, 1.0]}, "03b2f545a837428188cdd8649af75897_d2_5.png": {"intrinsics": {"fx": 1074.75, "fy": 1074.95, "cx": 638.759, "cy": 502.199}, "camera_to_world_matrix": [0.955089, -0.204544, 0.214398, -5.06809, 0.296067, 0.628898, -0.71891, 13.5847, 0.0122147, 0.750099, 0.661212, -2.00219, 0.0, 0.0, 0.0, 1.0]}, "03f54b1513a94082a9000f87c144851d_d0_0.png": {"intrinsics": {"fx": 1071.49, "fy": 1071.67, "cx": 637.041, "cy": 513.587}, "camera_to_world_matrix": [-0.290439, 0.632349, 0.718179, 5.09025, 0.956788, 0.203088, 0.208118, -1.39087, -0.0142505, 0.74759, -0.664008, 5.34079, 0.0, 0.0, 0.0, 1.0]}, "03f54b1513a94082a9000f87c144851d_d0_1.png": {"intrinsics": {"fx": 1071.49, "fy": 1071.67, "cx": 637.041, "cy": 513.587}, "camera_to_world_matrix": [0.683444, 0.476034, 0.553441, 5.09345, 0.729937, -0.435375, -0.526917, -1.37668, -0.009876, 0.764095, -0.645029, 5.34042, 0.0, 0.0, 0.0, 1.0]}, "03f54b1513a94082a9000f87c144851d_d0_2.png": {"intrinsics": {"fx": 1071.49, "fy": 1071.67, "cx": 637.041, "cy": 513.587}, "camera_to_world_matrix": [0.973882, -0.155236, -0.165701, 5.10734, -0.22662, -0.61925, -0.751781, -1.37236, 0.0140923, 0.769696, -0.638255, 5.34029, 0.0, 0.0, 0.0, 1.0]}, "03f54b1513a94082a9000f87c144851d_d0_3.png": {"intrinsics": {"fx": 1071.49, "fy": 1071.67, "cx": 637.041, "cy": 513.587}, "camera_to_world_matrix": [0.29043, -0.630176, -0.72009, 5.11803, -0.956303, -0.164657, -0.241604, -1.38222, 0.0336856, 0.758793, -0.65046, 5.34053, 0.0, 0.0, 0.0, 1.0]}, "03f54b1513a94082a9000f87c144851d_d0_4.png": {"intrinsics": {"fx": 1071.49, "fy": 1071.67, "cx": 637.041, "cy": 513.587}, "camera_to_world_matrix": [-0.683444, -0.473836, -0.555323, 5.11484, -0.729415, 0.473801, 0.493424, -1.39641, 0.0293101, 0.742288, -0.669439, 5.3409, 0.0, 0.0, 0.0, 1.0]}, "03f54b1513a94082a9000f87c144851d_d0_5.png": {"intrinsics": {"fx": 1071.49, "fy": 1071.67, "cx": 637.041, "cy": 513.587}, "camera_to_world_matrix": [-0.973845, 0.157441, 0.163828, 5.10095, 0.227153, 0.657651, 0.71826, -1.40074, 0.00534146, 0.736687, -0.676212, 5.34103, 0.0, 0.0, 0.0, 1.0]}, "03f54b1513a94082a9000f87c144851d_d1_0.png": {"intrinsics": {"fx": 1077.15, "fy": 1077.62, "cx": 636.04, "cy": 512.33}, "camera_to_world_matrix": [-0.29757, -0.00569277, 0.954683, 5.10085, 0.954602, 0.0125852, 0.29762, -1.38674, -0.0137094, 0.999905, 0.00169004, 5.37393, 0.0, 0.0, 0.0, 1.0]}, "03f54b1513a94082a9000f87c144851d_d1_1.png": {"intrinsics": {"fx": 1077.15, "fy": 1077.62, "cx": 636.04, "cy": 512.33}, "camera_to_world_matrix": [0.677975, -0.0132987, 0.734966, 5.10162, 0.735025, 0.0252166, -0.677572, -1.38333, -0.00952272, 0.999594, 0.0268718, 5.37384, 0.0, 0.0, 0.0, 1.0]}, "03f54b1513a94082a9000f87c144851d_d1_2.png": {"intrinsics": {"fx": 1077.15, "fy": 1077.62, "cx": 636.04, "cy": 512.33}, "camera_to_world_matrix": [0.975545, -0.00615906, -0.219719, 5.10496, -0.219334, 0.0381166, -0.974905, -1.38229, 0.0143792, 0.999255, 0.0358343, 5.37381, 0.0, 0.0, 0.0, 1.0]}, "03f54b1513a94082a9000f87c144851d_d1_3.png": {"intrinsics": {"fx": 1077.15, "fy": 1077.62, "cx": 636.04, "cy": 512.33}, "camera_to_world_matrix": [0.297563, 0.00858634, -0.954664, 5.10753, -0.954094, 0.0383849, -0.29704, -1.38466, 0.034094, 0.999226, 0.0196148, 5.37387, 0.0, 0.0, 0.0, 1.0]}, "03f54b1513a94082a9000f87c144851d_d1_4.png": {"intrinsics": {"fx": 1077.15, "fy": 1077.62, "cx": 636.04, "cy": 512.33}, "camera_to_world_matrix": [-0.677974, 0.0161918, -0.734909, 5.10676, -0.734478, 0.0257532, 0.678144, -1.38807, 0.0299064, 0.999538, -0.00556678, 5.37396, 0.0, 0.0, 0.0, 1.0]}, "03f54b1513a94082a9000f87c144851d_d1_5.png": {"intrinsics": {"fx": 1077.15, "fy": 1077.62, "cx": 636.04, "cy": 512.33}, "camera_to_world_matrix": [-0.975507, 0.00905163, 0.219788, 5.10342, 0.219892, 0.0128535, 0.97544, -1.38911, 0.00600409, 0.999877, -0.0145283, 5.37399, 0.0, 0.0, 0.0, 1.0]}, "03f54b1513a94082a9000f87c144851d_d2_0.png": {"intrinsics": {"fx": 1074.75, "fy": 1074.95, "cx": 638.759, "cy": 502.199}, "camera_to_world_matrix": [-0.299877, -0.63317, 0.713562, 5.09035, 0.953829, -0.185812, 0.235972, -1.38918, -0.0168225, 0.751379, 0.659656, 5.40727, 0.0, 0.0, 0.0, 1.0]}, "03f54b1513a94082a9000f87c144851d_d2_1.png": {"intrinsics": {"fx": 1074.75, "fy": 1074.95, "cx": 638.759, "cy": 502.199}, "camera_to_world_matrix": [0.676219, -0.49349, 0.546987, 5.09355, 0.736591, 0.465705, -0.490462, -1.37499, -0.0126962, 0.734565, 0.678419, 5.4069, 0.0, 0.0, 0.0, 1.0]}, "03f54b1513a94082a9000f87c144851d_d2_2.png": {"intrinsics": {"fx": 1074.75, "fy": 1074.95, "cx": 638.759, "cy": 502.199}, "camera_to_world_matrix": [0.97609, 0.140769, -0.165623, 5.10744, -0.217075, 0.670507, -0.709435, -1.37066, 0.0111847, 0.728426, 0.685033, 5.40677, 0.0, 0.0, 0.0, 1.0]}, "03f54b1513a94082a9000f87c144851d_d2_3.png": {"intrinsics": {"fx": 1074.75, "fy": 1074.95, "cx": 638.759, "cy": 502.199}, "camera_to_world_matrix": [0.29986, 0.635335, -0.711642, 5.11813, -0.953481, 0.223789, -0.20197, -1.38053, 0.0309389, 0.7391, 0.672885, 5.40701, 0.0, 0.0, 0.0, 1.0]}, "03f54b1513a94082a9000f87c144851d_d2_4.png": {"intrinsics": {"fx": 1074.75, "fy": 1074.95, "cx": 638.759, "cy": 502.199}, "camera_to_world_matrix": [-0.676227, 0.49563, -0.545039, 5.11493, -0.736204, -0.427722, 0.524458, -1.39472, 0.0268118, 0.755913, 0.654122, 5.40737, 0.0, 0.0, 0.0, 1.0]}, "03f54b1513a94082a9000f87c144851d_d2_5.png": {"intrinsics": {"fx": 1074.75, "fy": 1074.95, "cx": 638.759, "cy": 502.199}, "camera_to_world_matrix": [-0.976062, -0.138638, 0.16758, 5.10104, 0.217473, -0.6325, 0.743404, -1.39904, 0.00293043, 0.762052, 0.647509, 5.4075, 0.0, 0.0, 0.0, 1.0]}, "042e50107478485e9e15c028c6216789_d0_0.png": {"intrinsics": {"fx": 1071.49, "fy": 1071.67, "cx": 637.041, "cy": 513.587}, "camera_to_world_matrix": [0.277156, 0.639322, 0.717253, 7.42367, 0.960795, -0.190336, -0.201608, 17.5986, 0.00762698, 0.74501, -0.66701, 5.29317, 0.0, 0.0, 0.0, 1.0]}, "042e50107478485e9e15c028c6216789_d0_1.png": {"intrinsics": {"fx": 1071.49, "fy": 1071.67, "cx": 637.041, "cy": 513.587}, "camera_to_world_matrix": [0.970657, 0.160643, 0.17894, 7.43408, 0.240458, -0.641091, -0.728823, 17.6088, -0.00236429, 0.750465, -0.660906, 5.29305, 0.0, 0.0, 0.0, 1.0]}, "042e50107478485e9e15c028c6216789_d0_2.png": {"intrinsics": {"fx": 1071.49, "fy": 1071.67, "cx": 637.041, "cy": 513.587}, "camera_to_world_matrix": [0.693604, -0.469018, -0.546751, 7.44809, -0.720357, -0.451885, -0.5262, 17.6049, -0.000271304, 0.75883, -0.651289, 5.29286, 0.0, 0.0, 0.0, 1.0]}, "042e50107478485e9e15c028c6216789_d0_3.png": {"intrinsics": {"fx": 1071.49, "fy": 1071.67, "cx": 637.041, "cy": 513.587}, "camera_to_world_matrix": [-0.276944, -0.619987, -0.734111, 7.45169, -0.960814, 0.18807, 0.203635, 17.5908, 0.011813, 0.761739, -0.647776, 5.2928, 0.0, 0.0, 0.0, 1.0]}, "042e50107478485e9e15c028c6216789_d0_4.png": {"intrinsics": {"fx": 1071.49, "fy": 1071.67, "cx": 637.041, "cy": 513.587}, "camera_to_world_matrix": [-0.970417, -0.14129, -0.195777, 7.44128, -0.24045, 0.638805, 0.73083, 17.5806, 0.0218039, 0.756284, -0.65388, 5.29291, 0.0, 0.0, 0.0, 1.0]}, "042e50107478485e9e15c028c6216789_d0_5.png": {"intrinsics": {"fx": 1071.49, "fy": 1071.67, "cx": 637.041, "cy": 513.587}, "camera_to_world_matrix": [-0.693326, 0.488364, 0.529906, 7.42728, 0.720355, 0.449575, 0.528178, 17.5845, 0.0197104, 0.747919, -0.663497, 5.2931, 0.0, 0.0, 0.0, 1.0]}, "042e50107478485e9e15c028c6216789_d1_0.png": {"intrinsics": {"fx": 1077.15, "fy": 1077.62, "cx": 636.04, "cy": 512.33}, "camera_to_world_matrix": [0.269983, -0.000186013, 0.962866, 7.43474, 0.962831, -0.00846126, -0.269974, 17.5956, 0.00819708, 0.999965, -0.00210458, 5.32627, 0.0, 0.0, 0.0, 1.0]}, "042e50107478485e9e15c028c6216789_d1_1.png": {"intrinsics": {"fx": 1077.15, "fy": 1077.62, "cx": 636.04, "cy": 512.33}, "camera_to_world_matrix": [0.968837, 0.000309303, 0.2477, 7.43724, 0.247694, 0.00627827, -0.968818, 17.598, -0.00185498, 0.999981, 0.00600671, 5.32625, 0.0, 0.0, 0.0, 1.0]}, "042e50107478485e9e15c028c6216789_d1_2.png": {"intrinsics": {"fx": 1077.15, "fy": 1077.62, "cx": 636.04, "cy": 512.33}, "camera_to_world_matrix": [0.698963, 0.0133208, -0.715034, 7.44061, -0.715158, 0.0132191, -0.698838, 17.5971, 0.000142839, 0.999824, 0.0187669, 5.3262, 0.0, 0.0, 0.0, 1.0]}, "042e50107478485e9e15c028c6216789_d1_3.png": {"intrinsics": {"fx": 1077.15, "fy": 1077.62, "cx": 636.04, "cy": 512.33}, "camera_to_world_matrix": [-0.269759, 0.0258367, -0.962582, 7.44148, -0.962851, 0.00542029, 0.269979, 17.5937, 0.0121927, 0.999652, 0.0234154, 5.32618, 0.0, 0.0, 0.0, 1.0]}, "042e50107478485e9e15c028c6216789_d1_4.png": {"intrinsics": {"fx": 1077.15, "fy": 1077.62, "cx": 636.04, "cy": 512.33}, "camera_to_world_matrix": [-0.968585, 0.0253408, -0.247389, 7.43897, -0.247687, -0.00931922, 0.968796, 17.5913, 0.0222444, 0.999636, 0.0153038, 5.32621, 0.0, 0.0, 0.0, 1.0]}, "042e50107478485e9e15c028c6216789_d1_5.png": {"intrinsics": {"fx": 1077.15, "fy": 1077.62, "cx": 636.04, "cy": 512.33}, "camera_to_world_matrix": [-0.698674, 0.012329, 0.715335, 7.43561, 0.715155, -0.0162596, 0.698778, 17.5922, 0.0202461, 0.999792, 0.00254367, 5.32626, 0.0, 0.0, 0.0, 1.0]}, "042e50107478485e9e15c028c6216789_d2_0.png": {"intrinsics": {"fx": 1074.75, "fy": 1074.95, "cx": 638.759, "cy": 502.199}, "camera_to_world_matrix": [0.267635, -0.633996, 0.725548, 7.42453, 0.963507, 0.172121, -0.205009, 17.5985, 0.00509285, 0.753938, 0.656925, 5.35966, 0.0, 0.0, 0.0, 1.0]}, "042e50107478485e9e15c028c6216789_d2_1.png": {"intrinsics": {"fx": 1074.75, "fy": 1074.95, "cx": 638.759, "cy": 502.199}, "camera_to_world_matrix": [0.968224, -0.162167, 0.190376, 7.43493, 0.250033, 0.642882, -0.724007, 17.6087, -0.00497892, 0.748602, 0.663001, 5.35954, 0.0, 0.0, 0.0, 1.0]}, "042e50107478485e9e15c028c6216789_d2_2.png": {"intrinsics": {"fx": 1074.75, "fy": 1074.95, "cx": 638.759, "cy": 502.199}, "camera_to_world_matrix": [0.700658, 0.481395, -0.526628, 7.44894, -0.71349, 0.469613, -0.519995, 17.6048, -0.00301174, 0.740083, 0.672508, 5.35936, 0.0, 0.0, 0.0, 1.0]}, "042e50107478485e9e15c028c6216789_d2_3.png": {"intrinsics": {"fx": 1074.75, "fy": 1074.95, "cx": 638.759, "cy": 502.199}, "camera_to_world_matrix": [-0.267491, 0.653113, -0.708443, 7.45254, -0.963518, -0.174413, 0.20301, 17.5907, 0.00902718, 0.736901, 0.67594, 5.35929, 0.0, 0.0, 0.0, 1.0]}, "042e50107478485e9e15c028c6216789_d2_4.png": {"intrinsics": {"fx": 1074.75, "fy": 1074.95, "cx": 638.759, "cy": 502.199}, "camera_to_world_matrix": [-0.968053, 0.181266, -0.17325, 7.44214, -0.250016, -0.645155, 0.721988, 17.5805, 0.0190987, 0.742238, 0.669864, 5.35941, 0.0, 0.0, 0.0, 1.0]}, "042e50107478485e9e15c028c6216789_d2_5.png": {"intrinsics": {"fx": 1074.75, "fy": 1074.95, "cx": 638.759, "cy": 502.199}, "camera_to_world_matrix": [-0.700449, -0.462289, 0.543746, 7.42813, 0.713496, -0.471861, 0.517948, 17.5844, 0.017131, 0.750757, 0.660356, 5.35959, 0.0, 0.0, 0.0, 1.0]}, "050910e36ac9414c91bb44d962153689_d0_0.png": {"intrinsics": {"fx": 1071.49, "fy": 1071.67, "cx": 637.041, "cy": 513.587}, "camera_to_world_matrix": [0.598333, 0.52641, 0.604062, 6.84081, 0.801238, -0.396858, -0.447796, 13.3022, 0.00400234, 0.751928, -0.659233, 5.31757, 0.0, 0.0, 0.0, 1.0]}, "050910e36ac9414c91bb44d962153689_d0_1.png": {"intrinsics": {"fx": 1071.49, "fy": 1071.67, "cx": 637.041, "cy": 513.587}, "camera_to_world_matrix": [0.993059, -0.080565, -0.085697, 6.85413, -0.117522, -0.649657, -0.751089, 13.308, 0.00483773, 0.755947, -0.654616, 5.31748, 0.0, 0.0, 0.0, 1.0]}, "050910e36ac9414c91bb44d962153689_d0_2.png": {"intrinsics": {"fx": 1071.49, "fy": 1071.67, "cx": 637.041, "cy": 513.587}, "camera_to_world_matrix": [0.394755, -0.602985, -0.693237, 6.86585, -0.918726, -0.250386, -0.305369, 13.2994, 0.0105558, 0.757441, -0.652819, 5.31744, 0.0, 0.0, 0.0, 1.0]}, "050910e36ac9414c91bb44d962153689_d0_3.png": {"intrinsics": {"fx": 1071.49, "fy": 1071.67, "cx": 637.041, "cy": 513.587}, "camera_to_world_matrix": [-0.598261, -0.518418, -0.611005, 6.86425, -0.801153, 0.401676, 0.443634, 13.285, 0.0154384, 0.754917, -0.655638, 5.3175, 0.0, 0.0, 0.0, 1.0]}, "050910e36ac9414c91bb44d962153689_d0_4.png": {"intrinsics": {"fx": 1071.49, "fy": 1071.67, "cx": 637.041, "cy": 513.587}, "camera_to_world_matrix": [-0.992951, 0.0885676, 0.0787655, 6.85092, 0.117622, 0.654451, 0.7469, 13.2791, 0.0146028, 0.750899, -0.660255, 5.31759, 0.0, 0.0, 0.0, 1.0]}, "050910e36ac9414c91bb44d962153689_d0_5.png": {"intrinsics": {"fx": 1071.49, "fy": 1071.67, "cx": 637.041, "cy": 513.587}, "camera_to_world_matrix": [-0.394616, 0.610972, 0.686289, 6.8392, 0.918803, 0.255159, 0.301156, 13.2877, 0.00888465, 0.749405, -0.662052, 5.31762, 0.0, 0.0, 0.0, 1.0]}, "050910e36ac9414c91bb44d962153689_d1_0.png": {"intrinsics": {"fx": 1077.15, "fy": 1077.62, "cx": 636.04, "cy": 512.33}, "camera_to_world_matrix": [0.592336, -0.00933105, 0.805637, 6.84988, 0.805679, 0.00128118, -0.592352, 13.2958, 0.00449491, 0.999956, 0.00827743, 5.35079, 0.0, 0.0, 0.0, 1.0]}, "050910e36ac9414c91bb44d962153689_d1_1.png": {"intrinsics": {"fx": 1077.15, "fy": 1077.62, "cx": 636.04, "cy": 512.33}, "camera_to_world_matrix": [0.993907, -0.00366619, -0.11017, 6.85309, -0.110105, 0.0148975, -0.993809, 13.2972, 0.00528456, 0.999883, 0.0144037, 5.35077, 0.0, 0.0, 0.0, 1.0]}, "050910e36ac9414c91bb44d962153689_d1_2.png": {"intrinsics": {"fx": 1077.15, "fy": 1077.62, "cx": 636.04, "cy": 512.33}, "camera_to_world_matrix": [0.401602, 0.0109583, -0.915749, 6.85591, -0.915749, 0.0167993, -0.401401, 13.2951, 0.010985, 0.999799, 0.0167824, 5.35076, 0.0, 0.0, 0.0, 1.0]}, "050910e36ac9414c91bb44d962153689_d1_3.png": {"intrinsics": {"fx": 1077.15, "fy": 1077.62, "cx": 636.04, "cy": 512.33}, "camera_to_world_matrix": [-0.59226, 0.0199176, -0.805502, 6.85552, -0.805591, 0.00508472, 0.592451, 13.2916, 0.0158958, 0.999789, 0.0130347, 5.35077, 0.0, 0.0, 0.0, 1.0]}, "050910e36ac9414c91bb44d962153689_d1_4.png": {"intrinsics": {"fx": 1077.15, "fy": 1077.62, "cx": 636.04, "cy": 512.33}, "camera_to_world_matrix": [-0.993794, 0.0142522, 0.110322, 6.85232, 0.110209, -0.00853135, 0.993872, 13.2902, 0.0151059, 0.999862, 0.0069084, 5.35079, 0.0, 0.0, 0.0, 1.0]}, "050910e36ac9414c91bb44d962153689_d1_5.png": {"intrinsics": {"fx": 1077.15, "fy": 1077.62, "cx": 636.04, "cy": 512.33}, "camera_to_world_matrix": [-0.401458, -0.000372373, 0.915878, 6.8495, 0.91583, -0.0104326, 0.401433, 13.2923, 0.00940528, 0.999946, 0.00452998, 5.3508, 0.0, 0.0, 0.0, 1.0]}, "050910e36ac9414c91bb44d962153689_d2_0.png": {"intrinsics": {"fx": 1074.75, "fy": 1074.95, "cx": 638.759, "cy": 502.199}, "camera_to_world_matrix": [0.590397, -0.537105, 0.602453, 6.84116, 0.807111, 0.391625, -0.441815, 13.3024, 0.00136544, 0.747093, 0.664718, 5.38407, 0.0, 0.0, 0.0, 1.0]}, "050910e36ac9414c91bb44d962153689_d2_1.png": {"intrinsics": {"fx": 1074.75, "fy": 1074.95, "cx": 638.759, "cy": 502.199}, "camera_to_world_matrix": [0.994178, 0.0705204, -0.0814674, 6.85448, -0.107729, 0.665561, -0.738527, 13.3082, 0.00214039, 0.743004, 0.669283, 5.38398, 0.0, 0.0, 0.0, 1.0]}, "050910e36ac9414c91bb44d962153689_d2_2.png": {"intrinsics": {"fx": 1074.75, "fy": 1074.95, "cx": 638.759, "cy": 502.199}, "camera_to_world_matrix": [0.403796, 0.61157, -0.68039, 6.86621, -0.914815, 0.276294, -0.294574, 13.2996, 0.00783529, 0.741379, 0.67104, 5.38394, 0.0, 0.0, 0.0, 1.0]}, "050910e36ac9414c91bb44d962153689_d2_3.png": {"intrinsics": {"fx": 1074.75, "fy": 1074.95, "cx": 638.759, "cy": 502.199}, "camera_to_world_matrix": [-0.590353, 0.544983, -0.595379, 6.8646, -0.807044, -0.3869, 0.446082, 13.2852, 0.0127551, 0.743843, 0.668232, 5.384, 0.0, 0.0, 0.0, 1.0]}, "050910e36ac9414c91bb44d962153689_d2_4.png": {"intrinsics": {"fx": 1074.75, "fy": 1074.95, "cx": 638.759, "cy": 502.199}, "camera_to_world_matrix": [-0.994099, -0.0626534, 0.0885527, 6.85128, 0.107812, -0.660812, 0.742768, 13.2793, 0.0119799, 0.747932, 0.663667, 5.38409, 0.0, 0.0, 0.0, 1.0]}, "050910e36ac9414c91bb44d962153689_d2_5.png": {"intrinsics": {"fx": 1074.75, "fy": 1074.95, "cx": 638.759, "cy": 502.199}, "camera_to_world_matrix": [-0.403685, -0.603688, 0.687458, 6.83955, 0.914876, -0.271524, 0.298791, 13.2879, 0.00628494, 0.749556, 0.66191, 5.38412, 0.0, 0.0, 0.0, 1.0]}, "06e0fd6ae534461cbcfd0a2a1a3ec597_d0_0.png": {"intrinsics": {"fx": 1071.49, "fy": 1071.67, "cx": 637.041, "cy": 513.587}, "camera_to_world_matrix": [0.0420568, -0.659366, -0.750645, -1.54798, -0.999107, -0.0246824, -0.0342966, 19.4252, 0.00408618, 0.751417, -0.659815, 5.2856, 0.0, 0.0, 0.0, 1.0]}, "06e0fd6ae534461cbcfd0a2a1a3ec597_d0_1.png": {"intrinsics": {"fx": 1071.49, "fy": 1071.67, "cx": 637.041, "cy": 513.587}, "camera_to_world_matrix": [-0.844206, -0.348384, -0.407363, -1.55462, -0.536002, 0.554641, 0.636456, 19.4122, 0.00420874, 0.755647, -0.654965, 5.2855, 0.0, 0.0, 0.0, 1.0]}, "06e0fd6ae534461cbcfd0a2a1a3ec597_d0_2.png": {"intrinsics": {"fx": 1071.49, "fy": 1071.67, "cx": 637.041, "cy": 513.587}, "camera_to_world_matrix": [-0.886272, 0.308826, 0.345179, -1.56915, 0.463061, 0.57497, 0.674526, 19.4115, 0.00984299, 0.757652, -0.652585, 5.28546, 0.0, 0.0, 0.0, 1.0]}, "06e0fd6ae534461cbcfd0a2a1a3ec597_d0_3.png": {"intrinsics": {"fx": 1071.49, "fy": 1071.67, "cx": 637.041, "cy": 513.587}, "camera_to_world_matrix": [-0.0420737, 0.65504, 0.754423, -1.57704, 0.998997, 0.0159767, 0.0418416, 19.4237, 0.0153546, 0.755426, -0.655054, 5.2855, 0.0, 0.0, 0.0, 1.0]}, "06e0fd6ae534461cbcfd0a2a1a3ec597_d0_4.png": {"intrinsics": {"fx": 1071.49, "fy": 1071.67, "cx": 637.041, "cy": 513.587}, "camera_to_world_matrix": [0.844172, 0.344035, 0.411114, -1.5704, 0.535857, -0.563334, -0.628898, 19.4367, 0.0152318, 0.751196, -0.659904, 5.2856, 0.0, 0.0, 0.0, 1.0]}, "06e0fd6ae534461cbcfd0a2a1a3ec597_d0_5.png": {"intrinsics": {"fx": 1071.49, "fy": 1071.67, "cx": 637.041, "cy": 513.587}, "camera_to_world_matrix": [0.886198, -0.313176, -0.34143, -1.55587, -0.463208, -0.583638, -0.666938, 19.4374, 0.00959743, 0.749191, -0.662284, 5.28564, 0.0, 0.0, 0.0, 1.0]}, "06e0fd6ae534461cbcfd0a2a1a3ec597_d1_0.png": {"intrinsics": {"fx": 1077.15, "fy": 1077.62, "cx": 636.04, "cy": 512.33}, "camera_to_world_matrix": [0.0495105, 0.00726656, -0.998748, -1.55911, -0.998764, 0.00495043, -0.0494755, 19.4244, 0.00458453, 0.999962, 0.00750338, 5.31881, 0.0, 0.0, 0.0, 1.0]}, "06e0fd6ae534461cbcfd0a2a1a3ec597_d1_1.png": {"intrinsics": {"fx": 1077.15, "fy": 1077.62, "cx": 636.04, "cy": 512.33}, "camera_to_world_matrix": [-0.840181, 0.011473, -0.542187, -1.56071, -0.542288, -0.00918463, 0.840143, 19.4213, 0.00465903, 0.999892, 0.0139391, 5.31879, 0.0, 0.0, 0.0, 1.0]}, "06e0fd6ae534461cbcfd0a2a1a3ec597_d1_2.png": {"intrinsics": {"fx": 1077.15, "fy": 1077.62, "cx": 636.04, "cy": 512.33}, "camera_to_world_matrix": [-0.889701, 0.00133474, 0.456542, -1.5642, 0.456429, -0.0198947, 0.889538, 19.4212, 0.0102699, 0.999802, 0.0170918, 5.31878, 0.0, 0.0, 0.0, 1.0]}, "06e0fd6ae534461cbcfd0a2a1a3ec597_d1_3.png": {"intrinsics": {"fx": 1077.15, "fy": 1077.62, "cx": 636.04, "cy": 512.33}, "camera_to_world_matrix": [-0.0495301, -0.0130098, 0.998688, -1.5661, 0.998648, -0.0164695, 0.0493138, 19.4241, 0.0158061, 0.99978, 0.0138087, 5.31879, 0.0, 0.0, 0.0, 1.0]}, "06e0fd6ae534461cbcfd0a2a1a3ec597_d1_4.png": {"intrinsics": {"fx": 1077.15, "fy": 1077.62, "cx": 636.04, "cy": 512.33}, "camera_to_world_matrix": [0.840143, -0.0172158, 0.542093, -1.5645, 0.542138, -0.00233426, -0.840287, 19.4272, 0.0157314, 0.999849, 0.00737292, 5.31881, 0.0, 0.0, 0.0, 1.0]}, "06e0fd6ae534461cbcfd0a2a1a3ec597_d1_5.png": {"intrinsics": {"fx": 1077.15, "fy": 1077.62, "cx": 636.04, "cy": 512.33}, "camera_to_world_matrix": [0.889625, -0.00707705, -0.456638, -1.56101, -0.456582, 0.00837542, -0.889643, 19.4274, 0.0101204, 0.99994, 0.00422045, 5.31882, 0.0, 0.0, 0.0, 1.0]}, "06e0fd6ae534461cbcfd0a2a1a3ec597_d2_0.png": {"intrinsics": {"fx": 1074.75, "fy": 1074.95, "cx": 638.759, "cy": 502.199}, "camera_to_world_matrix": [0.0519213, 0.663188, -0.74665, -1.54817, -0.99865, 0.0355707, -0.0378505, 19.4248, 0.00145692, 0.747607, 0.664139, 5.35209, 0.0, 0.0, 0.0, 1.0]}, "06e0fd6ae534461cbcfd0a2a1a3ec597_d2_1.png": {"intrinsics": {"fx": 1074.75, "fy": 1074.95, "cx": 638.759, "cy": 502.199}, "camera_to_world_matrix": [-0.838887, 0.36505, -0.403739, -1.55481, -0.544302, -0.560552, 0.624113, 19.4119, 0.00151597, 0.743317, 0.668937, 5.352, 0.0, 0.0, 0.0, 1.0]}, "06e0fd6ae534461cbcfd0a2a1a3ec597_d2_2.png": {"intrinsics": {"fx": 1074.75, "fy": 1074.95, "cx": 638.759, "cy": 502.199}, "camera_to_world_matrix": [-0.89081, -0.300287, 0.341005, -1.56935, 0.454319, -0.600404, 0.65811, 19.4111, 0.00711938, 0.741176, 0.671272, 5.35195, 0.0, 0.0, 0.0, 1.0]}, "06e0fd6ae534461cbcfd0a2a1a3ec597_d2_3.png": {"intrinsics": {"fx": 1074.75, "fy": 1074.95, "cx": 638.759, "cy": 502.199}, "camera_to_world_matrix": [-0.051923, -0.667471, 0.742823, -1.57723, 0.998571, -0.0441333, 0.0301431, 19.4234, 0.0126636, 0.743326, 0.668809, 5.352, 0.0, 0.0, 0.0, 1.0]}, "06e0fd6ae534461cbcfd0a2a1a3ec597_d2_4.png": {"intrinsics": {"fx": 1074.75, "fy": 1074.95, "cx": 638.759, "cy": 502.199}, "camera_to_world_matrix": [0.838868, -0.36931, 0.399887, -1.57059, 0.544188, 0.551978, -0.631807, 19.4363, 0.0126044, 0.747616, 0.664011, 5.3521, 0.0, 0.0, 0.0, 1.0]}, "06e0fd6ae534461cbcfd0a2a1a3ec597_d2_5.png": {"intrinsics": {"fx": 1074.75, "fy": 1074.95, "cx": 638.759, "cy": 502.199}, "camera_to_world_matrix": [0.890752, 0.296029, -0.344859, -1.55606, -0.454435, 0.591804, -0.665775, 19.437, 0.00700081, 0.749757, 0.661676, 5.35214, 0.0, 0.0, 0.0, 1.0]}, "07ede124c32b4d89ba8cc1f01091d322_d0_0.png": {"intrinsics": {"fx": 1071.49, "fy": 1071.67, "cx": 637.041, "cy": 513.587}, "camera_to_world_matrix": [0.101172, -0.649728, -0.753404, 5.52938, -0.994827, -0.0591168, -0.0826099, 14.3037, 0.00913505, 0.757865, -0.652348, -2.05202, 0.0, 0.0, 0.0, 1.0]}, "07ede124c32b4d89ba8cc1f01091d322_d0_1.png": {"intrinsics": {"fx": 1071.49, "fy": 1071.67, "cx": 637.041, "cy": 513.587}, "camera_to_world_matrix": [-0.810915, -0.373565, -0.450406, 5.52352, -0.584964, 0.537601, 0.607291, 14.2904, 0.0152765, 0.755933, -0.654471, -2.05198, 0.0, 0.0, 0.0, 1.0]}, "07ede124c32b4d89ba8cc1f01091d322_d0_2.png": {"intrinsics": {"fx": 1071.49, "fy": 1071.67, "cx": 637.041, "cy": 513.587}, "camera_to_world_matrix": [-0.912003, 0.281279, 0.298552, 5.50905, 0.409877, 0.596782, 0.689821, 14.2888, 0.0158616, 0.751488, -0.659556, -2.05188, 0.0, 0.0, 0.0, 1.0]}, "07ede124c32b4d89ba8cc1f01091d322_d0_3.png": {"intrinsics": {"fx": 1071.49, "fy": 1071.67, "cx": 637.041, "cy": 513.587}, "camera_to_world_matrix": [-0.101001, 0.659945, 0.744495, 5.50046, 0.994833, 0.0592429, 0.0824484, 14.3006, 0.0103053, 0.748975, -0.662518, -2.05182, 0.0, 0.0, 0.0, 1.0]}, "07ede124c32b4d89ba8cc1f01091d322_d0_4.png": {"intrinsics": {"fx": 1071.49, "fy": 1071.67, "cx": 637.041, "cy": 513.587}, "camera_to_world_matrix": [0.81107, 0.383758, 0.44147, 5.50632, 0.584935, -0.537465, -0.60744, 14.3139, 0.00416391, 0.750907, -0.660394, -2.05186, 0.0, 0.0, 0.0, 1.0]}, "07ede124c32b4d89ba8cc1f01091d322_d0_5.png": {"intrinsics": {"fx": 1071.49, "fy": 1071.67, "cx": 637.041, "cy": 513.587}, "camera_to_world_matrix": [0.912119, -0.271088, -0.307492, 5.52079, -0.409911, -0.59662, -0.689941, 14.3155, 0.0035791, 0.755352, -0.655309, -2.05196, 0.0, 0.0, 0.0, 1.0]}, "07ede124c32b4d89ba8cc1f01091d322_d1_0.png": {"intrinsics": {"fx": 1077.15, "fy": 1077.62, "cx": 636.04, "cy": 512.33}, "camera_to_world_matrix": [0.108596, 0.0162642, -0.993953, 5.51862, -0.994041, 0.011392, -0.10842, 14.3025, 0.00955961, 0.999803, 0.0174052, -2.01869, 0.0, 0.0, 0.0, 1.0]}, "07ede124c32b4d89ba8cc1f01091d322_d1_1.png": {"intrinsics": {"fx": 1077.15, "fy": 1077.62, "cx": 636.04, "cy": 512.33}, "camera_to_world_matrix": [-0.806521, 0.0212994, -0.590823, 5.51721, -0.590998, -0.0024696, 0.806669, 14.2993, 0.0157223, 0.99977, 0.0145804, -2.01868, 0.0, 0.0, 0.0, 1.0]}, "07ede124c32b4d89ba8cc1f01091d322_d1_2.png": {"intrinsics": {"fx": 1077.15, "fy": 1077.62, "cx": 636.04, "cy": 512.33}, "camera_to_world_matrix": [-0.91503, 0.0118126, 0.403215, 5.51373, 0.403057, -0.013761, 0.915072, 14.2989, 0.0163578, 0.999836, 0.00783127, -2.01866, 0.0, 0.0, 0.0, 1.0]}, "07ede124c32b4d89ba8cc1f01091d322_d1_3.png": {"intrinsics": {"fx": 1077.15, "fy": 1077.62, "cx": 636.04, "cy": 512.33}, "camera_to_world_matrix": [-0.108419, -0.00270921, 0.994102, 5.51167, 0.994047, -0.0111904, 0.108383, 14.3018, 0.0108306, 0.999934, 0.00390705, -2.01865, 0.0, 0.0, 0.0, 1.0]}, "07ede124c32b4d89ba8cc1f01091d322_d1_4.png": {"i