{"00436103b70e4addb6e3d0556db05141_d0_0.png": {"intrinsics": {"fx": 1075.72, "fy": 1075.66, "cx": 636.877, "cy": 515.013}, "camera_to_world_matrix": [-0.762647, -0.425019, -0.487575, 2.32816, -0.646763, 0.510701, 0.566465, 15.7201, 0.00824721, 0.747358, -0.66437, 0.979339, 0.0, 0.0, 0.0, 1.0]}, "00436103b70e4addb6e3d0556db05141_d0_1.png": {"intrinsics": {"fx": 1075.72, "fy": 1075.66, "cx": 636.877, "cy": 515.013}, "camera_to_world_matrix": [-0.941437, 0.229531, 0.247005, 2.31387, 0.337059, 0.620368, 0.708191, 15.7174, 0.00931746, 0.749973, -0.661403, 0.979281, 0.0, 0.0, 0.0, 1.0]}, "00436103b70e4addb6e3d0556db05141_d0_2.png": {"intrinsics": {"fx": 1075.72, "fy": 1075.66, "cx": 636.877, "cy": 515.013}, "camera_to_world_matrix": [-0.178815, 0.651776, 0.73703, 2.30435, 0.983793, 0.108337, 0.142878, 15.7284, 0.0132774, 0.750634, -0.660585, 0.979265, 0.0, 0.0, 0.0, 1.0]}, "00436103b70e4addb6e3d0556db05141_d0_3.png": {"intrinsics": {"fx": 1075.72, "fy": 1075.66, "cx": 636.877, "cy": 515.013}, "camera_to_world_matrix": [0.762581, 0.419464, 0.492463, 2.30912, 0.64669, -0.513351, -0.564148, 15.7421, 0.0161671, 0.74868, -0.662735, 0.979307, 0.0, 0.0, 0.0, 1.0]}, "00436103b70e4addb6e3d0556db05141_d0_4.png": {"intrinsics": {"fx": 1075.72, "fy": 1075.66, "cx": 636.877, "cy": 515.013}, "camera_to_world_matrix": [0.941334, -0.23509, -0.242122, 2.32341, -0.337139, -0.622993, -0.705845, 15.7449, 0.0150966, 0.746065, -0.665702, 0.979365, 0.0, 0.0, 0.0, 1.0]}, "00436103b70e4addb6e3d0556db05141_d0_5.png": {"intrinsics": {"fx": 1075.72, "fy": 1075.66, "cx": 636.877, "cy": 515.013}, "camera_to_world_matrix": [0.178686, -0.657316, -0.732125, 2.33293, -0.983843, -0.110944, -0.140514, 15.7339, 0.0111367, 0.745404, -0.66652, 0.979381, 0.0, 0.0, 0.0, 1.0]}, "00436103b70e4addb6e3d0556db05141_d1_0.png": {"intrinsics": {"fx": 1075.94, "fy": 1076.09, "cx": 629.693, "cy": 501.638}, "camera_to_world_matrix": [-0.756124, -2.54642e-05, -0.654428, 2.32081, -0.65442, 0.00512982, 0.756114, 15.7284, 0.0033377, 0.999987, -0.00389508, 1.01258, 0.0, 0.0, 0.0, 1.0]}, "00436103b70e4addb6e3d0556db05141_d1_1.png": {"intrinsics": {"fx": 1075.94, "fy": 1076.09, "cx": 629.693, "cy": 501.638}, "camera_to_world_matrix": [-0.944806, 0.0041043, 0.327606, 2.31737, 0.327603, -0.0014973, 0.944815, 15.7278, 0.00436819, 0.999991, 7.04443e-05, 1.01256, 0.0, 0.0, 0.0, 1.0]}, "00436103b70e4addb6e3d0556db05141_d1_2.png": {"intrinsics": {"fx": 1075.94, "fy": 1076.09, "cx": 629.693, "cy": 501.638}, "camera_to_world_matrix": [-0.188687, 0.000429893, 0.982037, 2.31508, 0.982002, -0.00838727, 0.188684, 15.7304, 0.00831759, 0.999965, 0.00116078, 1.01256, 0.0, 0.0, 0.0, 1.0]}, "00436103b70e4addb6e3d0556db05141_d1_3.png": {"intrinsics": {"fx": 1075.94, "fy": 1076.09, "cx": 629.693, "cy": 501.638}, "camera_to_world_matrix": [0.756096, -0.00737419, 0.654419, 2.31622, 0.654365, -0.00864997, -0.75613, 15.7337, 0.0112364, 0.999936, -0.00171443, 1.01257, 0.0, 0.0, 0.0, 1.0]}, "00436103b70e4addb6e3d0556db05141_d1_4.png": {"intrinsics": {"fx": 1075.94, "fy": 1076.09, "cx": 629.693, "cy": 501.638}, "camera_to_world_matrix": [0.944739, -0.0115037, -0.327622, 2.31966, -0.327666, -0.00202269, -0.944792, 15.7344, 0.0102058, 0.999932, -0.00567991, 1.01258, 0.0, 0.0, 0.0, 1.0]}, "00436103b70e4addb6e3d0556db05141_d1_5.png": {"intrinsics": {"fx": 1075.94, "fy": 1076.09, "cx": 629.693, "cy": 501.638}, "camera_to_world_matrix": [0.188594, -0.00782902, -0.982024, 2.32195, -0.982036, 0.00486714, -0.188635, 15.7317, 0.00625634, 0.999958, -0.00677009, 1.01259, 0.0, 0.0, 0.0, 1.0]}, "00436103b70e4addb6e3d0556db05141_d2_0.png": {"intrinsics": {"fx": 1074.61, "fy": 1074.93, "cx": 630.692, "cy": 523.124}, "camera_to_world_matrix": [-0.754539, 0.441256, -0.485761, 2.32791, -0.656253, -0.505628, 0.560064, 15.72, 0.00151732, 0.741373, 0.671092, 1.04584, 0.0, 0.0, 0.0, 1.0]}, "00436103b70e4addb6e3d0556db05141_d2_1.png": {"intrinsics": {"fx": 1074.61, "fy": 1074.93, "cx": 630.692, "cy": 523.124}, "camera_to_world_matrix": [-0.9456, -0.217503, 0.241934, 2.31363, 0.32532, -0.637974, 0.697965, 15.7173, 0.00253817, 0.738702, 0.674027, 1.04578, 0.0, 0.0, 0.0, 1.0]}, "00436103b70e4addb6e3d0556db05141_d2_2.png": {"intrinsics": {"fx": 1074.61, "fy": 1074.93, "cx": 630.692, "cy": 523.124}, "camera_to_world_matrix": [-0.19106, -0.661495, 0.725204, 2.3041, 0.981557, -0.133636, 0.136703, 15.7283, 0.00648498, 0.737947, 0.674827, 1.04576, 0.0, 0.0, 0.0, 1.0]}, "00436103b70e4addb6e3d0556db05141_d2_3.png": {"intrinsics": {"fx": 1074.61, "fy": 1074.93, "cx": 630.692, "cy": 523.124}, "camera_to_world_matrix": [0.754524, -0.446717, 0.480767, 2.30887, 0.656205, 0.503038, -0.562448, 15.742, 0.00941081, 0.739863, 0.672692, 1.04581, 0.0, 0.0, 0.0, 1.0]}, "00436103b70e4addb6e3d0556db05141_d2_4.png": {"intrinsics": {"fx": 1074.61, "fy": 1074.93, "cx": 630.692, "cy": 523.124}, "camera_to_world_matrix": [0.945547, 0.212048, -0.246933, 2.32316, -0.325376, 0.635359, -0.700321, 15.7448, 0.00838974, 0.742533, 0.669757, 1.04586, 0.0, 0.0, 0.0, 1.0]}, "00436103b70e4addb6e3d0556db05141_d2_5.png": {"intrinsics": {"fx": 1074.61, "fy": 1074.93, "cx": 630.692, "cy": 523.124}, "camera_to_world_matrix": [0.190981, 0.65602, -0.730181, 2.33268, -0.981583, 0.131002, -0.13904, 15.7338, 0.00444293, 0.743288, 0.668957, 1.04588, 0.0, 0.0, 0.0, 1.0]}, "00f205a65f374c5299b67176c0852e91_d0_0.png": {"intrinsics": {"fx": 1075.72, "fy": 1075.66, "cx": 636.877, "cy": 515.013}, "camera_to_world_matrix": [0.272, 0.640554, 0.718128, 1.77752, 0.962225, -0.190239, -0.194766, 12.1942, 0.0118574, 0.743976, -0.668101, 1.26687, 0.0, 0.0, 0.0, 1.0]}, "00f205a65f374c5299b67176c0852e91_d0_1.png": {"intrinsics": {"fx": 1075.72, "fy": 1075.66, "cx": 636.877, "cy": 515.013}, "camera_to_world_matrix": [0.969348, 0.158595, 0.187648, 1.78784, 0.245598, -0.646506, -0.722297, 12.2045, 0.00676259, 0.746243, -0.665639, 1.26682, 0.0, 0.0, 0.0, 1.0]}, "00f205a65f374c5299b67176c0852e91_d0_2.png": {"intrinsics": {"fx": 1075.72, "fy": 1075.66, "cx": 636.877, "cy": 515.013}, "camera_to_world_matrix": [0.697399, -0.477511, -0.534433, 1.80188, -0.716648, -0.457239, -0.526639, 12.2007, 0.0071123, 0.750278, -0.661084, 1.26673, 0.0, 0.0, 0.0, 1.0]}, "00f205a65f374c5299b67176c0852e91_d0_3.png": {"intrinsics": {"fx": 1075.72, "fy": 1075.66, "cx": 636.877, "cy": 515.013}, "camera_to_world_matrix": [-0.271892, -0.631643, -0.726018, 1.8056, -0.962246, 0.188291, 0.196544, 12.1866, 0.0125568, 0.752046, -0.658991, 1.26669, 0.0, 0.0, 0.0, 1.0]}, "00f205a65f374c5299b67176c0852e91_d0_4.png": {"intrinsics": {"fx": 1075.72, "fy": 1075.66, "cx": 636.877, "cy": 515.013}, "camera_to_world_matrix": [-0.969213, -0.149667, -0.195517, 1.79527, -0.245592, 0.644539, 0.724054, 12.1764, 0.0176515, 0.749779, -0.661452, 1.26674, 0.0, 0.0, 0.0, 1.0]}, "00f205a65f374c5299b67176c0852e91_d0_5.png": {"intrinsics": {"fx": 1075.72, "fy": 1075.66, "cx": 636.877, "cy": 515.013}, "camera_to_world_matrix": [-0.697226, 0.486431, 0.526556, 1.78123, 0.716643, 0.455247, 0.528368, 12.1802, 0.0173015, 0.745745, -0.666007, 1.26683, 0.0, 0.0, 0.0, 1.0]}, "00f205a65f374c5299b67176c0852e91_d1_0.png": {"intrinsics": {"fx": 1075.94, "fy": 1076.09, "cx": 629.693, "cy": 501.638}, "camera_to_world_matrix": [0.262297, 0.00674654, 0.964964, 1.78838, 0.964962, -0.00908616, -0.262233, 12.1913, 0.00699851, 0.999936, -0.00889305, 1.30005, 0.0, 0.0, 0.0, 1.0]}, "00f205a65f374c5299b67176c0852e91_d1_1.png": {"intrinsics": {"fx": 1075.94, "fy": 1076.09, "cx": 629.693, "cy": 501.638}, "camera_to_world_matrix": [0.966848, -0.00037841, 0.255355, 1.79086, 0.255348, -0.00589138, -0.966832, 12.1938, 0.00187011, 0.999983, -0.00559907, 1.30004, 0.0, 0.0, 0.0, 1.0]}, "00f205a65f374c5299b67176c0852e91_d1_2.png": {"intrinsics": {"fx": 1075.94, "fy": 1076.09, "cx": 629.693, "cy": 501.638}, "camera_to_world_matrix": [0.704573, -0.00117403, -0.709632, 1.79424, -0.709629, 0.00187653, -0.704573, 12.1928, 0.00215869, 0.999998, 0.000489396, 1.30002, 0.0, 0.0, 0.0, 1.0]}, "00f205a65f374c5299b67176c0852e91_d1_3.png": {"intrinsics": {"fx": 1075.94, "fy": 1076.09, "cx": 629.693, "cy": 501.638}, "camera_to_world_matrix": [-0.262248, 0.00515532, -0.964987, 1.79513, -0.964971, 0.00644949, 0.262278, 12.1895, 0.00757566, 0.999966, 0.00328375, 1.30001, 0.0, 0.0, 0.0, 1.0]}, "00f205a65f374c5299b67176c0852e91_d1_4.png": {"intrinsics": {"fx": 1075.94, "fy": 1076.09, "cx": 629.693, "cy": 501.638}, "camera_to_world_matrix": [-0.966771, 0.0122802, -0.255351, 1.79265, -0.25533, 0.00325443, 0.966849, 12.187, 0.0127039, 0.99992, -1.04313e-05, 1.30002, 0.0, 0.0, 0.0, 1.0]}, "00f205a65f374c5299b67176c0852e91_d1_5.png": {"intrinsics": {"fx": 1075.94, "fy": 1076.09, "cx": 629.693, "cy": 501.638}, "camera_to_world_matrix": [-0.704458, 0.0130755, 0.709626, 1.78927, 0.709638, -0.00451351, 0.704553, 12.1879, 0.0124151, 0.999905, -0.00609889, 1.30004, 0.0, 0.0, 0.0, 1.0]}, "00f205a65f374c5299b67176c0852e91_d2_0.png": {"intrinsics": {"fx": 1074.61, "fy": 1074.93, "cx": 630.692, "cy": 523.124}, "camera_to_world_matrix": [0.259951, -0.645446, 0.71821, 1.77791, 0.965608, 0.169757, -0.196936, 12.1941, 0.00519028, 0.744702, 0.667376, 1.33337, 0.0, 0.0, 0.0, 1.0]}, "00f205a65f374c5299b67176c0852e91_d2_1.png": {"intrinsics": {"fx": 1074.61, "fy": 1074.93, "cx": 630.692, "cy": 523.124}, "camera_to_world_matrix": [0.966226, -0.172649, 0.191308, 1.78824, 0.257695, 0.647193, -0.71745, 12.2044, 5.38295e-05, 0.742518, 0.669826, 1.33332, 0.0, 0.0, 0.0, 1.0]}, "00f205a65f374c5299b67176c0852e91_d2_2.png": {"intrinsics": {"fx": 1074.61, "fy": 1074.93, "cx": 630.692, "cy": 523.124}, "camera_to_world_matrix": [0.706287, 0.477208, -0.522907, 1.80228, -0.707926, 0.476445, -0.521384, 12.2006, 0.000327675, 0.738426, 0.674334, 1.33323, 0.0, 0.0, 0.0, 1.0]}, "00f205a65f374c5299b67176c0852e91_d2_3.png": {"intrinsics": {"fx": 1074.61, "fy": 1074.93, "cx": 630.692, "cy": 523.124}, "camera_to_world_matrix": [-0.259923, 0.654254, -0.710205, 1.80599, -0.965612, -0.171736, 0.195192, 12.1865, 0.00573793, 0.736518, 0.676394, 1.33319, 0.0, 0.0, 0.0, 1.0]}, "00f205a65f374c5299b67176c0852e91_d2_4.png": {"intrinsics": {"fx": 1074.61, "fy": 1074.93, "cx": 630.692, "cy": 523.124}, "camera_to_world_matrix": [-0.966171, 0.181439, -0.183283, 1.79567, -0.257672, -0.649153, 0.715686, 12.1763, 0.0108742, 0.738702, 0.673944, 1.33324, 0.0, 0.0, 0.0, 1.0]}, "00f205a65f374c5299b67176c0852e91_d2_5.png": {"intrinsics": {"fx": 1074.61, "fy": 1074.93, "cx": 630.692, "cy": 523.124}, "camera_to_world_matrix": [-0.706194, -0.468412, 0.530924, 1.78163, 0.707939, -0.478379, 0.519592, 12.1801, 0.0106002, 0.742794, 0.669435, 1.33333, 0.0, 0.0, 0.0, 1.0]}, "05869550e06a407a8dedf24f887c9b26_d0_0.png": {"intrinsics": {"fx": 1075.72, "fy": 1075.66, "cx": 636.877, "cy": 515.013}, "camera_to_world_matrix": [0.775823, 0.433357, 0.458585, 0.431873, 0.630491, -0.504738, -0.589678, 12.3945, -0.0240757, 0.74662, -0.664815, 1.22686, 0.0, 0.0, 0.0, 1.0]}, "05869550e06a407a8dedf24f887c9b26_d0_1.png": {"intrinsics": {"fx": 1075.72, "fy": 1075.66, "cx": 636.877, "cy": 515.013}, "camera_to_world_matrix": [0.934193, -0.223039, -0.278453, 0.446209, -0.356687, -0.600435, -0.715718, 12.3969, -0.00755984, 0.767939, -0.640478, 1.22638, 0.0, 0.0, 0.0, 1.0]}, "05869550e06a407a8dedf24f887c9b26_d0_2.png": {"intrinsics": {"fx": 1075.72, "fy": 1075.66, "cx": 636.877, "cy": 515.013}, "camera_to_world_matrix": [0.158707, -0.634448, -0.756497, 0.455498, -0.986908, -0.0796563, -0.14024, 12.3857, 0.0287154, 0.76885, -0.638783, 1.22635, 0.0, 0.0, 0.0, 1.0]}, "05869550e06a407a8dedf24f887c9b26_d0_3.png": {"intrinsics": {"fx": 1075.72, "fy": 1075.66, "cx": 636.877, "cy": 515.013}, "camera_to_world_matrix": [-0.775132, -0.38945, -0.497493, 0.450451, -0.629937, 0.536808, 0.561263, 12.3721, 0.0484741, 0.748442, -0.661426, 1.22679, 0.0, 0.0, 0.0, 1.0]}, "05869550e06a407a8dedf24f887c9b26_d0_4.png": {"intrinsics": {"fx": 1075.72, "fy": 1075.66, "cx": 636.877, "cy": 515.013}, "camera_to_world_matrix": [-0.933463, 0.26695, 0.23955, 0.436114, 0.357247, 0.632479, 0.687274, 12.3697, 0.031957, 0.727123, -0.685763, 1.22726, 0.0, 0.0, 0.0, 1.0]}, "05869550e06a407a8dedf24f887c9b26_d0_5.png": {"intrinsics": {"fx": 1075.72, "fy": 1075.66, "cx": 636.877, "cy": 515.013}, "camera_to_world_matrix": [-0.157952, 0.678337, 0.717572, 0.426826, 0.987437, 0.111684, 0.111778, 12.3809, -0.00431838, 0.726213, -0.687456, 1.2273, 0.0, 0.0, 0.0, 1.0]}, "05869550e06a407a8dedf24f887c9b26_d1_0.png": {"intrinsics": {"fx": 1075.94, "fy": 1076.09, "cx": 629.693, "cy": 501.638}, "camera_to_world_matrix": [0.769338, 0.0255196, 0.638333, 0.439903, 0.638185, 0.014616, -0.769744, 12.3867, -0.0289736, 0.999568, -0.00504123, 1.26006, 0.0, 0.0, 0.0, 1.0]}, "05869550e06a407a8dedf24f887c9b26_d1_1.png": {"intrinsics": {"fx": 1075.94, "fy": 1076.09, "cx": 629.693, "cy": 501.638}, "camera_to_world_matrix": [0.937629, 0.0215293, -0.346971, 0.443352, -0.347404, 0.021328, -0.937473, 12.3873, -0.0127831, 0.999541, 0.0274774, 1.25995, 0.0, 0.0, 0.0, 1.0]}, "05869550e06a407a8dedf24f887c9b26_d1_2.png": {"intrinsics": {"fx": 1075.94, "fy": 1076.09, "cx": 629.693, "cy": 501.638}, "camera_to_world_matrix": [0.168484, 0.0253436, -0.985379, 0.445586, -0.985425, 0.0281367, -0.167768, 12.3846, 0.0234733, 0.999283, 0.0297151, 1.25994, 0.0, 0.0, 0.0, 1.0]}, "05869550e06a407a8dedf24f887c9b26_d1_3.png": {"intrinsics": {"fx": 1075.94, "fy": 1076.09, "cx": 629.693, "cy": 501.638}, "camera_to_world_matrix": [-0.768935, 0.0331481, -0.638467, 0.444372, -0.637843, 0.0282333, 0.769649, 12.3813, 0.0435383, 0.999052, -0.000565871, 1.26004, 0.0, 0.0, 0.0, 1.0]}, "05869550e06a407a8dedf24f887c9b26_d1_4.png": {"intrinsics": {"fx": 1075.94, "fy": 1076.09, "cx": 629.693, "cy": 501.638}, "camera_to_world_matrix": [-0.937188, 0.0371382, 0.346844, 0.440923, 0.347753, 0.0215212, 0.93734, 12.3807, 0.0273465, 0.999079, -0.0330839, 1.26016, 0.0, 0.0, 0.0, 1.0]}, "05869550e06a407a8dedf24f887c9b26_d1_5.png": {"intrinsics": {"fx": 1075.94, "fy": 1076.09, "cx": 629.693, "cy": 501.638}, "camera_to_world_matrix": [-0.168018, 0.0333237, 0.985221, 0.438689, 0.985744, 0.0147126, 0.167609, 12.3834, -0.00890998, 0.999337, -0.0353202, 1.26016, 0.0, 0.0, 0.0, 1.0]}, "05869550e06a407a8dedf24f887c9b26_d2_0.png": {"intrinsics": {"fx": 1074.61, "fy": 1074.93, "cx": 630.692, "cy": 523.124}, "camera_to_world_matrix": [0.767744, -0.411578, 0.491093, 0.433824, 0.640016, 0.529406, -0.556874, 12.3959, -0.0307903, 0.741844, 0.669865, 1.29331, 0.0, 0.0, 0.0, 1.0]}, "05869550e06a407a8dedf24f887c9b26_d2_1.png": {"intrinsics": {"fx": 1074.61, "fy": 1074.93, "cx": 630.692, "cy": 523.124}, "camera_to_world_matrix": [0.938423, 0.249494, -0.238986, 0.44816, -0.345175, 0.647682, -0.679236, 12.3984, -0.0146784, 0.719903, 0.693919, 1.29284, 0.0, 0.0, 0.0, 1.0]}, "05869550e06a407a8dedf24f887c9b26_d2_2.png": {"intrinsics": {"fx": 1074.61, "fy": 1074.93, "cx": 630.692, "cy": 523.124}, "camera_to_world_matrix": [0.170818, 0.682793, -0.710363, 0.457449, -0.985066, 0.13413, -0.107951, 12.3872, 0.0215728, 0.718194, 0.695508, 1.29281, 0.0, 0.0, 0.0, 1.0]}, "05869550e06a407a8dedf24f887c9b26_d2_3.png": {"intrinsics": {"fx": 1074.61, "fy": 1074.93, "cx": 630.692, "cy": 523.124}, "camera_to_world_matrix": [-0.767448, 0.45501, -0.451651, 0.452401, -0.639752, -0.497687, 0.585684, 12.3735, 0.0417114, 0.738427, 0.673042, 1.29325, 0.0, 0.0, 0.0, 1.0]}, "05869550e06a407a8dedf24f887c9b26_d2_4.png": {"intrinsics": {"fx": 1074.61, "fy": 1074.93, "cx": 630.692, "cy": 523.124}, "camera_to_world_matrix": [-0.938089, -0.206067, 0.278432, 0.438065, 0.345446, -0.615937, 0.708017, 12.3711, 0.0255982, 0.760367, 0.648989, 1.29372, 0.0, 0.0, 0.0, 1.0]}, "05869550e06a407a8dedf24f887c9b26_d2_5.png": {"intrinsics": {"fx": 1074.61, "fy": 1074.93, "cx": 630.692, "cy": 523.124}, "camera_to_world_matrix": [-0.170459, -0.639345, 0.749787, 0.428777, 0.985307, -0.102368, 0.136714, 12.3823, -0.0106532, 0.762075, 0.647401, 1.29375, 0.0, 0.0, 0.0, 1.0]}, "06f99bb8fc5a439f80df2c7ec9b74ee8_d0_0.png": {"intrinsics": {"fx": 1075.72, "fy": 1075.66, "cx": 636.877, "cy": 515.013}, "camera_to_world_matrix": [-0.511196, 0.557515, 0.654107, -0.583347, 0.859445, 0.336643, 0.384741, 12.3425, -0.00570157, 0.758847, -0.651244, 1.21634, 0.0, 0.0, 0.0, 1.0]}, "06f99bb8fc5a439f80df2c7ec9b74ee8_d0_1.png": {"intrinsics": {"fx": 1075.72, "fy": 1075.66, "cx": 636.877, "cy": 515.013}, "camera_to_world_matrix": [0.488388, 0.556908, 0.671812, -0.583681, 0.872452, -0.327019, -0.363161, 12.3571, 0.0174479, 0.763487, -0.645587, 1.21623, 0.0, 0.0, 0.0, 1.0]}, "06f99bb8fc5a439f80df2c7ec9b74ee8_d0_2.png": {"intrinsics": {"fx": 1075.72, "fy": 1075.66, "cx": 636.877, "cy": 515.013}, "camera_to_world_matrix": [0.99929, -0.0180066, 0.0331134, -0.571253, 0.0130729, -0.65841, -0.752546, 12.3646, 0.0353529, 0.752444, -0.657707, 1.21647, 0.0, 0.0, 0.0, 1.0]}, "06f99bb8fc5a439f80df2c7ec9b74ee8_d0_3.png": {"intrinsics": {"fx": 1075.72, "fy": 1075.66, "cx": 636.877, "cy": 515.013}, "camera_to_world_matrix": [0.510595, -0.592301, -0.623276, -0.558493, -0.859294, -0.326132, -0.39402, 12.3576, 0.0301082, 0.736761, -0.675482, 1.21682, 0.0, 0.0, 0.0, 1.0]}, "06f99bb8fc5a439f80df2c7ec9b74ee8_d0_4.png": {"intrinsics": {"fx": 1075.72, "fy": 1075.66, "cx": 636.877, "cy": 515.013}, "camera_to_world_matrix": [-0.48899, -0.591668, -0.640951, -0.55816, -0.872262, 0.337529, 0.353883, 12.3431, 0.00695837, 0.732122, -0.681138, 1.21693, 0.0, 0.0, 0.0, 1.0]}, "06f99bb8fc5a439f80df2c7ec9b74ee8_d0_5.png": {"intrinsics": {"fx": 1075.72, "fy": 1075.66, "cx": 636.877, "cy": 515.013}, "camera_to_world_matrix": [-0.999858, -0.0167408, -0.0022372, -0.570588, -0.0128626, 0.668898, 0.743243, 12.3355, -0.010946, 0.743166, -0.669018, 1.21669, 0.0, 0.0, 0.0, 1.0]}, "06f99bb8fc5a439f80df2c7ec9b74ee8_d1_0.png": {"intrinsics": {"fx": 1075.94, "fy": 1076.09, "cx": 629.693, "cy": 501.638}, "camera_to_world_matrix": [-0.519719, -0.0170607, 0.854167, -0.574682, 0.85427, 0.00224341, 0.519826, 12.3485, -0.010785, 0.999852, 0.0134089, 1.24976, 0.0, 0.0, 0.0, 1.0]}, "06f99bb8fc5a439f80df2c7ec9b74ee8_d1_1.png": {"intrinsics": {"fx": 1075.94, "fy": 1076.09, "cx": 629.693, "cy": 501.638}, "camera_to_world_matrix": [0.479734, -0.0242799, 0.877078, -0.574762, 0.877328, -0.000728991, -0.479891, 12.352, 0.012291, 0.999705, 0.0209521, 1.24974, 0.0, 0.0, 0.0, 1.0]}, "06f99bb8fc5a439f80df2c7ec9b74ee8_d1_2.png": {"intrinsics": {"fx": 1075.94, "fy": 1076.09, "cx": 629.693, "cy": 501.638}, "camera_to_world_matrix": [0.999273, -0.030462, 0.0229565, -0.571773, 0.0230899, 0.00403802, -0.999726, 12.3538, 0.0303608, 0.999528, 0.00473882, 1.24979, 0.0, 0.0, 0.0, 1.0]}, "06f99bb8fc5a439f80df2c7ec9b74ee8_d1_3.png": {"intrinsics": {"fx": 1075.94, "fy": 1076.09, "cx": 629.693, "cy": 501.638}, "camera_to_world_matrix": [0.519347, -0.0294247, -0.854057, -0.568703, -0.854188, 0.0117773, -0.519832, 12.3521, 0.0253543, 0.999498, -0.0190173, 1.24988, 0.0, 0.0, 0.0, 1.0]}, "06f99bb8fc5a439f80df2c7ec9b74ee8_d1_4.png": {"intrinsics": {"fx": 1075.94, "fy": 1076.09, "cx": 629.693, "cy": 501.638}, "camera_to_world_matrix": [-0.480107, -0.0222054, -0.876929, -0.568623, -0.877208, 0.0147494, 0.479886, 12.3486, 0.00227803, 0.999645, -0.0265597, 1.2499, 0.0, 0.0, 0.0, 1.0]}, "06f99bb8fc5a439f80df2c7ec9b74ee8_d1_5.png": {"intrinsics": {"fx": 1075.94, "fy": 1076.09, "cx": 629.693, "cy": 501.638}, "camera_to_world_matrix": [-0.999612, -0.0160235, -0.0227869, -0.571613, -0.0229486, 0.00998218, 0.999687, 12.3468, -0.0157912, 0.999822, -0.0103457, 1.24985, 0.0, 0.0, 0.0, 1.0]}, "06f99bb8fc5a439f80df2c7ec9b74ee8_d2_0.png": {"intrinsics": {"fx": 1074.61, "fy": 1074.93, "cx": 630.692, "cy": 523.124}, "camera_to_world_matrix": [-0.52175, -0.588144, 0.617952, -0.584893, 0.853005, -0.348927, 0.388114, 12.343, -0.0126469, 0.729614, 0.683742, 1.28282, 0.0, 0.0, 0.0, 1.0]}, "06f99bb8fc5a439f80df2c7ec9b74ee8_d2_1.png": {"intrinsics": {"fx": 1074.61, "fy": 1074.93, "cx": 630.692, "cy": 523.124}, "camera_to_world_matrix": [0.477656, -0.609195, 0.633029, -0.585226, 0.878485, 0.322651, -0.352364, 12.3575, 0.0104109, 0.724415, 0.689285, 1.28272, 0.0, 0.0, 0.0, 1.0]}, "06f99bb8fc5a439f80df2c7ec9b74ee8_d2_2.png": {"intrinsics": {"fx": 1074.61, "fy": 1074.93, "cx": 630.692, "cy": 523.124}, "camera_to_world_matrix": [0.999268, -0.0382529, -0.000554461, -0.572799, 0.0254989, 0.676763, -0.73576, 12.3651, 0.0285202, 0.735207, 0.677242, 1.28295, 0.0, 0.0, 0.0, 1.0]}, "06f99bb8fc5a439f80df2c7ec9b74ee8_d2_3.png": {"intrinsics": {"fx": 1074.61, "fy": 1074.93, "cx": 630.692, "cy": 523.124}, "camera_to_world_matrix": [0.521462, 0.553728, -0.649201, -0.560038, -0.852949, 0.359289, -0.378669, 12.3581, 0.0235712, 0.751197, 0.659657, 1.2833, 0.0, 0.0, 0.0, 1.0]}, "06f99bb8fc5a439f80df2c7ec9b74ee8_d2_4.png": {"intrinsics": {"fx": 1074.61, "fy": 1074.93, "cx": 630.692, "cy": 523.124}, "camera_to_world_matrix": [-0.477944, 0.574753, -0.66425, -0.559705, -0.87839, -0.31229, 0.36181, 12.3436, 0.000513024, 0.756395, 0.654114, 1.28341, 0.0, 0.0, 0.0, 1.0]}, "06f99bb8fc5a439f80df2c7ec9b74ee8_d2_5.png": {"intrinsics": {"fx": 1074.61, "fy": 1074.93, "cx": 630.692, "cy": 523.124}, "camera_to_world_matrix": [-0.999523, 0.00379713, -0.030651, -0.572133, -0.0253831, -0.666379, 0.745181, 12.336, -0.0175956, 0.745603, 0.666157, 1.28317, 0.0, 0.0, 0.0, 1.0]}, "0f66c6d380084442bc92186bcd20a39f_d0_0.png": {"intrinsics": {"fx": 1075.72, "fy": 1075.66, "cx": 636.877, "cy": 515.013}, "camera_to_world_matrix": [0.93644, 0.206879, 0.283339, -2.51944, 0.349365, -0.623558, -0.699371, 20.7871, 0.0319932, 0.753908, -0.6562, 1.19434, 0.0, 0.0, 0.0, 1.0]}, "0f66c6d380084442bc92186bcd20a39f_d0_1.png": {"intrinsics": {"fx": 1075.72, "fy": 1075.66, "cx": 636.877, "cy": 515.013}, "camera_to_world_matrix": [0.770512, -0.445861, -0.455543, -2.50507, -0.636707, -0.504434, -0.583224, 20.7848, 0.0302456, 0.739429, -0.672555, 1.19465, 0.0, 0.0, 0.0, 1.0]}, "0f66c6d380084442bc92186bcd20a39f_d0_2.png": {"intrinsics": {"fx": 1075.72, "fy": 1075.66, "cx": 636.877, "cy": 515.013}, "camera_to_world_matrix": [-0.166212, -0.669059, -0.724385, -2.49985, -0.986035, 0.120557, 0.114898, 20.7712, 0.0104563, 0.733366, -0.679753, 1.19479, 0.0, 0.0, 0.0, 1.0]}, "0f66c6d380084442bc92186bcd20a39f_d0_3.png": {"intrinsics": {"fx": 1075.72, "fy": 1075.66, "cx": 636.877, "cy": 515.013}, "camera_to_world_matrix": [-0.936987, -0.239513, -0.254341, -2.509, -0.349282, 0.626411, 0.696858, 20.7599, -0.00758496, 0.741783, -0.670596, 1.19462, 0.0, 0.0, 0.0, 1.0]}, "0f66c6d380084442bc92186bcd20a39f_d0_4.png": {"intrinsics": {"fx": 1075.72, "fy": 1075.66, "cx": 636.877, "cy": 515.013}, "camera_to_world_matrix": [-0.771021, 0.413221, 0.484536, -2.52337, 0.636784, 0.507262, 0.580682, 20.7622, -0.00583654, 0.756263, -0.654242, 1.1943, 0.0, 0.0, 0.0, 1.0]}, "0f66c6d380084442bc92186bcd20a39f_d0_5.png": {"intrinsics": {"fx": 1075.72, "fy": 1075.66, "cx": 636.877, "cy": 515.013}, "camera_to_world_matrix": [0.165717, 0.636395, 0.753352, -2.52859, 0.986075, -0.117738, -0.117451, 20.7758, 0.0139531, 0.762325, -0.647044, 1.19416, 0.0, 0.0, 0.0, 1.0]}, "0f66c6d380084442bc92186bcd20a39f_d1_0.png": {"intrinsics": {"fx": 1075.94, "fy": 1076.09, "cx": 629.693, "cy": 501.638}, "camera_to_world_matrix": [0.933035, -0.027624, 0.358725, -2.5162, 0.358774, -0.00333134, -0.933419, 20.7768, 0.0269796, 0.999613, 0.00680288, 1.22768, 0.0, 0.0, 0.0, 1.0]}, "0f66c6d380084442bc92186bcd20a39f_d1_1.png": {"intrinsics": {"fx": 1075.94, "fy": 1076.09, "cx": 629.693, "cy": 501.638}, "camera_to_world_matrix": [0.777018, -0.0292571, -0.628798, -2.51274, -0.628964, 0.00430435, -0.777423, 20.7763, 0.0254516, 0.999563, -0.0150567, 1.22776, 0.0, 0.0, 0.0, 1.0]}, "0f66c6d380084442bc92186bcd20a39f_d1_2.png": {"intrinsics": {"fx": 1075.94, "fy": 1076.09, "cx": 629.693, "cy": 501.638}, "camera_to_world_matrix": [-0.156193, -0.0234625, -0.987448, -2.51149, -0.98771, 0.00953712, 0.156008, 20.773, 0.00575694, 0.99968, -0.0246634, 1.22779, 0.0, 0.0, 0.0, 1.0]}, "0f66c6d380084442bc92186bcd20a39f_d1_3.png": {"intrinsics": {"fx": 1075.94, "fy": 1076.09, "cx": 629.693, "cy": 501.638}, "camera_to_world_matrix": [-0.933367, -0.0160347, -0.358566, -2.51369, -0.35871, 0.00713407, 0.933422, 20.7703, -0.0124093, 0.999846, -0.0124102, 1.22775, 0.0, 0.0, 0.0, 1.0]}, "0f66c6d380084442bc92186bcd20a39f_d1_4.png": {"intrinsics": {"fx": 1075.94, "fy": 1076.09, "cx": 629.693, "cy": 501.638}, "camera_to_world_matrix": [-0.777312, -0.0144019, 0.628951, -2.51715, 0.629022, -0.000501684, 0.777388, 20.7708, -0.0108804, 0.999897, 0.00944941, 1.22767, 0.0, 0.0, 0.0, 1.0]}, "0f66c6d380084442bc92186bcd20a39f_d1_5.png": {"intrinsics": {"fx": 1075.94, "fy": 1076.09, "cx": 629.693, "cy": 501.638}, "camera_to_world_matrix": [0.155914, -0.0201967, 0.987565, -2.5184, 0.987732, -0.00573422, -0.156057, 20.7741, 0.00881462, 0.99978, 0.0190553, 1.22764, 0.0, 0.0, 0.0, 1.0]}, "0f66c6d380084442bc92186bcd20a39f_d2_0.png": {"intrinsics": {"fx": 1074.61, "fy": 1074.93, "cx": 630.692, "cy": 523.124}, "camera_to_world_matrix": [0.932213, -0.262436, 0.249209, -2.52089, 0.361035, 0.626536, -0.690729, 20.7872, 0.0251339, 0.73388, 0.678814, 1.26082, 0.0, 0.0, 0.0, 1.0]}, "0f66c6d380084442bc92186bcd20a39f_d2_1.png": {"intrinsics": {"fx": 1074.61, "fy": 1074.93, "cx": 630.692, "cy": 523.124}, "camera_to_world_matrix": [0.778588, 0.401962, -0.4819, -2.50652, -0.62709, 0.527314, -0.573322, 20.7849, 0.0236588, 0.748576, 0.662627, 1.26114, 0.0, 0.0, 0.0, 1.0]}, "0f66c6d380084442bc92186bcd20a39f_d2_2.png": {"intrinsics": {"fx": 1074.61, "fy": 1074.93, "cx": 630.692, "cy": 523.124}, "camera_to_world_matrix": [-0.153763, 0.648221, -0.745765, -2.5013, -0.9881, -0.0978255, 0.118697, 20.7714, 0.00398729, 0.755142, 0.655549, 1.26128, 0.0, 0.0, 0.0, 1.0]}, "0f66c6d380084442bc92186bcd20a39f_d2_3.png": {"intrinsics": {"fx": 1074.61, "fy": 1074.93, "cx": 630.692, "cy": 523.124}, "camera_to_world_matrix": [-0.932466, 0.230076, -0.278517, -2.51045, -0.360978, -0.623729, 0.693294, 20.76, -0.0142087, 0.747012, 0.664659, 1.2611, 0.0, 0.0, 0.0, 1.0]}, "0f66c6d380084442bc92186bcd20a39f_d2_4.png": {"intrinsics": {"fx": 1074.61, "fy": 1074.93, "cx": 630.692, "cy": 523.124}, "camera_to_world_matrix": [-0.778802, -0.434319, 0.452587, -2.52482, 0.627141, -0.524482, 0.575859, 20.7623, -0.0127329, 0.732316, 0.680846, 1.26078, 0.0, 0.0, 0.0, 1.0]}, "0f66c6d380084442bc92186bcd20a39f_d2_5.png": {"intrinsics": {"fx": 1074.61, "fy": 1074.93, "cx": 630.692, "cy": 523.124}, "camera_to_world_matrix": [0.153563, -0.680553, 0.716426, -2.53004, 0.988114, 0.100668, -0.116171, 20.7759, 0.00693911, 0.72575, 0.687923, 1.26064, 0.0, 0.0, 0.0, 1.0]}, "12eaf8b2b7b64622b330bd58d275f02a_d0_0.png": {"intrinsics": {"fx": 1075.72, "fy": 1075.66, "cx": 636.877, "cy": 515.013}, "camera_to_world_matrix": [-0.611479, 0.548867, 0.569945, 8.52279, 0.789774, 0.379227, 0.482125, 17.3238, 0.0484842, 0.744937, -0.66537, 1.219, 0.0, 0.0, 0.0, 1.0]}, "12eaf8b2b7b64622b330bd58d275f02a_d0_1.png": {"intrinsics": {"fx": 1075.72, "fy": 1075.66, "cx": 636.877, "cy": 515.013}, "camera_to_world_matrix": [0.379051, 0.629113, 0.678629, 8.52068, 0.92497, -0.279292, -0.257732, 17.3382, 0.0273929, 0.725405, -0.687777, 1.21944, 0.0, 0.0, 0.0, 1.0]}, "12eaf8b2b7b64622b330bd58d275f02a_d0_2.png": {"intrinsics": {"fx": 1075.72, "fy": 1075.66, "cx": 636.877, "cy": 515.013}, "camera_to_world_matrix": [0.990826, 0.0988656, 0.0921382, 8.5321, 0.134851, -0.678415, -0.722197, 17.3472, -0.00889248, 0.727996, -0.685523, 1.21939, 0.0, 0.0, 0.0, 1.0]}, "12eaf8b2b7b64622b330bd58d275f02a_d0_3.png": {"intrinsics": {"fx": 1075.72, "fy": 1075.66, "cx": 636.877, "cy": 515.013}, "camera_to_world_matrix": [0.612057, -0.511616, -0.603022, 8.54561, -0.790447, -0.41901, -0.446793, 17.3419, -0.0240858, 0.75012, -0.660863, 1.21891, 0.0, 0.0, 0.0, 1.0]}, "12eaf8b2b7b64622b330bd58d275f02a_d0_4.png": {"intrinsics": {"fx": 1075.72, "fy": 1075.66, "cx": 636.877, "cy": 515.013}, "camera_to_world_matrix": [-0.378479, -0.591836, -0.711676, 8.54772, -0.925605, 0.239512, 0.293069, 17.3275, -0.00299345, 0.769652, -0.638457, 1.21848, 0.0, 0.0, 0.0, 1.0]}, "12eaf8b2b7b64622b330bd58d275f02a_d0_5.png": {"intrinsics": {"fx": 1075.72, "fy": 1075.66, "cx": 636.877, "cy": 515.013}, "camera_to_world_matrix": [-0.990223, -0.061573, -0.125168, 8.5363, -0.135462, 0.638614, 0.75751, 17.3184, 0.0332918, 0.76706, -0.640711, 1.21852, 0.0, 0.0, 0.0, 1.0]}, "12eaf8b2b7b64622b330bd58d275f02a_d1_0.png": {"intrinsics": {"fx": 1075.94, "fy": 1076.09, "cx": 629.693, "cy": 501.638}, "camera_to_world_matrix": [-0.619548, 0.031626, 0.784321, 8.53228, 0.783747, -0.0305782, 0.620327, 17.3298, 0.0436014, 0.999032, -0.00584172, 1.2522, 0.0, 0.0, 0.0, 1.0]}, "12eaf8b2b7b64622b330bd58d275f02a_d1_1.png": {"intrinsics": {"fx": 1075.94, "fy": 1076.09, "cx": 629.693, "cy": 501.638}, "camera_to_world_matrix": [0.369627, 0.0248228, 0.928849, 8.53178, 0.9289, -0.0344105, -0.368728, 17.3332, 0.0228091, 0.9991, -0.0357766, 1.2523, 0.0, 0.0, 0.0, 1.0]}, "12eaf8b2b7b64622b330bd58d275f02a_d1_2.png": {"intrinsics": {"fx": 1075.94, "fy": 1076.09, "cx": 629.693, "cy": 501.638}, "camera_to_world_matrix": [0.989349, 0.0181062, 0.144436, 8.53452, 0.144938, -0.0304372, -0.988973, 17.3354, -0.0135105, 0.999373, -0.032737, 1.25229, 0.0, 0.0, 0.0, 1.0]}, "12eaf8b2b7b64622b330bd58d275f02a_d1_3.png": {"intrinsics": {"fx": 1075.94, "fy": 1076.09, "cx": 629.693, "cy": 501.638}, "camera_to_world_matrix": [0.61988, 0.0181929, -0.784485, 8.53777, -0.784159, -0.0226319, -0.620147, 17.3341, -0.0290368, 0.999579, 0.000237464, 1.25218, 0.0, 0.0, 0.0, 1.0]}, "12eaf8b2b7b64622b330bd58d275f02a_d1_4.png": {"intrinsics": {"fx": 1075.94, "fy": 1076.09, "cx": 629.693, "cy": 501.638}, "camera_to_world_matrix": [-0.369301, 0.0249962, -0.928974, 8.53828, -0.929274, -0.0187999, 0.368914, 17.3307, -0.00824328, 0.999511, 0.0301715, 1.25207, 0.0, 0.0, 0.0, 1.0]}, "12eaf8b2b7b64622b330bd58d275f02a_d1_5.png": {"intrinsics": {"fx": 1075.94, "fy": 1076.09, "cx": 629.693, "cy": 501.638}, "camera_to_world_matrix": [-0.988991, 0.0317127, -0.144537, 8.53553, -0.145287, -0.0227734, 0.989128, 17.3285, 0.0280761, 0.999238, 0.0271305, 1.25208, 0.0, 0.0, 0.0, 1.0]}, "12eaf8b2b7b64622b330bd58d275f02a_d2_0.png": {"intrinsics": {"fx": 1074.61, "fy": 1074.93, "cx": 630.692, "cy": 523.124}, "camera_to_world_matrix": [-0.621499, -0.505074, 0.598865, 8.52444, 0.7823, -0.440889, 0.440026, 17.322, 0.0417873, 0.741968, 0.669132, 1.28546, 0.0, 0.0, 0.0, 1.0]}, "12eaf8b2b7b64622b330bd58d275f02a_d2_1.png": {"intrinsics": {"fx": 1074.61, "fy": 1074.93, "cx": 630.692, "cy": 523.124}, "camera_to_world_matrix": [0.367335, -0.607781, 0.704036, 8.52234, 0.92985, 0.222834, -0.292787, 17.3364, 0.0210673, 0.762199, 0.647, 1.28589, 0.0, 0.0, 0.0, 1.0]}, "12eaf8b2b7b64622b330bd58d275f02a_d2_2.png": {"intrinsics": {"fx": 1074.61, "fy": 1074.93, "cx": 630.692, "cy": 523.124}, "camera_to_world_matrix": [0.988961, -0.0842438, 0.121893, 8.53375, 0.147384, 0.644013, -0.750683, 17.3454, -0.0152599, 0.760362, 0.64932, 1.28585, 0.0, 0.0, 0.0, 1.0]}, "12eaf8b2b7b64622b330bd58d275f02a_d2_3.png": {"intrinsics": {"fx": 1074.61, "fy": 1074.93, "cx": 630.692, "cy": 523.124}, "camera_to_world_matrix": [0.62174, 0.541989, -0.565409, 8.54727, -0.782615, 0.401459, -0.475757, 17.3401, -0.0308663, 0.738294, 0.673772, 1.28537, 0.0, 0.0, 0.0, 1.0]}, "12eaf8b2b7b64622b330bd58d275f02a_d2_4.png": {"intrinsics": {"fx": 1074.61, "fy": 1074.93, "cx": 630.692, "cy": 523.124}, "camera_to_world_matrix": [-0.367099, 0.64467, -0.670551, 8.54937, -0.930126, -0.262268, 0.257061, 17.3257, -0.0101451, 0.718064, 0.695903, 1.28493, 0.0, 0.0, 0.0, 1.0]}, "12eaf8b2b7b64622b330bd58d275f02a_d2_5.png": {"intrinsics": {"fx": 1074.61, "fy": 1074.93, "cx": 630.692, "cy": 523.124}, "camera_to_world_matrix": [-0.988695, 0.121116, -0.0883898, 8.53796, -0.147636, -0.683427, 0.714934, 17.3167, 0.026182, 0.719902, 0.693582, 1.28498, 0.0, 0.0, 0.0, 1.0]}, "177f67f4e2264d24996672f84cd38405_d0_0.png": {"intrinsics": {"fx": 1075.72, "fy": 1075.66, "cx": 636.877, "cy": 515.013}, "camera_to_world_matrix": [0.797211, -0.416792, -0.436738, 6.59939, -0.603444, -0.529033, -0.59664, 5.06055, 0.0176261, 0.739195, -0.673261, 1.26728, 0.0, 0.0, 0.0, 1.0]}, "177f67f4e2264d24996672f84cd38405_d0_1.png": {"intrinsics": {"fx": 1075.72, "fy": 1075.66, "cx": 636.877, "cy": 515.013}, "camera_to_world_matrix": [-0.123917, -0.666478, -0.735154, 6.60518, -0.992286, 0.0858839, 0.0893986, 5.0472, 0.00355565, 0.740561, -0.67198, 1.26726, 0.0, 0.0, 0.0, 1.0]}, "177f67f4e2264d24996672f84cd38405_d0_2.png": {"intrinsics": {"fx": 1075.72, "fy": 1075.66, "cx": 636.877, "cy": 515.013}, "camera_to_world_matrix": [-0.921275, -0.258827, -0.290279, 6.59652, -0.388908, 0.609536, 0.690809, 5.03551, -0.00186431, 0.749316, -0.66221, 1.26707, 0.0, 0.0, 0.0, 1.0]}, "177f67f4e2264d24996672f84cd38405_d0_3.png": {"intrinsics": {"fx": 1075.72, "fy": 1075.66, "cx": 636.877, "cy": 515.013}, "camera_to_world_matrix": [-0.797486, 0.398503, 0.453002, 6.58207, 0.603299, 0.518259, 0.606166, 5.03717, 0.00678639, 0.756705, -0.653721, 1.2669, 0.0, 0.0, 0.0, 1.0]}, "177f67f4e2264d24996672f84cd38405_d0_4.png": {"intrinsics": {"fx": 1075.72, "fy": 1075.66, "cx": 636.877, "cy": 515.013}, "camera_to_world_matrix": [0.123657, 0.648166, 0.751392, 6.57627, 0.992106, -0.0966675, -0.0798844, 5.05052, 0.0208568, 0.755338, -0.655003, 1.26693, 0.0, 0.0, 0.0, 1.0]}, "177f67f4e2264d24996672f84cd38405_d0_5.png": {"intrinsics": {"fx": 1075.72, "fy": 1075.66, "cx": 636.877, "cy": 515.013}, "camera_to_world_matrix": [0.920991, 0.240493, 0.306493, 6.58493, 0.388696, -0.620304, -0.681277, 5.06221, 0.0262762, 0.746583, -0.664773, 1.26712, 0.0, 0.0, 0.0, 1.0]}, "177f67f4e2264d24996672f84cd38405_d1_0.png": {"intrinsics": {"fx": 1075.94, "fy": 1076.09, "cx": 629.693, "cy": 501.638}, "camera_to_world_matrix": [0.803334, -0.0197624, -0.595201, 6.5924, -0.595391, -0.00510594, -0.80342, 5.05143, 0.0128383, 0.999792, -0.0158678, 1.30039, 0.0, 0.0, 0.0, 1.0]}, "177f67f4e2264d24996672f84cd38405_d1_1.png": {"intrinsics": {"fx": 1075.94, "fy": 1076.09, "cx": 629.693, "cy": 501.638}, "camera_to_world_matrix": [-0.113882, -0.0141952, -0.993393, 6.5938, -0.993494, 0.000368412, 0.113888, 5.04822, -0.00125083, 0.999899, -0.0141445, 1.30038, 0.0, 0.0, 0.0, 1.0]}, "177f67f4e2264d24996672f84cd38405_d1_2.png": {"intrinsics": {"fx": 1075.94, "fy": 1076.09, "cx": 629.693, "cy": 501.638}, "camera_to_world_matrix": [-0.917303, -0.00667056, -0.398135, 6.59171, -0.398133, -0.00171649, 0.917326, 5.04541, -0.00680261, 0.999977, -0.00108086, 1.30034, 0.0, 0.0, 0.0, 1.0]}, "177f67f4e2264d24996672f84cd38405_d1_3.png": {"intrinsics": {"fx": 1075.94, "fy": 1076.09, "cx": 629.693, "cy": 501.638}, "camera_to_world_matrix": [-0.803489, -0.00471323, 0.595301, 6.58824, 0.595317, -0.00927569, 0.803437, 5.04581, 0.00173491, 0.999946, 0.0102592, 1.3003, 0.0, 0.0, 0.0, 1.0]}, "177f67f4e2264d24996672f84cd38405_d1_4.png": {"intrinsics": {"fx": 1075.94, "fy": 1076.09, "cx": 629.693, "cy": 501.638}, "camera_to_world_matrix": [0.113743, -0.0102806, 0.993457, 6.58684, 0.993385, -0.0147498, -0.113887, 5.04902, 0.015824, 0.999839, 0.0085353, 1.3003, 0.0, 0.0, 0.0, 1.0]}, "177f67f4e2264d24996672f84cd38405_d1_5.png": {"intrinsics": {"fx": 1075.94, "fy": 1076.09, "cx": 629.693, "cy": 501.638}, "camera_to_world_matrix": [0.91714, -0.0178052, 0.398168, 6.58893, 0.397992, -0.0126646, -0.917302, 5.05183, 0.0213753, 0.999762, -0.00452852, 1.30035, 0.0, 0.0, 0.0, 1.0]}, "177f67f4e2264d24996672f84cd38405_d2_0.png": {"intrinsics": {"fx": 1074.61, "fy": 1074.93, "cx": 630.692, "cy": 523.124}, "camera_to_world_matrix": [0.804805, 0.386326, -0.450601, 6.59857, -0.593436, 0.537875, -0.598768, 5.06007, 0.0110472, 0.749295, 0.662144, 1.33378, 0.0, 0.0, 0.0, 1.0]}, "177f67f4e2264d24996672f84cd38405_d2_1.png": {"intrinsics": {"fx": 1074.61, "fy": 1074.93, "cx": 630.692, "cy": 523.124}, "camera_to_world_matrix": [-0.111455, 0.659063, -0.743784, 6.60437, -0.993765, -0.0762101, 0.0813845, 5.04673, -0.00304629, 0.748217, 0.663447, 1.33375, 0.0, 0.0, 0.0, 1.0]}, "177f67f4e2264d24996672f84cd38405_d2_2.png": {"intrinsics": {"fx": 1074.61, "fy": 1074.93, "cx": 630.692, "cy": 523.124}, "camera_to_world_matrix": [-0.916324, 0.263658, -0.301389, 6.59571, -0.400345, -0.619409, 0.675319, 5.03504, -0.00862975, 0.739471, 0.673133, 1.33356, 0.0, 0.0, 0.0, 1.0]}, "177f67f4e2264d24996672f84cd38405_d2_3.png": {"intrinsics": {"fx": 1074.61, "fy": 1074.93, "cx": 630.692, "cy": 523.124}, "camera_to_world_matrix": [-0.804915, -0.404475, 0.434179, 6.58125, 0.593389, -0.548511, 0.589088, 5.03669, -0.000119611, 0.731803, 0.681516, 1.3334, 0.0, 0.0, 0.0, 1.0]}, "177f67f4e2264d24996672f84cd38405_d2_4.png": {"intrinsics": {"fx": 1074.61, "fy": 1074.93, "cx": 630.692, "cy": 523.124}, "camera_to_world_matrix": [0.11136, -0.677188, 0.727335, 6.57546, 0.993682, 0.0655847, -0.0910763, 5.05004, 0.0139738, 0.732882, 0.680212, 1.33342, 0.0, 0.0, 0.0, 1.0]}, "177f67f4e2264d24996672f84cd38405_d2_5.png": {"intrinsics": {"fx": 1074.61, "fy": 1074.93, "cx": 630.692, "cy": 523.124}, "camera_to_world_matrix": [0.916206, -0.281761, 0.284917, 6.58412, 0.400231, 0.608768, -0.684994, 5.06173, 0.0195567, 0.741628, 0.670526, 1.33361, 0.0, 0.0, 0.0, 1.0]}, "23bfa2960b1f43e7b2213cae51f869f4_d0_0.png": {"intrinsics": {"fx": 1075.72, "fy": 1075.66, "cx": 636.877, "cy": 515.013}, "camera_to_world_matrix": [0.505968, -0.5793, -0.639068, 5.11824, -0.862539, -0.335785, -0.378516, 17.7299, 0.00468504, 0.742738, -0.669565, 0.96855, 0.0, 0.0, 0.0, 1.0]}, "23bfa2960b1f43e7b2213cae51f869f4_d0_1.png": {"intrinsics": {"fx": 1075.72, "fy": 1075.66, "cx": 636.877, "cy": 515.013}, "camera_to_world_matrix": [-0.493939, -0.574806, -0.652397, 5.11849, -0.869495, 0.327841, 0.369457, 17.7154, 0.00151626, 0.749745, -0.661724, 0.968397, 0.0, 0.0, 0.0, 1.0]}, "23bfa2960b1f43e7b2213cae51f869f4_d0_2.png": {"intrinsics": {"fx": 1075.72, "fy": 1075.66, "cx": 636.877, "cy": 515.013}, "camera_to_world_matrix": [-0.999934, 0.00219094, -0.0112604, 5.10602, -0.00706501, 0.655736, 0.754957, 17.7079, 0.00903789, 0.754987, -0.655677, 0.96828, 0.0, 0.0, 0.0, 1.0]}, "23bfa2960b1f43e7b2213cae51f869f4_d0_3.png": {"intrinsics": {"fx": 1075.72, "fy": 1075.66, "cx": 636.877, "cy": 515.013}, "camera_to_world_matrix": [-0.50601, 0.574681, 0.643191, 5.09329, 0.862302, 0.319998, 0.392475, 17.7149, 0.0197282, 0.753221, -0.657471, 0.968315, 0.0, 0.0, 0.0, 1.0]}, "23bfa2960b1f43e7b2213cae51f869f4_d0_4.png": {"intrinsics": {"fx": 1075.72, "fy": 1075.66, "cx": 636.877, "cy": 515.013}, "camera_to_world_matrix": [0.493898, 0.570162, 0.656491, 5.09305, 0.869219, -0.343627, -0.355499, 17.7295, 0.0228966, 0.746214, -0.665312, 0.968467, 0.0, 0.0, 0.0, 1.0]}, "23bfa2960b1f43e7b2213cae51f869f4_d0_5.png": {"intrinsics": {"fx": 1075.72, "fy": 1075.66, "cx": 636.877, "cy": 515.013}, "camera_to_world_matrix": [0.999859, -0.00684814, 0.0153393, 5.10552, 0.00676854, -0.6715, -0.740974, 17.737, 0.0153746, 0.740973, -0.671359, 0.968585, 0.0, 0.0, 0.0, 1.0]}, "23bfa2960b1f43e7b2213cae51f869f4_d1_0.png": {"intrinsics": {"fx": 1075.94, "fy": 1076.09, "cx": 629.693, "cy": 501.638}, "camera_to_world_matrix": [0.514653, -0.0092512, -0.857349, 5.10867, -0.857399, -0.00573283, -0.514621, 17.7239, -0.000154316, 0.999941, -0.010882, 1.00171, 0.0, 0.0, 0.0, 1.0]}, "23bfa2960b1f43e7b2213cae51f869f4_d1_1.png": {"intrinsics": {"fx": 1075.94, "fy": 1076.09, "cx": 629.693, "cy": 501.638}, "camera_to_world_matrix": [-0.485182, -0.0020128, -0.874411, 5.10873, -0.874407, -0.00280428, 0.485186, 17.7204, -0.00342881, 0.999994, -0.000399055, 1.00167, 0.0, 0.0, 0.0, 1.0]}, "23bfa2960b1f43e7b2213cae51f869f4_d1_2.png": {"intrinsics": {"fx": 1075.94, "fy": 1076.09, "cx": 629.693, "cy": 501.638}, "camera_to_world_matrix": [-0.999847, 0.00414287, -0.0170338, 5.10572, -0.017065, -0.00760848, 0.999826, 17.7186, 0.0040124, 0.999963, 0.00767837, 1.00164, 0.0, 0.0, 0.0, 1.0]}, "23bfa2960b1f43e7b2213cae51f869f4_d1_3.png": {"intrinsics": {"fx": 1075.94, "fy": 1076.09, "cx": 629.693, "cy": 501.638}, "camera_to_world_matrix": [-0.514665, 0.00306001, 0.857386, 5.10266, 0.857265, -0.0