{"077a5ba3bfd04fd4a361ac8fb0d70e6f_d0_0.png": {"intrinsics": {"fx": 1070.84, "fy": 1071.54, "cx": 623.336, "cy": 519.483}, "camera_to_world_matrix": [0.728713, 0.45012, 0.516112, -0.684429, 0.684817, -0.481359, -0.547102, 5.43358, 0.00217334, 0.752122, -0.659021, -1.36363, 0.0, 0.0, 0.0, 1.0]}, "077a5ba3bfd04fd4a361ac8fb0d70e6f_d0_1.png": {"intrinsics": {"fx": 1070.84, "fy": 1071.54, "cx": 623.336, "cy": 519.483}, "camera_to_world_matrix": [0.957423, -0.193109, -0.214596, -0.670281, -0.288623, -0.624243, -0.725961, 5.43698, 0.00622962, 0.756989, -0.653399, -1.36374, 0.0, 0.0, 0.0, 1.0]}, "077a5ba3bfd04fd4a361ac8fb0d70e6f_d0_2.png": {"intrinsics": {"fx": 1070.84, "fy": 1071.54, "cx": 623.336, "cy": 519.483}, "camera_to_world_matrix": [0.228756, -0.638477, -0.73486, -0.660267, -0.973374, -0.13862, -0.182565, 5.42642, 0.0146972, 0.757056, -0.653185, -1.36374, 0.0, 0.0, 0.0, 1.0]}, "077a5ba3bfd04fd4a361ac8fb0d70e6f_d0_3.png": {"intrinsics": {"fx": 1070.84, "fy": 1071.54, "cx": 623.336, "cy": 519.483}, "camera_to_world_matrix": [-0.728605, -0.440606, -0.524406, -0.664402, -0.684668, 0.489876, 0.539678, 5.41247, 0.0191083, 0.752256, -0.658594, -1.36364, 0.0, 0.0, 0.0, 1.0]}, "077a5ba3bfd04fd4a361ac8fb0d70e6f_d0_4.png": {"intrinsics": {"fx": 1070.84, "fy": 1071.54, "cx": 623.336, "cy": 519.483}, "camera_to_world_matrix": [-0.957278, 0.202628, 0.206308, -0.678551, 0.288781, 0.632734, 0.718509, 5.40908, 0.0150516, 0.747389, -0.664216, -1.36353, 0.0, 0.0, 0.0, 1.0]}, "077a5ba3bfd04fd4a361ac8fb0d70e6f_d0_5.png": {"intrinsics": {"fx": 1070.84, "fy": 1071.54, "cx": 623.336, "cy": 519.483}, "camera_to_world_matrix": [-0.228583, 0.647977, 0.726551, -0.688564, 0.973503, 0.147094, 0.175092, 5.41963, 0.00658413, 0.747322, -0.664429, -1.36352, 0.0, 0.0, 0.0, 1.0]}, "077a5ba3bfd04fd4a361ac8fb0d70e6f_d1_0.png": {"intrinsics": {"fx": 1079.68, "fy": 1080.43, "cx": 625.996, "cy": 525.612}, "camera_to_world_matrix": [0.725481, 0.00159608, 0.68824, -0.676615, 0.688232, 0.0036212, -0.725482, 5.42575, -0.00364993, 0.999992, 0.00152771, -1.33038, 0.0, 0.0, 0.0, 1.0]}, "077a5ba3bfd04fd4a361ac8fb0d70e6f_d1_1.png": {"intrinsics": {"fx": 1079.68, "fy": 1080.43, "cx": 625.996, "cy": 525.612}, "camera_to_world_matrix": [0.958774, 0.00219686, -0.284158, -0.673211, -0.284165, 0.00871875, -0.958735, 5.42657, 0.000371536, 0.999959, 0.00898266, -1.33041, 0.0, 0.0, 0.0, 1.0]}, "077a5ba3bfd04fd4a361ac8fb0d70e6f_d1_2.png": {"intrinsics": {"fx": 1079.68, "fy": 1080.43, "cx": 625.996, "cy": 525.612}, "camera_to_world_matrix": [0.233302, 0.0069119, -0.972379, -0.670802, -0.972363, 0.010747, -0.233222, 5.42403, 0.00883841, 0.999918, 0.00922725, -1.33041, 0.0, 0.0, 0.0, 1.0]}, "077a5ba3bfd04fd4a361ac8fb0d70e6f_d1_3.png": {"intrinsics": {"fx": 1079.68, "fy": 1080.43, "cx": 625.996, "cy": 525.612}, "camera_to_world_matrix": [-0.725447, 0.011026, -0.688189, -0.671797, -0.688149, 0.00767767, 0.725528, 5.42068, 0.0132836, 0.999909, 0.00201688, -1.33038, 0.0, 0.0, 0.0, 1.0]}, "077a5ba3bfd04fd4a361ac8fb0d70e6f_d1_4.png": {"intrinsics": {"fx": 1079.68, "fy": 1080.43, "cx": 625.996, "cy": 525.612}, "camera_to_world_matrix": [-0.958703, 0.010425, 0.284217, -0.675201, 0.284257, 0.00258014, 0.958744, 5.41986, 0.00926188, 0.999942, -0.00543792, -1.33036, 0.0, 0.0, 0.0, 1.0]}, "077a5ba3bfd04fd4a361ac8fb0d70e6f_d1_5.png": {"intrinsics": {"fx": 1079.68, "fy": 1080.43, "cx": 625.996, "cy": 525.612}, "camera_to_world_matrix": [-0.233203, 0.00570994, 0.972411, -0.677609, 0.972427, 0.000552064, 0.233204, 5.4224, 0.000794998, 0.999983, -0.00568218, -1.33036, 0.0, 0.0, 0.0, 1.0]}, "077a5ba3bfd04fd4a361ac8fb0d70e6f_d2_0.png": {"intrinsics": {"fx": 1074.79, "fy": 1075.06, "cx": 643.115, "cy": 525.043}, "camera_to_world_matrix": [0.726572, -0.450346, 0.518926, -0.68401, 0.687047, 0.484817, -0.541221, 5.43396, -0.00784766, 0.749761, 0.661663, -1.29713, 0.0, 0.0, 0.0, 1.0]}, "077a5ba3bfd04fd4a361ac8fb0d70e6f_d2_1.png": {"intrinsics": {"fx": 1074.79, "fy": 1075.06, "cx": 643.115, "cy": 525.043}, "camera_to_world_matrix": [0.958301, 0.193381, -0.210389, -0.669861, -0.285737, 0.638618, -0.714508, 5.43735, -0.00381414, 0.744829, 0.667245, -1.29724, 0.0, 0.0, 0.0, 1.0]}, "077a5ba3bfd04fd4a361ac8fb0d70e6f_d2_2.png": {"intrinsics": {"fx": 1074.79, "fy": 1075.06, "cx": 643.115, "cy": 525.043}, "camera_to_world_matrix": [0.231712, 0.648454, -0.725133, -0.659848, -0.972774, 0.158022, -0.169532, 5.4268, 0.00465322, 0.744673, 0.667415, -1.29724, 0.0, 0.0, 0.0, 1.0]}, "077a5ba3bfd04fd4a361ac8fb0d70e6f_d2_3.png": {"intrinsics": {"fx": 1074.79, "fy": 1075.06, "cx": 643.115, "cy": 525.043}, "camera_to_world_matrix": [-0.726591, 0.459789, -0.51055, -0.663983, -0.687012, -0.476364, 0.548719, 5.41285, 0.00908691, 0.749448, 0.662003, -1.29714, 0.0, 0.0, 0.0, 1.0]}, "077a5ba3bfd04fd4a361ac8fb0d70e6f_d2_4.png": {"intrinsics": {"fx": 1074.79, "fy": 1075.06, "cx": 643.115, "cy": 525.043}, "camera_to_world_matrix": [-0.958282, -0.183944, 0.218771, -0.678131, 0.285781, -0.630141, 0.721978, 5.40945, 0.00505311, 0.754379, 0.656421, -1.29703, 0.0, 0.0, 0.0, 1.0]}, "077a5ba3bfd04fd4a361ac8fb0d70e6f_d2_5.png": {"intrinsics": {"fx": 1074.79, "fy": 1075.06, "cx": 643.115, "cy": 525.043}, "camera_to_world_matrix": [-0.231666, -0.638998, 0.733494, -0.688144, 0.97279, -0.149527, 0.176982, 5.42001, -0.0034143, 0.754536, 0.656251, -1.29703, 0.0, 0.0, 0.0, 1.0]}, "0980010e063a4bbbaa8b46137c0c0f24_d0_0.png": {"intrinsics": {"fx": 1070.84, "fy": 1071.54, "cx": 623.336, "cy": 519.483}, "camera_to_world_matrix": [-0.795841, -0.385459, -0.466969, 2.63152, -0.605299, 0.526691, 0.596835, 10.854, 0.015893, 0.757641, -0.652479, 4.81149, 0.0, 0.0, 0.0, 1.0]}, "0980010e063a4bbbaa8b46137c0c0f24_d0_1.png": {"intrinsics": {"fx": 1070.84, "fy": 1071.54, "cx": 623.336, "cy": 519.483}, "camera_to_world_matrix": [-0.921997, 0.269134, 0.27837, 2.6171, 0.386656, 0.601899, 0.698725, 10.8521, 0.0205001, 0.751855, -0.65901, 4.81161, 0.0, 0.0, 0.0, 1.0]}, "0980010e063a4bbbaa8b46137c0c0f24_d0_2.png": {"intrinsics": {"fx": 1070.84, "fy": 1071.54, "cx": 623.336, "cy": 519.483}, "camera_to_world_matrix": [-0.126037, 0.661536, 0.739247, 2.60824, 0.991909, 0.0725846, 0.10416, 10.8637, 0.0152476, 0.746394, -0.66533, 4.81174, 0.0, 0.0, 0.0, 1.0]}, "0980010e063a4bbbaa8b46137c0c0f24_d0_3.png": {"intrinsics": {"fx": 1070.84, "fy": 1071.54, "cx": 623.336, "cy": 519.483}, "camera_to_world_matrix": [0.796061, 0.399335, 0.454775, 2.6138, 0.605194, -0.531926, -0.592281, 10.8771, 0.00538803, 0.746718, -0.665119, 4.81173, 0.0, 0.0, 0.0, 1.0]}, "0980010e063a4bbbaa8b46137c0c0f24_d0_4.png": {"intrinsics": {"fx": 1070.84, "fy": 1071.54, "cx": 623.336, "cy": 519.483}, "camera_to_world_matrix": [0.922178, -0.255262, -0.290568, 2.62823, -0.386766, -0.607108, -0.694142, 10.879, 0.000781159, 0.752504, -0.658588, 4.81161, 0.0, 0.0, 0.0, 1.0]}, "0980010e063a4bbbaa8b46137c0c0f24_d0_5.png": {"intrinsics": {"fx": 1070.84, "fy": 1071.54, "cx": 623.336, "cy": 519.483}, "camera_to_world_matrix": [0.126195, -0.647642, -0.751422, 2.63709, -0.991988, -0.0777786, -0.0995592, 10.8675, 0.00603408, 0.757965, -0.652267, 4.81148, 0.0, 0.0, 0.0, 1.0]}, "0980010e063a4bbbaa8b46137c0c0f24_d1_0.png": {"intrinsics": {"fx": 1079.68, "fy": 1080.43, "cx": 625.996, "cy": 525.612}, "camera_to_world_matrix": [-0.793076, 0.0141372, -0.608958, 2.6251, -0.60904, -0.00194255, 0.793137, 10.8627, 0.01003, 0.999898, 0.0101497, 4.84483, 0.0, 0.0, 0.0, 1.0]}, "0980010e063a4bbbaa8b46137c0c0f24_d1_1.png": {"intrinsics": {"fx": 1079.68, "fy": 1080.43, "cx": 625.996, "cy": 525.612}, "camera_to_world_matrix": [-0.923898, 0.0130091, 0.382415, 2.62163, 0.382354, -0.00695, 0.923989, 10.8622, 0.0146783, 0.999891, 0.00144607, 4.84486, 0.0, 0.0, 0.0, 1.0]}, "0980010e063a4bbbaa8b46137c0c0f24_d1_2.png": {"intrinsics": {"fx": 1079.68, "fy": 1080.43, "cx": 625.996, "cy": 525.612}, "camera_to_world_matrix": [-0.130758, 0.00810871, 0.991381, 2.6195, 0.991368, -0.00847687, 0.130825, 10.865, 0.00946488, 0.999931, -0.00693124, 4.84489, 0.0, 0.0, 0.0, 1.0]}, "0980010e063a4bbbaa8b46137c0c0f24_d1_3.png": {"intrinsics": {"fx": 1079.68, "fy": 1080.43, "cx": 625.996, "cy": 525.612}, "camera_to_world_matrix": [0.793188, 0.00433642, 0.60896, 2.62084, 0.608975, -0.00499625, -0.793173, 10.8682, -0.000396762, 0.999978, -0.00660467, 4.84489, 0.0, 0.0, 0.0, 1.0]}, "0980010e063a4bbbaa8b46137c0c0f24_d1_4.png": {"intrinsics": {"fx": 1079.68, "fy": 1080.43, "cx": 625.996, "cy": 525.612}, "camera_to_world_matrix": [0.923972, 0.00546464, -0.382418, 2.62431, -0.382424, 1.11579e-05, -0.923986, 10.8687, -0.00504474, 0.999985, 0.00209919, 4.84486, 0.0, 0.0, 0.0, 1.0]}, "0980010e063a4bbbaa8b46137c0c0f24_d1_5.png": {"intrinsics": {"fx": 1079.68, "fy": 1080.43, "cx": 625.996, "cy": 525.612}, "camera_to_world_matrix": [0.130808, 0.0103651, -0.991353, 2.62644, -0.991407, 0.00153783, -0.130799, 10.8659, 0.00016904, 0.999945, 0.0104763, 4.84483, 0.0, 0.0, 0.0, 1.0]}, "0980010e063a4bbbaa8b46137c0c0f24_d2_0.png": {"intrinsics": {"fx": 1074.79, "fy": 1075.06, "cx": 643.115, "cy": 525.043}, "camera_to_world_matrix": [-0.794104, 0.409506, -0.449115, 2.63214, -0.607754, -0.527911, 0.593249, 10.8538, 0.00584639, 0.744053, 0.668096, 4.87799, 0.0, 0.0, 0.0, 1.0]}, "0980010e063a4bbbaa8b46137c0c0f24_d2_1.png": {"intrinsics": {"fx": 1074.79, "fy": 1075.06, "cx": 643.115, "cy": 525.043}, "camera_to_world_matrix": [-0.923332, -0.246719, 0.29426, 2.61771, 0.383862, -0.613926, 0.689743, 10.8519, 0.0104807, 0.749817, 0.661564, 4.87811, 0.0, 0.0, 0.0, 1.0]}, "0980010e063a4bbbaa8b46137c0c0f24_d2_2.png": {"intrinsics": {"fx": 1074.79, "fy": 1075.06, "cx": 643.115, "cy": 525.043}, "camera_to_world_matrix": [-0.129201, -0.649295, 0.749482, 2.60885, 0.991605, -0.0886022, 0.0941818, 10.8635, 0.00525372, 0.755358, 0.655292, 4.87823, 0.0, 0.0, 0.0, 1.0]}, "0980010e063a4bbbaa8b46137c0c0f24_d2_3.png": {"intrinsics": {"fx": 1074.79, "fy": 1075.06, "cx": 643.115, "cy": 525.043}, "camera_to_world_matrix": [0.79414, -0.395637, 0.461319, 2.61442, 0.607719, 0.522725, -0.59786, 10.8769, -0.00460749, 0.755136, 0.655553, 4.87823, 0.0, 0.0, 0.0, 1.0]}, "0980010e063a4bbbaa8b46137c0c0f24_d2_4.png": {"intrinsics": {"fx": 1074.79, "fy": 1075.06, "cx": 643.115, "cy": 525.043}, "camera_to_world_matrix": [0.923328, 0.260592, -0.28206, 2.62884, -0.383902, 0.608714, -0.694325, 10.8788, -0.00924148, 0.749372, 0.662085, 4.8781, 0.0, 0.0, 0.0, 1.0]}, "0980010e063a4bbbaa8b46137c0c0f24_d2_5.png": {"intrinsics": {"fx": 1074.79, "fy": 1075.06, "cx": 643.115, "cy": 525.043}, "camera_to_world_matrix": [0.129174, 0.663147, -0.737259, 2.6377, -0.991615, 0.0833747, -0.0987453, 10.8673, -0.00401418, 0.743831, 0.668357, 4.87798, 0.0, 0.0, 0.0, 1.0]}, "11a9a4971167411da33f888ccfe64f36_d0_0.png": {"intrinsics": {"fx": 1070.84, "fy": 1071.54, "cx": 623.336, "cy": 519.483}, "camera_to_world_matrix": [0.662392, 0.489224, 0.567361, 7.0971, 0.749006, -0.447752, -0.488375, 7.39184, 0.0151121, 0.748451, -0.663018, 4.90341, 0.0, 0.0, 0.0, 1.0]}, "11a9a4971167411da33f888ccfe64f36_d0_1.png": {"intrinsics": {"fx": 1070.84, "fy": 1071.54, "cx": 623.336, "cy": 519.483}, "camera_to_world_matrix": [0.979934, -0.13809, -0.143742, 7.11088, -0.199165, -0.649393, -0.73391, 7.39653, 0.0080006, 0.747811, -0.663863, 4.90343, 0.0, 0.0, 0.0, 1.0]}, "11a9a4971167411da33f888ccfe64f36_d0_2.png": {"intrinsics": {"fx": 1070.84, "fy": 1071.54, "cx": 623.336, "cy": 519.483}, "camera_to_world_matrix": [0.317533, -0.626366, -0.711927, 7.12182, -0.948242, -0.206951, -0.240855, 7.38694, 0.00352944, 0.751557, -0.659659, 4.90334, 0.0, 0.0, 0.0, 1.0]}, "11a9a4971167411da33f888ccfe64f36_d0_3.png": {"intrinsics": {"fx": 1070.84, "fy": 1071.54, "cx": 623.336, "cy": 519.483}, "camera_to_world_matrix": [-0.662395, -0.487318, -0.568996, 7.11899, -0.749131, 0.437121, 0.497725, 7.37267, 0.0061699, 0.755942, -0.65461, 4.90325, 0.0, 0.0, 0.0, 1.0]}, "11a9a4971167411da33f888ccfe64f36_d0_4.png": {"intrinsics": {"fx": 1070.84, "fy": 1071.54, "cx": 623.336, "cy": 519.483}, "camera_to_world_matrix": [-0.9799, 0.140005, 0.142116, 7.10521, 0.199052, 0.638737, 0.743233, 7.36798, 0.0132814, 0.756581, -0.653765, 4.90323, 0.0, 0.0, 0.0, 1.0]}, "11a9a4971167411da33f888ccfe64f36_d0_5.png": {"intrinsics": {"fx": 1070.84, "fy": 1071.54, "cx": 623.336, "cy": 519.483}, "camera_to_world_matrix": [-0.317469, 0.628264, 0.710281, 7.09427, 0.948103, 0.196276, 0.250156, 7.37757, 0.0177524, 0.752836, -0.657969, 4.90331, 0.0, 0.0, 0.0, 1.0]}, "11a9a4971167411da33f888ccfe64f36_d1_0.png": {"intrinsics": {"fx": 1079.68, "fy": 1080.43, "cx": 625.996, "cy": 525.612}, "camera_to_world_matrix": [0.658885, -0.00325178, 0.752236, 7.10545, 0.752185, -0.00953418, -0.658883, 7.38433, 0.00931475, 0.999949, -0.00383692, 4.9366, 0.0, 0.0, 0.0, 1.0]}, "11a9a4971167411da33f888ccfe64f36_d1_1.png": {"intrinsics": {"fx": 1079.68, "fy": 1080.43, "cx": 625.996, "cy": 525.612}, "camera_to_world_matrix": [0.980895, -0.00312382, -0.194511, 7.10877, -0.194524, -0.00440296, -0.980888, 7.38545, 0.00220794, 0.999985, -0.00492743, 4.9366, 0.0, 0.0, 0.0, 1.0]}, "11a9a4971167411da33f888ccfe64f36_d1_2.png": {"intrinsics": {"fx": 1079.68, "fy": 1080.43, "cx": 625.996, "cy": 525.612}, "camera_to_world_matrix": [0.321994, 0.00138407, -0.946741, 7.1114, -0.946739, -0.00194819, -0.321996, 7.38315, -0.00228985, 0.999997, 0.000682115, 4.93658, 0.0, 0.0, 0.0, 1.0]}, "11a9a4971167411da33f888ccfe64f36_d1_3.png": {"intrinsics": {"fx": 1079.68, "fy": 1080.43, "cx": 625.996, "cy": 525.612}, "camera_to_world_matrix": [-0.658902, 0.00576389, -0.752206, 7.11072, -0.752228, -0.00462469, 0.658887, 7.37971, 0.000319272, 0.999972, 0.00738205, 4.93656, 0.0, 0.0, 0.0, 1.0]}, "11a9a4971167411da33f888ccfe64f36_d1_4.png": {"intrinsics": {"fx": 1079.68, "fy": 1080.43, "cx": 625.996, "cy": 525.612}, "camera_to_world_matrix": [-0.980875, 0.00563572, 0.194554, 7.10741, 0.194494, -0.00975591, 0.980855, 7.37859, 0.00742612, 0.999936, 0.00847229, 4.93655, 0.0, 0.0, 0.0, 1.0]}, "11a9a4971167411da33f888ccfe64f36_d1_5.png": {"intrinsics": {"fx": 1079.68, "fy": 1080.43, "cx": 625.996, "cy": 525.612}, "camera_to_world_matrix": [-0.321944, 0.00112774, 0.946758, 7.10477, 0.946683, -0.0122105, 0.321934, 7.38089, 0.0119237, 0.999924, 0.00286256, 4.93657, 0.0, 0.0, 0.0, 1.0]}, "11a9a4971167411da33f888ccfe64f36_d2_0.png": {"intrinsics": {"fx": 1074.79, "fy": 1075.06, "cx": 643.115, "cy": 525.043}, "camera_to_world_matrix": [0.660099, -0.496537, 0.563668, 7.09718, 0.751162, 0.431219, -0.499807, 7.39137, 0.00510848, 0.753327, 0.657627, 4.96991, 0.0, 0.0, 0.0, 1.0]}, "11a9a4971167411da33f888ccfe64f36_d2_1.png": {"intrinsics": {"fx": 1074.79, "fy": 1075.06, "cx": 643.115, "cy": 525.043}, "camera_to_world_matrix": [0.980588, 0.130266, -0.146562, 7.11096, -0.196076, 0.643776, -0.739667, 7.39606, -0.00200016, 0.754045, 0.656821, 4.96992, 0.0, 0.0, 0.0, 1.0]}, "11a9a4971167411da33f888ccfe64f36_d2_2.png": {"intrinsics": {"fx": 1074.79, "fy": 1075.06, "cx": 643.115, "cy": 525.043}, "camera_to_world_matrix": [0.320467, 0.627742, -0.709395, 7.1219, -0.947239, 0.207236, -0.244529, 7.38647, -0.00648898, 0.750329, 0.661034, 4.96984, 0.0, 0.0, 0.0, 1.0]}, "11a9a4971167411da33f888ccfe64f36_d2_3.png": {"intrinsics": {"fx": 1074.79, "fy": 1075.06, "cx": 643.115, "cy": 525.043}, "camera_to_world_matrix": [-0.660127, 0.498403, -0.561986, 7.11907, -0.751145, -0.441852, 0.490458, 7.3722, -0.00386901, 0.745896, 0.666052, 4.96975, 0.0, 0.0, 0.0, 1.0]}, "11a9a4971167411da33f888ccfe64f36_d2_4.png": {"intrinsics": {"fx": 1074.79, "fy": 1075.06, "cx": 643.115, "cy": 525.043}, "camera_to_world_matrix": [-0.980578, -0.128408, 0.148254, 7.1053, 0.196106, -0.654385, 0.73029, 7.36751, 0.0032397, 0.745179, 0.666858, 4.96973, 0.0, 0.0, 0.0, 1.0]}, "11a9a4971167411da33f888ccfe64f36_d2_5.png": {"intrinsics": {"fx": 1074.79, "fy": 1075.06, "cx": 643.115, "cy": 525.043}, "camera_to_world_matrix": [-0.320428, -0.625867, 0.711067, 7.09435, 0.947242, -0.217826, 0.23513, 7.3771, 0.00772825, 0.748895, 0.662645, 4.96981, 0.0, 0.0, 0.0, 1.0]}, "12d3c6f407924f40a312abb4c0161e01_d0_0.png": {"intrinsics": {"fx": 1070.84, "fy": 1071.54, "cx": 623.336, "cy": 519.483}, "camera_to_world_matrix": [-0.971669, -0.152294, -0.180744, 6.9126, -0.236272, 0.645637, 0.726175, 5.5243, 0.0061032, 0.748305, -0.663327, 4.84364, 0.0, 0.0, 0.0, 1.0]}, "12d3c6f407924f40a312abb4c0161e01_d0_1.png": {"intrinsics": {"fx": 1070.84, "fy": 1071.54, "cx": 623.336, "cy": 519.483}, "camera_to_world_matrix": [-0.690493, 0.477736, 0.543129, 6.89861, 0.723333, 0.452703, 0.521393, 5.52832, 0.00321202, 0.752881, -0.658149, 4.84354, 0.0, 0.0, 0.0, 1.0]}, "12d3c6f407924f40a312abb4c0161e01_d0_2.png": {"intrinsics": {"fx": 1070.84, "fy": 1071.54, "cx": 623.336, "cy": 519.483}, "camera_to_world_matrix": [0.281129, 0.625643, 0.727694, 6.89511, 0.959639, -0.189396, -0.207901, 5.54245, 0.0077499, 0.75677, -0.653635, 4.84346, 0.0, 0.0, 0.0, 1.0]}, "12d3c6f407924f40a312abb4c0161e01_d0_3.png": {"intrinsics": {"fx": 1070.84, "fy": 1071.54, "cx": 623.336, "cy": 519.483}, "camera_to_world_matrix": [0.971554, 0.143517, 0.188381, 6.90559, 0.236335, -0.638546, -0.732398, 5.55254, 0.0151788, 0.756084, -0.654298, 4.84347, 0.0, 0.0, 0.0, 1.0]}, "12d3c6f407924f40a312abb4c0161e01_d0_4.png": {"intrinsics": {"fx": 1070.84, "fy": 1071.54, "cx": 623.336, "cy": 519.483}, "camera_to_world_matrix": [0.690341, -0.486506, -0.535484, 6.91957, -0.72326, -0.445587, -0.527588, 5.54852, 0.0180697, 0.751509, -0.659476, 4.84357, 0.0, 0.0, 0.0, 1.0]}, "12d3c6f407924f40a312abb4c0161e01_d0_5.png": {"intrinsics": {"fx": 1070.84, "fy": 1071.54, "cx": 623.336, "cy": 519.483}, "camera_to_world_matrix": [-0.281291, -0.634387, -0.72002, 6.92307, -0.959528, 0.196517, 0.201714, 5.53439, 0.0135316, 0.747619, -0.66399, 4.84366, 0.0, 0.0, 0.0, 1.0]}, "12d3c6f407924f40a312abb4c0161e01_d1_0.png": {"intrinsics": {"fx": 1079.68, "fy": 1080.43, "cx": 625.996, "cy": 525.612}, "camera_to_world_matrix": [-0.970555, -0.00071545, -0.240874, 6.90974, -0.240875, 0.00415649, 0.970547, 5.53518, 0.000307061, 0.999991, -0.00420737, 4.87683, 0.0, 0.0, 0.0, 1.0]}, "12d3c6f407924f40a312abb4c0161e01_d1_1.png": {"intrinsics": {"fx": 1079.68, "fy": 1080.43, "cx": 625.996, "cy": 525.612}, "camera_to_world_matrix": [-0.693881, -0.00375237, 0.720079, 6.90638, 0.720084, 1.83512e-05, 0.693886, 5.53615, -0.00261669, 0.999992, 0.00268836, 4.8768, 0.0, 0.0, 0.0, 1.0]}, "12d3c6f407924f40a312abb4c0161e01_d1_2.png": {"intrinsics": {"fx": 1079.68, "fy": 1080.43, "cx": 625.996, "cy": 525.612}, "camera_to_world_matrix": [0.276662, -0.00885447, 0.960926, 6.90553, 0.960965, 0.00057932, -0.276668, 5.53955, 0.00189331, 0.99996, 0.00866818, 4.87678, 0.0, 0.0, 0.0, 1.0]}, "12d3c6f407924f40a312abb4c0161e01_d1_3.png": {"intrinsics": {"fx": 1079.68, "fy": 1080.43, "cx": 625.996, "cy": 525.612}, "camera_to_world_matrix": [0.970509, -0.0109195, 0.240815, 6.90805, 0.240882, 0.00527841, -0.97054, 5.54197, 0.00932695, 0.999926, 0.00775214, 4.87678, 0.0, 0.0, 0.0, 1.0]}, "12d3c6f407924f40a312abb4c0161e01_d1_4.png": {"intrinsics": {"fx": 1079.68, "fy": 1080.43, "cx": 625.996, "cy": 525.612}, "camera_to_world_matrix": [0.693797, -0.00788243, -0.720127, 6.91142, -0.720065, 0.00941643, -0.693841, 5.54101, 0.0122504, 0.999924, 0.000856293, 4.87681, 0.0, 0.0, 0.0, 1.0]}, "12d3c6f407924f40a312abb4c0161e01_d1_5.png": {"intrinsics": {"fx": 1079.68, "fy": 1080.43, "cx": 625.996, "cy": 525.612}, "camera_to_world_matrix": [-0.276755, -0.00278036, -0.960936, 6.91226, -0.960908, 0.00885526, 0.276722, 5.53761, 0.0077402, 0.999956, -0.00512335, 4.87683, 0.0, 0.0, 0.0, 1.0]}, "12d3c6f407924f40a312abb4c0161e01_d2_0.png": {"intrinsics": {"fx": 1074.79, "fy": 1075.06, "cx": 643.115, "cy": 525.043}, "camera_to_world_matrix": [-0.97093, 0.154478, -0.182845, 6.91221, -0.239334, -0.638965, 0.731056, 5.52461, -0.0038999, 0.753565, 0.657363, 4.91014, 0.0, 0.0, 0.0, 1.0]}, "12d3c6f407924f40a312abb4c0161e01_d2_1.png": {"intrinsics": {"fx": 1074.79, "fy": 1075.06, "cx": 643.115, "cy": 525.043}, "camera_to_world_matrix": [-0.692705, -0.481371, 0.537069, 6.89823, 0.72119, -0.455283, 0.522115, 5.52864, -0.00681257, 0.748999, 0.662537, 4.91004, 0.0, 0.0, 0.0, 1.0]}, "12d3c6f407924f40a312abb4c0161e01_d2_2.png": {"intrinsics": {"fx": 1074.79, "fy": 1075.06, "cx": 643.115, "cy": 525.043}, "camera_to_world_matrix": [0.278237, -0.640199, 0.716052, 6.89472, 0.96051, 0.187229, -0.205831, 5.54276, -0.00229289, 0.745044, 0.667012, 4.90995, 0.0, 0.0, 0.0, 1.0]}, "12d3c6f407924f40a312abb4c0161e01_d2_3.png": {"intrinsics": {"fx": 1074.79, "fy": 1075.06, "cx": 643.115, "cy": 525.043}, "camera_to_world_matrix": [0.970933, -0.163175, 0.175116, 6.9052, 0.239302, 0.646044, -0.724819, 5.55286, 0.00513938, 0.745655, 0.666313, 4.90997, 0.0, 0.0, 0.0, 1.0]}, "12d3c6f407924f40a312abb4c0161e01_d2_4.png": {"intrinsics": {"fx": 1074.79, "fy": 1075.06, "cx": 643.115, "cy": 525.043}, "camera_to_world_matrix": [0.69267, 0.472666, -0.54479, 6.91918, -0.721211, 0.462337, -0.515849, 5.54883, 0.0080518, 0.750221, 0.661139, 4.91007, 0.0, 0.0, 0.0, 1.0]}, "12d3c6f407924f40a312abb4c0161e01_d2_5.png": {"intrinsics": {"fx": 1074.79, "fy": 1075.06, "cx": 643.115, "cy": 525.043}, "camera_to_world_matrix": [-0.278282, 0.63147, -0.723744, 6.92269, -0.960494, -0.180181, 0.212104, 5.53471, 0.00353185, 0.754176, 0.656664, 4.91016, 0.0, 0.0, 0.0, 1.0]}, "163c1304d26447048a36097880e0a0b8_d0_0.png": {"intrinsics": {"fx": 1070.84, "fy": 1071.54, "cx": 623.336, "cy": 519.483}, "camera_to_world_matrix": [-0.22888, -0.649071, -0.725481, 4.79881, -0.973333, 0.164415, 0.159975, 5.45581, 0.0154448, 0.742749, -0.669392, 4.82363, 0.0, 0.0, 0.0, 1.0]}, "163c1304d26447048a36097880e0a0b8_d0_1.png": {"intrinsics": {"fx": 1070.84, "fy": 1071.54, "cx": 623.336, "cy": 519.483}, "camera_to_world_matrix": [-0.957454, -0.19203, -0.215426, 4.78889, -0.288588, 0.639064, 0.712962, 5.44516, 0.000761192, 0.744797, -0.667291, 4.82359, 0.0, 0.0, 0.0, 1.0]}, "163c1304d26447048a36097880e0a0b8_d0_2.png": {"intrinsics": {"fx": 1070.84, "fy": 1071.54, "cx": 623.336, "cy": 519.483}, "camera_to_world_matrix": [-0.728688, 0.447487, 0.518432, 4.77472, 0.684835, 0.480594, 0.547752, 5.44843, -0.00404339, 0.75418, -0.656656, 4.82338, 0.0, 0.0, 0.0, 1.0]}, "163c1304d26447048a36097880e0a0b8_d0_3.png": {"intrinsics": {"fx": 1070.84, "fy": 1071.54, "cx": 623.336, "cy": 519.483}, "camera_to_world_matrix": [0.228647, 0.629948, 0.742218, 4.77045, 0.973493, -0.152523, -0.170442, 5.46234, 0.00583573, 0.761514, -0.648122, 4.82322, 0.0, 0.0, 0.0, 1.0]}, "163c1304d26447048a36097880e0a0b8_d0_4.png": {"intrinsics": {"fx": 1070.84, "fy": 1071.54, "cx": 623.336, "cy": 519.483}, "camera_to_world_matrix": [0.957195, 0.172889, 0.232141, 4.78037, 0.288719, -0.627154, -0.723409, 5.47298, 0.0205192, 0.759466, -0.650224, 4.82326, 0.0, 0.0, 0.0, 1.0]}, "163c1304d26447048a36097880e0a0b8_d0_5.png": {"intrinsics": {"fx": 1070.84, "fy": 1071.54, "cx": 623.336, "cy": 519.483}, "camera_to_world_matrix": [0.72839, -0.466622, -0.50171, 4.79454, -0.684695, -0.468658, -0.558169, 5.46972, 0.0253233, 0.750083, -0.660859, 4.82347, 0.0, 0.0, 0.0, 1.0]}, "163c1304d26447048a36097880e0a0b8_d1_0.png": {"intrinsics": {"fx": 1079.68, "fy": 1080.43, "cx": 625.996, "cy": 525.612}, "camera_to_world_matrix": [-0.224238, -0.00989856, -0.974484, 4.78762, -0.974486, 0.012218, 0.224115, 5.45855, 0.00968812, 0.999876, -0.0123867, 4.85672, 0.0, 0.0, 0.0, 1.0]}, "163c1304d26447048a36097880e0a0b8_d1_1.png": {"intrinsics": {"fx": 1079.68, "fy": 1080.43, "cx": 625.996, "cy": 525.612}, "camera_to_world_matrix": [-0.956054, -0.00758196, -0.293089, 4.78523, -0.293144, 0.00763807, 0.956037, 5.45599, -0.00500975, 0.999942, -0.00952595, 4.85671, 0.0, 0.0, 0.0, 1.0]}, "163c1304d26447048a36097880e0a0b8_d1_2.png": {"intrinsics": {"fx": 1079.68, "fy": 1080.43, "cx": 625.996, "cy": 525.612}, "camera_to_world_matrix": [-0.731856, -0.0103901, 0.681379, 4.78182, 0.681386, 0.00334139, 0.731915, 5.45678, -0.00988116, 0.99994, 0.00463332, 4.85666, 0.0, 0.0, 0.0, 1.0]}, "163c1304d26447048a36097880e0a0b8_d1_3.png": {"intrinsics": {"fx": 1079.68, "fy": 1080.43, "cx": 625.996, "cy": 525.612}, "camera_to_world_matrix": [0.224153, -0.0155147, 0.97443, 4.7808, 0.974553, 0.00362476, -0.224124, 5.46012, -5.45988e-05, 0.999873, 0.0159315, 4.85662, 0.0, 0.0, 0.0, 1.0]}, "163c1304d26447048a36097880e0a0b8_d1_4.png": {"intrinsics": {"fx": 1079.68, "fy": 1080.43, "cx": 625.996, "cy": 525.612}, "camera_to_world_matrix": [0.955943, -0.0178312, 0.293006, 4.78318, 0.293183, 0.00820482, -0.956021, 5.46268, 0.0146432, 0.999807, 0.0130702, 4.85663, 0.0, 0.0, 0.0, 1.0]}, "163c1304d26447048a36097880e0a0b8_d1_5.png": {"intrinsics": {"fx": 1079.68, "fy": 1080.43, "cx": 625.996, "cy": 525.612}, "camera_to_world_matrix": [0.731707, -0.0150229, -0.681453, 4.78659, -0.681339, 0.0125014, -0.731861, 5.4619, 0.019514, 0.999809, -0.00108925, 4.85668, 0.0, 0.0, 0.0, 1.0]}, "163c1304d26447048a36097880e0a0b8_d2_0.png": {"intrinsics": {"fx": 1074.79, "fy": 1075.06, "cx": 643.115, "cy": 525.043}, "camera_to_world_matrix": [-0.225757, 0.635295, -0.738535, 4.79796, -0.974169, -0.142965, 0.174806, 5.45634, 0.00546845, 0.758921, 0.651161, 4.89012, 0.0, 0.0, 0.0, 1.0]}, "163c1304d26447048a36097880e0a0b8_d2_1.png": {"intrinsics": {"fx": 1074.79, "fy": 1075.06, "cx": 643.115, "cy": 525.043}, "camera_to_world_matrix": [-0.956484, 0.183873, -0.226561, 4.78805, -0.29164, -0.626987, 0.72238, 5.44569, -0.00922498, 0.757019, 0.653329, 4.89008, 0.0, 0.0, 0.0, 1.0]}, "163c1304d26447048a36097880e0a0b8_d2_2.png": {"intrinsics": {"fx": 1074.79, "fy": 1075.06, "cx": 643.115, "cy": 525.043}, "camera_to_world_matrix": [-0.730714, -0.460952, 0.503569, 4.77387, 0.68254, -0.47807, 0.552801, 5.44895, -0.0140737, 0.747645, 0.663951, 4.88988, 0.0, 0.0, 0.0, 1.0]}, "163c1304d26447048a36097880e0a0b8_d2_3.png": {"intrinsics": {"fx": 1074.79, "fy": 1075.06, "cx": 643.115, "cy": 525.043}, "camera_to_world_matrix": [0.225779, -0.65434, 0.721709, 4.76961, 0.97417, 0.154866, -0.164348, 5.46286, -0.00422875, 0.740173, 0.672405, 4.88971, 0.0, 0.0, 0.0, 1.0]}, "163c1304d26447048a36097880e0a0b8_d2_4.png": {"intrinsics": {"fx": 1074.79, "fy": 1075.06, "cx": 643.115, "cy": 525.043}, "camera_to_world_matrix": [0.95648, -0.202899, 0.209713, 4.77952, 0.291613, 0.638871, -0.711903, 5.47351, 0.0104646, 0.742075, 0.670236, 4.88975, 0.0, 0.0, 0.0, 1.0]}, "163c1304d26447048a36097880e0a0b8_d2_5.png": {"intrinsics": {"fx": 1074.79, "fy": 1075.06, "cx": 643.115, "cy": 525.043}, "camera_to_world_matrix": [0.730671, 0.44192, -0.52041, 4.7937, -0.682559, 0.489929, -0.542295, 5.47025, 0.0153127, 0.75145, 0.659614, 4.88996, 0.0, 0.0, 0.0, 1.0]}, "180ce7bb2eea47c39b8b1ebd12c1691b_d0_0.png": {"intrinsics": {"fx": 1070.84, "fy": 1071.54, "cx": 623.336, "cy": 519.483}, "camera_to_world_matrix": [0.407339, -0.606905, -0.682454, 1.55338, -0.913267, -0.266977, -0.307683, 9.48255, 0.00453446, 0.748592, -0.663015, -1.36501, 0.0, 0.0, 0.0, 1.0]}, "180ce7bb2eea47c39b8b1ebd12c1691b_d0_1.png": {"intrinsics": {"fx": 1070.84, "fy": 1071.54, "cx": 623.336, "cy": 519.483}, "camera_to_world_matrix": [-0.587209, -0.530537, -0.611324, 1.55194, -0.809431, 0.387486, 0.441222, 9.46808, 0.00279469, 0.753914, -0.656967, -1.36513, 0.0, 0.0, 0.0, 1.0]}, "180ce7bb2eea47c39b8b1ebd12c1691b_d0_2.png": {"intrinsics": {"fx": 1070.84, "fy": 1071.54, "cx": 623.336, "cy": 519.483}, "camera_to_world_matrix": [-0.994562, 0.0744491, 0.0728339, 1.53868, 0.10377, 0.648563, 0.754055, 9.46209, 0.00890126, 0.757512, -0.652761, -1.36521, 0.0, 0.0, 0.0, 1.0]}, "180ce7bb2eea47c39b8b1ebd12c1691b_d0_3.png": {"intrinsics": {"fx": 1070.84, "fy": 1071.54, "cx": 623.336, "cy": 519.483}, "camera_to_world_matrix": [-0.407358, 0.603053, 0.685848, 1.52686, 0.913116, 0.255171, 0.317976, 9.47058, 0.0167474, 0.755788, -0.654602, -1.36517, 0.0, 0.0, 0.0, 1.0]}, "180ce7bb2eea47c39b8b1ebd12c1691b_d0_4.png": {"intrinsics": {"fx": 1070.84, "fy": 1071.54, "cx": 623.336, "cy": 519.483}, "camera_to_world_matrix": [0.587186, 0.52666, 0.61469, 1.52831, 0.809242, -0.399289, -0.430927, 9.48505, 0.0184868, 0.750466, -0.660651, -1.36506, 0.0, 0.0, 0.0, 1.0]}, "180ce7bb2eea47c39b8b1ebd12c1691b_d0_5.png": {"intrinsics": {"fx": 1070.84, "fy": 1071.54, "cx": 623.336, "cy": 519.483}, "camera_to_world_matrix": [0.994503, -0.0783365, -0.069481, 1.54157, -0.103976, -0.660342, -0.743733, 9.49104, 0.0123801, 0.746868, -0.664857, -1.36498, 0.0, 0.0, 0.0, 1.0]}, "180ce7bb2eea47c39b8b1ebd12c1691b_d1_0.png": {"intrinsics": {"fx": 1079.68, "fy": 1080.43, "cx": 625.996, "cy": 525.612}, "camera_to_world_matrix": [0.41166, -0.00293362, -0.911332, 1.54323, -0.911336, -0.00271205, -0.411653, 9.47775, -0.00126369, 0.999992, -0.00379088, -1.33183, 0.0, 0.0, 0.0, 1.0]}, "180ce7bb2eea47c39b8b1ebd12c1691b_d1_1.png": {"intrinsics": {"fx": 1079.68, "fy": 1080.43, "cx": 625.996, "cy": 525.612}, "camera_to_world_matrix": [-0.583409, 0.00168362, -0.812176, 1.54288, -0.812172, -0.0049544, 0.583396, 9.47426, -0.00304138, 0.999986, 0.0042569, -1.33185, 0.0, 0.0, 0.0, 1.0]}, "180ce7bb2eea47c39b8b1ebd12c1691b_d1_2.png": {"intrinsics": {"fx": 1079.68, "fy": 1080.43, "cx": 625.996, "cy": 525.612}, "camera_to_world_matrix": [-0.995068, 0.00205027, 0.0991699, 1.53969, 0.0991442, -0.0100741, 0.995022, 9.47282, 0.00303935, 0.999947, 0.00982019, -1.33187, 0.0, 0.0, 0.0, 1.0]}, "180ce7bb2eea47c39b8b1ebd12c1691b_d1_3.png": {"intrinsics": {"fx": 1079.68, "fy": 1080.43, "cx": 625.996, "cy": 525.612}, "camera_to_world_matrix": [-0.411649, -0.00220034, 0.911339, 1.53685, 0.911276, -0.0129513, 0.41159, 9.47486, 0.0108976, 0.999913, 0.00733557, -1.33186, 0.0, 0.0, 0.0, 1.0]}, "180ce7bb2eea47c39b8b1ebd12c1691b_d1_4.png": {"intrinsics": {"fx": 1079.68, "fy": 1080.43, "cx": 625.996, "cy": 525.612}, "camera_to_world_matrix": [0.583416, -0.00681749, 0.812144, 1.53719, 0.812074, -0.0107088, -0.583455, 9.47835, 0.012675, 0.999919, -0.000712284, -1.33184, 0.0, 0.0, 0.0, 1.0]}, "180ce7bb2eea47c39b8b1ebd12c1691b_d1_5.png": {"intrinsics": {"fx": 1079.68, "fy": 1080.43, "cx": 625.996, "cy": 525.612}, "camera_to_world_matrix": [0.995039, -0.00718393, -0.099218, 1.54038, -0.0992587, -0.00558906, -0.995046, 9.47979, 0.00659406, 0.999958, -0.00627534, -1.33182, 0.0, 0.0, 0.0, 1.0]}, "180ce7bb2eea47c39b8b1ebd12c1691b_d2_0.png": {"intrinsics": {"fx": 1074.79, "fy": 1075.06, "cx": 643.115, "cy": 525.043}, "camera_to_world_matrix": [0.410207, 0.60149, -0.685522, 1.55321, -0.911977, 0.266033, -0.312293, 9.48203, -0.00546997, 0.753284, 0.657674, -1.29852, 0.0, 0.0, 0.0, 1.0]}, "180ce7bb2eea47c39b8b1ebd12c1691b_d2_1.png": {"intrinsics": {"fx": 1074.79, "fy": 1075.06, "cx": 643.115, "cy": 525.043}, "camera_to_world_matrix": [-0.584713, 0.53527, -0.609588, 1.55177, -0.811209, -0.392489, 0.433467, 9.46756, -0.00723472, 0.747957, 0.663709, -1.29863, 0.0, 0.0, 0.0, 1.0]}, "180ce7bb2eea47c39b8b1ebd12c1691b_d2_2.png": {"intrinsics": {"fx": 1074.79, "fy": 1075.06, "cx": 643.115, "cy": 525.043}, "camera_to_world_matrix": [-0.994909, -0.0681561, 0.0742484, 1.53851, 0.100781, -0.664383, 0.740566, 9.46157, -0.00114496, 0.744278, 0.66787, -1.29871, 0.0, 0.0, 0.0, 1.0]}, "180ce7bb2eea47c39b8b1ebd12c1691b_d2_3.png": {"intrinsics": {"fx": 1074.79, "fy": 1075.06, "cx": 643.115, "cy": 525.043}, "camera_to_world_matrix": [-0.410175, -0.605349, 0.682136, 1.52669, 0.911983, -0.277751, 0.301899, 9.47006, 0.00670943, 0.745927, 0.665995, -1.29868, 0.0, 0.0, 0.0, 1.0]}, "180ce7bb2eea47c39b8b1ebd12c1691b_d2_4.png": {"intrinsics": {"fx": 1074.79, "fy": 1075.06, "cx": 643.115, "cy": 525.043}, "camera_to_world_matrix": [0.584742, -0.539103, 0.606173, 1.52814, 0.811176, 0.380768, -0.443858, 9.48453, 0.00847388, 0.751255, 0.659959, -1.29856, 0.0, 0.0, 0.0, 1.0]}, "180ce7bb2eea47c39b8b1ebd12c1691b_d2_5.png": {"intrinsics": {"fx": 1074.79, "fy": 1075.06, "cx": 643.115, "cy": 525.043}, "camera_to_world_matrix": [0.994902, 0.0643335, -0.0776755, 1.5414, -0.10083, 0.652639, -0.75093, 9.49052, 0.00238387, 0.754933, 0.655799, -1.29848, 0.0, 0.0, 0.0, 1.0]}, "196591a5c1484ec7ac682a1bedd9d09b_d0_0.png": {"intrinsics": {"fx": 1070.84, "fy": 1071.54, "cx": 623.336, "cy": 519.483}, "camera_to_world_matrix": [0.907548, -0.279148, -0.313742, 6.37148, -0.419905, -0.592282, -0.687665, 10.4907, 0.00613653, 0.75583, -0.654739, 1.37043, 0.0, 0.0, 0.0, 1.0]}, "196591a5c1484ec7ac682a1bedd9d09b_d0_1.png": {"intrinsics": {"fx": 1070.84, "fy": 1071.54, "cx": 623.336, "cy": 519.483}, "camera_to_world_matrix": [0.0901395, -0.652098, -0.752757, 6.37991, -0.995843, -0.0490603, -0.0767481, 10.4788, 0.0131167, 0.756546, -0.653809, 1.37041, 0.0, 0.0, 0.0, 1.0]}, "196591a5c1484ec7ac682a1bedd9d09b_d0_2.png": {"intrinsics": {"fx": 1070.84, "fy": 1071.54, "cx": 623.336, "cy": 519.483}, "camera_to_world_matrix": [-0.817343, -0.368136, -0.443203, 6.37386, -0.575883, 0.545527, 0.6089, 10.4656, 0.017621, 0.752913, -0.657885, 1.37049, 0.0, 0.0, 0.0, 1.0]}, "196591a5c1484ec7ac682a1bedd9d09b_d0_3.png": {"intrinsics": {"fx": 1070.84, "fy": 1071.54, "cx": 623.336, "cy": 519.483}, "camera_to_world_matrix": [-0.907396, 0.288771, 0.305361, 6.35938, 0.420005, 0.596879, 0.683617, 10.4642, 0.0151451, 0.748564, -0.66289, 1.37058, 0.0, 0.0, 0.0, 1.0]}, "196591a5c1484ec7ac682a1bedd9d09b_d0_4.png": {"intrinsics": {"fx": 1070.84, "fy": 1071.54, "cx": 623.336, "cy": 519.483}, "camera_to_world_matrix": [-0.0899648, 0.6617, 0.744353, 6.35094, 0.995912, 0.0536428, 0.0726828, 10.4761, 0.00816486, 0.747848, -0.66382, 1.3706, 0.0, 0.0, 0.0, 1.0]}, "196591a5c1484ec7ac682a1bedd9d09b_d0_5.png": {"intrinsics": {"fx": 1070.84, "fy": 1071.54, "cx": 623.336, "cy": 519.483}, "camera_to_world_matrix": [0.817501, 0.377714, 0.434771, 6.35699, 0.575917, -0.540933, -0.612954, 10.4893, 0.0036608, 0.751481, -0.659744, 1.37052, 0.0, 0.0, 0.0, 1.0]}, "196591a5c1484ec7ac682a1bedd9d09b_d1_0.png": {"intrinsics": {"fx": 1079.68, "fy": 1080.43, "cx": 625.996, "cy": 525.612}, "camera_to_world_matrix": [0.909514, 0.00273719, -0.415662, 6.3671, -0.415671, 0.00667827, -0.90949, 10.4807, 0.000286707, 0.999974, 0.00721083, 1.40373, 0.0, 0.0, 0.0, 1.0]}, "196591a5c1484ec7ac682a1bedd9d09b_d1_1.png": {"intrinsics": {"fx": 1079.68, "fy": 1080.43, "cx": 625.996, "cy": 525.612}, "camera_to_world_matrix": [0.0947865, 0.00768988, -0.995468, 6.36913, -0.99547, 0.0080261, -0.0947246, 10.4779, 0.00726155, 0.999938, 0.00841489, 1.40373, 0.0, 0.0, 0.0, 1.0]}, "196591a5c1484ec7ac682a1bedd9d09b_d1_2.png": {"intrinsics": {"fx": 1079.68, "fy": 1080.43, "cx": 625.996, "cy": 525.612}, "camera_to_world_matrix": [-0.814699, 0.0113335, -0.579772, 6.36767, -0.579763, 0.00441073, 0.814773, 10.4747, 0.0117917, 0.999926, 0.00297639, 1.40375, 0.0, 0.0, 0.0, 1.0]}, "196591a5c1484ec7ac682a1bedd9d09b_d1_3.png": {"intrinsics": {"fx": 1079.68, "fy": 1080.43, "cx": 625.996, "cy": 525.612}, "camera_to_world_matrix": [-0.909437, 0.0100244, 0.41572, 6.36419, 0.415736, -0.000552397, 0.909485, 10.4744, 0.00934689, 0.999949, -0.00366604, 1.40377, 0.0, 0.0, 0.0, 1.0]}, "196591a5c1484ec7ac682a1bedd9d09b_d1_4.png": {"intrinsics": {"fx": 1079.68, "fy": 1080.43, "cx": 625.996, "cy": 525.612}, "camera_to_world_matrix": [-0.0946862, 0.00507161, 0.995494, 6.36216, 0.995503, -0.00190004, 0.0946965, 10.4772, 0.00237199, 0.999985, -0.00486983, 1.40378, 0.0, 0.0, 0.0, 1.0]}, "196591a5c1484ec7ac682a1bedd9d09b_d1_5.png": {"intrinsics": {"fx": 1079.68, "fy": 1080.43, "cx": 625.996, "cy": 525.612}, "camera_to_world_matrix": [0.814783, 0.00142813, 0.579762, 6.36361, 0.57976, 0.00171548, -0.814785, 10.4804, -0.00215794, 0.999997, 0.000568842, 1.40376, 0.0, 0.0, 0.0, 1.0]}, "196591a5c1484ec7ac682a1bedd9d09b_d2_0.png": {"intrinsics": {"fx": 1074.79, "fy": 1075.06, "cx": 643.115, "cy": 525.043}, "camera_to_world_matrix": [0.908828, 0.280441, -0.308844, 6.3719, -0.417153, 0.604005, -0.679089, 10.4909, -0.00390187, 0.74601, 0.665924, 1.43692, 0.0, 0.0, 0.0, 1.0]}, "196591a5c1484ec7ac682a1bedd9d09b_d2_1.png": {"intrinsics": {"fx": 1074.79, "fy": 1075.06, "cx": 643.115, "cy": 525.043}, "camera_to_world_matrix": [0.0931572, 0.663705, -0.742171, 6.38034, -0.995647, 0.064401, -0.0673815, 10.479, 0.003075, 0.745217, 0.666816, 1.43691, 0.0, 0.0, 0.0, 1.0]}, "196591a5c1484ec7ac682a1bedd9d09b_d2_2.png": {"intrinsics": {"fx": 1074.79, "fy": 1075.06, "cx": 643.115, "cy": 525.043}, "camera_to_world_matrix": [-0.81567, 0.388032, -0.429088, 6.37429, -0.57847, -0.537309, 0.613736, 10.4658, 0.00759643, 0.74882, 0.662731, 1.43699, 0.0, 0.0, 0.0, 1.0]}, "196591a5c1484ec7ac682a1bedd9d09b_d2_3.png": {"intrinsics": {"fx": 1074.79, "fy": 1075.06, "cx": 643.115, "cy": 525.043}, "camera_to_world_matrix": [-0.908804, -0.270898, 0.317317, 6.3598, 0.417193, -0.599402, 0.683132, 10.4644, 0.00514091, 0.753215, 0.657756, 1.43708, 0.0, 0.0, 0.0, 1.0]}, "196591a5c1484ec7ac682a1bedd9d09b_d2_4.png": {"intrinsics": {"fx": 1074.79, "fy": 1075.06, "cx": 643.115, "cy": 525.043}, "camera_to_world_matrix": [-0.0931104, -0.65414, 0.750621, 6.35137, 0.995655, -0.059783, 0.0714069, 10.4763, -0.00183599, 0.754007, 0.656865, 1.4371, 0.0, 0.0, 0.0, 1.0]}, "196591a5c1484ec7ac682a1bedd9d09b_d2_5.png": {"intrinsics": {"fx": 1074.79, "fy": 1075.06, "cx": 643.115, "cy": 525.043}, "camera_to_world_matrix": [0.8157, -0.378444, 0.43751, 6.35742, 0.578441, 0.541916, -0.609699, 10.4895, -0.00635724, 0.750405, 0.660949, 1.43702, 0.0, 0.0, 0.0, 1.0]}, "1c1c972d7eac4a869026d34275814486_d0_0.png": {"intrinsics": {"fx": 1070.84, "fy": 1071.54, "cx": 623.336, "cy": 519.483}, "camera_to_world_matrix": [-0.0783682, 0.659174, 0.747897, -2.09342, 0.996925, 0.0512971, 0.0592507, 3.18708, 0.000691485, 0.750239, -0.661166, -1.3581, 0.0, 0.0, 0.0, 1.0]}, "1c1c972d7eac4a869026d34275814486_d0_1.png": {"intrinsics": {"fx": 1070.84, "fy": 1071.54, "cx": 623.336, "cy": 519.483}, "camera_to_world_matrix": [0.824145, 0.368255, 0.430319, -2.08721, 0.566372, -0.539891, -0.622688, 3.20024, 0.00301743, 0.756906, -0.653517, -1.35825, 0.0, 0.0, 0.0, 1.0]}, "1c1c972d7eac4a869026d34275814486_d0_2.png": {"intrinsics": {"fx": 1070.84, "fy": 1071.54, "cx": 623.336, "cy": 519.483}, "camera_to_world_matrix": [0.902519, -0.28922, -0.319082, -2.07271, -0.430457, -0.583535, -0.688618, 3.20145, 0.0129667, 0.758841, -0.651147, -1.3583, 0.0, 0.0, 0.0, 1.0]}, "1c1c972d7eac4a869026d34275814486_d0_3.png": {"intrinsics": {"fx": 1070.84, "fy": 1071.54, "cx": 623.336, "cy": 519.483}, "camera_to_world_matrix": [0.0783776, -0.655762, -0.750889, -2.06442, -0.996712, -0.0359883, -0.0726075, 3.1895, 0.0205899, 0.75411, -0.656425, -1.35819, 0.0, 0.0, 0.0, 1.0]}, "1c1c972d7eac4a869026d34275814486_d0_4.png": {"intrinsics": {"fx": 1070.84, "fy": 1071.54, "cx": 623.336, "cy": 519.483}, "camera_to_world_matrix": [-0.824119, -0.36482, -0.433286, -2.07062, -0.566124, 0.555189, 0.609319, 3.17634, 0.0182635, 0.747444, -0.664074, -1.35805, 0.0, 0.0, 0.0, 1.0]}, "1c1c972d7eac4a869026d34275814486_d0_5.png": {"intrinsics": {"fx": 1070.84, "fy": 1071.54, "cx": 623.336, "cy": 519.483}, "camera_to_world_matrix": [-0.902453, 0.292657, 0.316118, -2.08512, 0.430709, 0.598806, 0.67522, 3.17513, 0.00831409, 0.745509, -0.666444, -1.358, 0.0, 0.0, 0.0, 1.0]}, "1c1c972d7eac4a869026d34275814486_d1_0.png": {"intrinsics": {"fx": 1079.68, "fy": 1080.43, "cx": 625.996, "cy": 525.612}, "camera_to_world_matrix": [-0.0830698, 0.000902131, 0.996543, -2.08233, 0.99653, 0.00521151, 0.0830638, 3.18834, -0.00511831, 0.999986, -0.00133285, -1.32489, 0.0, 0.0, 0.0, 1.0]}, "1c1c972d7eac4a869026d34275814486_d1_1.png": {"intrinsics": {"fx": 1079.68, "fy": 1080.43, "cx": 625.996, "cy": 525.612}, "camera_to_world_matrix": [0.821496, -0.00269892, 0.570206, -2.08084, 0.570205, 0.00886919, -0.821454, 3.1915, -0.00283998, 0.999957, 0.00882403, -1.32493, 0.0, 0.0, 0.0, 1.0]}, "1c1c972d7eac4a869026d34275814486_d1_2.png": {"intrinsics": {"fx": 1079.68, "fy": 1080.43, "cx": 625.996, "cy": 525.612}, "camera_to_world_matrix": [0.904559, -0.00133166, -0.426346, -2.07735, -0.426288, 0.0138164, -0.904481, 3.19179, 0.00709527, 0.999903, 0.0119291, -1.32494, 0.0, 0.0, 0.0, 1.0]}, "1c1c972d7eac4a869026d34275814486_d1_3.png": {"intrinsics": {"fx": 1079.68, "fy": 1080.43, "cx": 625.996, "cy": 525.612}, "camera_to_world_matrix": [0.083