{"0b06e41938c84b91b41b6b14db0529b9_d0_0.png": {"intrinsics": {"fx": 1071.49, "fy": 1071.67, "cx": 637.041, "cy": 513.587}, "camera_to_world_matrix": [-0.768034, -0.407818, -0.49377, 4.00146, -0.640408, 0.490547, 0.590966, 2.44339, 0.00121036, 0.770096, -0.637927, 1.49395, 0.0, 0.0, 0.0, 1.0]}, "0b06e41938c84b91b41b6b14db0529b9_d0_1.png": {"intrinsics": {"fx": 1071.49, "fy": 1071.67, "cx": 637.041, "cy": 513.587}, "camera_to_world_matrix": [-0.938345, 0.241277, 0.247577, 3.98714, 0.34459, 0.595445, 0.725743, 2.4408, 0.0276867, 0.76631, -0.641874, 1.49403, 0.0, 0.0, 0.0, 1.0]}, "0b06e41938c84b91b41b6b14db0529b9_d0_2.png": {"intrinsics": {"fx": 1071.49, "fy": 1071.67, "cx": 637.041, "cy": 513.587}, "camera_to_world_matrix": [-0.170194, 0.656547, 0.734834, 3.97774, 0.984746, 0.0859289, 0.151301, 2.4519, 0.0361929, 0.749375, -0.661156, 1.4944, 0.0, 0.0, 0.0, 1.0]}, "0b06e41938c84b91b41b6b14db0529b9_d0_3.png": {"intrinsics": {"fx": 1071.49, "fy": 1071.67, "cx": 637.041, "cy": 513.587}, "camera_to_world_matrix": [0.768251, 0.422712, 0.480734, 3.98266, 0.639889, -0.528474, -0.557904, 2.46559, 0.0182226, 0.736227, -0.676489, 1.4947, 0.0, 0.0, 0.0, 1.0]}, "0b06e41938c84b91b41b6b14db0529b9_d0_4.png": {"intrinsics": {"fx": 1071.49, "fy": 1071.67, "cx": 637.041, "cy": 513.587}, "camera_to_world_matrix": [0.938524, -0.226388, -0.260618, 3.99698, -0.345116, -0.633347, -0.692653, 2.46818, -0.00825352, 0.740014, -0.672541, 1.49462, 0.0, 0.0, 0.0, 1.0]}, "0b06e41938c84b91b41b6b14db0529b9_d0_5.png": {"intrinsics": {"fx": 1071.49, "fy": 1071.67, "cx": 637.041, "cy": 513.587}, "camera_to_world_matrix": [0.170348, -0.641637, -0.747853, 4.00638, -0.985242, -0.123814, -0.118192, 2.45707, -0.0167587, 0.756949, -0.653259, 1.49425, 0.0, 0.0, 0.0, 1.0]}, "0b06e41938c84b91b41b6b14db0529b9_d1_0.png": {"intrinsics": {"fx": 1077.15, "fy": 1077.62, "cx": 636.04, "cy": 512.33}, "camera_to_world_matrix": [-0.763227, 0.0245611, -0.645665, 3.99465, -0.64613, -0.0267014, 0.762761, 2.45098, 0.00149391, 0.999342, 0.0362495, 1.52747, 0.0, 0.0, 0.0, 1.0]}, "0b06e41938c84b91b41b6b14db0529b9_d1_1.png": {"intrinsics": {"fx": 1077.15, "fy": 1077.62, "cx": 636.04, "cy": 512.33}, "camera_to_world_matrix": [-0.940886, 0.0158862, 0.338351, 3.9912, 0.337564, -0.0386261, 0.94051, 2.45036, 0.0280101, 0.999128, 0.0309809, 1.52749, 0.0, 0.0, 0.0, 1.0]}, "0b06e41938c84b91b41b6b14db0529b9_d1_2.png": {"intrinsics": {"fx": 1077.15, "fy": 1077.62, "cx": 636.04, "cy": 512.33}, "camera_to_world_matrix": [-0.177537, 0.00122071, 0.984114, 3.98894, 0.98343, -0.0370802, 0.17746, 2.45303, 0.0367076, 0.999312, 0.00538335, 1.52758, 0.0, 0.0, 0.0, 1.0]}, "0b06e41938c84b91b41b6b14db0529b9_d1_3.png": {"intrinsics": {"fx": 1077.15, "fy": 1077.62, "cx": 636.04, "cy": 512.33}, "camera_to_world_matrix": [0.763454, -0.0047695, 0.645846, 3.99013, 0.645587, -0.0236096, -0.763322, 2.45632, 0.0188886, 0.99971, -0.014945, 1.52765, 0.0, 0.0, 0.0, 1.0]}, "0b06e41938c84b91b41b6b14db0529b9_d1_4.png": {"intrinsics": {"fx": 1077.15, "fy": 1077.62, "cx": 636.04, "cy": 512.33}, "camera_to_world_matrix": [0.941075, 0.00390587, -0.338177, 3.99357, -0.338114, -0.0116852, -0.941033, 2.45695, -0.00762741, 0.999925, -0.00967526, 1.52763, 0.0, 0.0, 0.0, 1.0]}, "0b06e41938c84b91b41b6b14db0529b9_d1_5.png": {"intrinsics": {"fx": 1077.15, "fy": 1077.62, "cx": 636.04, "cy": 512.33}, "camera_to_world_matrix": [0.1777, 0.0185713, -0.98391, 3.99583, -0.98395, -0.0132317, -0.177958, 2.45427, -0.0163238, 0.99974, 0.0159226, 1.52754, 0.0, 0.0, 0.0, 1.0]}, "0b06e41938c84b91b41b6b14db0529b9_d2_0.png": {"intrinsics": {"fx": 1074.75, "fy": 1074.95, "cx": 638.759, "cy": 502.199}, "camera_to_world_matrix": [-0.761723, 0.443098, -0.472696, 4.00211, -0.6479, -0.522854, 0.55394, 2.44171, -0.0017018, 0.728209, 0.685353, 1.56043, 0.0, 0.0, 0.0, 1.0]}, "0b06e41938c84b91b41b6b14db0529b9_d2_1.png": {"intrinsics": {"fx": 1074.75, "fy": 1074.95, "cx": 638.759, "cy": 502.199}, "camera_to_world_matrix": [-0.941752, -0.211544, 0.261442, 3.9878, 0.335389, -0.648154, 0.683674, 2.43913, 0.0248277, 0.731536, 0.68135, 1.56051, 0.0, 0.0, 0.0, 1.0]}, "0b06e41938c84b91b41b6b14db0529b9_d2_2.png": {"intrinsics": {"fx": 1074.75, "fy": 1074.95, "cx": 638.759, "cy": 502.199}, "camera_to_world_matrix": [-0.179938, -0.647259, 0.740728, 3.9784, 0.983104, -0.144041, 0.112951, 2.45023, 0.0335869, 0.748537, 0.662241, 1.56088, 0.0, 0.0, 0.0, 1.0]}, "0b06e41938c84b91b41b6b14db0529b9_d2_3.png": {"intrinsics": {"fx": 1074.75, "fy": 1074.95, "cx": 638.759, "cy": 502.199}, "camera_to_world_matrix": [0.761888, -0.428322, 0.485866, 3.98332, 0.647515, 0.485361, -0.587494, 2.46392, 0.0158164, 0.76221, 0.647135, 1.56117, 0.0, 0.0, 0.0, 1.0]}, "0b06e41938c84b91b41b6b14db0529b9_d2_4.png": {"intrinsics": {"fx": 1074.75, "fy": 1074.95, "cx": 638.759, "cy": 502.199}, "camera_to_world_matrix": [0.941878, 0.226324, -0.248277, 3.99764, -0.335781, 0.610635, -0.7172, 2.46651, -0.0107129, 0.758882, 0.651139, 1.5611, 0.0, 0.0, 0.0, 1.0]}, "0b06e41938c84b91b41b6b14db0529b9_d2_5.png": {"intrinsics": {"fx": 1074.75, "fy": 1074.95, "cx": 638.759, "cy": 502.199}, "camera_to_world_matrix": [0.180039, 0.662019, -0.727541, 4.00704, -0.983466, 0.106505, -0.146458, 2.4554, -0.0194711, 0.741881, 0.670249, 1.56072, 0.0, 0.0, 0.0, 1.0]}, "10f096d877cc45f79f47f82bcc3e7ffe_d0_0.png": {"intrinsics": {"fx": 1071.49, "fy": 1071.67, "cx": 637.041, "cy": 513.587}, "camera_to_world_matrix": [-0.342979, -0.615581, -0.709525, 7.72101, -0.939247, 0.235537, 0.249674, -13.1336, 0.0134247, 0.752052, -0.658967, 4.33811, 0.0, 0.0, 0.0, 1.0]}, "10f096d877cc45f79f47f82bcc3e7ffe_d0_1.png": {"intrinsics": {"fx": 1071.49, "fy": 1071.67, "cx": 637.041, "cy": 513.587}, "camera_to_world_matrix": [-0.984948, -0.106777, -0.135926, 7.70992, -0.172572, 0.652021, 0.738301, -13.143, 0.00979272, 0.750645, -0.660633, 4.33815, 0.0, 0.0, 0.0, 1.0]}, "10f096d877cc45f79f47f82bcc3e7ffe_d0_2.png": {"intrinsics": {"fx": 1071.49, "fy": 1071.67, "cx": 637.041, "cy": 513.587}, "camera_to_world_matrix": [-0.641954, 0.50831, 0.574036, 7.69622, 0.76672, 0.419622, 0.485859, -13.1381, 0.00608842, 0.752024, -0.659108, 4.33812, 0.0, 0.0, 0.0, 1.0]}, "10f096d877cc45f79f47f82bcc3e7ffe_d0_3.png": {"intrinsics": {"fx": 1071.49, "fy": 1071.67, "cx": 637.041, "cy": 513.587}, "camera_to_world_matrix": [0.343003, 0.614578, 0.710383, 7.6936, 0.939315, -0.229255, -0.255204, -13.1238, 0.00601626, 0.754809, -0.655917, 4.33805, 0.0, 0.0, 0.0, 1.0]}, "10f096d877cc45f79f47f82bcc3e7ffe_d0_4.png": {"intrinsics": {"fx": 1071.49, "fy": 1071.67, "cx": 637.041, "cy": 513.587}, "camera_to_world_matrix": [0.984942, 0.105757, 0.136764, 7.70469, 0.172615, -0.645719, -0.743808, -13.1144, 0.00964832, 0.756216, -0.654251, 4.33802, 0.0, 0.0, 0.0, 1.0]}, "10f096d877cc45f79f47f82bcc3e7ffe_d0_5.png": {"intrinsics": {"fx": 1071.49, "fy": 1071.67, "cx": 637.041, "cy": 513.587}, "camera_to_world_matrix": [0.641911, -0.50932, -0.573188, 7.71839, -0.766663, -0.413296, -0.491339, -13.1192, 0.0133526, 0.754837, -0.655776, 4.33805, 0.0, 0.0, 0.0, 1.0]}, "10f096d877cc45f79f47f82bcc3e7ffe_d1_0.png": {"intrinsics": {"fx": 1077.15, "fy": 1077.62, "cx": 636.04, "cy": 512.33}, "camera_to_world_matrix": [-0.335958, 0.0128021, -0.94179, 7.71058, -0.941775, 0.0102065, 0.336091, -13.1297, 0.0139149, 0.999866, 0.00862841, 4.37134, 0.0, 0.0, 0.0, 1.0]}, "10f096d877cc45f79f47f82bcc3e7ffe_d1_1.png": {"intrinsics": {"fx": 1077.15, "fy": 1077.62, "cx": 636.04, "cy": 512.33}, "camera_to_world_matrix": [-0.983629, 0.0112864, -0.179857, 7.70791, -0.179915, -0.00446312, 0.983672, -13.132, 0.0102993, 0.999927, 0.00642137, 4.37135, 0.0, 0.0, 0.0, 1.0]}, "10f096d877cc45f79f47f82bcc3e7ffe_d1_2.png": {"intrinsics": {"fx": 1077.15, "fy": 1077.62, "cx": 636.04, "cy": 512.33}, "camera_to_world_matrix": [-0.647655, -0.00217584, 0.761931, 7.70461, 0.761906, -0.0104852, 0.647604, -13.1308, 0.00657976, 0.999943, 0.00844931, 4.37134, 0.0, 0.0, 0.0, 1.0]}, "10f096d877cc45f79f47f82bcc3e7ffe_d1_3.png": {"intrinsics": {"fx": 1077.15, "fy": 1077.62, "cx": 636.04, "cy": 512.33}, "camera_to_world_matrix": [0.335981, -0.0141222, 0.941763, 7.70398, 0.941847, -0.00183758, -0.336038, -13.1274, 0.00647597, 0.999899, 0.0126843, 4.37133, 0.0, 0.0, 0.0, 1.0]}, "10f096d877cc45f79f47f82bcc3e7ffe_d1_4.png": {"intrinsics": {"fx": 1077.15, "fy": 1077.62, "cx": 636.04, "cy": 512.33}, "camera_to_world_matrix": [0.983622, -0.012606, 0.179804, 7.70665, 0.179962, 0.012832, -0.98359, -13.1251, 0.0100917, 0.999839, 0.0148912, 4.37132, 0.0, 0.0, 0.0, 1.0]}, "10f096d877cc45f79f47f82bcc3e7ffe_d1_5.png": {"intrinsics": {"fx": 1077.15, "fy": 1077.62, "cx": 636.04, "cy": 512.33}, "camera_to_world_matrix": [0.647612, 0.000856536, -0.76197, 7.70995, -0.761846, 0.0188536, -0.647485, -13.1263, 0.0138111, 0.999822, 0.0128631, 4.37133, 0.0, 0.0, 0.0, 1.0]}, "10f096d877cc45f79f47f82bcc3e7ffe_d2_0.png": {"intrinsics": {"fx": 1074.75, "fy": 1074.95, "cx": 638.759, "cy": 502.199}, "camera_to_world_matrix": [-0.3337, 0.629564, -0.701636, 7.72096, -0.942617, -0.21433, 0.255997, -13.1333, 0.0107847, 0.746801, 0.664959, 4.40461, 0.0, 0.0, 0.0, 1.0]}, "10f096d877cc45f79f47f82bcc3e7ffe_d2_1.png": {"intrinsics": {"fx": 1074.75, "fy": 1074.95, "cx": 638.759, "cy": 502.199}, "camera_to_world_matrix": [-0.983217, 0.126207, -0.13174, 7.70988, -0.182297, -0.651247, 0.736644, -13.1427, 0.00717436, 0.748297, 0.663324, 4.40465, 0.0, 0.0, 0.0, 1.0]}, "10f096d877cc45f79f47f82bcc3e7ffe_d2_2.png": {"intrinsics": {"fx": 1074.75, "fy": 1074.95, "cx": 638.759, "cy": 502.199}, "camera_to_world_matrix": [-0.649499, -0.503851, 0.569459, 7.69617, 0.760354, -0.433782, 0.483419, -13.1378, 0.0034499, 0.746971, 0.664847, 4.40462, 0.0, 0.0, 0.0, 1.0]}, "10f096d877cc45f79f47f82bcc3e7ffe_d2_3.png": {"intrinsics": {"fx": 1074.75, "fy": 1074.95, "cx": 638.759, "cy": 502.199}, "camera_to_world_matrix": [0.333727, -0.630539, 0.700747, 7.69356, 0.942663, 0.220594, -0.250446, -13.1235, 0.00333592, 0.744149, 0.668004, 4.40455, 0.0, 0.0, 0.0, 1.0]}, "10f096d877cc45f79f47f82bcc3e7ffe_d2_4.png": {"intrinsics": {"fx": 1074.75, "fy": 1074.95, "cx": 638.759, "cy": 502.199}, "camera_to_world_matrix": [0.983215, -0.127166, 0.130832, 7.70464, 0.182318, 0.657491, -0.731071, -13.1141, 0.00694643, 0.742653, 0.669639, 4.40452, 0.0, 0.0, 0.0, 1.0]}, "10f096d877cc45f79f47f82bcc3e7ffe_d2_5.png": {"intrinsics": {"fx": 1074.75, "fy": 1074.95, "cx": 638.759, "cy": 502.199}, "camera_to_world_matrix": [0.64946, 0.502885, -0.570358, 7.71835, -0.76032, 0.440002, -0.477819, -13.119, 0.0106708, 0.743979, 0.668117, 4.40455, 0.0, 0.0, 0.0, 1.0]}, "126dc91ccd544962bac6d80bded42afa_d0_0.png": {"intrinsics": {"fx": 1071.49, "fy": 1071.67, "cx": 637.041, "cy": 513.587}, "camera_to_world_matrix": [0.885131, -0.313264, -0.344108, 7.57, -0.465225, -0.579044, -0.669533, -15.2347, 0.010487, 0.752712, -0.658267, 4.33146, 0.0, 0.0, 0.0, 1.0]}, "126dc91ccd544962bac6d80bded42afa_d0_1.png": {"intrinsics": {"fx": 1071.49, "fy": 1071.67, "cx": 637.041, "cy": 513.587}, "camera_to_world_matrix": [0.0396559, -0.658147, -0.751845, 7.57786, -0.999172, -0.0192239, -0.035873, -15.2469, 0.00915626, 0.752645, -0.658363, 4.33146, 0.0, 0.0, 0.0, 1.0]}, "126dc91ccd544962bac6d80bded42afa_d0_2.png": {"intrinsics": {"fx": 1071.49, "fy": 1071.67, "cx": 637.041, "cy": 513.587}, "camera_to_world_matrix": [-0.845487, -0.345763, -0.40694, 7.57119, -0.53393, 0.559359, 0.634063, -15.2599, 0.00838974, 0.75337, -0.657544, 4.33144, 0.0, 0.0, 0.0, 1.0]}, "126dc91ccd544962bac6d80bded42afa_d0_3.png": {"intrinsics": {"fx": 1071.49, "fy": 1071.67, "cx": 637.041, "cy": 513.587}, "camera_to_world_matrix": [-0.885136, 0.311497, 0.345695, 7.55666, 0.465248, 0.57811, 0.670324, -15.2605, 0.00895407, 0.754162, -0.656628, 4.33142, 0.0, 0.0, 0.0, 1.0]}, "126dc91ccd544962bac6d80bded42afa_d0_4.png": {"intrinsics": {"fx": 1071.49, "fy": 1071.67, "cx": 637.041, "cy": 513.587}, "camera_to_world_matrix": [-0.03964, 0.656358, 0.753408, 7.5488, 0.999161, 0.0182762, 0.0366482, -15.2483, 0.0102848, 0.754229, -0.656531, 4.33142, 0.0, 0.0, 0.0, 1.0]}, "126dc91ccd544962bac6d80bded42afa_d0_5.png": {"intrinsics": {"fx": 1071.49, "fy": 1071.67, "cx": 637.041, "cy": 513.587}, "camera_to_world_matrix": [0.845485, 0.343951, 0.408476, 7.55547, 0.533885, -0.560295, -0.633275, -15.2354, 0.0110513, 0.753504, -0.657351, 4.33144, 0.0, 0.0, 0.0, 1.0]}, "126dc91ccd544962bac6d80bded42afa_d1_0.png": {"intrinsics": {"fx": 1077.15, "fy": 1077.62, "cx": 636.04, "cy": 512.33}, "camera_to_world_matrix": [0.888574, -0.00535997, -0.458704, 7.5649, -0.458604, 0.0135333, -0.888538, -15.2445, 0.0109701, 0.999894, 0.00956792, 4.36469, 0.0, 0.0, 0.0, 1.0]}, "126dc91ccd544962bac6d80bded42afa_d1_1.png": {"intrinsics": {"fx": 1077.15, "fy": 1077.62, "cx": 636.04, "cy": 512.33}, "camera_to_world_matrix": [0.0471111, 0.00897646, -0.99885, 7.56679, -0.998844, 0.0100741, -0.0470205, -15.2475, 0.00964024, 0.999909, 0.00944139, 4.36469, 0.0, 0.0, 0.0, 1.0]}, "126dc91ccd544962bac6d80bded42afa_d1_2.png": {"intrinsics": {"fx": 1077.15, "fy": 1077.62, "cx": 636.04, "cy": 512.33}, "camera_to_world_matrix": [-0.841476, 0.0131488, -0.540136, 7.56518, -0.540223, -0.00407127, 0.841512, -15.2506, 0.00886561, 0.999906, 0.0105298, 4.36469, 0.0, 0.0, 0.0, 1.0]}, "126dc91ccd544962bac6d80bded42afa_d1_3.png": {"intrinsics": {"fx": 1077.15, "fy": 1077.62, "cx": 636.04, "cy": 512.33}, "camera_to_world_matrix": [-0.88858, 0.00298453, 0.458713, 7.56169, 0.458626, -0.0147571, 0.888507, -15.2507, 0.00942087, 0.999887, 0.0117448, 4.36469, 0.0, 0.0, 0.0, 1.0]}, "126dc91ccd544962bac6d80bded42afa_d1_4.png": {"intrinsics": {"fx": 1077.15, "fy": 1077.62, "cx": 636.04, "cy": 512.33}, "camera_to_world_matrix": [-0.0470963, -0.0113518, 0.998826, 7.55979, 0.998833, -0.0112974, 0.0469685, -15.2478, 0.0107508, 0.999872, 0.0118713, 4.36469, 0.0, 0.0, 0.0, 1.0]}, "126dc91ccd544962bac6d80bded42afa_d1_5.png": {"intrinsics": {"fx": 1077.15, "fy": 1077.62, "cx": 636.04, "cy": 512.33}, "camera_to_world_matrix": [0.841473, -0.0155235, 0.540078, 7.5614, 0.540178, 0.00284815, -0.841546, -15.2447, 0.0115253, 0.999876, 0.0107828, 4.36469, 0.0, 0.0, 0.0, 1.0]}, "126dc91ccd544962bac6d80bded42afa_d2_0.png": {"intrinsics": {"fx": 1074.75, "fy": 1074.95, "cx": 638.759, "cy": 502.199}, "camera_to_world_matrix": [0.8897, 0.29868, -0.345287, 7.56993, -0.456477, 0.594957, -0.661555, -15.2347, 0.00783763, 0.746201, 0.665674, 4.39796, 0.0, 0.0, 0.0, 1.0]}, "126dc91ccd544962bac6d80bded42afa_d2_1.png": {"intrinsics": {"fx": 1074.75, "fy": 1074.95, "cx": 638.759, "cy": 502.199}, "camera_to_world_matrix": [0.049517, 0.664541, -0.74561, 7.57779, -0.998752, 0.03781, -0.0326293, -15.247, 0.00650804, 0.746295, 0.665583, 4.39796, 0.0, 0.0, 0.0, 1.0]}, "126dc91ccd544962bac6d80bded42afa_d2_2.png": {"intrinsics": {"fx": 1074.75, "fy": 1074.95, "cx": 638.759, "cy": 502.199}, "camera_to_world_matrix": [-0.840193, 0.36496, -0.401098, 7.57111, -0.542257, -0.557604, 0.628519, -15.2599, 0.00573077, 0.745575, 0.666397, 4.39794, 0.0, 0.0, 0.0, 1.0]}, "126dc91ccd544962bac6d80bded42afa_d2_3.png": {"intrinsics": {"fx": 1074.75, "fy": 1074.95, "cx": 638.759, "cy": 502.199}, "camera_to_world_matrix": [-0.889699, -0.300474, 0.34373, 7.55658, 0.456503, -0.595857, 0.660726, -15.2606, 0.00628312, 0.744761, 0.667301, 4.39792, 0.0, 0.0, 0.0, 1.0]}, "126dc91ccd544962bac6d80bded42afa_d2_4.png": {"intrinsics": {"fx": 1074.75, "fy": 1074.95, "cx": 638.759, "cy": 502.199}, "camera_to_world_matrix": [-0.0494947, -0.666313, 0.744028, 7.54872, 0.998745, -0.0386963, 0.0317847, -15.2483, 0.00761274, 0.744668, 0.667391, 4.39792, 0.0, 0.0, 0.0, 1.0]}, "126dc91ccd544962bac6d80bded42afa_d2_5.png": {"intrinsics": {"fx": 1074.75, "fy": 1074.95, "cx": 638.759, "cy": 502.199}, "camera_to_world_matrix": [0.840197, -0.366709, 0.39949, 7.55539, 0.542215, 0.556706, -0.62935, -15.2354, 0.00838995, 0.745388, 0.666578, 4.39794, 0.0, 0.0, 0.0, 1.0]}, "13e891ec449b4cfcbee4c1302b55336a_d0_0.png": {"intrinsics": {"fx": 1071.49, "fy": 1071.67, "cx": 637.041, "cy": 513.587}, "camera_to_world_matrix": [0.847628, -0.353464, -0.395716, 3.81718, -0.53055, -0.555259, -0.640473, -11.2321, 0.00665904, 0.752829, -0.658182, 1.46978, 0.0, 0.0, 0.0, 1.0]}, "13e891ec449b4cfcbee4c1302b55336a_d0_1.png": {"intrinsics": {"fx": 1071.49, "fy": 1071.67, "cx": 637.041, "cy": 513.587}, "camera_to_world_matrix": [-0.0356426, -0.655224, -0.754594, 3.8241, -0.999338, 0.0289322, 0.0220805, -11.2449, 0.00736433, 0.754881, -0.655821, 1.46974, 0.0, 0.0, 0.0, 1.0]}, "13e891ec449b4cfcbee4c1302b55336a_d0_2.png": {"intrinsics": {"fx": 1071.49, "fy": 1071.67, "cx": 637.041, "cy": 513.587}, "camera_to_world_matrix": [-0.883249, -0.300171, -0.360234, 3.81647, -0.468789, 0.582358, 0.664152, -11.2573, 0.0104258, 0.755485, -0.655083, 1.46972, 0.0, 0.0, 0.0, 1.0]}, "13e891ec449b4cfcbee4c1302b55336a_d0_3.png": {"intrinsics": {"fx": 1071.49, "fy": 1071.67, "cx": 637.041, "cy": 513.587}, "camera_to_world_matrix": [-0.847567, 0.356634, 0.392994, 3.80192, 0.530536, 0.55158, 0.643656, -11.2569, 0.012782, 0.754038, -0.656707, 1.46976, 0.0, 0.0, 0.0, 1.0]}, "13e891ec449b4cfcbee4c1302b55336a_d0_4.png": {"intrinsics": {"fx": 1071.49, "fy": 1071.67, "cx": 637.041, "cy": 513.587}, "camera_to_world_matrix": [0.0357222, 0.658372, 0.751846, 3.79501, 0.999289, -0.0326231, -0.0189117, -11.2441, 0.0120765, 0.751986, -0.659068, 1.4698, 0.0, 0.0, 0.0, 1.0]}, "13e891ec449b4cfcbee4c1302b55336a_d0_5.png": {"intrinsics": {"fx": 1071.49, "fy": 1071.67, "cx": 637.041, "cy": 513.587}, "camera_to_world_matrix": [0.883308, 0.303297, 0.357461, 3.80264, 0.468707, -0.586035, -0.660968, -11.2317, 0.00901505, 0.751382, -0.659806, 1.46982, 0.0, 0.0, 0.0, 1.0]}, "13e891ec449b4cfcbee4c1302b55336a_d1_0.png": {"intrinsics": {"fx": 1077.15, "fy": 1077.62, "cx": 636.04, "cy": 512.33}, "camera_to_world_matrix": [0.851561, -0.00100665, -0.524256, 3.81146, -0.524208, 0.011987, -0.851507, -11.2416, 0.00714121, 0.999928, 0.00968063, 1.50302, 0.0, 0.0, 0.0, 1.0]}, "13e891ec449b4cfcbee4c1302b55336a_d1_1.png": {"intrinsics": {"fx": 1077.15, "fy": 1077.62, "cx": 636.04, "cy": 512.33}, "camera_to_world_matrix": [-0.0281823, 0.0130287, -0.999518, 3.81312, -0.999573, 0.00745842, 0.0282807, -11.2447, 0.0078231, 0.999888, 0.0128136, 1.50301, 0.0, 0.0, 0.0, 1.0]}, "13e891ec449b4cfcbee4c1302b55336a_d1_2.png": {"intrinsics": {"fx": 1077.15, "fy": 1077.62, "cx": 636.04, "cy": 512.33}, "camera_to_world_matrix": [-0.879722, 0.0161242, -0.475218, 3.81129, -0.475367, -0.00696084, 0.879761, -11.2477, 0.0108774, 0.999846, 0.0137892, 1.50301, 0.0, 0.0, 0.0, 1.0]}, "13e891ec449b4cfcbee4c1302b55336a_d1_3.png": {"intrinsics": {"fx": 1077.15, "fy": 1077.62, "cx": 636.04, "cy": 512.33}, "camera_to_world_matrix": [-0.851498, 0.00518444, 0.524333, 3.80779, 0.524192, -0.0168512, 0.851434, -11.2476, 0.0132497, 0.999845, 0.0116319, 1.50302, 0.0, 0.0, 0.0, 1.0]}, "13e891ec449b4cfcbee4c1302b55336a_d1_4.png": {"intrinsics": {"fx": 1077.15, "fy": 1077.62, "cx": 636.04, "cy": 512.33}, "camera_to_world_matrix": [0.028264, -0.0088507, 0.999562, 3.80612, 0.999523, -0.0123222, -0.0283716, -11.2445, 0.0125677, 0.999885, 0.00849891, 1.50303, 0.0, 0.0, 0.0, 1.0]}, "13e891ec449b4cfcbee4c1302b55336a_d1_5.png": {"intrinsics": {"fx": 1077.15, "fy": 1077.62, "cx": 636.04, "cy": 512.33}, "camera_to_world_matrix": [0.879783, -0.0119457, 0.475228, 3.80796, 0.475283, 0.00209723, -0.879831, -11.2415, 0.00951336, 0.999927, 0.0075234, 1.50303, 0.0, 0.0, 0.0, 1.0]}, "13e891ec449b4cfcbee4c1302b55336a_d2_0.png": {"intrinsics": {"fx": 1074.75, "fy": 1074.95, "cx": 638.759, "cy": 502.199}, "camera_to_world_matrix": [0.852834, 0.345096, -0.391896, 3.81732, -0.522166, 0.569359, -0.634959, -11.2323, 0.00400838, 0.74615, 0.665766, 1.53628, 0.0, 0.0, 0.0, 1.0]}, "13e891ec449b4cfcbee4c1302b55336a_d2_1.png": {"intrinsics": {"fx": 1074.75, "fy": 1074.95, "cx": 638.759, "cy": 502.199}, "camera_to_world_matrix": [-0.0257868, 0.667975, -0.743737, 3.82424, -0.999656, -0.0137455, 0.0223148, -11.2451, 0.00468277, 0.744057, 0.6681, 1.53624, 0.0, 0.0, 0.0, 1.0]}, "13e891ec449b4cfcbee4c1302b55336a_d2_2.png": {"intrinsics": {"fx": 1074.75, "fy": 1074.95, "cx": 638.759, "cy": 502.199}, "camera_to_world_matrix": [-0.878606, 0.324422, -0.350431, 3.81661, -0.477485, -0.584918, 0.655652, -11.2575, 0.00773476, 0.743385, 0.668818, 1.53622, 0.0, 0.0, 0.0, 1.0]}, "13e891ec449b4cfcbee4c1302b55336a_d2_3.png": {"intrinsics": {"fx": 1074.75, "fy": 1074.95, "cx": 638.759, "cy": 502.199}, "camera_to_world_matrix": [-0.852784, -0.342003, 0.394706, 3.80206, 0.522165, -0.572972, 0.631701, -11.2571, 0.0101123, 0.744807, 0.667203, 1.53626, 0.0, 0.0, 0.0, 1.0]}, "13e891ec449b4cfcbee4c1302b55336a_d2_4.png": {"intrinsics": {"fx": 1074.75, "fy": 1074.95, "cx": 638.759, "cy": 502.199}, "camera_to_world_matrix": [0.0258554, -0.664859, 0.746521, 3.79515, 0.999621, 0.010145, -0.0255861, -11.2443, 0.00943782, 0.7469, 0.664869, 1.5363, 0.0, 0.0, 0.0, 1.0]}, "13e891ec449b4cfcbee4c1302b55336a_d2_5.png": {"intrinsics": {"fx": 1074.75, "fy": 1074.95, "cx": 638.759, "cy": 502.199}, "camera_to_world_matrix": [0.878654, -0.321284, 0.353191, 3.80278, 0.477416, 0.581304, -0.658908, -11.2319, 0.00638578, 0.747571, 0.664151, 1.53632, 0.0, 0.0, 0.0, 1.0]}, "148ca4f631fe4c06af243a86e008fb67_d0_0.png": {"intrinsics": {"fx": 1071.49, "fy": 1071.67, "cx": 637.041, "cy": 513.587}, "camera_to_world_matrix": [0.861975, -0.337637, -0.378155, 4.92284, -0.50681, -0.556259, -0.658575, -12.3732, 0.0120067, 0.759327, -0.650598, 1.48853, 0.0, 0.0, 0.0, 1.0]}, "148ca4f631fe4c06af243a86e008fb67_d0_1.png": {"intrinsics": {"fx": 1071.49, "fy": 1071.67, "cx": 637.041, "cy": 513.587}, "camera_to_world_matrix": [-0.00799699, -0.655432, -0.755212, 4.9301, -0.999794, 0.0193537, -0.00620982, -12.3858, 0.0186863, 0.755006, -0.655451, 1.48863, 0.0, 0.0, 0.0, 1.0]}, "148ca4f631fe4c06af243a86e008fb67_d0_2.png": {"intrinsics": {"fx": 1071.49, "fy": 1071.67, "cx": 637.041, "cy": 513.587}, "camera_to_world_matrix": [-0.869946, -0.315815, -0.378755, 4.92282, -0.492875, 0.582353, 0.646483, -12.3984, 0.0163994, 0.749084, -0.662272, 1.48876, 0.0, 0.0, 0.0, 1.0]}, "148ca4f631fe4c06af243a86e008fb67_d0_3.png": {"intrinsics": {"fx": 1071.49, "fy": 1071.67, "cx": 637.041, "cy": 513.587}, "camera_to_world_matrix": [-0.861904, 0.341589, 0.374751, 4.90827, 0.507017, 0.569726, 0.646797, -12.3984, 0.00743312, 0.747482, -0.66424, 1.4888, 0.0, 0.0, 0.0, 1.0]}, "148ca4f631fe4c06af243a86e008fb67_d0_4.png": {"intrinsics": {"fx": 1071.49, "fy": 1071.67, "cx": 637.041, "cy": 513.587}, "camera_to_world_matrix": [0.00808667, 0.659362, 0.751783, 4.901, 0.999967, -0.00589909, -0.00558251, -12.3858, 0.000753839, 0.751803, -0.659387, 1.4887, 0.0, 0.0, 0.0, 1.0]}, "148ca4f631fe4c06af243a86e008fb67_d0_5.png": {"intrinsics": {"fx": 1071.49, "fy": 1071.67, "cx": 637.041, "cy": 513.587}, "camera_to_world_matrix": [0.870016, 0.319723, 0.3753, 4.90829, 0.493014, -0.568885, -0.658261, -12.3732, 0.00304108, 0.757725, -0.652566, 1.48857, 0.0, 0.0, 0.0, 1.0]}, "148ca4f631fe4c06af243a86e008fb67_d1_0.png": {"intrinsics": {"fx": 1077.15, "fy": 1077.62, "cx": 636.04, "cy": 512.33}, "camera_to_world_matrix": [0.865731, -0.000885396, -0.500509, 4.91739, -0.500357, 0.0232724, -0.865507, -12.3825, 0.0124142, 0.999729, 0.0197053, 1.52188, 0.0, 0.0, 0.0, 1.0]}, "148ca4f631fe4c06af243a86e008fb67_d1_1.png": {"intrinsics": {"fx": 1077.15, "fy": 1077.62, "cx": 636.04, "cy": 512.33}, "camera_to_world_matrix": [-0.000532858, 0.0132697, -0.999912, 4.91914, -0.999817, 0.0191334, 0.000786446, -12.3855, 0.019142, 0.999729, 0.0132578, 1.5219, 0.0, 0.0, 0.0, 1.0]}, "148ca4f631fe4c06af243a86e008fb67_d1_2.png": {"intrinsics": {"fx": 1077.15, "fy": 1077.62, "cx": 636.04, "cy": 512.33}, "camera_to_world_matrix": [-0.866238, 0.0167628, -0.499353, 4.91739, -0.499347, 0.00480566, 0.866389, -12.3885, 0.0169226, 0.999848, 0.00420831, 1.52193, 0.0, 0.0, 0.0, 1.0]}, "148ca4f631fe4c06af243a86e008fb67_d1_3.png": {"intrinsics": {"fx": 1077.15, "fy": 1077.62, "cx": 636.04, "cy": 512.33}, "camera_to_world_matrix": [-0.865659, 0.00610058, 0.500599, 4.91389, 0.500573, -0.00538272, 0.865678, -12.3885, 0.00797553, 0.999967, 0.00160653, 1.52194, 0.0, 0.0, 0.0, 1.0]}, "148ca4f631fe4c06af243a86e008fb67_d1_4.png": {"intrinsics": {"fx": 1077.15, "fy": 1077.62, "cx": 636.04, "cy": 512.33}, "camera_to_world_matrix": [0.000625052, -0.00805439, 0.999968, 4.91214, 1.0, -0.00124313, -0.000634826, -12.3855, 0.00124802, 0.999967, 0.00805432, 1.52192, 0.0, 0.0, 0.0, 1.0]}, "148ca4f631fe4c06af243a86e008fb67_d1_5.png": {"intrinsics": {"fx": 1077.15, "fy": 1077.62, "cx": 636.04, "cy": 512.33}, "camera_to_world_matrix": [0.86631, -0.0115469, 0.499374, 4.91389, 0.499496, 0.0130847, -0.866218, -12.3825, 0.00346773, 0.999848, 0.0171037, 1.52189, 0.0, 0.0, 0.0, 1.0]}, "148ca4f631fe4c06af243a86e008fb67_d2_0.png": {"intrinsics": {"fx": 1074.75, "fy": 1074.95, "cx": 638.759, "cy": 502.199}, "camera_to_world_matrix": [0.866946, 0.32956, -0.373891, 4.92301, -0.498315, 0.587089, -0.637971, -12.3726, 0.0092575, 0.739402, 0.6732, 1.55503, 0.0, 0.0, 0.0, 1.0]}, "148ca4f631fe4c06af243a86e008fb67_d2_1.png": {"intrinsics": {"fx": 1074.75, "fy": 1074.95, "cx": 638.759, "cy": 502.199}, "camera_to_world_matrix": [0.00186273, 0.668436, -0.743767, 4.93028, -0.99987, 0.0131458, 0.0093105, -12.3852, 0.0160009, 0.743653, 0.668374, 1.55512, 0.0, 0.0, 0.0, 1.0]}, "148ca4f631fe4c06af243a86e008fb67_d2_2.png": {"intrinsics": {"fx": 1074.75, "fy": 1074.95, "cx": 638.759, "cy": 502.199}, "camera_to_world_matrix": [-0.865065, 0.340806, -0.368121, 4.92299, -0.501469, -0.567275, 0.653244, -12.3978, 0.0138033, 0.7497, 0.661633, 1.55525, 0.0, 0.0, 0.0, 1.0]}, "148ca4f631fe4c06af243a86e008fb67_d2_3.png": {"intrinsics": {"fx": 1074.75, "fy": 1074.95, "cx": 638.759, "cy": 502.199}, "camera_to_world_matrix": [-0.86689, -0.325694, 0.377392, 4.90844, 0.498475, -0.573739, 0.649881, -12.3978, 0.00486224, 0.751497, 0.659718, 1.55529, 0.0, 0.0, 0.0, 1.0]}, "148ca4f631fe4c06af243a86e008fb67_d2_4.png": {"intrinsics": {"fx": 1074.75, "fy": 1074.95, "cx": 638.759, "cy": 502.199}, "camera_to_world_matrix": [-0.00178674, -0.664548, 0.747244, 4.90118, 0.999996, 0.000218226, 0.0025851, -12.3852, -0.0018809, 0.747246, 0.664545, 1.5552, 0.0, 0.0, 0.0, 1.0]}, "148ca4f631fe4c06af243a86e008fb67_d2_5.png": {"intrinsics": {"fx": 1074.75, "fy": 1074.95, "cx": 638.759, "cy": 502.199}, "camera_to_world_matrix": [0.865122, -0.336894, 0.371573, 4.90846, 0.501561, 0.580626, -0.641334, -12.3726, 0.0003171, 0.741199, 0.671285, 1.55507, 0.0, 0.0, 0.0, 1.0]}, "1962d6bb7af4424c9902b0246ba766b8_d0_0.png": {"intrinsics": {"fx": 1071.49, "fy": 1071.67, "cx": 637.041, "cy": 513.587}, "camera_to_world_matrix": [-0.694989, -0.467312, -0.546452, 0.821519, -0.718967, 0.460962, 0.520194, -7.2375, 0.00880037, 0.75441, -0.656345, 1.50454, 0.0, 0.0, 0.0, 1.0]}, "1962d6bb7af4424c9902b0246ba766b8_d0_1.png": {"intrinsics": {"fx": 1071.49, "fy": 1071.67, "cx": 637.041, "cy": 513.587}, "camera_to_world_matrix": [-0.970119, 0.166813, 0.17619, 0.807561, 0.242402, 0.634821, 0.733651, -7.24161, 0.0105341, 0.754438, -0.656287, 1.50454, 0.0, 0.0, 0.0, 1.0]}, "1962d6bb7af4424c9902b0246ba766b8_d0_2.png": {"intrinsics": {"fx": 1071.49, "fy": 1071.67, "cx": 637.041, "cy": 513.587}, "camera_to_world_matrix": [-0.275104, 0.634437, 0.722363, 0.797025, 0.961347, 0.172576, 0.214548, -7.23157, 0.0114542, 0.753464, -0.65739, 1.50456, 0.0, 0.0, 0.0, 1.0]}, "1962d6bb7af4424c9902b0246ba766b8_d0_3.png": {"intrinsics": {"fx": 1071.49, "fy": 1071.67, "cx": 637.041, "cy": 513.587}, "camera_to_world_matrix": [0.695025, 0.467924, 0.545883, 0.800449, 0.718907, -0.463517, -0.518001, -7.21743, 0.0106406, 0.752463, -0.658549, 1.50458, 0.0, 0.0, 0.0, 1.0]}, "1962d6bb7af4424c9902b0246ba766b8_d0_4.png": {"intrinsics": {"fx": 1071.49, "fy": 1071.67, "cx": 637.041, "cy": 513.587}, "camera_to_world_matrix": [0.970118, -0.166209, -0.176768, 0.814408, -0.242472, -0.637352, -0.73143, -7.21333, 0.00890686, 0.752435, -0.658607, 1.50458, 0.0, 0.0, 0.0, 1.0]}, "1962d6bb7af4424c9902b0246ba766b8_d0_5.png": {"intrinsics": {"fx": 1071.49, "fy": 1071.67, "cx": 637.041, "cy": 513.587}, "camera_to_world_matrix": [0.275074, -0.633814, -0.722921, 0.824943, -0.96139, -0.175089, -0.212306, -7.22336, 0.00798684, 0.753408, -0.657504, 1.50456, 0.0, 0.0, 0.0, 1.0]}, "1962d6bb7af4424c9902b0246ba766b8_d1_0.png": {"intrinsics": {"fx": 1077.15, "fy": 1077.62, "cx": 636.04, "cy": 512.33}, "camera_to_world_matrix": [-0.689601, 0.0151655, -0.724032, 0.813532, -0.724131, -0.00164974, 0.689661, -7.22994, 0.00926438, 0.999884, 0.0121202, 1.53781, 0.0, 0.0, 0.0, 1.0]}, "1962d6bb7af4424c9902b0246ba766b8_d1_1.png": {"intrinsics": {"fx": 1077.15, "fy": 1077.62, "cx": 636.04, "cy": 512.33}, "camera_to_world_matrix": [-0.971897, 0.00782079, 0.235279, 0.810174, 0.235153, -0.0144386, 0.971852, -7.23093, 0.0109976, 0.999866, 0.0121944, 1.53781, 0.0, 0.0, 0.0, 1.0]}, "1962d6bb7af4424c9902b0246ba766b8_d1_2.png": {"intrinsics": {"fx": 1077.15, "fy": 1077.62, "cx": 636.04, "cy": 512.33}, "camera_to_world_matrix": [-0.28227, -0.00692703, 0.95931, 0.80764, 0.959262, -0.0144722, 0.282151, -7.22851, 0.0119286, 0.999872, 0.0107306, 1.53781, 0.0, 0.0, 0.0, 1.0]}, "1962d6bb7af4424c9902b0246ba766b8_d1_3.png": {"intrinsics": {"fx": 1077.15, "fy": 1077.62, "cx": 636.04, "cy": 512.33}, "camera_to_world_matrix": [0.689637, -0.0143298, 0.724014, 0.808464, 0.72407, -0.00171688, -0.689725, -7.22511, 0.0111265, 0.999896, 0.00919249, 1.53782, 0.0, 0.0, 0.0, 1.0]}, "1962d6bb7af4424c9902b0246ba766b8_d1_4.png": {"intrinsics": {"fx": 1077.15, "fy": 1077.62, "cx": 636.04, "cy": 512.33}, "camera_to_world_matrix": [0.971896, -0.00698466, -0.235308, 0.811822, -0.235225, 0.0110717, -0.971878, -7.22412, 0.00939331, 0.999915, 0.00911827, 1.53782, 0.0, 0.0, 0.0, 1.0]}, "1962d6bb7af4424c9902b0246ba766b8_d1_5.png": {"intrinsics": {"fx": 1077.15, "fy": 1077.62, "cx": 636.04, "cy": 512.33}, "camera_to_world_matrix": [0.282241, 0.00776317, -0.959312, 0.814356, -0.959307, 0.0111047, -0.282149, -7.22654, 0.0084623, 0.999909, 0.0105822, 1.53781, 0.0, 0.0, 0.0, 1.0]}, "1962d6bb7af4424c9902b0246ba766b8_d2_0.png": {"intrinsics": {"fx": 1074.75, "fy": 1074.95, "cx": 638.759, "cy": 502.199}, "camera_to_world_matrix": [-0.687877, 0.487686, -0.537574, 0.821547, -0.7258, -0.455921, 0.51512, -7.23761, 0.00612572, 0.744512, 0.667581, 1.57104, 0.0, 0.0, 0.0, 1.0]}, "1962d6bb7af4424c9902b0246ba766b8_d2_1.png": {"intrinsics": {"fx": 1074.75, "fy": 1074.95, "cx": 638.759, "cy": 502.199}, "camera_to_world_matrix": [-0.972486, -0.149763, 0.178442, 0.807588, 0.232827, -0.650665, 0.722791, -7.24172, 0.00785878, 0.74445, 0.667631, 1.57104, 0.0, 0.0, 0.0, 1.0]}, "1962d6bb7af4424c9902b0246ba766b8_d2_2.png": {"intrinsics": {"fx": 1074.75, "fy": 1074.95, "cx": 638.759, "cy": 502.199}, "camera_to_world_matrix": [-0.284584, -0.637134, 0.71629, 0.797053, 0.95861, -0.195984, 0.206532, -7.23169, 0.00879338, 0.745419, 0.666537, 1.57106, 0.0, 0.0, 0.0, 1.0]}, "1962d6bb7af4424c9902b0246ba766b8_d2_3.png": {"intrinsics": {"fx": 1074.75, "fy": 1074.95, "cx": 638.759, "cy": 502.199}, "camera_to_world_matrix": [0.687912, -0.487046, 0.538111, 0.800477, 0.72575, 0.45343, -0.517386, -7.21754, 0.00799492, 0.74645, 0.665393, 1.57108, 0.0, 0.0, 0.0, 1.0]}, "1962d6bb7af4424c9902b0246ba766b8_d2_4.png": {"intrinsics": {"fx": 1074.75, "fy": 1074.95, "cx": 638.759, "cy": 502.199}, "camera_to_world_matrix": [0.972483, 0.150411, -0.177913, 0.814436, -0.232889, 0.648149, -0.725028, -7.21344, 0.00626188, 0.746511, 0.665342, 1.57108, 0.0, 0.0, 0.0, 1.0]}, "1962d6bb7af4424c9902b0246ba766b8_d2_5.png": {"intrinsics": {"fx": 1074.75, "fy": 1074.95, "cx": 638.759, "cy": 502.199}, "camera_to_world_matrix": [0.284552, 0.637765, -0.715742, 0.824971, -0.958645, 0.193449, -0.208748, -7.22347, 0.00532733, 0.745542, 0.666436, 1.57106, 0.0, 0.0, 0.0, 1.0]}, "1981c29bb2b049138b7ada0f2b35c526_d0_0.png": {"intrinsics": {"fx": 1071.49, "fy": 1071.67, "cx": 637.041, "cy": 513.587}, "camera_to_world_matrix": [0.944688, 0.208902, 0.252835, -2.87725, 0.327828, -0.624342, -0.709032, -5.66065, 0.00973725, 0.7527, -0.658291, 1.50888, 0.0, 0.0, 0.0, 1.0]}, "1981c29bb2b049138b7ada0f2b35c526_d0_1.png": {"intrinsics": {"fx": 1071.49, "fy": 1071.67, "cx": 637.041, "cy": 513.587}, "camera_to_world_matrix": [0.756253, -0.435425, -0.488351, -2.86294, -0.654221, -0.493251, -0.573322, -5.66328, 0.00875891, 0.753066, -0.657887, 1.50887, 0.0, 0.0, 0.0, 1.0]}, "1981c29bb2b049138b7ada0f2b35c526_d0_2.png": {"intrinsics": {"fx": 1071.49, "fy": 1071.67, "cx": 637.041, "cy": 513.587}, "camera_to_world_matrix": [-0.188449, -0.644053, -0.741407, -2.85806, -0.982045, 0.1303, 0.136422, -5.67699, 0.00874218, 0.753803, -0.657043, 1.50886, 0.0, 0.0, 0.0, 1.0]}, "1981c29bb2b049138b7ada0f2b35c526_d0_3.png": {"intrinsics": {"fx": 1071.49, "fy": 1071.67, "cx": 637.041, "cy": 513.587}, "camera_to_world_matrix": [-0.944694, -0.208348, -0.25327, -2.8675, -0.327811, 0.622747, 0.710441, -5.68807, 0.00970385, 0.754173, -0.656604, 1.50885, 0.0, 0.0, 0.0, 1.0]}, "1981c29bb2b049138b7ada0f2b35c526_d0_4.png": {"intrinsics": {"fx": 1071.49, "fy": 1071.67, "cx": 637.041, "cy": 513.587}, "camera_to_world_matrix": [-0.756221, 0.435974, 0.487912, -2.88181, 0.65423, 0.491631, 0.574702, -5.68543, 0.0106821, 0.753807, -0.657008, 1.50886, 0.0, 0.0, 0.0, 1.0]}, "1981c29bb2b049138b7ada0f2b35c526_d0_5.png": {"intrinsics": {"fx": 1071.49, "fy": 1071.67, "cx": 637.041, "cy": 513.587}, "camera_to_world_matrix": [0.188494, 0.644577, 0.740939, -2.88668, 0.982017, -0.131928, -0.135053, -5.67172, 0.0106989, 0.753071, -0.657852, 1.50887, 0.0, 0.0, 0.0, 1.0]}, "1981c29bb2b049138b7ada0f2b35c526_d1_0.png": {"intrinsics": {"fx": 1077.15, "fy": 1077.62, "cx": 636.04, "cy": 512.33}, "camera_to_world_matrix": [0.942211, -0.0128237, 0.334778, -2.87353, 0.334867, 0.00556301, -0.942249, -5.67109, 0.0102206, 0.999903, 0.00953647, 1.54212, 0.0, 0.0, 0.0, 1.0]}, "1981c29bb2b049138b7ada0f2b35c526_d1_1.png": {"intrinsics": {"fx": 1077.15, "fy": 1077.62, "cx": 636.04, "cy": 512.33}, "camera_to_world_matrix": [0.761111, -0.000497177, -0.648622, -2.87009, -0.648557, 0.0136597, -0.761045, -5.67173, 0.00923816, 0.999907, 0.0100748, 1.54212, 0.0, 0.0, 0.0, 1.0]}, "1981c29bb2b049138b7ada0f2b35c526_d1_2.png": {"intrinsics": {"fx": 1077.15, "fy": 1077.62, "cx": 636.04, "cy": 512.33}, "camera_to_world_matrix": [-0.181113, 0.0126779, -0.983381, -2.86892, -0.98342, 0.00703279, 0.181211, -5.67503, 0.00921309, 0.999895, 0.0111947, 1.54211, 0.0, 0.0, 0.0, 1.0]}, "1981c29bb2b049138b7ada0f2b35c526_d1_3.png": {"intrinsics": {"fx": 1077.15, "fy": 1077.62, "cx": 636.04, "cy": 512.33}, "camera_to_world_matrix": [-0.942217, 0.0135262, -0.334733, -2.87119, -0.334852, -0.00769065, 0.94224, -5.67769, 0.0101704, 0.999879, 0.0117762, 1.54211, 0.0, 0.0, 0.0, 1.0]}, "1981c29bb2b049138b7ada0f2b35c526_d1_4.png": {"intrinsics": {"fx": 1077.15, "fy": 1077.62, "cx": 636.04, "cy": 512.33}, "camera_to_world_matrix": [-0.761079, 0.00119937, 0.648659, -2.87463, 0.648565, -0.0157868, 0.760997, -5.67706, 0.0111528, 0.999875, 0.0112379, 1.54211, 0.0, 0.0, 0.0, 1.0]}, "1981c29bb2b049138b7ada0f2b35c526_d1_5.png": {"intrinsics": {"fx": 1077.15, "fy": 1077.62, "cx": 636.04, "cy": 512.33}, "camera_to_world_matrix": [0.181159, -0.0119755, 0.983381, -2.8758, 0.983391, -0.00915943, -0.181272, -5.67376, 0.0111778, 0.999887, 0.010118, 1.54212, 0.0, 0.0, 0.0, 1.0]}, "1981c29bb2b049138b7ada0f2b35c526_d2_0.png": {"intrinsics": {"fx": 1074.75, "fy": 1074.95, "cx": 638.759, "cy": 502.199}, "camera_to_world_matrix": [0.941426, -0.229411, 0.247156, -2.87722, 0.337143, 0.624912, -0.704145, -5.66072, 0.00708813, 0.746228, 0.665652, 1.57538, 0.0, 0.0, 0.0, 1.0]}, "1981c29bb2b049138b7ada0f2b35c526_d2_1.png": {"intrinsics": {"fx": 1074.75, "fy": 1074.95, "cx": 638.759, "cy": 502.199}, "camera_to_world_matrix": [0.762687, 0.427309, -0.485506, -2.86291, -0.646739, 0.510957, -0.566261, -5.66335, 0.00610443, 0.745876, 0.666057, 1.57537, 0.0, 0.0, 0.0, 1.0]}, "1981c29bb2b049138b7ada0f2b35c526_d2_2.png": {"intrinsics": {"fx": 1074.75, "fy": 1074.95, "cx": 638.759, "cy": 502.199}, "camera_to_world_matrix": [-0.178754, 0.656972, -0.732417, -2.85804, -0.983875, -0.114759, 0.137188, -5.67706, 0.00607667, 0.745129, 0.666892, 1.57536, 0.0, 0.0, 0.0, 1.0]}, "1981c29bb2b049138b7ada0f2b35c526_d2_3.png": {"intrinsics": {"fx": 1074.75, "fy": 1074.95, "cx": 638.759, "cy": 502.199}, "camera_to_world_matrix": [-0.941435, 0.229911, -0.24666, -2.86748, -0.337121, -0.626507, 0.702737, -5.68814, 0.00703262, 0.744735, 0.667322, 1.57535, 0.0, 0.0, 0.0, 1.0]}, "1981c29bb2b049138b7ada0f2b35c526_d2_4.png": {"intrinsics": {"fx": 1074.75, "fy": 1074.95, "cx": 638.759, "cy": 502.199}, "camera_to_world_matrix": [-0.762656, -0.426805, 0.485997, -2.88179, 0.646754, -0.512526, 0.564825, -5.6855, 0.00801633, 0.745087, 0.666918, 1.57536, 0.0, 0.0, 0.0, 1.0]}, "1981c29bb2b049138b7ada0f2b35c526_d2_5.png": {"intrinsics": {"fx": 1074.75, "fy": 1074.95, "cx": 638.759, "cy": 502.199}, "camera_to_world_matrix": [0.178798, -0.656444, 0.73288, -2.88666, 0.983853, 0.113199, -0.138634, -5.67179, 0.00804404, 0.745833, 0.666083, 1.57537, 0.0, 0.0, 0.0, 1.0]}, "1a681f5111a94b0b8892b2f2f41ba9f9_d0_0.png": {"intrinsics": {"fx": 1071.49, "fy": 1071.67, "cx": 637.041, "cy": 513.587}, "camera_to_world_matrix": [-0.385475, 0.613657, 0.689083, 9.92913, 0.922718, 0.255264, 0.288848, -15.797, 0.00135531, 0.747172, -0.664629, 4.36205, 0.0, 0.0, 0.0, 1.0]}, "1a681f5111a94b0b8892b2f2f41ba9f9_d0_1.png": {"intrinsics": {"fx": 1071.49, "fy": 1071.67, "cx": 637.041, "cy": 513.587}, "camera_to_world_matrix": [0.606319, 0.522597, 0.599392, 9.93088, 0.795217, -0.395879, -0.459249, -15.7825, -0.00271531, 0.755098, -0.655606, 4.36187, 0.0, 0.0, 0.0, 1.0]}, "1a681f5111a94b0b8892b2f2f41ba9f9_d0_2.png": {"intrinsics": {"fx": 1071.49, "fy": 1071.67, "cx": 637.041, "cy": 513.587}, "camera_to_world_matrix": [0.991835, -0.0868763, -0.0933657, 9.94426, -0.127408, -0.642551, -0.755577, -15.7768, 0.00564938, 0.761303, -0.648373, 4.36173, 0.0, 0.0, 0.0, 1.0]}, "1a681f5111a94b0b8892b2f2f41ba9f9_d0_3.png": {"intrinsics": {"fx": 1071.49, "fy": 1071.67, "cx": 637.041, "cy": 513.587}, "camera_to_world_matrix": [0.385547, -0.605275, -0.696416, 9.9559, -0.922511, -0.238074, -0.303801, -15.7855, 0.0180846, 0.759581, -0.650161, 4.36177, 0.0, 0.0, 0.0, 1.0]}, "1a681f5111a94b0b8892b2f2f41ba9f9_d0_4.png": {"intrinsics": {"fx": 1071.49, "fy": 1071.67, "cx": 637.041, "cy": 513.587}, "camera_to_world_matrix": [-0.606242, -0.51419, -0.606696, 9.95415, -0.794972, 0.413066, 0.444293, -15.8, 0.0221547, 0.751655, -0.659184, 4.36194, 0.0, 0.0, 0.0, 1.0]}, "1a681f5111a94b0b8892b2f2f41ba9f9_d0_5.png": {"intrinsics": {"fx": 1071.49, "fy": 1071.67, "cx": 637.041, "cy": 513.587}, "camera_to_world_matrix": [-0.991721, 0.0952929, 0.086073, 9.94077, 0.127668, 0.659714, 0.740593, -15.8057, 0.0137897, 0.745451, -0.666418, 4.36208, 0.0, 0.0, 0.0, 1.0]}, "1a681f5111a94b0b8892b2f2f41ba9f9_d1_0.png": {"intrinsics": {"fx": 1077.15, "fy": 1077.62, "cx": 636.04, "cy": 512.33}, "camera_to_world_matrix": [-0.392346, -0.000232519, 0.919818, 9.93948, 0.919817, -0.00216677, 0.392345, -15.7922, 0.00190162, 0.999998, 0.00106471, 4.39519, 0.0, 0.0, 0.0, 1.0]}, "1a681f5111a94b0b8892b2f2f41ba9f9_d1_1.png": {"intrinsics": {"fx": 1077.15, "fy": 1077.62, "cx": 636.04, "cy": 512.33}, "camera_to_world_matrix": [0.600368, -0.00907462, 0.799673, 9.9399, 0.799722, 0.00963616, -0.600294, -15.7888, -0.00225852, 0.999913, 0.0130431, 4.39515, 0.0, 0.0, 0.0, 1.0]}, "1a681f5111a94b0b8892b2f2f41ba9f9_d1_2.png": {"intrinsics": {"fx": 1077.15, "fy": 1077.62, "cx": 636.04, "cy": 512.33}, "camera_to_world_matrix": [0.992757, -0.00327385, -0.120103, 9.94312, -0.119997, 0.023194, -0.992504, -15.7874, 0.0060348, 0.999726, 0.0226339, 4.39511, 0.0, 0.0, 0.0, 1.0]}, "1a681f5111a94b0b8892b2f2f41ba9f9_d1_3.png": {"intrinsics": {"fx": 1077.15, "fy": 1077.62, "cx": 636.04, "cy": 512.33}, "camera_to_world_matrix": [0.392423, 0.0113689, -0.919715, 9.94592, -0.919599, 0.0249486, -0.392066, -15.7895, 0.0184881, 0.999624, 0.020246, 4.39512, 0.0, 0.