{"00b4950b469b4520b29f895aa029419c_d0_0.png": {"intrinsics": {"fx": 1073.65, "fy": 1074.78, "cx": 629.487, "cy": 519.247}, "camera_to_world_matrix": [-0.921611, -0.25191, -0.295252, -12.7331, -0.387302, 0.646122, 0.657665, -0.273095, 0.0250966, 0.720463, -0.693039, 0.0892296, 0.0, 0.0, 0.0, 1.0]}, "00b4950b469b4520b29f895aa029419c_d0_1.png": {"intrinsics": {"fx": 1073.65, "fy": 1074.78, "cx": 629.487, "cy": 519.247}, "camera_to_world_matrix": [-0.796803, 0.408919, 0.444848, -12.7475, 0.604061, 0.55691, 0.570054, -0.271374, -0.0146343, 0.722936, -0.69076, 0.0891847, 0.0, 0.0, 0.0, 1.0]}, "00b4950b469b4520b29f895aa029419c_d0_2.png": {"intrinsics": {"fx": 1073.65, "fy": 1074.78, "cx": 629.487, "cy": 519.247}, "camera_to_world_matrix": [0.124839, 0.662041, 0.738997, -12.7533, 0.991673, -0.0595355, -0.114188, -0.258012, -0.0316006, 0.747099, -0.663961, 0.0886613, 0.0, 0.0, 0.0, 1.0]}, "00b4950b469b4520b29f895aa029419c_d0_3.png": {"intrinsics": {"fx": 1073.65, "fy": 1074.78, "cx": 629.487, "cy": 519.247}, "camera_to_world_matrix": [0.921653, 0.254329, 0.293039, -12.7445, 0.387914, -0.586755, -0.710803, -0.24637, -0.00883561, 0.768788, -0.639442, 0.0881829, 0.0, 0.0, 0.0, 1.0]}, "00b4950b469b4520b29f895aa029419c_d0_4.png": {"intrinsics": {"fx": 1073.65, "fy": 1074.78, "cx": 629.487, "cy": 519.247}, "camera_to_world_matrix": [0.796806, -0.406496, -0.447057, -12.7301, -0.603444, -0.497516, -0.623163, -0.248092, 0.0308952, 0.766314, -0.641723, 0.0882278, 0.0, 0.0, 0.0, 1.0]}, "00b4950b469b4520b29f895aa029419c_d0_5.png": {"intrinsics": {"fx": 1073.65, "fy": 1074.78, "cx": 629.487, "cy": 519.247}, "camera_to_world_matrix": [-0.124851, -0.659594, -0.741179, -12.7244, -0.99102, 0.118939, 0.0610904, -0.261455, 0.0478601, 0.742151, -0.668522, 0.0887512, 0.0, 0.0, 0.0, 1.0]}, "00b4950b469b4520b29f895aa029419c_d1_0.png": {"intrinsics": {"fx": 1072.73, "fy": 1073.34, "cx": 631.073, "cy": 525.321}, "camera_to_world_matrix": [-0.919098, 0.0055018, -0.393987, -12.7374, -0.393685, 0.0287609, 0.918795, -0.261623, 0.0163867, 0.999571, -0.0242689, 0.122056, 0.0, 0.0, 0.0, 1.0]}, "00b4950b469b4520b29f895aa029419c_d1_1.png": {"intrinsics": {"fx": 1072.73, "fy": 1073.34, "cx": 631.073, "cy": 525.321}, "camera_to_world_matrix": [-0.800778, -0.00602838, 0.598931, -12.7409, 0.598505, 0.0309567, 0.80052, -0.261209, -0.0233665, 0.999502, -0.0211822, 0.122045, 0.0, 0.0, 0.0, 1.0]}, "00b4950b469b4520b29f895aa029419c_d1_2.png": {"intrinsics": {"fx": 1072.73, "fy": 1073.34, "cx": 631.073, "cy": 525.321}, "camera_to_world_matrix": [0.118338, -0.00989088, 0.992924, -12.7422, 0.992144, 0.0420321, -0.117826, -0.257994, -0.040569, 0.999067, 0.0147864, 0.121919, 0.0, 0.0, 0.0, 1.0]}, "00b4950b469b4520b29f895aa029419c_d1_3.png": {"intrinsics": {"fx": 1072.73, "fy": 1073.34, "cx": 631.073, "cy": 525.321}, "camera_to_world_matrix": [0.919111, -0.0022231, 0.39399, -12.7401, 0.393584, 0.0509114, -0.917877, -0.255194, -0.0180178, 0.9987, 0.0476675, 0.121804, 0.0, 0.0, 0.0, 1.0]}, "00b4950b469b4520b29f895aa029419c_d1_4.png": {"intrinsics": {"fx": 1072.73, "fy": 1073.34, "cx": 631.073, "cy": 525.321}, "camera_to_world_matrix": [0.800752, 0.00930701, -0.598923, -12.7367, -0.598601, 0.0487151, -0.799564, -0.255608, 0.0217353, 0.998769, 0.0445792, 0.121815, 0.0, 0.0, 0.0, 1.0]}, "00b4950b469b4520b29f895aa029419c_d1_5.png": {"intrinsics": {"fx": 1072.73, "fy": 1073.34, "cx": 631.073, "cy": 525.321}, "camera_to_world_matrix": [-0.118379, 0.0131691, -0.992881, -12.7353, -0.992204, 0.0376396, 0.118798, -0.258822, 0.0389363, 0.999204, 0.00860991, 0.121941, 0.0, 0.0, 0.0, 1.0]}, "00b4950b469b4520b29f895aa029419c_d2_0.png": {"intrinsics": {"fx": 1076.51, "fy": 1076.92, "cx": 629.969, "cy": 507.819}, "camera_to_world_matrix": [-0.917516, 0.272688, -0.289486, -12.733, -0.396952, -0.583469, 0.708514, -0.270446, 0.0242974, 0.764987, 0.643585, 0.155677, 0.0, 0.0, 0.0, 1.0]}, "00b4950b469b4520b29f895aa029419c_d2_1.png": {"intrinsics": {"fx": 1076.51, "fy": 1076.92, "cx": 629.969, "cy": 507.819}, "camera_to_world_matrix": [-0.803079, -0.394345, 0.446713, -12.7474, 0.595668, -0.511838, 0.619031, -0.268725, -0.0154666, 0.763225, 0.645945, 0.155632, 0.0, 0.0, 0.0, 1.0]}, "00b4950b469b4520b29f895aa029419c_d2_2.png": {"intrinsics": {"fx": 1076.51, "fy": 1076.92, "cx": 629.969, "cy": 507.819}, "camera_to_world_matrix": [0.114466, -0.665809, 0.737289, -12.7531, 0.992883, 0.101187, -0.0627723, -0.255362, -0.0328091, 0.739229, 0.672652, 0.155108, 0.0, 0.0, 0.0, 1.0]}, "00b4950b469b4520b29f895aa029419c_d2_3.png": {"intrinsics": {"fx": 1076.51, "fy": 1076.92, "cx": 629.969, "cy": 507.819}, "camera_to_world_matrix": [0.917554, -0.270232, 0.291659, -12.7444, 0.397471, 0.642567, -0.655076, -0.243721, -0.0103872, 0.716995, 0.696998, 0.15463, 0.0, 0.0, 0.0, 1.0]}, "00b4950b469b4520b29f895aa029419c_d2_4.png": {"intrinsics": {"fx": 1076.51, "fy": 1076.92, "cx": 629.969, "cy": 507.819}, "camera_to_world_matrix": [0.803079, 0.396798, -0.444537, -12.73, -0.595144, 0.57091, -0.565563, -0.245442, 0.0293767, 0.718757, 0.694637, 0.154675, 0.0, 0.0, 0.0, 1.0]}, "00b4950b469b4520b29f895aa029419c_d2_5.png": {"intrinsics": {"fx": 1076.51, "fy": 1076.92, "cx": 629.969, "cy": 507.819}, "camera_to_world_matrix": [-0.114482, 0.668237, -0.735086, -12.7243, -0.992324, -0.0421254, 0.116251, -0.258805, 0.0467178, 0.742754, 0.66793, 0.155198, 0.0, 0.0, 0.0, 1.0]}, "00eeb37f552c4a37a49bf257703f3f92_d0_0.png": {"intrinsics": {"fx": 1073.65, "fy": 1074.78, "cx": 629.487, "cy": 519.247}, "camera_to_world_matrix": [-0.878305, -0.318194, -0.356837, -12.6863, -0.477806, 0.61037, 0.631783, -1.28909, 0.016773, 0.725397, -0.688126, 0.124954, 0.0, 0.0, 0.0, 1.0]}, "00eeb37f552c4a37a49bf257703f3f92_d0_1.png": {"intrinsics": {"fx": 1073.65, "fy": 1074.78, "cx": 629.487, "cy": 519.247}, "camera_to_world_matrix": [-0.853204, 0.348231, 0.388301, -12.7008, 0.52142, 0.587706, 0.618645, -1.28882, -0.0127748, 0.730299, -0.683008, 0.124853, 0.0, 0.0, 0.0, 1.0]}, "00eeb37f552c4a37a49bf257703f3f92_d0_2.png": {"intrinsics": {"fx": 1073.65, "fy": 1074.78, "cx": 629.487, "cy": 519.247}, "camera_to_world_matrix": [0.0250688, 0.661691, 0.749357, -12.7079, 0.999456, -0.000531651, -0.0329661, -1.27609, -0.0214149, 0.749776, -0.661345, 0.12443, 0.0, 0.0, 0.0, 1.0]}, "00eeb37f552c4a37a49bf257703f3f92_d0_3.png": {"intrinsics": {"fx": 1073.65, "fy": 1074.78, "cx": 629.487, "cy": 519.247}, "camera_to_world_matrix": [0.878221, 0.308719, 0.365268, -12.7004, 0.478255, -0.566091, -0.671425, -1.26364, -0.000506855, 0.764351, -0.6448, 0.124108, 0.0, 0.0, 0.0, 1.0]}, "00eeb37f552c4a37a49bf257703f3f92_d0_4.png": {"intrinsics": {"fx": 1073.65, "fy": 1074.78, "cx": 629.487, "cy": 519.247}, "camera_to_world_matrix": [0.85308, -0.357705, -0.379869, -12.6858, -0.52097, -0.543401, -0.658259, -1.2639, 0.0290408, 0.759448, -0.649919, 0.124208, 0.0, 0.0, 0.0, 1.0]}, "00eeb37f552c4a37a49bf257703f3f92_d0_5.png": {"intrinsics": {"fx": 1073.65, "fy": 1074.78, "cx": 629.487, "cy": 519.247}, "camera_to_world_matrix": [-0.0252112, -0.671142, -0.7409, -12.6788, -0.998972, 0.0448482, -0.00663277, -1.27663, 0.0376796, 0.739971, -0.671582, 0.124631, 0.0, 0.0, 0.0, 1.0]}, "00eeb37f552c4a37a49bf257703f3f92_d1_0.png": {"intrinsics": {"fx": 1072.73, "fy": 1073.34, "cx": 631.073, "cy": 525.321}, "camera_to_world_matrix": [-0.875131, -0.00139077, -0.483882, -12.6919, -0.483817, 0.0190774, 0.87496, -1.27844, 0.00801456, 0.999817, -0.0173689, 0.157867, 0.0, 0.0, 0.0, 1.0]}, "00eeb37f552c4a37a49bf257703f3f92_d1_1.png": {"intrinsics": {"fx": 1072.73, "fy": 1073.34, "cx": 631.073, "cy": 525.321}, "camera_to_world_matrix": [-0.856567, -0.0130825, 0.515868, -12.6954, 0.515582, 0.0201091, 0.856603, -1.27837, -0.0215799, 0.999712, -0.0104804, 0.157843, 0.0, 0.0, 0.0, 1.0]}, "00eeb37f552c4a37a49bf257703f3f92_d1_2.png": {"intrinsics": {"fx": 1072.73, "fy": 1073.34, "cx": 631.073, "cy": 525.321}, "camera_to_world_matrix": [0.0185886, -0.0180325, 0.999664, -12.6971, 0.999364, 0.0307462, -0.0180287, -1.27531, -0.0304106, 0.999364, 0.0185918, 0.157741, 0.0, 0.0, 0.0, 1.0]}, "00eeb37f552c4a37a49bf257703f3f92_d1_3.png": {"intrinsics": {"fx": 1072.73, "fy": 1073.34, "cx": 631.073, "cy": 525.321}, "camera_to_world_matrix": [0.875161, -0.0112906, 0.483699, -12.6952, 0.483735, 0.0403514, -0.874284, -1.27231, -0.00964653, 0.999121, 0.0407749, 0.157664, 0.0, 0.0, 0.0, 1.0]}, "00eeb37f552c4a37a49bf257703f3f92_d1_4.png": {"intrinsics": {"fx": 1072.73, "fy": 1073.34, "cx": 631.073, "cy": 525.321}, "camera_to_world_matrix": [0.856557, 0.000401032, -0.51605, -12.6917, -0.515664, 0.0393193, -0.855887, -1.27238, 0.0199477, 0.999226, 0.0338853, 0.157688, 0.0, 0.0, 0.0, 1.0]}, "00eeb37f552c4a37a49bf257703f3f92_d1_5.png": {"intrinsics": {"fx": 1072.73, "fy": 1073.34, "cx": 631.073, "cy": 525.321}, "camera_to_world_matrix": [-0.0186175, 0.0053506, -0.999812, -12.6901, -0.999412, 0.028682, 0.0187637, -1.27544, 0.0287772, 0.999574, 0.00481273, 0.157789, 0.0, 0.0, 0.0, 1.0]}, "00eeb37f552c4a37a49bf257703f3f92_d2_0.png": {"intrinsics": {"fx": 1076.51, "fy": 1076.92, "cx": 629.969, "cy": 507.819}, "camera_to_world_matrix": [-0.873261, 0.326672, -0.36152, -12.6867, -0.486989, -0.560947, 0.669462, -1.28711, 0.0159012, 0.760673, 0.648938, 0.191423, 0.0, 0.0, 0.0, 1.0]}, "00eeb37f552c4a37a49bf257703f3f92_d2_1.png": {"intrinsics": {"fx": 1076.51, "fy": 1076.92, "cx": 629.969, "cy": 507.819}, "camera_to_world_matrix": [-0.858605, -0.344169, 0.379924, -12.7013, 0.51245, -0.556403, 0.65407, -1.28685, -0.0137193, 0.756282, 0.654099, 0.191323, 0.0, 0.0, 0.0, 1.0]}, "00eeb37f552c4a37a49bf257703f3f92_d2_2.png": {"intrinsics": {"fx": 1076.51, "fy": 1076.92, "cx": 629.969, "cy": 507.819}, "camera_to_world_matrix": [0.0146311, -0.675536, 0.737181, -12.7083, 0.999634, 0.0265939, 0.00452846, -1.27412, -0.0226632, 0.736847, 0.675677, 0.1909, 0.0, 0.0, 0.0, 1.0]}, "00eeb37f552c4a37a49bf257703f3f92_d2_3.png": {"intrinsics": {"fx": 1076.51, "fy": 1076.92, "cx": 629.969, "cy": 507.819}, "camera_to_world_matrix": [0.873192, -0.336054, 0.352987, -12.7008, 0.487368, 0.605034, -0.629607, -1.26166, -0.00198657, 0.721803, 0.692092, 0.190577, 0.0, 0.0, 0.0, 1.0]}, "00eeb37f552c4a37a49bf257703f3f92_d2_4.png": {"intrinsics": {"fx": 1076.51, "fy": 1076.92, "cx": 629.969, "cy": 507.819}, "camera_to_world_matrix": [0.858497, 0.334787, -0.388457, -12.6863, -0.51207, 0.600464, -0.614186, -1.26193, 0.0276336, 0.726195, 0.68693, 0.190677, 0.0, 0.0, 0.0, 1.0]}, "00eeb37f552c4a37a49bf257703f3f92_d2_5.png": {"intrinsics": {"fx": 1076.51, "fy": 1076.92, "cx": 629.969, "cy": 507.819}, "camera_to_world_matrix": [-0.0147586, 0.66613, -0.745689, -12.6792, -0.99922, 0.017454, 0.0353696, -1.27465, 0.0365765, 0.745631, 0.665352, 0.1911, 0.0, 0.0, 0.0, 1.0]}, "01a4b1a3af5843ea956bf308671db67b_d0_0.png": {"intrinsics": {"fx": 1073.65, "fy": 1074.78, "cx": 629.487, "cy": 519.247}, "camera_to_world_matrix": [-0.379177, 0.623944, 0.683315, -5.05858, 0.925279, 0.248368, 0.286657, 5.24072, 0.00914439, 0.740951, -0.671497, 0.483575, 0.0, 0.0, 0.0, 1.0]}, "01a4b1a3af5843ea956bf308671db67b_d0_1.png": {"intrinsics": {"fx": 1073.65, "fy": 1074.78, "cx": 629.487, "cy": 519.247}, "camera_to_world_matrix": [0.611734, 0.528442, 0.588668, -5.05672, 0.791057, -0.411584, -0.452578, 5.25515, 0.00312574, 0.742528, -0.669808, 0.483542, 0.0, 0.0, 0.0, 1.0]}, "01a4b1a3af5843ea956bf308671db67b_d0_2.png": {"intrinsics": {"fx": 1073.65, "fy": 1074.78, "cx": 629.487, "cy": 519.247}, "camera_to_world_matrix": [0.990948, -0.090838, -0.0988436, -5.0433, -0.134228, -0.658838, -0.740213, 5.26075, 0.00211753, 0.74678, -0.665068, 0.48345, 0.0, 0.0, 0.0, 1.0]}, "01a4b1a3af5843ea956bf308671db67b_d0_3.png": {"intrinsics": {"fx": 1073.65, "fy": 1074.78, "cx": 629.487, "cy": 519.247}, "camera_to_world_matrix": [0.379243, -0.614601, -0.691693, -5.03173, -0.92527, -0.246135, -0.288606, 5.25193, 0.00712809, 0.749455, -0.662017, 0.48339, 0.0, 0.0, 0.0, 1.0]}, "01a4b1a3af5843ea956bf308671db67b_d0_4.png": {"intrinsics": {"fx": 1073.65, "fy": 1074.78, "cx": 629.487, "cy": 519.247}, "camera_to_world_matrix": [-0.611663, -0.519074, -0.597018, -5.03359, -0.791009, 0.413814, 0.450625, 5.2375, 0.0131467, 0.747877, -0.663707, 0.483423, 0.0, 0.0, 0.0, 1.0]}, "01a4b1a3af5843ea956bf308671db67b_d0_5.png": {"intrinsics": {"fx": 1073.65, "fy": 1074.78, "cx": 629.487, "cy": 519.247}, "camera_to_world_matrix": [-0.990841, 0.100216, 0.0905053, -5.04702, 0.134291, 0.661043, 0.738233, 5.23189, 0.0141546, 0.743625, -0.668447, 0.483516, 0.0, 0.0, 0.0, 1.0]}, "01a4b1a3af5843ea956bf308671db67b_d1_0.png": {"intrinsics": {"fx": 1072.73, "fy": 1073.34, "cx": 631.073, "cy": 525.321}, "camera_to_world_matrix": [-0.385288, -0.00484554, 0.922784, -5.04818, 0.922796, -0.0022754, 0.385281, 5.24502, 0.000233019, 0.999985, 0.0053474, 0.516754, 0.0, 0.0, 0.0, 1.0]}, "01a4b1a3af5843ea956bf308671db67b_d1_1.png": {"intrinsics": {"fx": 1072.73, "fy": 1073.34, "cx": 631.073, "cy": 525.321}, "camera_to_world_matrix": [0.606512, -0.00253955, 0.79507, -5.04773, 0.795053, 0.00923341, -0.60647, 5.2485, -0.00580084, 0.999954, 0.00761852, 0.516746, 0.0, 0.0, 0.0, 1.0]}, "01a4b1a3af5843ea956bf308671db67b_d1_2.png": {"intrinsics": {"fx": 1072.73, "fy": 1073.34, "cx": 631.073, "cy": 525.321}, "camera_to_world_matrix": [0.99178, 0.00858025, -0.127658, -5.0445, -0.127762, 0.0129905, -0.991719, 5.24984, -0.00685065, 0.999878, 0.0139792, 0.516724, 0.0, 0.0, 0.0, 1.0]}, "01a4b1a3af5843ea956bf308671db67b_d1_3.png": {"intrinsics": {"fx": 1072.73, "fy": 1073.34, "cx": 631.073, "cy": 525.321}, "camera_to_world_matrix": [0.385241, 0.0173938, -0.922652, -5.04172, -0.922813, 0.00523869, -0.38521, 5.24772, -0.00186659, 0.999835, 0.0180687, 0.51671, 0.0, 0.0, 0.0, 1.0]}, "01a4b1a3af5843ea956bf308671db67b_d1_4.png": {"intrinsics": {"fx": 1072.73, "fy": 1073.34, "cx": 631.073, "cy": 525.321}, "camera_to_world_matrix": [-0.606553, 0.0150874, -0.794899, -5.04216, -0.795031, -0.00627004, 0.606535, 5.24425, 0.00416718, 0.999866, 0.0157973, 0.516718, 0.0, 0.0, 0.0, 1.0]}, "01a4b1a3af5843ea956bf308671db67b_d1_5.png": {"intrinsics": {"fx": 1072.73, "fy": 1073.34, "cx": 631.073, "cy": 525.321}, "camera_to_world_matrix": [-0.991786, 0.00396742, 0.127844, -5.04539, 0.127799, -0.0100267, 0.991749, 5.2429, 0.00521675, 0.999941, 0.00943657, 0.51674, 0.0, 0.0, 0.0, 1.0]}, "01a4b1a3af5843ea956bf308671db67b_d2_0.png": {"intrinsics": {"fx": 1076.51, "fy": 1076.92, "cx": 629.969, "cy": 507.819}, "camera_to_world_matrix": [-0.388833, -0.611364, 0.689233, -5.05817, 0.921271, -0.264536, 0.285089, 5.24082, 0.00803457, 0.745824, 0.666092, 0.550074, 0.0, 0.0, 0.0, 1.0]}, "01a4b1a3af5843ea956bf308671db67b_d2_1.png": {"intrinsics": {"fx": 1076.51, "fy": 1076.92, "cx": 629.969, "cy": 507.819}, "camera_to_world_matrix": [0.603433, -0.533398, 0.59275, -5.05631, 0.797409, 0.401787, -0.450228, 5.25525, 0.00199203, 0.744347, 0.667787, 0.550041, 0.0, 0.0, 0.0, 1.0]}, "01a4b1a3af5843ea956bf308671db67b_d2_2.png": {"intrinsics": {"fx": 1076.51, "fy": 1076.92, "cx": 629.969, "cy": 507.819}, "camera_to_world_matrix": [0.992296, 0.0826313, -0.0922879, -5.04288, -0.12387, 0.667413, -0.734313, 5.26085, 0.000917394, 0.740089, 0.672506, 0.549948, 0.0, 0.0, 0.0, 1.0]}, "01a4b1a3af5843ea956bf308671db67b_d2_3.png": {"intrinsics": {"fx": 1076.51, "fy": 1076.92, "cx": 629.969, "cy": 507.819}, "camera_to_world_matrix": [0.388884, 0.62068, -0.680826, -5.03131, -0.921266, 0.26671, -0.283074, 5.25203, 0.00588531, 0.737306, 0.67553, 0.549889, 0.0, 0.0, 0.0, 1.0]}, "01a4b1a3af5843ea956bf308671db67b_d2_4.png": {"intrinsics": {"fx": 1076.51, "fy": 1076.92, "cx": 629.969, "cy": 507.819}, "camera_to_world_matrix": [-0.603377, 0.542688, -0.584314, -5.03317, -0.797364, -0.39961, 0.452239, 5.2376, 0.0119278, 0.738783, 0.673835, 0.549922, 0.0, 0.0, 0.0, 1.0]}, "01a4b1a3af5843ea956bf308671db67b_d2_5.png": {"intrinsics": {"fx": 1076.51, "fy": 1076.92, "cx": 629.969, "cy": 507.819}, "camera_to_world_matrix": [-0.992204, -0.0733514, 0.100735, -5.0466, 0.12393, -0.665212, 0.736297, 5.23199, 0.0130022, 0.743042, 0.669115, 0.550014, 0.0, 0.0, 0.0, 1.0]}, "01ea3de3141a4adaa917cebb3db3c086_d0_0.png": {"intrinsics": {"fx": 1073.65, "fy": 1074.78, "cx": 629.487, "cy": 519.247}, "camera_to_world_matrix": [-0.884024, -0.306408, -0.35301, -2.39572, -0.467256, 0.600521, 0.64888, 3.15374, 0.0131683, 0.738572, -0.674046, -0.0567155, 0.0, 0.0, 0.0, 1.0]}, "01ea3de3141a4adaa917cebb3db3c086_d0_1.png": {"intrinsics": {"fx": 1073.65, "fy": 1074.78, "cx": 629.487, "cy": 519.247}, "camera_to_world_matrix": [-0.846763, 0.359704, 0.391926, -2.41026, 0.531966, 0.569619, 0.626535, 3.15418, 0.00211874, 0.739018, -0.673683, -0.0567228, 0.0, 0.0, 0.0, 1.0]}, "01ea3de3141a4adaa917cebb3db3c086_d0_2.png": {"intrinsics": {"fx": 1073.65, "fy": 1074.78, "cx": 629.487, "cy": 519.247}, "camera_to_world_matrix": [0.0372788, 0.665987, 0.745031, -2.41714, 0.9993, -0.0226705, -0.0297363, 3.167, -0.00291368, 0.745619, -0.666367, -0.0568656, 0.0, 0.0, 0.0, 1.0]}, "01ea3de3141a4adaa917cebb3db3c086_d0_3.png": {"intrinsics": {"fx": 1073.65, "fy": 1074.78, "cx": 629.487, "cy": 519.247}, "camera_to_world_matrix": [0.884039, 0.306152, 0.353193, -2.40948, 0.467402, -0.584044, -0.663647, 3.17937, 0.00310366, 0.751773, -0.659414, -0.0570013, 0.0, 0.0, 0.0, 1.0]}, "01ea3de3141a4adaa917cebb3db3c086_d0_4.png": {"intrinsics": {"fx": 1073.65, "fy": 1074.78, "cx": 629.487, "cy": 519.247}, "camera_to_world_matrix": [0.846739, -0.359959, -0.391742, -2.39494, -0.531819, -0.553115, -0.641273, 3.17892, 0.0141533, 0.751327, -0.659778, -0.0569941, 0.0, 0.0, 0.0, 1.0]}, "01ea3de3141a4adaa917cebb3db3c086_d0_5.png": {"intrinsics": {"fx": 1073.65, "fy": 1074.78, "cx": 629.487, "cy": 519.247}, "camera_to_world_matrix": [-0.0373206, -0.666219, -0.744822, -2.38806, -0.999119, 0.0391858, 0.0150121, 3.16611, 0.0191852, 0.744726, -0.667094, -0.0568512, 0.0, 0.0, 0.0, 1.0]}, "01ea3de3141a4adaa917cebb3db3c086_d1_0.png": {"intrinsics": {"fx": 1072.73, "fy": 1073.34, "cx": 631.073, "cy": 525.321}, "camera_to_world_matrix": [-0.880975, 0.00466408, -0.473137, -2.40095, -0.473141, 0.000361272, 0.880986, 3.16384, 0.00428013, 0.999989, 0.00188776, -0.0235761, 0.0, 0.0, 0.0, 1.0]}, "01ea3de3141a4adaa917cebb3db3c086_d1_1.png": {"intrinsics": {"fx": 1072.73, "fy": 1073.34, "cx": 631.073, "cy": 525.321}, "camera_to_world_matrix": [-0.850249, -0.00701442, 0.526333, -2.40445, 0.526336, 0.00153766, 0.850275, 3.16395, -0.0067733, 0.999974, 0.00238381, -0.0235778, 0.0, 0.0, 0.0, 1.0]}, "01ea3de3141a4adaa917cebb3db3c086_d1_2.png": {"intrinsics": {"fx": 1072.73, "fy": 1073.34, "cx": 631.073, "cy": 525.321}, "camera_to_world_matrix": [0.0307457, -0.0118347, 0.999457, -2.4061, 0.999456, 0.0122392, -0.0306011, 3.16703, -0.0118702, 0.999855, 0.0122038, -0.0236122, 0.0, 0.0, 0.0, 1.0]}, "01ea3de3141a4adaa917cebb3db3c086_d1_3.png": {"intrinsics": {"fx": 1072.73, "fy": 1073.34, "cx": 631.073, "cy": 525.321}, "camera_to_world_matrix": [0.880994, -0.00497631, 0.473099, -2.40426, 0.473089, 0.0217641, -0.880746, 3.17, -0.0059135, 0.99975, 0.0215275, -0.0236448, 0.0, 0.0, 0.0, 1.0]}, "01ea3de3141a4adaa917cebb3db3c086_d1_4.png": {"intrinsics": {"fx": 1072.73, "fy": 1073.34, "cx": 631.073, "cy": 525.321}, "camera_to_world_matrix": [0.850229, 0.00670214, -0.52637, -2.40076, -0.526387, 0.0205872, -0.849995, 3.1699, 0.00513991, 0.999765, 0.021031, -0.0236431, 0.0, 0.0, 0.0, 1.0]}, "01ea3de3141a4adaa917cebb3db3c086_d1_5.png": {"intrinsics": {"fx": 1072.73, "fy": 1073.34, "cx": 631.073, "cy": 525.321}, "camera_to_world_matrix": [-0.0307847, 0.011522, -0.999459, -2.39911, -0.999473, 0.00988551, 0.0308993, 3.16681, 0.0102364, 0.999884, 0.0112108, -0.0236087, 0.0, 0.0, 0.0, 1.0]}, "01ea3de3141a4adaa917cebb3db3c086_d2_0.png": {"intrinsics": {"fx": 1076.51, "fy": 1076.92, "cx": 629.969, "cy": 507.819}, "camera_to_world_matrix": [-0.879098, 0.324144, -0.349446, -2.39573, -0.476482, -0.579052, 0.661561, 3.15447, 0.0120948, 0.748083, 0.663492, 0.0097804, 0.0, 0.0, 0.0, 1.0]}, "01ea3de3141a4adaa917cebb3db3c086_d2_1.png": {"intrinsics": {"fx": 1076.51, "fy": 1076.92, "cx": 629.969, "cy": 507.819}, "camera_to_world_matrix": [-0.852279, -0.346603, 0.391769, -2.41027, 0.523082, -0.56622, 0.637006, 3.15492, 0.00103975, 0.747837, 0.663879, 0.00977318, 0.0, 0.0, 0.0, 1.0]}, "01ea3de3141a4adaa917cebb3db3c086_d2_2.png": {"intrinsics": {"fx": 1076.51, "fy": 1076.92, "cx": 629.969, "cy": 507.819}, "camera_to_world_matrix": [0.026837, -0.670856, 0.741101, -2.41715, 0.999629, 0.0210484, -0.0171471, 3.16774, -0.00409533, 0.741288, 0.671171, 0.00963029, 0.0, 0.0, 0.0, 1.0]}, "01ea3de3141a4adaa917cebb3db3c086_d2_3.png": {"intrinsics": {"fx": 1076.51, "fy": 1076.92, "cx": 629.969, "cy": 507.819}, "camera_to_world_matrix": [0.879115, -0.324353, 0.34921, -2.40949, 0.476602, 0.595473, -0.646731, 3.18011, 0.0018247, 0.734987, 0.678076, 0.00949462, 0.0, 0.0, 0.0, 1.0]}, "01ea3de3141a4adaa917cebb3db3c086_d2_4.png": {"intrinsics": {"fx": 1076.51, "fy": 1076.92, "cx": 629.969, "cy": 507.819}, "camera_to_world_matrix": [0.852257, 0.346394, -0.392004, -2.39495, -0.522961, 0.582616, -0.622148, 3.17966, 0.0128797, 0.735234, 0.677688, 0.00950184, 0.0, 0.0, 0.0, 1.0]}, "01ea3de3141a4adaa917cebb3db3c086_d2_5.png": {"intrinsics": {"fx": 1076.51, "fy": 1076.92, "cx": 629.969, "cy": 507.819}, "camera_to_world_matrix": [-0.0268784, 0.670624, -0.74131, -2.38807, -0.999474, -0.00466602, 0.0320193, 3.16684, 0.0180144, 0.741783, 0.670396, 0.00964474, 0.0, 0.0, 0.0, 1.0]}, "0254bb7190ba44c4b2eb0509f5ebeed8_d0_0.png": {"intrinsics": {"fx": 1073.65, "fy": 1074.78, "cx": 629.487, "cy": 519.247}, "camera_to_world_matrix": [-0.962428, 0.188425, 0.195518, -4.06922, 0.271315, 0.638322, 0.72037, 14.6322, 0.010933, 0.746352, -0.665462, 2.43511, 0.0, 0.0, 0.0, 1.0]}, "0254bb7190ba44c4b2eb0509f5ebeed8_d0_1.png": {"intrinsics": {"fx": 1073.65, "fy": 1074.78, "cx": 629.487, "cy": 519.247}, "camera_to_world_matrix": [-0.246205, 0.64941, 0.719478, -4.07944, 0.969155, 0.156504, 0.190382, 14.6426, 0.0110343, 0.744159, -0.667912, 2.43515, 0.0, 0.0, 0.0, 1.0]}, "0254bb7190ba44c4b2eb0509f5ebeed8_d0_2.png": {"intrinsics": {"fx": 1073.65, "fy": 1074.78, "cx": 629.487, "cy": 519.247}, "camera_to_world_matrix": [0.716247, 0.462626, 0.522463, -4.07558, 0.697798, -0.483628, -0.528376, 14.6566, 0.0082375, 0.743021, -0.669217, 2.43518, 0.0, 0.0, 0.0, 1.0]}, "0254bb7190ba44c4b2eb0509f5ebeed8_d0_3.png": {"intrinsics": {"fx": 1073.65, "fy": 1074.78, "cx": 629.487, "cy": 519.247}, "camera_to_world_matrix": [0.962454, -0.185139, -0.198509, -4.0615, -0.271392, -0.64193, -0.717128, 14.6603, 0.00533945, 0.744076, -0.668073, 2.43516, 0.0, 0.0, 0.0, 1.0]}, "0254bb7190ba44c4b2eb0509f5ebeed8_d0_4.png": {"intrinsics": {"fx": 1073.65, "fy": 1074.78, "cx": 629.487, "cy": 519.247}, "camera_to_world_matrix": [0.246204, -0.646105, -0.722449, -4.05128, -0.969204, -0.160094, -0.187119, 14.6499, 0.00523827, 0.746269, -0.665623, 2.43511, 0.0, 0.0, 0.0, 1.0]}, "0254bb7190ba44c4b2eb0509f5ebeed8_d0_5.png": {"intrinsics": {"fx": 1073.65, "fy": 1074.78, "cx": 629.487, "cy": 519.247}, "camera_to_world_matrix": [-0.716238, -0.459296, -0.525405, -4.05514, -0.69781, 0.480031, 0.531631, 14.6359, 0.00803511, 0.747407, -0.664318, 2.43508, 0.0, 0.0, 0.0, 1.0]}, "0254bb7190ba44c4b2eb0509f5ebeed8_d1_0.png": {"intrinsics": {"fx": 1072.73, "fy": 1073.34, "cx": 631.073, "cy": 525.321}, "camera_to_world_matrix": [-0.964233, -0.0016695, 0.265048, -4.06621, 0.265045, -0.0134992, 0.964141, 14.6428, 0.0019685, 0.999907, 0.0134581, 2.46837, 0.0, 0.0, 0.0, 1.0]}, "0254bb7190ba44c4b2eb0509f5ebeed8_d1_1.png": {"intrinsics": {"fx": 1072.73, "fy": 1073.34, "cx": 631.073, "cy": 525.321}, "camera_to_world_matrix": [-0.252566, -0.00931392, 0.967534, -4.06867, 0.967577, -0.0045923, 0.252533, 14.6453, 0.00209134, 0.999946, 0.0101711, 2.46839, 0.0, 0.0, 0.0, 1.0]}, "0254bb7190ba44c4b2eb0509f5ebeed8_d1_2.png": {"intrinsics": {"fx": 1072.73, "fy": 1073.34, "cx": 631.073, "cy": 525.321}, "camera_to_world_matrix": [0.711671, -0.00542235, 0.702491, -4.06774, 0.702511, 0.0064814, -0.711642, 14.6487, -0.000694143, 0.999964, 0.00842115, 2.46839, 0.0, 0.0, 0.0, 1.0]}, "0254bb7190ba44c4b2eb0509f5ebeed8_d1_3.png": {"intrinsics": {"fx": 1072.73, "fy": 1073.34, "cx": 631.073, "cy": 525.321}, "camera_to_world_matrix": [0.964219, 0.00611356, -0.265033, -4.06436, -0.265079, 0.00864795, -0.964187, 14.6495, -0.00360241, 0.999944, 0.00995836, 2.46839, 0.0, 0.0, 0.0, 1.0]}, "0254bb7190ba44c4b2eb0509f5ebeed8_d1_4.png": {"intrinsics": {"fx": 1072.73, "fy": 1073.34, "cx": 631.073, "cy": 525.321}, "camera_to_world_matrix": [0.252524, 0.0137576, -0.967492, -4.0619, -0.967583, -0.000259248, -0.252552, 14.647, -0.00372513, 0.999905, 0.0132454, 2.46838, 0.0, 0.0, 0.0, 1.0]}, "0254bb7190ba44c4b2eb0509f5ebeed8_d1_5.png": {"intrinsics": {"fx": 1072.73, "fy": 1073.34, "cx": 631.073, "cy": 525.321}, "camera_to_world_matrix": [-0.711702, 0.00986562, -0.702411, -4.06283, -0.70248, -0.0113328, 0.711613, 14.6437, -0.000939572, 0.999887, 0.0149952, 2.46837, 0.0, 0.0, 0.0, 1.0]}, "0254bb7190ba44c4b2eb0509f5ebeed8_d2_0.png": {"intrinsics": {"fx": 1076.51, "fy": 1076.92, "cx": 629.969, "cy": 507.819}, "camera_to_world_matrix": [-0.96522, -0.168648, 0.199762, -4.06907, 0.261249, -0.650687, 0.71299, 14.6321, 0.00973841, 0.740381, 0.672114, 2.50161, 0.0, 0.0, 0.0, 1.0]}, "0254bb7190ba44c4b2eb0509f5ebeed8_d2_1.png": {"intrinsics": {"fx": 1076.51, "fy": 1076.92, "cx": 629.969, "cy": 507.819}, "camera_to_world_matrix": [-0.256322, -0.645455, 0.719504, -4.07929, 0.966539, -0.178757, 0.183968, 14.6424, 0.0098741, 0.742585, 0.669676, 2.50165, 0.0, 0.0, 0.0, 1.0]}, "0254bb7190ba44c4b2eb0509f5ebeed8_d2_2.png": {"intrinsics": {"fx": 1076.51, "fy": 1076.92, "cx": 629.969, "cy": 507.819}, "camera_to_world_matrix": [0.708919, -0.475145, 0.521217, -4.07543, 0.705251, 0.470135, -0.530653, 14.6564, 0.00709555, 0.743781, 0.668383, 2.50168, 0.0, 0.0, 0.0, 1.0]}, "0254bb7190ba44c4b2eb0509f5ebeed8_d2_3.png": {"intrinsics": {"fx": 1076.51, "fy": 1076.92, "cx": 629.969, "cy": 507.819}, "camera_to_world_matrix": [0.965241, 0.171969, -0.196808, -4.06135, -0.261321, 0.647082, -0.716236, 14.6601, 0.00418136, 0.742772, 0.669528, 2.50166, 0.0, 0.0, 0.0, 1.0]}, "0254bb7190ba44c4b2eb0509f5ebeed8_d2_4.png": {"intrinsics": {"fx": 1076.51, "fy": 1076.92, "cx": 629.969, "cy": 507.819}, "camera_to_world_matrix": [0.256315, 0.648757, -0.71653, -4.05113, -0.966582, 0.175134, -0.187194, 14.6498, 0.00404582, 0.740568, 0.671966, 2.50161, 0.0, 0.0, 0.0, 1.0]}, "0254bb7190ba44c4b2eb0509f5ebeed8_d2_5.png": {"intrinsics": {"fx": 1076.51, "fy": 1076.92, "cx": 629.969, "cy": 507.819}, "camera_to_world_matrix": [-0.708916, 0.478422, -0.518215, -4.05499, -0.705257, -0.473751, 0.527419, 14.6357, 0.00682443, 0.739373, 0.673259, 2.50158, 0.0, 0.0, 0.0, 1.0]}, "05285f9bc0234526bf0f6362679e38d0_d0_0.png": {"intrinsics": {"fx": 1073.65, "fy": 1074.78, "cx": 629.487, "cy": 519.247}, "camera_to_world_matrix": [-0.183278, 0.673369, 0.716228, -13.8976, 0.983049, 0.12922, 0.130068, 2.30604, -0.00496724, 0.727926, -0.685638, 0.0414143, 0.0, 0.0, 0.0, 1.0]}, "05285f9bc0234526bf0f6362679e38d0_d0_1.png": {"intrinsics": {"fx": 1073.65, "fy": 1074.78, "cx": 629.487, "cy": 519.247}, "camera_to_world_matrix": [0.759531, 0.445942, 0.473548, -13.8929, 0.650145, -0.497418, -0.574357, 2.31979, -0.0205786, 0.744118, -0.667732, 0.0410646, 0.0, 0.0, 0.0, 1.0]}, "05285f9bc0234526bf0f6362679e38d0_d0_2.png": {"intrinsics": {"fx": 1073.65, "fy": 1074.78, "cx": 629.487, "cy": 519.247}, "camera_to_world_matrix": [0.942977, -0.210479, -0.257864, -13.8786, -0.332775, -0.613533, -0.716128, 2.32254, -0.00747785, 0.761102, -0.648589, 0.040691, 0.0, 0.0, 0.0, 1.0]}, "05285f9bc0234526bf0f6362679e38d0_d0_3.png": {"intrinsics": {"fx": 1073.65, "fy": 1074.78, "cx": 629.487, "cy": 519.247}, "camera_to_world_matrix": [0.18361, -0.639458, -0.746579, -13.8691, -0.98277, -0.103007, -0.153469, 2.31155, 0.0212341, 0.761894, -0.647354, 0.0406672, 0.0, 0.0, 0.0, 1.0]}, "05285f9bc0234526bf0f6362679e38d0_d0_4.png": {"intrinsics": {"fx": 1073.65, "fy": 1074.78, "cx": 629.487, "cy": 519.247}, "camera_to_world_matrix": [-0.759186, -0.412007, -0.503872, -13.8738, -0.64983, 0.523621, 0.550946, 2.2978, 0.0368446, 0.745702, -0.66526, 0.041017, 0.0, 0.0, 0.0, 1.0]}, "05285f9bc0234526bf0f6362679e38d0_d0_5.png": {"intrinsics": {"fx": 1073.65, "fy": 1074.78, "cx": 629.487, "cy": 519.247}, "camera_to_world_matrix": [-0.942593, 0.244419, 0.227546, -13.8881, 0.333098, 0.63971, 0.692688, 2.29505, 0.0237427, 0.728718, -0.684402, 0.0413905, 0.0, 0.0, 0.0, 1.0]}, "05285f9bc0234526bf0f6362679e38d0_d1_0.png": {"intrinsics": {"fx": 1072.73, "fy": 1073.34, "cx": 631.073, "cy": 525.321}, "camera_to_world_matrix": [-0.18991, 0.0111058, 0.981738, -13.886, 0.981705, 0.0161517, 0.189721, 2.30871, -0.0137495, 0.999807, -0.0139708, 0.0743669, 0.0, 0.0, 0.0, 1.0]}, "05285f9bc0234526bf0f6362679e38d0_d1_1.png": {"intrinsics": {"fx": 1072.73, "fy": 1073.34, "cx": 631.073, "cy": 525.321}, "camera_to_world_matrix": [0.755083, 0.015699, 0.65544, -13.8849, 0.654963, 0.0269493, -0.75518, 2.31202, -0.029519, 0.999513, 0.010066, 0.0742827, 0.0, 0.0, 0.0, 1.0]}, "05285f9bc0234526bf0f6362679e38d0_d1_2.png": {"intrinsics": {"fx": 1072.73, "fy": 1073.34, "cx": 631.073, "cy": 525.321}, "camera_to_world_matrix": [0.944957, 0.0273471, -0.326047, -13.8814, -0.32677, 0.028366, -0.944678, 2.31269, -0.0165854, 0.999223, 0.0357402, 0.0741929, 0.0, 0.0, 0.0, 1.0]}, "05285f9bc0234526bf0f6362679e38d0_d1_3.png": {"intrinsics": {"fx": 1072.73, "fy": 1073.34, "cx": 631.073, "cy": 525.321}, "camera_to_world_matrix": [0.189835, 0.0344019, -0.981213, -13.8791, -0.981741, 0.0189851, -0.189271, 2.31004, 0.0121174, 0.999227, 0.0373771, 0.0741872, 0.0, 0.0, 0.0, 1.0]}, "05285f9bc0234526bf0f6362679e38d0_d1_4.png": {"intrinsics": {"fx": 1072.73, "fy": 1073.34, "cx": 631.073, "cy": 525.321}, "camera_to_world_matrix": [-0.755146, 0.0298084, -0.654878, -13.8803, -0.654962, 0.00818772, 0.755617, 2.30673, 0.0278859, 0.999522, 0.0133397, 0.0742713, 0.0, 0.0, 0.0, 1.0]}, "05285f9bc0234526bf0f6362679e38d0_d1_5.png": {"intrinsics": {"fx": 1072.73, "fy": 1073.34, "cx": 631.073, "cy": 525.321}, "camera_to_world_matrix": [-0.944982, 0.0181601, 0.326616, -13.8837, 0.326779, 0.00677145, 0.945076, 2.30607, 0.0149513, 0.999812, -0.012334, 0.0743612, 0.0, 0.0, 0.0, 1.0]}, "05285f9bc0234526bf0f6362679e38d0_d2_0.png": {"intrinsics": {"fx": 1076.51, "fy": 1076.92, "cx": 629.969, "cy": 507.819}, "camera_to_world_matrix": [-0.193563, -0.640083, 0.743523, -13.8961, 0.981068, -0.121743, 0.150597, 2.3072, -0.0058751, 0.758599, 0.651529, 0.107887, 0.0, 0.0, 0.0, 1.0]}, "05285f9bc0234526bf0f6362679e38d0_d2_1.png": {"intrinsics": {"fx": 1076.51, "fy": 1076.92, "cx": 629.969, "cy": 507.819}, "camera_to_world_matrix": [0.752674, -0.428529, 0.49984, -13.8914, 0.658031, 0.514697, -0.549619, 2.32095, -0.021738, 0.742596, 0.669384, 0.107537, 0.0, 0.0, 0.0, 1.0]}, "05285f9bc0234526bf0f6362679e38d0_d2_2.png": {"intrinsics": {"fx": 1076.51, "fy": 1076.92, "cx": 629.969, "cy": 507.819}, "camera_to_world_matrix": [0.946379, 0.228438, -0.228429, -13.8771, -0.32293, 0.649459, -0.688417, 2.32371, -0.00890514, 0.725271, 0.688403, 0.107164, 0.0, 0.0, 0.0, 1.0]}, "05285f9bc0234526bf0f6362679e38d0_d2_3.png": {"intrinsics": {"fx": 1076.51, "fy": 1076.92, "cx": 629.969, "cy": 507.819}, "camera_to_world_matrix": [0.193842, 0.673838, -0.712999, -13.8675, -0.980831, 0.147777, -0.126996, 2.31272, 0.0197903, 0.72395, 0.689566, 0.10714, 0.0, 0.0, 0.0, 1.0]}, "05285f9bc0234526bf0f6362679e38d0_d2_4.png": {"intrinsics": {"fx": 1076.51, "fy": 1076.92, "cx": 629.969, "cy": 507.819}, "camera_to_world_matrix": [-0.752383, 0.46226, -0.469288, -13.8723, -0.657757, -0.488656, 0.573211, 2.29897, 0.0356522, 0.739953, 0.67171, 0.107489, 0.0, 0.0, 0.0, 1.0]}, "05285f9bc0234526bf0f6362679e38d0_d2_5.png": {"intrinsics": {"fx": 1076.51, "fy": 1076.92, "cx": 629.969, "cy": 507.819}, "camera_to_world_matrix": [-0.94605, -0.194713, 0.258987, -13.8866, 0.323212, -0.623391, 0.71198, 2.29621, 0.0228184, 0.757277, 0.652692, 0.107863, 0.0, 0.0, 0.0, 1.0]}, "068fb0d52d01455c96fa23659c373bf8_d0_0.png": {"intrinsics": {"fx": 1073.65, "fy": 1074.78, "cx": 629.487, "cy": 519.247}, "camera_to_world_matrix": [0.321931, 0.646359, 0.691795, -17.0933, 0.946432, -0.200377, -0.253212, 4.47339, -0.0250457, 0.736254, -0.676242, 0.0263999, 0.0, 0.0, 0.0, 1.0]}, "068fb0d52d01455c96fa23659c373bf8_d0_1.png": {"intrinsics": {"fx": 1073.65, "fy": 1074.78, "cx": 629.487, "cy": 519.247}, "camera_to_world_matrix": [0.980765, 0.140981, 0.134998, -17.0824, 0.194191, -0.634775, -0.747897, 4.48304, -0.0197459, 0.759727, -0.649943, 0.0258865, 0.0, 0.0, 0.0, 1.0]}, "068fb0d52d01455c96fa23659c373bf8_d0_2.png": {"intrinsics": {"fx": 1073.65, "fy": 1074.78, "cx": 629.487, "cy": 519.247}, "camera_to_world_matrix": [0.658999, -0.488219, -0.572156, -17.0686, -0.752024, -0.414106, -0.512812, 4.47844, 0.0134315, 0.768217, -0.640048, 0.0256937, 0.0, 0.0, 0.0, 1.0]}, "068fb0d52d01455c96fa23659c373bf8_d0_3.png": {"intrinsics": {"fx": 1073.65, "fy": 1074.78, "cx": 629.487, "cy": 519.247}, "camera_to_world_matrix": [-0.321593, -0.612027, -0.722496, -17.0657, -0.945976, 0.240956, 0.216953, 4.46419, 0.0413085, 0.753234, -0.656454, 0.0260143, 0.0, 0.0, 0.0, 1.0]}, "068fb0d52d01455c96fa23659c373bf8_d0_4.png": {"intrinsics": {"fx": 1073.65, "fy": 1074.78, "cx": 629.487, "cy": 519.247}, "camera_to_world_matrix": [-0.980398, -0.106633, -0.165679, -17.0765, -0.19371, 0.675335, 0.711617, 4.45454, 0.0360073, 0.729761, -0.682753, 0.0265277, 0.0, 0.0, 0.0, 1.0]}, "068fb0d52d01455c96fa23659c373bf8_d0_5.png": {"intrinsics": {"fx": 1073.65, "fy": 1074.78, "cx": 629.487, "cy": 519.247}, "camera_to_world_matrix": [-0.658595, 0.522559, 0.541465, -17.0903, 0.752492, 0.454641, 0.476505, 4.45914, 0.00282931, 0.721272, -0.692646, 0.0267205, 0.0, 0.0, 0.0, 1.0]}, "068fb0d52d01455c96fa23659c373bf8_d1_0.png": {"intrinsics": {"fx": 1072.73, "fy": 1073.34, "cx": 631.073, "cy": 525.321}, "camera_to_world_matrix": [0.315539, 0.0121774, 0.948834, -17.082, 0.948306, 0.0316845, -0.31577, 4.4708, -0.0339084, 0.999423, -0.00155101, 0.0594823, 0.0, 0.0, 0.0, 1.0]}, "068fb0d52d01455c96fa23659c373bf8_d1_1.png": {"intrinsics": {"fx": 1072.73, "fy": 1073.34, "cx": 631.073, "cy": 525.321}, "camera_to_world_matrix": [0.979297, 0.0214735, 0.201285, -17.0794, 0.200362, 0.038839, -0.978952, 4.47312, -0.028839, 0.999014, 0.0337317, 0.0593589, 0.0, 0.0, 0.0, 1.0]}, "068fb0d52d01455c96fa23659c373bf8_d1_2.png": {"intrinsics": {"fx": 1072.73, "fy": 1073.34, "cx": 631.073, "cy": 525.321}, "camera_to_world_matrix": [0.663717, 0.0323232, -0.747284, -17.0761, -0.747971, 0.0343624, -0.662841, 4.47202, 0.00425356, 0.998886, 0.046983, 0.0593125, 0.0, 0.0, 0.0, 1.0]}, "068fb0d52d01455c96fa23659c373bf8_d1_3.png": {"intrinsics": {"fx": 1072.73, "fy": 1073.34, "cx": 631.073, "cy": 525.321}, "camera_to_world_matrix": [-0.315613, 0.0338766, -0.948283, -17.0754, -0.948338, 0.0227315, 0.316444, 4.46859, 0.0322761, 0.999167, 0.0249514, 0.0593896, 0.0, 0.0, 0.0, 1.0]}, "068fb0d52d01455c96fa23659c373bf8_d1_4.png": {"intrinsics": {"fx": 1072.73, "fy": 1073.34, "cx": 631.073, "cy": 525.321}, "camera_to_world_matrix": [-0.979342, 0.0245802, -0.200707, -17.078, -0.200368, 0.0155773, 0.979597, 4.46627, 0.0272054, 0.999576, -0.0103312, 0.0595131, 0.0, 0.0, 0.0, 1.0]}, "068fb0d52d01455c96fa23659c373bf8_d1_5.png": {"intrinsics": {"fx": 1072.73, "fy": 1073.34, "cx": 631.073, "cy": 525.321}, "camera_to_world_matrix": [-0.663726, 0.0137307, 0.74785, -17.0813, 0.747952, 0.0200543, 0.663449, 4.46738, -0.00588776, 0.999704, -0.0235812, 0.0595595, 0.0, 0.0, 0.0, 1.0]}, "068fb0d52d01455c96fa23659c373bf8_d2_0.png": {"intrinsics": {"fx": 1076.51, "fy": 1076.92, "cx": 629.969, "cy": 507.819}, "camera_to_world_matrix": [0.312, -0.621734, 0.718402, -17.0917, 0.949722, 0.224857, -0.217864, 4.4752, -0.0260836, 0.750257, 0.660629, 0.0928577, 0.0, 0.0, 0.0, 1.0]}, "068fb0d52d01455c96fa23659c373bf8_d2_1.png": {"intrinsics": {"fx": 1076.51, "fy": 1076.92, "cx": 629.969, "cy": 507.819}, "camera_to_world_matrix": [0.978658, -0.125391, 0.162792, -17.0809, 0.204395, 0.675577, -0.708391, 4.48485, -0.0211523, 0.726548, 0.686788, 0.0923443, 0.0, 0.0, 0.0, 1.0]}, "068fb0d52d01455c96fa23659c373bf8_d2_2.png": {"intrinsics": {"fx": 1076.51, "fy": 1076.92, "cx": 629.969, "cy": 507.819}, "camera_to_world_matrix": [0.666797, 0.513424, -0.540165, -17.0671, -0.745143, 0.470885, -0.472257, 4.48025, 0.0118874, 0.7174, 0.696557, 0.0921514, 0.0, 0.0, 0.0, 1.0]}, "068fb0d52d01455c96fa23659c373bf8_d2_3.png": {"intrinsics": {"fx": 1076.51, "fy": 1076.92, "cx": 629.969, "cy": 507.819}, "camera_to_world_matrix": [-0.311716, 0.655881, -0.687496, -17.0641, -0.949331, -0.184525, 0.254398, 4.466, 0.0399951, 0.731963, 0.680167, 0.092472, 0.0, 0.0, 0.0, 1.0]}, "068fb0d52d01455c96fa23659c373bf8_d2_4.png": {"intrinsics": {"fx": 1076.51, "fy": 1076.92, "cx": 629.969, "cy": 507.819}, "camera_to_world_matrix": [-0.978345, 0.159521, -0.131868, -17.075, -0.203978, -0.635226, 0.744903, 4.45635, 0.0350625, 0.755672, 0.654008, 0.0929854, 0.0, 0.0, 0.0, 1.0]}, "068fb0d52d01455c96fa23659c373bf8_d2_5.png": {"intrinsics": {"fx": 1076.51, "fy": 1076.92, "cx": 629.969, "cy": 507.819}, "camera_to_world_matrix": [-0.666447, -0.479286, 0.57108, -17.0888, 0.745547, -0.430508, 0.508742, 4.46095, 0.00202225, 0.764818, 0.64424, 0.0931782, 0.0, 0.0, 0.0, 1.0]}, "071ca188c1b7423c947607cc794e9f72_d0_0.png": {"intrinsics": {"fx": 1073.65, "fy": 1074.78, "cx": 629.487, "cy": 519.247}, "camera_to_world_matrix": [0.160558, -0.663494, -0.730751, -1.18103, -0.987015, -0.11143, -0.115689, 5.00814, -0.0046685, 0.739837, -0.67277, 0.608767, 0.0, 0.0, 0.0, 1.0]}, "071ca188c1b7423c947607cc794e9f72_d0_1.png": {"intrinsics": {"fx": 1073.65, "fy": 1074.78, "cx": 629.487, "cy": 519.247}, "camera_to_world_matrix": [-0.774492, -0.421502, -0.471697, -1.1861, -0.632562, 0.509857, 0.583019, 4.9945, -0.00524517, 0.749921, -0.661506, 0.608547, 0.0, 0.0, 0.0, 1.0]}, "071ca188c1b7423c947607cc794e9f72_d0_2.png": {"intrinsics": {"fx": 1073.65, "fy": 1074.78, "cx": 629.487, "cy": 519.247}, "camera_to_world_matrix": [-0.935081, 0.237606, 0.262997, -1.20045, 0.354354, 0.610893, 0.707985, 4.99207, 0.00755894, 0.755217, -0.655431, 0.608429, 0.0, 0.0, 0.0, 1.0]}, "071ca188c1b7423c947607cc794e9f72_d0_3.png": {"intrinsics": {"fx": 1073.65, "fy": 1074.78, "cx": 629.487, "cy": 519.247}, "camera_to_world_matrix": [-0.160616, 0.654707, 0.738621, -1.20972, 0.986795, 0.0906397, 0.13424, 5.00328, 0.0209395, 0.750428, -0.66062, 0.60853, 0.0, 0.0, 0.0, 1.0]}, "071ca188c1b7423c947607cc794e9f72_d0_4.png": {"intrinsics": {"fx": 1073.65, "fy": 1074.78, "cx": 629.487, "cy": 519.247}, "camera_to_world_matrix": [0.77442, 0.412691, 0.47954, -1.20465, 0.632305, -0.530638, -0.564458, 5.01692, 0.0215157, 0.740344, -0.671884, 0.60875, 0.0, 0.0, 0.0, 1.0]}, "071ca188c1b7423c947607cc794e9f72_d0_5.png": {"intrinsics": {"fx": 1073.65, "fy": 1074.78, "cx": 629.487, "cy": 519.247}, "camera_to_world_matrix": [0.934971, -0.246421, -0.255159, -1.19031, -0.354618, -0.631648, -0.689396, 5.01935, 0.00871117, 0.735049, -0.677958, 0.608869, 0.0, 0.0, 0.0, 1.0]}, "071ca188c1b7423c947607cc794e9f72_d1_0.png": {"intrinsics": {"fx": 1072.73, "fy": 1073.34, "cx": 631.073, "cy": 525.321}, "camera_to_world_matrix": [0.167067, 0.00578316, -0.985928, -1.19212, -0.985851, -0.0127817, -0.167129, 5.00583, -0.0135681, 0.999901, 0.00356521, 0.641924, 0.0, 0.0, 0.0, 1.0]}, "071ca188c1b7423c947607cc794e9f72_d1_1.png": {"intrinsics": {"fx": 1072.73, "fy": 1073.34, "cx": 631.073, "cy": 525.321}, "camera_to_world_matrix": [-0.770311, 0.000939069, -0.637667, -1.19334, -0.637509, -0.0234716, 0.770085, 5.00255, -0.0142437, 0.999724, 0.0186784, 0.641871, 0.0, 0.0, 0.0, 1.0]}, "071ca188c1b7423c947607cc794e9f72_d1_2.png": {"intrinsics": {"fx": 1072.73, "fy": 1073.34, "cx": 631.073, "cy": 525.321}, "camera_to_world_matrix": [-0.937356, -0.0107418, 0.348206, -1.19679, 0.348369, -0.0246209, 0.937034, 5.00197, -0.0014921, 0.999639, 0.0268199, 0.641842, 0.0, 0.0, 0.0