{"02e1f92a68be43a3b2f1e3d2882c3da2_d0_0.png": {"intrinsics": {"fx": 1073.69, "fy": 1074.73, "cx": 638.041, "cy": 521.835}, "camera_to_world_matrix": [0.998411, -0.0547143, -0.0134168, -0.0606763, -0.0463295, -0.661961, -0.748105, 8.15479, 0.0320508, 0.747538, -0.663445, 1.57998, 0.0, 0.0, 0.0, 1.0]}, "02e1f92a68be43a3b2f1e3d2882c3da2_d0_1.png": {"intrinsics": {"fx": 1073.69, "fy": 1074.73, "cx": 638.041, "cy": 521.835}, "camera_to_world_matrix": [0.459187, -0.608049, -0.647628, -0.0484062, -0.888259, -0.304466, -0.343941, 8.14698, 0.011952, 0.733195, -0.679913, 1.5803, 0.0, 0.0, 0.0, 1.0]}, "02e1f92a68be43a3b2f1e3d2882c3da2_d0_2.png": {"intrinsics": {"fx": 1073.69, "fy": 1074.73, "cx": 638.041, "cy": 521.835}, "camera_to_world_matrix": [-0.539325, -0.575309, -0.614936, -0.0490335, -0.841925, 0.353634, 0.407559, 8.13244, -0.0170096, 0.737537, -0.675092, 1.58021, 0.0, 0.0, 0.0, 1.0]}, "02e1f92a68be43a3b2f1e3d2882c3da2_d0_3.png": {"intrinsics": {"fx": 1073.69, "fy": 1074.73, "cx": 638.041, "cy": 521.835}, "camera_to_world_matrix": [-0.99859, 0.0107648, 0.051967, -0.0619309, 0.0463367, 0.654226, 0.754878, 8.12572, -0.0258718, 0.756222, -0.653803, 1.5798, 0.0, 0.0, 0.0, 1.0]}, "02e1f92a68be43a3b2f1e3d2882c3da2_d0_4.png": {"intrinsics": {"fx": 1073.69, "fy": 1074.73, "cx": 638.041, "cy": 521.835}, "camera_to_world_matrix": [-0.459333, 0.564086, 0.686163, -0.0742008, 0.888245, 0.29671, 0.35069, 8.13353, -0.00577218, 0.770564, -0.637336, 1.57948, 0.0, 0.0, 0.0, 1.0]}, "02e1f92a68be43a3b2f1e3d2882c3da2_d0_5.png": {"intrinsics": {"fx": 1073.69, "fy": 1074.73, "cx": 638.041, "cy": 521.835}, "camera_to_world_matrix": [0.539177, 0.53132, 0.653441, -0.0735729, 0.841872, -0.36139, -0.400809, 8.14807, 0.0231892, 0.766222, -0.642158, 1.57957, 0.0, 0.0, 0.0, 1.0]}, "02e1f92a68be43a3b2f1e3d2882c3da2_d1_0.png": {"intrinsics": {"fx": 1076.66, "fy": 1077.13, "cx": 629.822, "cy": 529.542}, "camera_to_world_matrix": [0.998186, -0.0419637, -0.0431895, -0.0621244, -0.0432831, -0.00131977, -0.999062, 8.14358, 0.0418673, 0.999119, -0.00313324, 1.61315, 0.0, 0.0, 0.0, 1.0]}, "02e1f92a68be43a3b2f1e3d2882c3da2_d1_1.png": {"intrinsics": {"fx": 1076.66, "fy": 1077.13, "cx": 629.822, "cy": 529.542}, "camera_to_world_matrix": [0.461612, -0.0322901, -0.886495, -0.0591729, -0.886814, 0.00780361, -0.462062, 8.1417, 0.0218378, 0.999448, -0.0250326, 1.61322, 0.0, 0.0, 0.0, 1.0]}, "02e1f92a68be43a3b2f1e3d2882c3da2_d1_2.png": {"intrinsics": {"fx": 1076.66, "fy": 1077.13, "cx": 629.822, "cy": 529.542}, "camera_to_world_matrix": [-0.536961, -0.0195543, -0.843381, -0.0593238, -0.843577, 0.00398285, 0.536994, 8.1382, -0.0071416, 0.999801, -0.0186337, 1.6132, 0.0, 0.0, 0.0, 1.0]}, "02e1f92a68be43a3b2f1e3d2882c3da2_d1_3.png": {"intrinsics": {"fx": 1076.66, "fy": 1077.13, "cx": 629.822, "cy": 529.542}, "camera_to_world_matrix": [-0.998938, -0.0164924, 0.0430375, -0.0624262, 0.0431895, -0.00896119, 0.999027, 8.13658, -0.0160908, 0.999824, 0.0096644, 1.6131, 0.0, 0.0, 0.0, 1.0]}, "02e1f92a68be43a3b2f1e3d2882c3da2_d1_4.png": {"intrinsics": {"fx": 1076.66, "fy": 1077.13, "cx": 629.822, "cy": 529.542}, "camera_to_world_matrix": [-0.462331, -0.0261664, 0.886322, -0.0653777, 0.886699, -0.0180842, 0.461994, 8.13846, 0.00393959, 0.999494, 0.031563, 1.61302, 0.0, 0.0, 0.0, 1.0]}, "02e1f92a68be43a3b2f1e3d2882c3da2_d1_5.png": {"intrinsics": {"fx": 1076.66, "fy": 1077.13, "cx": 629.822, "cy": 529.542}, "camera_to_world_matrix": [0.536241, -0.0389021, 0.843169, -0.0652267, 0.843423, -0.0142629, -0.537061, 8.14196, 0.0329187, 0.999142, 0.025163, 1.61305, 0.0, 0.0, 0.0, 1.0]}, "02e1f92a68be43a3b2f1e3d2882c3da2_d2_0.png": {"intrinsics": {"fx": 1076.75, "fy": 1076.8, "cx": 642.24, "cy": 503.207}, "camera_to_world_matrix": [0.998357, 0.0029988, -0.0571977, -0.0626202, -0.0447303, 0.664539, -0.745914, 8.15445, 0.0357735, 0.747247, 0.663581, 1.64645, 0.0, 0.0, 0.0, 1.0]}, "02e1f92a68be43a3b2f1e3d2882c3da2_d2_1.png": {"intrinsics": {"fx": 1076.75, "fy": 1076.8, "cx": 642.24, "cy": 503.207}, "camera_to_world_matrix": [0.460506, 0.569219, -0.681119, -0.05035, -0.887516, 0.308839, -0.341952, 8.14663, 0.0157104, 0.761976, 0.647413, 1.64677, 0.0, 0.0, 0.0, 1.0]}, "02e1f92a68be43a3b2f1e3d2882c3da2_d2_2.png": {"intrinsics": {"fx": 1076.75, "fy": 1076.8, "cx": 642.24, "cy": 503.207}, "camera_to_world_matrix": [-0.53806, 0.544477, -0.643456, -0.0509773, -0.842801, -0.359529, 0.400531, 8.1321, -0.0132611, 0.757815, 0.652333, 1.64668, 0.0, 0.0, 0.0, 1.0]}, "02e1f92a68be43a3b2f1e3d2882c3da2_d2_3.png": {"intrinsics": {"fx": 1076.75, "fy": 1076.8, "cx": 642.24, "cy": 503.207}, "camera_to_world_matrix": [-0.998753, -0.0464857, 0.0181281, -0.0638748, 0.0446992, -0.672181, 0.739036, 8.12537, -0.022169, 0.738926, 0.673421, 1.64627, 0.0, 0.0, 0.0, 1.0]}, "02e1f92a68be43a3b2f1e3d2882c3da2_d2_4.png": {"intrinsics": {"fx": 1076.75, "fy": 1076.8, "cx": 642.24, "cy": 503.207}, "camera_to_world_matrix": [-0.46087, -0.612692, 0.642034, -0.0761446, 0.887464, -0.316459, 0.33505, 8.13319, -0.00210513, 0.724197, 0.689588, 1.64595, 0.0, 0.0, 0.0, 1.0]}, "02e1f92a68be43a3b2f1e3d2882c3da2_d2_5.png": {"intrinsics": {"fx": 1076.75, "fy": 1076.8, "cx": 642.24, "cy": 503.207}, "camera_to_world_matrix": [0.537695, -0.587923, 0.604341, -0.0755168, 0.84271, 0.351908, -0.407431, 8.14772, 0.0268662, 0.728359, 0.684667, 1.64604, 0.0, 0.0, 0.0, 1.0]}, "06707456aa1e41ccb840fed4137cb468_d0_0.png": {"intrinsics": {"fx": 1073.69, "fy": 1074.73, "cx": 638.041, "cy": 521.835}, "camera_to_world_matrix": [0.139249, 0.643915, 0.752317, -0.636399, 0.99025, -0.0877407, -0.10819, 6.79946, -0.00365632, 0.760048, -0.649856, 1.58701, 0.0, 0.0, 0.0, 1.0]}, "06707456aa1e41ccb840fed4137cb468_d0_1.png": {"intrinsics": {"fx": 1073.69, "fy": 1074.73, "cx": 638.041, "cy": 521.835}, "camera_to_world_matrix": [0.927139, 0.236368, 0.29076, -0.627475, 0.374579, -0.605517, -0.702167, 6.81095, 0.0100903, 0.75992, -0.649938, 1.58701, 0.0, 0.0, 0.0, 1.0]}, "06707456aa1e41ccb840fed4137cb468_d0_2.png": {"intrinsics": {"fx": 1073.69, "fy": 1074.73, "cx": 638.041, "cy": 521.835}, "camera_to_world_matrix": [0.787836, -0.415768, -0.454367, -0.613061, -0.615654, -0.511482, -0.599462, 6.80897, 0.0168369, 0.752012, -0.658935, 1.58718, 0.0, 0.0, 0.0, 1.0]}, "06707456aa1e41ccb840fed4137cb468_d0_3.png": {"intrinsics": {"fx": 1073.69, "fy": 1074.73, "cx": 638.041, "cy": 521.835}, "camera_to_world_matrix": [-0.139355, -0.660343, -0.73792, -0.607572, -0.990193, 0.100326, 0.0972168, 6.79549, 0.00983668, 0.744232, -0.667849, 1.58735, 0.0, 0.0, 0.0, 1.0]}, "06707456aa1e41ccb840fed4137cb468_d0_4.png": {"intrinsics": {"fx": 1073.69, "fy": 1074.73, "cx": 638.041, "cy": 521.835}, "camera_to_world_matrix": [-0.927221, -0.252775, -0.27634, -0.616496, -0.374491, 0.618087, 0.691176, 6.784, -0.0039099, 0.74436, -0.667767, 1.58735, 0.0, 0.0, 0.0, 1.0]}, "06707456aa1e41ccb840fed4137cb468_d0_5.png": {"intrinsics": {"fx": 1073.69, "fy": 1074.73, "cx": 638.041, "cy": 521.835}, "camera_to_world_matrix": [-0.787879, 0.399358, 0.468784, -0.63091, 0.615736, 0.524026, 0.588442, 6.78598, -0.010656, 0.752269, -0.65877, 1.58718, 0.0, 0.0, 0.0, 1.0]}, "06707456aa1e41ccb840fed4137cb468_d1_0.png": {"intrinsics": {"fx": 1076.66, "fy": 1077.13, "cx": 629.822, "cy": 529.542}, "camera_to_world_matrix": [0.136064, -0.0159128, 0.990572, -0.625816, 0.990682, -0.00398055, -0.136143, 6.79823, 0.00610931, 0.999866, 0.0152233, 1.62039, 0.0, 0.0, 0.0, 1.0]}, "06707456aa1e41ccb840fed4137cb468_d1_1.png": {"intrinsics": {"fx": 1076.66, "fy": 1077.13, "cx": 629.822, "cy": 529.542}, "camera_to_world_matrix": [0.925797, -0.0240931, 0.377254, -0.623669, 0.377501, 0.00650631, -0.925986, 6.80099, 0.0198553, 0.999689, 0.0151191, 1.62039, 0.0, 0.0, 0.0, 1.0]}, "06707456aa1e41ccb840fed4137cb468_d1_2.png": {"intrinsics": {"fx": 1076.66, "fy": 1077.13, "cx": 629.822, "cy": 529.542}, "camera_to_world_matrix": [0.789571, -0.0191008, -0.613362, -0.620202, -0.613081, 0.0188351, -0.789796, 6.80052, 0.0266384, 0.99964, 0.00316171, 1.62043, 0.0, 0.0, 0.0, 1.0]}, "06707456aa1e41ccb840fed4137cb468_d1_3.png": {"intrinsics": {"fx": 1076.66, "fy": 1077.13, "cx": 629.822, "cy": 529.542}, "camera_to_world_matrix": [-0.136384, -0.0059283, -0.990639, -0.618881, -0.990461, 0.0206767, 0.136236, 6.79728, 0.0196754, 0.999769, -0.00869128, 1.62047, 0.0, 0.0, 0.0, 1.0]}, "06707456aa1e41ccb840fed4137cb468_d1_4.png": {"intrinsics": {"fx": 1076.66, "fy": 1077.13, "cx": 629.822, "cy": 529.542}, "camera_to_world_matrix": [-0.926093, 0.00225166, -0.377289, -0.621028, -0.377249, 0.0101895, 0.926056, 6.79451, 0.00592944, 0.999946, -0.00858657, 1.62047, 0.0, 0.0, 0.0, 1.0]}, "06707456aa1e41ccb840fed4137cb468_d1_5.png": {"intrinsics": {"fx": 1076.66, "fy": 1077.13, "cx": 629.822, "cy": 529.542}, "camera_to_world_matrix": [-0.789829, -0.00274111, 0.613322, -0.624495, 0.613328, -0.00213904, 0.789826, 6.79499, -0.000853203, 0.999994, 0.00337112, 1.62043, 0.0, 0.0, 0.0, 1.0]}, "06707456aa1e41ccb840fed4137cb468_d2_0.png": {"intrinsics": {"fx": 1076.75, "fy": 1076.8, "cx": 642.24, "cy": 503.207}, "camera_to_world_matrix": [0.137602, -0.671218, 0.728376, -0.637125, 0.990486, 0.09322, -0.101215, 6.80001, 3.84711e-05, 0.735375, 0.677659, 1.6535, 0.0, 0.0, 0.0, 1.0]}, "06707456aa1e41ccb840fed4137cb468_d2_1.png": {"intrinsics": {"fx": 1076.75, "fy": 1076.8, "cx": 642.24, "cy": 503.207}, "camera_to_world_matrix": [0.926474, -0.264254, 0.26798, -0.628201, 0.376104, 0.623998, -0.684961, 6.8115, 0.013785, 0.735388, 0.677504, 1.6535, 0.0, 0.0, 0.0, 1.0]}, "06707456aa1e41ccb840fed4137cb468_d2_2.png": {"intrinsics": {"fx": 1076.75, "fy": 1076.8, "cx": 642.24, "cy": 503.207}, "camera_to_world_matrix": [0.788777, 0.39885, -0.467706, -0.613788, -0.614334, 0.536971, -0.578147, 6.80952, 0.0205509, 0.743358, 0.668577, 1.65368, 0.0, 0.0, 0.0, 1.0]}, "06707456aa1e41ccb840fed4137cb468_d2_3.png": {"intrinsics": {"fx": 1076.75, "fy": 1076.8, "cx": 642.24, "cy": 503.207}, "camera_to_world_matrix": [-0.137789, 0.654976, -0.742981, -0.608298, -0.990367, -0.0808324, 0.112411, 6.79605, 0.01357, 0.751314, 0.659804, 1.65385, 0.0, 0.0, 0.0, 1.0]}, "06707456aa1e41ccb840fed4137cb468_d2_4.png": {"intrinsics": {"fx": 1076.75, "fy": 1076.8, "cx": 642.24, "cy": 503.207}, "camera_to_world_matrix": [-0.926637, 0.247992, -0.282562, -0.617223, -0.375954, -0.611595, 0.69614, 6.78456, -0.000176586, 0.7513, 0.659959, 1.65385, 0.0, 0.0, 0.0, 1.0]}, "06707456aa1e41ccb840fed4137cb468_d2_5.png": {"intrinsics": {"fx": 1076.75, "fy": 1076.8, "cx": 642.24, "cy": 503.207}, "camera_to_world_matrix": [-0.788901, -0.41511, 0.45312, -0.631636, 0.614479, -0.524541, 0.589296, 6.78654, -0.00694193, 0.74333, 0.668887, 1.65367, 0.0, 0.0, 0.0, 1.0]}, "07eec017bd8e4bf68011d958735a997a_d0_0.png": {"intrinsics": {"fx": 1073.69, "fy": 1074.73, "cx": 638.041, "cy": 521.835}, "camera_to_world_matrix": [-0.988778, -0.0948458, -0.115417, -19.3933, -0.149325, 0.649999, 0.745119, 2.71235, 0.00434956, 0.753992, -0.656869, 1.5567, 0.0, 0.0, 0.0, 1.0]}, "07eec017bd8e4bf68011d958735a997a_d0_1.png": {"intrinsics": {"fx": 1073.69, "fy": 1074.73, "cx": 638.041, "cy": 521.835}, "camera_to_world_matrix": [-0.623685, 0.517745, 0.585624, -19.4068, 0.781651, 0.40727, 0.472389, 2.71762, 0.00606954, 0.752376, -0.658706, 1.55673, 0.0, 0.0, 0.0, 1.0]}, "07eec017bd8e4bf68011d958735a997a_d0_2.png": {"intrinsics": {"fx": 1073.69, "fy": 1074.73, "cx": 638.041, "cy": 521.835}, "camera_to_world_matrix": [0.365112, 0.61382, 0.699941, -19.4091, 0.930951, -0.244614, -0.271097, 2.732, 0.00481061, 0.750592, -0.660749, 1.55677, 0.0, 0.0, 0.0, 1.0]}, "07eec017bd8e4bf68011d958735a997a_d0_3.png": {"intrinsics": {"fx": 1073.69, "fy": 1074.73, "cx": 638.041, "cy": 521.835}, "camera_to_world_matrix": [0.988794, 0.0973025, 0.113214, -19.3977, 0.149271, -0.653755, -0.741836, 2.74111, 0.00183172, 0.750423, -0.660955, 1.55678, 0.0, 0.0, 0.0, 1.0]}, "07eec017bd8e4bf68011d958735a997a_d0_4.png": {"intrinsics": {"fx": 1073.69, "fy": 1074.73, "cx": 638.041, "cy": 521.835}, "camera_to_world_matrix": [0.623665, -0.515279, -0.587817, -19.3841, -0.781691, -0.411003, -0.469078, 2.73584, 0.000111859, 0.752039, -0.659118, 1.55674, 0.0, 0.0, 0.0, 1.0]}, "07eec017bd8e4bf68011d958735a997a_d0_5.png": {"intrinsics": {"fx": 1073.69, "fy": 1074.73, "cx": 638.041, "cy": 521.835}, "camera_to_world_matrix": [-0.365138, -0.611328, -0.702104, -19.3819, -0.930951, 0.240885, 0.274412, 2.72146, 0.00137089, 0.753824, -0.657075, 1.5567, 0.0, 0.0, 0.0, 1.0]}, "07eec017bd8e4bf68011d958735a997a_d1_0.png": {"intrinsics": {"fx": 1076.66, "fy": 1077.13, "cx": 629.822, "cy": 529.542}, "camera_to_world_matrix": [-0.988218, 0.0148907, -0.152328, -19.3949, -0.152399, -0.00375766, 0.988312, 2.72318, 0.0141441, 0.999882, 0.00598314, 1.58998, 0.0, 0.0, 0.0, 1.0]}, "07eec017bd8e4bf68011d958735a997a_d1_1.png": {"intrinsics": {"fx": 1076.66, "fy": 1077.13, "cx": 629.822, "cy": 529.542}, "camera_to_world_matrix": [-0.626038, 0.00717586, 0.77976, -19.3982, 0.779631, -0.014593, 0.626069, 2.72445, 0.0158715, 0.999868, 0.00354172, 1.58998, 0.0, 0.0, 0.0, 1.0]}, "07eec017bd8e4bf68011d958735a997a_d1_2.png": {"intrinsics": {"fx": 1076.66, "fy": 1077.13, "cx": 629.822, "cy": 529.542}, "camera_to_world_matrix": [0.362215, -0.00606524, 0.932075, -19.3987, 0.93198, -0.0133294, -0.362265, 2.72791, 0.0146211, 0.999893, 0.000825013, 1.58999, 0.0, 0.0, 0.0, 1.0]}, "07eec017bd8e4bf68011d958735a997a_d1_3.png": {"intrinsics": {"fx": 1076.66, "fy": 1077.13, "cx": 629.822, "cy": 529.542}, "camera_to_world_matrix": [0.988267, -0.0115912, 0.1523, -19.396, 0.152296, -0.00123039, -0.988334, 2.7301, 0.0116433, 0.999932, 0.000549784, 1.59, 0.0, 0.0, 0.0, 1.0]}, "07eec017bd8e4bf68011d958735a997a_d1_4.png": {"intrinsics": {"fx": 1076.66, "fy": 1077.13, "cx": 629.822, "cy": 529.542}, "camera_to_world_matrix": [0.62605, -0.003876, -0.779773, -19.3927, -0.77972, 0.00960469, -0.626055, 2.72884, 0.00991595, 0.999947, 0.00299127, 1.58999, 0.0, 0.0, 0.0, 1.0]}, "07eec017bd8e4bf68011d958735a997a_d1_5.png": {"intrinsics": {"fx": 1076.66, "fy": 1077.13, "cx": 629.822, "cy": 529.542}, "camera_to_world_matrix": [-0.362209, 0.00936505, -0.93205, -19.3922, -0.93203, 0.00834052, 0.362285, 2.72538, 0.0111665, 0.999922, 0.00570793, 1.58998, 0.0, 0.0, 0.0, 1.0]}, "07eec017bd8e4bf68011d958735a997a_d2_0.png": {"intrinsics": {"fx": 1076.75, "fy": 1076.8, "cx": 642.24, "cy": 503.207}, "camera_to_world_matrix": [-0.98851, 0.107161, -0.106592, -19.3932, -0.150932, -0.66224, 0.733933, 2.71218, 0.00805952, 0.741589, 0.670805, 1.6232, 0.0, 0.0, 0.0, 1.0]}, "07eec017bd8e4bf68011d958735a997a_d2_1.png": {"intrinsics": {"fx": 1076.75, "fy": 1076.8, "cx": 642.24, "cy": 503.207}, "camera_to_world_matrix": [-0.624932, -0.517724, 0.584312, -19.4067, 0.780616, -0.423784, 0.459394, 2.71745, 0.00978343, 0.743215, 0.66898, 1.62323, 0.0, 0.0, 0.0, 1.0]}, "07eec017bd8e4bf68011d958735a997a_d2_2.png": {"intrinsics": {"fx": 1076.75, "fy": 1076.8, "cx": 642.24, "cy": 503.207}, "camera_to_world_matrix": [0.363603, -0.623647, 0.691995, -19.4089, 0.931514, 0.236611, -0.276217, 2.73183, 0.00852894, 0.745037, 0.666967, 1.62327, 0.0, 0.0, 0.0, 1.0]}, "07eec017bd8e4bf68011d958735a997a_d2_3.png": {"intrinsics": {"fx": 1076.75, "fy": 1076.8, "cx": 642.24, "cy": 503.207}, "camera_to_world_matrix": [0.988539, -0.104682, 0.10877, -19.3976, 0.15086, 0.658535, -0.737274, 2.74094, 0.00555054, 0.745233, 0.666779, 1.62328, 0.0, 0.0, 0.0, 1.0]}, "07eec017bd8e4bf68011d958735a997a_d2_4.png": {"intrinsics": {"fx": 1076.75, "fy": 1076.8, "cx": 642.24, "cy": 503.207}, "camera_to_world_matrix": [0.624924, 0.520193, -0.582124, -19.384, -0.780675, 0.420055, -0.462708, 2.73567, 0.0038267, 0.743607, 0.668604, 1.62324, 0.0, 0.0, 0.0, 1.0]}, "07eec017bd8e4bf68011d958735a997a_d2_5.png": {"intrinsics": {"fx": 1076.75, "fy": 1076.8, "cx": 642.24, "cy": 503.207}, "camera_to_world_matrix": [-0.363617, 0.62609, -0.689777, -19.3818, -0.931533, -0.240344, 0.272908, 2.72129, 0.00508134, 0.741785, 0.670617, 1.6232, 0.0, 0.0, 0.0, 1.0]}, "09d8e093d1774f30a46d0864f7bb5796_d0_0.png": {"intrinsics": {"fx": 1073.69, "fy": 1074.73, "cx": 638.041, "cy": 521.835}, "camera_to_world_matrix": [0.999394, 0.0171719, 0.0302759, -12.8374, 0.0339872, -0.669082, -0.742411, 35.6887, 0.00750866, 0.74299, -0.669261, 1.58945, 0.0, 0.0, 0.0, 1.0]}, "09d8e093d1774f30a46d0864f7bb5796_d0_1.png": {"intrinsics": {"fx": 1073.69, "fy": 1074.73, "cx": 638.041, "cy": 521.835}, "camera_to_world_matrix": [0.529201, -0.563273, -0.634561, -12.8246, -0.848469, -0.357207, -0.390516, 35.6819, -0.00670229, 0.745067, -0.666955, 1.5894, 0.0, 0.0, 0.0, 1.0]}, "09d8e093d1774f30a46d0864f7bb5796_d0_2.png": {"intrinsics": {"fx": 1073.69, "fy": 1074.73, "cx": 638.041, "cy": 521.835}, "camera_to_world_matrix": [-0.470216, -0.583399, -0.662224, -12.824, -0.882481, 0.301351, 0.361129, 35.6674, -0.0111203, 0.754209, -0.65654, 1.5892, 0.0, 0.0, 0.0, 1.0]}, "09d8e093d1774f30a46d0864f7bb5796_d0_3.png": {"intrinsics": {"fx": 1073.69, "fy": 1074.73, "cx": 638.041, "cy": 521.835}, "camera_to_world_matrix": [-0.999419, -0.0230792, -0.0250495, -12.8364, -0.0340348, 0.648019, 0.760862, 35.6596, -0.00132736, 0.761273, -0.648429, 1.58904, 0.0, 0.0, 0.0, 1.0]}, "09d8e093d1774f30a46d0864f7bb5796_d0_4.png": {"intrinsics": {"fx": 1073.69, "fy": 1074.73, "cx": 638.041, "cy": 521.835}, "camera_to_world_matrix": [-0.529193, 0.557354, 0.639774, -12.8492, 0.848403, 0.336121, 0.408941, 35.6664, 0.0128835, 0.759195, -0.650735, 1.58909, 0.0, 0.0, 0.0, 1.0]}, "09d8e093d1774f30a46d0864f7bb5796_d0_5.png": {"intrinsics": {"fx": 1073.69, "fy": 1074.73, "cx": 638.041, "cy": 521.835}, "camera_to_world_matrix": [0.470226, 0.577454, 0.667408, -12.8498, 0.882375, -0.322437, -0.342705, 35.681, 0.017301, 0.750053, -0.661151, 1.58929, 0.0, 0.0, 0.0, 1.0]}, "09d8e093d1774f30a46d0864f7bb5796_d1_0.png": {"intrinsics": {"fx": 1076.66, "fy": 1077.13, "cx": 629.822, "cy": 529.542}, "camera_to_world_matrix": [0.999167, -0.0169496, 0.0371286, -12.8372, 0.0369415, -0.0112146, -0.999255, 35.6772, 0.0173533, 0.999794, -0.0105787, 1.62254, 0.0, 0.0, 0.0, 1.0]}, "09d8e093d1774f30a46d0864f7bb5796_d1_1.png": {"intrinsics": {"fx": 1076.66, "fy": 1077.13, "cx": 629.822, "cy": 529.542}, "camera_to_world_matrix": [0.531747, -0.00803484, -0.846866, -12.8341, -0.846898, -0.00134443, -0.531754, 35.6756, 0.00313387, 0.999967, -0.00751914, 1.62253, 0.0, 0.0, 0.0, 1.0]}, "09d8e093d1774f30a46d0864f7bb5796_d1_2.png": {"intrinsics": {"fx": 1076.66, "fy": 1077.13, "cx": 629.822, "cy": 529.542}, "camera_to_world_matrix": [-0.467484, 0.00497154, -0.883988, -12.8339, -0.884001, -0.00412975, 0.467467, 35.6721, -0.00132674, 0.999979, 0.00632588, 1.62248, 0.0, 0.0, 0.0, 1.0]}, "09d8e093d1774f30a46d0864f7bb5796_d1_3.png": {"intrinsics": {"fx": 1076.66, "fy": 1077.13, "cx": 629.822, "cy": 529.542}, "camera_to_world_matrix": [-0.99927, 0.00906282, -0.0371154, -12.8369, -0.0372636, -0.0167852, 0.999165, 35.6702, 0.00843214, 0.999818, 0.0171111, 1.62244, 0.0, 0.0, 0.0, 1.0]}, "09d8e093d1774f30a46d0864f7bb5796_d1_4.png": {"intrinsics": {"fx": 1076.66, "fy": 1077.13, "cx": 629.822, "cy": 529.542}, "camera_to_world_matrix": [-0.531815, 0.000147632, 0.846861, -12.84, 0.846558, -0.026655, 0.53163, 35.6718, 0.0226514, 0.999645, 0.014051, 1.62245, 0.0, 0.0, 0.0, 1.0]}, "09d8e093d1774f30a46d0864f7bb5796_d1_5.png": {"intrinsics": {"fx": 1076.66, "fy": 1077.13, "cx": 629.822, "cy": 529.542}, "camera_to_world_matrix": [0.467417, -0.0128586, 0.883944, -12.8401, 0.883622, -0.0238692, -0.467593, 35.6753, 0.0271115, 0.999633, 0.00020578, 1.6225, 0.0, 0.0, 0.0, 1.0]}, "09d8e093d1774f30a46d0864f7bb5796_d2_0.png": {"intrinsics": {"fx": 1076.75, "fy": 1076.8, "cx": 642.24, "cy": 503.207}, "camera_to_world_matrix": [0.999304, -0.0318685, 0.0193597, -12.8377, 0.0355526, 0.657732, -0.752412, 35.6878, 0.011245, 0.752577, 0.658406, 1.65594, 0.0, 0.0, 0.0, 1.0]}, "09d8e093d1774f30a46d0864f7bb5796_d2_1.png": {"intrinsics": {"fx": 1076.75, "fy": 1076.8, "cx": 642.24, "cy": 503.207}, "camera_to_world_matrix": [0.53055, 0.561282, -0.6352, -12.8248, -0.847647, 0.34868, -0.399893, 35.681, -0.00297067, 0.750589, 0.660761, 1.65589, 0.0, 0.0, 0.0, 1.0]}, "09d8e093d1774f30a46d0864f7bb5796_d2_2.png": {"intrinsics": {"fx": 1076.75, "fy": 1076.8, "cx": 642.24, "cy": 503.207}, "camera_to_world_matrix": [-0.468792, 0.590206, -0.657183, -12.8243, -0.883276, -0.319468, 0.343165, 35.6664, -0.00741106, 0.741348, 0.671079, 1.65569, 0.0, 0.0, 0.0, 1.0]}, "09d8e093d1774f30a46d0864f7bb5796_d2_3.png": {"intrinsics": {"fx": 1076.75, "fy": 1076.8, "cx": 642.24, "cy": 503.207}, "camera_to_world_matrix": [-0.999359, 0.0259789, -0.0246058, -12.8366, -0.0357043, -0.67855, 0.733686, 35.6587, 0.00236431, 0.734094, 0.679042, 1.65554, 0.0, 0.0, 0.0, 1.0]}, "09d8e093d1774f30a46d0864f7bb5796_d2_4.png": {"intrinsics": {"fx": 1076.75, "fy": 1076.8, "cx": 642.24, "cy": 503.207}, "camera_to_world_matrix": [-0.53057, -0.56716, 0.62994, -12.8495, 0.847477, -0.369475, 0.38114, 35.6655, 0.0165799, 0.736083, 0.676687, 1.65558, 0.0, 0.0, 0.0, 1.0]}, "09d8e093d1774f30a46d0864f7bb5796_d2_5.png": {"intrinsics": {"fx": 1076.75, "fy": 1076.8, "cx": 642.24, "cy": 503.207}, "camera_to_world_matrix": [0.468773, -0.596058, 0.651894, -12.85, 0.883067, 0.298675, -0.361918, 35.68, 0.0210197, 0.745324, 0.666369, 1.65578, 0.0, 0.0, 0.0, 1.0]}, "0b157593aa4649189dc60e5f9249db90_d0_0.png": {"intrinsics": {"fx": 1073.69, "fy": 1074.73, "cx": 638.041, "cy": 521.835}, "camera_to_world_matrix": [-0.229518, -0.635505, -0.737193, 1.93194, -0.973281, 0.155047, 0.169361, 23.0217, 0.00666972, 0.756367, -0.654113, 1.54336, 0.0, 0.0, 0.0, 1.0]}, "0b157593aa4649189dc60e5f9249db90_d0_1.png": {"intrinsics": {"fx": 1073.69, "fy": 1074.73, "cx": 638.041, "cy": 521.835}, "camera_to_world_matrix": [-0.957627, -0.182166, -0.223079, 1.922, -0.287821, 0.633224, 0.71846, 23.011, 0.0103802, 0.752224, -0.658825, 1.54346, 0.0, 0.0, 0.0, 1.0]}, "0b157593aa4649189dc60e5f9249db90_d0_2.png": {"intrinsics": {"fx": 1073.69, "fy": 1074.73, "cx": 638.041, "cy": 521.835}, "camera_to_world_matrix": [-0.728066, 0.458611, 0.509504, 1.90783, 0.685472, 0.479687, 0.547747, 23.0143, 0.00680096, 0.748048, -0.66361, 1.54355, 0.0, 0.0, 0.0, 1.0]}, "0b157593aa4649189dc60e5f9249db90_d0_3.png": {"intrinsics": {"fx": 1073.69, "fy": 1074.73, "cx": 638.041, "cy": 521.835}, "camera_to_world_matrix": [0.229599, 0.646035, 0.727957, 1.9036, 0.973284, -0.152025, -0.172059, 23.0282, -0.000488724, 0.748015, -0.663682, 1.54355, 0.0, 0.0, 0.0, 1.0]}, "0b157593aa4649189dc60e5f9249db90_d0_4.png": {"intrinsics": {"fx": 1073.69, "fy": 1074.73, "cx": 638.041, "cy": 521.835}, "camera_to_world_matrix": [0.957682, 0.192677, 0.213822, 1.91354, 0.287797, -0.630184, -0.721138, 23.0389, -0.00419895, 0.752158, -0.658969, 1.54346, 0.0, 0.0, 0.0, 1.0]}, "0b157593aa4649189dc60e5f9249db90_d0_5.png": {"intrinsics": {"fx": 1073.69, "fy": 1074.73, "cx": 638.041, "cy": 521.835}, "camera_to_world_matrix": [0.728082, -0.448095, -0.518754, 1.92771, -0.685488, -0.476621, -0.550397, 23.0356, -0.000619449, 0.756335, -0.654185, 1.54337, 0.0, 0.0, 0.0, 1.0]}, "0b157593aa4649189dc60e5f9249db90_d1_0.png": {"intrinsics": {"fx": 1076.66, "fy": 1077.13, "cx": 629.822, "cy": 529.542}, "camera_to_world_matrix": [-0.226417, 0.0131044, -0.973943, 1.92141, -0.973892, 0.0138441, 0.226591, 23.0242, 0.0164526, 0.999819, 0.00962818, 1.57668, 0.0, 0.0, 0.0, 1.0]}, "0b157593aa4649189dc60e5f9249db90_d1_1.png": {"intrinsics": {"fx": 1076.66, "fy": 1077.13, "cx": 629.822, "cy": 529.542}, "camera_to_world_matrix": [-0.956589, 0.0202885, -0.290736, 1.91902, -0.290743, 0.00264981, 0.956798, 23.0217, 0.0201822, 0.999791, 0.0033644, 1.57671, 0.0, 0.0, 0.0, 1.0]}, "0b157593aa4649189dc60e5f9249db90_d1_2.png": {"intrinsics": {"fx": 1076.66, "fy": 1077.13, "cx": 629.822, "cy": 529.542}, "camera_to_world_matrix": [-0.73006, 0.0141861, 0.683236, 1.91561, 0.683181, -0.00916884, 0.730192, 23.0225, 0.0166229, 0.999858, -0.00299742, 1.57673, 0.0, 0.0, 0.0, 1.0]}, "0b157593aa4649189dc60e5f9249db90_d1_3.png": {"intrinsics": {"fx": 1076.66, "fy": 1077.13, "cx": 629.822, "cy": 529.542}, "camera_to_world_matrix": [0.226635, 0.000899788, 0.97398, 1.91459, 0.973935, -0.00979291, -0.226616, 23.0258, 0.00933406, 0.999952, -0.00309531, 1.57673, 0.0, 0.0, 0.0, 1.0]}, "0b157593aa4649189dc60e5f9249db90_d1_4.png": {"intrinsics": {"fx": 1076.66, "fy": 1077.13, "cx": 629.822, "cy": 529.542}, "camera_to_world_matrix": [0.956781, -0.00628383, 0.290744, 1.91698, 0.290758, 0.00140168, -0.956796, 23.0284, 0.00560468, 0.99998, 0.00316862, 1.57671, 0.0, 0.0, 0.0, 1.0]}, "0b157593aa4649189dc60e5f9249db90_d1_5.png": {"intrinsics": {"fx": 1076.66, "fy": 1077.13, "cx": 629.822, "cy": 529.542}, "camera_to_world_matrix": [0.730214, -0.000180981, -0.683219, 1.92039, -0.683158, 0.0132201, -0.730152, 23.0276, 0.00916424, 0.999913, 0.0095303, 1.57668, 0.0, 0.0, 0.0, 1.0]}, "0b157593aa4649189dc60e5f9249db90_d2_0.png": {"intrinsics": {"fx": 1076.75, "fy": 1076.8, "cx": 642.24, "cy": 503.207}, "camera_to_world_matrix": [-0.227911, 0.657544, -0.718117, 1.9324, -0.973625, -0.146047, 0.175276, 23.0218, 0.0103737, 0.739125, 0.673487, 1.60986, 0.0, 0.0, 0.0, 1.0]}, "0b157593aa4649189dc60e5f9249db90_d2_1.png": {"intrinsics": {"fx": 1076.75, "fy": 1076.8, "cx": 642.24, "cy": 503.207}, "camera_to_world_matrix": [-0.957116, 0.203593, -0.206099, 1.92246, -0.289359, -0.637225, 0.714294, 23.0112, 0.0140943, 0.743299, 0.668809, 1.60995, 0.0, 0.0, 0.0, 1.0]}, "0b157593aa4649189dc60e5f9249db90_d2_2.png": {"intrinsics": {"fx": 1076.75, "fy": 1076.8, "cx": 642.24, "cy": 503.207}, "camera_to_world_matrix": [-0.729135, -0.448749, 0.516706, 1.90829, 0.684287, -0.489658, 0.540356, 23.0145, 0.0105254, 0.747569, 0.664099, 1.61005, 0.0, 0.0, 0.0, 1.0]}, "0b157593aa4649189dc60e5f9249db90_d2_3.png": {"intrinsics": {"fx": 1076.75, "fy": 1076.8, "cx": 642.24, "cy": 503.207}, "camera_to_world_matrix": [0.228044, -0.647126, 0.727477, 1.90406, 0.973644, 0.149084, -0.172595, 23.0284, 0.00323595, 0.747664, 0.664068, 1.61005, 0.0, 0.0, 0.0, 1.0]}, "0b157593aa4649189dc60e5f9249db90_d2_4.png": {"intrinsics": {"fx": 1076.75, "fy": 1076.8, "cx": 642.24, "cy": 503.207}, "camera_to_world_matrix": [0.957222, -0.193156, 0.215438, 1.914, 0.289349, 0.640245, -0.711592, 23.039, -0.00048441, 0.74349, 0.668745, 1.60996, 0.0, 0.0, 0.0, 1.0]}, "0b157593aa4649189dc60e5f9249db90_d2_5.png": {"intrinsics": {"fx": 1076.75, "fy": 1076.8, "cx": 642.24, "cy": 503.207}, "camera_to_world_matrix": [0.729204, 0.45918, -0.50736, 1.92817, -0.684288, 0.492652, -0.537626, 23.0357, 0.00308477, 0.73922, 0.673455, 1.60986, 0.0, 0.0, 0.0, 1.0]}, "0d5ad0a5f68e43c6a273d70cbd09dd4f_d0_0.png": {"intrinsics": {"fx": 1073.69, "fy": 1074.73, "cx": 638.041, "cy": 521.835}, "camera_to_world_matrix": [0.915977, 0.25452, 0.310168, -1.0962, 0.401026, -0.605365, -0.68754, 4.017, 0.0127727, 0.754156, -0.656571, 1.61395, 0.0, 0.0, 0.0, 1.0]}, "0d5ad0a5f68e43c6a273d70cbd09dd4f_d0_1.png": {"intrinsics": {"fx": 1073.69, "fy": 1074.73, "cx": 638.041, "cy": 521.835}, "camera_to_world_matrix": [0.805258, -0.400063, -0.437617, -1.08174, -0.59283, -0.530088, -0.606266, 4.01544, 0.0105687, 0.747633, -0.664028, 1.61409, 0.0, 0.0, 0.0, 1.0]}, "0d5ad0a5f68e43c6a273d70cbd09dd4f_d0_2.png": {"intrinsics": {"fx": 1073.69, "fy": 1074.73, "cx": 638.041, "cy": 521.835}, "camera_to_world_matrix": [-0.110769, -0.662164, -0.741126, -1.07586, -0.993845, 0.0744662, 0.0820079, 4.00213, 0.000886324, 0.745649, -0.666338, 1.61414, 0.0, 0.0, 0.0, 1.0]}, "0d5ad0a5f68e43c6a273d70cbd09dd4f_d0_3.png": {"intrinsics": {"fx": 1073.69, "fy": 1074.73, "cx": 638.041, "cy": 521.835}, "camera_to_world_matrix": [-0.916055, -0.269677, -0.296843, -1.08445, -0.400997, 0.60373, 0.688992, 3.99038, -0.00659177, 0.750189, -0.661191, 1.61404, 0.0, 0.0, 0.0, 1.0]}, "0d5ad0a5f68e43c6a273d70cbd09dd4f_d0_4.png": {"intrinsics": {"fx": 1073.69, "fy": 1074.73, "cx": 638.041, "cy": 521.835}, "camera_to_world_matrix": [-0.805297, 0.384903, 0.450939, -1.09892, 0.592854, 0.528428, 0.607689, 3.99195, -0.0043873, 0.756712, -0.653734, 1.61389, 0.0, 0.0, 0.0, 1.0]}, "0d5ad0a5f68e43c6a273d70cbd09dd4f_d0_5.png": {"intrinsics": {"fx": 1073.69, "fy": 1074.73, "cx": 638.041, "cy": 521.835}, "camera_to_world_matrix": [0.110745, 0.64698, 0.754421, -1.10479, 0.993834, -0.0761368, -0.0805963, 4.00526, 0.00529517, 0.758695, -0.651424, 1.61385, 0.0, 0.0, 0.0, 1.0]}, "0d5ad0a5f68e43c6a273d70cbd09dd4f_d1_0.png": {"intrinsics": {"fx": 1076.66, "fy": 1077.13, "cx": 629.822, "cy": 529.542}, "camera_to_world_matrix": [0.914561, -0.0232038, 0.403782, -1.09208, 0.403818, -0.00331266, -0.914833, 4.00686, 0.0225651, 0.999726, 0.00634095, 1.64723, 0.0, 0.0, 0.0, 1.0]}, "0d5ad0a5f68e43c6a273d70cbd09dd4f_d1_1.png": {"intrinsics": {"fx": 1076.66, "fy": 1077.13, "cx": 629.822, "cy": 529.542}, "camera_to_world_matrix": [0.806928, -0.0185687, -0.590358, -1.0886, -0.590298, 0.00915475, -0.807134, 4.00648, 0.0203919, 0.999786, -0.00357342, 1.64727, 0.0, 0.0, 0.0, 1.0]}, "0d5ad0a5f68e43c6a273d70cbd09dd4f_d1_2.png": {"intrinsics": {"fx": 1076.66, "fy": 1077.13, "cx": 629.822, "cy": 529.542}, "camera_to_world_matrix": [-0.107781, -0.00545458, -0.99416, -1.08718, -0.994117, 0.0113739, 0.107714, 4.00328, 0.0107198, 0.999921, -0.00664793, 1.64728, 0.0, 0.0, 0.0, 1.0]}, "0d5ad0a5f68e43c6a273d70cbd09dd4f_d1_3.png": {"intrinsics": {"fx": 1076.66, "fy": 1077.13, "cx": 629.822, "cy": 529.542}, "camera_to_world_matrix": [-0.914837, 0.0030242, -0.403812, -1.08925, -0.403811, 0.0011255, 0.914842, 4.00046, 0.00322104, 0.999995, 0.000191998, 1.64725, 0.0, 0.0, 0.0, 1.0]}, "0d5ad0a5f68e43c6a273d70cbd09dd4f_d1_4.png": {"intrinsics": {"fx": 1076.66, "fy": 1077.13, "cx": 629.822, "cy": 529.542}, "camera_to_world_matrix": [-0.807166, -0.00161138, 0.590324, -1.09273, 0.590302, -0.0113417, 0.807104, 4.00083, 0.00539462, 0.999935, 0.0101063, 1.64722, 0.0, 0.0, 0.0, 1.0]}, "0d5ad0a5f68e43c6a273d70cbd09dd4f_d1_5.png": {"intrinsics": {"fx": 1076.66, "fy": 1077.13, "cx": 629.822, "cy": 529.542}, "camera_to_world_matrix": [0.10756, -0.0147256, 0.99409, -1.09414, 0.994085, -0.0135603, -0.10776, 4.00403, 0.0150669, 0.9998, 0.0131804, 1.64721, 0.0, 0.0, 0.0, 1.0]}, "0d5ad0a5f68e43c6a273d70cbd09dd4f_d2_0.png": {"intrinsics": {"fx": 1076.75, "fy": 1076.8, "cx": 642.24, "cy": 503.207}, "camera_to_world_matrix": [0.915272, -0.281331, 0.288319, -1.09687, 0.402497, 0.60939, -0.683111, 4.01693, 0.0164818, 0.74128, 0.670992, 1.68045, 0.0, 0.0, 0.0, 1.0]}, "0d5ad0a5f68e43c6a273d70cbd09dd4f_d2_1.png": {"intrinsics": {"fx": 1076.75, "fy": 1076.8, "cx": 642.24, "cy": 503.207}, "camera_to_world_matrix": [0.806164, 0.384013, -0.450148, -1.08241, -0.591518, 0.541433, -0.597458, 4.01537, 0.0142939, 0.74792, 0.663633, 1.68059, 0.0, 0.0, 0.0, 1.0]}, "0d5ad0a5f68e43c6a273d70cbd09dd4f_d2_2.png": {"intrinsics": {"fx": 1076.75, "fy": 1076.8, "cx": 642.24, "cy": 503.207}, "camera_to_world_matrix": [-0.109195, 0.657833, -0.745205, -1.07653, -0.994008, -0.0687821, 0.0849351, 4.00205, 0.00461664, 0.750016, 0.661402, 1.68063, 0.0, 0.0, 0.0, 1.0]}, "0d5ad0a5f68e43c6a273d70cbd09dd4f_d2_3.png": {"intrinsics": {"fx": 1076.75, "fy": 1076.8, "cx": 642.24, "cy": 503.207}, "camera_to_world_matrix": [-0.915425, 0.266304, -0.30179, -1.08512, -0.402476, -0.611027, 0.681659, 3.99031, -0.00287243, 0.745472, 0.666529, 1.68054, 0.0, 0.0, 0.0, 1.0]}, "0d5ad0a5f68e43c6a273d70cbd09dd4f_d2_4.png": {"intrinsics": {"fx": 1076.75, "fy": 1076.8, "cx": 642.24, "cy": 503.207}, "camera_to_world_matrix": [-0.806278, -0.399037, 0.436674, -1.09959, 0.591534, -0.543044, 0.595978, 3.99188, -0.000684086, 0.738832, 0.673888, 1.68039, 0.0, 0.0, 0.0, 1.0]}, "0d5ad0a5f68e43c6a273d70cbd09dd4f_d2_5.png": {"intrinsics": {"fx": 1076.75, "fy": 1076.8, "cx": 642.24, "cy": 503.207}, "camera_to_world_matrix": [0.109096, -0.672834, 0.731705, -1.10546, 0.993989, 0.0671825, -0.0864267, 4.00519, 0.0089933, 0.736736, 0.676119, 1.68035, 0.0, 0.0, 0.0, 1.0]}, "0e5bfc88122a49f4a416710f5df63826_d0_0.png": {"intrinsics": {"fx": 1073.69, "fy": 1074.73, "cx": 638.041, "cy": 521.835}, "camera_to_world_matrix": [0.840248, 0.352343, 0.412112, -14.837, 0.542199, -0.548284, -0.636714, 2.19613, 0.00161247, 0.758444, -0.651735, 1.56473, 0.0, 0.0, 0.0, 1.0]}, "0e5bfc88122a49f4a416710f5df63826_d0_1.png": {"intrinsics": {"fx": 1073.69, "fy": 1074.73, "cx": 638.041, "cy": 521.835}, "camera_to_world_matrix": [0.889636, -0.305887, -0.339087, -14.8225, -0.456546, -0.578526, -0.675923, 2.1969, 0.0105856, 0.756135, -0.65433, 1.56478, 0.0, 0.0, 0.0, 1.0]}, "0e5bfc88122a49f4a416710f5df63826_d0_2.png": {"intrinsics": {"fx": 1073.69, "fy": 1074.73, "cx": 638.041, "cy": 521.835}, "camera_to_world_matrix": [0.0493559, -0.661167, -0.748613, -14.8146, -0.998708, -0.023617, -0.0449862, 2.1847, 0.0120635, 0.749866, -0.661479, 1.56492, 0.0, 0.0, 0.0, 1.0]}, "0e5bfc88122a49f4a416710f5df63826_d0_3.png": {"intrinsics": {"fx": 1073.69, "fy": 1074.73, "cx": 638.041, "cy": 521.835}, "camera_to_world_matrix": [-0.840293, -0.358209, -0.406931, -14.8212, -0.542112, 0.561522, 0.625146, 2.17173, 0.00456828, 0.745908, -0.666033, 1.56501, 0.0, 0.0, 0.0, 1.0]}, "0e5bfc88122a49f4a416710f5df63826_d0_4.png": {"intrinsics": {"fx": 1073.69, "fy": 1074.73, "cx": 638.041, "cy": 521.835}, "camera_to_world_matrix": [-0.889642, 0.300023, 0.34427, -14.8357, 0.456636, 0.591739, 0.664325, 2.17097, -0.00440469, 0.748218, -0.663438, 1.56496, 0.0, 0.0, 0.0, 1.0]}, "0e5bfc88122a49f4a416710f5df63826_d0_5.png": {"intrinsics": {"fx": 1073.69, "fy": 1074.73, "cx": 638.041, "cy": 521.835}, "camera_to_world_matrix": [-0.0493409, 0.655281, 0.753771, -14.8437, 0.998764, 0.0368158, 0.0333724, 2.18317, -0.00588225, 0.754486, -0.656289, 1.56482, 0.0, 0.0, 0.0, 1.0]}, "0e5bfc88122a49f4a416710f5df63826_d1_0.png": {"intrinsics": {"fx": 1076.66, "fy": 1077.13, "cx": 629.822, "cy": 529.542}, "camera_to_world_matrix": [0.838462, -0.0165045, 0.544711, -14.8312, 0.544842, 0.00450439, -0.838527, 2.18716, 0.0113858, 0.999854, 0.0127696, 1.59808, 0.0, 0.0, 0.0, 1.0]}, "0e5bfc88122a49f4a416710f5df63826_d1_1.png": {"intrinsics": {"fx": 1076.66, "fy": 1077.13, "cx": 629.822, "cy": 529.542}, "camera_to_world_matrix": [0.890939, -0.0139194, -0.453912, -14.8277, -0.453668, 0.0175516, -0.890998, 2.18734, 0.0203689, 0.999749, 0.00932305, 1.5981, 0.0, 0.0, 0.0, 1.0]}, "0e5bfc88122a49f4a416710f5df63826_d1_2.png": {"intrinsics": {"fx": 1076.66, "fy": 1077.13, "cx": 629.822, "cy": 529.542}, "camera_to_world_matrix": [0.052406, -0.00132732, -0.998626, -14.8258, -0.998387, 0.0218368, -0.0524226, 2.18441, 0.0218762, 0.999761, -0.000180354, 1.59813, 0.0, 0.0, 0.0, 1.0]}, "0e5bfc88122a49f4a416710f5df63826_d1_3.png": {"intrinsics": {"fx": 1076.66, "fy": 1077.13, "cx": 629.822, "cy": 529.542}, "camera_to_world_matrix": [-0.838584, 0.00867941, -0.544704, -14.8273, -0.544583, 0.0130746, 0.838606, 2.18129, 0.0144002, 0.999877, -0.00623702, 1.59815, 0.0, 0.0, 0.0, 1.0]}, "0e5bfc88122a49f4a416710f5df63826_d1_4.png": {"intrinsics": {"fx": 1076.66, "fy": 1077.13, "cx": 629.822, "cy": 529.542}, "camera_to_world_matrix": [-0.891022, 0.00609379, 0.453921, -14.8308, 0.45393, 2.74358e-05, 0.891038, 2.18111, 0.00541721, 0.999982, -0.00279015, 1.59814, 0.0, 0.0, 0.0, 1.0]}, "0e5bfc88122a49f4a416710f5df63826_d1_5.png": {"intrinsics": {"fx": 1076.66, "fy": 1077.13, "cx": 629.822, "cy": 529.542}, "camera_to_world_matrix": [-0.0524678, -0.0064985, 0.998602, -14.8327, 0.998616, -0.00425721, 0.0524409, 2.18404, 0.00391034, 0.99997, 0.00671331, 1.59811, 0.0, 0.0, 0.0, 1.0]}, "0e5bfc88122a49f4a416710f5df63826_d2_0.png": {"intrinsics": {"fx": 1076.75, "fy": 1076.8, "cx": 642.24, "cy": 503.207}, "camera_to_world_matrix": [0.839339, -0.370669, 0.397634, -14.8373, 0.543581, 0.565147, -0.620588, 2.19672, 0.00531133, 0.73703, 0.675837, 1.63123, 0.0, 0.0, 0.0, 1.0]}, "0e5bfc88122a49f4a416710f5df63826_d2_1.png": {"intrinsics": {"fx": 1076.75, "fy": 1076.8, "cx": 642.24, "cy": 503.207}, "camera_to_world_matrix": [0.890343, 0.297016, -0.345065, -14.8228, -0.455064, 0.604333, -0.653986, 2.19748, 0.0142899, 0.739298, 0.673225, 1.63128, 0.0, 0.0, 0.0, 1.0]}, "0e5bfc88122a49f4a416710f5df63826_d2_2.png": {"intrinsics": {"fx": 1076.75, "fy": 1076.8, "cx": 642.24, "cy": 503.207}, "camera_to_world_matrix": [0.0509576, 0.66477, -0.745308, -14.8149, -0.998575, 0.0457083, -0.027504, 2.18528, 0.0157832, 0.745648, 0.666151, 1.63142, 0.0, 0.0, 0.0, 1.0]}, "0e5bfc88122a49f4a416710f5df63826_d2_3.png": {"intrinsics": {"fx": 1076.75, "fy": 1076.8, "cx": 642.24, "cy": 503.207}, "camera_to_world_matrix": [-0.839413, 0.36483, -0.402844, -14.8215, -0.543429, -0.552091, 0.632361, 2.17232, 0.00829789, 0.74973, 0.66169, 1.6315, 0.0, 0.0, 0.0, 1.0]}, "0e5bfc88122a49f4a416710f5df63826_d2_4.png": {"intrinsics": {"fx": 1076.75, "fy": 1076.8, "cx": 642.24, "cy": 503.207}, "camera_to_world_matrix": [-0.890378, -0.302858, 0.339857, -14.836, 0.455219, -0.591252, 0.66573, 2.17155, -0.000680573, 0.747461, 0.664303, 1.63145, 0.0, 0.0, 0.0, 1.0]}, "0e5bfc88122a49f4a416710f5df63826_d2_5.png": {"intrinsics": {"fx": 1076.75, "fy": 1076.8, "cx": 642.24, "cy": 503.207}, "camera_to_world_matrix": [-0.0509717, -0.67059, 0.740076, -14.8439, 0.998697, -0.0326122, 0.039233, 2.18375, -0.00217347, 0.741111, 0.671377, 1.63132, 0.0, 0.0, 0.0, 1.0]}, "10754692950244ec91f59a14eb94ec5f_d0_0.png": {"intrinsics": {"fx": 1073.69, "fy": 1074.73, "cx": 638.041, "cy": 521.835}, "camera_to_world_matrix": [0.927208, -0.246081, -0.282362, -13.4525, -0.374543, -0.611966, -0.696574, 38.145, -0.00138185, 0.751625, -0.659589, 1.60994, 0.0, 0.0, 0.0, 1.0]}, "10754692950244ec91f59a14eb94ec5f_d0_1.png": {"intrinsics": {"fx": 1073.69, "fy": 1074.73, "cx": 638.041, "cy": 521.835}, "camera_to_world_matrix": [0.139234, -0.649951, -0.747112, -13.4435, -0.990259, -0.0913236, -0.105101, 38.1336, 8.14046e-05, 0.754468, -0.656336, 1.60987, 0.0, 0.0, 0.0, 1.0]}, "10754692950244ec91f59a14eb94ec5f_d0_2.png": {"intrinsics": {"fx": 1073.69, "fy": 1074.73, "cx": 638.041, "cy": 521.835}, "camera_to_world_matrix": [-0.787965, -0.400987, -0.467246, -13.4489, -0.615702, 0.518762, 0.593125, 38.1201, 0.004554, 0.755046, -0.655656, 1.60986, 0.0, 0.0, 0.0, 1.0]}, "10754692950244ec91f59a14eb94ec5f_d0_3.png": {"intrinsics": {"fx": 1073.69, "fy": 1074.73, "cx": 638.041, "cy": 521.835}, "camera_to_world_matrix": [-0.92717, 0.251841, 0.277365, -13.4633, 0.374563, 0.608191, 0.699861, 38.118, 0.00756323, 0.752781, -0.658228, 1.60991, 0.0, 0.0, 0.0, 1.0]}, "10754692950244ec91f59a14eb94ec5f_d0_4.png": {"intrinsics": {"fx": 1073.69, "fy": 1074.73, "cx": 638.041, "cy": 521.835}, "camera_to_world_matrix": [-0.139172, 0.65569, 0.742092, -13.4723, 0.990249, 0.0875327, 0.10837, 38.1295, 0.00609984, 0.749938, -0.66148, 1.60997, 0.0, 0.0, 0.0, 1.0]}, "10754692950244ec91f59a14eb94ec5f_d0_5.png": {"intrinsics": {"fx": 1073.69, "fy": 1074.73, "cx": 638.041, "cy": 521.835}, "camera_to_world_matrix": [0.788013, 0.406703, 0.462198, -13.4669, 0.615655, -0.522543, -0.589845, 38.143, 0.0016272, 0.74936, -0.66216, 1.60999, 0.0, 0.0, 0.0, 1.0]}, "10754692950244ec91f59a14eb94ec5f_d1_0.png": {"intrinsics": {"fx": 1076.66, "fy": 1077.13, "cx": 629.822, "cy": 529.542}, "camera_to_world_matrix": [0.928329, -0.00694379, -0.371696, -13.4565, -0.371665, 0.00532187, -0.928352, 38.1347, 0.00842427, 0.999962, 0.00236012, 1.64318, 0.0, 0.0, 0.0, 1.0]}, "10754692950244ec91f59a14eb94ec5f_d1_1.png": {"intrinsics": {"fx": 1076.66, "fy": 1077.13, "cx": 629.822, "cy": 529.542}, "camera_to_world_matrix": [0.142326, 0.0052107, -0.989806, -13.4543, -0.989771, 0.0107248, -0.142265, 38.132, 0.00987403, 0.999929, 0.00668425, 1.64316, 0.0, 0.0, 0.0, 1.0]}, "10754692950244ec91f59a14eb94ec5f_d1_2.png": {"intrinsics": {"fx": 1076.66, "fy": 1077.13, "cx": 629.822, "cy": 529.542}, "camera_to_world_matrix": [-0.785957, 0.0159668, -0.618076, -13.4556, -0.618116, 0.0029, 0.786082, 38.1287, 0.0143435, 0.999869, 0.00759048, 1.64316, 0.0, 0.0, 0.0, 1.0]}, "10754692950244ec91f59a14eb94ec5f_d1_3.png": {"intrinsics": {"fx": 1076.66, "fy": 1077.13, "cx": 629.822, "cy": 529.542}, "camera_to_world_matrix": [-0.928216, 0.0145681, 0.371757, -13.4591, 0.371637, -0.0103275, 0.