{"00af93c06521455ea528309996881b8d_d0_0.png": {"intrinsics": {"fx": 1073.65, "fy": 1074.78, "cx": 629.487, "cy": 519.247}, "camera_to_world_matrix": [-0.745887, 0.451078, 0.490083, -5.3732, 0.664637, 0.455752, 0.592071, 9.71866, 0.0437139, 0.767345, -0.639742, -0.00507549, 0.0, 0.0, 0.0, 1.0]}, "00af93c06521455ea528309996881b8d_d0_1.png": {"intrinsics": {"fx": 1073.65, "fy": 1074.78, "cx": 629.487, "cy": 519.247}, "camera_to_world_matrix": [0.203842, 0.654022, 0.728494, -5.37784, 0.977392, -0.178624, -0.113124, 9.73243, 0.0561408, 0.735084, -0.675648, -0.00437435, 0.0, 0.0, 0.0, 1.0]}, "00af93c06521455ea528309996881b8d_d0_2.png": {"intrinsics": {"fx": 1073.65, "fy": 1074.78, "cx": 629.487, "cy": 519.247}, "camera_to_world_matrix": [0.949751, 0.205396, 0.236187, -5.36822, 0.312329, -0.671435, -0.672031, 9.74333, 0.0205519, 0.71203, -0.701848, -0.00386323, 0.0, 0.0, 0.0, 1.0]}, "00af93c06521455ea528309996881b8d_d0_3.png": {"intrinsics": {"fx": 1073.65, "fy": 1074.78, "cx": 629.487, "cy": 519.247}, "camera_to_world_matrix": [0.745915, -0.446165, -0.494518, -5.35396, -0.665475, -0.529859, -0.52573, 9.74047, -0.0274629, 0.721239, -0.692141, -0.00405323, 0.0, 0.0, 0.0, 1.0]}, "00af93c06521455ea528309996881b8d_d0_4.png": {"intrinsics": {"fx": 1073.65, "fy": 1074.78, "cx": 629.487, "cy": 519.247}, "camera_to_world_matrix": [-0.203827, -0.649084, -0.732901, -5.34931, -0.978194, 0.104524, 0.179475, 9.7267, -0.0398879, 0.753501, -0.656235, -0.00475437, 0.0, 0.0, 0.0, 1.0]}, "00af93c06521455ea528309996881b8d_d0_5.png": {"intrinsics": {"fx": 1073.65, "fy": 1074.78, "cx": 629.487, "cy": 519.247}, "camera_to_world_matrix": [-0.94971, -0.200439, -0.240573, -5.35893, -0.313101, 0.597318, 0.738362, 9.71579, -0.0042977, 0.776553, -0.630037, -0.00526548, 0.0, 0.0, 0.0, 1.0]}, "00af93c06521455ea528309996881b8d_d1_0.png": {"intrinsics": {"fx": 1072.73, "fy": 1073.34, "cx": 631.073, "cy": 525.321}, "camera_to_world_matrix": [-0.75028, -0.00504481, 0.661101, -5.36578, 0.660216, -0.0579662, 0.748834, 9.72528, 0.034544, 0.998305, 0.0468209, 0.0285214, 0.0, 0.0, 0.0, 1.0]}, "00af93c06521455ea528309996881b8d_d1_1.png": {"intrinsics": {"fx": 1072.73, "fy": 1073.34, "cx": 631.073, "cy": 525.321}, "camera_to_world_matrix": [0.197413, -0.00800798, 0.980287, -5.3669, 0.979179, -0.0466234, -0.197571, 9.7286, 0.0472867, 0.99888, -0.00136356, 0.02869, 0.0, 0.0, 0.0, 1.0]}, "00af93c06521455ea528309996881b8d_d1_2.png": {"intrinsics": {"fx": 1072.73, "fy": 1073.34, "cx": 631.073, "cy": 525.321}, "camera_to_world_matrix": [0.947685, 0.000346307, 0.319203, -5.36458, 0.318981, -0.0383874, -0.946983, 9.73122, 0.0119257, 0.999262, -0.0364904, 0.028813, 0.0, 0.0, 0.0, 1.0]}, "00af93c06521455ea528309996881b8d_d1_3.png": {"intrinsics": {"fx": 1072.73, "fy": 1073.34, "cx": 631.073, "cy": 525.321}, "camera_to_world_matrix": [0.750249, 0.0116636, -0.661052, -5.36115, -0.660164, -0.0414945, -0.749973, 9.73053, -0.0361772, 0.99907, -0.0234321, 0.0287673, 0.0, 0.0, 0.0, 1.0]}, "00af93c06521455ea528309996881b8d_d1_4.png": {"intrinsics": {"fx": 1072.73, "fy": 1073.34, "cx": 631.073, "cy": 525.321}, "camera_to_world_matrix": [-0.197457, 0.0146263, -0.980202, -5.36004, -0.97909, -0.0528375, 0.196444, 9.72722, -0.048918, 0.998495, 0.0247529, 0.0285986, 0.0, 0.0, 0.0, 1.0]}, "00af93c06521455ea528309996881b8d_d1_5.png": {"intrinsics": {"fx": 1072.73, "fy": 1073.34, "cx": 631.073, "cy": 525.321}, "camera_to_world_matrix": [-0.947703, 0.00627169, -0.319089, -5.36235, -0.318862, -0.0610731, 0.945831, 9.7246, -0.0135556, 0.998113, 0.0598783, 0.0284757, 0.0, 0.0, 0.0, 1.0]}, "00af93c06521455ea528309996881b8d_d2_0.png": {"intrinsics": {"fx": 1076.51, "fy": 1076.92, "cx": 629.969, "cy": 507.819}, "camera_to_world_matrix": [-0.752813, -0.435194, 0.493839, -5.37298, 0.656879, -0.544772, 0.521278, 9.71535, 0.0421728, 0.716819, 0.695981, 0.0613419, 0.0, 0.0, 0.0, 1.0]}, "00af93c06521455ea528309996881b8d_d2_1.png": {"intrinsics": {"fx": 1076.51, "fy": 1076.92, "cx": 629.969, "cy": 507.819}, "camera_to_world_matrix": [0.193601, -0.656694, 0.728882, -5.37762, 0.97953, 0.0876571, -0.181202, 9.72912, 0.0551033, 0.749044, 0.660221, 0.062043, 0.0, 0.0, 0.0, 1.0]}, "00af93c06521455ea528309996881b8d_d2_2.png": {"intrinsics": {"fx": 1076.51, "fy": 1076.92, "cx": 629.969, "cy": 507.819}, "camera_to_world_matrix": [0.946433, -0.219031, 0.237247, -5.368, 0.322283, 0.595545, -0.735839, 9.74003, 0.0198808, 0.772885, 0.634232, 0.0625541, 0.0, 0.0, 0.0, 1.0]}, "00af93c06521455ea528309996881b8d_d2_3.png": {"intrinsics": {"fx": 1076.51, "fy": 1076.92, "cx": 629.969, "cy": 507.819}, "camera_to_world_matrix": [0.752833, 0.440123, -0.48942, -5.35374, -0.6576, 0.470992, -0.587984, 9.73716, -0.0282715, 0.764498, 0.644002, 0.0623641, 0.0, 0.0, 0.0, 1.0]}, "00af93c06521455ea528309996881b8d_d2_4.png": {"intrinsics": {"fx": 1076.51, "fy": 1076.92, "cx": 629.969, "cy": 507.819}, "camera_to_world_matrix": [-0.193593, 0.661598, -0.724437, -5.34909, -0.980214, -0.161446, 0.114506, 9.72339, -0.0412002, 0.732272, 0.679762, 0.061663, 0.0, 0.0, 0.0, 1.0]}, "00af93c06521455ea528309996881b8d_d2_5.png": {"intrinsics": {"fx": 1076.51, "fy": 1076.92, "cx": 629.969, "cy": 507.819}, "camera_to_world_matrix": [-0.946399, 0.223915, -0.23278, -5.35871, -0.322938, -0.669316, 0.669124, 9.71248, -0.00597629, 0.708433, 0.70575, 0.0611519, 0.0, 0.0, 0.0, 1.0]}, "05b860befcdf4aa0a7a9029ade32f411_d0_0.png": {"intrinsics": {"fx": 1073.65, "fy": 1074.78, "cx": 629.487, "cy": 519.247}, "camera_to_world_matrix": [0.696375, -0.484539, -0.529419, -2.09541, -0.717657, -0.475806, -0.508505, 2.07219, -0.00550999, 0.734051, -0.679072, 2.54793, 0.0, 0.0, 0.0, 1.0]}, "05b860befcdf4aa0a7a9029ade32f411_d0_1.png": {"intrinsics": {"fx": 1073.65, "fy": 1074.78, "cx": 629.487, "cy": 519.247}, "camera_to_world_matrix": [-0.273302, -0.641554, -0.716739, -2.09177, -0.961839, 0.172133, 0.212686, 2.05811, -0.0130749, 0.747515, -0.664116, 2.54764, 0.0, 0.0, 0.0, 1.0]}, "05b860befcdf4aa0a7a9029ade32f411_d0_2.png": {"intrinsics": {"fx": 1073.65, "fy": 1074.78, "cx": 629.487, "cy": 519.247}, "camera_to_world_matrix": [-0.969691, -0.158804, -0.18569, -2.10214, -0.244335, 0.632015, 0.73543, 2.04791, 0.000569901, 0.75851, -0.651661, 2.54739, 0.0, 0.0, 0.0, 1.0]}, "05b860befcdf4aa0a7a9029ade32f411_d0_3.png": {"intrinsics": {"fx": 1073.65, "fy": 1074.78, "cx": 629.487, "cy": 519.247}, "camera_to_world_matrix": [-0.696386, 0.480949, 0.532667, -2.11616, 0.717336, 0.443949, 0.536971, 2.05179, 0.0217794, 0.75604, -0.654162, 2.54744, 0.0, 0.0, 0.0, 1.0]}, "05b860befcdf4aa0a7a9029ade32f411_d0_4.png": {"intrinsics": {"fx": 1073.65, "fy": 1074.78, "cx": 629.487, "cy": 519.247}, "camera_to_world_matrix": [0.2733, 0.637939, 0.719959, -2.11981, 0.961481, -0.203997, -0.184227, 2.06588, 0.0293436, 0.742576, -0.669119, 2.54773, 0.0, 0.0, 0.0, 1.0]}, "05b860befcdf4aa0a7a9029ade32f411_d0_5.png": {"intrinsics": {"fx": 1073.65, "fy": 1074.78, "cx": 629.487, "cy": 519.247}, "camera_to_world_matrix": [0.969661, 0.155171, 0.18889, -2.10943, 0.243949, -0.66386, -0.70695, 2.07607, 0.0156981, 0.731581, -0.681573, 2.54798, 0.0, 0.0, 0.0, 1.0]}, "05b860befcdf4aa0a7a9029ade32f411_d1_0.png": {"intrinsics": {"fx": 1072.73, "fy": 1073.34, "cx": 631.073, "cy": 525.321}, "camera_to_world_matrix": [0.701097, 0.00650186, -0.713036, -2.10337, -0.71292, -0.0137361, -0.70111, 2.06373, -0.0143526, 0.999884, -0.00499576, 2.58099, 0.0, 0.0, 0.0, 1.0]}, "05b860befcdf4aa0a7a9029ade32f411_d1_1.png": {"intrinsics": {"fx": 1072.73, "fy": 1073.34, "cx": 631.073, "cy": 525.321}, "camera_to_world_matrix": [-0.266993, 0.0086455, -0.963659, -2.1025, -0.963446, -0.0252738, 0.266708, 2.06035, -0.0220493, 0.999643, 0.0150767, 2.58092, 0.0, 0.0, 0.0, 1.0]}, "05b860befcdf4aa0a7a9029ade32f411_d1_2.png": {"intrinsics": {"fx": 1072.73, "fy": 1073.34, "cx": 631.073, "cy": 525.321}, "camera_to_world_matrix": [-0.968082, -0.000276858, -0.25063, -2.10499, -0.250486, -0.032898, 0.967561, 2.05789, -0.0085129, 0.999458, 0.0317779, 2.58086, 0.0, 0.0, 0.0, 1.0]}, "05b860befcdf4aa0a7a9029ade32f411_d1_3.png": {"intrinsics": {"fx": 1072.73, "fy": 1073.34, "cx": 631.073, "cy": 525.321}, "camera_to_world_matrix": [-0.701065, -0.0113427, 0.713007, -2.10836, 0.712983, -0.0289844, 0.700582, 2.05883, 0.0127198, 0.999515, 0.0284063, 2.58087, 0.0, 0.0, 0.0, 1.0]}, "05b860befcdf4aa0a7a9029ade32f411_d1_4.png": {"intrinsics": {"fx": 1072.73, "fy": 1073.34, "cx": 631.073, "cy": 525.321}, "camera_to_world_matrix": [0.267035, -0.0134858, 0.963592, -2.10924, 0.96347, -0.0174466, -0.267245, 2.06222, 0.0204157, 0.999756, 0.00833361, 2.58094, 0.0, 0.0, 0.0, 1.0]}, "05b860befcdf4aa0a7a9029ade32f411_d1_5.png": {"intrinsics": {"fx": 1072.73, "fy": 1073.34, "cx": 631.073, "cy": 525.321}, "camera_to_world_matrix": [0.968096, -0.00456319, 0.250535, -2.10675, 0.250483, -0.00982274, -0.968071, 2.06467, 0.00687864, 0.999941, -0.0083671, 2.581, 0.0, 0.0, 0.0, 1.0]}, "05b860befcdf4aa0a7a9029ade32f411_d2_0.png": {"intrinsics": {"fx": 1076.51, "fy": 1076.92, "cx": 629.969, "cy": 507.819}, "camera_to_world_matrix": [0.703842, 0.471084, -0.531681, -2.09557, -0.710324, 0.459884, -0.532864, 2.07077, -0.00651182, 0.752719, 0.658307, 2.61441, 0.0, 0.0, 0.0, 1.0]}, "05b860befcdf4aa0a7a9029ade32f411_d2_1.png": {"intrinsics": {"fx": 1076.51, "fy": 1076.92, "cx": 629.969, "cy": 507.819}, "camera_to_world_matrix": [-0.263237, 0.646747, -0.715838, -2.09193, -0.964623, -0.187442, 0.185375, 2.05669, -0.0142867, 0.739313, 0.673208, 2.61412, 0.0, 0.0, 0.0, 1.0]}, "05b860befcdf4aa0a7a9029ade32f411_d2_2.png": {"intrinsics": {"fx": 1076.51, "fy": 1076.92, "cx": 629.969, "cy": 507.819}, "camera_to_world_matrix": [-0.96709, 0.173853, -0.185764, -2.1023, -0.254427, -0.663163, 0.703904, 2.04649, -0.000816014, 0.728003, 0.68557, 2.61388, 0.0, 0.0, 0.0, 1.0]}, "05b860befcdf4aa0a7a9029ade32f411_d2_3.png": {"intrinsics": {"fx": 1076.51, "fy": 1076.92, "cx": 629.969, "cy": 507.819}, "camera_to_world_matrix": [-0.703848, -0.474693, 0.528454, -2.11632, 0.710054, -0.491549, 0.504183, 2.05037, 0.0204292, 0.7301, 0.683032, 2.61393, 0.0, 0.0, 0.0, 1.0]}, "05b860befcdf4aa0a7a9029ade32f411_d2_4.png": {"intrinsics": {"fx": 1076.51, "fy": 1076.92, "cx": 629.969, "cy": 507.819}, "camera_to_world_matrix": [0.263241, -0.65033, 0.712583, -2.11997, 0.964316, 0.155784, -0.214063, 2.06446, 0.0282033, 0.743506, 0.668131, 2.61422, 0.0, 0.0, 0.0, 1.0]}, "05b860befcdf4aa0a7a9029ade32f411_d2_5.png": {"intrinsics": {"fx": 1076.51, "fy": 1076.92, "cx": 629.969, "cy": 507.819}, "camera_to_world_matrix": [0.967066, -0.177417, 0.182489, -2.10959, 0.254091, 0.631487, -0.732572, 2.07465, 0.0147319, 0.754816, 0.655769, 2.61446, 0.0, 0.0, 0.0, 1.0]}, "0a5d5eef6d98406aa6e73cf7772bbc27_d0_0.png": {"intrinsics": {"fx": 1073.65, "fy": 1074.78, "cx": 629.487, "cy": 519.247}, "camera_to_world_matrix": [0.263814, 0.640817, 0.72094, 3.88672, 0.964234, -0.195037, -0.17948, 2.68171, 0.0255961, 0.742505, -0.669352, 2.09208, 0.0, 0.0, 0.0, 1.0]}, "0a5d5eef6d98406aa6e73cf7772bbc27_d0_1.png": {"intrinsics": {"fx": 1073.65, "fy": 1074.78, "cx": 629.487, "cy": 519.247}, "camera_to_world_matrix": [0.967219, 0.162609, 0.195052, 3.897, 0.253577, -0.659687, -0.707469, 2.69201, 0.013633, 0.733738, -0.679296, 2.09227, 0.0, 0.0, 0.0, 1.0]}, "0a5d5eef6d98406aa6e73cf7772bbc27_d0_2.png": {"intrinsics": {"fx": 1073.65, "fy": 1074.78, "cx": 629.487, "cy": 519.247}, "camera_to_world_matrix": [0.703375, -0.478963, -0.525221, 3.91106, -0.710808, -0.47792, -0.516085, 2.68827, -0.00382822, 0.736333, -0.676608, 2.09222, 0.0, 0.0, 0.0, 1.0]}, "0a5d5eef6d98406aa6e73cf7772bbc27_d0_3.png": {"intrinsics": {"fx": 1073.65, "fy": 1074.78, "cx": 629.487, "cy": 519.247}, "camera_to_world_matrix": [-0.263868, -0.642311, -0.71959, 3.91484, -0.964513, 0.168491, 0.203283, 2.67422, -0.00932595, 0.747694, -0.663977, 2.09197, 0.0, 0.0, 0.0, 1.0]}, "0a5d5eef6d98406aa6e73cf7772bbc27_d0_4.png": {"intrinsics": {"fx": 1073.65, "fy": 1074.78, "cx": 629.487, "cy": 519.247}, "camera_to_world_matrix": [-0.967245, -0.164084, -0.193681, 3.90457, -0.253829, 0.633122, 0.73125, 2.66392, 0.00263767, 0.75646, -0.654034, 2.09178, 0.0, 0.0, 0.0, 1.0]}, "0a5d5eef6d98406aa6e73cf7772bbc27_d0_5.png": {"intrinsics": {"fx": 1073.65, "fy": 1074.78, "cx": 629.487, "cy": 519.247}, "camera_to_world_matrix": [-0.703364, 0.47748, 0.526584, 3.89051, 0.710545, 0.45133, 0.539838, 2.66767, 0.0200987, 0.753865, -0.656722, 2.09183, 0.0, 0.0, 0.0, 1.0]}, "0a5d5eef6d98406aa6e73cf7772bbc27_d1_0.png": {"intrinsics": {"fx": 1072.73, "fy": 1073.34, "cx": 631.073, "cy": 525.321}, "camera_to_world_matrix": [0.257518, -0.0121105, 0.966197, 3.89737, 0.966129, -0.0140221, -0.257676, 2.67827, 0.0166689, 0.999828, 0.0080886, 2.12528, 0.0, 0.0, 0.0, 1.0]}, "0a5d5eef6d98406aa6e73cf7772bbc27_d1_1.png": {"intrinsics": {"fx": 1072.73, "fy": 1073.34, "cx": 631.073, "cy": 525.321}, "camera_to_world_matrix": [0.965579, -0.00326343, 0.260087, 3.89984, 0.260063, -0.00630976, -0.96557, 2.68075, 0.00479237, 0.999974, -0.00524462, 2.12533, 0.0, 0.0, 0.0, 1.0]}, "0a5d5eef6d98406aa6e73cf7772bbc27_d1_2.png": {"intrinsics": {"fx": 1072.73, "fy": 1073.34, "cx": 631.073, "cy": 525.321}, "camera_to_world_matrix": [0.70804, 0.0078403, -0.706128, 3.90322, -0.706057, -0.0101144, -0.708082, 2.67985, -0.0126934, 0.999918, -0.00162644, 2.12532, 0.0, 0.0, 0.0, 1.0]}, "0a5d5eef6d98406aa6e73cf7772bbc27_d1_3.png": {"intrinsics": {"fx": 1072.73, "fy": 1073.34, "cx": 631.073, "cy": 525.321}, "camera_to_world_matrix": [-0.257554, 0.0100967, -0.966211, 3.90413, -0.96609, -0.0216313, 0.257296, 2.67647, -0.0183023, 0.999715, 0.0153249, 2.12526, 0.0, 0.0, 0.0, 1.0]}, "0a5d5eef6d98406aa6e73cf7772bbc27_d1_4.png": {"intrinsics": {"fx": 1072.73, "fy": 1073.34, "cx": 631.073, "cy": 525.321}, "camera_to_world_matrix": [-0.965587, 0.00124941, -0.260073, 3.90166, -0.259996, -0.0293433, 0.965163, 2.67399, -0.0064253, 0.999568, 0.0286576, 2.12521, 0.0, 0.0, 0.0, 1.0]}, "0a5d5eef6d98406aa6e73cf7772bbc27_d1_5.png": {"intrinsics": {"fx": 1072.73, "fy": 1073.34, "cx": 631.073, "cy": 525.321}, "camera_to_world_matrix": [-0.708011, -0.00985418, 0.706132, 3.89828, 0.706114, -0.0255382, 0.707637, 2.6749, 0.0110604, 0.999625, 0.0250388, 2.12523, 0.0, 0.0, 0.0, 1.0]}, "0a5d5eef6d98406aa6e73cf7772bbc27_d2_0.png": {"intrinsics": {"fx": 1076.51, "fy": 1076.92, "cx": 629.969, "cy": 507.819}, "camera_to_world_matrix": [0.253725, -0.650944, 0.715468, 3.88666, 0.966965, 0.151992, -0.20463, 2.68053, 0.0244581, 0.743754, 0.668004, 2.15857, 0.0, 0.0, 0.0, 1.0]}, "0a5d5eef6d98406aa6e73cf7772bbc27_d2_1.png": {"intrinsics": {"fx": 1076.51, "fy": 1076.92, "cx": 629.969, "cy": 507.819}, "camera_to_world_matrix": [0.964522, -0.182746, 0.190513, 3.89693, 0.263689, 0.632384, -0.728394, 2.69083, 0.0126341, 0.752791, 0.658136, 2.15876, 0.0, 0.0, 0.0, 1.0]}, "0a5d5eef6d98406aa6e73cf7772bbc27_d2_2.png": {"intrinsics": {"fx": 1076.51, "fy": 1076.92, "cx": 629.969, "cy": 507.819}, "camera_to_world_matrix": [0.710769, 0.467455, -0.525634, 3.91099, -0.703406, 0.467156, -0.535707, 2.68708, -0.00486528, 0.750499, 0.66085, 2.15871, 0.0, 0.0, 0.0, 1.0]}, "0a5d5eef6d98406aa6e73cf7772bbc27_d2_3.png": {"intrinsics": {"fx": 1076.51, "fy": 1076.92, "cx": 629.969, "cy": 507.819}, "camera_to_world_matrix": [-0.253777, 0.649444, -0.716811, 3.91477, -0.967203, -0.178459, 0.18074, 2.67303, -0.0105403, 0.739171, 0.673433, 2.15846, 0.0, 0.0, 0.0, 1.0]}, "0a5d5eef6d98406aa6e73cf7772bbc27_d2_4.png": {"intrinsics": {"fx": 1076.51, "fy": 1076.92, "cx": 629.969, "cy": 507.819}, "camera_to_world_matrix": [-0.964547, 0.181227, -0.191836, 3.9045, -0.2639, -0.658832, 0.704483, 2.66273, 0.00128429, 0.730134, 0.6833, 2.15827, 0.0, 0.0, 0.0, 1.0]}, "0a5d5eef6d98406aa6e73cf7772bbc27_d2_5.png": {"intrinsics": {"fx": 1076.51, "fy": 1076.92, "cx": 629.969, "cy": 507.819}, "camera_to_world_matrix": [-0.710755, -0.468968, 0.524304, 3.89044, 0.703185, -0.493579, 0.511768, 2.66648, 0.0187835, 0.732426, 0.680585, 2.15832, 0.0, 0.0, 0.0, 1.0]}, "0a814a2f43064d7196ad6bf99080966d_d0_0.png": {"intrinsics": {"fx": 1073.65, "fy": 1074.78, "cx": 629.487, "cy": 519.247}, "camera_to_world_matrix": [0.998955, 0.025148, 0.0381593, -8.74374, 0.0452397, -0.662458, -0.747731, -2.12387, 0.00647509, 0.748676, -0.662904, 1.59264, 0.0, 0.0, 0.0, 1.0]}, "0a814a2f43064d7196ad6bf99080966d_d0_1.png": {"intrinsics": {"fx": 1073.65, "fy": 1074.78, "cx": 629.487, "cy": 519.247}, "camera_to_world_matrix": [0.538621, -0.564006, -0.625927, -8.73078, -0.842465, -0.350117, -0.409475, -2.13048, 0.0117984, 0.747874, -0.663736, 1.59266, 0.0, 0.0, 0.0, 1.0]}, "0a814a2f43064d7196ad6bf99080966d_d0_2.png": {"intrinsics": {"fx": 1073.65, "fy": 1074.78, "cx": 629.487, "cy": 519.247}, "camera_to_world_matrix": [-0.460334, -0.588079, -0.665022, -8.73003, -0.887643, 0.316267, 0.33476, -2.14501, 0.0134593, 0.744404, -0.667594, 1.59273, 0.0, 0.0, 0.0, 1.0]}, "0a814a2f43064d7196ad6bf99080966d_d0_3.png": {"intrinsics": {"fx": 1073.65, "fy": 1074.78, "cx": 629.487, "cy": 519.247}, "camera_to_world_matrix": [-0.998933, -0.0229983, -0.0400305, -8.74223, -0.0451152, 0.670295, 0.740721, -2.15293, 0.00979703, 0.741738, -0.670619, 1.59279, 0.0, 0.0, 0.0, 1.0]}, "0a814a2f43064d7196ad6bf99080966d_d0_4.png": {"intrinsics": {"fx": 1073.65, "fy": 1074.78, "cx": 629.487, "cy": 519.247}, "camera_to_world_matrix": [-0.538565, 0.566143, 0.624043, -8.75519, 0.842572, 0.357931, 0.402439, -2.14631, 0.00447385, 0.74254, -0.669786, 1.59278, 0.0, 0.0, 0.0, 1.0]}, "0a814a2f43064d7196ad6bf99080966d_d0_5.png": {"intrinsics": {"fx": 1073.65, "fy": 1074.78, "cx": 629.487, "cy": 519.247}, "camera_to_world_matrix": [0.460393, 0.59019, 0.663109, -8.75595, 0.887711, -0.308454, -0.341797, -2.13178, 0.00281306, 0.74601, -0.665929, 1.5927, 0.0, 0.0, 0.0, 1.0]}, "0a814a2f43064d7196ad6bf99080966d_d1_0.png": {"intrinsics": {"fx": 1072.73, "fy": 1073.34, "cx": 631.073, "cy": 525.321}, "camera_to_world_matrix": [0.998657, 0.001635, 0.0517606, -8.74312, 0.0517258, 0.0169927, -0.998516, -2.13473, -0.00251192, 0.999854, 0.0168846, 1.62595, 0.0, 0.0, 0.0, 1.0]}, "0a814a2f43064d7196ad6bf99080966d_d1_1.png": {"intrinsics": {"fx": 1072.73, "fy": 1073.34, "cx": 631.073, "cy": 525.321}, "camera_to_world_matrix": [0.544124, 0.0116933, -0.838923, -8.74, -0.838999, 0.0109428, -0.544021, -2.13632, 0.00281894, 0.999871, 0.0157642, 1.62595, 0.0, 0.0, 0.0, 1.0]}, "0a814a2f43064d7196ad6bf99080966d_d1_2.png": {"intrinsics": {"fx": 1072.73, "fy": 1073.34, "cx": 631.073, "cy": 525.321}, "camera_to_world_matrix": [-0.454547, 0.0114829, -0.890648, -8.73982, -0.89071, -0.0007928, 0.454569, -2.13981, 0.00451387, 0.999933, 0.0105876, 1.62597, 0.0, 0.0, 0.0, 1.0]}, "0a814a2f43064d7196ad6bf99080966d_d1_3.png": {"intrinsics": {"fx": 1072.73, "fy": 1073.34, "cx": 631.073, "cy": 525.321}, "camera_to_world_matrix": [-0.998662, 0.00121418, -0.0516884, -8.74276, -0.0516955, -0.00647815, 0.998641, -2.14172, 0.000877895, 0.999978, 0.00653151, 1.62599, 0.0, 0.0, 0.0, 1.0]}, "0a814a2f43064d7196ad6bf99080966d_d1_4.png": {"intrinsics": {"fx": 1072.73, "fy": 1073.34, "cx": 631.073, "cy": 525.321}, "camera_to_world_matrix": [-0.544093, -0.00884388, 0.838978, -8.74588, 0.839012, -0.000427812, 0.544111, -2.14013, -0.00445292, 0.99996, 0.00765216, 1.62598, 0.0, 0.0, 0.0, 1.0]}, "0a814a2f43064d7196ad6bf99080966d_d1_5.png": {"intrinsics": {"fx": 1072.73, "fy": 1073.34, "cx": 631.073, "cy": 525.321}, "camera_to_world_matrix": [0.45458, -0.00863301, 0.890664, -8.74606, 0.890684, 0.0113077, -0.454481, -2.13663, -0.00614765, 0.999898, 0.0128288, 1.62596, 0.0, 0.0, 0.0, 1.0]}, "0a814a2f43064d7196ad6bf99080966d_d2_0.png": {"intrinsics": {"fx": 1076.51, "fy": 1076.92, "cx": 629.969, "cy": 507.819}, "camera_to_world_matrix": [0.998433, -0.0414222, 0.0375569, -8.74364, 0.055668, 0.673407, -0.737173, -2.12352, 0.00524467, 0.73811, 0.674657, 1.65914, 0.0, 0.0, 0.0, 1.0]}, "0a814a2f43064d7196ad6bf99080966d_d2_1.png": {"intrinsics": {"fx": 1076.51, "fy": 1076.92, "cx": 629.969, "cy": 507.819}, "camera_to_world_matrix": [0.547396, 0.55964, -0.622221, -8.73068, -0.836804, 0.375429, -0.398507, -2.13013, 0.0105797, 0.73882, 0.673816, 1.65916, 0.0, 0.0, 0.0, 1.0]}, "0a814a2f43064d7196ad6bf99080966d_d2_2.png": {"intrinsics": {"fx": 1076.51, "fy": 1076.92, "cx": 629.969, "cy": 507.819}, "camera_to_world_matrix": [-0.45104, 0.602106, -0.658808, -8.72993, -0.892417, -0.294088, 0.342202, -2.14466, 0.0122948, 0.74228, 0.669974, 1.65923, 0.0, 0.0, 0.0, 1.0]}, "0a814a2f43064d7196ad6bf99080966d_d2_3.png": {"intrinsics": {"fx": 1076.51, "fy": 1076.92, "cx": 629.969, "cy": 507.819}, "camera_to_world_matrix": [-0.998416, 0.0435095, -0.0356163, -8.74214, -0.0555559, -0.66561, 0.744228, -2.15258, 0.00867484, 0.745029, 0.666973, 1.65929, 0.0, 0.0, 0.0, 1.0]}, "0a814a2f43064d7196ad6bf99080966d_d2_4.png": {"intrinsics": {"fx": 1076.51, "fy": 1076.92, "cx": 629.969, "cy": 507.819}, "camera_to_world_matrix": [-0.547343, -0.557541, 0.624149, -8.7551, 0.836899, -0.367609, 0.405537, -2.14597, 0.00333983, 0.744319, 0.667813, 1.65928, 0.0, 0.0, 0.0, 1.0]}, "0a814a2f43064d7196ad6bf99080966d_d2_5.png": {"intrinsics": {"fx": 1076.51, "fy": 1076.92, "cx": 629.969, "cy": 507.819}, "camera_to_world_matrix": [0.451095, -0.599981, 0.660707, -8.75585, 0.892472, 0.301909, -0.335174, -2.13143, 0.00162492, 0.740859, 0.671655, 1.6592, 0.0, 0.0, 0.0, 1.0]}, "0b485354e01e4ac3a578907a1a88dc27_d0_0.png": {"intrinsics": {"fx": 1073.65, "fy": 1074.78, "cx": 629.487, "cy": 519.247}, "camera_to_world_matrix": [0.822489, 0.379813, 0.423384, 1.31612, 0.56877, -0.553799, -0.608118, 2.90372, 0.00349812, 0.740978, -0.67152, 2.0754, 0.0, 0.0, 0.0, 1.0]}, "0b485354e01e4ac3a578907a1a88dc27_d0_1.png": {"intrinsics": {"fx": 1073.65, "fy": 1074.78, "cx": 629.487, "cy": 519.247}, "camera_to_world_matrix": [0.903831, -0.285252, -0.318936, 1.33061, -0.427889, -0.60201, -0.674163, 2.90499, 0.000304025, 0.745798, -0.666172, 2.07529, 0.0, 0.0, 0.0, 1.0]}, "0b485354e01e4ac3a578907a1a88dc27_d0_2.png": {"intrinsics": {"fx": 1073.65, "fy": 1074.78, "cx": 629.487, "cy": 519.247}, "camera_to_world_matrix": [0.0813824, -0.659518, -0.747271, 1.33897, -0.996671, -0.0501335, -0.0642974, 2.89308, 0.00494207, 0.750015, -0.661402, 2.0752, 0.0, 0.0, 0.0, 1.0]}, "0b485354e01e4ac3a578907a1a88dc27_d0_3.png": {"intrinsics": {"fx": 1073.65, "fy": 1074.78, "cx": 629.487, "cy": 519.247}, "camera_to_world_matrix": [-0.82239, -0.368709, -0.433276, 1.33283, -0.56878, 0.549941, 0.611599, 2.87989, 0.0127742, 0.749412, -0.661981, 2.07521, 0.0, 0.0, 0.0, 1.0]}, "0b485354e01e4ac3a578907a1a88dc27_d0_4.png": {"intrinsics": {"fx": 1073.65, "fy": 1074.78, "cx": 629.487, "cy": 519.247}, "camera_to_world_matrix": [-0.903693, 0.296358, 0.309046, 1.31833, 0.427882, 0.598126, 0.677615, 2.87861, 0.0159681, 0.744591, -0.667329, 2.07531, 0.0, 0.0, 0.0, 1.0]}, "0b485354e01e4ac3a578907a1a88dc27_d0_5.png": {"intrinsics": {"fx": 1073.65, "fy": 1074.78, "cx": 629.487, "cy": 519.247}, "camera_to_world_matrix": [-0.0812223, 0.670602, 0.737357, 1.30998, 0.996632, 0.0462354, 0.0677326, 2.89052, 0.0113297, 0.740375, -0.672099, 2.07541, 0.0, 0.0, 0.0, 1.0]}, "0b485354e01e4ac3a578907a1a88dc27_d1_0.png": {"intrinsics": {"fx": 1072.73, "fy": 1073.34, "cx": 631.073, "cy": 525.321}, "camera_to_world_matrix": [0.818712, 0.00138155, 0.574202, 1.32271, 0.574178, 0.00745795, -0.818696, 2.89458, -0.00541323, 0.999971, 0.00531192, 2.10857, 0.0, 0.0, 0.0, 1.0]}, "0b485354e01e4ac3a578907a1a88dc27_d1_1.png": {"intrinsics": {"fx": 1072.73, "fy": 1073.34, "cx": 631.073, "cy": 525.321}, "camera_to_world_matrix": [0.906573, 0.0131169, -0.421845, 1.3262, -0.42196, 0.00767304, -0.906582, 2.89489, -0.00865447, 0.999884, 0.0124902, 2.10855, 0.0, 0.0, 0.0, 1.0]}, "0b485354e01e4ac3a578907a1a88dc27_d1_2.png": {"intrinsics": {"fx": 1072.73, "fy": 1073.34, "cx": 631.073, "cy": 525.321}, "camera_to_world_matrix": [0.0878343, 0.0191705, -0.99595, 1.32821, -0.996126, -0.00238282, -0.0878955, 2.89202, -0.00405797, 0.999813, 0.0188862, 2.10853, 0.0, 0.0, 0.0, 1.0]}, "0b485354e01e4ac3a578907a1a88dc27_d1_3.png": {"intrinsics": {"fx": 1072.73, "fy": 1073.34, "cx": 631.073, "cy": 525.321}, "camera_to_world_matrix": [-0.818746, 0.0134886, -0.573996, 1.32673, -0.574142, -0.0126535, 0.818658, 2.88885, 0.00377968, 0.999829, 0.0181037, 2.10853, 0.0, 0.0, 0.0, 1.0]}, "0b485354e01e4ac3a578907a1a88dc27_d1_4.png": {"intrinsics": {"fx": 1072.73, "fy": 1073.34, "cx": 631.073, "cy": 525.321}, "camera_to_world_matrix": [-0.906568, 0.00175328, 0.422055, 1.32324, 0.421999, -0.0128682, 0.906504, 2.88854, 0.00702064, 0.999915, 0.0109253, 2.10855, 0.0, 0.0, 0.0, 1.0]}, "0b485354e01e4ac3a578907a1a88dc27_d1_5.png": {"intrinsics": {"fx": 1072.73, "fy": 1073.34, "cx": 631.073, "cy": 525.321}, "camera_to_world_matrix": [-0.0878073, -0.00429992, 0.996128, 1.32123, 0.996134, -0.00281208, 0.0877956, 2.89141, 0.00242388, 0.999986, 0.00452948, 2.10858, 0.0, 0.0, 0.0, 1.0]}, "0b485354e01e4ac3a578907a1a88dc27_d2_0.png": {"intrinsics": {"fx": 1076.51, "fy": 1076.92, "cx": 629.969, "cy": 507.819}, "camera_to_world_matrix": [0.816499, -0.386005, 0.429332, 1.31661, 0.577339, 0.542822, -0.609937, 2.90354, 0.00238857, 0.745884, 0.666069, 2.14189, 0.0, 0.0, 0.0, 1.0]}, "0b485354e01e4ac3a578907a1a88dc27_d2_1.png": {"intrinsics": {"fx": 1076.51, "fy": 1076.92, "cx": 629.969, "cy": 507.819}, "camera_to_world_matrix": [0.90825, 0.281524, -0.309555, 1.33111, -0.418423, 0.609527, -0.673347, 2.90482, -0.00088063, 0.741094, 0.671398, 2.14179, 0.0, 0.0, 0.0, 1.0]}, "0b485354e01e4ac3a578907a1a88dc27_d2_2.png": {"intrinsics": {"fx": 1076.51, "fy": 1076.92, "cx": 629.969, "cy": 507.819}, "camera_to_world_matrix": [0.0917823, 0.673037, -0.733892, 1.33946, -0.99577, 0.064765, -0.0651379, 2.89291, 0.00369073, 0.736767, 0.676134, 2.1417, 0.0, 0.0, 0.0, 1.0]}, "0b485354e01e4ac3a578907a1a88dc27_d2_3.png": {"intrinsics": {"fx": 1076.51, "fy": 1076.92, "cx": 629.969, "cy": 507.819}, "camera_to_world_matrix": [-0.816418, 0.397013, -0.419332, 1.33332, -0.577343, -0.54669, 0.606468, 2.87972, 0.0115312, 0.737231, 0.675539, 2.14171, 0.0, 0.0, 0.0, 1.0]}, "0b485354e01e4ac3a578907a1a88dc27_d2_4.png": {"intrinsics": {"fx": 1076.51, "fy": 1076.92, "cx": 629.969, "cy": 507.819}, "camera_to_world_matrix": [-0.90813, -0.270519, 0.319557, 1.31883, 0.418422, -0.61337, 0.66985, 2.87844, 0.0148001, 0.742022, 0.67021, 2.14181, 0.0, 0.0, 0.0, 1.0]}, "0b485354e01e4ac3a578907a1a88dc27_d2_5.png": {"intrinsics": {"fx": 1076.51, "fy": 1076.92, "cx": 629.969, "cy": 507.819}, "camera_to_world_matrix": [-0.0916398, -0.662011, 0.74387, 1.31047, 0.995738, -0.0685919, 0.0616235, 2.89035, 0.0102285, 0.746348, 0.665474, 2.14191, 0.0, 0.0, 0.0, 1.0]}, "0f1385fc03994285ad8253b49516d77b_d0_0.png": {"intrinsics": {"fx": 1073.65, "fy": 1074.78, "cx": 629.487, "cy": 519.247}, "camera_to_world_matrix": [-0.359766, 0.634291, 0.684282, -13.2942, 0.932967, 0.253845, 0.255214, -11.5285, -0.0118217, 0.730231, -0.683098, 1.6406, 0.0, 0.0, 0.0, 1.0]}, "0f1385fc03994285ad8253b49516d77b_d0_1.png": {"intrinsics": {"fx": 1073.65, "fy": 1074.78, "cx": 629.487, "cy": 519.247}, "camera_to_world_matrix": [0.628068, 0.525092, 0.574289, -13.2921, 0.777874, -0.403707, -0.481594, -11.5141, -0.0210361, 0.749198, -0.662011, 1.64019, 0.0, 0.0, 0.0, 1.0]}, "0f1385fc03994285ad8253b49516d77b_d0_2.png": {"intrinsics": {"fx": 1073.65, "fy": 1074.78, "cx": 629.487, "cy": 519.247}, "camera_to_world_matrix": [0.98793, -0.0991515, -0.119007, -13.2785, -0.154895, -0.637726, -0.754528, -11.5088, -0.00108107, 0.763855, -0.645388, 1.63987, 0.0, 0.0, 0.0, 1.0]}, "0f1385fc03994285ad8253b49516d77b_d0_3.png": {"intrinsics": {"fx": 1073.65, "fy": 1074.78, "cx": 629.487, "cy": 519.247}, "camera_to_world_matrix": [0.35995, -0.614181, -0.702294, -13.2671, -0.932549, -0.214188, -0.290648, -11.5179, 0.0280879, 0.759542, -0.649851, 1.63995, 0.0, 0.0, 0.0, 1.0]}, "0f1385fc03994285ad8253b49516d77b_d0_4.png": {"intrinsics": {"fx": 1073.65, "fy": 1074.78, "cx": 629.487, "cy": 519.247}, "camera_to_world_matrix": [-0.627879, -0.504956, -0.592272, -13.2693, -0.777416, 0.443361, 0.446155, -11.5323, 0.0373012, 0.740574, -0.670939, 1.64036, 0.0, 0.0, 0.0, 1.0]}, "0f1385fc03994285ad8253b49516d77b_d0_5.png": {"intrinsics": {"fx": 1073.65, "fy": 1074.78, "cx": 629.487, "cy": 519.247}, "camera_to_world_matrix": [-0.987704, 0.119296, 0.101034, -13.2828, 0.155366, 0.677355, 0.719062, -11.5376, 0.0173453, 0.725919, -0.687562, 1.64069, 0.0, 0.0, 0.0, 1.0]}, "0f1385fc03994285ad8253b49516d77b_d1_0.png": {"intrinsics": {"fx": 1072.73, "fy": 1073.34, "cx": 631.073, "cy": 525.321}, "camera_to_world_matrix": [-0.365992, 0.00230322, 0.930615, -13.2835, 0.930389, 0.0230698, 0.365846, -11.5236, -0.0206263, 0.999731, -0.010587, 1.67359, 0.0, 0.0, 0.0, 1.0]}, "0f1385fc03994285ad8253b49516d77b_d1_1.png": {"intrinsics": {"fx": 1072.73, "fy": 1073.34, "cx": 631.073, "cy": 525.321}, "camera_to_world_matrix": [0.622866, 0.00484789, 0.782313, -13.283, 0.781751, 0.0345232, -0.622633, -11.5201, -0.0300262, 0.999392, 0.0177128, 1.67349, 0.0, 0.0, 0.0, 1.0]}, "0f1385fc03994285ad8253b49516d77b_d1_2.png": {"intrinsics": {"fx": 1072.73, "fy": 1073.34, "cx": 631.073, "cy": 525.321}, "camera_to_world_matrix": [0.988832, 0.0160426, -0.148162, -13.2797, -0.148677, 0.0380431, -0.988153, -11.5189, -0.0102159, 0.999147, 0.0400027, 1.67341, 0.0, 0.0, 0.0, 1.0]}, "0f1385fc03994285ad8253b49516d77b_d1_3.png": {"intrinsics": {"fx": 1072.73, "fy": 1073.34, "cx": 631.073, "cy": 525.321}, "camera_to_world_matrix": [0.365933, 0.0246924, -0.930313, -13.277, -0.930446, 0.0301094, -0.365187, -11.521, 0.018994, 0.999241, 0.0339923, 1.67343, 0.0, 0.0, 0.0, 1.0]}, "0f1385fc03994285ad8253b49516d77b_d1_4.png": {"intrinsics": {"fx": 1072.73, "fy": 1073.34, "cx": 631.073, "cy": 525.321}, "camera_to_world_matrix": [-0.622918, 0.0221473, -0.781972, -13.2775, -0.78177, 0.0186561, 0.623286, -11.5245, 0.0283929, 0.99958, 0.00569219, 1.67353, 0.0, 0.0, 0.0, 1.0]}, "0f1385fc03994285ad8253b49516d77b_d1_5.png": {"intrinsics": {"fx": 1072.73, "fy": 1073.34, "cx": 631.073, "cy": 525.321}, "camera_to_world_matrix": [-0.988849, 0.0109524, 0.148516, -13.2808, 0.148672, 0.0151367, 0.98877, -11.5258, 0.00858162, 0.999825, -0.0165969, 1.67361, 0.0, 0.0, 0.0, 1.0]}, "0f1385fc03994285ad8253b49516d77b_d2_0.png": {"intrinsics": {"fx": 1076.51, "fy": 1076.92, "cx": 629.969, "cy": 507.819}, "camera_to_world_matrix": [-0.369511, -0.611354, 0.699791, -13.2933, 0.929136, -0.232739, 0.287287, -11.5268, -0.0127651, 0.756359, 0.65403, 1.70707, 0.0, 0.0, 0.0, 1.0]}, "0f1385fc03994285ad8253b49516d77b_d2_1.png": {"intrinsics": {"fx": 1076.51, "fy": 1076.92, "cx": 629.969, "cy": 507.819}, "camera_to_world_matrix": [0.619893, -0.519553, 0.588043, -13.2912, 0.784367, 0.431552, -0.445566, -11.5124, -0.0222753, 0.737446, 0.675035, 1.70666, 0.0, 0.0, 0.0, 1.0]}, "0f1385fc03994285ad8253b49516d77b_d2_2.png": {"intrinsics": {"fx": 1076.51, "fy": 1076.92, "cx": 629.969, "cy": 507.819}, "camera_to_world_matrix": [0.989484, 0.101823, -0.102706, -13.2776, -0.144601, 0.684001, -0.715004, -11.507, -0.00255273, 0.722339, 0.691532, 1.70634, 0.0, 0.0, 0.0, 1.0]}, "0f1385fc03994285ad8253b49516d77b_d2_3.png": {"intrinsics": {"fx": 1076.51, "fy": 1076.92, "cx": 629.969, "cy": 507.819}, "camera_to_world_matrix": [0.369663, 0.631384, -0.681691, -13.2662, -0.92878, 0.272154, -0.251584, -11.5161, 0.0266797, 0.726144, 0.687022, 1.70642, 0.0, 0.0, 0.0, 1.0]}, "0f1385fc03994285ad8253b49516d77b_d2_4.png": {"intrinsics": {"fx": 1076.51, "fy": 1076.92, "cx": 629.969, "cy": 507.819}, "camera_to_world_matrix": [-0.619736, 0.539557, -0.569914, -13.2684, -0.783973, -0.392133, 0.481265, -11.5305, 0.0361888, 0.745056, 0.666016, 1.70684, 0.0, 0.0, 0.0, 1.0]}, "0f1385fc03994285ad8253b49516d77b_d2_5.png": {"intrinsics": {"fx": 1076.51, "fy": 1076.92, "cx": 629.969, "cy": 507.819}, "camera_to_world_matrix": [-0.989291, -0.0818286, 0.120845, -13.2819, 0.14501, -0.644558, 0.750677, -11.5358, 0.0164654, 0.760163, 0.649521, 1.70716, 0.0, 0.0, 0.0, 1.0]}, "0f1ce1bb14a94304844b134a6f727e50_d0_0.png": {"intrinsics": {"fx": 1073.65, "fy": 1074.78, "cx": 629.487, "cy": 519.247}, "camera_to_world_matrix": [0.97661, 0.140799, 0.162507, -1.63267, 0.214683, -0.680709, -0.70039, 9.49286, 0.012006, 0.718895, -0.695015, 2.45712, 0.0, 0.0, 0.0, 1.0]}, "0f1ce1bb14a94304844b134a6f727e50_d0_1.png": {"intrinsics": {"fx": 1073.65, "fy": 1074.78, "cx": 629.487, "cy": 519.247}, "camera_to_world_matrix": [0.674495, -0.493003, -0.549549, -1.61877, -0.737909, -0.473736, -0.48069, 9.48856, -0.0233597, 0.729741, -0.683325, 2.4569, 0.0, 0.0, 0.0, 1.0]}, "0f1ce1bb14a94304844b134a6f727e50_d0_2.png": {"intrinsics": {"fx": 1073.65, "fy": 1074.78, "cx": 629.487, "cy": 519.247}, "camera_to_world_matrix": [-0.302093, -0.630424, -0.715056, -1.61555, -0.952889, 0.178269, 0.245402, 9.47439, -0.0272349, 0.755503, -0.654579, 2.45634, 0.0, 0.0, 0.0, 1.0]}, "0f1ce1bb14a94304844b134a6f727e50_d0_3.png": {"intrinsics": {"fx": 1073.65, "fy": 1074.78, "cx": 629.487, "cy": 519.247}, "camera_to_world_matrix": [-0.976545, -0.134042, -0.168502, -1.62623, -0.215272, 0.623287, 0.751778, 9.46451, 0.00425581, 0.770419, -0.637524, 2.456, 0.0, 0.0, 0.0, 1.0]}, "0f1ce1bb14a94304844b134a6f727e50_d0_4.png": {"intrinsics": {"fx": 1073.65, "fy": 1074.78, "cx": 629.487, "cy": 519.247}, "camera_to_world_matrix": [-0.674393, 0.499752, 0.543546, -1.64012, 0.737309, 0.41629, 0.532051, 9.46881, 0.0396209, 0.759572, -0.649215, 2.45623, 0.0, 0.0, 0.0, 1.0]}, "0f1ce1bb14a94304844b134a6f727e50_d0_5.png": {"intrinsics": {"fx": 1073.65, "fy": 1074.78, "cx": 629.487, "cy": 519.247}, "camera_to_world_matrix": [0.302204, 0.637148, 0.709024, -1.64334, 0.95225, -0.235721, -0.194048, 9.48298, 0.0434945, 0.73381, -0.677961, 2.45679, 0.0, 0.0, 0.0, 1.0]}, "0f1ce1bb14a94304844b134a6f727e50_d1_0.png": {"intrinsics": {"fx": 1072.73, "fy": 1073.34, "cx": 631.073, "cy": 525.321}, "camera_to_world_matrix": [0.975174, 0.00272118, 0.22142, -1.63007, 0.221412, -0.0269372, -0.974808, 9.48081, 0.00331201, 0.999633, -0.0268717, 2.48992, 0.0, 0.0, 0.0, 1.0]}, "0f1ce1bb14a94304844b134a6f727e50_d1_1.png": {"intrinsics": {"fx": 1072.73, "fy": 1073.34, "cx": 631.073, "cy": 525.321}, "camera_to_world_matrix": [0.67929, 0.0136641, -0.733742, -1.62673, -0.733164, -0.0311772, -0.679336, 9.47978, -0.0321583, 0.99942, -0.011161, 2.48987, 0.0, 0.0, 0.0, 1.0]}, "0f1ce1bb14a94304844b134a6f727e50_d1_2.png": {"intrinsics": {"fx": 1072.73, "fy": 1073.34, "cx": 631.073, "cy": 525.321}, "camera_to_world_matrix": [-0.295903, 0.0154592, -0.955092, -1.62595, -0.954528, -0.0427678, 0.295036, 9.47637, -0.036286, 0.998965, 0.0274106, 2.48973, 0.0, 0.0, 0.0, 1.0]}, "0f1ce1bb14a94304844b134a6f727e50_d1_3.png": {"intrinsics": {"fx": 1072.73, "fy": 1073.34, "cx": 631.073, "cy": 525.321}, "camera_to_world_matrix": [-0.97519, 0.00631124, -0.221276, -1.62852, -0.221311, -0.0501181, 0.973914, 9.47399, -0.00494313, 0.998723, 0.0502708, 2.48965, 0.0, 0.0, 0.0, 1.0]}, "0f1ce1bb14a94304844b134a6f727e50_d1_4.png": {"intrinsics": {"fx": 1072.73, "fy": 1073.34, "cx": 631.073, "cy": 525.321}, "camera_to_world_matrix": [-0.679269, -0.00463156, 0.733875, -1.63186, 0.733254, -0.0458777, 0.678405, 9.47503, 0.0305266, 0.998936, 0.0345587, 2.48971, 0.0, 0.0, 0.0, 1.0]}, "0f1ce1bb14a94304844b134a6f727e50_d1_5.png": {"intrinsics": {"fx": 1072.73, "fy": 1073.34, "cx": 631.073, "cy": 525.321}, "camera_to_world_matrix": [0.295933, -0.00642616, 0.955187, -1.63264, 0.954579, -0.034287, -0.295976, 9.47844, 0.0346527, 0.999391, -0.00401315, 2.48984, 0.0, 0.0, 0.0, 1.0]}, "0f1ce1bb14a94304844b134a6f727e50_d2_0.png": {"intrinsics": {"fx": 1076.51, "fy": 1076.92, "cx": 629.969, "cy": 507.819}, "camera_to_world_matrix": [0.974312, -0.152741, 0.165476, -1.63237, 0.224913, 0.623366, -0.748885, 9.4903, 0.0112337, 0.766867, 0.641706, 2.52358, 0.0, 0.0, 0.0, 1.0]}, "0f1ce1bb14a94304844b134a6f727e50_d2_1.png": {"intrinsics": {"fx": 1076.51, "fy": 1076.92, "cx": 629.969, "cy": 507.819}, "camera_to_world_matrix": [0.682171, 0.490344, -0.542406, -1.61847, -0.730786, 0.432567, -0.528047, 9.486, -0.0242969, 0.756602, 0.653421, 2.52335, 0.0, 0.0, 0.0, 1.0]}, "0f1ce1bb14a94304844b134a6f727e50_d2_2.png": {"intrinsics": {"fx": 1076.51, "fy": 1076.92, "cx": 629.969, "cy": 507.819}, "camera_to_world_matrix": [-0.292125, 0.646423, -0.704839, -1.61525, -0.955951, -0.219383, 0.195002, 9.47182, -0.0285752, 0.730758, 0.682035, 2.52279, 0.0, 0.0, 0.0, 1.0]}, "0f1ce1bb14a94304844b134a6f727e50_d2_3.png": {"intrinsics": {"fx": 1076.51, "fy": 1076.92, "cx": 629.969, "cy": 507.819}, "camera_to_world_matrix": [-0.974258, 0.159414, -0.159387, -1.62593, -0.225411, -0.680519, 0.697197, 9.46194, 0.00267728, 0.715178, 0.698934, 2.52245, 0.0, 0.0, 0.0, 1.0]}, "0f1ce1bb14a94304844b134a6f727e50_d2_4.png": {"intrinsics": {"fx": 1076.51, "fy": 1076.92, "cx": 629.969, "cy": 507.819}, "camera_to_world_matrix": [-0.682079, -0.483663, 0.548486, -1.63982, 0.730277, -0.489695, 0.476331, 9.46624, 0.0382073, 0.725443, 0.687218, 2.52268, 0.0, 0.0, 0.0, 1.0]}, "0f1ce1bb14a94304844b134a6f727e50_d2_5.png": {"intrinsics": {"fx": 1076.51, "fy": 1076.92, "cx": 629.969, "cy": 507.819}, "camera_to_world_matrix": [0.292225, -0.639717, 0.710891, -1.64304, 0.955403, 0.162261, -0.246724, 9.48042, 0.042484, 0.751288, 0.658603, 2.52324, 0.0, 0.0, 0.0, 1.0]}, "0f3178a769ef4363a0764dbbd78d05c4_d0_0.png": {"intrinsics": {"fx": 1073.65, "fy": 1074.78, "cx": 629.487, "cy": 519.247}, "camera_to_world_matrix": [0.241382, -0.647319, -0.722989, -6.8551, -0.970408, -0.165995, -0.175365, 9.68236, -0.00649542, 0.743924, -0.668233, 2.86381, 0.0, 0.0, 0.0, 1.0]}, "0f3178a769ef4363a0764dbbd78d05c4_d0_1.png": {"intrinsics": {"fx": 1073.65, "fy": 1074.78, "cx": 629.487, "cy": 519.247}, "camera_to_world_matrix": [-0.719701, -0.457332, -0.522377, -6.85903, -0.694283, 0.473131, 0.542325, 9.66835, -0.000870114, 0.75299, -0.658032, 2.86362, 0.0, 0.0, 0.0, 1.0]}, "0f3178a769ef4363a0764dbbd78d05c4_d0_2.png": {"intrinsics": {"fx": 1073.65, "fy": 1074.78, "cx": 629.487, "cy": 519.247}, "camera_to_world_matrix": [-0.961053, 0.191218, 0.199532, -6.87313, 0.276021, 0.628183, 0.72746, 9.66475, 0.0137609, 0.754202, -0.656498, 2.86359, 0.0, 0.0, 0.0, 1.0]}, "0f3178a769ef4363a0764dbbd78d05c4_d0_3.png": {"intrinsics": {"fx": 1073.65, "fy": 1074.78, "cx": 629.487, "cy": 519.247}, "camera_to_world_matrix": [-0.241317, 0.649766, 0.720812, -6.8833, 0.970179, 0.144105, 0.1949, 9.67515, 0.0227663, 0.746349, -0.665165, 2.86376, 0.0, 0.0, 0.0, 1.0]}, "0f3178a769ef4363a0764dbbd78d05c4_d0_4.png": {"intrinsics": {"fx": 1073.65, "fy": 1074.78, "cx": 629.487, "cy": 519.247}, "camera_to_world_matrix": [0.719755, 0.459754, 0.520172, -6.87937, 0.694017, -0.495013, -0.522783, 9.68916, 0.0171405, 0.737284, -0.675366, 2.86395, 0.0, 0.0, 0.0, 1.0]}, "0f3178a769ef4363a0764dbbd78d05c4_d0_5.png": {"intrinsics": {"fx": 1073.65, "fy": 1074.78, "cx": 629.487, "cy": 519.247}, "camera_to_world_matrix": [0.961069, -0.188802, -0.201744, -6.86527, -0.276298, -0.65004, -0.707889, 9.69277, 0.0025094, 0.736072, -0.676899, 2.86398, 0.0, 0.0, 0.0, 1.0]}, "0f3178a769ef4363a0764dbbd78d05c4_d1_0.png": {"intrinsics": {"fx": 1072.73, "fy": 1073.34, "cx": 631.073, "cy": 525.321}, "camera_to_world_matrix": [0.247716, 0.013184, -0.968743, -6.86576, -0.968709, -0.0125598, -0.247878, 9.67914, -0.015435, 0.999834, 0.00965951, 2.89704, 0.0, 0.0, 0.0, 1.0]}, "0f3178a769ef4363a0764dbbd78d05c4_d1_1.png": {"intrinsics": {"fx": 1072.73, "fy": 1073.34, "cx": 631.073, "cy": 525.321}, "camera_to_world_matrix": [-0.715183, 0.00923707, -0.698875, -6.8667, -0.698866, -0.0236128, 0.714862, 9.67577, -0.00989896, 0.999678, 0.0233422, 2.89699, 0.0, 0.0, 0.0, 1.0]}, "0f3178a769ef4363a0764dbbd78d05c4_d1_2.png": {"intrinsics": {"fx": 1072.73, "fy": 1073.34, "cx": 631.073, "cy": 525.321}, "camera_to_world_matrix": [-0.962884, -0.00230956, 0.269903, -6.87009, 0.269871, -0.0257216, 0.962552, 9.6749, 0.00471946, 0.999666, 0.0253894, 2.89698, 0.0, 0.0, 0.0, 1.0]}, "0f3178a769ef4363a0764dbbd78d05c4_d1_3.png": {"intrinsics": {"fx": 1072.73, "fy": 1073.34, "cx": 631.073, "cy": 525.321}, "camera_to_world_matrix": [-0.247681, -0.00990894