{"00f7c89ead844abb8434bda10a544257_d0_0.png": {"intrinsics": {"fx": 1076.93, "fy": 1077.38, "cx": 636.03, "cy": 518.158}, "camera_to_world_matrix": [-0.307671, -0.714111, -0.628796, -6.18203, -0.941769, 0.134317, 0.308268, 1.73326, -0.13568, 0.687026, -0.713854, 1.648, 0.0, 0.0, 0.0, 1.0]}, "00f7c89ead844abb8434bda10a544257_d0_1.png": {"intrinsics": {"fx": 1076.93, "fy": 1077.38, "cx": 636.03, "cy": 518.158}, "camera_to_world_matrix": [-0.972246, -0.219471, -0.0810578, -6.19273, -0.19459, 0.566203, 0.800968, 1.72369, -0.129894, 0.794511, -0.593195, 1.64565, 0.0, 0.0, 0.0, 1.0]}, "00f7c89ead844abb8434bda10a544257_d0_2.png": {"intrinsics": {"fx": 1076.93, "fy": 1077.38, "cx": 636.03, "cy": 518.158}, "camera_to_world_matrix": [-0.6654, 0.407342, 0.625552, -6.20649, 0.746375, 0.348517, 0.566975, 1.72829, 0.0129375, 0.844161, -0.535933, 1.64454, 0.0, 0.0, 0.0, 1.0]}, "00f7c89ead844abb8434bda10a544257_d0_3.png": {"intrinsics": {"fx": 1076.93, "fy": 1077.38, "cx": 636.03, "cy": 518.158}, "camera_to_world_matrix": [0.306013, 0.539501, 0.784407, -6.20955, 0.940139, -0.301049, -0.159712, 1.74246, 0.14998, 0.786326, -0.599331, 1.64578, 0.0, 0.0, 0.0, 1.0]}, "00f7c89ead844abb8434bda10a544257_d0_4.png": {"intrinsics": {"fx": 1076.93, "fy": 1077.38, "cx": 636.03, "cy": 518.158}, "camera_to_world_matrix": [0.97056, 0.0448436, 0.23665, -6.19884, 0.192934, -0.732915, -0.65239, 1.75203, 0.144188, 0.678841, -0.719989, 1.64814, 0.0, 0.0, 0.0, 1.0]}, "00f7c89ead844abb8434bda10a544257_d0_5.png": {"intrinsics": {"fx": 1076.93, "fy": 1077.38, "cx": 636.03, "cy": 518.158}, "camera_to_world_matrix": [0.663677, -0.581961, -0.469951, -6.18508, -0.748018, -0.515205, -0.41837, 1.74743, 0.00135398, 0.629194, -0.777247, 1.64925, 0.0, 0.0, 0.0, 1.0]}, "00f7c89ead844abb8434bda10a544257_d1_0.png": {"intrinsics": {"fx": 1069.52, "fy": 1069.96, "cx": 618.287, "cy": 508.832}, "camera_to_world_matrix": [-0.304068, -0.118322, -0.945274, -6.19637, -0.942649, -0.106039, 0.316496, 1.73304, -0.137685, 0.987297, -0.0792921, 1.67997, 0.0, 0.0, 0.0, 1.0]}, "00f7c89ead844abb8434bda10a544257_d1_1.png": {"intrinsics": {"fx": 1069.52, "fy": 1069.96, "cx": 618.287, "cy": 508.832}, "camera_to_world_matrix": [-0.971255, -0.112786, -0.209627, -6.19894, -0.197778, -0.10772, 0.97431, 1.73074, -0.13247, 0.987763, 0.0823172, 1.67941, 0.0, 0.0, 0.0, 1.0]}, "00f7c89ead844abb8434bda10a544257_d1_2.png": {"intrinsics": {"fx": 1069.52, "fy": 1069.96, "cx": 618.287, "cy": 508.832}, "camera_to_world_matrix": [-0.667744, -0.11141, 0.736008, -6.20225, 0.744324, -0.113338, 0.658132, 1.73185, 0.0100951, 0.987291, 0.158606, 1.67914, 0.0, 0.0, 0.0, 1.0]}, "00f7c89ead844abb8434bda10a544257_d1_3.png": {"intrinsics": {"fx": 1069.52, "fy": 1069.96, "cx": 618.287, "cy": 508.832}, "camera_to_world_matrix": [0.302949, -0.115569, 0.945974, -6.20299, 0.941533, -0.117275, -0.315854, 1.73526, 0.147442, 0.986352, 0.0732838, 1.67944, 0.0, 0.0, 0.0, 1.0]}, "00f7c89ead844abb8434bda10a544257_d1_4.png": {"intrinsics": {"fx": 1069.52, "fy": 1069.96, "cx": 618.287, "cy": 508.832}, "camera_to_world_matrix": [0.970107, -0.121104, 0.210301, -6.20041, 0.196636, -0.115595, -0.973639, 1.73756, 0.142221, 0.985887, -0.0883253, 1.68, 0.0, 0.0, 0.0, 1.0]}, "00f7c89ead844abb8434bda10a544257_d1_5.png": {"intrinsics": {"fx": 1069.52, "fy": 1069.96, "cx": 618.287, "cy": 508.832}, "camera_to_world_matrix": [0.666559, -0.12248, -0.735322, -6.1971, -0.745453, -0.109977, -0.657423, 1.73645, -0.000346929, 0.986359, -0.164609, 1.68027, 0.0, 0.0, 0.0, 1.0]}, "00f7c89ead844abb8434bda10a544257_d2_0.png": {"intrinsics": {"fx": 1070.07, "fy": 1070.53, "cx": 629.118, "cy": 508.749}, "camera_to_world_matrix": [-0.304452, 0.53963, -0.784925, -6.18981, -0.941725, -0.294273, 0.162961, 1.72584, -0.143043, 0.788798, 0.597775, 1.71363, 0.0, 0.0, 0.0, 1.0]}, "00f7c89ead844abb8434bda10a544257_d2_1.png": {"intrinsics": {"fx": 1070.07, "fy": 1070.53, "cx": 629.118, "cy": 508.749}, "camera_to_world_matrix": [-0.970863, 0.0508409, -0.234174, -6.20051, -0.196146, -0.729981, 0.654717, 1.71627, -0.137656, 0.681574, 0.718683, 1.71128, 0.0, 0.0, 0.0, 1.0]}, "00f7c89ead844abb8434bda10a544257_d2_2.png": {"intrinsics": {"fx": 1070.07, "fy": 1070.53, "cx": 629.118, "cy": 508.749}, "camera_to_world_matrix": [-0.666342, -0.576288, 0.473159, -6.21427, 0.745628, -0.519233, 0.417653, 1.72087, 0.00499143, 0.631101, 0.775684, 1.71017, 0.0, 0.0, 0.0, 1.0]}, "00f7c89ead844abb8434bda10a544257_d2_3.png": {"intrinsics": {"fx": 1070.07, "fy": 1070.53, "cx": 629.118, "cy": 508.749}, "camera_to_world_matrix": [0.304583, -0.714614, 0.629726, -6.21732, 0.941803, 0.127217, -0.311162, 1.73504, 0.142249, 0.687853, 0.711774, 1.71141, 0.0, 0.0, 0.0, 1.0]}, "00f7c89ead844abb8434bda10a544257_d2_4.png": {"intrinsics": {"fx": 1070.07, "fy": 1070.53, "cx": 629.118, "cy": 508.749}, "camera_to_world_matrix": [0.970966, -0.225808, 0.0789557, -6.20662, 0.196198, 0.562906, -0.802896, 1.74461, 0.136856, 0.795077, 0.590865, 1.71376, 0.0, 0.0, 0.0, 1.0]}, "00f7c89ead844abb8434bda10a544257_d2_5.png": {"intrinsics": {"fx": 1070.07, "fy": 1070.53, "cx": 629.118, "cy": 508.749}, "camera_to_world_matrix": [0.666408, 0.401314, -0.628369, -6.19286, -0.745564, 0.352134, -0.565804, 1.74001, -0.00579472, 0.845546, 0.533869, 1.71487, 0.0, 0.0, 0.0, 1.0]}, "043526f4441e4a4b8bf7e686047a0e96_d0_0.png": {"intrinsics": {"fx": 1076.93, "fy": 1077.38, "cx": 636.03, "cy": 518.158}, "camera_to_world_matrix": [-0.359201, -0.67147, -0.648153, -4.03343, -0.93136, 0.21362, 0.294847, -4.04891, -0.0595229, 0.709573, -0.702113, 1.37551, 0.0, 0.0, 0.0, 1.0]}, "043526f4441e4a4b8bf7e686047a0e96_d0_1.png": {"intrinsics": {"fx": 1076.93, "fy": 1077.38, "cx": 636.03, "cy": 518.158}, "camera_to_world_matrix": [-0.985794, -0.151788, -0.071905, -4.04469, -0.15212, 0.625397, 0.765335, -4.05804, -0.0711996, 0.765401, -0.639603, 1.37429, 0.0, 0.0, 0.0, 1.0]}, "043526f4441e4a4b8bf7e686047a0e96_d0_2.png": {"intrinsics": {"fx": 1076.93, "fy": 1077.38, "cx": 636.03, "cy": 518.158}, "camera_to_world_matrix": [-0.627097, 0.465481, 0.624561, -4.05825, 0.778929, 0.379323, 0.499384, -4.05282, -0.00445661, 0.799651, -0.600449, 1.37353, 0.0, 0.0, 0.0, 1.0]}, "043526f4441e4a4b8bf7e686047a0e96_d0_3.png": {"intrinsics": {"fx": 1076.93, "fy": 1077.38, "cx": 636.03, "cy": 518.158}, "camera_to_world_matrix": [0.358185, 0.563055, 0.744763, -4.06055, 0.930716, -0.278522, -0.237049, -4.03846, 0.0739614, 0.778071, -0.623807, 1.37399, 0.0, 0.0, 0.0, 1.0]}, "043526f4441e4a4b8bf7e686047a0e96_d0_4.png": {"intrinsics": {"fx": 1076.93, "fy": 1077.38, "cx": 636.03, "cy": 518.158}, "camera_to_world_matrix": [0.984748, 0.0433562, 0.168497, -4.04929, 0.151452, -0.690279, -0.707515, -4.02933, 0.0856348, 0.722243, -0.686318, 1.37521, 0.0, 0.0, 0.0, 1.0]}, "043526f4441e4a4b8bf7e686047a0e96_d0_5.png": {"intrinsics": {"fx": 1076.93, "fy": 1077.38, "cx": 636.03, "cy": 518.158}, "camera_to_world_matrix": [0.626014, -0.573904, -0.527959, -4.03574, -0.779583, -0.444181, -0.441536, -4.03455, 0.0188899, 0.687995, -0.725469, 1.37597, 0.0, 0.0, 0.0, 1.0]}, "043526f4441e4a4b8bf7e686047a0e96_d1_0.png": {"intrinsics": {"fx": 1069.52, "fy": 1069.96, "cx": 618.287, "cy": 508.832}, "camera_to_world_matrix": [-0.35575, -0.0736866, -0.931672, -4.04615, -0.932547, -0.0377542, 0.359069, -4.04639, -0.0616334, 0.996567, -0.0552846, 1.40807, 0.0, 0.0, 0.0, 1.0]}, "043526f4441e4a4b8bf7e686047a0e96_d1_1.png": {"intrinsics": {"fx": 1069.52, "fy": 1069.96, "cx": 618.287, "cy": 508.832}, "camera_to_world_matrix": [-0.985089, -0.0682224, -0.157945, -4.04885, -0.155509, -0.0396845, 0.987037, -4.04858, -0.0736062, 0.996881, 0.0284841, 1.40777, 0.0, 0.0, 0.0, 1.0]}, "043526f4441e4a4b8bf7e686047a0e96_d1_2.png": {"intrinsics": {"fx": 1069.52, "fy": 1069.96, "cx": 618.287, "cy": 508.832}, "camera_to_world_matrix": [-0.629676, -0.0671442, 0.773951, -4.05212, 0.776827, -0.0453845, 0.628078, -4.04733, -0.00704647, 0.996711, 0.0807375, 1.40759, 0.0, 0.0, 0.0, 1.0]}, "043526f4441e4a4b8bf7e686047a0e96_d1_3.png": {"intrinsics": {"fx": 1069.52, "fy": 1069.96, "cx": 618.287, "cy": 508.832}, "camera_to_world_matrix": [0.355068, -0.0715302, 0.9321, -4.05267, 0.932104, -0.0491543, -0.358841, -4.04387, 0.0714845, 0.996227, 0.049221, 1.4077, 0.0, 0.0, 0.0, 1.0]}, "043526f4441e4a4b8bf7e686047a0e96_d1_4.png": {"intrinsics": {"fx": 1069.52, "fy": 1069.96, "cx": 618.287, "cy": 508.832}, "camera_to_world_matrix": [0.984377, -0.0769944, 0.158349, -4.04996, 0.155041, -0.0472238, -0.986779, -4.04168, 0.0834541, 0.995913, -0.0345481, 1.40799, 0.0, 0.0, 0.0, 1.0]}, "043526f4441e4a4b8bf7e686047a0e96_d1_5.png": {"intrinsics": {"fx": 1069.52, "fy": 1069.96, "cx": 618.287, "cy": 508.832}, "camera_to_world_matrix": [0.628928, -0.0780724, -0.773534, -4.0467, -0.777281, -0.0415237, -0.627783, -4.04293, 0.0168923, 0.996083, -0.0867989, 1.40818, 0.0, 0.0, 0.0, 1.0]}, "043526f4441e4a4b8bf7e686047a0e96_d2_0.png": {"intrinsics": {"fx": 1070.07, "fy": 1070.53, "cx": 629.118, "cy": 508.749}, "camera_to_world_matrix": [-0.356357, 0.563635, -0.745201, -4.03826, -0.931942, -0.27162, 0.240217, -4.0518, -0.0670166, 0.780089, 0.622068, 1.44178, 0.0, 0.0, 0.0, 1.0]}, "043526f4441e4a4b8bf7e686047a0e96_d2_1.png": {"intrinsics": {"fx": 1070.07, "fy": 1070.53, "cx": 629.118, "cy": 508.749}, "camera_to_world_matrix": [-0.984879, 0.0496177, -0.165981, -4.04952, -0.154228, -0.687492, 0.709626, -4.06093, -0.0789003, 0.724495, 0.684748, 1.44056, 0.0, 0.0, 0.0, 1.0]}, "043526f4441e4a4b8bf7e686047a0e96_d2_2.png": {"intrinsics": {"fx": 1070.07, "fy": 1070.53, "cx": 629.118, "cy": 508.749}, "camera_to_world_matrix": [-0.62847, -0.568343, 0.531046, -4.06308, 0.777735, -0.448368, 0.440559, -4.05571, -0.0122843, 0.689892, 0.723807, 1.4398, 0.0, 0.0, 0.0, 1.0]}, "043526f4441e4a4b8bf7e686047a0e96_d2_3.png": {"intrinsics": {"fx": 1070.07, "fy": 1070.53, "cx": 629.118, "cy": 508.749}, "camera_to_world_matrix": [0.356452, -0.672274, 0.648837, -4.06538, 0.931964, 0.206621, -0.29791, -4.04135, 0.0662139, 0.710884, 0.700185, 1.44025, 0.0, 0.0, 0.0, 1.0]}, "043526f4441e4a4b8bf7e686047a0e96_d2_4.png": {"intrinsics": {"fx": 1070.07, "fy": 1070.53, "cx": 629.118, "cy": 508.749}, "camera_to_world_matrix": [0.984944, -0.15824, 0.0695982, -4.05412, 0.154225, 0.622472, -0.767295, -4.03222, 0.0780944, 0.766478, 0.637505, 1.44147, 0.0, 0.0, 0.0, 1.0]}, "043526f4441e4a4b8bf7e686047a0e96_d2_5.png": {"intrinsics": {"fx": 1070.07, "fy": 1070.53, "cx": 629.118, "cy": 508.749}, "camera_to_world_matrix": [0.628499, 0.459711, -0.627418, -4.04056, -0.777725, 0.383325, -0.498201, -4.03744, 0.0114764, 0.801079, 0.598448, 1.44223, 0.0, 0.0, 0.0, 1.0]}, "052d58b67e1b4e75bb684cd0a59c0edb_d0_0.png": {"intrinsics": {"fx": 1076.93, "fy": 1077.38, "cx": 636.03, "cy": 518.158}, "camera_to_world_matrix": [0.440397, -0.657042, -0.611839, -9.80574, -0.897603, -0.336615, -0.284603, -0.905413, -0.0189579, 0.674527, -0.738007, 1.15806, 0.0, 0.0, 0.0, 1.0]}, "052d58b67e1b4e75bb684cd0a59c0edb_d0_1.png": {"intrinsics": {"fx": 1076.93, "fy": 1077.38, "cx": 636.03, "cy": 518.158}, "camera_to_world_matrix": [-0.554241, -0.608374, -0.568065, -9.80664, -0.826994, 0.325149, 0.458648, -0.919896, -0.0943242, 0.723988, -0.683333, 1.15699, 0.0, 0.0, 0.0, 1.0]}, "052d58b67e1b4e75bb684cd0a59c0edb_d0_2.png": {"intrinsics": {"fx": 1076.93, "fy": 1077.38, "cx": 636.03, "cy": 518.158}, "camera_to_world_matrix": [-0.995206, -0.0111954, 0.097154, -9.81962, 0.0701315, 0.610675, 0.788769, -0.926293, -0.0681601, 0.791802, -0.606963, 1.1555, 0.0, 0.0, 0.0, 1.0]}, "052d58b67e1b4e75bb684cd0a59c0edb_d0_3.png": {"intrinsics": {"fx": 1076.93, "fy": 1077.38, "cx": 636.03, "cy": 518.158}, "camera_to_world_matrix": [-0.441524, 0.537303, 0.718583, -9.83171, 0.896629, 0.234431, 0.375632, -0.918205, 0.0333696, 0.810153, -0.585268, 1.15508, 0.0, 0.0, 0.0, 1.0]}, "052d58b67e1b4e75bb684cd0a59c0edb_d0_4.png": {"intrinsics": {"fx": 1076.93, "fy": 1077.38, "cx": 636.03, "cy": 518.158}, "camera_to_world_matrix": [0.553111, 0.488609, 0.67478, -9.83082, 0.825981, -0.427331, -0.367618, -0.903722, 0.108733, 0.76069, -0.639944, 1.15615, 0.0, 0.0, 0.0, 1.0]}, "052d58b67e1b4e75bb684cd0a59c0edb_d0_5.png": {"intrinsics": {"fx": 1076.93, "fy": 1077.38, "cx": 636.03, "cy": 518.158}, "camera_to_world_matrix": [0.994042, -0.108581, 0.00954872, -9.81783, -0.071162, -0.712834, -0.697713, -0.897327, 0.082565, 0.692876, -0.716314, 1.15764, 0.0, 0.0, 0.0, 1.0]}, "052d58b67e1b4e75bb684cd0a59c0edb_d1_0.png": {"intrinsics": {"fx": 1069.52, "fy": 1069.96, "cx": 618.287, "cy": 508.832}, "camera_to_world_matrix": [0.443743, -0.0851162, -0.892103, -9.81827, -0.895911, -0.0653362, -0.439403, -0.912546, -0.0208864, 0.994227, -0.105248, 1.18999, 0.0, 0.0, 0.0, 1.0]}, "052d58b67e1b4e75bb684cd0a59c0edb_d1_1.png": {"intrinsics": {"fx": 1069.52, "fy": 1069.96, "cx": 618.287, "cy": 508.832}, "camera_to_world_matrix": [-0.551133, -0.0800119, -0.830573, -9.81849, -0.828817, -0.0626397, 0.556002, -0.91603, -0.0965138, 0.994824, -0.0317918, 1.18974, 0.0, 0.0, 0.0, 1.0]}, "052d58b67e1b4e75bb684cd0a59c0edb_d1_2.png": {"intrinsics": {"fx": 1069.52, "fy": 1069.96, "cx": 618.287, "cy": 508.832}, "camera_to_world_matrix": [-0.99526, -0.0751021, 0.0617931, -9.82161, 0.0667744, -0.0657289, 0.995601, -0.917569, -0.0707103, 0.995008, 0.0704328, 1.18938, 0.0, 0.0, 0.0, 1.0]}, "052d58b67e1b4e75bb684cd0a59c0edb_d1_3.png": {"intrinsics": {"fx": 1069.52, "fy": 1069.96, "cx": 618.287, "cy": 508.832}, "camera_to_world_matrix": [-0.444501, -0.0752969, 0.892608, -9.82452, 0.895252, -0.0715145, 0.439784, -0.915623, 0.0307199, 0.994594, 0.0991985, 1.18928, 0.0, 0.0, 0.0, 1.0]}, "052d58b67e1b4e75bb684cd0a59c0edb_d1_4.png": {"intrinsics": {"fx": 1069.52, "fy": 1069.96, "cx": 618.287, "cy": 508.832}, "camera_to_world_matrix": [0.550373, -0.0804014, 0.831039, -9.8243, 0.828119, -0.0742108, -0.555618, -0.912139, 0.106344, 0.993997, 0.025739, 1.18954, 0.0, 0.0, 0.0, 1.0]}, "052d58b67e1b4e75bb684cd0a59c0edb_d1_5.png": {"intrinsics": {"fx": 1069.52, "fy": 1069.96, "cx": 618.287, "cy": 508.832}, "camera_to_world_matrix": [0.994465, -0.085311, -0.0613442, -9.82118, -0.0674898, -0.0711214, -0.995182, -0.910601, 0.0805369, 0.993813, -0.0764847, 1.18989, 0.0, 0.0, 0.0, 1.0]}, "052d58b67e1b4e75bb684cd0a59c0edb_d2_0.png": {"intrinsics": {"fx": 1070.07, "fy": 1070.53, "cx": 629.118, "cy": 508.749}, "camera_to_world_matrix": [0.443226, 0.532525, -0.721087, -9.81108, -0.896022, 0.23958, -0.373823, -0.909963, -0.0263118, 0.811799, 0.583342, 1.22419, 0.0, 0.0, 0.0, 1.0]}, "052d58b67e1b4e75bb684cd0a59c0edb_d2_1.png": {"intrinsics": {"fx": 1070.07, "fy": 1070.53, "cx": 629.118, "cy": 508.749}, "camera_to_world_matrix": [-0.551594, 0.490685, -0.674515, -9.81197, -0.827868, -0.420814, 0.370875, -0.924447, -0.101862, 0.762983, 0.638341, 1.22312, 0.0, 0.0, 0.0, 1.0]}, "052d58b67e1b4e75bb684cd0a59c0edb_d2_2.png": {"intrinsics": {"fx": 1070.07, "fy": 1070.53, "cx": 629.118, "cy": 508.749}, "camera_to_world_matrix": [-0.994776, -0.101861, -0.00663208, -9.82496, 0.0682003, -0.71158, 0.699287, -0.930843, -0.0759492, 0.695182, 0.714809, 1.22163, 0.0, 0.0, 0.0, 1.0]}, "052d58b67e1b4e75bb684cd0a59c0edb_d2_3.png": {"intrinsics": {"fx": 1070.07, "fy": 1070.53, "cx": 629.118, "cy": 508.749}, "camera_to_world_matrix": [-0.443127, -0.652555, 0.614663, -9.83704, 0.896095, -0.341946, 0.282994, -0.922756, 0.0255127, 0.676199, 0.736276, 1.22121, 0.0, 0.0, 0.0, 1.0]}, "052d58b67e1b4e75bb684cd0a59c0edb_d2_4.png": {"intrinsics": {"fx": 1070.07, "fy": 1070.53, "cx": 629.118, "cy": 508.749}, "camera_to_world_matrix": [0.551691, -0.610689, 0.568062, -9.83615, 0.827902, 0.318446, -0.461702, -0.908273, 0.10106, 0.725017, 0.681275, 1.22228, 0.0, 0.0, 0.0, 1.0]}, "052d58b67e1b4e75bb684cd0a59c0edb_d2_5.png": {"intrinsics": {"fx": 1070.07, "fy": 1070.53, "cx": 629.118, "cy": 508.749}, "camera_to_world_matrix": [0.994838, -0.0181311, -0.0998341, -9.82316, -0.0681841, 0.609189, -0.790088, -0.901877, 0.0751432, 0.792817, 0.604808, 1.22377, 0.0, 0.0, 0.0, 1.0]}, "0c6c8fd16e984ae4aabdb4d4644f661b_d0_0.png": {"intrinsics": {"fx": 1076.93, "fy": 1077.38, "cx": 636.03, "cy": 518.158}, "camera_to_world_matrix": [0.991214, -0.0898476, -0.0970715, 0.0804259, -0.13227, -0.674754, -0.726093, 14.5506, -0.00026172, 0.732553, -0.68071, 1.54991, 0.0, 0.0, 0.0, 1.0]}, "0c6c8fd16e984ae4aabdb4d4644f661b_d0_1.png": {"intrinsics": {"fx": 1076.93, "fy": 1077.38, "cx": 636.03, "cy": 518.158}, "camera_to_world_matrix": [0.381085, -0.613709, -0.691473, 0.0919852, -0.924426, -0.264646, -0.274587, 14.5418, -0.0144794, 0.743858, -0.668181, 1.54967, 0.0, 0.0, 0.0, 1.0]}, "0c6c8fd16e984ae4aabdb4d4644f661b_d0_2.png": {"intrinsics": {"fx": 1076.93, "fy": 1077.38, "cx": 636.03, "cy": 518.158}, "camera_to_world_matrix": [-0.610103, -0.520342, -0.59751, 0.0901119, -0.792292, 0.394019, 0.465857, 14.5273, -0.0069746, 0.757623, -0.652655, 1.54936, 0.0, 0.0, 0.0, 1.0]}, "0c6c8fd16e984ae4aabdb4d4644f661b_d0_3.png": {"intrinsics": {"fx": 1076.93, "fy": 1077.38, "cx": 636.03, "cy": 518.158}, "camera_to_world_matrix": [-0.99114, 0.0968835, 0.0908522, 0.0766794, 0.131996, 0.642561, 0.754779, 14.5218, 0.0147475, 0.760084, -0.649657, 1.54931, 0.0, 0.0, 0.0, 1.0]}, "0c6c8fd16e984ae4aabdb4d4644f661b_d0_4.png": {"intrinsics": {"fx": 1076.93, "fy": 1077.38, "cx": 636.03, "cy": 518.158}, "camera_to_world_matrix": [-0.380981, 0.620729, 0.685237, 0.0651205, 0.924129, 0.232433, 0.30325, 14.5306, 0.0289644, 0.74878, -0.662186, 1.54955, 0.0, 0.0, 0.0, 1.0]}, "0c6c8fd16e984ae4aabdb4d4644f661b_d0_5.png": {"intrinsics": {"fx": 1076.93, "fy": 1077.38, "cx": 636.03, "cy": 518.158}, "camera_to_world_matrix": [0.610202, 0.527336, 0.591245, 0.0669943, 0.791955, -0.426229, -0.437191, 14.545, 0.0214589, 0.735014, -0.677712, 1.54985, 0.0, 0.0, 0.0, 1.0]}, "0c6c8fd16e984ae4aabdb4d4644f661b_d1_0.png": {"intrinsics": {"fx": 1069.52, "fy": 1069.96, "cx": 618.287, "cy": 508.832}, "camera_to_world_matrix": [0.991678, -0.000597558, -0.128744, 0.0791596, -0.128721, -0.0239401, -0.991392, 14.5389, -0.00248987, 0.999713, -0.0238171, 1.58292, 0.0, 0.0, 0.0, 1.0]}, "0c6c8fd16e984ae4aabdb4d4644f661b_d1_1.png": {"intrinsics": {"fx": 1069.52, "fy": 1069.96, "cx": 618.287, "cy": 508.832}, "camera_to_world_matrix": [0.384344, -1.25347e-05, -0.92319, 0.0819402, -0.923038, -0.0181673, -0.38428, 14.5368, -0.0167672, 0.999835, -0.00699343, 1.58286, 0.0, 0.0, 0.0, 1.0]}, "0c6c8fd16e984ae4aabdb4d4644f661b_d1_2.png": {"intrinsics": {"fx": 1069.52, "fy": 1069.96, "cx": 618.287, "cy": 508.832}, "camera_to_world_matrix": [-0.60732, 0.00528046, -0.79444, 0.0814896, -0.794403, -0.015787, 0.607186, 14.5333, -0.00933573, 0.999862, 0.0137832, 1.58279, 0.0, 0.0, 0.0, 1.0]}, "0c6c8fd16e984ae4aabdb4d4644f661b_d1_3.png": {"intrinsics": {"fx": 1069.52, "fy": 1069.96, "cx": 618.287, "cy": 508.832}, "camera_to_world_matrix": [-0.991627, 0.00998831, 0.128754, 0.0782584, 0.128547, -0.0191795, 0.991518, 14.532, 0.0123729, 0.999766, 0.0177356, 1.58278, 0.0, 0.0, 0.0, 1.0]}, "0c6c8fd16e984ae4aabdb4d4644f661b_d1_4.png": {"intrinsics": {"fx": 1069.52, "fy": 1069.96, "cx": 618.287, "cy": 508.832}, "camera_to_world_matrix": [-0.384261, 0.00940306, 0.923177, 0.0754779, 0.92284, -0.0249523, 0.384375, 14.5341, 0.0266495, 0.999645, 0.000911292, 1.58284, 0.0, 0.0, 0.0, 1.0]}, "0c6c8fd16e984ae4aabdb4d4644f661b_d1_5.png": {"intrinsics": {"fx": 1069.52, "fy": 1069.96, "cx": 618.287, "cy": 508.832}, "camera_to_world_matrix": [0.607398, 0.00410997, 0.794388, 0.0759286, 0.794166, -0.0273324, -0.607086, 14.5376, 0.0192173, 0.999618, -0.019865, 1.58291, 0.0, 0.0, 0.0, 1.0]}, "0c6c8fd16e984ae4aabdb4d4644f661b_d2_0.png": {"intrinsics": {"fx": 1070.07, "fy": 1070.53, "cx": 629.118, "cy": 508.749}, "camera_to_world_matrix": [0.991526, 0.0899364, -0.0937315, 0.0807382, -0.129662, 0.641581, -0.756016, 14.5492, -0.00785685, 0.761764, 0.647805, 1.61639, 0.0, 0.0, 0.0, 1.0]}, "0c6c8fd16e984ae4aabdb4d4644f661b_d2_1.png": {"intrinsics": {"fx": 1070.07, "fy": 1070.53, "cx": 629.118, "cy": 508.749}, "camera_to_world_matrix": [0.38334, 0.616441, -0.687786, 0.0922974, -0.923342, 0.237947, -0.301363, 14.5403, -0.0221164, 0.750587, 0.6604, 1.61615, 0.0, 0.0, 0.0, 1.0]}, "0c6c8fd16e984ae4aabdb4d4644f661b_d2_2.png": {"intrinsics": {"fx": 1070.07, "fy": 1070.53, "cx": 629.118, "cy": 508.749}, "camera_to_world_matrix": [-0.608197, 0.530004, -0.590924, 0.0904241, -0.79365, -0.419771, 0.440354, 14.5259, -0.0146628, 0.736809, 0.675941, 1.61585, 0.0, 0.0, 0.0, 1.0]}, "0c6c8fd16e984ae4aabdb4d4644f661b_d2_3.png": {"intrinsics": {"fx": 1070.07, "fy": 1070.53, "cx": 629.118, "cy": 508.749}, "camera_to_world_matrix": [-0.991525, -0.0829362, 0.0999913, 0.0769916, 0.129718, -0.673839, 0.727402, 14.5203, 0.00705026, 0.734209, 0.678886, 1.61579, 0.0, 0.0, 0.0, 1.0]}, "0c6c8fd16e984ae4aabdb4d4644f661b_d2_4.png": {"intrinsics": {"fx": 1070.07, "fy": 1070.53, "cx": 629.118, "cy": 508.749}, "camera_to_world_matrix": [-0.383308, -0.609425, 0.694028, 0.0654327, 0.923374, -0.270184, 0.272726, 14.5292, 0.0213091, 0.745386, 0.666291, 1.61603, 0.0, 0.0, 0.0, 1.0]}, "0c6c8fd16e984ae4aabdb4d4644f661b_d2_5.png": {"intrinsics": {"fx": 1070.07, "fy": 1070.53, "cx": 629.118, "cy": 508.749}, "camera_to_world_matrix": [0.608224, -0.522962, 0.597137, 0.0673066, 0.793643, 0.38753, -0.468988, 14.5436, 0.0138547, 0.759164, 0.650751, 1.61634, 0.0, 0.0, 0.0, 1.0]}, "0cef156ab53041da97dd6a70d3d5af0b_d0_0.png": {"intrinsics": {"fx": 1076.93, "fy": 1077.38, "cx": 636.03, "cy": 518.158}, "camera_to_world_matrix": [-0.616885, -0.510028, -0.599436, 4.93821, -0.786987, 0.409619, 0.461372, -13.0094, 0.0102274, 0.756362, -0.654073, 1.79514, 0.0, 0.0, 0.0, 1.0]}, "0cef156ab53041da97dd6a70d3d5af0b_d0_1.png": {"intrinsics": {"fx": 1076.93, "fy": 1077.38, "cx": 636.03, "cy": 518.158}, "camera_to_world_matrix": [-0.989801, 0.109294, 0.0913674, 4.92473, 0.140791, 0.652807, 0.744325, -13.0149, 0.021705, 0.749598, -0.661537, 1.79529, 0.0, 0.0, 0.0, 1.0]}, "0cef156ab53041da97dd6a70d3d5af0b_d0_2.png": {"intrinsics": {"fx": 1076.93, "fy": 1077.38, "cx": 636.03, "cy": 518.158}, "camera_to_world_matrix": [-0.372795, 0.629493, 0.681735, 4.91325, 0.927725, 0.238029, 0.287522, -13.006, 0.0187207, 0.73965, -0.672732, 1.7955, 0.0, 0.0, 0.0, 1.0]}, "0cef156ab53041da97dd6a70d3d5af0b_d0_3.png": {"intrinsics": {"fx": 1076.93, "fy": 1077.38, "cx": 636.03, "cy": 518.158}, "camera_to_world_matrix": [0.617113, 0.530357, 0.581285, 4.91525, 0.786863, -0.419929, -0.452224, -12.9915, 0.00425878, 0.736465, -0.676462, 1.79558, 0.0, 0.0, 0.0, 1.0]}, "0cef156ab53041da97dd6a70d3d5af0b_d0_4.png": {"intrinsics": {"fx": 1076.93, "fy": 1077.38, "cx": 636.03, "cy": 518.158}, "camera_to_world_matrix": [0.989993, -0.0889749, -0.109529, 4.92873, -0.14093, -0.663094, -0.73515, -12.9861, -0.00721845, 0.743229, -0.668998, 1.79543, 0.0, 0.0, 0.0, 1.0]}, "0cef156ab53041da97dd6a70d3d5af0b_d0_5.png": {"intrinsics": {"fx": 1076.93, "fy": 1077.38, "cx": 636.03, "cy": 518.158}, "camera_to_world_matrix": [0.372956, -0.609157, -0.699879, 4.94021, -0.927839, -0.248295, -0.278324, -12.995, -0.00423348, 0.753178, -0.657803, 1.79521, 0.0, 0.0, 0.0, 1.0]}, "0cef156ab53041da97dd6a70d3d5af0b_d1_0.png": {"intrinsics": {"fx": 1069.52, "fy": 1069.96, "cx": 618.287, "cy": 508.832}, "camera_to_world_matrix": [-0.614142, 0.0142621, -0.789067, 4.92994, -0.789157, -0.00112365, 0.614191, -13.0029, 0.00787288, 0.999898, 0.0119457, 1.82855, 0.0, 0.0, 0.0, 1.0]}, "0cef156ab53041da97dd6a70d3d5af0b_d1_1.png": {"intrinsics": {"fx": 1069.52, "fy": 1069.96, "cx": 618.287, "cy": 508.832}, "camera_to_world_matrix": [-0.990339, 0.0189398, 0.137373, 4.9267, 0.137311, -0.00455794, 0.990518, -13.0042, 0.0193862, 0.999811, 0.00191388, 1.82859, 0.0, 0.0, 0.0, 1.0]}, "0cef156ab53041da97dd6a70d3d5af0b_d1_2.png": {"intrinsics": {"fx": 1069.52, "fy": 1069.96, "cx": 618.287, "cy": 508.832}, "camera_to_world_matrix": [-0.376107, 0.0183042, 0.926396, 4.92394, 0.926431, -0.0103266, 0.376325, -13.002, 0.0164547, 0.999779, -0.013073, 1.82864, 0.0, 0.0, 0.0, 1.0]}, "0cef156ab53041da97dd6a70d3d5af0b_d1_3.png": {"intrinsics": {"fx": 1069.52, "fy": 1069.96, "cx": 618.287, "cy": 508.832}, "camera_to_world_matrix": [0.614307, 0.0129909, 0.78896, 4.92442, 0.789065, -0.0126608, -0.61418, -12.9986, 0.00200998, 0.999836, -0.0180277, 1.82866, 0.0, 0.0, 0.0, 1.0]}, "0cef156ab53041da97dd6a70d3d5af0b_d1_4.png": {"intrinsics": {"fx": 1069.52, "fy": 1069.96, "cx": 618.287, "cy": 508.832}, "camera_to_world_matrix": [0.990468, 0.0083134, -0.137495, 4.92766, -0.137418, -0.00922635, -0.990471, -12.9972, -0.00950291, 0.999923, -0.00799539, 1.82862, 0.0, 0.0, 0.0, 1.0]}, "0cef156ab53041da97dd6a70d3d5af0b_d1_5.png": {"intrinsics": {"fx": 1069.52, "fy": 1069.96, "cx": 618.287, "cy": 508.832}, "camera_to_world_matrix": [0.376205, 0.00894924, -0.926493, 4.93042, -0.926514, -0.00345773, -0.376247, -12.9994, -0.00657084, 0.999954, 0.00699139, 1.82857, 0.0, 0.0, 0.0, 1.0]}, "0cef156ab53041da97dd6a70d3d5af0b_d2_0.png": {"intrinsics": {"fx": 1070.07, "fy": 1070.53, "cx": 629.118, "cy": 508.749}, "camera_to_world_matrix": [-0.615061, 0.533096, -0.580953, 4.93911, -0.788474, -0.413469, 0.455358, -13.0099, 0.0025434, 0.73814, 0.674641, 1.86163, 0.0, 0.0, 0.0, 1.0]}, "0cef156ab53041da97dd6a70d3d5af0b_d2_1.png": {"intrinsics": {"fx": 1070.07, "fy": 1070.53, "cx": 629.118, "cy": 508.749}, "camera_to_world_matrix": [-0.990275, -0.0819898, 0.112386, 4.92563, 0.138403, -0.662222, 0.736414, -13.0154, 0.0140461, 0.744808, 0.667129, 1.86178, 0.0, 0.0, 0.0, 1.0]}, "0cef156ab53041da97dd6a70d3d5af0b_d2_2.png": {"intrinsics": {"fx": 1070.07, "fy": 1070.53, "cx": 629.118, "cy": 508.749}, "camera_to_world_matrix": [-0.375198, -0.604889, 0.702379, 4.91415, 0.926877, -0.253895, 0.276467, -13.0064, 0.0110986, 0.754749, 0.655918, 1.862, 0.0, 0.0, 0.0, 1.0]}, "0cef156ab53041da97dd6a70d3d5af0b_d2_3.png": {"intrinsics": {"fx": 1070.07, "fy": 1070.53, "cx": 629.118, "cy": 508.749}, "camera_to_world_matrix": [0.615081, -0.51269, 0.599019, 4.91615, 0.788456, 0.403176, -0.464527, -12.992, -0.00335148, 0.758022, 0.652219, 1.86207, 0.0, 0.0, 0.0, 1.0]}, "0cef156ab53041da97dd6a70d3d5af0b_d2_4.png": {"intrinsics": {"fx": 1070.07, "fy": 1070.53, "cx": 629.118, "cy": 508.749}, "camera_to_world_matrix": [0.990259, 0.102406, -0.0943318, 4.92963, -0.138437, 0.651905, -0.745557, -12.9865, -0.0148538, 0.751354, 0.659731, 1.86192, 0.0, 0.0, 0.0, 1.0]}, "0cef156ab53041da97dd6a70d3d5af0b_d2_5.png": {"intrinsics": {"fx": 1070.07, "fy": 1070.53, "cx": 629.118, "cy": 508.749}, "camera_to_world_matrix": [0.37515, 0.625289, -0.684307, 4.94111, -0.926887, 0.243557, -0.285586, -12.9955, -0.0119057, 0.741413, 0.670942, 1.8617, 0.0, 0.0, 0.0, 1.0]}, "0daf49767cb645798576ac58467a7356_d0_0.png": {"intrinsics": {"fx": 1076.93, "fy": 1077.38, "cx": 636.03, "cy": 518.158}, "camera_to_world_matrix": [0.950671, 0.189043, 0.245944, -0.0947197, 0.309211, -0.640846, -0.702642, 23.2232, 0.0247826, 0.744029, -0.667687, 1.51543, 0.0, 0.0, 0.0, 1.0]}, "0daf49767cb645798576ac58467a7356_d0_1.png": {"intrinsics": {"fx": 1076.93, "fy": 1077.38, "cx": 636.03, "cy": 518.158}, "camera_to_world_matrix": [0.743197, -0.460644, -0.485247, -0.0804773, -0.668945, -0.497407, -0.552358, 23.2202, 0.0130743, 0.735114, -0.677817, 1.51562, 0.0, 0.0, 0.0, 1.0]}, "0daf49767cb645798576ac58467a7356_d0_2.png": {"intrinsics": {"fx": 1076.93, "fy": 1077.38, "cx": 636.03, "cy": 518.158}, "camera_to_world_matrix": [-0.207603, -0.661344, -0.720781, -0.075927, -0.978203, 0.13699, 0.156054, 23.2064, -0.00446521, 0.737467, -0.675369, 1.51558, 0.0, 0.0, 0.0, 1.0]}, "0daf49767cb645798576ac58467a7356_d0_3.png": {"intrinsics": {"fx": 1076.93, "fy": 1077.38, "cx": 636.03, "cy": 518.158}, "camera_to_world_matrix": [-0.950909, -0.212354, -0.225117, -0.085619, -0.309299, 0.627936, 0.714165, 23.1956, -0.0102963, 0.748734, -0.66279, 1.51533, 0.0, 0.0, 0.0, 1.0]}, "0daf49767cb645798576ac58467a7356_d0_4.png": {"intrinsics": {"fx": 1076.93, "fy": 1077.38, "cx": 636.03, "cy": 518.158}, "camera_to_world_matrix": [-0.743398, 0.437328, 0.506068, -0.0998613, 0.668848, 0.484472, 0.563852, 23.1985, 0.00141243, 0.757649, -0.652661, 1.51513, 0.0, 0.0, 0.0, 1.0]}, "0daf49767cb645798576ac58467a7356_d0_5.png": {"intrinsics": {"fx": 1076.93, "fy": 1077.38, "cx": 636.03, "cy": 518.158}, "camera_to_world_matrix": [0.207415, 0.638003, 0.741573, -0.104411, 0.97807, -0.149934, -0.144569, 23.2124, 0.0189519, 0.755296, -0.65511, 1.51518, 0.0, 0.0, 0.0, 1.0]}, "0daf49767cb645798576ac58467a7356_d1_0.png": {"intrinsics": {"fx": 1069.52, "fy": 1069.96, "cx": 618.287, "cy": 508.832}, "camera_to_world_matrix": [0.949622, -0.0193722, 0.312801, -0.0917834, 0.312592, -0.013087, -0.949798, 23.2124, 0.0224931, 0.999727, -0.00637149, 1.54864, 0.0, 0.0, 0.0, 1.0]}, "0daf49767cb645798576ac58467a7356_d1_1.png": {"intrinsics": {"fx": 1069.52, "fy": 1069.96, "cx": 618.287, "cy": 508.832}, "camera_to_world_matrix": [0.745602, -0.0213415, -0.666051, -0.0883574, -0.666305, -0.00762772, -0.745641, 23.2117, 0.0108325, 0.999743, -0.0199066, 1.54868, 0.0, 0.0, 0.0, 1.0]}, "0daf49767cb645798576ac58467a7356_d1_2.png": {"intrinsics": {"fx": 1069.52, "fy": 1069.96, "cx": 618.287, "cy": 508.832}, "camera_to_world_matrix": [-0.204114, -0.0175989, -0.978789, -0.0872628, -0.978925, -0.00319313, 0.2042, 23.2084, -0.00671924, 0.99984, -0.0165756, 1.54867, 0.0, 0.0, 0.0, 1.0]}, "0daf49767cb645798576ac58467a7356_d1_3.png": {"intrinsics": {"fx": 1069.52, "fy": 1069.96, "cx": 618.287, "cy": 508.832}, "camera_to_world_matrix": [-0.949788, -0.011887, -0.312669, -0.0895943, -0.312641, -0.00421791, 0.949862, 23.2058, -0.01261, 0.999921, 0.000290376, 1.54861, 0.0, 0.0, 0.0, 1.0]}, "0daf49767cb645798576ac58467a7356_d1_4.png": {"intrinsics": {"fx": 1069.52, "fy": 1069.96, "cx": 618.287, "cy": 508.832}, "camera_to_world_matrix": [-0.74573, -0.00991787, 0.666175, -0.0930202, 0.666249, -0.00967727, 0.745668, 23.2065, -0.000948833, 0.999904, 0.013825, 1.54857, 0.0, 0.0, 0.0, 1.0]}, "0daf49767cb645798576ac58467a7356_d1_5.png": {"intrinsics": {"fx": 1069.52, "fy": 1069.96, "cx": 618.287, "cy": 508.832}, "camera_to_world_matrix": [0.203998, -0.0136607, 0.978876, -0.0941147, 0.978831, -0.0141117, -0.204185, 23.2098, 0.0166028, 0.999807, 0.0104933, 1.54858, 0.0, 0.0, 0.0, 1.0]}, "0daf49767cb645798576ac58467a7356_d2_0.png": {"intrinsics": {"fx": 1070.07, "fy": 1070.53, "cx": 629.118, "cy": 508.749}, "camera_to_world_matrix": [0.950048, -0.218242, 0.22311, -0.0957591, 0.311631, 0.624063, -0.716541, 23.2226, 0.0171445, 0.750277, 0.6609, 1.58192, 0.0, 0.0, 0.0, 1.0]}, "0daf49767cb645798576ac58467a7356_d2_1.png": {"intrinsics": {"fx": 1070.07, "fy": 1070.53, "cx": 629.118, "cy": 508.749}, "camera_to_world_matrix": [0.744984, 0.431029, -0.509129, -0.0815167, -0.667059, 0.487606, -0.563269, 23.2197, 0.00546937, 0.759246, 0.65078, 1.58211, 0.0, 0.0, 0.0, 1.0]}, "0daf49767cb645798576ac58467a7356_d2_2.png": {"intrinsics": {"fx": 1070.07, "fy": 1070.53, "cx": 629.118, "cy": 508.749}, "camera_to_world_matrix": [-0.205074, 0.637567, -0.742598, -0.0769663, -0.978671, -0.142942, 0.147544, 23.2059, -0.012079, 0.757018, 0.653281, 1.58207, 0.0, 0.0, 0.0, 1.0]}, "0daf49767cb645798576ac58467a7356_d2_3.png": {"intrinsics": {"fx": 1070.07, "fy": 1070.53, "cx": 629.118, "cy": 508.749}, "camera_to_world_matrix": [-0.950047, 0.194829, -0.243824, -0.0866584, -0.311587, -0.637018, 0.705068, 23.195, -0.0179519, 0.745821, 0.665903, 1.58182, 0.0, 0.0, 0.0, 1.0]}, "0daf49767cb645798576ac58467a7356_d2_4.png": {"intrinsics": {"fx": 1070.07, "fy": 1070.53, "cx": 629.118, "cy": 508.749}, "camera_to_world_matrix": [-0.744945, -0.454436, 0.48841, -0.100901, 0.667095, -0.500536, 0.551767, 23.198, -0.00627621, 0.736852, 0.676023, 1.58162, 0.0, 0.0, 0.0, 1.0]}, "0daf49767cb645798576ac58467a7356_d2_5.png": {"intrinsics": {"fx": 1070.07, "fy": 1070.53, "cx": 629.118, "cy": 508.749}, "camera_to_world_matrix": [0.205126, -0.660949, 0.721851, -0.105451, 0.97867, 0.13002, -0.159055, 23.2118, 0.0112721, 0.739081, 0.673521, 1.58167, 0.0, 0.0, 0.0, 1.0]}, "0e31d2cf016445c5b4adf1aceeed25c4_d0_0.png": {"intrinsics": {"fx": 1076.93, "fy": 1077.38, "cx": 636.03, "cy": 518.158}, "camera_to_world_matrix": [0.728844, 0.409902, 0.548422, -10.4912, 0.680056, -0.52633, -0.510393, -4.15399, 0.07944, 0.744955, -0.662369, 0.94055, 0.0, 0.0, 0.0, 1.0]}, "0e31d2cf016445c5b4adf1aceeed25c4_d0_1.png": {"intrinsics": {"fx": 1076.93, "fy": 1077.38, "cx": 636.03, "cy": 518.158}, "camera_to_world_matrix": [0.954961, -0.238475, -0.176578, -10.4771, -0.293397, -0.669875, -0.682046, -4.15068, 0.0443655, 0.703134, -0.709672, 0.94147, 0.0, 0.0, 0.0, 1.0]}, "0e31d2cf016445c5b4adf1aceeed25c4_d0_2.png": {"intrinsics": {"fx": 1076.93, "fy": 1077.38, "cx": 636.03, "cy": 518.158}, "camera_to_world_matrix": [0.225707, -0.688399, -0.689321, -10.4671, -0.973797, -0.179655, -0.139439, -4.16129, -0.02785, 0.702731, -0.71091, 0.941491, 0.0, 0.0, 0.0, 1.0]}, "0e31d2cf016445c5b4adf1aceeed25c4_d0_3.png": {"intrinsics": {"fx": 1076.93, "fy": 1077.38, "cx": 636.03, "cy": 518.158}, "camera_to_world_matrix": [-0.729647, -0.489935, -0.477052, -10.4713, -0.680729, 0.454099, 0.574807, -4.1752, -0.0649894, 0.744149, -0.664845, 0.940592, 0.0, 0.0, 0.0, 1.0]}, "0e31d2cf016445c5b4adf1aceeed25c4_d0_4.png": {"intrinsics": {"fx": 1076.93, "fy": 1077.38, "cx": 636.03, "cy": 518.158}, "camera_to_world_matrix": [-0.955726, 0.158448, 0.247956, -10.4855, 0.292734, 0.597618, 0.746431, -4.1785, -0.0299125, 0.785969, -0.617542, 0.939671, 0.0, 0.0, 0.0, 1.0]}, "0e31d2cf016445c5b4adf1aceeed25c4_d0_5.png": {"intrinsics": {"fx": 1076.93, "fy": 1077.38, "cx": 636.03, "cy": 518.158}, "camera_to_world_matrix": [-0.226446, 0.608352, 0.760678, -10.4954, 0.973105, 0.107381, 0.203805, -4.1679, 0.0423031, 0.78637, -0.616306, 0.93965, 0.0, 0.0, 0.0, 1.0]}, "0e31d2cf016445c5b4adf1aceeed25c4_d1_0.png": {"intrinsics": {"fx": 1069.52, "fy": 1069.96, "cx": 618.287, "cy": 508.832}, "camera_to_world_matrix": [0.726564, -0.0551268, 0.684885, -10.4855, 0.682756, -0.0539835, -0.72865, -4.16365, 0.0771405, 0.997019, -0.00158366, 0.973729, 0.0, 0.0, 0.0, 1.0]}, "0e31d2cf016445c5b4adf1aceeed25c4_d1_1.png": {"intrinsics": {"fx": 1069.52, "fy": 1069.96, "cx": 618.287, "cy": 508.832}, "camera_to_world_matrix": [0.956118, -0.0592177, -0.286936, -10.4821, -0.289915, -0.0498669, -0.955753, -4.16286, 0.0422887, 0.996999, -0.0648461, 0.97395, 0.0, 0.0, 0.0, 1.0]}, "0e31d2cf016445c5b4adf1aceeed25c4_d1_2.png": {"intrinsics": {"fx": 1069.52, "fy": 1069.96, "cx": 618.287, "cy": 508.832}, "camera_to_world_matrix": [0.229268, -0.0577082, -0.971652, -10.4797, -0.972904, -0.0442741, -0.226934, -4.16541, -0.0299232, 0.997352, -0.0662945, 0.973955, 0.0, 0.0, 0.0, 1.0]}, "0e31d2cf016445c5b4adf1aceeed25c4_d1_3.png": {"intrinsics": {"fx": 1069.52, "fy": 1069.96, "cx": 618.287, "cy": 508.832}, "camera_to_world_matrix": [-0.727121, -0.0521078, -0.68453, -10.4807, -0.683206, -0.042798, 0.728971, -4.16875, -0.0672818, 0.997724, -0.00448041, 0.973739, 0.0, 0.0, 0.0, 1.0]}, "0e31d2cf016445c5b4adf1aceeed25c4_d1_4.png": {"intrinsics": {"fx": 1069.52, "fy": 1069.96, "cx": 618.287, "cy": 508.832}, "camera_to_world_matrix": [-0.956637, -0.048017, 0.2873, -10.4841, 0.289475, -0.0469148, 0.956036, -4.16955, -0.0324275, 0.997745, 0.0587807, 0.973518, 0.0, 0.0, 0.0, 1.0]}, "0e31d2cf016445c5b4adf1aceeed25c4_d1_5.png": {"intrinsics": {"fx": 1069.52, "fy": 1069.96, "cx": 618.287, "cy": 508.832}, "camera_to_world_matrix": [-0.22976, -0.0495268, 0.971987, -10.4865, 0.972435, -0.0525075, 0.22719, -4.167, 0.0397845, 0.997392, 0.0602263, 0.973513, 0.0, 0.0, 0.0, 1.0]}, "0e31d2cf016445c5b4adf1aceeed25c4_d2_0.png": {"intrinsics": {"fx": 1070.07, "fy": 1070.53, "cx": 629.118, "cy": 508.749}, "camera_to_world_matrix": [0.727587, -0.493695, 0.476321, -10.4948, 0.682246, 0.448055, -0.577742, -4.15721, 0.0718106, 0.745326, 0.66282, 1.00688, 0.0, 0.0, 0.0, 1.0]}, "0e31d2cf016445c5b4adf1aceeed25c4_d2_1.png": {"intrinsics": {"fx": 1070.07, "fy": 1070.53, "cx": 629.118, "cy": 508.749}, "camera_to_world_matrix": [0.956109, 0.151352, -0.250892, -10.4807, -0.290677, 0.597749, -0.747129, -4.1539, 0.0368912, 0.787266, 0.615508, 1.0078, 0.0, 0.0, 0.0, 1.0]}, "0e31d2cf016445c5b4adf1aceeed25c4_d2_2.png": {"intrinsics": {"fx": 1070.07, "fy": 1070.53, "cx": 629.118, "cy": 508.749}, "camera_to_world_matrix": [0.228522, 0.604928, -0.762784, -10.4707, -0.972897, 0.113475, -0.201479, -4.16451, -0.035323, 0.788153, 0.614463, 1.00782, 0.0, 0.0, 0.0, 1.0]}, "0e31d2cf016445c5b4adf1aceeed25c4_d2_3.png": {"intrinsics": {"fx": 1070.07, "fy": 1070.53, "cx": 629.118, "cy": 508.749}, "camera_to_world_matrix": [-0.72757, 0.413445, -0.547452, -10.4749, -0.682178, -0.520483, 0.513546, -4.17841, -0.0726162, 0.747101, 0.660731, 1.00692, 0.0, 0.0, 0.0, 1.0]}, "0e31d2cf016445c5b4adf1aceeed25c4_d2_4.png": {"intrinsics": {"fx": 1070.07, "fy": 1070.53, "cx": 629.118, "cy": 508.749}, "camera_to_world_matrix": [-0.956055, -0.231608, 0.179768, -10.489, 0.290754, -0.670152, 0.682904, -4.18172, -0.0376943, 0.705162, 0.708042, 1.006, 0.0, 0.0, 0.0, 1.0]}, "0e31d2cf016445c5b4adf1aceeed25c4_d2_5.png": {"intrinsics": {"fx": 1070.07, "fy": 1070.53, "cx": 629.118, "cy": 508.749}, "camera_to_world_matrix": [-0.228441, -0.685165, 0.691639, -10.499, 0.972945, -0.185859, 0.137234, -4.17111, 0.03452, 0.704277, 0.709085, 1.00598, 0.0, 0.0, 0.0, 1.0]}, "0e7a7b8f99a84a719128d3d0982e9b59_d0_0.png": {"intrinsics": {"fx": 1076.93, "fy": 1077.38, "cx": 636.03, "cy": 518.158}, "camera_to_world_matrix": [0.710214, 0.485815, 0.509489, 9.51435, 0.702435, -0.441033, -0.558636, -5.45847, -0.0466925, 0.754635, -0.654482, 1.52901, 0.0, 0.0, 0.0, 1.0]}, "0e7a7b8f99a84a719128d3d0982e9b59_d0_1.png": {"intrinsics": {"fx": 1076.93, "fy": 1077.38, "cx": 636.03, "cy": 518.158}, "camera_to_world_matrix": [0.964517, -0.15877, -0.21095, 9.5284, -0.2639, -0.604011, -0.752015, -5.45474, -0.00801911, 0.781001, -0.624478, 1.52843, 0.0, 0.0, 0.0, 1.0]}, "0e7a7b8f99a84a719128d3d0982e9b59_d0_2.png": {"intrinsics": {"fx": 1076.93, "fy": 1077.38, "cx": 636.03, "cy": 518.158}, "camera_to_world_matrix": [0.254489, -0.623066, -0.73961, 9.53868, -0.965985, -0.127473, -0.224995, -5.46504, 0.0459069, 0.771712, -0.634314, 1.52862, 0.0, 0.0, 0.0, 1.0]}, "0e7a7b8f99a84a719128d3d0982e9b59_d0_3.png": {"intrinsics": {"fx": 1076.93, "fy": 1077.38, "cx": 636.03, "cy": 518.158}, "camera_to_world_matrix": [-0.709824, -0.442768, -0.547819, 9.5349, -0.701719, 0.512033, 0.495391, -5.47907, 0.0611581, 0.736056, -0.674152, 1.5294, 0.0, 0.0, 0.0, 1.0]}, "0e7a7b8f99a84a719128d3d0982e9b59_d0_4.png": {"intrinsics": {"fx": 1076.93, "fy": 1077.38, "cx": 636.03, "cy": 518.158}, "camera_to_world_matrix": [-0.964089, 0.201823, 0.172628, 9.52084, 0.264627, 0.674986, 0.688742, -5.4828, 0.022483, 0.709691, -0.704155, 1.52998, 0.0, 0.0, 0.0, 1.0]}, "0e7a7b8f99a84a719128d3d0982e9b59_d0_5.png": {"intrinsics": {"fx": 1076.93, "fy": 1077.38, "cx": 636.03, "cy": 518.158}, "camera_to_world_matrix": [-0.254034, 0.666102, 0.701267, 9.51057, 0.966684, 0.19843, 0.161702, -5.4725, -0.0314423, 0.718981, -0.694318, 1.52979, 0.0, 0.0, 0.0, 1.0]}, "0e7a7b8f99a84a719128d3d0982e9b59_d1_0.png": {"intrinsics": {"fx": 1069.52, "fy": 1069.96, "cx": 618.287, "cy": 508.832}, "camera_to_world_matrix": [0.707669, 0.0274708, 0.706011, 9.52311, 0.704841, 0.0419062, -0.708126, -5.46471, -0.0490391, 0.998744, 0.0102937, 1.56235, 0.0, 0.0, 0.0, 1.0]}, "0e7a7b8f99a84a719128d3d0982e9b59_d1_1.png": {"intrinsics": {"fx": 1069.52, "fy": 1069.96, "cx": 618.287, "cy": 508.832}, "camera_to_world_matrix": [0.965388, 0.023259, -0.259782, 9.52649, -0.260609, 0.0458985, -0.964353, -5.46382, -0.0105064, 0.998676, 0.0503719, 1.56221, 0.0, 0.0, 0.0, 1.0]}, "0e7a7b8f99a84a719128d3d0982e9b59_d1_2.png": {"intrinsics": {"fx": 1069.52, "fy": 1069.96, "cx": 618.287, "cy": 508.832}, "camera_to_world_matrix": [0.25784, 0.0246081, -0.965875, 9.52896, -0.96521, 0.0515348, -0.256349, -5.46629, 0.0434677, 0.998368, 0.0370403, 1.56226, 0.0, 0.0, 0.0, 1.0]}, "0e7a7b8f99a84a719128d3d0982e9b59_d1_3.png": {"intrinsics": {"fx": 1069.52, "fy": 1069.96, "cx": 618.287, "cy": 508.832}, "camera_to_world_matrix": [-0.707411, 