{"01cb3e6fb48a4a178834426cf4b340c4_d0_0.png": {"intrinsics": {"fx": 1076.18, "fy": 1076.17, "cx": 635.913, "cy": 508.831}, "camera_to_world_matrix": [0.950053, -0.193831, -0.244601, 7.31538, -0.311187, -0.647942, -0.695224, 6.78256, -0.0237318, 0.736616, -0.675895, 1.2438, 0.0, 0.0, 0.0, 1.0]}, "01cb3e6fb48a4a178834426cf4b340c4_d0_1.png": {"intrinsics": {"fx": 1076.18, "fy": 1076.17, "cx": 635.913, "cy": 508.831}, "camera_to_world_matrix": [0.205235, -0.63571, -0.744146, 7.3251, -0.978461, -0.150558, -0.14124, 6.77174, -0.0222493, 0.757104, -0.652916, 1.24335, 0.0, 0.0, 0.0, 1.0]}, "01cb3e6fb48a4a178834426cf4b340c4_d0_2.png": {"intrinsics": {"fx": 1076.18, "fy": 1076.17, "cx": 635.913, "cy": 508.831}, "camera_to_world_matrix": [-0.744743, -0.42571, -0.513936, 7.32058, -0.667332, 0.481012, 0.568592, 6.75791, 0.00515429, 0.76642, -0.642319, 1.24315, 0.0, 0.0, 0.0, 1.0]}, "01cb3e6fb48a4a178834426cf4b340c4_d0_3.png": {"intrinsics": {"fx": 1076.18, "fy": 1076.17, "cx": 635.913, "cy": 508.831}, "camera_to_world_matrix": [-0.949882, 0.226165, 0.215812, 7.30635, 0.311062, 0.615184, 0.724424, 6.7549, 0.0310748, 0.755248, -0.654702, 1.24339, 0.0, 0.0, 0.0, 1.0]}, "01cb3e6fb48a4a178834426cf4b340c4_d0_4.png": {"intrinsics": {"fx": 1076.18, "fy": 1076.17, "cx": 635.913, "cy": 508.831}, "camera_to_world_matrix": [-0.205038, 0.668025, 0.715335, 7.29663, 0.978307, 0.117783, 0.170421, 6.76572, 0.029591, 0.73476, -0.677682, 1.24384, 0.0, 0.0, 0.0, 1.0]}, "01cb3e6fb48a4a178834426cf4b340c4_d0_5.png": {"intrinsics": {"fx": 1076.18, "fy": 1076.17, "cx": 635.913, "cy": 508.831}, "camera_to_world_matrix": [0.744928, 0.458, 0.485098, 7.30115, 0.667142, -0.513779, -0.539402, 6.77955, 0.00218692, 0.725444, -0.688278, 1.24404, 0.0, 0.0, 0.0, 1.0]}, "01cb3e6fb48a4a178834426cf4b340c4_d1_0.png": {"intrinsics": {"fx": 1076.8, "fy": 1077.43, "cx": 640.818, "cy": 507.105}, "camera_to_world_matrix": [0.950515, 0.0165189, -0.310237, 7.31267, -0.310001, -0.0153319, -0.950612, 6.77133, -0.0204593, 0.999746, -0.00945324, 1.27688, 0.0, 0.0, 0.0, 1.0]}, "01cb3e6fb48a4a178834426cf4b340c4_d1_1.png": {"intrinsics": {"fx": 1076.8, "fy": 1077.43, "cx": 640.818, "cy": 507.105}, "camera_to_world_matrix": [0.20659, 0.0248082, -0.978113, 7.31501, -0.978242, -0.0141936, -0.206977, 6.76873, -0.0190174, 0.999591, 0.0213353, 1.27677, 0.0, 0.0, 0.0, 1.0]}, "01cb3e6fb48a4a178834426cf4b340c4_d1_2.png": {"intrinsics": {"fx": 1076.8, "fy": 1077.43, "cx": 640.818, "cy": 507.105}, "camera_to_world_matrix": [-0.74378, 0.0299352, -0.667752, 7.31392, -0.668371, -0.0208027, 0.743537, 6.7654, 0.00836711, 0.999335, 0.0354796, 1.27672, 0.0, 0.0, 0.0, 1.0]}, "01cb3e6fb48a4a178834426cf4b340c4_d1_3.png": {"intrinsics": {"fx": 1076.8, "fy": 1077.43, "cx": 640.818, "cy": 507.105}, "camera_to_world_matrix": [-0.950203, 0.0267728, 0.310477, 7.3105, 0.309734, -0.02855, 0.950394, 6.76468, 0.034309, 0.999233, 0.018835, 1.27678, 0.0, 0.0, 0.0, 1.0]}, "01cb3e6fb48a4a178834426cf4b340c4_d1_4.png": {"intrinsics": {"fx": 1076.8, "fy": 1077.43, "cx": 640.818, "cy": 507.105}, "camera_to_world_matrix": [-0.206252, 0.0184835, 0.978324, 7.30816, 0.977946, -0.029688, 0.206733, 6.76728, 0.0328659, 0.999388, -0.0119535, 1.27689, 0.0, 0.0, 0.0, 1.0]}, "01cb3e6fb48a4a178834426cf4b340c4_d1_5.png": {"intrinsics": {"fx": 1076.8, "fy": 1077.43, "cx": 640.818, "cy": 507.105}, "camera_to_world_matrix": [0.744106, 0.0133567, 0.667927, 7.30925, 0.668037, -0.0230787, -0.743769, 6.77061, 0.00548085, 0.999644, -0.0260967, 1.27694, 0.0, 0.0, 0.0, 1.0]}, "01cb3e6fb48a4a178834426cf4b340c4_d2_0.png": {"intrinsics": {"fx": 1071.95, "fy": 1072.43, "cx": 632.277, "cy": 504.461}, "camera_to_world_matrix": [0.95414, 0.210638, -0.212719, 7.31682, -0.298738, 0.624056, -0.722018, 6.7811, -0.0193359, 0.752453, 0.658363, 1.31027, 0.0, 0.0, 0.0, 1.0]}, "01cb3e6fb48a4a178834426cf4b340c4_d2_1.png": {"intrinsics": {"fx": 1071.95, "fy": 1072.43, "cx": 632.277, "cy": 504.461}, "camera_to_world_matrix": [0.218184, 0.667852, -0.711596, 7.32654, -0.975738, 0.135643, -0.171867, 6.77028, -0.0182588, 0.731829, 0.681244, 1.30982, 0.0, 0.0, 0.0, 1.0]}, "01cb3e6fb48a4a178834426cf4b340c4_d2_2.png": {"intrinsics": {"fx": 1071.95, "fy": 1072.43, "cx": 632.277, "cy": 504.461}, "camera_to_world_matrix": [-0.735791, 0.473282, -0.484373, 7.32202, -0.677151, -0.504718, 0.535469, 6.75645, 0.008956, 0.721986, 0.691851, 1.30962, 0.0, 0.0, 0.0, 1.0]}, "01cb3e6fb48a4a178834426cf4b340c4_d2_3.png": {"intrinsics": {"fx": 1071.95, "fy": 1072.43, "cx": 632.277, "cy": 504.461}, "camera_to_world_matrix": [-0.953787, -0.178498, 0.241722, 7.30779, 0.298429, -0.656653, 0.692639, 6.75344, 0.0350932, 0.732766, 0.679576, 1.30986, 0.0, 0.0, 0.0, 1.0]}, "01cb3e6fb48a4a178834426cf4b340c4_d2_4.png": {"intrinsics": {"fx": 1071.95, "fy": 1072.43, "cx": 632.277, "cy": 504.461}, "camera_to_world_matrix": [-0.217804, -0.635693, 0.740578, 7.29807, 0.9754, -0.168222, 0.142468, 6.76426, 0.0340149, 0.75339, 0.656695, 1.31031, 0.0, 0.0, 0.0, 1.0]}, "01cb3e6fb48a4a178834426cf4b340c4_d2_5.png": {"intrinsics": {"fx": 1071.95, "fy": 1072.43, "cx": 632.277, "cy": 504.461}, "camera_to_world_matrix": [0.736159, -0.441098, 0.513327, 7.30259, 0.676776, 0.472133, -0.564859, 6.77809, 0.00679947, 0.763233, 0.646089, 1.31051, 0.0, 0.0, 0.0, 1.0]}, "02536c70a99d4749bc290d1aa962ebc7_d0_0.png": {"intrinsics": {"fx": 1076.18, "fy": 1076.17, "cx": 635.913, "cy": 508.831}, "camera_to_world_matrix": [-0.0970525, 0.683424, 0.723543, 5.40073, 0.995182, 0.0564114, 0.0802053, 0.274044, 0.013998, 0.72784, -0.685605, 4.0133, 0.0, 0.0, 0.0, 1.0]}, "02536c70a99d4749bc290d1aa962ebc7_d0_1.png": {"intrinsics": {"fx": 1076.18, "fy": 1076.17, "cx": 635.913, "cy": 508.831}, "camera_to_world_matrix": [0.813113, 0.405823, 0.41732, 5.40673, 0.581921, -0.548564, -0.600372, 0.287301, -0.0147186, 0.731017, -0.6822, 4.01323, 0.0, 0.0, 0.0, 1.0]}, "02536c70a99d4749bc290d1aa962ebc7_d0_2.png": {"intrinsics": {"fx": 1076.18, "fy": 1076.17, "cx": 635.913, "cy": 508.831}, "camera_to_world_matrix": [0.910251, -0.256659, -0.324918, 5.42121, -0.413302, -0.610659, -0.675485, 0.288736, -0.0250448, 0.749149, -0.661928, 4.01284, 0.0, 0.0, 0.0, 1.0]}, "02536c70a99d4749bc290d1aa962ebc7_d0_3.png": {"intrinsics": {"fx": 1076.18, "fy": 1076.17, "cx": 635.913, "cy": 508.831}, "camera_to_world_matrix": [0.0972199, -0.641526, -0.760917, 5.42968, -0.995242, -0.067776, -0.0700172, 0.276915, -0.00665417, 0.764102, -0.645061, 4.01251, 0.0, 0.0, 0.0, 1.0]}, "02536c70a99d4749bc290d1aa962ebc7_d0_4.png": {"intrinsics": {"fx": 1076.18, "fy": 1076.17, "cx": 635.913, "cy": 508.831}, "camera_to_world_matrix": [-0.81293, -0.363902, -0.454667, 5.42369, -0.581945, 0.537189, 0.610549, 0.263658, 0.0220623, 0.760924, -0.648466, 4.01258, 0.0, 0.0, 0.0, 1.0]}, "02536c70a99d4749bc290d1aa962ebc7_d0_5.png": {"intrinsics": {"fx": 1076.18, "fy": 1076.17, "cx": 635.913, "cy": 508.831}, "camera_to_world_matrix": [-0.910028, 0.298583, 0.287574, 5.40921, 0.413282, 0.599257, 0.685632, 0.262223, 0.0323874, 0.742792, -0.668738, 4.01297, 0.0, 0.0, 0.0, 1.0]}, "02536c70a99d4749bc290d1aa962ebc7_d1_0.png": {"intrinsics": {"fx": 1076.8, "fy": 1077.43, "cx": 640.818, "cy": 507.105}, "camera_to_world_matrix": [-0.0982688, 0.0240838, 0.994868, 5.41266, 0.995009, -0.0149881, 0.0986454, 0.274881, 0.0172872, 0.999597, -0.0224916, 4.04624, 0.0, 0.0, 0.0, 1.0]}, "02536c70a99d4749bc290d1aa962ebc7_d1_1.png": {"intrinsics": {"fx": 1076.8, "fy": 1077.43, "cx": 640.818, "cy": 507.105}, "camera_to_world_matrix": [0.812423, 0.0197095, 0.582734, 5.4141, 0.582955, -0.00785604, -0.812466, 0.27807, -0.011435, 0.999774, -0.017873, 4.04622, 0.0, 0.0, 0.0, 1.0]}, "02536c70a99d4749bc290d1aa962ebc7_d1_2.png": {"intrinsics": {"fx": 1076.8, "fy": 1077.43, "cx": 640.818, "cy": 507.105}, "camera_to_world_matrix": [0.910868, 0.0236975, -0.412015, 5.41758, -0.41212, -0.000499092, -0.911129, 0.278415, -0.0217968, 0.999719, 0.00931073, 4.04613, 0.0, 0.0, 0.0, 1.0]}, "02536c70a99d4749bc290d1aa962ebc7_d1_3.png": {"intrinsics": {"fx": 1076.8, "fy": 1077.43, "cx": 640.818, "cy": 507.105}, "camera_to_world_matrix": [0.098619, 0.0320597, -0.994608, 5.41962, -0.995119, -0.000274329, -0.0986783, 0.275571, -0.0034362, 0.999485, 0.0318753, 4.04605, 0.0, 0.0, 0.0, 1.0]}, "02536c70a99d4749bc290d1aa962ebc7_d1_4.png": {"intrinsics": {"fx": 1076.8, "fy": 1077.43, "cx": 640.818, "cy": 507.105}, "camera_to_world_matrix": [-0.812057, 0.0364338, -0.582439, 5.41818, -0.583029, -0.00740652, 0.812417, 0.272382, 0.0252858, 0.999308, 0.0272556, 4.04606, 0.0, 0.0, 0.0, 1.0]}, "02536c70a99d4749bc290d1aa962ebc7_d1_5.png": {"intrinsics": {"fx": 1076.8, "fy": 1077.43, "cx": 640.818, "cy": 507.105}, "camera_to_world_matrix": [-0.910463, 0.0324455, 0.412315, 5.4147, 0.41205, -0.0147633, 0.911041, 0.272037, 0.0356465, 0.999364, 7.14227e-05, 4.04616, 0.0, 0.0, 0.0, 1.0]}, "02536c70a99d4749bc290d1aa962ebc7_d2_0.png": {"intrinsics": {"fx": 1071.95, "fy": 1072.43, "cx": 632.277, "cy": 504.461}, "camera_to_world_matrix": [-0.110019, -0.643461, 0.757532, 5.4026, 0.993757, -0.085447, 0.0717472, 0.273536, 0.0185622, 0.760696, 0.648844, 4.07977, 0.0, 0.0, 0.0, 1.0]}, "02536c70a99d4749bc290d1aa962ebc7_d2_1.png": {"intrinsics": {"fx": 1071.95, "fy": 1072.43, "cx": 632.277, "cy": 504.461}, "camera_to_world_matrix": [0.805486, -0.380235, 0.454549, 5.4086, 0.592528, 0.529958, -0.606676, 0.286793, -0.0102125, 0.758002, 0.652174, 4.07971, 0.0, 0.0, 0.0, 1.0]}, "02536c70a99d4749bc290d1aa962ebc7_d2_2.png": {"intrinsics": {"fx": 1071.95, "fy": 1072.43, "cx": 632.277, "cy": 504.461}, "camera_to_world_matrix": [0.915708, 0.284091, -0.284204, 5.42307, -0.401302, 0.609723, -0.683517, 0.288229, -0.0208956, 0.739953, 0.672335, 4.07931, 0.0, 0.0, 0.0, 1.0]}, "02536c70a99d4749bc290d1aa962ebc7_d2_3.png": {"intrinsics": {"fx": 1071.95, "fy": 1072.43, "cx": 632.277, "cy": 504.461}, "camera_to_world_matrix": [0.110423, 0.685177, -0.719958, 5.43155, -0.993882, 0.0740815, -0.0819336, 0.276408, -0.00280363, 0.7246, 0.689165, 4.07898, 0.0, 0.0, 0.0, 1.0]}, "02536c70a99d4749bc290d1aa962ebc7_d2_4.png": {"intrinsics": {"fx": 1071.95, "fy": 1072.43, "cx": 632.277, "cy": 504.461}, "camera_to_world_matrix": [-0.805067, 0.421928, -0.416949, 5.42555, -0.592617, -0.541313, 0.596478, 0.263151, 0.0259709, 0.727294, 0.685835, 4.07905, 0.0, 0.0, 0.0, 1.0]}, "02536c70a99d4749bc290d1aa962ebc7_d2_5.png": {"intrinsics": {"fx": 1071.95, "fy": 1072.43, "cx": 632.277, "cy": 504.461}, "camera_to_world_matrix": [-0.91525, -0.242401, 0.321808, 5.41108, 0.401218, -0.621052, 0.67329, 0.261716, 0.0366529, 0.745343, 0.665674, 4.07945, 0.0, 0.0, 0.0, 1.0]}, "06a5647528f6448f819428c191d8df72_d0_0.png": {"intrinsics": {"fx": 1076.18, "fy": 1076.17, "cx": 635.913, "cy": 508.831}, "camera_to_world_matrix": [-0.994441, -0.0776399, -0.0711393, 1.72321, -0.104759, 0.660816, 0.743202, 2.86996, -0.0106922, 0.746522, -0.665275, 1.08928, 0.0, 0.0, 0.0, 1.0]}, "06a5647528f6448f819428c191d8df72_d0_1.png": {"intrinsics": {"fx": 1076.18, "fy": 1076.17, "cx": 635.913, "cy": 508.831}, "camera_to_world_matrix": [-0.587968, 0.529332, 0.611639, 1.70991, 0.808879, 0.38771, 0.442038, 2.87586, -0.00315451, 0.754645, -0.656125, 1.0891, 0.0, 0.0, 0.0, 1.0]}, "06a5647528f6448f819428c191d8df72_d0_2.png": {"intrinsics": {"fx": 1076.18, "fy": 1076.17, "cx": 635.913, "cy": 508.831}, "camera_to_world_matrix": [0.406434, 0.59633, 0.692245, 1.70836, 0.913612, -0.274542, -0.299901, 2.89032, 0.0112105, 0.754333, -0.656397, 1.0891, 0.0, 0.0, 0.0, 1.0]}, "06a5647528f6448f819428c191d8df72_d0_3.png": {"intrinsics": {"fx": 1076.18, "fy": 1076.17, "cx": 635.913, "cy": 508.831}, "camera_to_world_matrix": [0.99434, 0.0563556, 0.0900709, 1.72012, 0.104706, -0.663674, -0.740658, 2.89889, 0.0180374, 0.745897, -0.665817, 1.08929, 0.0, 0.0, 0.0, 1.0]}, "06a5647528f6448f819428c191d8df72_d0_4.png": {"intrinsics": {"fx": 1076.18, "fy": 1076.17, "cx": 635.913, "cy": 508.831}, "camera_to_world_matrix": [0.587832, -0.550606, -0.592696, 1.73342, -0.808916, -0.390544, -0.439468, 2.89299, 0.0104991, 0.737774, -0.674967, 1.08947, 0.0, 0.0, 0.0, 1.0]}, "06a5647528f6448f819428c191d8df72_d0_5.png": {"intrinsics": {"fx": 1076.18, "fy": 1076.17, "cx": 635.913, "cy": 508.831}, "camera_to_world_matrix": [-0.406574, -0.617578, -0.673273, 1.73496, -0.913611, 0.271711, 0.302474, 2.87853, -0.00386579, 0.738087, -0.674695, 1.08946, 0.0, 0.0, 0.0, 1.0]}, "06a5647528f6448f819428c191d8df72_d1_0.png": {"intrinsics": {"fx": 1076.8, "fy": 1077.43, "cx": 640.818, "cy": 507.105}, "camera_to_world_matrix": [-0.99433, -0.00685663, -0.106111, 1.72156, -0.106072, -0.00584611, 0.994341, 2.88088, -0.00743791, 0.999959, 0.00508481, 1.12253, 0.0, 0.0, 0.0, 1.0]}, "06a5647528f6448f819428c191d8df72_d1_1.png": {"intrinsics": {"fx": 1076.8, "fy": 1077.43, "cx": 640.818, "cy": 507.105}, "camera_to_world_matrix": [-0.589068, -0.0139555, 0.807962, 1.71836, 0.808082, -0.0102762, 0.588978, 2.8823, 8.35685e-05, 0.999849, 0.0173297, 1.12248, 0.0, 0.0, 0.0, 1.0]}, "06a5647528f6448f819428c191d8df72_d1_2.png": {"intrinsics": {"fx": 1076.8, "fy": 1077.43, "cx": 640.818, "cy": 507.105}, "camera_to_world_matrix": [0.405177, -0.0213413, 0.913989, 1.71799, 0.914123, -0.00634267, -0.405385, 2.88578, 0.0144488, 0.999752, 0.0169378, 1.12249, 0.0, 0.0, 0.0, 1.0]}, "06a5647528f6448f819428c191d8df72_d1_3.png": {"intrinsics": {"fx": 1076.8, "fy": 1077.43, "cx": 640.818, "cy": 507.105}, "camera_to_world_matrix": [0.994136, -0.021628, 0.105939, 1.72082, 0.106007, 0.00202092, -0.994363, 2.88784, 0.0212922, 0.999763, 0.00430092, 1.12253, 0.0, 0.0, 0.0, 1.0]}, "06a5647528f6448f819428c191d8df72_d1_4.png": {"intrinsics": {"fx": 1076.8, "fy": 1077.43, "cx": 640.818, "cy": 507.105}, "camera_to_world_matrix": [0.588839, -0.0145289, -0.808119, 1.72402, -0.808132, 0.00645075, -0.588965, 2.88642, 0.0137703, 0.999873, -0.00794372, 1.12257, 0.0, 0.0, 0.0, 1.0]}, "06a5647528f6448f819428c191d8df72_d1_5.png": {"intrinsics": {"fx": 1076.8, "fy": 1077.43, "cx": 640.818, "cy": 507.105}, "camera_to_world_matrix": [-0.40541, -0.00714333, -0.914106, 1.72439, -0.914134, 0.0025169, 0.405403, 2.88294, -0.000594953, 0.999971, -0.00755121, 1.12257, 0.0, 0.0, 0.0, 1.0]}, "06a5647528f6448f819428c191d8df72_d2_0.png": {"intrinsics": {"fx": 1071.95, "fy": 1072.43, "cx": 632.277, "cy": 504.461}, "camera_to_world_matrix": [-0.993011, 0.0741111, -0.0918552, 1.72226, -0.117846, -0.665375, 0.737149, 2.86983, -0.00648734, 0.742822, 0.669459, 1.15577, 0.0, 0.0, 0.0, 1.0]}, "06a5647528f6448f819428c191d8df72_d2_1.png": {"intrinsics": {"fx": 1071.95, "fy": 1072.43, "cx": 632.277, "cy": 504.461}, "camera_to_world_matrix": [-0.598609, -0.543182, 0.588745, 1.70896, 0.801042, -0.406729, 0.43921, 2.87573, 0.000888507, 0.734524, 0.678584, 1.15559, 0.0, 0.0, 0.0, 1.0]}, "06a5647528f6448f819428c191d8df72_d2_2.png": {"intrinsics": {"fx": 1071.95, "fy": 1072.43, "cx": 632.277, "cy": 504.461}, "camera_to_world_matrix": [0.394303, -0.627863, 0.671054, 1.70742, 0.918854, 0.257234, -0.299229, 2.8902, 0.0152573, 0.734588, 0.678343, 1.1556, 0.0, 0.0, 0.0, 1.0]}, "06a5647528f6448f819428c191d8df72_d2_3.png": {"intrinsics": {"fx": 1071.95, "fy": 1072.43, "cx": 632.277, "cy": 504.461}, "camera_to_world_matrix": [0.992791, -0.0952491, 0.0727613, 1.71918, 0.117777, 0.662536, -0.739713, 2.89877, 0.0222499, 0.74295, 0.668978, 1.15578, 0.0, 0.0, 0.0, 1.0]}, "06a5647528f6448f819428c191d8df72_d2_4.png": {"intrinsics": {"fx": 1071.95, "fy": 1072.43, "cx": 632.277, "cy": 504.461}, "camera_to_world_matrix": [0.598353, 0.522034, -0.607827, 1.73247, -0.801095, 0.403866, -0.441747, 2.89287, 0.0148736, 0.751248, 0.659854, 1.15596, 0.0, 0.0, 0.0, 1.0]}, "06a5647528f6448f819428c191d8df72_d2_5.png": {"intrinsics": {"fx": 1071.95, "fy": 1072.43, "cx": 632.277, "cy": 504.461}, "camera_to_world_matrix": [-0.394564, 0.606689, -0.690107, 1.73402, -0.918869, -0.2601, 0.296696, 2.8784, 0.000504794, 0.751183, 0.660094, 1.15595, 0.0, 0.0, 0.0, 1.0]}, "071418244e994a8284a535fc136de090_d0_0.png": {"intrinsics": {"fx": 1076.18, "fy": 1076.17, "cx": 635.913, "cy": 508.831}, "camera_to_world_matrix": [-0.0116452, 0.653048, 0.757229, 2.57778, 0.999927, 0.00488291, 0.0111666, 6.73623, 0.00359467, 0.757302, -0.653055, 1.09211, 0.0, 0.0, 0.0, 1.0]}, "071418244e994a8284a535fc136de090_d0_1.png": {"intrinsics": {"fx": 1076.18, "fy": 1076.17, "cx": 635.913, "cy": 508.831}, "camera_to_world_matrix": [0.859995, 0.324587, 0.393769, 2.58489, 0.509984, -0.574039, -0.640623, 6.74893, 0.0181008, 0.751747, -0.659203, 1.09223, 0.0, 0.0, 0.0, 1.0]}, "071418244e994a8284a535fc136de090_d0_2.png": {"intrinsics": {"fx": 1076.18, "fy": 1076.17, "cx": 635.913, "cy": 508.831}, "camera_to_world_matrix": [0.871559, -0.340935, -0.352349, 2.59943, -0.489955, -0.578995, -0.651698, 6.74911, 0.0181783, 0.740628, -0.67167, 1.09247, 0.0, 0.0, 0.0, 1.0]}, "071418244e994a8284a535fc136de090_d0_3.png": {"intrinsics": {"fx": 1076.18, "fy": 1076.17, "cx": 635.913, "cy": 508.831}, "camera_to_world_matrix": [0.0114836, -0.677981, -0.734991, 2.60687, -0.999928, -0.00502978, -0.0109834, 6.73661, 0.00374955, 0.735063, -0.677989, 1.0926, 0.0, 0.0, 0.0, 1.0]}, "071418244e994a8284a535fc136de090_d0_4.png": {"intrinsics": {"fx": 1076.18, "fy": 1076.17, "cx": 635.913, "cy": 508.831}, "camera_to_world_matrix": [-0.860137, -0.349498, -0.371506, 2.59976, -0.509951, 0.573879, 0.640792, 6.72391, -0.0107563, 0.740618, -0.67184, 1.09248, 0.0, 0.0, 0.0, 1.0]}, "071418244e994a8284a535fc136de090_d0_5.png": {"intrinsics": {"fx": 1076.18, "fy": 1076.17, "cx": 635.913, "cy": 508.831}, "camera_to_world_matrix": [-0.871663, 0.316024, 0.374613, 2.58521, 0.489988, 0.57881, 0.651838, 6.72373, -0.0108331, 0.751738, -0.659373, 1.09223, 0.0, 0.0, 0.0, 1.0]}, "071418244e994a8284a535fc136de090_d1_0.png": {"intrinsics": {"fx": 1076.8, "fy": 1077.43, "cx": 640.818, "cy": 507.105}, "camera_to_world_matrix": [-0.0130155, -0.0213087, 0.999688, 2.58827, 0.999891, -0.00710329, 0.0128665, 6.73637, 0.00682714, 0.999747, 0.021398, 1.12554, 0.0, 0.0, 0.0, 1.0]}, "071418244e994a8284a535fc136de090_d1_1.png": {"intrinsics": {"fx": 1076.8, "fy": 1077.43, "cx": 640.818, "cy": 507.105}, "camera_to_world_matrix": [0.859252, -0.0250572, 0.510937, 2.58998, 0.511106, 0.00037851, -0.859518, 6.73943, 0.0213439, 0.999685, 0.0131312, 1.12557, 0.0, 0.0, 0.0, 1.0]}, "071418244e994a8284a535fc136de090_d1_2.png": {"intrinsics": {"fx": 1076.8, "fy": 1077.43, "cx": 640.818, "cy": 507.105}, "camera_to_world_matrix": [0.872133, -0.0204528, -0.488841, 2.59348, -0.488798, 0.00736604, -0.872365, 6.73947, 0.0214434, 0.999763, -0.003574, 1.12563, 0.0, 0.0, 0.0, 1.0]}, "071418244e994a8284a535fc136de090_d1_3.png": {"intrinsics": {"fx": 1076.8, "fy": 1077.43, "cx": 640.818, "cy": 507.105}, "camera_to_world_matrix": [0.0127451, -0.0121001, -0.999845, 2.59527, -0.999893, 0.00687161, -0.0128286, 6.73646, 0.00702603, 0.999903, -0.0120121, 1.12566, 0.0, 0.0, 0.0, 1.0]}, "071418244e994a8284a535fc136de090_d1_4.png": {"intrinsics": {"fx": 1076.8, "fy": 1077.43, "cx": 640.818, "cy": 507.105}, "camera_to_world_matrix": [-0.859504, -0.00835192, -0.51106, 2.59356, -0.511074, -0.000610332, 0.859536, 6.73341, -0.00749044, 0.999964, -0.00374473, 1.12563, 0.0, 0.0, 0.0, 1.0]}, "071418244e994a8284a535fc136de090_d1_5.png": {"intrinsics": {"fx": 1076.8, "fy": 1077.43, "cx": 640.818, "cy": 507.105}, "camera_to_world_matrix": [-0.872345, -0.0129566, 0.488718, 2.59006, 0.488831, -0.00759768, 0.872345, 6.73336, -0.00758924, 0.999887, 0.0129605, 1.12557, 0.0, 0.0, 0.0, 1.0]}, "071418244e994a8284a535fc136de090_d2_0.png": {"intrinsics": {"fx": 1071.95, "fy": 1072.43, "cx": 632.277, "cy": 504.461}, "camera_to_world_matrix": [-0.0248747, -0.681276, 0.731604, 2.57666, 0.999663, -0.0225031, 0.0130342, 6.73623, 0.00758333, 0.731681, 0.681606, 1.1586, 0.0, 0.0, 0.0, 1.0]}, "071418244e994a8284a535fc136de090_d2_1.png": {"intrinsics": {"fx": 1071.95, "fy": 1072.43, "cx": 632.277, "cy": 504.461}, "camera_to_world_matrix": [0.853117, -0.366248, 0.371558, 2.58378, 0.521249, 0.568045, -0.636887, 6.74892, 0.022197, 0.737013, 0.675515, 1.15872, 0.0, 0.0, 0.0, 1.0]}, "071418244e994a8284a535fc136de090_d2_2.png": {"intrinsics": {"fx": 1071.95, "fy": 1072.43, "cx": 632.277, "cy": 504.461}, "camera_to_world_matrix": [0.877841, 0.302624, -0.371235, 2.59832, -0.478426, 0.590449, -0.649984, 6.74911, 0.0224943, 0.74819, 0.663104, 1.15896, 0.0, 0.0, 0.0, 1.0]}, "071418244e994a8284a535fc136de090_d2_3.png": {"intrinsics": {"fx": 1071.95, "fy": 1072.43, "cx": 632.277, "cy": 504.461}, "camera_to_world_matrix": [0.0245725, 0.656454, -0.753966, 2.60576, -0.999666, 0.022305, -0.0131602, 6.7366, 0.00817803, 0.754036, 0.656783, 1.15909, 0.0, 0.0, 0.0, 1.0]}, "071418244e994a8284a535fc136de090_d2_4.png": {"intrinsics": {"fx": 1071.95, "fy": 1072.43, "cx": 632.277, "cy": 504.461}, "camera_to_world_matrix": [-0.853401, 0.341404, -0.393894, 2.59865, -0.521218, -0.568231, 0.636747, 6.72391, -0.00643531, 0.748704, 0.662874, 1.15897, 0.0, 0.0, 0.0, 1.0]}, "071418244e994a8284a535fc136de090_d2_5.png": {"intrinsics": {"fx": 1071.95, "fy": 1072.43, "cx": 632.277, "cy": 504.461}, "camera_to_world_matrix": [-0.878085, -0.32747, 0.3489, 2.5841, 0.478459, -0.590609, 0.649815, 6.72372, -0.006732, 0.737526, 0.675286, 1.15872, 0.0, 0.0, 0.0, 1.0]}, "0b107165285b48e5a2899b70cd478d92_d0_0.png": {"intrinsics": {"fx": 1076.18, "fy": 1076.17, "cx": 635.913, "cy": 508.831}, "camera_to_world_matrix": [-0.980012, 0.139724, 0.141617, 9.25451, 0.198691, 0.651686, 0.732003, -1.78521, 0.0099882, 0.745509, -0.666421, -1.95064, 0.0, 0.0, 0.0, 1.0]}, "0b107165285b48e5a2899b70cd478d92_d0_1.png": {"intrinsics": {"fx": 1076.18, "fy": 1076.17, "cx": 635.913, "cy": 508.831}, "camera_to_world_matrix": [-0.317912, 0.636724, 0.702506, 9.2436, 0.948103, 0.208914, 0.239703, -1.77559, 0.00586117, 0.742252, -0.670095, -1.95056, 0.0, 0.0, 0.0, 1.0]}, "0b107165285b48e5a2899b70cd478d92_d0_2.png": {"intrinsics": {"fx": 1076.18, "fy": 1076.17, "cx": 635.913, "cy": 508.831}, "camera_to_world_matrix": [0.66213, 0.501771, 0.556606, 9.24647, 0.74939, -0.442895, -0.4922, -1.76133, -0.000454193, 0.743015, -0.669275, -1.95058, 0.0, 0.0, 0.0, 1.0]}, "0b107165285b48e5a2899b70cd478d92_d0_3.png": {"intrinsics": {"fx": 1076.18, "fy": 1076.17, "cx": 635.913, "cy": 508.831}, "camera_to_world_matrix": [0.980051, -0.130179, -0.150181, 9.26026, -0.198731, -0.651917, -0.731787, -1.75669, -0.00264242, 0.747034, -0.664781, -1.95067, 0.0, 0.0, 0.0, 1.0]}, "0b107165285b48e5a2899b70cd478d92_d0_4.png": {"intrinsics": {"fx": 1076.18, "fy": 1076.17, "cx": 635.913, "cy": 508.831}, "camera_to_world_matrix": [0.317922, -0.627162, -0.711051, 9.27118, -0.948116, -0.209125, -0.239465, -1.76631, 0.00148478, 0.75029, -0.661107, -1.95074, 0.0, 0.0, 0.0, 1.0]}, "0b107165285b48e5a2899b70cd478d92_d0_5.png": {"intrinsics": {"fx": 1076.18, "fy": 1076.17, "cx": 635.913, "cy": 508.831}, "camera_to_world_matrix": [-0.662113, -0.492184, -0.565122, 9.2683, -0.749365, 0.442679, 0.492432, -1.78057, 0.00780014, 0.749528, -0.661927, -1.95072, 0.0, 0.0, 0.0, 1.0]}, "0b107165285b48e5a2899b70cd478d92_d1_0.png": {"intrinsics": {"fx": 1076.8, "fy": 1077.43, "cx": 640.818, "cy": 507.105}, "camera_to_world_matrix": [-0.980233, 0.012276, 0.19746, 9.25691, 0.197397, -0.00612764, 0.980304, -1.77439, 0.0132444, 0.999905, 0.00358241, -1.9174, 0.0, 0.0, 0.0, 1.0]}, "0b107165285b48e5a2899b70cd478d92_d1_1.png": {"intrinsics": {"fx": 1076.8, "fy": 1077.43, "cx": 640.818, "cy": 507.105}, "camera_to_world_matrix": [-0.319133, 0.00417383, 0.9477, 9.25428, 0.947665, -0.00822155, 0.319158, -1.77207, 0.00912392, 0.999957, -0.00133249, -1.91738, 0.0, 0.0, 0.0, 1.0]}, "0b107165285b48e5a2899b70cd478d92_d1_2.png": {"intrinsics": {"fx": 1076.8, "fy": 1077.43, "cx": 640.818, "cy": 507.105}, "camera_to_world_matrix": [0.661152, -0.0016905, 0.750249, 9.25497, 0.750246, -0.00225162, -0.661154, -1.76864, 0.00280721, 0.999996, -0.000221237, -1.91739, 0.0, 0.0, 0.0, 1.0]}, "0b107165285b48e5a2899b70cd478d92_d1_3.png": {"intrinsics": {"fx": 1076.8, "fy": 1077.43, "cx": 640.818, "cy": 507.105}, "camera_to_world_matrix": [0.980314, 0.000547447, -0.197438, 9.25829, -0.197437, 0.00581208, -0.980298, -1.76752, 0.000611113, 0.999982, 0.0058049, -1.91741, 0.0, 0.0, 0.0, 1.0]}, "0b107165285b48e5a2899b70cd478d92_d1_4.png": {"intrinsics": {"fx": 1076.8, "fy": 1077.43, "cx": 640.818, "cy": 507.105}, "camera_to_world_matrix": [0.319185, 0.00864967, -0.947652, 9.26092, -0.94768, 0.00790568, -0.319122, -1.76984, 0.00473178, 0.999931, 0.0107196, -1.91742, 0.0, 0.0, 0.0, 1.0]}, "0b107165285b48e5a2899b70cd478d92_d1_5.png": {"intrinsics": {"fx": 1076.8, "fy": 1077.43, "cx": 640.818, "cy": 507.105}, "camera_to_world_matrix": [-0.661092, 0.0145138, -0.750163, 9.26023, -0.750222, 0.00193552, 0.661182, -1.77327, 0.0110485, 0.999892, 0.00960814, -1.91742, 0.0, 0.0, 0.0, 1.0]}, "0b107165285b48e5a2899b70cd478d92_d2_0.png": {"intrinsics": {"fx": 1071.95, "fy": 1072.43, "cx": 632.277, "cy": 504.461}, "camera_to_world_matrix": [-0.982491, -0.11382, 0.147501, 9.25494, 0.185768, -0.658862, 0.728966, -1.78522, 0.0142113, 0.743603, 0.668471, -1.88414, 0.0, 0.0, 0.0, 1.0]}, "0b107165285b48e5a2899b70cd478d92_d2_1.png": {"intrinsics": {"fx": 1071.95, "fy": 1072.43, "cx": 632.277, "cy": 504.461}, "camera_to_world_matrix": [-0.33033, -0.625009, 0.707281, 9.24402, 0.943812, -0.226783, 0.240396, -1.7756, 0.0101494, 0.746949, 0.664805, -1.88407, 0.0, 0.0, 0.0, 1.0]}, "0b107165285b48e5a2899b70cd478d92_d2_2.png": {"intrinsics": {"fx": 1071.95, "fy": 1072.43, "cx": 632.277, "cy": 504.461}, "camera_to_world_matrix": [0.65222, -0.506411, 0.564055, 9.2469, 0.758021, 0.431967, -0.488681, -1.76134, 0.00381993, 0.746293, 0.665608, -1.88408, 0.0, 0.0, 0.0, 1.0]}, "0b107165285b48e5a2899b70cd478d92_d2_3.png": {"intrinsics": {"fx": 1071.95, "fy": 1072.43, "cx": 632.277, "cy": 504.461}, "camera_to_world_matrix": [0.982585, 0.123373, -0.138946, 9.26069, -0.185809, 0.658623, -0.729172, -1.7567, 0.00155264, 0.74229, 0.670077, -1.88417, 0.0, 0.0, 0.0, 1.0]}, "0b107165285b48e5a2899b70cd478d92_d2_4.png": {"intrinsics": {"fx": 1071.95, "fy": 1072.43, "cx": 632.277, "cy": 504.461}, "camera_to_world_matrix": [0.330394, 0.634545, -0.698707, 9.2716, -0.943827, 0.226524, -0.24058, -1.76632, 0.00561474, 0.738945, 0.673744, -1.88424, 0.0, 0.0, 0.0, 1.0]}, "0b107165285b48e5a2899b70cd478d92_d2_5.png": {"intrinsics": {"fx": 1071.95, "fy": 1072.43, "cx": 632.277, "cy": 504.461}, "camera_to_world_matrix": [-0.652148, 0.515921, -0.555454, 9.26873, -0.757998, -0.432221, 0.488491, -1.78058, 0.0119441, 0.739601, 0.67294, -1.88423, 0.0, 0.0, 0.0, 1.0]}, "0c17fd1d27164de4ad2274e6e0d64a89_d0_0.png": {"intrinsics": {"fx": 1076.18, "fy": 1076.17, "cx": 635.913, "cy": 508.831}, "camera_to_world_matrix": [0.547995, 0.554981, 0.625859, 9.35042, 0.83624, -0.345438, -0.425884, 1.66855, -0.0201627, 0.75675, -0.653394, 4.01834, 0.0, 0.0, 0.0, 1.0]}, "0c17fd1d27164de4ad2274e6e0d64a89_d0_1.png": {"intrinsics": {"fx": 1076.18, "fy": 1076.17, "cx": 635.913, "cy": 508.831}, "camera_to_world_matrix": [0.998403, -0.0405414, -0.0393545, 9.3634, -0.0562146, -0.642677, -0.764073, 1.67512, 0.00568423, 0.765065, -0.643929, 4.01816, 0.0, 0.0, 0.0, 1.0]}, "0c17fd1d27164de4ad2274e6e0d64a89_d0_2.png": {"intrinsics": {"fx": 1076.18, "fy": 1076.17, "cx": 635.913, "cy": 508.831}, "camera_to_world_matrix": [0.450385, -0.595815, -0.66495, 9.37558, -0.892347, -0.275768, -0.357309, 1.66717, 0.0295183, 0.754293, -0.655874, 4.01839, 0.0, 0.0, 0.0, 1.0]}, "0c17fd1d27164de4ad2274e6e0d64a89_d0_3.png": {"intrinsics": {"fx": 1076.18, "fy": 1076.17, "cx": 635.913, "cy": 508.831}, "camera_to_world_matrix": [-0.54803, -0.555554, -0.625319, 9.37478, -0.836007, 0.388372, 0.387634, 1.65264, 0.0275049, 0.735206, -0.677286, 4.01881, 0.0, 0.0, 0.0, 1.0]}, "0c17fd1d27164de4ad2274e6e0d64a89_d0_4.png": {"intrinsics": {"fx": 1076.18, "fy": 1076.17, "cx": 635.913, "cy": 508.831}, "camera_to_world_matrix": [-0.998404, 0.0399803, 0.0399072, 9.3618, 0.0564648, 0.685589, 0.725797, 1.64608, 0.00165748, 0.726892, -0.686751, 4.01899, 0.0, 0.0, 0.0, 1.0]}, "0c17fd1d27164de4ad2274e6e0d64a89_d0_5.png": {"intrinsics": {"fx": 1076.18, "fy": 1076.17, "cx": 635.913, "cy": 508.831}, "camera_to_world_matrix": [-0.450352, 0.59524, 0.665487, 9.34962, 0.892576, 0.318657, 0.319009, 1.65403, -0.0221759, 0.737664, -0.674804, 4.01876, 0.0, 0.0, 0.0, 1.0]}, "0c17fd1d27164de4ad2274e6e0d64a89_d1_0.png": {"intrinsics": {"fx": 1076.8, "fy": 1077.43, "cx": 640.818, "cy": 507.105}, "camera_to_world_matrix": [0.546881, -0.0081123, 0.83717, 9.35966, 0.837038, 0.0255191, -0.546548, 1.66347, -0.0169298, 0.999641, 0.0207454, 4.05175, 0.0, 0.0, 0.0, 1.0]}, "0c17fd1d27164de4ad2274e6e0d64a89_d1_1.png": {"intrinsics": {"fx": 1076.8, "fy": 1077.43, "cx": 640.818, "cy": 507.105}, "camera_to_world_matrix": [0.998456, -0.00705197, -0.0550746, 9.36278, -0.0548061, 0.0338167, -0.997924, 1.66505, 0.00890002, 0.999403, 0.0333772, 4.05171, 0.0, 0.0, 0.0, 1.0]}, "0c17fd1d27164de4ad2274e6e0d64a89_d1_2.png": {"intrinsics": {"fx": 1076.8, "fy": 1077.43, "cx": 640.818, "cy": 507.105}, "camera_to_world_matrix": [0.45155, 0.000667163, -0.892245, 9.36571, -0.891643, 0.0370476, -0.451218, 1.66313, 0.0327548, 0.999313, 0.0173229, 4.05177, 0.0, 0.0, 0.0, 1.0]}, "0c17fd1d27164de4ad2274e6e0d64a89_d1_3.png": {"intrinsics": {"fx": 1076.8, "fy": 1077.43, "cx": 640.818, "cy": 507.105}, "camera_to_world_matrix": [-0.546919, 0.00732579, -0.837152, 9.36552, -0.836618, 0.0319808, 0.546851, 1.65964, 0.0307792, 0.999461, -0.0113629, 4.05187, 0.0, 0.0, 0.0, 1.0]}, "0c17fd1d27164de4ad2274e6e0d64a89_d1_4.png": {"intrinsics": {"fx": 1076.8, "fy": 1077.43, "cx": 640.818, "cy": 507.105}, "camera_to_world_matrix": [-0.99846, 0.00626514, 0.0551099, 9.3624, 0.0552434, 0.0236832, 0.998191, 1.65806, 0.00494889, 0.999699, -0.0239937, 4.05191, 0.0, 0.0, 0.0, 1.0]}, "0c17fd1d27164de4ad2274e6e0d64a89_d1_5.png": {"intrinsics": {"fx": 1076.8, "fy": 1077.43, "cx": 640.818, "cy": 507.105}, "camera_to_world_matrix": [-0.45152, -0.00145412, 0.892259, 9.35946, 0.892059, 0.0204526, 0.451453, 1.65998, -0.0189052, 0.999789, -0.00793848, 4.05186, 0.0, 0.0, 0.0, 1.0]}, "0c17fd1d27164de4ad2274e6e0d64a89_d2_0.png": {"intrinsics": {"fx": 1071.95, "fy": 1072.43, "cx": 632.277, "cy": 504.461}, "camera_to_world_matrix": [0.536921, -0.568078, 0.623701, 9.35039, 0.843478, 0.375646, -0.383973, 1.67047, -0.0161643, 0.732241, 0.680854, 4.08481, 0.0, 0.0, 0.0, 1.0]}, "0c17fd1d27164de4ad2274e6e0d64a89_d2_1.png": {"intrinsics": {"fx": 1071.95, "fy": 1072.43, "cx": 632.277, "cy": 504.461}, "camera_to_world_matrix": [0.999032, 0.0227758, -0.0376363, 9.36338, -0.0429504, 0.690021, -0.722514, 1.67703, 0.00951386, 0.723431, 0.690332, 4.08463, 0.0, 0.0, 0.0, 1.0]}, "0c17fd1d27164de4ad2274e6e0d64a89_d2_2.png": {"intrinsics": {"fx": 1071.95, "fy": 1072.43, "cx": 632.277, "cy": 504.461}, "camera_to_world_matrix": [0.462085, 0.590561, -0.6616, 9.37556, -0.886201, 0.33572, -0.319282, 1.66908, 0.033557, 0.733846, 0.678488, 4.08486, 0.0, 0.0, 0.0, 1.0]}, "0c17fd1d27164de4ad2274e6e0d64a89_d2_3.png": {"intrinsics": {"fx": 1071.95, "fy": 1072.43, "cx": 632.277, "cy": 504.461}, "camera_to_world_matrix": [-0.53696, 0.56748, -0.624212, 9.37476, -0.843004, -0.332946, 0.422483, 1.65456, 0.0319214, 0.753069, 0.657167, 4.08528, 0.0, 0.0, 0.0, 1.0]}, "0c17fd1d27164de4ad2274e6e0d64a89_d2_4.png": {"intrinsics": {"fx": 1071.95, "fy": 1072.43, "cx": 632.277, "cy": 504.461}, "camera_to_world_matrix": [-0.999037, -0.0233864, 0.0371388, 9.36177, 0.0434427, -0.647298, 0.760998, 1.64799, 0.00624269, 0.761879, 0.647691, 4.08546, 0.0, 0.0, 0.0, 1.0]}, "0c17fd1d27164de4ad2274e6e0d64a89_d2_5.png": {"intrinsics": {"fx": 1071.95, "fy": 1072.43, "cx": 632.277, "cy": 504.461}, "camera_to_world_matrix": [-0.462057, -0.591158, 0.661087, 9.34959, 0.886672, -0.292975, 0.357741, 1.65594, -0.0177998, 0.751464, 0.659535, 4.08523, 0.0, 0.0, 0.0, 1.0]}, "0c77699c304d4126a7553456bda9da91_d0_0.png": {"intrinsics": {"fx": 1076.18, "fy": 1076.17, "cx": 635.913, "cy": 508.831}, "camera_to_world_matrix": [0.945343, 0.203451, 0.254828, 9.11803, 0.325475, -0.636396, -0.699334, 3.99733, 0.0198908, 0.744049, -0.667829, 1.1516, 0.0, 0.0, 0.0, 1.0]}, "0c77699c304d4126a7553456bda9da91_d0_1.png": {"intrinsics": {"fx": 1076.18, "fy": 1076.17, "cx": 635.913, "cy": 508.831}, "camera_to_world_matrix": [0.75461, -0.449365, -0.478161, 9.13231, -0.656113, -0.506663, -0.559294, 3.99457, 0.00906076, 0.735775, -0.677165, 1.15178, 0.0, 0.0, 0.0, 1.0]}, "0c77699c304d4126a7553456bda9da91_d0_2.png": {"intrinsics": {"fx": 1076.18, "fy": 1076.17, "cx": 635.913, "cy": 508.831}, "camera_to_world_matrix": [-0.190803, -0.663487, -0.723451, 9.13707, -0.981603, 0.123587, 0.145544, 3.98082, -0.00715769, 0.737911, -0.67486, 1.15173, 0.0, 0.0, 0.0, 1.0]}, "0c77699c304d4126a7553456bda9da91_d0_3.png": {"intrinsics": {"fx": 1076.18, "fy": 1076.17, "cx": 635.913, "cy": 508.831}, "camera_to_world_matrix": [-0.945461, -0.224788, -0.235748, 9.12754, -0.325498, 0.62409, 0.710327, 3.96983, -0.0125458, 0.748321, -0.663219, 1.15151, 0.0, 0.0, 0.0, 1.0]}, "0c77699c304d4126a7553456bda9da91_d0_4.png": {"intrinsics": {"fx": 1076.18, "fy": 1076.17, "cx": 635.913, "cy": 508.831}, "camera_to_world_matrix": [-0.754689, 0.428023, 0.497236, 9.11325, 0.656082, 0.494331, 0.570259, 3.97258, -0.00171529, 0.756594, -0.653883, 1.15132, 0.0, 0.0, 0.0, 1.0]}, "0c77699c304d4126a7553456bda9da91_d0_5.png": {"intrinsics": {"fx": 1076.18, "fy": 1076.17, "cx": 635.913, "cy": 508.831}, "camera_to_world_matrix": [0.190736, 0.64212, 0.742498, 9.1085, 0.981535, -0.135927, -0.13459, 3.98634, 0.0145031, 0.754458, -0.656188, 1.15137, 0.0, 0.0, 0.0, 1.0]}, "0c77699c304d4126a7553456bda9da91_d1_0.png": {"intrinsics": {"fx": 1076.8, "fy": 1077.43, "cx": 640.818, "cy": 507.105}, "camera_to_world_matrix": [0.944849, -0.0223922, 0.326739, 9.12116, 0.326686, -0.00607723, -0.945113, 3.98661, 0.0231491, 0.99973, 0.00157229, 1.18481, 0.0, 0.0, 0.0, 1.0]}, "0c77699c304d4126a7553456bda9da91_d1_1.png": {"intrinsics": {"fx": 1076.8, "fy": 1077.43, "cx": 640.818, "cy": 507.105}, "camera_to_world_matrix": [0.755412, -0.0164707, -0.655043, 9.1246, -0.655134, -0.000165413, -0.755512, 3.98595, 0.0123357, 0.999864, -0.0109163, 1.18485, 0.0, 0.0, 0.0, 1.0]}, "0c77699c304d4126a7553456bda9da91_d1_2.png": {"intrinsics": {"fx": 1076.8, "fy": 1077.43, "cx": 640.818, "cy": 507.105}, "camera_to_world_matrix": [-0.189554, -0.0083899, -0.981834, 9.12574, -0.981862, -0.00233876, 0.189579, 3.98264, -0.00388658, 0.999962, -0.00779528, 1.18484, 0.0, 0.0, 0.0, 1.0]}, "0c77699c304d4126a7553456bda9da91_d1_3.png": {"intrinsics": {"fx": 1076.8, "fy": 1077.43, "cx": 640.818, "cy": 507.105}, "camera_to_world_matrix": [-0.94506, -0.00623084, -0.326836, 9.12345, -0.326763, -0.0104239, 0.945049, 3.97999, -0.0092951, 0.999926, 0.00781432, 1.18479, 0.0, 0.0, 0.0, 1.0]}, "0c77699c304d4126a7553456bda9da91_d1_4.png": {"intrinsics": {"fx": 1076.8, "fy": 1077.43, "cx": 640.818, "cy": 507.105}, "camera_to_world_matrix": [-0.755584, -0.0121526, 0.654938, 9.12002, 0.655049, -0.0163355, 0.755409, 3.98066, 0.00151878, 0.999792, 0.0203025, 1.18474, 0.0, 0.0, 0.0, 1.0]}, "0c77699c304d4126a7553456bda9da91_d1_5.png": {"intrinsics": {"fx": 1076.8, "fy": 1077.43, "cx": 640.818, "cy": 507.105}, "camera_to_world_matrix": [0.189394, -0.0202333, 0.981693, 9.11887, 0.98174, -0.0141618, -0.189695, 3.98397, 0.0177409, 0.999694, 0.0171808, 1.18475, 0.0, 0.0, 0.0, 1.0]}, "0c77699c304d4126a7553456bda9da91_d2_0.png": {"intrinsics": {"fx": 1071.95, "fy": 1072.43, "cx": 632.277, "cy": 504.461}, "camera_to_world_matrix": [0.940892, -0.242379, 0.236595, 9.11708, 0.33785, 0.621802, -0.706556, 3.99678, 0.0241389, 0.744725, 0.666936, 1.21809, 0.0, 0.0, 0.0, 1.0]}, "0c77699c304d4126a7553456bda9da91_d2_1.png": {"intrinsics": {"fx": 1071.95, "fy": 1072.43, "cx": 632.277, "cy": 504.461}, "camera_to_world_matrix": [0.7631, 0.417244, -0.493546, 9.13136, -0.646142, 0.508478, -0.569169, 3.99402, 0.0134743, 0.753232, 0.657618, 1.21827, 0.0, 0.0, 0.0, 1.0]}, "0c77699c304d4126a7553456bda9da91_d2_2.png": {"intrinsics": {"fx": 1071.95, "fy": 1072.43, "cx": 632.277, "cy": 504.461}, "camera_to_world_matrix": [-0.177922, 0.648981, -0.739709, 9.13612, -0.984042, -0.119465, 0.131878, 3.98027, -0.00278374, 0.751367, 0.659879, 1.21822, 0.0, 0.0, 0.0, 1.0]}, "0c77699c304d4126a7553456bda9da91_d2_3.png": {"intrinsics": {"fx": 1071.95, "fy": 1072.43, "cx": 632.277, "cy": 504.461}, "camera_to_world_matrix": [-0.941131, 0.221088, -0.255726, 9.12659, -0.337943, -0.634071, 0.695521, 3.96928, -0.00837674, 0.740996, 0.671458, 1.218, 0.0, 0.0, 0.0, 1.0]}, "0c77699c304d4126a7553456bda9da91_d2_4.png": {"intrinsics": {"fx": 1071.95, "fy": 1072.43, "cx": 632.277, "cy": 504.461}, "camera_to_world_matrix": [-0.7633, -0.438531, 0.47441, 9.1123, 0.646041, -0.520721, 0.558106, 3.97204, 0.00228834, 0.73249, 0.680775, 1.21781, 0.0, 0.0, 0.0, 1.0]}, "0c77699c304d4126a7553456bda9da91_d2_5.png": {"intrinsics": {"fx": 1071.95, "fy": 1072.43, "cx": 632.277, "cy": 504.461}, "camera_to_world_matrix": [0.177735, -0.670243, 0.720546, 9.10755, 0.983905, 0.107231, -0.142951, 3.98579, 0.0185462, 0.734355, 0.678513, 1.21786, 0.0, 0.0, 0.0, 1.0]}, "0ce7a1fe811a44d98744e968d9b44dc4_d0_0.png": {"intrinsics": {"fx": 1076.18, "fy": 1076.17, "cx": 635.913, "cy": 508.831}, "camera_to_world_matrix": [0.317669, -0.642694, -0.69716, 2.38396, -0.947867, -0.195677, -0.251517, 7.34004, 0.0252307, 0.740713, -0.671348, 3.98443, 0.0, 0.0, 0.0, 1.0]}, "0ce7a1fe811a44d98744e968d9b44dc4_d0_1.png": {"intrinsics": {"fx": 1076.18, "fy": 1076.17, "cx": 635.913, "cy": 508.831}, "camera_to_world_matrix": [-0.662253, -0.507624, -0.551127, 2.38108, -0.749244, 0.456036, 0.480277, 7.32578, 0.00753308, 0.730993, -0.682344, 3.98465, 0.0, 0.0, 0.0, 1.0]}, "0ce7a1fe811a44d98744e968d9b44dc4_d0_2.png": {"intrinsics": {"fx": 1076.18, "fy": 1076.17, "cx": 635.913, "cy": 508.831}, "camera_to_world_matrix": [-0.97996, 0.124315, 0.155648, 2.36729, 0.198705, 0.665062, 0.719868, 7.32113, -0.0140257, 0.736369, -0.676435, 3.98453, 0.0, 0.0, 0.0, 1.0]}, "0ce7a1fe811a44d98744e968d9b44dc4_d0_3.png": {"intrinsics": {"fx": 1076.18, "fy": 1076.17, "cx": 635.913, "cy": 508.831}, "camera_to_world_matrix": [-0.317738, 0.621169, 0.716375, 2.35638, 0.948011, 0.222371, 0.227659, 7.33075, -0.0178864, 0.751466, -0.659529, 3.9842, 0.0, 0.0, 0.0, 1.0]}, "0ce7a1fe811a44d98744e968d9b44dc4_d0_4.png": {"intrinsics": {"fx": 1076.18, "fy": 1076.17, "cx": 635.913, "cy": 508.831}, "camera_to_world_matrix": [0.662176, 0.486074, 0.570313, 2.35926, 0.74935, -0.429336, -0.50413, 7.34501, -0.00018827, 0.761186, -0.648534, 3.98399, 0.0, 0.0, 0.0, 1.0]}, "0ce7a1fe811a44d98744e968d9b44dc4_d0_5.png": {"intrinsics": {"fx": 1076.18, "fy": 1076.17, "cx": 635.913, "cy": 508.831}, "camera_to_world_matrix": [0.979846, -0.145874, -0.136471, 2.37304, -0.198612, -0.638338, -0.743693, 7.34966, 0.0213702, 0.755809, -0.654444, 3.9841, 0.0, 0.0, 0.0, 1.0]}, "0ce7a1fe811a44d98744e968d9b44dc4_d1_0.png": {"intrinsics": {"fx": 1076.8, "fy": 1077.43, "cx": 640.818, "cy": 507.105}, "camera_to_world_matrix": [0.318864, -0.0121873, -0.947722, 2.373, -0.947371, 0.0259632, -0.31908, 7.33711, 0.0284948, 0.999588, -0.00326804, 4.01758, 0.0, 0.0, 0.0, 1.0]}, "0ce7a1fe811a44d98744e968d9b44dc4_d1_1.png": {"intrinsics": {"fx": 1076.8, "fy": 1077.43, "cx": 640.818, "cy": 507.105}, "camera_to_world_matrix": [-0.6613, -0.00632461, -0.750094, 2.37231, -0.750042, 0.0199945, 0.661087, 7.33368, 0.0108169, 0.99978, -0.017967, 4.01764, 0.0, 0.0, 0.0, 1.0]}, "0ce7a1fe811a44d98744e968d9b44dc4_d1_2.png": {"intrinsics": {"fx": 1076.8, "fy": 1077.43, "cx": 640.818, "cy": 507.105}, "camera_to_world_matrix": [-0.980249, -0.00856396, 0.197577, 2.369, 0.19747, 0.011932, 0.980236, 7.33256, -0.0107519, 0.999892, -0.0100061, 4.01761, 0.0, 0.0, 0.0, 1.0]}, "0ce7a1fe811a44d98744e968d9b44dc4_d1_3.png": {"intrinsics": {"fx": 1076.8, "fy": 1077.43, "cx": 640.818, "cy": 507.105}, "camera_to_world_matrix": [-0.319027, -0.0166659, 0.947599, 2.36637, 0.947632, 0.00983824, 0.319211, 7.33487, -0.0146424, 0.999812, 0.0126536, 4.01753, 0.0, 0.0, 0.0, 1.0]}, "0ce