{"00862e7575f6408ba95204f85ee7f3da_d0_0.png": {"intrinsics": {"fx": 1074.54, "fy": 1075.05, "cx": 635.04, "cy": 507.238}, "camera_to_world_matrix": [0.93061, -0.23779, -0.278246, -9.77739, -0.365608, -0.639652, -0.676149, 7.01162, -0.0171993, 0.73096, -0.682204, 6.06162, 0.0, 0.0, 0.0, 1.0]}, "00862e7575f6408ba95204f85ee7f3da_d0_1.png": {"intrinsics": {"fx": 1074.54, "fy": 1075.05, "cx": 635.04, "cy": 507.238}, "camera_to_world_matrix": [0.148474, -0.642937, -0.75139, -9.7682, -0.988546, -0.117288, -0.0949768, 7.00036, -0.0270652, 0.756885, -0.652987, 6.06105, 0.0, 0.0, 0.0, 1.0]}, "00862e7575f6408ba95204f85ee7f3da_d0_2.png": {"intrinsics": {"fx": 1074.54, "fy": 1075.05, "cx": 635.04, "cy": 507.238}, "camera_to_world_matrix": [-0.781945, -0.392666, -0.484124, -9.77337, -0.623345, 0.494846, 0.605448, 6.98676, 0.00182766, 0.775203, -0.631709, 6.06064, 0.0, 0.0, 0.0, 1.0]}, "00862e7575f6408ba95204f85ee7f3da_d0_3.png": {"intrinsics": {"fx": 1074.54, "fy": 1075.05, "cx": 635.04, "cy": 507.238}, "camera_to_world_matrix": [-0.930207, 0.262746, 0.256281, -9.78773, 0.364785, 0.584604, 0.724686, 6.98443, 0.0405857, 0.767595, -0.639649, 6.06079, 0.0, 0.0, 0.0, 1.0]}, "00862e7575f6408ba95204f85ee7f3da_d0_4.png": {"intrinsics": {"fx": 1074.54, "fy": 1075.05, "cx": 635.04, "cy": 507.238}, "camera_to_world_matrix": [-0.148047, 0.667873, 0.729402, -9.79692, 0.987693, 0.0622249, 0.143496, 6.9957, 0.0504501, 0.741669, -0.668866, 6.06136, 0.0, 0.0, 0.0, 1.0]}, "00862e7575f6408ba95204f85ee7f3da_d0_5.png": {"intrinsics": {"fx": 1074.54, "fy": 1075.05, "cx": 635.04, "cy": 507.238}, "camera_to_world_matrix": [0.782358, 0.417578, 0.462108, -9.79175, 0.622456, -0.5499, -0.556919, 7.00929, 0.0215561, 0.723352, -0.690143, 6.06177, 0.0, 0.0, 0.0, 1.0]}, "00862e7575f6408ba95204f85ee7f3da_d1_0.png": {"intrinsics": {"fx": 1071.96, "fy": 1072.39, "cx": 632.465, "cy": 510.934}, "camera_to_world_matrix": [0.934709, 0.00778696, -0.355332, -9.78077, -0.354974, -0.0294809, -0.934412, 7.00008, -0.017752, 0.999535, -0.0247909, 6.09452, 0.0, 0.0, 0.0, 1.0]}, "00862e7575f6408ba95204f85ee7f3da_d1_1.png": {"intrinsics": {"fx": 1071.96, "fy": 1072.39, "cx": 632.465, "cy": 510.934}, "camera_to_world_matrix": [0.1597, 0.0184608, -0.986993, -9.77855, -0.986767, -0.025436, -0.16014, 6.99737, -0.0280617, 0.999506, 0.0141554, 6.09439, 0.0, 0.0, 0.0, 1.0]}, "00862e7575f6408ba95204f85ee7f3da_d1_2.png": {"intrinsics": {"fx": 1071.96, "fy": 1072.39, "cx": 632.465, "cy": 510.934}, "camera_to_world_matrix": [-0.774832, 0.0272969, -0.631579, -9.7798, -0.632169, -0.0326504, 0.774143, 6.9941, 0.000510181, 0.999094, 0.0425557, 6.09429, 0.0, 0.0, 0.0, 1.0]}, "00862e7575f6408ba95204f85ee7f3da_d1_3.png": {"intrinsics": {"fx": 1071.96, "fy": 1072.39, "cx": 632.465, "cy": 510.934}, "camera_to_world_matrix": [-0.934335, 0.025459, 0.355488, -9.78325, 0.354216, -0.0439095, 0.934133, 6.99354, 0.0393911, 0.998711, 0.0320092, 6.09433, 0.0, 0.0, 0.0, 1.0]}, "00862e7575f6408ba95204f85ee7f3da_d1_4.png": {"intrinsics": {"fx": 1071.96, "fy": 1072.39, "cx": 632.465, "cy": 510.934}, "camera_to_world_matrix": [-0.159302, 0.0147849, 0.98712, -9.78546, 0.985979, -0.0479541, 0.159836, 6.99625, 0.0496993, 0.998741, -0.00693747, 6.09446, 0.0, 0.0, 0.0, 1.0]}, "00862e7575f6408ba95204f85ee7f3da_d1_5.png": {"intrinsics": {"fx": 1071.96, "fy": 1072.39, "cx": 632.465, "cy": 510.934}, "camera_to_world_matrix": [0.775217, 0.00594912, 0.631669, -9.78422, 0.631344, -0.0407393, -0.774433, 6.99952, 0.0211263, 0.999152, -0.0353367, 6.09456, 0.0, 0.0, 0.0, 1.0]}, "00862e7575f6408ba95204f85ee7f3da_d2_0.png": {"intrinsics": {"fx": 1075.41, "fy": 1075.69, "cx": 631.948, "cy": 513.074}, "camera_to_world_matrix": [0.936598, 0.239054, -0.256191, -9.77629, -0.349912, 0.599545, -0.719795, 7.00918, -0.0184717, 0.763805, 0.64518, 6.12806, 0.0, 0.0, 0.0, 1.0]}, "00862e7575f6408ba95204f85ee7f3da_d2_1.png": {"intrinsics": {"fx": 1075.41, "fy": 1075.69, "cx": 631.948, "cy": 513.074}, "camera_to_world_matrix": [0.164995, 0.668797, -0.724905, -9.76709, -0.985866, 0.0902287, -0.141147, 6.99791, -0.0289909, 0.737949, 0.67423, 6.12749, 0.0, 0.0, 0.0, 1.0]}, "00862e7575f6408ba95204f85ee7f3da_d2_2.png": {"intrinsics": {"fx": 1075.41, "fy": 1075.69, "cx": 631.948, "cy": 513.074}, "camera_to_world_matrix": [-0.771441, 0.442115, -0.457612, -9.77227, -0.636297, -0.536664, 0.554181, 6.98432, -0.000572006, 0.718696, 0.695321, 6.12708, 0.0, 0.0, 0.0, 1.0]}, "00862e7575f6408ba95204f85ee7f3da_d2_3.png": {"intrinsics": {"fx": 1075.41, "fy": 1075.69, "cx": 631.948, "cy": 513.074}, "camera_to_world_matrix": [-0.936253, -0.214304, 0.278389, -9.78663, 0.349218, -0.654227, 0.670844, 6.98199, 0.0383653, 0.7253, 0.68736, 6.12723, 0.0, 0.0, 0.0, 1.0]}, "00862e7575f6408ba95204f85ee7f3da_d2_4.png": {"intrinsics": {"fx": 1075.41, "fy": 1075.69, "cx": 631.948, "cy": 513.074}, "camera_to_world_matrix": [-0.164625, -0.644026, 0.74708, -9.79582, 0.985142, -0.144894, 0.0921774, 6.99326, 0.0488829, 0.751156, 0.658309, 6.1278, 0.0, 0.0, 0.0, 1.0]}, "00862e7575f6408ba95204f85ee7f3da_d2_5.png": {"intrinsics": {"fx": 1075.41, "fy": 1075.69, "cx": 631.948, "cy": 513.074}, "camera_to_world_matrix": [0.771797, -0.41732, 0.47976, -9.79065, 0.635536, 0.481991, -0.60314, 7.00685, 0.020463, 0.770408, 0.63722, 6.12821, 0.0, 0.0, 0.0, 1.0]}, "0308a6e3a40a42f294b2dfc9b066b080_d0_0.png": {"intrinsics": {"fx": 1074.54, "fy": 1075.05, "cx": 635.04, "cy": 507.238}, "camera_to_world_matrix": [-0.987715, -0.0961489, -0.123189, -7.28785, -0.156019, 0.651285, 0.742621, 9.47574, 0.00882863, 0.752718, -0.658284, 1.62548, 0.0, 0.0, 0.0, 1.0]}, "0308a6e3a40a42f294b2dfc9b066b080_d0_1.png": {"intrinsics": {"fx": 1074.54, "fy": 1075.05, "cx": 635.04, "cy": 507.238}, "camera_to_world_matrix": [-0.628939, 0.51817, 0.579599, -7.30149, 0.777329, 0.40574, 0.480764, 9.48081, 0.0139513, 0.752911, -0.657974, 1.62548, 0.0, 0.0, 0.0, 1.0]}, "0308a6e3a40a42f294b2dfc9b066b080_d0_2.png": {"intrinsics": {"fx": 1074.54, "fy": 1075.05, "cx": 635.04, "cy": 507.238}, "camera_to_world_matrix": [0.358764, 0.612677, 0.704213, -7.30392, 0.933277, -0.249043, -0.25879, 9.49515, 0.0168246, 0.75007, -0.661144, 1.62554, 0.0, 0.0, 0.0, 1.0]}, "0308a6e3a40a42f294b2dfc9b066b080_d0_3.png": {"intrinsics": {"fx": 1074.54, "fy": 1075.05, "cx": 635.04, "cy": 507.238}, "camera_to_world_matrix": [0.98767, 0.0928621, 0.126036, -7.29271, 0.155872, -0.658266, -0.736471, 9.50443, 0.0145752, 0.747036, -0.664624, 1.62561, 0.0, 0.0, 0.0, 1.0]}, "0308a6e3a40a42f294b2dfc9b066b080_d0_4.png": {"intrinsics": {"fx": 1074.54, "fy": 1075.05, "cx": 635.04, "cy": 507.238}, "camera_to_world_matrix": [0.628858, -0.521447, -0.576741, -7.27907, -0.777463, -0.412697, -0.474587, 9.49936, 0.00945253, 0.746843, -0.664934, 1.62561, 0.0, 0.0, 0.0, 1.0]}, "0308a6e3a40a42f294b2dfc9b066b080_d0_5.png": {"intrinsics": {"fx": 1074.54, "fy": 1075.05, "cx": 635.04, "cy": 507.238}, "camera_to_world_matrix": [-0.358851, -0.615928, -0.701326, -7.27664, -0.933372, 0.242089, 0.264973, 9.48502, 0.00657936, 0.749684, -0.661764, 1.62555, 0.0, 0.0, 0.0, 1.0]}, "0308a6e3a40a42f294b2dfc9b066b080_d1_0.png": {"intrinsics": {"fx": 1071.96, "fy": 1072.39, "cx": 632.465, "cy": 510.934}, "camera_to_world_matrix": [-0.985885, 0.00910513, -0.167183, -7.28977, -0.167243, -0.00640278, 0.985895, 9.48648, 0.00790601, 0.999938, 0.00783615, 1.65878, 0.0, 0.0, 0.0, 1.0]}, "0308a6e3a40a42f294b2dfc9b066b080_d1_1.png": {"intrinsics": {"fx": 1071.96, "fy": 1072.39, "cx": 632.465, "cy": 510.934}, "camera_to_world_matrix": [-0.637747, 0.00194935, 0.770244, -7.29305, 0.770137, -0.0152958, 0.637697, 9.4877, 0.0130243, 0.999882, 0.00825455, 1.65878, 0.0, 0.0, 0.0, 1.0]}, "0308a6e3a40a42f294b2dfc9b066b080_d1_2.png": {"intrinsics": {"fx": 1071.96, "fy": 1072.39, "cx": 632.465, "cy": 510.934}, "camera_to_world_matrix": [0.348128, -0.0093302, 0.937401, -7.29363, 0.937312, -0.013545, -0.348229, 9.49115, 0.0159459, 0.999865, 0.00403088, 1.65879, 0.0, 0.0, 0.0, 1.0]}, "0308a6e3a40a42f294b2dfc9b066b080_d1_3.png": {"intrinsics": {"fx": 1071.96, "fy": 1072.39, "cx": 632.465, "cy": 510.934}, "camera_to_world_matrix": [0.985844, -0.0134537, 0.167129, -7.29094, 0.167104, -0.00290131, -0.985935, 9.49338, 0.0137491, 0.999906, -0.000611087, 1.65881, 0.0, 0.0, 0.0, 1.0]}, "0308a6e3a40a42f294b2dfc9b066b080_d1_4.png": {"intrinsics": {"fx": 1071.96, "fy": 1072.39, "cx": 632.465, "cy": 510.934}, "camera_to_world_matrix": [0.63767, -0.00629761, -0.770284, -7.28766, -0.770262, 0.00599141, -0.6377, 9.49216, 0.00863081, 0.999963, -0.00102929, 1.65881, 0.0, 0.0, 0.0, 1.0]}, "0308a6e3a40a42f294b2dfc9b066b080_d1_5.png": {"intrinsics": {"fx": 1071.96, "fy": 1072.39, "cx": 632.465, "cy": 510.934}, "camera_to_world_matrix": [-0.348212, 0.00498188, -0.937403, -7.28707, -0.937399, 0.00424021, 0.348233, 9.48871, 0.00570938, 0.999979, 0.0031945, 1.6588, 0.0, 0.0, 0.0, 1.0]}, "0308a6e3a40a42f294b2dfc9b066b080_d2_0.png": {"intrinsics": {"fx": 1075.41, "fy": 1075.69, "cx": 631.948, "cy": 513.074}, "camera_to_world_matrix": [-0.984975, 0.120727, -0.123469, -7.28799, -0.172542, -0.65903, 0.732057, 9.47543, 0.00700986, 0.742363, 0.669958, 1.69198, 0.0, 0.0, 0.0, 1.0]}, "0308a6e3a40a42f294b2dfc9b066b080_d2_1.png": {"intrinsics": {"fx": 1075.41, "fy": 1075.69, "cx": 631.948, "cy": 513.074}, "camera_to_world_matrix": [-0.641884, -0.50819, 0.574218, -7.30163, 0.766703, -0.437192, 0.470134, 9.4805, 0.0121259, 0.742028, 0.670257, 1.69198, 0.0, 0.0, 0.0, 1.0]}, "0308a6e3a40a42f294b2dfc9b066b080_d2_2.png": {"intrinsics": {"fx": 1075.41, "fy": 1075.69, "cx": 631.948, "cy": 513.074}, "camera_to_world_matrix": [0.343084, -0.630527, 0.696224, -7.30406, 0.939182, 0.218382, -0.265036, 9.49484, 0.0150702, 0.744812, 0.667101, 1.69204, 0.0, 0.0, 0.0, 1.0]}, "0308a6e3a40a42f294b2dfc9b066b080_d2_3.png": {"intrinsics": {"fx": 1075.41, "fy": 1075.69, "cx": 631.948, "cy": 513.074}, "camera_to_world_matrix": [0.984938, -0.123943, 0.120541, -7.29286, 0.172411, 0.652101, -0.738267, 9.50412, 0.0128984, 0.747931, 0.663648, 1.69211, 0.0, 0.0, 0.0, 1.0]}, "0308a6e3a40a42f294b2dfc9b066b080_d2_4.png": {"intrinsics": {"fx": 1075.41, "fy": 1075.69, "cx": 631.948, "cy": 513.074}, "camera_to_world_matrix": [0.641811, 0.504967, -0.577136, -7.27922, -0.766821, 0.430238, -0.476317, 9.49905, 0.00778232, 0.748267, 0.66335, 1.69211, 0.0, 0.0, 0.0, 1.0]}, "0308a6e3a40a42f294b2dfc9b066b080_d2_5.png": {"intrinsics": {"fx": 1075.41, "fy": 1075.69, "cx": 631.948, "cy": 513.074}, "camera_to_world_matrix": [-0.343164, 0.627277, -0.699114, -7.27679, -0.939261, -0.22534, 0.258859, 9.48471, 0.00483823, 0.745483, 0.666505, 1.69205, 0.0, 0.0, 0.0, 1.0]}, "06da7453b0404447beb234e2965c9c1d_d0_0.png": {"intrinsics": {"fx": 1074.54, "fy": 1075.05, "cx": 635.04, "cy": 507.238}, "camera_to_world_matrix": [0.748406, 0.441642, 0.494815, -15.5715, 0.663214, -0.505031, -0.55235, 7.05887, 0.0059562, 0.74155, -0.670871, 5.98805, 0.0, 0.0, 0.0, 1.0]}, "06da7453b0404447beb234e2965c9c1d_d0_1.png": {"intrinsics": {"fx": 1074.54, "fy": 1075.05, "cx": 635.04, "cy": 507.238}, "camera_to_world_matrix": [0.948607, -0.208183, -0.238336, -15.5573, -0.316449, -0.628931, -0.710144, 7.06195, -0.00205709, 0.74907, -0.662488, 5.98789, 0.0, 0.0, 0.0, 1.0]}, "06da7453b0404447beb234e2965c9c1d_d0_2.png": {"intrinsics": {"fx": 1074.54, "fy": 1075.05, "cx": 635.04, "cy": 507.238}, "camera_to_world_matrix": [0.200328, -0.640343, -0.741505, -15.5475, -0.979722, -0.128083, -0.154077, 7.05117, 0.00368807, 0.757335, -0.653017, 5.9877, 0.0, 0.0, 0.0, 1.0]}, "06da7453b0404447beb234e2965c9c1d_d0_3.png": {"intrinsics": {"fx": 1074.54, "fy": 1075.05, "cx": 635.04, "cy": 507.238}, "camera_to_world_matrix": [-0.748136, -0.422669, -0.511512, -15.552, -0.663316, 0.496655, 0.559773, 7.03731, 0.0174464, 0.75808, -0.651928, 5.98768, 0.0, 0.0, 0.0, 1.0]}, "06da7453b0404447beb234e2965c9c1d_d0_4.png": {"intrinsics": {"fx": 1074.54, "fy": 1075.05, "cx": 635.04, "cy": 507.238}, "camera_to_world_matrix": [-0.948299, 0.227161, 0.221646, -15.5662, 0.316355, 0.62053, 0.717539, 7.03424, 0.0254592, 0.75056, -0.660312, 5.98784, 0.0, 0.0, 0.0, 1.0]}, "06da7453b0404447beb234e2965c9c1d_d0_5.png": {"intrinsics": {"fx": 1074.54, "fy": 1075.05, "cx": 635.04, "cy": 507.238}, "camera_to_world_matrix": [-0.199994, 0.659301, 0.724793, -15.576, 0.979599, 0.119664, 0.161452, 7.04502, 0.0197136, 0.742295, -0.669783, 5.98803, 0.0, 0.0, 0.0, 1.0]}, "06da7453b0404447beb234e2965c9c1d_d1_0.png": {"intrinsics": {"fx": 1071.96, "fy": 1072.39, "cx": 632.465, "cy": 510.934}, "camera_to_world_matrix": [0.74081, 0.00219024, 0.671713, -15.5637, 0.671696, -0.0101947, -0.740757, 7.0505, 0.00522522, 0.999946, -0.00902254, 6.02116, 0.0, 0.0, 0.0, 1.0]}, "06da7453b0404447beb234e2965c9c1d_d1_1.png": {"intrinsics": {"fx": 1071.96, "fy": 1072.39, "cx": 632.465, "cy": 510.934}, "camera_to_world_matrix": [0.952145, 0.0034318, -0.30563, -15.5603, -0.305636, 0.00115208, -0.952148, 7.05124, -0.00291573, 0.999994, 0.0021468, 6.02112, 0.0, 0.0, 0.0, 1.0]}, "06da7453b0404447beb234e2965c9c1d_d1_2.png": {"intrinsics": {"fx": 1071.96, "fy": 1072.39, "cx": 632.465, "cy": 510.934}, "camera_to_world_matrix": [0.211451, 0.0138786, -0.97729, -15.5579, -0.977386, 0.00575075, -0.21139, 7.04865, 0.00268611, 0.999888, 0.0147817, 6.02107, 0.0, 0.0, 0.0, 1.0]}, "06da7453b0404447beb234e2965c9c1d_d1_3.png": {"intrinsics": {"fx": 1071.96, "fy": 1072.39, "cx": 632.465, "cy": 510.934}, "camera_to_world_matrix": [-0.740562, 0.0230835, -0.671593, -15.559, -0.671788, -0.000997486, 0.740743, 7.04531, 0.0164288, 0.999733, 0.0162469, 6.02107, 0.0, 0.0, 0.0, 1.0]}, "06da7453b0404447beb234e2965c9c1d_d1_4.png": {"intrinsics": {"fx": 1071.96, "fy": 1072.39, "cx": 632.465, "cy": 510.934}, "camera_to_world_matrix": [-0.951859, 0.0218415, 0.305759, -15.5624, 0.305552, -0.0123442, 0.952096, 7.04457, 0.0245693, 0.999686, 0.00507724, 6.02111, 0.0, 0.0, 0.0, 1.0]}, "06da7453b0404447beb234e2965c9c1d_d1_5.png": {"intrinsics": {"fx": 1071.96, "fy": 1072.39, "cx": 632.465, "cy": 510.934}, "camera_to_world_matrix": [-0.211139, 0.0113946, 0.97739, -15.5647, 0.977273, -0.0169425, 0.211311, 7.04717, 0.018967, 0.999792, -0.0075574, 6.02115, 0.0, 0.0, 0.0, 1.0]}, "06da7453b0404447beb234e2965c9c1d_d2_0.png": {"intrinsics": {"fx": 1075.41, "fy": 1075.69, "cx": 631.948, "cy": 513.074}, "camera_to_world_matrix": [0.737179, -0.446622, 0.507043, -15.5707, 0.675681, 0.482344, -0.557493, 7.0585, 0.00441987, 0.753573, 0.657347, 6.05454, 0.0, 0.0, 0.0, 1.0]}, "06da7453b0404447beb234e2965c9c1d_d2_1.png": {"intrinsics": {"fx": 1075.41, "fy": 1075.69, "cx": 631.948, "cy": 513.074}, "camera_to_world_matrix": [0.95377, 0.20274, -0.221845, -15.5565, -0.300506, 0.634081, -0.712485, 7.06157, -0.00378111, 0.746215, 0.665692, 6.05438, 0.0, 0.0, 0.0, 1.0]}, "06da7453b0404447beb234e2965c9c1d_d2_2.png": {"intrinsics": {"fx": 1075.41, "fy": 1075.69, "cx": 631.948, "cy": 513.074}, "camera_to_world_matrix": [0.216696, 0.658775, -0.720456, -15.5467, -0.976235, 0.147553, -0.158708, 7.0508, 0.00175272, 0.737728, 0.675093, 6.0542, 0.0, 0.0, 0.0, 1.0]}, "06da7453b0404447beb234e2965c9c1d_d2_3.png": {"intrinsics": {"fx": 1075.41, "fy": 1075.69, "cx": 631.948, "cy": 513.074}, "camera_to_world_matrix": [-0.736953, 0.465437, -0.490168, -15.5511, -0.675763, -0.490702, 0.550049, 7.03694, 0.0154874, 0.736599, 0.676149, 6.05417, 0.0, 0.0, 0.0, 1.0]}, "06da7453b0404447beb234e2965c9c1d_d2_4.png": {"intrinsics": {"fx": 1075.41, "fy": 1075.69, "cx": 631.948, "cy": 513.074}, "camera_to_world_matrix": [-0.953507, -0.183931, 0.238727, -15.5654, 0.300432, -0.642414, 0.705013, 7.03387, 0.0236879, 0.743958, 0.667804, 6.05434, 0.0, 0.0, 0.0, 1.0]}, "06da7453b0404447beb234e2965c9c1d_d2_5.png": {"intrinsics": {"fx": 1075.41, "fy": 1075.69, "cx": 631.948, "cy": 513.074}, "camera_to_world_matrix": [-0.216406, -0.639947, 0.737316, -15.5751, 0.976132, -0.155867, 0.151216, 7.04465, 0.0181536, 0.752444, 0.658403, 6.05452, 0.0, 0.0, 0.0, 1.0]}, "08edbdda5db1458fbcb0c4b5b9066af9_d0_0.png": {"intrinsics": {"fx": 1074.54, "fy": 1075.05, "cx": 635.04, "cy": 507.238}, "camera_to_world_matrix": [0.895842, 0.284191, 0.341618, -9.77043, 0.444272, -0.589199, -0.674884, 14.7564, 0.00948495, 0.75636, -0.654087, 1.61611, 0.0, 0.0, 0.0, 1.0]}, "08edbdda5db1458fbcb0c4b5b9066af9_d0_1.png": {"intrinsics": {"fx": 1074.54, "fy": 1075.05, "cx": 635.04, "cy": 507.238}, "camera_to_world_matrix": [0.832551, -0.375441, -0.407313, -9.7559, -0.55362, -0.538588, -0.635161, 14.7556, 0.0190917, 0.7543, -0.656253, 1.61615, 0.0, 0.0, 0.0, 1.0]}, "08edbdda5db1458fbcb0c4b5b9066af9_d0_2.png": {"intrinsics": {"fx": 1074.54, "fy": 1075.05, "cx": 635.04, "cy": 507.238}, "camera_to_world_matrix": [-0.0633375, -0.661403, -0.747352, -9.74929, -0.997765, 0.0579552, 0.0332697, 14.7427, 0.0213082, 0.747788, -0.663595, 1.6163, 0.0, 0.0, 0.0, 1.0]}, "08edbdda5db1458fbcb0c4b5b9066af9_d0_3.png": {"intrinsics": {"fx": 1074.54, "fy": 1075.05, "cx": 635.04, "cy": 507.238}, "camera_to_world_matrix": [-0.895915, -0.287727, -0.338453, -9.75721, -0.444008, 0.603873, 0.661962, 14.7305, 0.0139178, 0.743337, -0.668772, 1.6164, 0.0, 0.0, 0.0, 1.0]}, "08edbdda5db1458fbcb0c4b5b9066af9_d0_4.png": {"intrinsics": {"fx": 1074.54, "fy": 1075.05, "cx": 635.04, "cy": 507.238}, "camera_to_world_matrix": [-0.832585, 0.371903, 0.410477, -9.77174, 0.553881, 0.553236, 0.62221, 14.7312, 0.00431114, 0.745398, -0.666606, 1.61635, 0.0, 0.0, 0.0, 1.0]}, "08edbdda5db1458fbcb0c4b5b9066af9_d0_5.png": {"intrinsics": {"fx": 1074.54, "fy": 1075.05, "cx": 635.04, "cy": 507.238}, "camera_to_world_matrix": [0.0633211, 0.657842, 0.75049, -9.77835, 0.997991, -0.0433176, -0.0462335, 14.7442, 0.00209505, 0.751909, -0.659263, 1.61621, 0.0, 0.0, 0.0, 1.0]}, "08edbdda5db1458fbcb0c4b5b9066af9_d1_0.png": {"intrinsics": {"fx": 1071.96, "fy": 1072.39, "cx": 632.465, "cy": 510.934}, "camera_to_world_matrix": [0.890743, -0.0136599, 0.454305, -9.76549, 0.454431, 0.00807413, -0.890746, 14.7469, 0.0084991, 0.999874, 0.0134004, 1.64947, 0.0, 0.0, 0.0, 1.0]}, "08edbdda5db1458fbcb0c4b5b9066af9_d1_1.png": {"intrinsics": {"fx": 1071.96, "fy": 1072.39, "cx": 632.465, "cy": 510.934}, "camera_to_world_matrix": [0.838808, -0.00949048, -0.544346, -9.76199, -0.544127, 0.0186996, -0.838796, 14.7467, 0.0181394, 0.999781, 0.0105223, 1.64948, 0.0, 0.0, 0.0, 1.0]}, "08edbdda5db1458fbcb0c4b5b9066af9_d1_2.png": {"intrinsics": {"fx": 1071.96, "fy": 1072.39, "cx": 632.465, "cy": 510.934}, "camera_to_world_matrix": [-0.051979, 0.00179653, -0.998647, -9.7604, -0.998439, 0.0204018, 0.0520046, 14.7436, 0.0204673, 0.999791, 0.000734238, 1.64951, 0.0, 0.0, 0.0, 1.0]}, "08edbdda5db1458fbcb0c4b5b9066af9_d1_3.png": {"intrinsics": {"fx": 1071.96, "fy": 1072.39, "cx": 632.465, "cy": 510.934}, "camera_to_world_matrix": [-0.890812, 0.00891387, -0.454288, -9.76231, -0.454185, 0.0114784, 0.890834, 14.7406, 0.013155, 0.999895, -0.00617559, 1.64954, 0.0, 0.0, 0.0, 1.0]}, "08edbdda5db1458fbcb0c4b5b9066af9_d1_4.png": {"intrinsics": {"fx": 1071.96, "fy": 1072.39, "cx": 632.465, "cy": 510.934}, "camera_to_world_matrix": [-0.838838, 0.00474405, 0.544361, -9.7658, 0.544371, 0.000853091, 0.838845, 14.7408, 0.00351486, 0.999989, -0.00329715, 1.64953, 0.0, 0.0, 0.0, 1.0]}, "08edbdda5db1458fbcb0c4b5b9066af9_d1_5.png": {"intrinsics": {"fx": 1071.96, "fy": 1072.39, "cx": 632.465, "cy": 510.934}, "camera_to_world_matrix": [0.0519668, -0.00654302, 0.998628, -9.76739, 0.998649, -0.000848635, -0.0519731, 14.7439, 0.00118726, 0.999979, 0.00649105, 1.64949, 0.0, 0.0, 0.0, 1.0]}, "08edbdda5db1458fbcb0c4b5b9066af9_d2_0.png": {"intrinsics": {"fx": 1075.41, "fy": 1075.69, "cx": 631.948, "cy": 513.074}, "camera_to_world_matrix": [0.888293, -0.314532, 0.334667, -9.77059, 0.459211, 0.596248, -0.658493, 14.757, 0.00757304, 0.738618, 0.674078, 1.68261, 0.0, 0.0, 0.0, 1.0]}, "08edbdda5db1458fbcb0c4b5b9066af9_d2_1.png": {"intrinsics": {"fx": 1075.41, "fy": 1075.69, "cx": 631.948, "cy": 513.074}, "camera_to_world_matrix": [0.841732, 0.351943, -0.409416, -9.75605, -0.539617, 0.572623, -0.617182, 14.7563, 0.0172287, 0.740431, 0.671908, 1.68265, 0.0, 0.0, 0.0, 1.0]}, "08edbdda5db1458fbcb0c4b5b9066af9_d2_2.png": {"intrinsics": {"fx": 1075.41, "fy": 1075.69, "cx": 631.948, "cy": 513.074}, "camera_to_world_matrix": [-0.0466036, 0.664699, -0.745656, -9.74944, -0.998719, -0.0163525, 0.0478446, 14.7433, 0.0196093, 0.746932, 0.664608, 1.68279, 0.0, 0.0, 0.0, 1.0]}, "08edbdda5db1458fbcb0c4b5b9066af9_d2_3.png": {"intrinsics": {"fx": 1075.41, "fy": 1075.69, "cx": 631.948, "cy": 513.074}, "camera_to_world_matrix": [-0.888358, 0.310972, -0.337806, -9.75737, -0.458982, -0.581689, 0.671545, 14.7311, 0.0123342, 0.75162, 0.659478, 1.68289, 0.0, 0.0, 0.0, 1.0]}, "08edbdda5db1458fbcb0c4b5b9066af9_d2_4.png": {"intrinsics": {"fx": 1075.41, "fy": 1075.69, "cx": 631.948, "cy": 513.074}, "camera_to_world_matrix": [-0.841758, -0.355502, 0.406276, -9.7719, 0.539845, -0.558038, 0.630205, 14.7319, 0.00267866, 0.749807, 0.661648, 1.68285, 0.0, 0.0, 0.0, 1.0]}, "08edbdda5db1458fbcb0c4b5b9066af9_d2_5.png": {"intrinsics": {"fx": 1075.41, "fy": 1075.69, "cx": 631.948, "cy": 513.074}, "camera_to_world_matrix": [0.0465955, -0.668235, 0.74249, -9.77851, 0.998912, 0.0309496, -0.0348348, 14.7448, 0.000298453, 0.743306, 0.668948, 1.68271, 0.0, 0.0, 0.0, 1.0]}, "091d2e9f7efa40e48732b0e02612f8cb_d0_0.png": {"intrinsics": {"fx": 1074.54, "fy": 1075.05, "cx": 635.04, "cy": 507.238}, "camera_to_world_matrix": [0.0210253, 0.65656, 0.75398, -9.8503, 0.999714, -0.0224095, -0.00836372, 5.29648, 0.0114051, 0.75394, -0.656844, 1.63616, 0.0, 0.0, 0.0, 1.0]}, "091d2e9f7efa40e48732b0e02612f8cb_d0_1.png": {"intrinsics": {"fx": 1074.54, "fy": 1075.05, "cx": 635.04, "cy": 507.238}, "camera_to_world_matrix": [0.87624, 0.306286, 0.372011, -9.8429, 0.481579, -0.583644, -0.65379, 5.30901, 0.0168754, 0.75203, -0.658913, 1.6362, 0.0, 0.0, 0.0, 1.0]}, "091d2e9f7efa40e48732b0e02612f8cb_d0_2.png": {"intrinsics": {"fx": 1074.54, "fy": 1075.05, "cx": 635.04, "cy": 507.238}, "camera_to_world_matrix": [0.855123, -0.354884, -0.377917, -9.82835, -0.51814, -0.560901, -0.645694, 5.30887, 0.0171722, 0.747962, -0.66352, 1.63629, 0.0, 0.0, 0.0, 1.0]}, "091d2e9f7efa40e48732b0e02612f8cb_d0_3.png": {"intrinsics": {"fx": 1074.54, "fy": 1075.05, "cx": 635.04, "cy": 507.238}, "camera_to_world_matrix": [-0.0212079, -0.665765, -0.74586, -9.8212, -0.999703, 0.0230749, 0.00782868, 5.2962, 0.0119986, 0.745805, -0.666057, 1.63634, 0.0, 0.0, 0.0, 1.0]}, "091d2e9f7efa40e48732b0e02612f8cb_d0_4.png": {"intrinsics": {"fx": 1074.54, "fy": 1075.05, "cx": 635.04, "cy": 507.238}, "camera_to_world_matrix": [-0.876402, -0.315469, -0.363866, -9.8286, -0.481535, 0.584296, 0.65324, 5.28367, 0.00652835, 0.747715, -0.663988, 1.6363, 0.0, 0.0, 0.0, 1.0]}, "091d2e9f7efa40e48732b0e02612f8cb_d0_5.png": {"intrinsics": {"fx": 1074.54, "fy": 1075.05, "cx": 635.04, "cy": 507.238}, "camera_to_world_matrix": [-0.855247, 0.345701, 0.386063, -9.84315, 0.518184, 0.561527, 0.645114, 5.28381, 0.00623182, 0.751783, -0.659381, 1.63621, 0.0, 0.0, 0.0, 1.0]}, "091d2e9f7efa40e48732b0e02612f8cb_d1_0.png": {"intrinsics": {"fx": 1071.96, "fy": 1072.39, "cx": 632.465, "cy": 510.934}, "camera_to_world_matrix": [0.00965643, -0.00985447, 0.999905, -9.83945, 0.999899, -0.0103659, -0.00975818, 5.29639, 0.0104608, 0.999898, 0.00975435, 1.66948, 0.0, 0.0, 0.0, 1.0]}, "091d2e9f7efa40e48732b0e02612f8cb_d1_1.png": {"intrinsics": {"fx": 1071.96, "fy": 1072.39, "cx": 632.465, "cy": 510.934}, "camera_to_world_matrix": [0.870719, -0.0173423, 0.491476, -9.83767, 0.491523, -0.00175059, -0.870863, 5.2994, 0.0159629, 0.999848, 0.00700084, 1.66949, 0.0, 0.0, 0.0, 1.0]}, "091d2e9f7efa40e48732b0e02612f8cb_d1_2.png": {"intrinsics": {"fx": 1071.96, "fy": 1072.39, "cx": 632.465, "cy": 510.934}, "camera_to_world_matrix": [0.860977, -0.0136251, -0.508462, -9.83417, -0.508383, 0.00904182, -0.861084, 5.29937, 0.0163296, 0.999867, 0.000858981, 1.66951, 0.0, 0.0, 0.0, 1.0]}, "091d2e9f7efa40e48732b0e02612f8cb_d1_3.png": {"intrinsics": {"fx": 1071.96, "fy": 1072.39, "cx": 632.465, "cy": 510.934}, "camera_to_world_matrix": [-0.0098283, -0.00242021, -0.999949, -9.83245, -0.99989, 0.0112187, 0.00980022, 5.29632, 0.0111941, 0.999935, -0.00252923, 1.66952, 0.0, 0.0, 0.0, 1.0]}, "091d2e9f7efa40e48732b0e02612f8cb_d1_4.png": {"intrinsics": {"fx": 1071.96, "fy": 1072.39, "cx": 632.465, "cy": 510.934}, "camera_to_world_matrix": [-0.870872, 0.00506729, -0.491486, -9.83423, -0.491479, 0.00260308, 0.870886, 5.2933, 0.00569215, 0.999984, 0.000224499, 1.66951, 0.0, 0.0, 0.0, 1.0]}, "091d2e9f7efa40e48732b0e02612f8cb_d1_5.png": {"intrinsics": {"fx": 1071.96, "fy": 1072.39, "cx": 632.465, "cy": 510.934}, "camera_to_world_matrix": [-0.86109, 0.0013497, 0.508452, -9.83773, 0.508426, -0.00818919, 0.861067, 5.29334, 0.00532573, 0.999966, 0.00636637, 1.66949, 0.0, 0.0, 0.0, 1.0]}, "091d2e9f7efa40e48732b0e02612f8cb_d2_0.png": {"intrinsics": {"fx": 1075.41, "fy": 1075.69, "cx": 631.948, "cy": 513.074}, "camera_to_world_matrix": [0.00428187, -0.671434, 0.741051, -9.85071, 0.999943, -0.00420455, -0.0095887, 5.29651, 0.00955433, 0.741052, 0.671377, 1.70266, 0.0, 0.0, 0.0, 1.0]}, "091d2e9f7efa40e48732b0e02612f8cb_d2_1.png": {"intrinsics": {"fx": 1075.41, "fy": 1075.69, "cx": 631.948, "cy": 513.074}, "camera_to_world_matrix": [0.868073, -0.341911, 0.359919, -9.84331, 0.496203, 0.57559, -0.649983, 5.30904, 0.0150712, 0.742827, 0.669311, 1.7027, 0.0, 0.0, 0.0, 1.0]}, "091d2e9f7efa40e48732b0e02612f8cb_d2_2.png": {"intrinsics": {"fx": 1075.41, "fy": 1075.69, "cx": 631.948, "cy": 513.074}, "camera_to_world_matrix": [0.86371, 0.324957, -0.385233, -9.82876, -0.503747, 0.580099, -0.640095, 5.3089, 0.0154709, 0.746918, 0.664733, 1.70279, 0.0, 0.0, 0.0, 1.0]}, "091d2e9f7efa40e48732b0e02612f8cb_d2_3.png": {"intrinsics": {"fx": 1075.41, "fy": 1075.69, "cx": 631.948, "cy": 513.074}, "camera_to_world_matrix": [-0.00444302, 0.662287, -0.749236, -9.82161, -0.999934, 0.00481411, 0.0101865, 5.29622, 0.0103537, 0.749234, 0.662221, 1.70284, 0.0, 0.0, 0.0, 1.0]}, "091d2e9f7efa40e48732b0e02612f8cb_d2_4.png": {"intrinsics": {"fx": 1075.41, "fy": 1075.69, "cx": 631.948, "cy": 513.074}, "camera_to_world_matrix": [-0.868215, 0.332741, -0.368079, -9.82901, -0.496161, -0.574968, 0.650566, 5.2837, 0.00483695, 0.747459, 0.664288, 1.7028, 0.0, 0.0, 0.0, 1.0]}, "091d2e9f7efa40e48732b0e02612f8cb_d2_5.png": {"intrinsics": {"fx": 1075.41, "fy": 1075.69, "cx": 631.948, "cy": 513.074}, "camera_to_world_matrix": [-0.863813, -0.334127, 0.377073, -9.84355, 0.503789, -0.579451, 0.640649, 5.28384, 0.00443753, 0.743367, 0.668866, 1.70271, 0.0, 0.0, 0.0, 1.0]}, "0dce1c874ad64cf999bf7beb7a9f94f5_d0_0.png": {"intrinsics": {"fx": 1074.54, "fy": 1075.05, "cx": 635.04, "cy": 507.238}, "camera_to_world_matrix": [0.818729, 0.391309, 0.420191, -17.8421, 0.574169, -0.553288, -0.603492, -2.20296, -0.00366512, 0.735357, -0.677671, -2.07007, 0.0, 0.0, 0.0, 1.0]}, "0dce1c874ad64cf999bf7beb7a9f94f5_d0_1.png": {"intrinsics": {"fx": 1074.54, "fy": 1075.05, "cx": 635.04, "cy": 507.238}, "camera_to_world_matrix": [0.906545, -0.268213, -0.325941, -17.8276, -0.421848, -0.602807, -0.677251, -2.20152, -0.0148325, 0.751456, -0.659616, -2.07042, 0.0, 0.0, 0.0, 1.0]}, "0dce1c874ad64cf999bf7beb7a9f94f5_d0_2.png": {"intrinsics": {"fx": 1074.54, "fy": 1075.05, "cx": 635.04, "cy": 507.238}, "camera_to_world_matrix": [0.0880895, -0.64071, -0.762713, -17.8191, -0.996113, -0.0562518, -0.0677923, -2.21333, 0.000531195, 0.76572, -0.643174, -2.07074, 0.0, 0.0, 0.0, 1.0]}, "0dce1c874ad64cf999bf7beb7a9f94f5_d0_3.png": {"intrinsics": {"fx": 1074.54, "fy": 1075.05, "cx": 635.04, "cy": 507.238}, "camera_to_world_matrix": [-0.818165, -0.353677, -0.453343, -17.8251, -0.574348, 0.539809, 0.615412, -2.22659, 0.027062, 0.763884, -0.644786, -2.07071, 0.0, 0.0, 0.0, 1.0]}, "0dce1c874ad64cf999bf7beb7a9f94f5_d0_4.png": {"intrinsics": {"fx": 1074.54, "fy": 1075.05, "cx": 635.04, "cy": 507.238}, "camera_to_world_matrix": [-0.905942, 0.305847, 0.292792, -17.8396, 0.421673, 0.589302, 0.689141, -2.22804, 0.0382285, 0.747784, -0.662841, -2.07036, 0.0, 0.0, 0.0, 1.0]}, "0dce1c874ad64cf999bf7beb7a9f94f5_d0_5.png": {"intrinsics": {"fx": 1074.54, "fy": 1075.05, "cx": 635.04, "cy": 507.238}, "camera_to_world_matrix": [-0.0874636, 0.678323, 0.72954, -17.8481, 0.995906, 0.0427323, 0.0796654, -2.21622, 0.0228639, 0.733521, -0.679282, -2.07004, 0.0, 0.0, 0.0, 1.0]}, "0dce1c874ad64cf999bf7beb7a9f94f5_d1_0.png": {"intrinsics": {"fx": 1071.96, "fy": 1072.39, "cx": 632.465, "cy": 510.934}, "camera_to_world_matrix": [0.812133, 0.0141781, 0.583301, -17.8348, 0.583458, -0.0123827, -0.81205, -2.21224, -0.00429074, 0.999823, -0.0183278, -2.03708, 0.0, 0.0, 0.0, 1.0]}, "0dce1c874ad64cf999bf7beb7a9f94f5_d1_1.png": {"intrinsics": {"fx": 1071.96, "fy": 1072.39, "cx": 632.465, "cy": 510.934}, "camera_to_world_matrix": [0.911274, 0.0166975, -0.411465, -17.8313, -0.411503, -0.00124967, -0.911408, -2.21189, -0.0157327, 0.99986, 0.00573326, -2.03716, 0.0, 0.0, 0.0, 1.0]}, "0dce1c874ad64cf999bf7beb7a9f94f5_d1_2.png": {"intrinsics": {"fx": 1071.96, "fy": 1072.39, "cx": 632.465, "cy": 510.934}, "camera_to_world_matrix": [0.0993912, 0.0275957, -0.994666, -17.8293, -0.995049, 0.00213641, -0.0993704, -2.21473, -0.000617441, 0.999617, 0.0276723, -2.03724, 0.0, 0.0, 0.0, 1.0]}, "0dce1c874ad64cf999bf7beb7a9f94f5_d1_3.png": {"intrinsics": {"fx": 1071.96, "fy": 1072.39, "cx": 632.465, "cy": 510.934}, "camera_to_world_matrix": [-0.811613, 0.0359741, -0.583088, -17.8307, -0.583621, -0.00561064, 0.812008, -2.21792, 0.0259395, 0.999337, 0.0255499, -2.03723, 0.0, 0.0, 0.0, 1.0]}, "0dce1c874ad64cf999bf7beb7a9f94f5_d1_4.png": {"intrinsics": {"fx": 1071.96, "fy": 1072.39, "cx": 632.465, "cy": 510.934}, "camera_to_world_matrix": [-0.910715, 0.0334543, 0.411682, -17.8342, 0.411344, -0.0167436, 0.911327, -2.21827, 0.0373805, 0.9993, 0.00148841, -2.03715, 0.0, 0.0, 0.0, 1.0]}, "0dce1c874ad64cf999bf7beb7a9f94f5_d1_5.png": {"intrinsics": {"fx": 1071.96, "fy": 1072.39, "cx": 632.465, "cy": 510.934}, "camera_to_world_matrix": [-0.0988091, 0.022556, 0.994851, -17.8362, 0.994859, -0.0201293, 0.0992664, -2.21543, 0.0222644, 0.999543, -0.0204501, -2.03707, 0.0, 0.0, 0.0, 1.0]}, "0dce1c874ad64cf999bf7beb7a9f94f5_d2_0.png": {"intrinsics": {"fx": 1075.41, "fy": 1075.69, "cx": 631.948, "cy": 513.074}, "camera_to_world_matrix": [0.808967, -0.379155, 0.449233, -17.8404, 0.58783, 0.528313, -0.612651, -2.20356, -0.00504572, 0.759688, 0.650265, -2.0036, 0.0, 0.0, 0.0, 1.0]}, "0dce1c874ad64cf999bf7beb7a9f94f5_d2_1.png": {"intrinsics": {"fx": 1075.41, "fy": 1075.69, "cx": 631.948, "cy": 513.074}, "camera_to_world_matrix": [0.913458, 0.283063, -0.292347, -17.8259, -0.406589, 0.605541, -0.684108, -2.20212, -0.0166171, 0.743771, 0.668225, -2.00395, 0.0, 0.0, 0.0, 1.0]}, "0dce1c874ad64cf999bf7beb7a9f94f5_d2_2.png": {"intrinsics": {"fx": 1075.41, "fy": 1075.69, "cx": 631.948, "cy": 513.074}, "camera_to_world_matrix": [0.10472, 0.680899, -0.724852, -17.8174, -0.994498, 0.07051, -0.0774412, -2.21393, -0.00161993, 0.728975, 0.684536, -2.00426, 0.0, 0.0, 0.0, 1.0]}, "0dce1c874ad64cf999bf7beb7a9f94f5_d2_3.png": {"intrinsics": {"fx": 1075.41, "fy": 1075.69, "cx": 631.948, "cy": 513.074}, "camera_to_world_matrix": [-0.80849, 0.416508, -0.415766, -17.8234, -0.587977, -0.541737, 0.600669, -2.22719, 0.0249482, 0.730097, 0.682885, -2.00423, 0.0, 0.0, 0.0, 1.0]}, "0dce1c874ad64cf999bf7beb7a9f94f5_d2_4.png": {"intrinsics": {"fx": 1075.41, "fy": 1075.69, "cx": 631.948, "cy": 513.074}, "camera_to_world_matrix": [-0.912943, -0.245713, 0.325818, -17.8379, 0.406445, -0.618939, 0.672098, -2.22864, 0.0365186, 0.746015, 0.664924, -2.00388, 0.0, 0.0, 0.0, 1.0]}, "0dce1c874ad64cf999bf7beb7a9f94f5_d2_5.png": {"intrinsics": {"fx": 1075.41, "fy": 1075.69, "cx": 631.948, "cy": 513.074}, "camera_to_world_matrix": [-0.104182, -0.643528, 0.758299, -17.8464, 0.994323, -0.0838925, 0.0654135, -2.21682, 0.0215206, 0.760811, 0.648614, -2.00356, 0.0, 0.0, 0.0, 1.0]}, "109e18c64a614dc49e41a33ae979f98a_d0_0.png": {"intrinsics": {"fx": 1074.54, "fy": 1075.05, "cx": 635.04, "cy": 507.238}, "camera_to_world_matrix": [0.987624, -0.123197, -0.0970616, -4.03431, -0.154656, -0.662086, -0.733296, 10.1526, 0.0260769, 0.739232, -0.672946, 5.95339, 0.0, 0.0, 0.0, 1.0]}, "109e18c64a614dc49e41a33ae979f98a_d0_1.png": {"intrinsics": {"fx": 1074.54, "fy": 1075.05, "cx": 635.04, "cy": 507.238}, "camera_to_world_matrix": [0.360096, -0.632605, -0.685669, -4.02288, -0.9329, -0.239978, -0.268529, 10.1436, 0.00532743, 0.736357, -0.676573, 5.95346, 0.0, 0.0, 0.0, 1.0]}, "109e18c64a614dc49e41a33ae979f98a_d0_2.png": {"intrinsics": {"fx": 1074.54, "fy": 1075.05, "cx": 635.04, "cy": 507.238}, "camera_to_world_matrix": [-0.627731, -0.52186, -0.577595, -4.02496, -0.778378, 0.412176, 0.473538, 10.1292, -0.0090498, 0.746842, -0.66494, 5.95323, 0.0, 0.0, 0.0, 1.0]}, "109e18c64a614dc49e41a33ae979f98a_d0_3.png": {"intrinsics": {"fx": 1074.54, "fy": 1075.05, "cx": 635.04, "cy": 507.238}, "camera_to_world_matrix": [-0.988007, 0.0982904, 0.119083, -4.03847, 0.154384, 0.642208, 0.750823, 10.1238, -0.00267725, 0.760203, -0.649681, 5.95294, 0.0, 0.0, 0.0, 1.0]}, "109e18c64a614dc49e41a33ae979f98a_d0_4.png": {"intrinsics": {"fx": 1074.54, "fy": 1075.05, "cx": 635.04, "cy": 507.238}, "camera_to_world_matrix": [-0.360449, 0.607682, 0.707672, -4.0499, 0.932604, 0.22008, 0.286033, 10.1328, 0.0180724, 0.763077, -0.646054, 5.95287, 0.0, 0.0, 0.0, 1.0]}, "109e18c64a614dc49e41a33ae979f98a_d0_5.png": {"intrinsics": {"fx": 1074.54, "fy": 1075.05, "cx": 635.04, "cy": 507.238}, "camera_to_world_matrix": [0.627372, 0.496911, 0.599569, -4.04782, 0.778043, -0.43207, -0.456031, 10.1472, 0.032449, 0.752592, -0.657687, 5.95309, 0.0, 0.0, 0.0, 1.0]}, "109e18c64a614dc49e41a33ae979f98a_d1_0.png": {"intrinsics": {"fx": 1071.96, "fy": 1072.39, "cx": 632.465, "cy": 510.934}, "camera_to_world_matrix": [0.989341, -0.0268214, -0.143135, -4.03644, -0.143398, -0.00812494, -0.989632, 10.1412, 0.0253801, 0.999608, -0.0118835, 5.98646, 0.0, 0.0, 0.0, 1.0]}, "109e18c64a614dc49e41a33ae979f98a_d1_1.png": {"intrinsics": {"fx": 1071.96, "fy": 1072.39, "cx": 632.465, "cy": 510.934}, "camera_to_world_matrix": [0.370701, -0.0172853, -0.928592, -4.03369, -0.928741, -0.00185607, -0.370726, 10.1391, 0.00468432, 0.999849, -0.0167406, 5.98648, 0.0, 0.0, 0.0, 1.0]}, "109e18c64a614dc49e41a33ae979f98a_d1_2.png": {"intrinsics": {"fx": 1071.96, "fy": 1072.39, "cx": 632.465, "cy": 510.934}, "camera_to_world_matrix": [-0.618828, -0.00708681, -0.785496, -4.03419, -0.785466, -0.00698186, 0.618866, 10.1356, -0.00987028, 0.999951, -0.0012449, 5.98642, 0.0, 0.0, 0.0, 1.0]}, "109e18c64a614dc49e41a33ae979f98a_d1_3.png": {"intrinsics": {"fx": 1071.96, "fy": 1072.39, "cx": 632.465, "cy": 510.934}, "camera_to_world_matrix": [-0.989695, -0.0064246, 0.143053, -4.03744, 0.14315, -0.0183764, 0.989531, 10.1343, -0.00372879, 0.999811, 0.0191077, 5.98635, 0.0, 0.0, 0.0, 1.0]}, "109e18c64a614dc49e41a33ae979f98a_d1_4.png": {"intrinsics": {"fx": 1071.96, "fy": 1072.39, "cx": 632.465, "cy": 510.934}, "camera_to_world_matrix": [-0.371025, -0.0159609, 0.928486, -4.04019, 0.928469, -0.0246449, 0.370594, 10.1365, 0.0169672, 0.999569, 0.0239641, 5.98633, 0.0, 0.0, 0.0, 1.0]}, "109e18c64a614dc49e41a33ae979f98a_d1_5.png": {"intrinsics": {"fx": 1071.96, "fy": 1072.39, "cx": 632.465, "cy": 510.934}, "camera_to_world_matrix": [0.618498, -0.0261592, 0.785352, -4.03969, 0.785155, -0.0195187, -0.618993, 10.1399, 0.0315212, 0.999468, 0.00846773, 5.98639, 0.0, 0.0, 0.0, 1.0]}, "109e18c64a614dc49e41a33ae979f98a_d2_0.png": {"intrinsics": {"fx": 1075.41, "fy": 1075.69, "cx": 631.948, "cy": 513.074}, "camera_to_world_matrix": [0.990116, 0.0720995, -0.120281, -4.03541, -0.138061, 0.651562, -0.745925, 10.1517, 0.0245901, 0.75516, 0.655076, 6.01987, 0.0, 0.0, 0.0, 1.0]}, "109e18c64a614dc49e41a33ae979f98a_d2_1.png": {"intrinsics": {"fx": 1075.41, "fy": 1075.69, "cx": 631.948, "cy": 513.074}, "camera_to_world_matrix": [0.375708, 0.602668, -0.704013, -4.02398, -0.926727, 0.247538, -0.28266, 10.1427, 0.00392061, 0.758627, 0.65151, 6.01994, 0.0, 0.0, 0.0, 1.0]}, "109e18c64a614dc49e41a33ae979f98a_d2_2.png": {"intrinsics": {"fx": 1075.41, "fy": 1075.69, "cx": 631.948, "cy": 513.074}, "camera_to_world_matrix": [-0.614582, 0.518167, -0.594802, -4.02607, -0.788778, -0.413904, 0.454435, 10.1283, -0.0107172, 0.748455, 0.663095, 6.01972, 0.0, 0.0, 0.0, 1.0]}, "109e18c64a614dc49e41a33ae979f98a_d2_3.png": {"intrinsics": {"fx": 1075.41, "fy": 1075.69, "cx": 631.948, "cy": 513.074}, "camera_to_world_matrix": [-0.990442, -0.0969002, 0.0981394, -4.03958, 0.137836, -0.671308, 0.728249, 10.1229, -0.0046853, 0.734816, 0.678247, 6.01942, 0.0, 0.0, 0.0, 1.0]}, "109e18c64a614dc49e41a33ae979f98a_d2_4.png": {"intrinsics": {"fx": 1075.41, "fy": 1075.69, "cx": 631.948, "cy": 513.074}, "camera_to_world_matrix": [-0.376003, -0.627453, 0.681854, -4.051, 0.926478, -0.267263, 0.264961, 10.1319, 0.0159843, 0.73135, 0.681812, 6.01935, 0.0, 0.0, 0.0, 1.0]}, "109e18c64a614dc49e41a33ae979f98a_d2_5.png": {"intrinsics": {"fx": 1075.41, "fy": 1075.69, "cx": 631.948, "cy": 513.074}, "camera_to_world_matrix": [0.614282, -0.542926, 0.572613, -4.04892, 0.78849, 0.394177, -0.472131, 10.1463, 0.0306216, 0.741522, 0.670226, 6.01958, 0.0, 0.0, 0.0, 1.0]}, "122c20831be94f4d9ec9e28ea8208a71_d0_0.png": {"intrinsics": {"fx": 1074.54, "fy": 1075.05, "cx": 635.04, "cy": 507.238}, "camera_to_world_matrix": [0.817099, 0.376391, 0.436669, -1.62551, 0.576493, -0.53685, -0.615994, 8.4294, 0.00257119, 0.755064, -0.655646, 1.62002, 0.0, 0.0, 0.0, 1.0]}, "122c20831be94f4d9ec9e28ea8208a71_d0_1.png": {"intrinsics": {"fx": 1074.54, "fy": 1075.05, "cx": 635.04, "cy": 507.238}, "camera_to_world_matrix": [0.907757, -0.283193, -0.309484, -1.61104, -0.419268, -0.588059, -0.691665, 8.43089, 0.0138799, 0.75762, -0.652548, 1.61996, 0.0, 0.0, 0.0, 1.0]}, "122c20831be94f4d9ec9e28ea8208a71_d0_2.png": {"intrinsics": {"fx": 1074.54, "fy": 1075.05, "cx": 635.04, "cy": 507.238}, "camera_to_world_matrix": [0.0906724, -0.657349, -0.748112, -1.60251, -0.995615, -0.0424773, -0.0833465, 8.41909, 0.02301, 0.752388, -0.658318, 1.62007, 0.0, 0.0, 0.0, 1.0]}, "122c20831be94f4d9ec9e28ea8208a71_d0_3.png": {"intrinsics": {"fx": 1074.54, "fy": 1075.05, "cx": 635.04, "cy": 507.238}, "camera_to_world_matrix": [-0.817051, -0.371913, -0.440577, -1.60847, -0.576189, 0.554302, 0.60063, 8.40582, 0.0208312, 0.744601, -0.667185, 1.62024, 0.0, 0.0, 0.0, 1.0]}, "122c20831be94f4d9ec9e28ea8208a71_d0_4.png": {"intrinsics": {"fx": 1074.54, "fy": 1075.05, "cx": 635.04, "cy": 507.238}, "camera_to_world_matrix": [-0.907671, 0.287674, 0.305578, -1.62294, 0.419576, 0.605485, 0.676272, 8.40434, 0.00952232, 0.742045, -0.670282, 1.6203, 0.0, 0.0, 0.0, 1.0]}, "122c20831be94f4d9ec9e28ea8208a71_d0_5.png": {"intrinsics": {"fx": 1074.54, "fy": 1075.05, "cx": 635.04, "cy": 507.238}, "camera_to_world_matrix": [-0.0905638, 0.661808, 0.744183, -1.63146, 0.995891, 0.0598887, 0.067936, 8.41613, 0.00039253, 0.747277, -0.664513, 1.62019, 0.0, 0.0, 0.0, 1.0]}, "122c20831be94f4d9ec9e28ea8208a71_d1_0.png": {"intrinsics": {"fx": 1071.96, "fy": 1072.39, "cx": 632.465, "cy": 510.934}, "camera_to_world_matrix": [0.810494, -0.00791979, 0.585695, -1.61894, 0.585746, 0.00821173, -0.810453, 8.42083, 0.00160878, 0.999935, 0.0112955, 1.65335, 0.0, 0.0, 0.0, 1.0]}, "122c20831be94f4d9ec9e28ea8208a71_d1_1.png": {"intrinsics": {"fx": 1071.96, "fy": 1072.39, "cx": 632.465, "cy": 510.934}, "camera_to_world_matrix": [0.912476, -0.00543105, -0.409095, -1.61546, -0.408929, 0.0193509, -0.912361, 8.42119, 0.0128712, 0.999798, 0.0154373, 1.65334, 0.0, 0.0, 0.0, 1.0]}, "122c20831be94f4d9ec9e28ea8208a71_d1_2.png": {"intrinsics": {"fx": 1071.96, "fy": 1072.39, "cx": 632.465, "cy": 510.934}, "camera_to_world_matrix": [0.101994, 0.00546085, -0.994771, -1.61341, -0.994541, 0.0227649, -0.101846, 8.41835, 0.0220894, 0.999726, 0.00775389, 1.65336, 0.0, 0.0, 0.0, 1.0]}, "122c20831be94f4d9ec9e28ea8208a71_d1_3.png": {"intrinsics": {"fx": 1071.96, "fy": 1072.39, "cx": 632.465, "cy": 510.934}, "camera_to_world_matrix": [-0.810452, 0.0138638, -0.585642, -1