{"03f6e7e5c26b45d78feb5c2e3b6601e3_d0_0.png": {"intrinsics": {"fx": 1074.09, "fy": 1075.53, "cx": 620.224, "cy": 506.997}, "camera_to_world_matrix": [-0.90399, 0.290975, 0.313266, -8.60002, 0.427529, 0.607406, 0.669534, -8.35226, 0.00453821, 0.739183, -0.67349, -1.46136, 0.0, 0.0, 0.0, 1.0]}, "03f6e7e5c26b45d78feb5c2e3b6601e3_d0_1.png": {"intrinsics": {"fx": 1074.09, "fy": 1075.53, "cx": 620.224, "cy": 506.997}, "camera_to_world_matrix": [-0.0817757, 0.667105, 0.740461, -8.60831, 0.996643, 0.0576941, 0.0580897, -8.3403, -0.00396835, 0.742726, -0.669584, -1.46144, 0.0, 0.0, 0.0, 1.0]}, "03f6e7e5c26b45d78feb5c2e3b6601e3_d0_2.png": {"intrinsics": {"fx": 1074.09, "fy": 1075.53, "cx": 620.224, "cy": 506.997}, "camera_to_world_matrix": [0.822236, 0.379094, 0.424519, -8.60211, 0.569136, -0.542868, -0.617559, -8.32715, -0.00365471, 0.749388, -0.662121, -1.46158, 0.0, 0.0, 0.0, 1.0]}, "03f6e7e5c26b45d78feb5c2e3b6601e3_d0_3.png": {"intrinsics": {"fx": 1074.09, "fy": 1075.53, "cx": 620.224, "cy": 506.997}, "camera_to_world_matrix": [0.904012, -0.285042, -0.318611, -8.58761, -0.427475, -0.593705, -0.681748, -8.32594, 0.00516543, 0.752507, -0.658565, -1.46165, 0.0, 0.0, 0.0, 1.0]}, "03f6e7e5c26b45d78feb5c2e3b6601e3_d0_4.png": {"intrinsics": {"fx": 1074.09, "fy": 1075.53, "cx": 620.224, "cy": 506.997}, "camera_to_world_matrix": [0.0817756, -0.661151, -0.745783, -8.57931, -0.996557, -0.0439778, -0.0702861, -8.3379, 0.0136718, 0.748963, -0.662471, -1.46158, 0.0, 0.0, 0.0, 1.0]}, "03f6e7e5c26b45d78feb5c2e3b6601e3_d0_5.png": {"intrinsics": {"fx": 1074.09, "fy": 1075.53, "cx": 620.224, "cy": 506.997}, "camera_to_world_matrix": [-0.822219, -0.373115, -0.429815, -8.58552, -0.569014, 0.556573, 0.60535, -8.35106, 0.0133578, 0.742301, -0.669933, -1.46143, 0.0, 0.0, 0.0, 1.0]}, "03f6e7e5c26b45d78feb5c2e3b6601e3_d1_0.png": {"intrinsics": {"fx": 1074.98, "fy": 1075.76, "cx": 613.769, "cy": 519.186}, "camera_to_world_matrix": [-0.904414, 0.00533077, 0.42662, -8.59517, 0.426652, 0.00862717, 0.904374, -8.34196, 0.00114064, 0.999948, -0.0100776, -1.42822, 0.0, 0.0, 0.0, 1.0]}, "03f6e7e5c26b45d78feb5c2e3b6601e3_d1_1.png": {"intrinsics": {"fx": 1074.98, "fy": 1075.76, "cx": 613.769, "cy": 519.186}, "camera_to_world_matrix": [-0.0827274, 0.00418545, 0.996563, -8.59717, 0.996544, 0.00774385, 0.0826933, -8.33908, -0.00737097, 0.999961, -0.00481229, -1.42824, 0.0, 0.0, 0.0, 1.0]}, "03f6e7e5c26b45d78feb5c2e3b6601e3_d1_2.png": {"intrinsics": {"fx": 1074.98, "fy": 1075.76, "cx": 613.769, "cy": 519.186}, "camera_to_world_matrix": [0.821695, 0.00284775, 0.56992, -8.59568, 0.569883, 0.00829407, -0.821683, -8.33592, -0.00706675, 0.999961, 0.00519164, -1.42828, 0.0, 0.0, 0.0, 1.0]}, "03f6e7e5c26b45d78feb5c2e3b6601e3_d1_3.png": {"intrinsics": {"fx": 1074.98, "fy": 1075.76, "cx": 613.769, "cy": 519.186}, "camera_to_world_matrix": [0.904409, 0.0026554, -0.426656, -8.59219, -0.426661, 0.00972761, -0.904359, -8.33563, 0.00174906, 0.999949, 0.00993002, -1.42829, 0.0, 0.0, 0.0, 1.0]}, "03f6e7e5c26b45d78feb5c2e3b6601e3_d1_4.png": {"intrinsics": {"fx": 1074.98, "fy": 1075.76, "cx": 613.769, "cy": 519.186}, "camera_to_world_matrix": [0.0827001, 0.00380075, -0.996567, -8.59019, -0.996521, 0.0106109, -0.0826558, -8.33851, 0.0102605, 0.999936, 0.00466438, -1.42828, 0.0, 0.0, 0.0, 1.0]}, "03f6e7e5c26b45d78feb5c2e3b6601e3_d1_5.png": {"intrinsics": {"fx": 1074.98, "fy": 1075.76, "cx": 613.769, "cy": 519.186}, "camera_to_world_matrix": [-0.821705, 0.00513843, -0.569888, -8.59169, -0.569824, 0.0100606, 0.821704, -8.34167, 0.00995585, 0.999936, -0.00533954, -1.42824, 0.0, 0.0, 0.0, 1.0]}, "03f6e7e5c26b45d78feb5c2e3b6601e3_d2_0.png": {"intrinsics": {"fx": 1073.91, "fy": 1074.5, "cx": 624.437, "cy": 516.038}, "camera_to_world_matrix": [-0.903895, -0.279753, 0.323595, -8.59976, 0.427752, -0.595047, 0.680404, -8.35165, 0.0022082, 0.753431, 0.657526, -1.39487, 0.0, 0.0, 0.0, 1.0]}, "03f6e7e5c26b45d78feb5c2e3b6601e3_d2_1.png": {"intrinsics": {"fx": 1073.91, "fy": 1074.5, "cx": 624.437, "cy": 516.038}, "camera_to_world_matrix": [-0.0815217, -0.659674, 0.747118, -8.60805, 0.996653, -0.0492208, 0.0652905, -8.33969, -0.00629706, 0.749939, 0.66148, -1.39494, 0.0, 0.0, 0.0, 1.0]}, "03f6e7e5c26b45d78feb5c2e3b6601e3_d2_2.png": {"intrinsics": {"fx": 1073.91, "fy": 1074.5, "cx": 624.437, "cy": 516.038}, "camera_to_world_matrix": [0.822386, -0.376924, 0.426162, -8.60184, 0.568902, 0.552681, -0.609012, -8.32654, -0.00598076, 0.743286, 0.66895, -1.39509, 0.0, 0.0, 0.0, 1.0]}, "03f6e7e5c26b45d78feb5c2e3b6601e3_d2_3.png": {"intrinsics": {"fx": 1073.91, "fy": 1074.5, "cx": 624.437, "cy": 516.038}, "camera_to_world_matrix": [0.903899, 0.285741, -0.31831, -8.58734, -0.427741, 0.608743, -0.668185, -8.32533, 0.00284076, 0.740125, 0.672466, -1.39516, 0.0, 0.0, 0.0, 1.0]}, "03f6e7e5c26b45d78feb5c2e3b6601e3_d2_4.png": {"intrinsics": {"fx": 1073.91, "fy": 1074.5, "cx": 624.437, "cy": 516.038}, "camera_to_world_matrix": [0.081503, 0.665641, -0.741809, -8.57905, -0.99661, 0.0629026, -0.0530551, -8.33729, 0.0113458, 0.743617, 0.668512, -1.39508, 0.0, 0.0, 0.0, 1.0]}, "03f6e7e5c26b45d78feb5c2e3b6601e3_d2_5.png": {"intrinsics": {"fx": 1073.91, "fy": 1074.5, "cx": 624.437, "cy": 516.038}, "camera_to_world_matrix": [-0.822388, 0.382866, -0.420827, -8.58526, -0.568824, -0.538988, 0.621235, -8.35045, 0.0110291, 0.750271, 0.661041, -1.39493, 0.0, 0.0, 0.0, 1.0]}, "057976101e4f4f04b99391f81aa9c1b8_d0_0.png": {"intrinsics": {"fx": 1074.09, "fy": 1075.53, "cx": 620.224, "cy": 506.997}, "camera_to_world_matrix": [0.64062, -0.515745, -0.568871, -8.21586, -0.767857, -0.428707, -0.476032, -7.9073, 0.00163216, 0.741767, -0.670656, -1.46604, 0.0, 0.0, 0.0, 1.0]}, "057976101e4f4f04b99391f81aa9c1b8_d0_1.png": {"intrinsics": {"fx": 1074.09, "fy": 1075.53, "cx": 620.224, "cy": 506.997}, "camera_to_world_matrix": [-0.344667, -0.626002, -0.699519, -8.21336, -0.938723, 0.228178, 0.25833, -7.92163, -0.00210046, 0.745692, -0.666288, -1.46613, 0.0, 0.0, 0.0, 1.0]}, "057976101e4f4f04b99391f81aa9c1b8_d0_2.png": {"intrinsics": {"fx": 1074.09, "fy": 1075.53, "cx": 620.224, "cy": 506.997}, "camera_to_world_matrix": [-0.985292, -0.112238, -0.128851, -8.22452, -0.170876, 0.652088, 0.738636, -7.93096, 0.00111931, 0.749789, -0.661676, -1.46622, 0.0, 0.0, 0.0, 1.0]}, "057976101e4f4f04b99391f81aa9c1b8_d0_3.png": {"intrinsics": {"fx": 1074.09, "fy": 1075.53, "cx": 620.224, "cy": 506.997}, "camera_to_world_matrix": [-0.640616, 0.511772, 0.572452, -8.23819, 0.767819, 0.419104, 0.484568, -7.92596, 0.00807158, 0.749961, -0.661433, -1.46622, 0.0, 0.0, 0.0, 1.0]}, "057976101e4f4f04b99391f81aa9c1b8_d0_4.png": {"intrinsics": {"fx": 1074.09, "fy": 1075.53, "cx": 620.224, "cy": 506.997}, "camera_to_world_matrix": [0.344678, 0.622004, 0.703071, -8.24069, 0.938647, -0.237786, -0.2498, -7.91163, 0.011804, 0.746036, -0.665801, -1.46614, 0.0, 0.0, 0.0, 1.0]}, "057976101e4f4f04b99391f81aa9c1b8_d0_5.png": {"intrinsics": {"fx": 1074.09, "fy": 1075.53, "cx": 620.224, "cy": 506.997}, "camera_to_world_matrix": [0.985273, 0.108223, 0.132384, -8.22952, 0.170775, -0.661676, -0.730083, -7.90229, 0.008584, 0.741939, -0.670413, -1.46605, 0.0, 0.0, 0.0, 1.0]}, "057976101e4f4f04b99391f81aa9c1b8_d1_0.png": {"intrinsics": {"fx": 1074.98, "fy": 1075.76, "cx": 613.769, "cy": 519.186}, "camera_to_world_matrix": [0.641357, -0.00365678, -0.767233, -8.22443, -0.76724, -0.0053628, -0.641337, -7.9146, -0.00176913, 0.999979, -0.00624578, -1.43286, 0.0, 0.0, 0.0, 1.0]}, "057976101e4f4f04b99391f81aa9c1b8_d1_1.png": {"intrinsics": {"fx": 1074.98, "fy": 1075.76, "cx": 613.769, "cy": 519.186}, "camera_to_world_matrix": [-0.343779, -0.00224624, -0.939048, -8.22383, -0.939034, -0.00504261, 0.343786, -7.91804, -0.00550732, 0.999985, -0.000376435, -1.43288, 0.0, 0.0, 0.0, 1.0]}, "057976101e4f4f04b99391f81aa9c1b8_d1_2.png": {"intrinsics": {"fx": 1074.98, "fy": 1075.76, "cx": 613.769, "cy": 519.186}, "camera_to_world_matrix": [-0.985132, -0.00126366, -0.171793, -8.22651, -0.171782, -0.00610407, 0.985116, -7.92029, -0.00229334, 0.99998, 0.00579556, -1.4329, 0.0, 0.0, 0.0, 1.0]}, "057976101e4f4f04b99391f81aa9c1b8_d1_3.png": {"intrinsics": {"fx": 1074.98, "fy": 1075.76, "cx": 613.769, "cy": 519.186}, "camera_to_world_matrix": [-0.641335, -0.00169165, 0.767259, -8.2298, 0.767246, -0.0074857, 0.641308, -7.91909, 0.00465876, 0.99997, 0.00609808, -1.4329, 0.0, 0.0, 0.0, 1.0]}, "057976101e4f4f04b99391f81aa9c1b8_d1_4.png": {"intrinsics": {"fx": 1074.98, "fy": 1075.76, "cx": 613.769, "cy": 519.186}, "camera_to_world_matrix": [0.343807, -0.0031022, 0.939035, -8.2304, 0.939002, -0.00780584, -0.343822, -7.91564, 0.00839672, 0.999964, 0.000228586, -1.43288, 0.0, 0.0, 0.0, 1.0]}, "057976101e4f4f04b99391f81aa9c1b8_d1_5.png": {"intrinsics": {"fx": 1074.98, "fy": 1075.76, "cx": 613.769, "cy": 519.186}, "camera_to_world_matrix": [0.985131, -0.00408474, 0.171755, -8.22771, 0.171725, -0.00674434, -0.985122, -7.91339, 0.00518249, 0.999969, -0.00594329, -1.43286, 0.0, 0.0, 0.0, 1.0]}, "057976101e4f4f04b99391f81aa9c1b8_d2_0.png": {"intrinsics": {"fx": 1073.91, "fy": 1074.5, "cx": 624.437, "cy": 516.038}, "camera_to_world_matrix": [0.640429, 0.507542, -0.576414, -8.21604, -0.768019, 0.422544, -0.481255, -7.90772, -0.000696926, 0.750905, 0.660412, -1.39954, 0.0, 0.0, 0.0, 1.0]}, "057976101e4f4f04b99391f81aa9c1b8_d2_1.png": {"intrinsics": {"fx": 1073.91, "fy": 1074.5, "cx": 624.437, "cy": 516.038}, "camera_to_world_matrix": [-0.344913, 0.622872, -0.702187, -8.21354, -0.938626, -0.232408, 0.254894, -7.92206, -0.00442804, 0.747006, 0.664805, -1.39963, 0.0, 0.0, 0.0, 1.0]}, "057976101e4f4f04b99391f81aa9c1b8_d2_2.png": {"intrinsics": {"fx": 1073.91, "fy": 1074.5, "cx": 624.437, "cy": 516.038}, "camera_to_world_matrix": [-0.985341, 0.113319, -0.127536, -8.2247, -0.170602, -0.659744, 0.73187, -7.93139, -0.0012066, 0.742898, 0.669406, -1.39972, 0.0, 0.0, 0.0, 1.0]}, "057976101e4f4f04b99391f81aa9c1b8_d2_3.png": {"intrinsics": {"fx": 1073.91, "fy": 1074.5, "cx": 624.437, "cy": 516.038}, "camera_to_world_matrix": [-0.640413, -0.511553, 0.572876, -8.23837, 0.768012, -0.43212, 0.472688, -7.92639, 0.00574586, 0.742689, 0.669614, -1.39972, 0.0, 0.0, 0.0, 1.0]}, "057976101e4f4f04b99391f81aa9c1b8_d2_4.png": {"intrinsics": {"fx": 1073.91, "fy": 1074.5, "cx": 624.437, "cy": 516.038}, "camera_to_world_matrix": [0.344936, -0.626857, 0.69862, -8.24086, 0.93858, 0.222837, -0.263466, -7.91205, 0.00947677, 0.746589, 0.665221, -1.39964, 0.0, 0.0, 0.0, 1.0]}, "057976101e4f4f04b99391f81aa9c1b8_d2_5.png": {"intrinsics": {"fx": 1073.91, "fy": 1074.5, "cx": 624.437, "cy": 516.038}, "camera_to_world_matrix": [0.985334, -0.117287, 0.12395, -8.2297, 0.17053, 0.650153, -0.74042, -7.90272, 0.00625506, 0.750697, 0.66062, -1.39955, 0.0, 0.0, 0.0, 1.0]}, "067ad57950864b6482eee91a5bd6f5f5_d0_0.png": {"intrinsics": {"fx": 1074.09, "fy": 1075.53, "cx": 620.224, "cy": 506.997}, "camera_to_world_matrix": [-0.520356, 0.571078, 0.634902, -0.215811, 0.853886, 0.338914, 0.394988, -0.135212, 0.0103918, 0.747668, -0.663991, -1.11964, 0.0, 0.0, 0.0, 1.0]}, "067ad57950864b6482eee91a5bd6f5f5_d0_1.png": {"intrinsics": {"fx": 1074.09, "fy": 1075.53, "cx": 620.224, "cy": 506.997}, "camera_to_world_matrix": [0.479364, 0.583226, 0.655788, -0.216169, 0.87756, -0.327048, -0.350612, -0.120667, 0.00998862, 0.743564, -0.668591, -1.11955, 0.0, 0.0, 0.0, 1.0]}, "067ad57950864b6482eee91a5bd6f5f5_d0_2.png": {"intrinsics": {"fx": 1074.09, "fy": 1075.53, "cx": 620.224, "cy": 506.997}, "camera_to_world_matrix": [0.999711, 0.0125445, 0.0205059, -0.203751, 0.0236235, -0.670544, -0.741493, -0.113084, 0.0044485, 0.741763, -0.670647, -1.11951, 0.0, 0.0, 0.0, 1.0]}, "067ad57950864b6482eee91a5bd6f5f5_d0_3.png": {"intrinsics": {"fx": 1074.09, "fy": 1075.53, "cx": 620.224, "cy": 506.997}, "camera_to_world_matrix": [0.520328, -0.570272, -0.635648, -0.190975, -0.853967, -0.348071, -0.386766, -0.120047, -0.00068837, 0.744068, -0.668104, -1.11956, 0.0, 0.0, 0.0, 1.0]}, "067ad57950864b6482eee91a5bd6f5f5_d0_4.png": {"intrinsics": {"fx": 1074.09, "fy": 1075.53, "cx": 620.224, "cy": 506.997}, "camera_to_world_matrix": [-0.479393, -0.582394, -0.656506, -0.190618, -0.877601, 0.317892, 0.358834, -0.134592, -0.000284903, 0.748172, -0.663505, -1.11965, 0.0, 0.0, 0.0, 1.0]}, "067ad57950864b6482eee91a5bd6f5f5_d0_5.png": {"intrinsics": {"fx": 1074.09, "fy": 1075.53, "cx": 620.224, "cy": 506.997}, "camera_to_world_matrix": [-0.999707, -0.0116994, -0.021208, -0.203036, -0.023644, 0.661366, 0.749691, -0.142174, 0.00525534, 0.749972, -0.661449, -1.11969, 0.0, 0.0, 0.0, 1.0]}, "067ad57950864b6482eee91a5bd6f5f5_d1_0.png": {"intrinsics": {"fx": 1074.98, "fy": 1075.76, "cx": 613.769, "cy": 519.186}, "camera_to_world_matrix": [-0.521166, 0.00136427, 0.853454, -0.206362, 0.853426, -0.00734786, 0.521161, -0.129658, 0.00698222, 0.999972, 0.00266447, -1.08636, 0.0, 0.0, 0.0, 1.0]}, "067ad57950864b6482eee91a5bd6f5f5_d1_1.png": {"intrinsics": {"fx": 1074.98, "fy": 1075.76, "cx": 613.769, "cy": 519.186}, "camera_to_world_matrix": [0.478541, -7.80835e-05, 0.878065, -0.206448, 0.87804, -0.0074565, -0.478528, -0.126159, 0.00658481, 0.999972, -0.00350036, -1.08634, 0.0, 0.0, 0.0, 1.0]}, "067ad57950864b6482eee91a5bd6f5f5_d1_2.png": {"intrinsics": {"fx": 1074.98, "fy": 1075.76, "cx": 613.769, "cy": 519.186}, "camera_to_world_matrix": [0.999697, -0.000893331, 0.0245907, -0.203461, 0.0245848, -0.00626173, -0.999678, -0.124335, 0.00104718, 0.99998, -0.00623855, -1.08633, 0.0, 0.0, 0.0, 1.0]}, "067ad57950864b6482eee91a5bd6f5f5_d1_3.png": {"intrinsics": {"fx": 1074.98, "fy": 1075.76, "cx": 613.769, "cy": 519.186}, "camera_to_world_matrix": [0.521134, -0.000266209, -0.853474, -0.200388, -0.853464, -0.00495833, -0.521126, -0.12601, -0.00409292, 0.999987, -0.00281183, -1.08634, 0.0, 0.0, 0.0, 1.0]}, "067ad57950864b6482eee91a5bd6f5f5_d1_4.png": {"intrinsics": {"fx": 1074.98, "fy": 1075.76, "cx": 613.769, "cy": 519.186}, "camera_to_world_matrix": [-0.478574, 0.00117615, -0.878046, -0.200302, -0.878039, -0.00484974, 0.478564, -0.129509, -0.00369528, 0.999987, 0.00335299, -1.08637, 0.0, 0.0, 0.0, 1.0]}, "067ad57950864b6482eee91a5bd6f5f5_d1_5.png": {"intrinsics": {"fx": 1074.98, "fy": 1075.76, "cx": 613.769, "cy": 519.186}, "camera_to_world_matrix": [-0.999696, 0.00199135, -0.0245516, -0.203289, -0.0245634, -0.00604455, 0.99968, -0.131333, 0.00184246, 0.999979, 0.00609095, -1.08638, 0.0, 0.0, 0.0, 1.0]}, "067ad57950864b6482eee91a5bd6f5f5_d2_0.png": {"intrinsics": {"fx": 1073.91, "fy": 1074.5, "cx": 624.437, "cy": 516.038}, "camera_to_world_matrix": [-0.520136, -0.566599, 0.639082, -0.215775, 0.854047, -0.352109, 0.382918, -0.135621, 0.00806517, 0.744974, 0.667047, -1.05314, 0.0, 0.0, 0.0, 1.0]}, "067ad57950864b6482eee91a5bd6f5f5_d2_1.png": {"intrinsics": {"fx": 1073.91, "fy": 1074.5, "cx": 624.437, "cy": 516.038}, "camera_to_world_matrix": [0.4796, -0.584049, 0.654883, -0.216133, 0.877456, 0.312689, -0.363729, -0.121076, 0.00766033, 0.749074, 0.662444, -1.05305, 0.0, 0.0, 0.0, 1.0]}, "067ad57950864b6482eee91a5bd6f5f5_d2_2.png": {"intrinsics": {"fx": 1073.91, "fy": 1074.5, "cx": 624.437, "cy": 516.038}, "camera_to_world_matrix": [0.999726, -0.0170277, 0.0161519, -0.203715, 0.0233731, 0.660196, -0.750731, -0.113493, 0.00211942, 0.750901, 0.660413, -1.05302, 0.0, 0.0, 0.0, 1.0]}, "067ad57950864b6482eee91a5bd6f5f5_d2_3.png": {"intrinsics": {"fx": 1073.91, "fy": 1074.5, "cx": 624.437, "cy": 516.038}, "camera_to_world_matrix": [0.520105, 0.567432, -0.638367, -0.190939, -0.854099, 0.342896, -0.391077, -0.120456, -0.00301656, 0.748628, 0.662986, -1.05306, 0.0, 0.0, 0.0, 1.0]}, "067ad57950864b6482eee91a5bd6f5f5_d2_4.png": {"intrinsics": {"fx": 1073.91, "fy": 1074.5, "cx": 624.437, "cy": 516.038}, "camera_to_world_matrix": [-0.479631, 0.584857, -0.654139, -0.190581, -0.877468, -0.321903, 0.355571, -0.135001, -0.00261145, 0.744528, 0.667589, -1.05315, 0.0, 0.0, 0.0, 1.0]}, "067ad57950864b6482eee91a5bd6f5f5_d2_5.png": {"intrinsics": {"fx": 1073.91, "fy": 1074.5, "cx": 624.437, "cy": 516.038}, "camera_to_world_matrix": [-0.999724, 0.0178216, -0.0153924, -0.203, -0.0233649, -0.669387, 0.742547, -0.142584, 0.00292955, 0.742701, 0.669619, -1.05319, 0.0, 0.0, 0.0, 1.0]}, "0e59dc94728348e7a3e5e3746f2742ea_d0_0.png": {"intrinsics": {"fx": 1074.09, "fy": 1075.53, "cx": 620.224, "cy": 506.997}, "camera_to_world_matrix": [0.816898, -0.378442, -0.43527, -0.088868, -0.576768, -0.530631, -0.621103, -1.93574, 0.00408366, 0.758427, -0.651745, -0.896257, 0.0, 0.0, 0.0, 1.0]}, "0e59dc94728348e7a3e5e3746f2742ea_d0_1.png": {"intrinsics": {"fx": 1074.09, "fy": 1075.53, "cx": 620.224, "cy": 506.997}, "camera_to_world_matrix": [-0.0909948, -0.65427, -0.750767, -0.0827585, -0.995631, 0.0756305, 0.0547634, -1.94895, 0.0209508, 0.75247, -0.658294, -0.896128, 0.0, 0.0, 0.0, 1.0]}, "0e59dc94728348e7a3e5e3746f2742ea_d0_2.png": {"intrinsics": {"fx": 1074.09, "fy": 1075.53, "cx": 620.224, "cy": 506.997}, "camera_to_world_matrix": [-0.907834, -0.267156, -0.323211, -0.0911391, -0.418767, 0.617527, 0.665804, -1.96084, 0.0217178, 0.739789, -0.672488, -0.895851, 0.0, 0.0, 0.0, 1.0]}, "0e59dc94728348e7a3e5e3746f2742ea_d0_3.png": {"intrinsics": {"fx": 1074.09, "fy": 1075.53, "cx": 620.224, "cy": 506.997}, "camera_to_world_matrix": [-0.816763, 0.395777, 0.419833, -0.105629, 0.576947, 0.55315, 0.600964, -1.95952, 0.00561758, 0.733066, -0.680134, -0.895703, 0.0, 0.0, 0.0, 1.0]}, "0e59dc94728348e7a3e5e3746f2742ea_d0_4.png": {"intrinsics": {"fx": 1074.09, "fy": 1075.53, "cx": 620.224, "cy": 506.997}, "camera_to_world_matrix": [0.0911463, 0.671581, 0.735304, -0.111738, 0.995774, -0.0531232, -0.0749141, -1.94632, -0.0112492, 0.739024, -0.673585, -0.895831, 0.0, 0.0, 0.0, 1.0]}, "0e59dc94728348e7a3e5e3746f2742ea_d0_5.png": {"intrinsics": {"fx": 1074.09, "fy": 1075.53, "cx": 620.224, "cy": 506.997}, "camera_to_world_matrix": [0.907963, 0.284446, 0.307723, -0.103357, 0.418878, -0.595005, -0.685938, -1.93443, -0.0120155, 0.751705, -0.659391, -0.896108, 0.0, 0.0, 0.0, 1.0]}, "0e59dc94728348e7a3e5e3746f2742ea_d1_0.png": {"intrinsics": {"fx": 1074.98, "fy": 1075.76, "cx": 613.769, "cy": 519.186}, "camera_to_world_matrix": [0.817408, 0.0103833, -0.575964, -0.0948466, -0.576057, 0.0158775, -0.817255, -1.94427, 0.000659216, 0.99982, 0.0189591, -0.862803, 0.0, 0.0, 0.0, 1.0]}, "0e59dc94728348e7a3e5e3746f2742ea_d1_1.png": {"intrinsics": {"fx": 1074.98, "fy": 1075.76, "cx": 613.769, "cy": 519.186}, "camera_to_world_matrix": [-0.0900987, 0.0116636, -0.995864, -0.0933769, -0.995778, 0.0165501, 0.090285, -1.94745, 0.0175349, 0.999795, 0.0101225, -0.862772, 0.0, 0.0, 0.0, 1.0]}, "0e59dc94728348e7a3e5e3746f2742ea_d1_2.png": {"intrinsics": {"fx": 1074.98, "fy": 1075.76, "cx": 613.769, "cy": 519.186}, "camera_to_world_matrix": [-0.907488, 0.0128864, -0.419878, -0.0953929, -0.419676, 0.0157777, 0.907537, -1.95031, 0.0183198, 0.999792, -0.0089106, -0.862705, 0.0, 0.0, 0.0, 1.0]}, "0e59dc94728348e7a3e5e3746f2742ea_d1_3.png": {"intrinsics": {"fx": 1074.98, "fy": 1075.76, "cx": 613.769, "cy": 519.186}, "camera_to_world_matrix": [-0.817353, 0.012829, 0.575995, -0.0988784, 0.576133, 0.0143325, 0.81723, -1.94999, 0.00222897, 0.999815, -0.0191067, -0.862669, 0.0, 0.0, 0.0, 1.0]}, "0e59dc94728348e7a3e5e3746f2742ea_d1_4.png": {"intrinsics": {"fx": 1074.98, "fy": 1075.76, "cx": 613.769, "cy": 519.186}, "camera_to_world_matrix": [0.0901711, 0.0115488, 0.995859, -0.100348, 0.995818, 0.0136599, -0.0903261, -1.94681, -0.0146464, 0.99984, -0.0102694, -0.8627, 0.0, 0.0, 0.0, 1.0]}, "0e59dc94728348e7a3e5e3746f2742ea_d1_5.png": {"intrinsics": {"fx": 1074.98, "fy": 1075.76, "cx": 613.769, "cy": 519.186}, "camera_to_world_matrix": [0.907538, 0.0103259, 0.419841, -0.0983319, 0.419684, 0.0144324, -0.907555, -1.94395, -0.0154305, 0.999842, 0.0087637, -0.862767, 0.0, 0.0, 0.0, 1.0]}, "0e59dc94728348e7a3e5e3746f2742ea_d2_0.png": {"intrinsics": {"fx": 1073.91, "fy": 1074.5, "cx": 624.437, "cy": 516.038}, "camera_to_world_matrix": [0.816726, 0.390815, -0.424528, -0.0880962, -0.577026, 0.555405, -0.598807, -1.93474, 0.00176164, 0.734023, 0.679125, -0.829769, 0.0, 0.0, 0.0, 1.0]}, "0e59dc94728348e7a3e5e3746f2742ea_d2_1.png": {"intrinsics": {"fx": 1073.91, "fy": 1074.5, "cx": 624.437, "cy": 516.038}, "camera_to_world_matrix": [-0.0912867, 0.671046, -0.735775, -0.0819867, -0.995652, -0.0476827, 0.0800403, -1.94794, 0.0186266, 0.739882, 0.672482, -0.82964, 0.0, 0.0, 0.0, 1.0]}, "0e59dc94728348e7a3e5e3746f2742ea_d2_2.png": {"intrinsics": {"fx": 1073.91, "fy": 1074.5, "cx": 624.437, "cy": 516.038}, "camera_to_world_matrix": [-0.907982, 0.288884, -0.303512, -0.0903673, -0.418566, -0.591805, 0.688891, -1.95983, 0.0193886, 0.752538, 0.658265, -0.829363, 0.0, 0.0, 0.0, 1.0]}, "0e59dc94728348e7a3e5e3746f2742ea_d2_3.png": {"intrinsics": {"fx": 1073.91, "fy": 1074.5, "cx": 624.437, "cy": 516.038}, "camera_to_world_matrix": [-0.816645, -0.373501, 0.439989, -0.104857, 0.577134, -0.532828, 0.618881, -1.95852, 0.00328552, 0.759337, 0.650692, -0.829215, 0.0, 0.0, 0.0, 1.0]}, "0e59dc94728348e7a3e5e3746f2742ea_d2_4.png": {"intrinsics": {"fx": 1073.91, "fy": 1074.5, "cx": 624.437, "cy": 516.038}, "camera_to_world_matrix": [0.0913842, -0.653708, 0.75121, -0.110966, 0.995725, 0.0702699, -0.0599787, -1.94531, -0.0135791, 0.753478, 0.657336, -0.829344, 0.0, 0.0, 0.0, 1.0]}, "0e59dc94728348e7a3e5e3746f2742ea_d2_5.png": {"intrinsics": {"fx": 1073.91, "fy": 1074.5, "cx": 624.437, "cy": 516.038}, "camera_to_world_matrix": [0.908057, -0.271524, 0.318923, -0.102585, 0.418606, 0.614378, -0.668812, -1.93342, -0.0143404, 0.740821, 0.671552, -0.82962, 0.0, 0.0, 0.0, 1.0]}, "10e1b4e1aab94a7988477a15f8cc518b_d0_0.png": {"intrinsics": {"fx": 1074.09, "fy": 1075.53, "cx": 620.224, "cy": 506.997}, "camera_to_world_matrix": [-0.444966, -0.602582, -0.662496, -4.77974, -0.895507, 0.292323, 0.335581, -10.8793, -0.00855179, 0.742592, -0.66969, -1.49775, 0.0, 0.0, 0.0, 1.0]}, "10e1b4e1aab94a7988477a15f8cc518b_d0_1.png": {"intrinsics": {"fx": 1074.09, "fy": 1075.53, "cx": 620.224, "cy": 506.997}, "camera_to_world_matrix": [-0.998034, -0.0456917, -0.0428961, -4.79185, -0.0623753, 0.65764, 0.750746, -10.8873, -0.00609268, 0.751946, -0.659197, -1.49795, 0.0, 0.0, 0.0, 1.0]}, "10e1b4e1aab94a7988477a15f8cc518b_d0_2.png": {"intrinsics": {"fx": 1074.09, "fy": 1075.53, "cx": 620.224, "cy": 506.997}, "camera_to_world_matrix": [-0.553096, 0.54917, 0.626496, -4.80489, 0.833085, 0.357974, 0.421691, -10.8809, 0.00731076, 0.75516, -0.6555, -1.49803, 0.0, 0.0, 0.0, 1.0]}, "10e1b4e1aab94a7988477a15f8cc518b_d0_3.png": {"intrinsics": {"fx": 1074.09, "fy": 1075.53, "cx": 620.224, "cy": 506.997}, "camera_to_world_matrix": [0.4449, 0.587128, 0.676273, -4.80581, 0.895394, -0.307, -0.322521, -10.8663, 0.0182547, 0.74902, -0.662296, -1.49789, 0.0, 0.0, 0.0, 1.0]}, "10e1b4e1aab94a7988477a15f8cc518b_d0_4.png": {"intrinsics": {"fx": 1074.09, "fy": 1075.53, "cx": 620.224, "cy": 506.997}, "camera_to_world_matrix": [0.997936, 0.0302236, 0.0566566, -4.79369, 0.0622411, -0.672295, -0.737662, -10.8583, 0.0157951, 0.739666, -0.672789, -1.49769, 0.0, 0.0, 0.0, 1.0]}, "10e1b4e1aab94a7988477a15f8cc518b_d0_5.png": {"intrinsics": {"fx": 1074.09, "fy": 1075.53, "cx": 620.224, "cy": 506.997}, "camera_to_world_matrix": [0.552963, -0.564626, -0.612722, -4.78066, -0.833202, -0.372606, -0.408581, -10.8647, 0.00239148, 0.736452, -0.676486, -1.49762, 0.0, 0.0, 0.0, 1.0]}, "10e1b4e1aab94a7988477a15f8cc518b_d1_0.png": {"intrinsics": {"fx": 1074.98, "fy": 1075.76, "cx": 613.769, "cy": 519.186}, "camera_to_world_matrix": [-0.444092, -0.00977555, -0.895927, -4.78998, -0.8959, -0.0084965, 0.444172, -10.8747, -0.0119541, 0.999916, -0.00498537, -1.46456, 0.0, 0.0, 0.0, 1.0]}, "10e1b4e1aab94a7988477a15f8cc518b_d1_1.png": {"intrinsics": {"fx": 1074.98, "fy": 1075.76, "cx": 613.769, "cy": 519.186}, "camera_to_world_matrix": [-0.99795, -0.00891459, -0.0633672, -4.7929, -0.0632811, -0.00965879, 0.997949, -10.8766, -0.0095082, 0.999913, 0.00907419, -1.46461, 0.0, 0.0, 0.0, 1.0]}, "10e1b4e1aab94a7988477a15f8cc518b_d1_2.png": {"intrinsics": {"fx": 1074.98, "fy": 1075.76, "cx": 613.769, "cy": 519.186}, "camera_to_world_matrix": [-0.55385, -0.00949062, 0.832562, -4.79603, 0.832607, -0.0109854, 0.553755, -10.8751, 0.00389074, 0.999894, 0.0139856, -1.46462, 0.0, 0.0, 0.0, 1.0]}, "10e1b4e1aab94a7988477a15f8cc518b_d1_3.png": {"intrinsics": {"fx": 1074.98, "fy": 1075.76, "cx": 613.769, "cy": 519.186}, "camera_to_world_matrix": [0.444097, -0.0109276, 0.895911, -4.79625, 0.895855, -0.0111498, -0.444206, -10.8716, 0.0148435, 0.999878, 0.00483728, -1.46459, 0.0, 0.0, 0.0, 1.0]}, "10e1b4e1aab94a7988477a15f8cc518b_d1_4.png": {"intrinsics": {"fx": 1074.98, "fy": 1075.76, "cx": 613.769, "cy": 519.186}, "camera_to_world_matrix": [0.997922, -0.0117885, 0.0633298, -4.79334, 0.0632138, -0.00998745, -0.99795, -10.8696, 0.012397, 0.99988, -0.00922219, -1.46454, 0.0, 0.0, 0.0, 1.0]}, "10e1b4e1aab94a7988477a15f8cc518b_d1_5.png": {"intrinsics": {"fx": 1074.98, "fy": 1075.76, "cx": 613.769, "cy": 519.186}, "camera_to_world_matrix": [0.553787, -0.0112124, -0.832582, -4.7902, -0.832657, -0.00866082, -0.553721, -10.8712, -0.00100213, 0.999899, -0.014133, -1.46452, 0.0, 0.0, 0.0, 1.0]}, "10e1b4e1aab94a7988477a15f8cc518b_d2_0.png": {"intrinsics": {"fx": 1073.91, "fy": 1074.5, "cx": 624.437, "cy": 516.038}, "camera_to_world_matrix": [-0.445183, 0.588571, -0.674832, -4.78043, -0.895375, -0.301753, 0.327492, -10.8799, -0.0108805, 0.75002, 0.661328, -1.43126, 0.0, 0.0, 0.0, 1.0]}, "10e1b4e1aab94a7988477a15f8cc518b_d2_1.png": {"intrinsics": {"fx": 1073.91, "fy": 1074.5, "cx": 624.437, "cy": 516.038}, "camera_to_world_matrix": [-0.998037, 0.0354931, -0.0516348, -4.79254, -0.0620886, -0.670934, 0.738913, -10.888, -0.00841761, 0.740668, 0.671821, -1.43146, 0.0, 0.0, 0.0, 1.0]}, "10e1b4e1aab94a7988477a15f8cc518b_d2_2.png": {"intrinsics": {"fx": 1073.91, "fy": 1074.5, "cx": 624.437, "cy": 516.038}, "camera_to_world_matrix": [-0.552857, -0.56081, 0.616314, -4.80558, 0.833263, -0.376503, 0.404872, -10.8815, 0.00498727, 0.737387, 0.675455, -1.43153, 0.0, 0.0, 0.0, 1.0]}, "10e1b4e1aab94a7988477a15f8cc518b_d2_3.png": {"intrinsics": {"fx": 1073.91, "fy": 1074.5, "cx": 624.437, "cy": 516.038}, "camera_to_world_matrix": [0.445166, -0.604021, 0.661051, -4.8065, 0.895308, 0.287104, -0.340583, -10.867, 0.015929, 0.743459, 0.668594, -1.4314, 0.0, 0.0, 0.0, 1.0]}, "10e1b4e1aab94a7988477a15f8cc518b_d2_4.png": {"intrinsics": {"fx": 1073.91, "fy": 1074.5, "cx": 624.437, "cy": 516.038}, "camera_to_world_matrix": [0.997987, -0.0509287, 0.0378376, -4.79438, 0.0620001, 0.656264, -0.751981, -10.8589, 0.0134656, 0.752811, 0.658101, -1.43119, 0.0, 0.0, 0.0, 1.0]}, "10e1b4e1aab94a7988477a15f8cc518b_d2_5.png": {"intrinsics": {"fx": 1073.91, "fy": 1074.5, "cx": 624.437, "cy": 516.038}, "camera_to_world_matrix": [0.552772, 0.545363, -0.630098, -4.78135, -0.833334, 0.361809, -0.417913, -10.8654, 6.04845e-05, 0.756092, 0.654468, -1.43112, 0.0, 0.0, 0.0, 1.0]}, "154cbcc9b744473780da78d787e1ad34_d0_0.png": {"intrinsics": {"fx": 1074.09, "fy": 1075.53, "cx": 620.224, "cy": 506.997}, "camera_to_world_matrix": [-0.843839, -0.340332, -0.414862, -2.35969, -0.536273, 0.561751, 0.629958, -10.9512, 0.0186544, 0.754062, -0.656539, -1.50263, 0.0, 0.0, 0.0, 1.0]}, "154cbcc9b744473780da78d787e1ad34_d0_1.png": {"intrinsics": {"fx": 1074.09, "fy": 1075.53, "cx": 620.224, "cy": 506.997}, "camera_to_world_matrix": [-0.886162, 0.325187, 0.330106, -2.37423, 0.462823, 0.58637, 0.664804, -10.9518, 0.0226217, 0.741905, -0.670123, -1.50236, 0.0, 0.0, 0.0, 1.0]}, "154cbcc9b744473780da78d787e1ad34_d0_2.png": {"intrinsics": {"fx": 1074.09, "fy": 1075.53, "cx": 620.224, "cy": 506.997}, "camera_to_world_matrix": [-0.0422144, 0.679223, 0.732717, -2.38204, 0.99907, 0.0222249, 0.0369576, -10.9396, 0.00881787, 0.733596, -0.679529, -1.50218, 0.0, 0.0, 0.0, 1.0]}, "154cbcc9b744473780da78d787e1ad34_d0_3.png": {"intrinsics": {"fx": 1074.09, "fy": 1075.53, "cx": 620.224, "cy": 506.997}, "camera_to_world_matrix": [0.844038, 0.367731, 0.390352, -2.37532, 0.536209, -0.566526, -0.625722, -10.9267, -0.00895288, 0.737443, -0.67535, -1.50226, 0.0, 0.0, 0.0, 1.0]}, "154cbcc9b744473780da78d787e1ad34_d0_4.png": {"intrinsics": {"fx": 1074.09, "fy": 1075.53, "cx": 620.224, "cy": 506.997}, "camera_to_world_matrix": [0.886322, -0.29779, -0.354618, -2.36078, -0.462888, -0.591119, -0.66054, -10.926, -0.0129193, 0.7496, -0.661765, -1.50253, 0.0, 0.0, 0.0, 1.0]}, "154cbcc9b744473780da78d787e1ad34_d0_5.png": {"intrinsics": {"fx": 1074.09, "fy": 1075.53, "cx": 620.224, "cy": 506.997}, "camera_to_world_matrix": [0.0423535, -0.651803, -0.757205, -2.35297, -0.999102, -0.0269597, -0.032677, -10.9383, 0.000884942, 0.757909, -0.65236, -1.50271, 0.0, 0.0, 0.0, 1.0]}, "154cbcc9b744473780da78d787e1ad34_d1_0.png": {"intrinsics": {"fx": 1074.98, "fy": 1075.76, "cx": 613.769, "cy": 519.186}, "camera_to_world_matrix": [-0.843405, 0.0195604, -0.536921, -2.36501, -0.537061, -0.00235395, 0.84354, -10.942, 0.0152362, 0.999806, 0.0124898, -1.46924, 0.0, 0.0, 0.0, 1.0]}, "154cbcc9b744473780da78d787e1ad34_d1_1.png": {"intrinsics": {"fx": 1074.98, "fy": 1075.76, "cx": 613.769, "cy": 519.186}, "camera_to_world_matrix": [-0.886668, 0.0196959, 0.461985, -2.36851, 0.462004, -0.00379401, 0.886869, -10.9421, 0.0192206, 0.999799, -0.00573625, -1.46918, 0.0, 0.0, 0.0, 1.0]}, "154cbcc9b744473780da78d787e1ad34_d1_2.png": {"intrinsics": {"fx": 1074.98, "fy": 1075.76, "cx": 613.769, "cy": 519.186}, "camera_to_world_matrix": [-0.0432169, 0.0185167, 0.998894, -2.37039, 0.99905, -0.00463149, 0.0433094, -10.9392, 0.00542847, 0.999817, -0.0182997, -1.46914, 0.0, 0.0, 0.0, 1.0]}, "154cbcc9b744473780da78d787e1ad34_d1_3.png": {"intrinsics": {"fx": 1074.98, "fy": 1075.76, "cx": 613.769, "cy": 519.186}, "camera_to_world_matrix": [0.843479, 0.017202, 0.536885, -2.36877, 0.537019, -0.00402889, -0.84356, -10.9361, -0.0123478, 0.999844, -0.0126368, -1.46915, 0.0, 0.0, 0.0, 1.0]}, "154cbcc9b744473780da78d787e1ad34_d1_4.png": {"intrinsics": {"fx": 1074.98, "fy": 1075.76, "cx": 613.769, "cy": 519.186}, "camera_to_world_matrix": [0.886704, 0.0170666, -0.462022, -2.36528, -0.462048, -0.00258883, -0.88685, -10.9359, -0.0163314, 0.999851, 0.00558939, -1.46922, 0.0, 0.0, 0.0, 1.0]}, "154cbcc9b744473780da78d787e1ad34_d1_5.png": {"intrinsics": {"fx": 1074.98, "fy": 1075.76, "cx": 613.769, "cy": 519.186}, "camera_to_world_matrix": [0.0432308, 0.0182458, -0.998898, -2.3634, -0.999061, -0.00175139, -0.0432697, -10.9389, -0.0025388, 0.999832, 0.0181523, -1.46926, 0.0, 0.0, 0.0, 1.0]}, "154cbcc9b744473780da78d787e1ad34_d2_0.png": {"intrinsics": {"fx": 1073.91, "fy": 1074.5, "cx": 624.437, "cy": 516.038}, "camera_to_world_matrix": [-0.844032, 0.37171, -0.386581, -2.35847, -0.536047, -0.562781, 0.629231, -10.9514, 0.0163308, 0.738315, 0.67426, -1.43614, 0.0, 0.0, 0.0, 1.0]}, "154cbcc9b744473780da78d787e1ad34_d2_1.png": {"intrinsics": {"fx": 1073.91, "fy": 1074.5, "cx": 624.437, "cy": 516.038}, "camera_to_world_matrix": [-0.886091, -0.292546, 0.359529, -2.373, 0.46307, -0.59268, 0.659013, -10.9521, 0.0202933, 0.750432, 0.660639, -1.43587, 0.0, 0.0, 0.0, 1.0]}, "154cbcc9b744473780da78d787e1ad34_d2_2.png": {"intrinsics": {"fx": 1073.91, "fy": 1074.5, "cx": 624.437, "cy": 516.038}, "camera_to_world_matrix": [-0.0419928, -0.650522, 0.758326, -2.38082, 0.999099, -0.0322687, 0.0276452, -10.9398, 0.006486, 0.758802, 0.651292, -1.43569, 0.0, 0.0, 0.0, 1.0]}, "154cbcc9b744473780da78d787e1ad34_d2_3.png": {"intrinsics": {"fx": 1073.91, "fy": 1074.5, "cx": 624.437, "cy": 516.038}, "camera_to_world_matrix": [0.844146, -0.344234, 0.411004, -2.37409, 0.535998, 0.558029, -0.633491, -10.9269, -0.0112834, 0.755055, 0.655567, -1.43577, 0.0, 0.0, 0.0, 1.0]}, "154cbcc9b744473780da78d787e1ad34_d2_4.png": {"intrinsics": {"fx": 1073.91, "fy": 1074.5, "cx": 624.437, "cy": 516.038}, "camera_to_world_matrix": [0.886166, 0.320024, -0.335107, -2.35956, -0.463121, 0.587901, -0.663245, -10.9262, -0.0152451, 0.742939, 0.669188, -1.43604, 0.0, 0.0, 0.0, 1.0]}, "154cbcc9b744473780da78d787e1ad34_d2_5.png": {"intrinsics": {"fx": 1073.91, "fy": 1074.5, "cx": 624.437, "cy": 516.038}, "camera_to_world_matrix": [0.0420464, 0.677978, -0.733879, -2.35175, -0.999116, 0.0274758, -0.0318607, -10.9385, -0.00143734, 0.734569, 0.678535, -1.43622, 0.0, 0.0, 0.0, 1.0]}, "15fed527c8c1453487714cbfd0ee4bb7_d0_0.png": {"intrinsics": {"fx": 1074.09, "fy": 1075.53, "cx": 620.224, "cy": 506.997}, "camera_to_world_matrix": [-0.997108, 0.0256126, 0.0715473, 11.7096, 0.0702368, 0.670062, 0.738975, -11.5037, -0.029014, 0.741863, -0.669923, 4.71648, 0.0, 0.0, 0.0, 1.0]}, "15fed527c8c1453487714cbfd0ee4bb7_d0_1.png": {"intrinsics": {"fx": 1074.09, "fy": 1075.53, "cx": 620.224, "cy": 506.997}, "camera_to_world_matrix": [-0.437633, 0.575215, 0.69109, 11.6975, 0.898995, 0.294359, 0.324285, -11.4956, -0.0168953, 0.763204, -0.645936, 4.71602, 0.0, 0.0, 0.0, 1.0]}, "15fed527c8c1453487714cbfd0ee4bb7_d0_2.png": {"intrinsics": {"fx": 1074.09, "fy": 1075.53, "cx": 620.224, "cy": 506.997}, "camera_to_world_matrix": [0.559323, 0.524685, 0.641766, 11.6985, 0.828776, -0.369797, -0.419976, -11.4811, 0.0169683, 0.766783, -0.641682, 4.71594, 0.0, 0.0, 0.0, 1.0]}, "15fed527c8c1453487714cbfd0ee4bb7_d0_3.png": {"intrinsics": {"fx": 1074.09, "fy": 1075.53, "cx": 620.224, "cy": 506.997}, "camera_to_world_matrix": [0.996782, -0.0754465, -0.0270984, 11.7116, -0.0701987, -0.658236, -0.749531, -11.4747, 0.0387123, 0.749021, -0.661414, 4.71632, 0.0, 0.0, 0.0, 1.0]}, "15fed527c8c1453487714cbfd0ee4bb7_d0_4.png": {"intrinsics": {"fx": 1074.09, "fy": 1075.53, "cx": 620.224, "cy": 506.997}, "camera_to_world_matrix": [0.437274, -0.625034, -0.646625, 11.7236, -0.898935, -0.282513, -0.334817, -11.4829, 0.0265923, 0.727681, -0.6854, 4.71679, 0.0, 0.0, 0.0, 1.0]}, "15fed527c8c1453487714cbfd0ee4bb7_d0_5.png": {"intrinsics": {"fx": 1074.09, "fy": 1075.53, "cx": 620.224, "cy": 506.997}, "camera_to_world_matrix": [-0.559679, -0.574478, -0.597272, 11.7226, -0.828677, 0.381642, 0.409443, -11.4974, -0.00727147, 0.724103, -0.689654, 4.71687, 0.0, 0.0, 0.0, 1.0]}, "15fed527c8c1453487714cbfd0ee4bb7_d1_0.png": {"intrinsics": {"fx": 1074.98, "fy": 1075.76, "cx": 613.769, "cy": 519.186}, "camera_to_world_matrix": [-0.99707, -0.0319433, 0.0694911, 11.7092, 0.0692723, 0.00789862, 0.997566, -11.4925, -0.0324143, 0.999458, -0.00566337, 4.74965, 0.0, 0.0, 0.0, 1.0]}, "15fed527c8c1453487714cbfd0ee4bb7_d1_1.png": {"intrinsics": {"fx": 1074.98, "fy": 1075.76, "cx": 613.769, "cy": 519.186}, "camera_to_world_matrix": [-0.438369, -0.0326898, 0.8982, 11.7063, 0.898564, 0.00665979, 0.438789, -11.4905, -0.0203256, 0.999443, 0.0264538, 4.74954, 0.0, 0.0, 0.0, 1.0]}, "15fed527c8c1453487714cbfd0ee4bb7_d1_2.png": {"intrinsics": {"fx": 1074.98, "fy": 1075.76, "cx": 613.769, "cy": 519.186}, "camera_to_world_matrix": [0.558663, -0.0341352, 0.828691, 11.7066, 0.829283, 0.00668694, -0.558787, -11.487, 0.013533, 0.999394, 0.0320428, 4.74952, 0.0, 0.0, 0.0, 1.0]}, "15fed527c8c1453487714cbfd0ee4bb7_d1_3.png": {"intrinsics": {"fx": 1074.98, "fy": 1075.76, "cx": 613.769, "cy": 519.186}, "camera_to_world_matrix": [0.996971, -0.034834, -0.069525, 11.7097, -0.0692882, 0.00795291, -0.997565, -11.4855, 0.0353022, 0.999361, 0.00551456, 4.74961, 0.0, 0.0, 0.0, 1.0]}, "15fed527c8c1453487714cbfd0ee4bb7_d1_4.png": {"intrinsics": {"fx": 1074.98, "fy": 1075.76, "cx": 613.769, "cy": 519.186}, "camera_to_world_matrix": [0.438237, -0.0340875, -0.898212, 11.7126, -0.898559, 0.00919171, -0.438755, -11.4874, 0.0232123, 0.999376, -0.0266021, 4.74973, 0.0, 0.0, 0.0, 1.0]}, "15fed527c8c1453487714cbfd0ee4bb7_d1_5.png": {"intrinsics": {"fx": 1074.98, "fy": 1075.76, "cx": 613.769, "cy": 519.186}, "camera_to_world_matrix": [-0.558792, -0.0326421, -0.828664, 11.7124, -0.829239, 0.00916451, 0.558819, -11.4909, -0.0106465, 0.999425, -0.0321898, 4.74975, 0.0, 0.0, 0.0, 1.0]}, "15fed527c8c1453487714cbfd0ee4bb7_d2_0.png": {"intrinsics": {"fx": 1073.91, "fy": 1074.5, "cx": 624.437, "cy": 516.038}, "camera_to_world_matrix": [-0.997022, -0.0700662, 0.0322617, 11.7073, 0.0704834, -0.657569, 0.750091, -11.5032, -0.031342, 0.75013, 0.66055, 4.78295, 0.0, 0.0, 0.0, 1.0]}, "15fed527c8c1453487714cbfd0ee4bb7_d2_1.png": {"intrinsics": {"fx": 1073.91, "fy": 1074.5, "cx": 624.437, "cy": 516.038}, "camera_to_world_matrix": [-0.437322, -0.62179, 0.649714, 11.6953, 0.899102, -0.286864, 0.330649, -11.4951, -0.0192146, 0.728757, 0.684505, 4.78248, 0.0, 0.0, 0.0, 1.0]}, "15fed527c8c1453487714cbfd0ee4bb7_d2_2.png": {"intrinsics": {"fx": 1073.91, "fy": 1074.5, "cx": 624.437, "cy": 516.038}, "camera_to_world_matrix": [0.559626, -0.576645, 0.595233, 11.6963, 0.828618, 0.376631, -0.414178, -11.4806, 0.0146508, 0.725004, 0.688591, 4.7824, 0.0, 0.0, 0.0, 1.0]}, "15fed527c8c1453487714cbfd0ee4bb7_d2_3.png": {"intrinsics": {"fx": 1073.91, "fy": 1074.5, "cx": 624.437, "cy": 516.038}, "camera_to_world_matrix": [0.996851, 0.0202216, -0.0766996, 11.7094, -0.0704822, 0.669406, -0.739547, -11.4742, 0.036388, 0.742622, 0.668724, 4.78278, 0.0, 0.0, 0.0, 1.0]}, "15fed527c8c1453487714cbfd0ee4bb7_d2_4.png": {"intrinsics": {"fx": 1073.91, "fy": 1074.5, "cx": 624.437, "cy": 516.038}, "camera_to_world_matrix": [0.437118, 0.571931, -0.694135, 11.7214, -0.899079, 0.298679, -0.320081, -11.4823, 0.0242594, 0.763994, 0.644769, 4.78325, 0.0, 0.0, 0.0, 1.0]}, "15fed527c8c1453487714cbfd0ee4bb7_d2_5.png": {"intrinsics": {"fx": 1073.91, "fy": 1074.5, "cx": 624.437, "cy": 516.038}, "camera_to_world_matrix": [-0.559827, 0.52676, -0.639625, 11.7204, -0.828556, -0.364814, 0.424744, -11.4968, -0.00960622, 0.767747, 0.640684, 4.78333, 0.0, 0.0, 0.0, 1.0]}, "19c60ba074144f09ba124adef82ef7fa_d0_0.png": {"intrinsics": {"fx": 1074.09, "fy": 1075.53, "cx": 620.224, "cy": 506.997}, "camera_to_world_matrix": [0.235541, -0.652673, -0.720096, 7.04799, -0.971856, -0.155099, -0.177314, -10.8491, 0.00404191, 0.741594, -0.670836, -1.48255, 0.0, 0.0, 0.0, 1.0]}, "19c60ba074144f09ba124adef82ef7fa_d0_1.png": {"intrinsics": {"fx": 1074.09, "fy": 1075.53, "cx": 620.224, "cy": 506.997}, "camera_to_world_matrix": [-0.723879, -0.461426, -0.512918, 7.0439, -0.689926, 0.482935, 0.539237, -10.8631, -0.00111145, 0.744218, -0.667936, -1.48261, 0.0, 0.0, 0.0, 1.0]}, "19c60ba074144f09ba124adef82ef7fa_d0_2.png": {"intrinsics": {"fx": 1074.09, "fy": 1075.53, "cx": 620.224, "cy": 506.997}, "camera_to_world_matrix": [-0.959434, 0.186747, 0.211217, 7.02976, 0.281935, 0.636308, 0.71807, -10.8665, -0.000301424, 0.74849, -0.663146, -1.4827, 0.0, 0.0, 0.0, 1.0]}, "19c60ba074144f09ba124adef82ef7fa_d0_3.png": {"intrinsics": {"fx": 1074.09, "fy": 1075.53, "cx": 620.224, "cy": 506.997}, "camera_to_world_matrix": [-0.235562, 0.643659, 0.728158, 7.01971, 0.971843, 0.151644, 0.180349, -10.856, 0.00566188, 0.750138, -0.661257, -1.48274, 0.0, 0.0, 0.0, 1.0]}, "19c60ba074144f09ba124adef82ef7fa_d0_4.png": {"intrinsics": {"fx": 1074.09, "fy": 1075.53, "cx": 620.224, "cy": 506.997}, "camera_to_world_matrix": [0.723848, 0.452386, 0.520952, 7.0238, 0.689875, -0.486383, -0.536194, -10.842, 0.0108151, 0.747515, -0.664157, -1.48268, 0.0, 0.0, 0.0, 1.0]}, "19c60ba074144f09ba124adef82ef7fa_d0_5.png": {"intrinsics": {"fx": 1074.09, "fy": 1075.53, "cx": 620.224, "cy": 506.997}, "camera_to_world_matrix": [0.959364, -0.195793, -0.20319, 7.03794, -0.281995, -0.639731, -0.714999, -10.8386, 0.0100049, 0.743243, -0.668947, -1.48259, 0.0, 0.0, 0.0, 1.0]}, "19c60ba074144f09ba124adef82ef7fa_d1_0.png": {"intrinsics": {"fx": 1074.98, "fy": 1075.76, "cx": 613.769, "cy": 519.186}, "camera_to_world_matrix": [0.236478, -0.00645944, -0.971615, 7.03705, -0.971636, -0.000912713, -0.236477, -10.8518, 0.00064086, 0.999978, -0.00649274, -1.44937, 0.0, 0.0, 0.0, 1.0]}, "19c60ba074144f09ba124adef82ef7fa_d1_1.png": {"intrinsics": {"fx": 1074.98, "fy": 1075.76, "cx": 613.769, "cy": 519.186}, "camera_to_world_matrix": [-0.723217, -0.00505255, -0.690602, 7.03606, -0.690605, -0.00124852, 0.72323, -10.8552, -0.00451622, 0.999986, -0.00258704, -1.44938, 0.0, 0.0, 0.0, 1.0]}, "19c60ba074144f09ba124adef82ef7fa_d1_2.png": {"intrinsics": {"fx": 1074.98, "fy": 1075.76, "cx": 