{"0070d6b8546c4fce82dd467a180dd30e_d0_0.png": {"intrinsics": {"fx": 1073.69, "fy": 1074.73, "cx": 638.041, "cy": 521.835}, "camera_to_world_matrix": [0.407783, -0.619781, -0.670509, 54.3922, -0.912231, -0.244917, -0.328404, -11.0948, 0.0393199, 0.745577, -0.665258, 1.61354, 0.0, 0.0, 0.0, 1.0]}, "0070d6b8546c4fce82dd467a180dd30e_d0_1.png": {"intrinsics": {"fx": 1073.69, "fy": 1074.73, "cx": 638.041, "cy": 521.835}, "camera_to_world_matrix": [-0.586617, -0.54949, -0.594928, 54.3908, -0.809754, 0.410015, 0.419742, -11.1092, 0.0132859, 0.727975, -0.685475, 1.61393, 0.0, 0.0, 0.0, 1.0]}, "0070d6b8546c4fce82dd467a180dd30e_d0_2.png": {"intrinsics": {"fx": 1073.69, "fy": 1074.73, "cx": 638.041, "cy": 521.835}, "camera_to_world_matrix": [-0.994459, 0.0528987, 0.0908405, 54.3775, 0.102585, 0.676995, 0.728803, -11.1152, -0.0229457, 0.734084, -0.678671, 1.6138, 0.0, 0.0, 0.0, 1.0]}, "0070d6b8546c4fce82dd467a180dd30e_d0_3.png": {"intrinsics": {"fx": 1073.69, "fy": 1074.73, "cx": 638.041, "cy": 521.835}, "camera_to_world_matrix": [-0.407891, 0.584982, 0.701014, 54.3657, 0.912428, 0.289035, 0.28971, -11.1067, -0.0331425, 0.757795, -0.65165, 1.61327, 0.0, 0.0, 0.0, 1.0]}, "0070d6b8546c4fce82dd467a180dd30e_d0_4.png": {"intrinsics": {"fx": 1073.69, "fy": 1074.73, "cx": 638.041, "cy": 521.835}, "camera_to_world_matrix": [0.586506, 0.514664, 0.625404, 54.3671, 0.809913, -0.365894, -0.458433, -11.0923, -0.00710738, 0.775397, -0.631434, 1.61288, 0.0, 0.0, 0.0, 1.0]}, "0070d6b8546c4fce82dd467a180dd30e_d0_5.png": {"intrinsics": {"fx": 1073.69, "fy": 1074.73, "cx": 638.041, "cy": 521.835}, "camera_to_world_matrix": [0.994312, -0.0877346, -0.0603772, 54.3804, -0.102443, -0.63285, -0.767467, -11.0863, 0.0291239, 0.769287, -0.638239, 1.61301, 0.0, 0.0, 0.0, 1.0]}, "0070d6b8546c4fce82dd467a180dd30e_d1_0.png": {"intrinsics": {"fx": 1076.66, "fy": 1077.13, "cx": 629.822, "cy": 529.542}, "camera_to_world_matrix": [0.410349, -0.0254546, -0.911573, 54.3814, -0.910604, 0.0424292, -0.411098, -11.0983, 0.0491415, 0.998775, -0.00576787, 1.64666, 0.0, 0.0, 0.0, 1.0]}, "0070d6b8546c4fce82dd467a180dd30e_d1_1.png": {"intrinsics": {"fx": 1076.66, "fy": 1077.13, "cx": 629.822, "cy": 529.542}, "camera_to_world_matrix": [-0.584289, -0.0129558, -0.811443, 54.381, -0.811215, 0.0378988, 0.58352, -11.1018, 0.0231926, 0.999198, -0.0326533, 1.64676, 0.0, 0.0, 0.0, 1.0]}, "0070d6b8546c4fce82dd467a180dd30e_d1_2.png": {"intrinsics": {"fx": 1076.66, "fy": 1077.13, "cx": 629.822, "cy": 529.542}, "camera_to_world_matrix": [-0.994924, -0.0106379, 0.100073, 54.3778, 0.0997858, 0.0248084, 0.9947, -11.1033, -0.0130643, 0.999636, -0.0236205, 1.64673, 0.0, 0.0, 0.0, 1.0]}, "0070d6b8546c4fce82dd467a180dd30e_d1_3.png": {"intrinsics": {"fx": 1076.66, "fy": 1077.13, "cx": 629.822, "cy": 529.542}, "camera_to_world_matrix": [-0.41091, -0.020819, 0.911438, 54.375, 0.911376, 0.0162486, 0.411254, -11.1012, -0.0233716, 0.999651, 0.0122976, 1.6466, 0.0, 0.0, 0.0, 1.0]}, "0070d6b8546c4fce82dd467a180dd30e_d1_4.png": {"intrinsics": {"fx": 1076.66, "fy": 1077.13, "cx": 629.822, "cy": 529.542}, "camera_to_world_matrix": [0.583724, -0.0333176, 0.811269, 54.3753, 0.811949, 0.0207794, -0.58336, -11.0977, 0.00257836, 0.999229, 0.0391821, 1.64651, 0.0, 0.0, 0.0, 1.0]}, "0070d6b8546c4fce82dd467a180dd30e_d1_5.png": {"intrinsics": {"fx": 1076.66, "fy": 1077.13, "cx": 629.822, "cy": 529.542}, "camera_to_world_matrix": [0.994323, -0.035635, -0.100264, 54.3785, -0.0990682, 0.0338699, -0.994504, -11.0963, 0.038835, 0.998791, 0.0301478, 1.64654, 0.0, 0.0, 0.0, 1.0]}, "0070d6b8546c4fce82dd467a180dd30e_d2_0.png": {"intrinsics": {"fx": 1076.75, "fy": 1076.8, "cx": 642.24, "cy": 503.207}, "camera_to_world_matrix": [0.409167, 0.590745, -0.695415, 54.3907, -0.911442, 0.300562, -0.28095, -11.0928, 0.0430458, 0.748787, 0.661409, 1.67999, 0.0, 0.0, 0.0, 1.0]}, "0070d6b8546c4fce82dd467a180dd30e_d2_1.png": {"intrinsics": {"fx": 1076.75, "fy": 1076.8, "cx": 642.24, "cy": 503.207}, "camera_to_world_matrix": [-0.58538, 0.527852, -0.615386, 54.3892, -0.810578, -0.365067, 0.457917, -11.1073, 0.0170557, 0.766875, 0.641568, 1.68038, 0.0, 0.0, 0.0, 1.0]}, "0070d6b8546c4fce82dd467a180dd30e_d2_2.png": {"intrinsics": {"fx": 1076.75, "fy": 1076.8, "cx": 642.24, "cy": 503.207}, "camera_to_world_matrix": [-0.994692, -0.0801065, 0.0645675, 54.376, 0.101082, -0.643807, 0.758481, -11.1133, -0.0191899, 0.760983, 0.648487, 1.68025, 0.0, 0.0, 0.0, 1.0]}, "0070d6b8546c4fce82dd467a180dd30e_d2_3.png": {"intrinsics": {"fx": 1076.75, "fy": 1076.8, "cx": 642.24, "cy": 503.207}, "camera_to_world_matrix": [-0.409447, -0.625159, 0.664477, 54.3642, 0.911858, -0.256913, 0.320171, -11.1048, -0.0294447, 0.737002, 0.675247, 1.67973, 0.0, 0.0, 0.0, 1.0]}, "0070d6b8546c4fce82dd467a180dd30e_d2_4.png": {"intrinsics": {"fx": 1076.75, "fy": 1076.8, "cx": 642.24, "cy": 503.207}, "camera_to_world_matrix": [0.585097, -0.56224, 0.584419, 54.3656, 0.810954, 0.408714, -0.418694, -11.0903, -0.00345361, 0.718915, 0.695088, 1.67934, 0.0, 0.0, 0.0, 1.0]}, "0070d6b8546c4fce82dd467a180dd30e_d2_5.png": {"intrinsics": {"fx": 1076.75, "fy": 1076.8, "cx": 642.24, "cy": 503.207}, "camera_to_world_matrix": [0.994373, 0.0457295, -0.0955464, 54.3789, -0.100722, 0.687431, -0.719231, -11.0843, 0.0327917, 0.724809, 0.688168, 1.67947, 0.0, 0.0, 0.0, 1.0]}, "020e3876cb274c1e8f44ca91598e6b56_d0_0.png": {"intrinsics": {"fx": 1073.69, "fy": 1074.73, "cx": 638.041, "cy": 521.835}, "camera_to_world_matrix": [-0.364438, -0.623869, -0.691354, -7.87288, -0.931167, 0.235716, 0.278145, 2.09376, -0.0105625, 0.745133, -0.666832, 1.6933, 0.0, 0.0, 0.0, 1.0]}, "020e3876cb274c1e8f44ca91598e6b56_d0_1.png": {"intrinsics": {"fx": 1073.69, "fy": 1074.73, "cx": 638.041, "cy": 521.835}, "camera_to_world_matrix": [-0.988618, -0.107705, -0.105033, -7.88422, -0.149883, 0.645147, 0.749212, 2.08464, -0.0129321, 0.756428, -0.653949, 1.69305, 0.0, 0.0, 0.0, 1.0]}, "020e3876cb274c1e8f44ca91598e6b56_d0_2.png": {"intrinsics": {"fx": 1073.69, "fy": 1074.73, "cx": 638.041, "cy": 521.835}, "camera_to_world_matrix": [-0.624204, 0.504985, 0.596119, -7.89778, 0.78126, 0.402764, 0.476878, 2.0899, 0.00072104, 0.763393, -0.645933, 1.6929, 0.0, 0.0, 0.0, 1.0]}, "020e3876cb274c1e8f44ca91598e6b56_d0_3.png": {"intrinsics": {"fx": 1073.69, "fy": 1074.73, "cx": 638.041, "cy": 521.835}, "camera_to_world_matrix": [0.364382, 0.601497, 0.710933, -7.90001, 0.931098, -0.249044, -0.266518, 2.10428, 0.0167434, 0.759063, -0.650801, 1.69299, 0.0, 0.0, 0.0, 1.0]}, "020e3876cb274c1e8f44ca91598e6b56_d0_4.png": {"intrinsics": {"fx": 1073.69, "fy": 1074.73, "cx": 638.041, "cy": 521.835}, "camera_to_world_matrix": [0.988532, 0.0853166, 0.124593, -7.88867, 0.14979, -0.658455, -0.737563, 2.1134, 0.0191123, 0.747768, -0.663684, 1.69324, 0.0, 0.0, 0.0, 1.0]}, "020e3876cb274c1e8f44ca91598e6b56_d0_5.png": {"intrinsics": {"fx": 1073.69, "fy": 1074.73, "cx": 638.041, "cy": 521.835}, "camera_to_world_matrix": [0.624082, -0.527364, -0.576548, -7.87511, -0.781339, -0.416048, -0.465201, 2.10813, 0.00545879, 0.740804, -0.671699, 1.6934, 0.0, 0.0, 0.0, 1.0]}, "020e3876cb274c1e8f44ca91598e6b56_d1_0.png": {"intrinsics": {"fx": 1076.66, "fy": 1077.13, "cx": 629.822, "cy": 529.542}, "camera_to_world_matrix": [-0.361671, -0.00715703, -0.932279, -7.88368, -0.932306, 0.00199695, 0.361666, 2.09746, -0.000726867, 0.999973, -0.00739434, 1.72643, 0.0, 0.0, 0.0, 1.0]}, "020e3876cb274c1e8f44ca91598e6b56_d1_1.png": {"intrinsics": {"fx": 1076.66, "fy": 1077.13, "cx": 629.822, "cy": 529.542}, "camera_to_world_matrix": [-0.988219, -0.00162288, -0.153043, -7.8864, -0.153019, -0.0100984, 0.988172, 2.09527, -0.00314929, 0.999948, 0.0097315, 1.72637, 0.0, 0.0, 0.0, 1.0]}, "020e3876cb274c1e8f44ca91598e6b56_d1_2.png": {"intrinsics": {"fx": 1076.66, "fy": 1077.13, "cx": 629.822, "cy": 529.542}, "camera_to_world_matrix": [-0.626718, -0.00932941, 0.779191, -7.88967, 0.779177, -0.0209376, 0.626455, 2.09653, 0.0104698, 0.999738, 0.0203917, 1.72633, 0.0, 0.0, 0.0, 1.0]}, "020e3876cb274c1e8f44ca91598e6b56_d1_3.png": {"intrinsics": {"fx": 1076.66, "fy": 1077.13, "cx": 629.822, "cy": 529.542}, "camera_to_world_matrix": [0.361324, -0.0225699, 0.932168, -7.8902, 0.932064, -0.0196813, -0.36176, 2.09999, 0.026511, 0.999552, 0.0139257, 1.72636, 0.0, 0.0, 0.0, 1.0]}, "020e3876cb274c1e8f44ca91598e6b56_d1_4.png": {"intrinsics": {"fx": 1076.66, "fy": 1077.13, "cx": 629.822, "cy": 529.542}, "camera_to_world_matrix": [0.987841, -0.0281036, 0.152907, -7.88747, 0.152752, -0.00758576, -0.988236, 2.10218, 0.0289328, 0.999577, -0.00320019, 1.72642, 0.0, 0.0, 0.0, 1.0]}, "020e3876cb274c1e8f44ca91598e6b56_d1_5.png": {"intrinsics": {"fx": 1076.66, "fy": 1077.13, "cx": 629.822, "cy": 529.542}, "camera_to_world_matrix": [0.626304, -0.0203966, -0.779313, -7.88421, -0.779429, 0.00325318, -0.626482, 2.10092, 0.0153133, 0.999787, -0.0138598, 1.72645, 0.0, 0.0, 0.0, 1.0]}, "020e3876cb274c1e8f44ca91598e6b56_d2_0.png": {"intrinsics": {"fx": 1076.75, "fy": 1076.8, "cx": 642.24, "cy": 503.207}, "camera_to_world_matrix": [-0.362978, 0.613927, -0.700956, -7.87387, -0.931771, -0.244662, 0.268218, 2.09317, -0.00683118, 0.750489, 0.660846, 1.75979, 0.0, 0.0, 0.0, 1.0]}, "020e3876cb274c1e8f44ca91598e6b56_d2_1.png": {"intrinsics": {"fx": 1076.75, "fy": 1076.8, "cx": 642.24, "cy": 503.207}, "camera_to_world_matrix": [-0.988411, 0.0953251, -0.11813, -7.88521, -0.151514, -0.666878, 0.729601, 2.08405, -0.00922843, 0.739045, 0.673592, 1.75954, 0.0, 0.0, 0.0, 1.0]}, "020e3876cb274c1e8f44ca91598e6b56_d2_2.png": {"intrinsics": {"fx": 1076.75, "fy": 1076.8, "cx": 642.24, "cy": 503.207}, "camera_to_world_matrix": [-0.625512, -0.529655, 0.572888, -7.89877, 0.780201, -0.428775, 0.455452, 2.08932, 0.00440721, 0.731859, 0.68144, 1.75939, 0.0, 0.0, 0.0, 1.0]}, "020e3876cb274c1e8f44ca91598e6b56_d2_3.png": {"intrinsics": {"fx": 1076.75, "fy": 1076.8, "cx": 642.24, "cy": 503.207}, "camera_to_world_matrix": [0.362812, -0.636019, 0.681063, -7.901, 0.931637, 0.231538, -0.280073, 2.10369, 0.0204398, 0.736118, 0.676543, 1.75948, 0.0, 0.0, 0.0, 1.0]}, "020e3876cb274c1e8f44ca91598e6b56_d2_4.png": {"intrinsics": {"fx": 1076.75, "fy": 1076.8, "cx": 642.24, "cy": 503.207}, "camera_to_world_matrix": [0.988214, -0.1174, 0.0982181, -7.88966, 0.151355, 0.653734, -0.741434, 2.11281, 0.0228364, 0.747562, 0.663798, 1.75973, 0.0, 0.0, 0.0, 1.0]}, "020e3876cb274c1e8f44ca91598e6b56_d2_5.png": {"intrinsics": {"fx": 1076.75, "fy": 1076.8, "cx": 642.24, "cy": 503.207}, "camera_to_world_matrix": [0.625279, 0.50757, -0.592788, -7.87609, -0.780346, 0.415606, -0.467258, 2.10755, 0.00920033, 0.754747, 0.655949, 1.75989, 0.0, 0.0, 0.0, 1.0]}, "0307f06607704397a90c564e5c798a5a_d0_0.png": {"intrinsics": {"fx": 1073.69, "fy": 1074.73, "cx": 638.041, "cy": 521.835}, "camera_to_world_matrix": [0.839015, 0.375058, 0.394187, -7.09643, 0.543952, -0.560877, -0.624125, 0.0746608, -0.0129928, 0.73807, -0.674599, 1.67832, 0.0, 0.0, 0.0, 1.0]}, "0307f06607704397a90c564e5c798a5a_d0_1.png": {"intrinsics": {"fx": 1073.69, "fy": 1074.73, "cx": 638.041, "cy": 521.835}, "camera_to_world_matrix": [0.890349, -0.282911, -0.356704, -7.0819, -0.454683, -0.592537, -0.664953, 0.0754556, -0.0232381, 0.754228, -0.656201, 1.67796, 0.0, 0.0, 0.0, 1.0]}, "0307f06607704397a90c564e5c798a5a_d0_2.png": {"intrinsics": {"fx": 1073.69, "fy": 1074.73, "cx": 638.041, "cy": 521.835}, "camera_to_world_matrix": [0.0513915, -0.639172, -0.767344, -7.07396, -0.998652, -0.0383957, -0.0349006, 0.0632714, -0.00715507, 0.768104, -0.640285, 1.67765, 0.0, 0.0, 0.0, 1.0]}, "0307f06607704397a90c564e5c798a5a_d0_3.png": {"intrinsics": {"fx": 1073.69, "fy": 1074.73, "cx": 638.041, "cy": 521.835}, "camera_to_world_matrix": [-0.838882, -0.337455, -0.427083, -7.08053, -0.543975, 0.547394, 0.635964, 0.0502927, 0.0191729, 0.765822, -0.642767, 1.6777, 0.0, 0.0, 0.0, 1.0]}, "0307f06607704397a90c564e5c798a5a_d0_4.png": {"intrinsics": {"fx": 1073.69, "fy": 1074.73, "cx": 638.041, "cy": 521.835}, "camera_to_world_matrix": [-0.890177, 0.320515, 0.323811, -7.09506, 0.454662, 0.579028, 0.676762, 0.0494985, 0.0294172, 0.749663, -0.661165, 1.67806, 0.0, 0.0, 0.0, 1.0]}, "0307f06607704397a90c564e5c798a5a_d0_5.png": {"intrinsics": {"fx": 1073.69, "fy": 1074.73, "cx": 638.041, "cy": 521.835}, "camera_to_world_matrix": [-0.0511979, 0.676754, 0.734426, -7.103, 0.998599, 0.0248728, 0.0466941, 0.061683, 0.0133334, 0.735788, -0.677081, 1.67836, 0.0, 0.0, 0.0, 1.0]}, "0307f06607704397a90c564e5c798a5a_d1_0.png": {"intrinsics": {"fx": 1076.66, "fy": 1077.13, "cx": 629.822, "cy": 529.542}, "camera_to_world_matrix": [0.837508, 0.0123987, 0.546286, -7.08956, 0.546417, -0.0132832, -0.837408, 0.0651094, -0.00312647, 0.999835, -0.0178992, 1.71132, 0.0, 0.0, 0.0, 1.0]}, "0307f06607704397a90c564e5c798a5a_d1_1.png": {"intrinsics": {"fx": 1076.66, "fy": 1077.13, "cx": 629.822, "cy": 529.542}, "camera_to_world_matrix": [0.891929, 0.0149574, -0.451928, -7.08607, -0.451976, -0.000230462, -0.89203, 0.0653006, -0.0134467, 0.999888, 0.00655526, 1.71124, 0.0, 0.0, 0.0, 1.0]}, "0307f06607704397a90c564e5c798a5a_d1_2.png": {"intrinsics": {"fx": 1076.66, "fy": 1077.13, "cx": 629.822, "cy": 529.542}, "camera_to_world_matrix": [0.0547235, 0.0275372, -0.998122, -7.08415, -0.998499, 0.00408178, -0.0546317, 0.0623697, 0.00256959, 0.999613, 0.0277197, 1.71116, 0.0, 0.0, 0.0, 1.0]}, "0307f06607704397a90c564e5c798a5a_d1_3.png": {"intrinsics": {"fx": 1076.66, "fy": 1077.13, "cx": 629.822, "cy": 529.542}, "camera_to_world_matrix": [-0.836885, 0.0375581, -0.54609, -7.08574, -0.546616, -0.00465881, 0.837371, 0.0592477, 0.0289058, 0.999284, 0.0244292, 1.71117, 0.0, 0.0, 0.0, 1.0]}, "0307f06607704397a90c564e5c798a5a_d1_4.png": {"intrinsics": {"fx": 1076.66, "fy": 1077.13, "cx": 629.822, "cy": 529.542}, "camera_to_world_matrix": [-0.891267, 0.0349989, 0.452126, -7.08923, 0.451779, -0.0177115, 0.891954, 0.0590566, 0.0392251, 0.999231, -2.56863e-05, 1.71126, 0.0, 0.0, 0.0, 1.0]}, "0307f06607704397a90c564e5c798a5a_d1_5.png": {"intrinsics": {"fx": 1076.66, "fy": 1077.13, "cx": 629.822, "cy": 529.542}, "camera_to_world_matrix": [-0.0540402, 0.0224189, 0.998287, -7.09114, 0.998269, -0.0220232, 0.0545339, 0.0619876, 0.023208, 0.999506, -0.0211895, 1.71133, 0.0, 0.0, 0.0, 1.0]}, "0307f06607704397a90c564e5c798a5a_d2_0.png": {"intrinsics": {"fx": 1076.75, "fy": 1076.8, "cx": 642.24, "cy": 503.207}, "camera_to_world_matrix": [0.838211, -0.350174, 0.418066, -7.09477, 0.545266, 0.551147, -0.631602, 0.0740642, -0.0092452, 0.757374, 0.652915, 1.74479, 0.0, 0.0, 0.0, 1.0]}, "0307f06607704397a90c564e5c798a5a_d2_1.png": {"intrinsics": {"fx": 1076.75, "fy": 1076.8, "cx": 642.24, "cy": 503.207}, "camera_to_world_matrix": [0.89116, 0.31723, -0.32434, -7.08024, -0.453265, 0.591772, -0.6666, 0.074859, -0.0195299, 0.74106, 0.671153, 1.74444, 0.0, 0.0, 0.0, 1.0]}, "0307f06607704397a90c564e5c798a5a_d2_2.png": {"intrinsics": {"fx": 1076.75, "fy": 1076.8, "cx": 642.24, "cy": 503.207}, "camera_to_world_matrix": [0.0530998, 0.685968, -0.725691, -7.07229, -0.998582, 0.0339419, -0.040983, 0.0626748, -0.0034814, 0.726839, 0.686797, 1.74413, 0.0, 0.0, 0.0, 1.0]}, "0307f06607704397a90c564e5c798a5a_d2_3.png": {"intrinsics": {"fx": 1076.75, "fy": 1076.8, "cx": 642.24, "cy": 503.207}, "camera_to_world_matrix": [-0.837892, 0.387294, -0.384628, -7.07887, -0.545356, -0.564501, 0.619617, 0.0496961, 0.0228515, 0.728932, 0.684203, 1.74418, 0.0, 0.0, 0.0, 1.0]}, "0307f06607704397a90c564e5c798a5a_d2_4.png": {"intrinsics": {"fx": 1076.75, "fy": 1076.8, "cx": 642.24, "cy": 503.207}, "camera_to_world_matrix": [-0.890803, -0.280112, 0.357779, -7.0934, 0.453178, -0.6051, 0.654586, 0.0489019, 0.0331352, 0.745246, 0.665965, 1.74453, 0.0, 0.0, 0.0, 1.0]}, "0307f06607704397a90c564e5c798a5a_d2_5.png": {"intrinsics": {"fx": 1076.75, "fy": 1076.8, "cx": 642.24, "cy": 503.207}, "camera_to_world_matrix": [-0.0527207, -0.648828, 0.759106, -7.10134, 0.998462, -0.0472549, 0.0289536, 0.0610864, 0.0170859, 0.759466, 0.650321, 1.74484, 0.0, 0.0, 0.0, 1.0]}, "0466c6f47b2a4e9bb2a665cfd9bb6fc5_d0_0.png": {"intrinsics": {"fx": 1073.69, "fy": 1074.73, "cx": 638.041, "cy": 521.835}, "camera_to_world_matrix": [-0.887737, 0.292096, 0.35581, 54.3702, 0.460272, 0.577275, 0.674464, -20.7918, -0.00839192, 0.762517, -0.646914, 4.72973, 0.0, 0.0, 0.0, 1.0]}, "0466c6f47b2a4e9bb2a665cfd9bb6fc5_d0_1.png": {"intrinsics": {"fx": 1073.69, "fy": 1074.73, "cx": 638.041, "cy": 521.835}, "camera_to_world_matrix": [-0.0454148, 0.6451, 0.762747, 54.3623, 0.998906, 0.0208815, 0.0418153, -20.7796, 0.0110479, 0.763812, -0.645344, 4.7297, 0.0, 0.0, 0.0, 1.0]}, "0466c6f47b2a4e9bb2a665cfd9bb6fc5_d0_2.png": {"intrinsics": {"fx": 1073.69, "fy": 1074.73, "cx": 638.041, "cy": 521.835}, "camera_to_world_matrix": [0.842269, 0.339844, 0.418433, 54.369, 0.538584, -0.562982, -0.626878, -20.7666, 0.0225297, 0.753363, -0.657219, 4.72993, 0.0, 0.0, 0.0, 1.0]}, "0466c6f47b2a4e9bb2a665cfd9bb6fc5_d0_3.png": {"intrinsics": {"fx": 1073.69, "fy": 1074.73, "cx": 638.041, "cy": 521.835}, "camera_to_world_matrix": [0.887611, -0.318407, -0.332809, 54.3835, -0.460361, -0.590439, -0.662908, -20.7659, 0.0145715, 0.741618, -0.670664, 4.73019, 0.0, 0.0, 0.0, 1.0]}, "0466c6f47b2a4e9bb2a665cfd9bb6fc5_d0_4.png": {"intrinsics": {"fx": 1073.69, "fy": 1074.73, "cx": 638.041, "cy": 521.835}, "camera_to_world_matrix": [0.0452678, -0.671389, -0.739721, 54.3914, -0.998962, -0.0340318, -0.0302441, -20.7782, -0.00486832, 0.740323, -0.672234, 4.73022, 0.0, 0.0, 0.0, 1.0]}, "0466c6f47b2a4e9bb2a665cfd9bb6fc5_d0_5.png": {"intrinsics": {"fx": 1073.69, "fy": 1074.73, "cx": 638.041, "cy": 521.835}, "camera_to_world_matrix": [-0.842399, -0.366111, -0.395381, 54.3847, -0.538606, 0.54982, 0.638436, -20.7911, -0.0163496, 0.750773, -0.660358, 4.72999, 0.0, 0.0, 0.0, 1.0]}, "0466c6f47b2a4e9bb2a665cfd9bb6fc5_d1_0.png": {"intrinsics": {"fx": 1076.66, "fy": 1077.13, "cx": 629.822, "cy": 529.542}, "camera_to_world_matrix": [-0.88926, -0.00750215, 0.45734, 54.3747, 0.4574, -0.0175612, 0.889088, -20.7823, 0.00136126, 0.999818, 0.0190484, 4.76315, 0.0, 0.0, 0.0, 1.0]}, "0466c6f47b2a4e9bb2a665cfd9bb6fc5_d1_1.png": {"intrinsics": {"fx": 1076.66, "fy": 1077.13, "cx": 629.822, "cy": 529.542}, "camera_to_world_matrix": [-0.0486751, -0.0201095, 0.998612, 54.3728, 0.998599, -0.0217935, 0.0482357, -20.7793, 0.0207932, 0.999561, 0.0211426, 4.76314, 0.0, 0.0, 0.0, 1.0]}, "0466c6f47b2a4e9bb2a665cfd9bb6fc5_d1_2.png": {"intrinsics": {"fx": 1076.66, "fy": 1077.13, "cx": 629.822, "cy": 529.542}, "camera_to_world_matrix": [0.840361, -0.0300796, 0.541192, 54.3744, 0.541063, -0.0129895, -0.840882, -20.7762, 0.0323231, 0.999463, 0.00535956, 4.76319, 0.0, 0.0, 0.0, 1.0]}, "0466c6f47b2a4e9bb2a665cfd9bb6fc5_d1_3.png": {"intrinsics": {"fx": 1076.66, "fy": 1077.13, "cx": 629.822, "cy": 529.542}, "camera_to_world_matrix": [0.888792, -0.0274421, -0.457489, 54.3779, -0.457661, 4.67151e-05, -0.889127, -20.7761, 0.0244208, 0.999624, -0.0125172, 4.76326, 0.0, 0.0, 0.0, 1.0]}, "0466c6f47b2a4e9bb2a665cfd9bb6fc5_d1_4.png": {"intrinsics": {"fx": 1076.66, "fy": 1077.13, "cx": 629.822, "cy": 529.542}, "camera_to_world_matrix": [0.0481854, -0.0148346, -0.998729, 54.3798, -0.998826, 0.00427853, -0.0482538, -20.779, 0.00498879, 0.999881, -0.0146106, 4.76326, 0.0, 0.0, 0.0, 1.0]}, "0466c6f47b2a4e9bb2a665cfd9bb6fc5_d1_5.png": {"intrinsics": {"fx": 1076.66, "fy": 1077.13, "cx": 629.822, "cy": 529.542}, "camera_to_world_matrix": [-0.840833, -0.00486485, -0.541274, 54.3782, -0.541256, -0.00452593, 0.840846, -20.7821, -0.00654048, 0.999978, 0.00117286, 4.76321, 0.0, 0.0, 0.0, 1.0]}, "0466c6f47b2a4e9bb2a665cfd9bb6fc5_d2_0.png": {"intrinsics": {"fx": 1076.75, "fy": 1076.8, "cx": 642.24, "cy": 503.207}, "camera_to_world_matrix": [-0.888529, -0.315264, 0.333351, 54.369, 0.458793, -0.603047, 0.652566, -20.7924, -0.00470361, 0.732764, 0.680465, 4.79621, 0.0, 0.0, 0.0, 1.0]}, "0466c6f47b2a4e9bb2a665cfd9bb6fc5_d2_1.png": {"intrinsics": {"fx": 1076.75, "fy": 1076.8, "cx": 642.24, "cy": 503.207}, "camera_to_world_matrix": [-0.047096, -0.680724, 0.731025, 54.3612, 0.99878, -0.0428848, 0.0244116, -20.7802, 0.0147325, 0.731284, 0.681913, 4.79618, 0.0, 0.0, 0.0, 1.0]}, "0466c6f47b2a4e9bb2a665cfd9bb6fc5_d2_2.png": {"intrinsics": {"fx": 1076.75, "fy": 1076.8, "cx": 642.24, "cy": 503.207}, "camera_to_world_matrix": [0.841315, -0.378435, 0.38597, 54.3678, 0.539905, 0.553652, -0.634012, -20.7672, 0.0262398, 0.741792, 0.670115, 4.79641, 0.0, 0.0, 0.0, 1.0]}, "0466c6f47b2a4e9bb2a665cfd9bb6fc5_d2_3.png": {"intrinsics": {"fx": 1076.75, "fy": 1076.8, "cx": 642.24, "cy": 503.207}, "camera_to_world_matrix": [0.888274, 0.289306, -0.35675, 54.3823, -0.458947, 0.590013, -0.664267, -20.7665, 0.0183106, 0.753781, 0.656869, 4.79667, 0.0, 0.0, 0.0, 1.0]}, "0466c6f47b2a4e9bb2a665cfd9bb6fc5_d2_4.png": {"intrinsics": {"fx": 1076.75, "fy": 1076.8, "cx": 642.24, "cy": 503.207}, "camera_to_world_matrix": [0.0468192, 0.654745, -0.754399, 54.3902, -0.998902, 0.0298368, -0.0360975, -20.7788, -0.0011256, 0.755261, 0.655422, 4.7967, 0.0, 0.0, 0.0, 1.0]}, "0466c6f47b2a4e9bb2a665cfd9bb6fc5_d2_5.png": {"intrinsics": {"fx": 1076.75, "fy": 1076.8, "cx": 642.24, "cy": 503.207}, "camera_to_world_matrix": [-0.841574, 0.352433, -0.409318, 54.3836, -0.539991, -0.566688, 0.622313, -20.7917, -0.0126322, 0.744752, 0.66722, 4.79647, 0.0, 0.0, 0.0, 1.0]}, "07755927672949d9805e613060b12da2_d0_0.png": {"intrinsics": {"fx": 1073.69, "fy": 1074.73, "cx": 638.041, "cy": 521.835}, "camera_to_world_matrix": [-0.902995, 0.276012, 0.329266, 53.5672, 0.429618, 0.589345, 0.684178, -13.3355, -0.00520973, 0.759268, -0.650757, 4.73524, 0.0, 0.0, 0.0, 1.0]}, "07755927672949d9805e613060b12da2_d0_1.png": {"intrinsics": {"fx": 1073.69, "fy": 1074.73, "cx": 638.041, "cy": 521.835}, "camera_to_world_matrix": [-0.0795059, 0.647846, 0.75761, 53.5589, 0.996799, 0.045355, 0.0658231, -13.3236, 0.00828195, 0.760419, -0.649379, 4.73521, 0.0, 0.0, 0.0, 1.0]}, "07755927672949d9805e613060b12da2_d0_2.png": {"intrinsics": {"fx": 1073.69, "fy": 1074.73, "cx": 638.041, "cy": 521.835}, "camera_to_world_matrix": [0.823454, 0.362695, 0.43632, 53.5651, 0.56714, -0.548636, -0.614288, -13.3104, 0.016582, 0.753293, -0.657476, 4.73537, 0.0, 0.0, 0.0, 1.0]}, "07755927672949d9805e613060b12da2_d0_3.png": {"intrinsics": {"fx": 1073.69, "fy": 1074.73, "cx": 638.041, "cy": 521.835}, "camera_to_world_matrix": [0.902903, -0.294283, -0.313308, 53.5796, -0.429691, -0.598623, -0.676028, -13.3092, 0.0113901, 0.745014, -0.666951, 4.73555, 0.0, 0.0, 0.0, 1.0]}, "07755927672949d9805e613060b12da2_d0_4.png": {"intrinsics": {"fx": 1073.69, "fy": 1074.73, "cx": 638.041, "cy": 521.835}, "camera_to_world_matrix": [0.079392, -0.666095, -0.741629, 53.5879, -0.996841, -0.0546184, -0.0576567, -13.3212, -0.00210158, 0.743863, -0.668328, 4.73558, 0.0, 0.0, 0.0, 1.0]}, "07755927672949d9805e613060b12da2_d0_5.png": {"intrinsics": {"fx": 1073.69, "fy": 1074.73, "cx": 638.041, "cy": 521.835}, "camera_to_world_matrix": [-0.823551, -0.380921, -0.420311, 53.5816, -0.567146, 0.539362, 0.622442, -13.3343, -0.0104012, 0.750991, -0.660231, 4.73542, 0.0, 0.0, 0.0, 1.0]}, "07755927672949d9805e613060b12da2_d1_0.png": {"intrinsics": {"fx": 1076.66, "fy": 1077.13, "cx": 629.822, "cy": 529.542}, "camera_to_world_matrix": [-0.90437, -0.00186232, 0.426746, 53.5715, 0.426726, -0.0146314, 0.904263, -13.3257, 0.00455973, 0.999891, 0.0140273, 4.76861, 0.0, 0.0, 0.0, 1.0]}, "07755927672949d9805e613060b12da2_d1_1.png": {"intrinsics": {"fx": 1076.66, "fy": 1077.13, "cx": 629.822, "cy": 529.542}, "camera_to_world_matrix": [-0.0827046, -0.0143186, 0.996471, 53.5695, 0.996411, -0.0192931, 0.0824223, -13.3229, 0.0180448, 0.999712, 0.0158633, 4.7686, 0.0, 0.0, 0.0, 1.0]}, "07755927672949d9805e613060b12da2_d1_2.png": {"intrinsics": {"fx": 1076.66, "fy": 1077.13, "cx": 629.822, "cy": 529.542}, "camera_to_world_matrix": [0.821511, -0.0245845, 0.569663, 53.571, 0.569583, -0.0108355, -0.821863, -13.3197, 0.0263775, 0.999639, 0.00510186, 4.76864, 0.0, 0.0, 0.0, 1.0]}, "07755927672949d9805e613060b12da2_d1_3.png": {"intrinsics": {"fx": 1076.66, "fy": 1077.13, "cx": 629.822, "cy": 529.542}, "camera_to_world_matrix": [0.904041, -0.0223937, -0.42686, 53.5745, -0.42692, 0.00228369, -0.904287, -13.3194, 0.0212251, 0.999747, -0.00749534, 4.76868, 0.0, 0.0, 0.0, 1.0]}, "07755927672949d9805e613060b12da2_d1_4.png": {"intrinsics": {"fx": 1076.66, "fy": 1077.13, "cx": 629.822, "cy": 529.542}, "camera_to_world_matrix": [0.0823528, -0.00993724, -0.996554, 53.5764, -0.996574, 0.00694495, -0.0824238, -13.3223, 0.00773996, 0.999927, -0.00933081, 4.76869, 0.0, 0.0, 0.0, 1.0]}, "07755927672949d9805e613060b12da2_d1_5.png": {"intrinsics": {"fx": 1076.66, "fy": 1077.13, "cx": 629.822, "cy": 529.542}, "camera_to_world_matrix": [-0.821846, 0.00032825, -0.56971, 53.575, -0.56971, -0.00151309, 0.821845, -13.3254, -0.000592374, 0.999999, 0.00143097, 4.76865, 0.0, 0.0, 0.0, 1.0]}, "07755927672949d9805e613060b12da2_d2_0.png": {"intrinsics": {"fx": 1076.75, "fy": 1076.8, "cx": 642.24, "cy": 503.207}, "camera_to_world_matrix": [-0.903717, -0.290754, 0.314253, 53.5663, 0.428124, -0.611144, 0.665742, -13.3359, -0.00151297, 0.736182, 0.67678, 4.80173, 0.0, 0.0, 0.0, 1.0]}, "07755927672949d9805e613060b12da2_d2_1.png": {"intrinsics": {"fx": 1076.75, "fy": 1076.8, "cx": 642.24, "cy": 503.207}, "camera_to_world_matrix": [-0.0811632, -0.675167, 0.733186, 53.5581, 0.996628, -0.0638142, 0.0515611, -13.324, 0.0119755, 0.734899, 0.678069, 4.80171, 0.0, 0.0, 0.0, 1.0]}, "07755927672949d9805e613060b12da2_d2_2.png": {"intrinsics": {"fx": 1076.75, "fy": 1076.8, "cx": 642.24, "cy": 503.207}, "camera_to_world_matrix": [0.822473, -0.393415, 0.410804, 53.5643, 0.568439, 0.542741, -0.618311, -13.3108, 0.0202929, 0.742063, 0.670022, 4.80186, 0.0, 0.0, 0.0, 1.0]}, "07755927672949d9805e613060b12da2_d2_3.png": {"intrinsics": {"fx": 1076.75, "fy": 1076.8, "cx": 642.24, "cy": 503.207}, "camera_to_world_matrix": [0.903536, 0.272744, -0.330503, 53.5788, -0.428243, 0.601952, -0.673988, -13.3096, 0.0151215, 0.750509, 0.660686, 4.80205, 0.0, 0.0, 0.0, 1.0]}, "07755927672949d9805e613060b12da2_d2_4.png": {"intrinsics": {"fx": 1076.75, "fy": 1076.8, "cx": 642.24, "cy": 503.207}, "camera_to_world_matrix": [0.0809592, 0.657135, -0.749412, 53.5871, -0.996715, 0.0546076, -0.0597912, -13.3216, 0.00163293, 0.751792, 0.659397, 4.80207, 0.0, 0.0, 0.0, 1.0]}, "07755927672949d9805e613060b12da2_d2_5.png": {"intrinsics": {"fx": 1076.75, "fy": 1076.8, "cx": 642.24, "cy": 503.207}, "camera_to_world_matrix": [-0.822661, 0.375359, -0.427004, 53.5808, -0.568491, -0.551937, 0.610069, -13.3347, -0.00668397, 0.744628, 0.667444, 4.80192, 0.0, 0.0, 0.0, 1.0]}, "07bc1f3f0b784d85861b3213bed14344_d0_0.png": {"intrinsics": {"fx": 1073.69, "fy": 1074.73, "cx": 638.041, "cy": 521.835}, "camera_to_world_matrix": [0.131076, -0.647697, -0.750538, 46.0103, -0.991316, -0.0776175, -0.106145, -13.91, 0.0104949, 0.757933, -0.652247, 1.57919, 0.0, 0.0, 0.0, 1.0]}, "07bc1f3f0b784d85861b3213bed14344_d0_1.png": {"intrinsics": {"fx": 1073.69, "fy": 1074.73, "cx": 638.041, "cy": 521.835}, "camera_to_world_matrix": [-0.792983, -0.393719, -0.464932, 46.0048, -0.609072, 0.530356, 0.589706, -13.9235, 0.0144015, 0.750804, -0.660367, 1.57935, 0.0, 0.0, 0.0, 1.0]}, "07bc1f3f0b784d85861b3213bed14344_d0_2.png": {"intrinsics": {"fx": 1073.69, "fy": 1074.73, "cx": 638.041, "cy": 521.835}, "camera_to_world_matrix": [-0.924018, 0.259809, 0.280516, 45.9903, 0.382284, 0.614349, 0.690242, -13.9254, 0.00699684, 0.745032, -0.666992, 1.57947, 0.0, 0.0, 0.0, 1.0]}, "07bc1f3f0b784d85861b3213bed14344_d0_3.png": {"intrinsics": {"fx": 1073.69, "fy": 1074.73, "cx": 638.041, "cy": 521.835}, "camera_to_world_matrix": [-0.13099, 0.659344, 0.740341, 45.9814, 0.991373, 0.0903672, 0.0949249, -13.9139, -0.00431422, 0.74639, -0.665495, 1.57944, 0.0, 0.0, 0.0, 1.0]}, "07bc1f3f0b784d85861b3213bed14344_d0_4.png": {"intrinsics": {"fx": 1073.69, "fy": 1074.73, "cx": 638.041, "cy": 521.835}, "camera_to_world_matrix": [0.793055, 0.405343, 0.454709, 45.987, 0.609094, -0.517596, -0.600914, -13.9004, -0.00822036, 0.753519, -0.657375, 1.57929, 0.0, 0.0, 0.0, 1.0]}, "07bc1f3f0b784d85861b3213bed14344_d0_5.png": {"intrinsics": {"fx": 1073.69, "fy": 1074.73, "cx": 638.041, "cy": 521.835}, "camera_to_world_matrix": [0.924051, -0.248189, -0.290743, 46.0014, -0.382267, -0.601564, -0.701421, -13.8985, -0.000815399, 0.75929, -0.650751, 1.57916, 0.0, 0.0, 0.0, 1.0]}, "07bc1f3f0b784d85861b3213bed14344_d1_0.png": {"intrinsics": {"fx": 1076.66, "fy": 1077.13, "cx": 629.822, "cy": 529.542}, "camera_to_world_matrix": [0.134211, 0.00924668, -0.99091, 45.9996, -0.990746, 0.0217059, -0.133986, -13.9112, 0.0202695, 0.999722, 0.0120747, 1.61253, 0.0, 0.0, 0.0, 1.0]}, "07bc1f3f0b784d85861b3213bed14344_d1_1.png": {"intrinsics": {"fx": 1076.66, "fy": 1077.13, "cx": 629.822, "cy": 529.542}, "camera_to_world_matrix": [-0.790956, 0.0199377, -0.611549, 45.9983, -0.611395, 0.0137922, 0.791206, -13.9144, 0.0242092, 0.999707, 0.00128122, 1.61257, 0.0, 0.0, 0.0, 1.0]}, "07bc1f3f0b784d85861b3213bed14344_d1_2.png": {"intrinsics": {"fx": 1076.66, "fy": 1077.13, "cx": 629.822, "cy": 529.542}, "camera_to_world_matrix": [-0.92505, 0.0184301, 0.3794, 45.9948, 0.379475, 0.000577182, 0.925202, -13.9149, 0.0168324, 0.99983, -0.00752721, 1.6126, 0.0, 0.0, 0.0, 1.0]}, "07bc1f3f0b784d85861b3213bed14344_d1_3.png": {"intrinsics": {"fx": 1076.66, "fy": 1077.13, "cx": 629.822, "cy": 529.542}, "camera_to_world_matrix": [-0.133973, 0.00623153, 0.990966, 45.9927, 0.99097, -0.00472379, 0.134003, -13.9121, 0.00551604, 0.99997, -0.00554195, 1.6126, 0.0, 0.0, 0.0, 1.0]}, "07bc1f3f0b784d85861b3213bed14344_d1_4.png": {"intrinsics": {"fx": 1076.66, "fy": 1077.13, "cx": 629.822, "cy": 529.542}, "camera_to_world_matrix": [0.79118, -0.00445914, 0.611568, 45.994, 0.611583, 0.00319033, -0.791174, -13.9089, 0.00157673, 0.999985, 0.0052517, 1.61256, 0.0, 0.0, 0.0, 1.0]}, "07bc1f3f0b784d85861b3213bed14344_d1_5.png": {"intrinsics": {"fx": 1076.66, "fy": 1077.13, "cx": 629.822, "cy": 529.542}, "camera_to_world_matrix": [0.925234, -0.00295103, -0.379386, 45.9975, -0.379292, 0.0164053, -0.925132, -13.9084, 0.00895389, 0.999861, 0.0140598, 1.61253, 0.0, 0.0, 0.0, 1.0]}, "07bc1f3f0b784d85861b3213bed14344_d2_0.png": {"intrinsics": {"fx": 1076.75, "fy": 1076.8, "cx": 642.24, "cy": 503.207}, "camera_to_world_matrix": [0.132708, 0.667963, -0.732266, 46.0108, -0.991052, 0.100006, -0.0883828, -13.9094, 0.0141947, 0.737444, 0.675258, 1.64568, 0.0, 0.0, 0.0, 1.0]}, "07bc1f3f0b784d85861b3213bed14344_d2_1.png": {"intrinsics": {"fx": 1076.75, "fy": 1076.8, "cx": 642.24, "cy": 503.207}, "camera_to_world_matrix": [-0.791952, 0.418031, -0.44504, 46.0053, -0.610312, -0.520338, 0.597299, -13.9229, 0.0181187, 0.744647, 0.667211, 1.64584, 0.0, 0.0, 0.0, 1.0]}, "07bc1f3f0b784d85861b3213bed14344_d2_2.png": {"intrinsics": {"fx": 1076.75, "fy": 1076.8, "cx": 642.24, "cy": 503.207}, "camera_to_world_matrix": [-0.924589, -0.244188, 0.292413, 45.9909, 0.380811, -0.614019, 0.691348, -13.9249, 0.0107284, 0.750568, 0.660704, 1.64597, 0.0, 0.0, 0.0, 1.0]}, "07bc1f3f0b784d85861b3213bed14344_d2_3.png": {"intrinsics": {"fx": 1076.75, "fy": 1076.8, "cx": 642.24, "cy": 503.207}, "camera_to_world_matrix": [-0.132564, -0.656459, 0.742623, 45.982, 0.991173, -0.0873543, 0.0997126, -13.9133, -0.000585671, 0.749287, 0.662244, 1.64594, 0.0, 0.0, 0.0, 1.0]}, "07bc1f3f0b784d85861b3213bed14344_d2_4.png": {"intrinsics": {"fx": 1076.75, "fy": 1076.8, "cx": 642.24, "cy": 503.207}, "camera_to_world_matrix": [0.792081, -0.406502, 0.45537, 45.9875, 0.610397, 0.53298, -0.585958, -13.8999, -0.00450928, 0.742084, 0.67029, 1.64578, 0.0, 0.0, 0.0, 1.0]}, "07bc1f3f0b784d85861b3213bed14344_d2_5.png": {"intrinsics": {"fx": 1076.75, "fy": 1076.8, "cx": 642.24, "cy": 503.207}, "camera_to_world_matrix": [0.92468, 0.25572, -0.282087, 46.0019, -0.380732, 0.626635, -0.679978, -13.8979, 0.00288134, 0.736163, 0.676797, 1.64566, 0.0, 0.0, 0.0, 1.0]}, "0bb0dc02f0154adf96fce7fa5a44ba00_d0_0.png": {"intrinsics": {"fx": 1073.69, "fy": 1074.73, "cx": 638.041, "cy": 521.835}, "camera_to_world_matrix": [0.873217, -0.311987, -0.374373, 0.269493, -0.487288, -0.569178, -0.662258, -2.71288, -0.0064692, 0.760723, -0.649045, 1.59673, 0.0, 0.0, 0.0, 1.0]}, "0bb0dc02f0154adf96fce7fa5a44ba00_d0_1.png": {"intrinsics": {"fx": 1073.69, "fy": 1074.73, "cx": 638.041, "cy": 521.835}, "camera_to_world_matrix": [0.0147073, -0.647753, -0.761708, 0.27699, -0.999845, -0.00221519, -0.0174215, -2.72535, 0.00959766, 0.761846, -0.647686, 1.5967, 0.0, 0.0, 0.0, 1.0]}, "0bb0dc02f0154adf96fce7fa5a44ba00_d0_2.png": {"intrinsics": {"fx": 1073.69, "fy": 1074.73, "cx": 638.041, "cy": 521.835}, "camera_to_world_matrix": [-0.858464, -0.324695, -0.397003, 0.26994, -0.512514, 0.57202, 0.640407, -2.73807, 0.019157, 0.753236, -0.657471, 1.59689, 0.0, 0.0, 0.0, 1.0]}, "0bb0dc02f0154adf96fce7fa5a44ba00_d0_3.png": {"intrinsics": {"fx": 1073.69, "fy": 1074.73, "cx": 638.041, "cy": 521.835}, "camera_to_world_matrix": [-0.873107, 0.334122, 0.355029, 0.255393, 0.487363, 0.57928, 0.653384, -2.73833, 0.0126493, 0.743503, -0.668613, 1.59711, 0.0, 0.0, 0.0, 1.0]}, "0bb0dc02f0154adf96fce7fa5a44ba00_d0_4.png": {"intrinsics": {"fx": 1073.69, "fy": 1074.73, "cx": 638.041, "cy": 521.835}, "camera_to_world_matrix": [-0.0145775, 0.669866, 0.742338, 0.247897, 0.999887, 0.0123035, 0.00853239, -2.72586, -0.0034176, 0.742379, -0.669971, 1.59713, 0.0, 0.0, 0.0, 1.0]}, "0bb0dc02f0154adf96fce7fa5a44ba00_d0_5.png": {"intrinsics": {"fx": 1073.69, "fy": 1074.73, "cx": 638.041, "cy": 521.835}, "camera_to_world_matrix": [0.858575, 0.346785, 0.377607, 0.254948, 0.512522, -0.561919, -0.649282, -2.71313, -0.0129765, 0.75099, -0.660186, 1.59694, 0.0, 0.0, 0.0, 1.0]}, "0bb0dc02f0154adf96fce7fa5a44ba00_d1_0.png": {"intrinsics": {"fx": 1076.66, "fy": 1077.13, "cx": 629.822, "cy": 529.542}, "camera_to_world_matrix": [0.874798, 0.00500173, -0.484463, 0.264628, -0.484478, 0.0158278, -0.874661, -2.72232, 0.00329304, 0.999862, 0.0162698, 1.63012, 0.0, 0.0, 0.0, 1.0]}, "0bb0dc02f0154adf96fce7fa5a44ba00_d1_1.png": {"intrinsics": {"fx": 1076.66, "fy": 1077.13, "cx": 629.822, "cy": 529.542}, "camera_to_world_matrix": [0.017946, 0.0177337, -0.999682, 0.266431, -0.999652, 0.0196716, -0.0175964, -2.72532, 0.0193531, 0.99965, 0.018081, 1.63011, 0.0, 0.0, 0.0, 1.0]}, "0bb0dc02f0154adf96fce7fa5a44ba00_d1_2.png": {"intrinsics": {"fx": 1076.66, "fy": 1077.13, "cx": 629.822, "cy": 529.542}, "camera_to_world_matrix": [-0.856663, 0.0274292, -0.515148, 0.264735, -0.515065, 0.0105658, 0.857087, -2.72838, 0.0289521, 0.999568, 0.00507695, 1.63016, 0.0, 0.0, 0.0, 1.0]}, "0bb0dc02f0154adf96fce7fa5a44ba00_d1_3.png": {"intrinsics": {"fx": 1076.66, "fy": 1077.13, "cx": 629.822, "cy": 529.542}, "camera_to_world_matrix": [-0.8744, 0.0243925, 0.484593, 0.261236, 0.484686, -0.00238352, 0.874686, -2.72844, 0.0224907, 0.9997, -0.0097381, 1.63021, 0.0, 0.0, 0.0, 1.0]}, "0bb0dc02f0154adf96fce7fa5a44ba00_d1_4.png": {"intrinsics": {"fx": 1076.66, "fy": 1077.13, "cx": 629.822, "cy": 529.542}, "camera_to_world_matrix": [-0.0175278, 0.0116603, 0.999779, 0.259433, 0.999826, -0.00622679, 0.0176013, -2.72544, 0.00643052, 0.999913, -0.0115487, 1.63021, 0.0, 0.0, 0.0, 1.0]}, "0bb0dc02f0154adf96fce7fa5a44ba00_d1_5.png": {"intrinsics": {"fx": 1076.66, "fy": 1077.13, "cx": 629.822, "cy": 529.542}, "camera_to_world_matrix": [0.857062, 0.00196521, 0.515211, 0.261129, 0.515205, 0.00287935, -0.857063, -2.72238, -0.0031679, 0.999994, 0.00145574, 1.63017, 0.0, 0.0, 0.0, 1.0]}, "0bb0dc02f0154adf96fce7fa5a44ba00_d2_0.png": {"intrinsics": {"fx": 1076.75, "fy": 1076.8, "cx": 642.24, "cy": 503.207}, "camera_to_world_matrix": [0.874043, 0.331394, -0.355283, 0.270471, -0.485839, 0.591991, -0.643044, -2.71243, -0.0027762, 0.734659, 0.678429, 1.66322, 0.0, 0.0, 0.0, 1.0]}, "0bb0dc02f0154adf96fce7fa5a44ba00_d2_1.png": {"intrinsics": {"fx": 1076.75, "fy": 1076.8, "cx": 642.24, "cy": 503.207}, "camera_to_world_matrix": [0.0163805, 0.679496, -0.733497, 0.277967, -0.999776, 0.0208793, -0.0029841, -2.7249, 0.0132875, 0.733382, 0.679685, 1.66319, 0.0, 0.0, 0.0, 1.0]}, "0bb0dc02f0154adf96fce7fa5a44ba00_d2_2.png": {"intrinsics": {"fx": 1076.75, "fy": 1076.8, "cx": 642.24, "cy": 503.207}, "camera_to_world_matrix": [-0.857563, 0.359014, -0.368366, 0.270917, -0.513869, -0.566114, 0.644557, -2.73763, 0.0228678, 0.74204, 0.669964, 1.66338, 0.0, 0.0, 0.0, 1.0]}, "0bb0dc02f0154adf96fce7fa5a44ba00_d2_3.png": {"intrinsics": {"fx": 1076.75, "fy": 1076.8, "cx": 642.24, "cy": 503.207}, "camera_to_world_matrix": [-0.873824, -0.309563, 0.374969, 0.256371, 0.485965, -0.581983, 0.652023, -2.73788, 0.0163841, 0.751975, 0.658986, 1.6636, 0.0, 0.0, 0.0, 1.0]}, "0bb0dc02f0154adf96fce7fa5a44ba00_d2_4.png": {"intrinsics": {"fx": 1076.75, "fy": 1076.8, "cx": 642.24, "cy": 503.207}, "camera_to_world_matrix": [-0.0161414, -0.657642, 0.753158, 0.248875, 0.999869, -0.0108574, 0.0119476, -2.72541, 0.000320368, 0.753252, 0.65773, 1.66362, 0.0, 0.0, 0.0, 1.0]}, "0bb0dc02f0154adf96fce7fa5a44ba00_d2_5.png": {"intrinsics": {"fx": 1076.75, "fy": 1076.8, "cx": 642.24, "cy": 503.207}, "camera_to_world_matrix": [0.857783, -0.337137, 0.388002, 0.255925, 0.513927, 0.576123, -0.635579, -2.71268, -0.00925937, 0.744594, 0.667452, 1.66343, 0.0, 0.0, 0.0, 1.0]}, "11089f92a044490ab8e3ecc2dc77eae5_d0_0.png": {"intrinsics": {"fx": 1073.69, "fy": 1074.73, "cx": 638.041, "cy": 521.835}, "camera_to_world_matrix": [-0.998844, 0.0337681, 0.0341898, 3.74134, 0.0479355, 0.650159, 0.758284, -2.74161, 0.00337718, 0.759046, -0.651027, 1.59169, 0.0, 0.0, 0.0, 1.0]}, "11089f92a044490ab8e3ecc2dc77eae5_d0_1.png": {"intrinsics": {"fx": 1073.69, "fy": 1074.73, "cx": 638.041, "cy": 521.835}, "camera_to_world_matrix": [-0.457869, 0.586693, 0.667942, 3.72908, 0.888934, 0.291762, 0.353085, -2.73377, 0.0122727, 0.755424, -0.655122, 1.59177, 0.0, 0.0, 0.0, 1.0]}, "11089f92a044490ab8e3ecc2dc77eae5_d0_2.png": {"intrinsics": {"fx": 1073.69, "fy": 1074.73, "cx": 638.041, "cy": 521.835}, "camera_to_world_matrix": [0.540985, 0.55275, 0.633878, 3.72973, 0.840946, -0.366256, -0.398328, -2.71924, 0.0119858, 0.748547, -0.662973, 1.59192, 0.0, 0.0, 0.0, 1.0]}, "11089f92a044490ab8e3ecc2dc77eae5_d0_3.png": {"intrinsics": {"fx": 1073.69, "fy": 1074.73, "cx": 638.041, "cy": 521.835}, "camera_to_world_matrix": [0.998841, -0.0341162, -0.0339366, 3.74265, -0.048039, -0.665862, -0.744526, -2.71254, 0.00280349, 0.745294, -0.66673, 1.592, 0.0, 0.0, 0.0, 1.0]}, "11089f92a044490ab8e3ecc2dc77eae5_d0_4.png": {"intrinsics": {"fx": 1073.69, "fy": 1074.73, "cx": 638.041, "cy": 521.835}, "camera_to_world_matrix": [0.457833, -0.587027, -0.667673, 3.75491, -0.889016, -0.307444, -0.339303, -2.72037, -0.00609175, 0.748917, -0.662636, 1.59192, 0.0, 0.0, 0.0, 1.0]}, "11089f92a044490ab8e3ecc2dc77eae5_d0_5.png": {"intrinsics": {"fx": 1073.69, "fy": 1074.73, "cx": 638.041, "cy": 521.835}, "camera_to_world_matrix": [-0.541019, -0.553059, -0.63358, 3.75425, -0.84099, 0.350573, 0.412109, -2.73491, -0.00580451, 0.755793, -0.654784, 1.59177, 0.0, 0.0, 0.0, 1.0]}, "11089f92a044490ab8e3ecc2dc77eae5_d1_0.png": {"intrinsics": {"fx": 1076.66, "fy": 1077.13, "cx": 629.822, "cy": 529.542}, "camera_to_world_matrix": [-0.998913, 0.01252, 0.0449162, 3.74183, 0.0447366, -0.0142793, 0.998897, -2.73092, 0.0131474, 0.99982, 0.0137041, 1.62506, 0.0, 0.0, 0.0, 1.0]}, "11089f92a044490ab8e3ecc2dc77eae5_d1_1.png": {"intrinsics": {"fx": 1076.66, "fy": 1077.13, "cx": 629.822, "cy": 529.542}, "camera_to_world_matrix": [-0.460586, 0.00282571, 0.887611, 3.73888, 0.887341, -0.0233863, 0.460521, -2.72903, 0.0220591, 0.999723, 0.00826447, 1.62508, 0.0, 0.0, 0.0, 1.0]}, "11089f92a044490ab8e3ecc2dc77eae5_d1_2.png": {"intrinsics": {"fx": 1076.66, "fy": 1077.13, "cx": 629.822, "cy": 529.542}, "camera_to_world_matrix": [0.538334, -0.00990864, 0.842674, 3.73903, 0.84245, -0.0195446, -0.538421, -2.72554, 0.0218046, 0.99976, -0.00217352, 1.62511, 0.0, 0.0, 0.0, 1.0]}, "11089f92a044490ab8e3ecc2dc77eae5_d1_3.png": {"intrinsics": {"fx": 1076.66, "fy": 1077.13, "cx": 629.822, "cy": 529.542}, "camera_to_world_matrix": [0.998905, -0.012948