{"11df17e75c974cec81b1b76aeab73399_d0_0.png": {"intrinsics": {"fx": 1071.14, "fy": 1071.84, "cx": 638.719, "cy": 508.324}, "camera_to_world_matrix": [-0.950886, 0.214709, 0.22297, 0.990634, 0.309172, 0.62364, 0.717974, -11.7575, 0.0151031, 0.751647, -0.659392, 1.47208, 0.0, 0.0, 0.0, 1.0]}, "11df17e75c974cec81b1b76aeab73399_d0_1.png": {"intrinsics": {"fx": 1071.14, "fy": 1071.84, "cx": 638.719, "cy": 508.324}, "camera_to_world_matrix": [-0.207547, 0.660087, 0.721949, 0.980891, 0.978104, 0.128412, 0.163779, -11.7467, 0.0154013, 0.740133, -0.672285, 1.47234, 0.0, 0.0, 0.0, 1.0]}, "11df17e75c974cec81b1b76aeab73399_d0_2.png": {"intrinsics": {"fx": 1071.14, "fy": 1071.84, "cx": 638.719, "cy": 508.324}, "camera_to_world_matrix": [0.743347, 0.453821, 0.491408, 0.985378, 0.668906, -0.504963, -0.545507, -11.7328, 0.000580564, 0.734207, -0.678926, 1.47247, 0.0, 0.0, 0.0, 1.0]}, "11df17e75c974cec81b1b76aeab73399_d0_3.png": {"intrinsics": {"fx": 1071.14, "fy": 1071.84, "cx": 638.719, "cy": 508.324}, "camera_to_world_matrix": [0.950881, -0.197817, -0.238106, 0.999607, -0.309217, -0.643095, -0.700581, -11.7298, -0.014538, 0.739795, -0.672675, 1.47234, 0.0, 0.0, 0.0, 1.0]}, "11df17e75c974cec81b1b76aeab73399_d0_4.png": {"intrinsics": {"fx": 1071.14, "fy": 1071.84, "cx": 638.719, "cy": 508.324}, "camera_to_world_matrix": [0.207515, -0.643175, -0.737064, 1.00935, -0.978119, -0.14785, -0.146366, -11.7406, -0.0148355, 0.75131, -0.659783, 1.47209, 0.0, 0.0, 0.0, 1.0]}, "11df17e75c974cec81b1b76aeab73399_d0_5.png": {"intrinsics": {"fx": 1071.14, "fy": 1071.84, "cx": 638.719, "cy": 508.324}, "camera_to_world_matrix": [-0.743367, -0.436884, -0.506496, 1.00486, -0.668884, 0.485517, 0.56291, -11.7544, -1.44356e-05, 0.757236, -0.653142, 1.47196, 0.0, 0.0, 0.0, 1.0]}, "11df17e75c974cec81b1b76aeab73399_d1_0.png": {"intrinsics": {"fx": 1075.47, "fy": 1076.31, "cx": 626.937, "cy": 504.925}, "camera_to_world_matrix": [-0.95108, 0.019041, 0.308358, 0.994418, 0.307996, -0.0197655, 0.951182, -11.7474, 0.0242063, 0.999623, 0.012934, 1.50543, 0.0, 0.0, 0.0, 1.0]}, "11df17e75c974cec81b1b76aeab73399_d1_1.png": {"intrinsics": {"fx": 1075.47, "fy": 1076.31, "cx": 626.937, "cy": 504.925}, "camera_to_world_matrix": [-0.208508, 0.00937146, 0.977976, 0.992075, 0.977713, -0.0230761, 0.208673, -11.7448, 0.0245235, 0.99969, -0.00435108, 1.50549, 0.0, 0.0, 0.0, 1.0]}, "11df17e75c974cec81b1b76aeab73399_d1_2.png": {"intrinsics": {"fx": 1075.47, "fy": 1076.31, "cx": 626.937, "cy": 504.925}, "camera_to_world_matrix": [0.742683, 0.00167084, 0.669641, 0.993154, 0.669573, -0.0163579, -0.742567, -11.7415, 0.00971319, 0.999865, -0.0132675, 1.50552, 0.0, 0.0, 0.0, 1.0]}, "11df17e75c974cec81b1b76aeab73399_d1_3.png": {"intrinsics": {"fx": 1075.47, "fy": 1076.31, "cx": 626.937, "cy": 504.925}, "camera_to_world_matrix": [0.951281, 0.00363995, -0.308304, 0.996577, -0.308278, -0.00632913, -0.951275, -11.7407, -0.0054139, 0.999973, -0.00489869, 1.50549, 0.0, 0.0, 0.0, 1.0]}, "11df17e75c974cec81b1b76aeab73399_d1_4.png": {"intrinsics": {"fx": 1075.47, "fy": 1076.31, "cx": 626.937, "cy": 504.925}, "camera_to_world_matrix": [0.208683, 0.0133096, -0.977893, 0.99892, -0.977967, -0.00301885, -0.20874, -11.7433, -0.00573038, 0.999907, 0.0123864, 1.50543, 0.0, 0.0, 0.0, 1.0]}, "11df17e75c974cec81b1b76aeab73399_d1_5.png": {"intrinsics": {"fx": 1075.47, "fy": 1076.31, "cx": 626.937, "cy": 504.925}, "camera_to_world_matrix": [-0.742496, 0.02101, -0.669521, 0.997841, -0.669789, -0.00973741, 0.742488, -11.7467, 0.00908026, 0.999732, 0.0213022, 1.5054, 0.0, 0.0, 0.0, 1.0]}, "11df17e75c974cec81b1b76aeab73399_d2_0.png": {"intrinsics": {"fx": 1073.18, "fy": 1073.62, "cx": 632.926, "cy": 498.568}, "camera_to_world_matrix": [-0.953111, -0.189337, 0.236073, 0.991389, 0.301714, -0.65487, 0.692903, -11.7583, 0.023405, 0.73164, 0.681289, 1.53857, 0.0, 0.0, 0.0, 1.0]}, "11df17e75c974cec81b1b76aeab73399_d2_1.png": {"intrinsics": {"fx": 1073.18, "fy": 1073.62, "cx": 632.926, "cy": 498.568}, "camera_to_world_matrix": [-0.214976, -0.649268, 0.729546, 0.981646, 0.976328, -0.161108, 0.144316, -11.7475, 0.0238364, 0.7433, 0.668533, 1.53883, 0.0, 0.0, 0.0, 1.0]}, "11df17e75c974cec81b1b76aeab73399_d2_2.png": {"intrinsics": {"fx": 1073.18, "fy": 1073.62, "cx": 632.926, "cy": 498.568}, "camera_to_world_matrix": [0.738238, -0.451547, 0.501109, 0.986132, 0.674479, 0.484136, -0.557396, -11.7337, 0.00908521, 0.749478, 0.661967, 1.53896, 0.0, 0.0, 0.0, 1.0]}, "11df17e75c974cec81b1b76aeab73399_d2_3.png": {"intrinsics": {"fx": 1073.18, "fy": 1073.62, "cx": 632.926, "cy": 498.568}, "camera_to_world_matrix": [0.953296, 0.2061, -0.220794, 1.00036, -0.301977, 0.635605, -0.710504, -11.7306, -0.00609697, 0.743995, 0.668157, 1.53883, 0.0, 0.0, 0.0, 1.0]}, "11df17e75c974cec81b1b76aeab73399_d2_4.png": {"intrinsics": {"fx": 1073.18, "fy": 1073.62, "cx": 632.926, "cy": 498.568}, "camera_to_world_matrix": [0.215134, 0.666011, -0.714245, 1.0101, -0.976563, 0.141826, -0.161898, -11.7415, -0.00652761, 0.732335, 0.680913, 1.53858, 0.0, 0.0, 0.0, 1.0]}, "11df17e75c974cec81b1b76aeab73399_d2_5.png": {"intrinsics": {"fx": 1073.18, "fy": 1073.62, "cx": 632.926, "cy": 498.568}, "camera_to_world_matrix": [-0.738068, 0.468265, -0.485781, 1.00562, -0.674676, -0.503411, 0.539805, -11.7553, 0.00822381, 0.726158, 0.687479, 1.53845, 0.0, 0.0, 0.0, 1.0]}, "1a5c7ec82b6e4a83afb6e76b4d2118c7_d0_0.png": {"intrinsics": {"fx": 1071.14, "fy": 1071.84, "cx": 638.719, "cy": 508.324}, "camera_to_world_matrix": [0.912451, -0.282826, -0.295708, -1.24144, -0.408887, -0.602553, -0.685377, 0.58481, 0.0156633, 0.746284, -0.665443, 4.58248, 0.0, 0.0, 0.0, 1.0]}, "1a5c7ec82b6e4a83afb6e76b4d2118c7_d0_1.png": {"intrinsics": {"fx": 1071.14, "fy": 1071.84, "cx": 638.719, "cy": 508.324}, "camera_to_world_matrix": [0.102051, -0.672834, -0.732721, -1.2329, -0.994741, -0.062595, -0.0810655, 0.573028, 0.00867888, 0.737141, -0.675683, 4.58267, 0.0, 0.0, 0.0, 1.0]}, "1a5c7ec82b6e4a83afb6e76b4d2118c7_d0_2.png": {"intrinsics": {"fx": 1071.14, "fy": 1071.84, "cx": 638.719, "cy": 508.324}, "camera_to_world_matrix": [-0.810406, -0.400212, -0.42787, -1.23884, -0.58583, 0.545205, 0.599628, 0.559744, -0.00670192, 0.736601, -0.676294, 4.58269, 0.0, 0.0, 0.0, 1.0]}, "1a5c7ec82b6e4a83afb6e76b4d2118c7_d0_3.png": {"intrinsics": {"fx": 1071.14, "fy": 1071.84, "cx": 638.719, "cy": 508.324}, "camera_to_world_matrix": [-0.912443, 0.262411, 0.313989, -1.25331, 0.408926, 0.613034, 0.675995, 0.558242, -0.0150979, 0.745205, -0.666665, 4.5825, 0.0, 0.0, 0.0, 1.0]}, "1a5c7ec82b6e4a83afb6e76b4d2118c7_d0_4.png": {"intrinsics": {"fx": 1071.14, "fy": 1071.84, "cx": 638.719, "cy": 508.324}, "camera_to_world_matrix": [-0.10202, 0.652397, 0.75098, -1.26185, 0.994749, 0.0730611, 0.0716656, 0.570025, -0.00811294, 0.754348, -0.656425, 4.5823, 0.0, 0.0, 0.0, 1.0]}, "1a5c7ec82b6e4a83afb6e76b4d2118c7_d0_5.png": {"intrinsics": {"fx": 1071.14, "fy": 1071.84, "cx": 638.719, "cy": 508.324}, "camera_to_world_matrix": [0.810421, 0.379752, 0.446101, -1.25591, 0.585803, -0.534729, -0.609016, 0.583309, 0.00726792, 0.754887, -0.655815, 4.58229, 0.0, 0.0, 0.0, 1.0]}, "1a5c7ec82b6e4a83afb6e76b4d2118c7_d1_0.png": {"intrinsics": {"fx": 1075.47, "fy": 1076.31, "cx": 626.937, "cy": 504.925}, "camera_to_world_matrix": [0.912734, -0.0206417, -0.408033, -1.2464, -0.407803, 0.0145352, -0.912955, 0.574956, 0.0247757, 0.999681, 0.00484902, 4.61573, 0.0, 0.0, 0.0, 1.0]}, "1a5c7ec82b6e4a83afb6e76b4d2118c7_d1_1.png": {"intrinsics": {"fx": 1075.47, "fy": 1076.31, "cx": 626.937, "cy": 504.925}, "camera_to_world_matrix": [0.103013, -0.0106746, -0.994623, -1.24435, -0.994521, 0.0167955, -0.103183, 0.572121, 0.0178066, 0.999802, -0.00888602, 4.61578, 0.0, 0.0, 0.0, 1.0]}, "1a5c7ec82b6e4a83afb6e76b4d2118c7_d1_2.png": {"intrinsics": {"fx": 1075.47, "fy": 1076.31, "cx": 626.937, "cy": 504.925}, "camera_to_world_matrix": [-0.809852, -0.00373468, -0.586623, -1.24578, -0.58663, 0.00929351, 0.809802, 0.568926, 0.00242741, 0.99995, -0.00971727, 4.61578, 0.0, 0.0, 0.0, 1.0]}, "1a5c7ec82b6e4a83afb6e76b4d2118c7_d1_3.png": {"intrinsics": {"fx": 1075.47, "fy": 1076.31, "cx": 626.937, "cy": 504.925}, "camera_to_world_matrix": [-0.912976, -0.00676192, 0.407958, -1.24926, 0.407971, -0.000468682, 0.912995, 0.568565, -0.0059824, 0.999977, 0.00318652, 4.61574, 0.0, 0.0, 0.0, 1.0]}, "1a5c7ec82b6e4a83afb6e76b4d2118c7_d1_4.png": {"intrinsics": {"fx": 1075.47, "fy": 1076.31, "cx": 626.937, "cy": 504.925}, "camera_to_world_matrix": [-0.103232, -0.016729, 0.994517, -1.25131, 0.994657, -0.00272862, 0.1032, 0.571399, 0.000987205, 0.999856, 0.0169213, 4.61569, 0.0, 0.0, 0.0, 1.0]}, "1a5c7ec82b6e4a83afb6e76b4d2118c7_d1_5.png": {"intrinsics": {"fx": 1075.47, "fy": 1076.31, "cx": 626.937, "cy": 504.925}, "camera_to_world_matrix": [0.809618, -0.0236687, 0.586481, -1.24988, 0.58673, 0.00477368, -0.809769, 0.574594, 0.0163665, 0.999708, 0.0177519, 4.61568, 0.0, 0.0, 0.0, 1.0]}, "1a5c7ec82b6e4a83afb6e76b4d2118c7_d2_0.png": {"intrinsics": {"fx": 1073.18, "fy": 1073.62, "cx": 632.926, "cy": 498.568}, "camera_to_world_matrix": [0.915426, 0.255265, -0.311182, -1.24235, -0.401768, 0.625704, -0.668639, 0.585278, 0.0240278, 0.737112, 0.675343, 4.64897, 0.0, 0.0, 0.0, 1.0]}, "1a5c7ec82b6e4a83afb6e76b4d2118c7_d2_1.png": {"intrinsics": {"fx": 1073.18, "fy": 1073.62, "cx": 632.926, "cy": 498.568}, "camera_to_world_matrix": [0.109595, 0.659899, -0.743319, -1.23382, -0.993829, 0.0856515, -0.0704907, 0.573496, 0.0171496, 0.746457, 0.665213, 4.64917, 0.0, 0.0, 0.0, 1.0]}, "1a5c7ec82b6e4a83afb6e76b4d2118c7_d2_2.png": {"intrinsics": {"fx": 1073.18, "fy": 1073.62, "cx": 632.926, "cy": 498.568}, "camera_to_world_matrix": [-0.805953, 0.394507, -0.441366, -1.23975, -0.591978, -0.534864, 0.602896, 0.560212, 0.00177606, 0.747185, 0.664614, 4.64918, 0.0, 0.0, 0.0, 1.0]}, "1a5c7ec82b6e4a83afb6e76b4d2118c7_d2_3.png": {"intrinsics": {"fx": 1073.18, "fy": 1073.62, "cx": 632.926, "cy": 498.568}, "camera_to_world_matrix": [-0.915648, -0.275512, 0.292715, -1.25422, 0.401925, -0.615313, 0.67812, 0.55871, -0.00671892, 0.738569, 0.674145, 4.64899, 0.0, 0.0, 0.0, 1.0]}, "1a5c7ec82b6e4a83afb6e76b4d2118c7_d2_4.png": {"intrinsics": {"fx": 1073.18, "fy": 1073.62, "cx": 632.926, "cy": 498.568}, "camera_to_world_matrix": [-0.109793, -0.680125, 0.724828, -1.26276, 0.993955, -0.0752445, 0.0799552, 0.570493, 0.00015987, 0.729225, 0.684274, 4.64879, 0.0, 0.0, 0.0, 1.0]}, "1a5c7ec82b6e4a83afb6e76b4d2118c7_d2_5.png": {"intrinsics": {"fx": 1073.18, "fy": 1073.62, "cx": 632.926, "cy": 498.568}, "camera_to_world_matrix": [0.805739, -0.414709, 0.42285, -1.25682, 0.592068, 0.54526, -0.59342, 0.583777, 0.0155334, 0.728497, 0.684873, 4.64878, 0.0, 0.0, 0.0, 1.0]}, "1a7fe152f6f34697bdcee712008f84e4_d0_0.png": {"intrinsics": {"fx": 1071.14, "fy": 1071.84, "cx": 638.719, "cy": 508.324}, "camera_to_world_matrix": [0.603903, 0.549837, 0.577044, 2.64421, 0.79657, -0.391017, -0.461067, 0.354532, -0.0278777, 0.738096, -0.67412, 1.4347, 0.0, 0.0, 0.0, 1.0]}, "1a7fe152f6f34697bdcee712008f84e4_d0_1.png": {"intrinsics": {"fx": 1071.14, "fy": 1071.84, "cx": 638.719, "cy": 508.324}, "camera_to_world_matrix": [0.991867, -0.0639692, -0.110036, 2.65761, -0.125106, -0.649063, -0.750378, 0.360187, -0.0234191, 0.758041, -0.651787, 1.43426, 0.0, 0.0, 0.0, 1.0]}, "1a7fe152f6f34697bdcee712008f84e4_d0_2.png": {"intrinsics": {"fx": 1071.14, "fy": 1071.84, "cx": 638.719, "cy": 508.324}, "camera_to_world_matrix": [0.387949, -0.594511, -0.70431, 2.66921, -0.921669, -0.246304, -0.299769, 0.351406, 0.00474171, 0.765436, -0.643495, 1.4341, 0.0, 0.0, 0.0, 1.0]}, "1a7fe152f6f34697bdcee712008f84e4_d0_3.png": {"intrinsics": {"fx": 1071.14, "fy": 1071.84, "cx": 638.719, "cy": 508.324}, "camera_to_world_matrix": [-0.60392, -0.511234, -0.611491, 2.66741, -0.796538, 0.414492, 0.440141, 0.33697, 0.0284434, 0.752885, -0.657537, 1.43437, 0.0, 0.0, 0.0, 1.0]}, "1a7fe152f6f34697bdcee712008f84e4_d0_4.png": {"intrinsics": {"fx": 1071.14, "fy": 1071.84, "cx": 638.719, "cy": 508.324}, "camera_to_world_matrix": [-0.991848, 0.102582, 0.0756007, 2.65401, 0.125154, 0.672515, 0.729425, 0.331315, 0.0239836, 0.73294, -0.67987, 1.43481, 0.0, 0.0, 0.0, 1.0]}, "1a7fe152f6f34697bdcee712008f84e4_d0_5.png": {"intrinsics": {"fx": 1071.14, "fy": 1071.84, "cx": 638.719, "cy": 508.324}, "camera_to_world_matrix": [-0.387898, 0.633109, 0.669858, 2.64241, 0.921693, 0.269735, 0.278793, 0.340097, -0.00417761, 0.725546, -0.688161, 1.43497, 0.0, 0.0, 0.0, 1.0]}, "1a7fe152f6f34697bdcee712008f84e4_d1_0.png": {"intrinsics": {"fx": 1075.47, "fy": 1076.31, "cx": 626.937, "cy": 504.925}, "camera_to_world_matrix": [0.603238, 0.0169966, 0.797381, 2.65388, 0.797341, 0.0106561, -0.603435, 0.348386, -0.0187534, 0.999799, -0.00712399, 1.46781, 0.0, 0.0, 0.0, 1.0]}, "1a7fe152f6f34697bdcee712008f84e4_d1_1.png": {"intrinsics": {"fx": 1075.47, "fy": 1076.31, "cx": 626.937, "cy": 504.925}, "camera_to_world_matrix": [0.992195, 0.0170415, -0.123524, 2.6571, -0.123868, 0.0208756, -0.992079, 0.349746, -0.0143279, 0.999637, 0.0228235, 1.4677, 0.0, 0.0, 0.0, 1.0]}, "1a7fe152f6f34697bdcee712008f84e4_d1_2.png": {"intrinsics": {"fx": 1075.47, "fy": 1076.31, "cx": 626.937, "cy": 504.925}, "camera_to_world_matrix": [0.389178, 0.0259124, -0.920798, 2.65989, -0.921059, 0.0259427, -0.388559, 0.347634, 0.0138195, 0.999328, 0.0339632, 1.46766, 0.0, 0.0, 0.0, 1.0]}, "1a7fe152f6f34697bdcee712008f84e4_d1_3.png": {"intrinsics": {"fx": 1075.47, "fy": 1076.31, "cx": 626.937, "cy": 504.925}, "camera_to_world_matrix": [-0.602783, 0.0347383, -0.797149, 2.65946, -0.797022, 0.0207903, 0.603592, 0.344162, 0.0375408, 0.99918, 0.0151551, 1.46773, 0.0, 0.0, 0.0, 1.0]}, "1a7fe152f6f34697bdcee712008f84e4_d1_4.png": {"intrinsics": {"fx": 1075.47, "fy": 1076.31, "cx": 626.937, "cy": 504.925}, "camera_to_world_matrix": [-0.991704, 0.0346931, 0.123771, 2.65623, 0.124203, 0.0105709, 0.992201, 0.342801, 0.0331141, 0.999342, -0.0147922, 1.46783, 0.0, 0.0, 0.0, 1.0]}, "1a7fe152f6f34697bdcee712008f84e4_d1_5.png": {"intrinsics": {"fx": 1075.47, "fy": 1076.31, "cx": 626.937, "cy": 504.925}, "camera_to_world_matrix": [-0.388656, 0.0258219, 0.921021, 2.65344, 0.92137, 0.00550407, 0.388649, 0.344914, 0.00496629, 0.999651, -0.0259308, 1.46787, 0.0, 0.0, 0.0, 1.0]}, "1a7fe152f6f34697bdcee712008f84e4_d2_0.png": {"intrinsics": {"fx": 1073.18, "fy": 1073.62, "cx": 632.926, "cy": 498.568}, "camera_to_world_matrix": [0.59794, -0.525468, 0.60527, 2.64593, 0.801306, 0.410174, -0.435507, 0.355578, -0.0194213, 0.745413, 0.66632, 1.50117, 0.0, 0.0, 0.0, 1.0]}, "1a7fe152f6f34697bdcee712008f84e4_d2_1.png": {"intrinsics": {"fx": 1073.18, "fy": 1073.62, "cx": 632.926, "cy": 498.568}, "camera_to_world_matrix": [0.992978, 0.0917274, -0.0747072, 2.65933, -0.117321, 0.682447, -0.721458, 0.361232, -0.0151938, 0.725157, 0.688416, 1.50073, 0.0, 0.0, 0.0, 1.0]}, "1a7fe152f6f34697bdcee712008f84e4_d2_2.png": {"intrinsics": {"fx": 1073.18, "fy": 1073.62, "cx": 632.926, "cy": 498.568}, "camera_to_world_matrix": [0.39524, 0.636283, -0.662518, 2.67093, -0.918488, 0.283861, -0.275324, 0.352451, 0.0128795, 0.717334, 0.696611, 1.50057, 0.0, 0.0, 0.0, 1.0]}, "1a7fe152f6f34697bdcee712008f84e4_d2_3.png": {"intrinsics": {"fx": 1073.18, "fy": 1073.62, "cx": 632.926, "cy": 498.568}, "camera_to_world_matrix": [-0.597523, 0.563631, -0.570339, 2.66913, -0.80101, -0.386989, 0.456752, 0.338015, 0.0367247, 0.729767, 0.682709, 1.50084, 0.0, 0.0, 0.0, 1.0]}, "1a7fe152f6f34697bdcee712008f84e4_d2_4.png": {"intrinsics": {"fx": 1073.18, "fy": 1073.62, "cx": 632.926, "cy": 498.568}, "camera_to_world_matrix": [-0.992526, -0.0535751, 0.109649, 2.65573, 0.117632, -0.659238, 0.742677, 0.332361, 0.0324961, 0.750024, 0.660612, 1.50128, 0.0, 0.0, 0.0, 1.0]}, "1a7fe152f6f34697bdcee712008f84e4_d2_5.png": {"intrinsics": {"fx": 1073.18, "fy": 1073.62, "cx": 632.926, "cy": 498.568}, "camera_to_world_matrix": [-0.394756, -0.598115, 0.697443, 2.64413, 0.918776, -0.26063, 0.296519, 0.341143, 0.00442229, 0.757846, 0.652418, 1.50144, 0.0, 0.0, 0.0, 1.0]}, "227ed4cadd89473b93bfdde29decd566_d0_0.png": {"intrinsics": {"fx": 1071.14, "fy": 1071.84, "cx": 638.719, "cy": 508.324}, "camera_to_world_matrix": [0.632651, 0.504671, 0.587419, 2.84221, 0.774387, -0.42089, -0.472416, 2.11326, 0.00882426, 0.753763, -0.657087, 4.6054, 0.0, 0.0, 0.0, 1.0]}, "227ed4cadd89473b93bfdde29decd566_d0_1.png": {"intrinsics": {"fx": 1071.14, "fy": 1071.84, "cx": 638.719, "cy": 508.324}, "camera_to_world_matrix": [0.98688, -0.118275, -0.109909, 2.85581, -0.160764, -0.656691, -0.736826, 2.11843, 0.0149719, 0.744828, -0.667089, 4.60559, 0.0, 0.0, 0.0, 1.0]}, "227ed4cadd89473b93bfdde29decd566_d0_2.png": {"intrinsics": {"fx": 1071.14, "fy": 1071.84, "cx": 638.719, "cy": 508.324}, "camera_to_world_matrix": [0.354202, -0.633923, -0.687519, 2.86708, -0.935147, -0.235042, -0.265058, 2.10923, 0.00643006, 0.736816, -0.676063, 4.60577, 0.0, 0.0, 0.0, 1.0]}, "227ed4cadd89473b93bfdde29decd566_d0_3.png": {"intrinsics": {"fx": 1071.14, "fy": 1071.84, "cx": 638.719, "cy": 508.324}, "camera_to_world_matrix": [-0.632689, -0.526612, -0.567789, 2.86476, -0.774362, 0.422398, 0.471109, 2.09487, -0.00825928, 0.73774, -0.675035, 4.60575, 0.0, 0.0, 0.0, 1.0]}, "227ed4cadd89473b93bfdde29decd566_d0_4.png": {"intrinsics": {"fx": 1071.14, "fy": 1071.84, "cx": 638.719, "cy": 508.324}, "camera_to_world_matrix": [-0.986882, 0.0963433, 0.129549, 2.85116, 0.160803, 0.658175, 0.735492, 2.0897, -0.0144064, 0.746676, -0.665032, 4.60555, 0.0, 0.0, 0.0, 1.0]}, "227ed4cadd89473b93bfdde29decd566_d0_5.png": {"intrinsics": {"fx": 1071.14, "fy": 1071.84, "cx": 638.719, "cy": 508.324}, "camera_to_world_matrix": [-0.354174, 0.611974, 0.707141, 2.83988, 0.935161, 0.236506, 0.263702, 2.0989, -0.00586406, 0.754687, -0.656058, 4.60538, 0.0, 0.0, 0.0, 1.0]}, "227ed4cadd89473b93bfdde29decd566_d1_0.png": {"intrinsics": {"fx": 1075.47, "fy": 1076.31, "cx": 626.937, "cy": 504.925}, "camera_to_world_matrix": [0.631639, -0.0237711, 0.774899, 2.85028, 0.775056, -0.00374783, -0.631882, 2.10631, 0.0179247, 0.99971, 0.0160567, 4.63878, 0.0, 0.0, 0.0, 1.0]}, "227ed4cadd89473b93bfdde29decd566_d1_1.png": {"intrinsics": {"fx": 1075.47, "fy": 1076.31, "cx": 626.937, "cy": 504.925}, "camera_to_world_matrix": [0.986878, -0.0233541, -0.159773, 2.85355, -0.159664, 0.00646448, -0.98715, 2.10755, 0.0240868, 0.999706, 0.0026508, 4.63882, 0.0, 0.0, 0.0, 1.0]}, "227ed4cadd89473b93bfdde29decd566_d1_2.png": {"intrinsics": {"fx": 1075.47, "fy": 1076.31, "cx": 626.937, "cy": 504.925}, "camera_to_world_matrix": [0.355079, -0.0143023, -0.934727, 2.85626, -0.934707, 0.0112094, -0.355242, 2.10534, 0.0155585, 0.999835, -0.00938831, 4.63887, 0.0, 0.0, 0.0, 1.0]}, "227ed4cadd89473b93bfdde29decd566_d1_3.png": {"intrinsics": {"fx": 1075.47, "fy": 1076.31, "cx": 626.937, "cy": 504.925}, "camera_to_world_matrix": [-0.631945, -0.00566785, -0.774992, 2.8557, -0.775013, 0.00574197, 0.63192, 2.10189, 0.000868338, 0.999967, -0.0080213, 4.63886, 0.0, 0.0, 0.0, 1.0]}, "227ed4cadd89473b93bfdde29decd566_d1_4.png": {"intrinsics": {"fx": 1075.47, "fy": 1076.31, "cx": 626.937, "cy": 504.925}, "camera_to_world_matrix": [-0.987148, -0.0060853, 0.159693, 2.85243, 0.159722, -0.00447033, 0.987152, 2.10064, -0.00529325, 0.999972, 0.0053848, 4.63881, 0.0, 0.0, 0.0, 1.0]}, "227ed4cadd89473b93bfdde29decd566_d1_5.png": {"intrinsics": {"fx": 1075.47, "fy": 1076.31, "cx": 626.937, "cy": 504.925}, "camera_to_world_matrix": [-0.355319, -0.0151372, 0.934623, 2.84972, 0.93474, -0.00921493, 0.355214, 2.10285, 0.00323551, 0.999843, 0.0174236, 4.63877, 0.0, 0.0, 0.0, 1.0]}, "227ed4cadd89473b93bfdde29decd566_d2_0.png": {"intrinsics": {"fx": 1073.18, "fy": 1073.62, "cx": 632.926, "cy": 498.568}, "camera_to_world_matrix": [0.626518, -0.540672, 0.561382, 2.84123, 0.779219, 0.418703, -0.466374, 2.11332, 0.0171028, 0.729631, 0.683627, 4.67189, 0.0, 0.0, 0.0, 1.0]}, "227ed4cadd89473b93bfdde29decd566_d2_1.png": {"intrinsics": {"fx": 1073.18, "fy": 1073.62, "cx": 632.926, "cy": 498.568}, "camera_to_world_matrix": [0.987929, 0.0861797, -0.128724, 2.85483, -0.153138, 0.668602, -0.727682, 2.11849, 0.0233534, 0.738611, 0.673728, 4.67209, 0.0, 0.0, 0.0, 1.0]}, "227ed4cadd89473b93bfdde29decd566_d2_2.png": {"intrinsics": {"fx": 1073.18, "fy": 1073.62, "cx": 632.926, "cy": 498.568}, "camera_to_world_matrix": [0.361261, 0.615987, -0.700036, 2.8661, -0.932346, 0.250619, -0.260618, 2.1093, 0.0149048, 0.746827, 0.664851, 4.67226, 0.0, 0.0, 0.0, 1.0]}, "227ed4cadd89473b93bfdde29decd566_d2_3.png": {"intrinsics": {"fx": 1073.18, "fy": 1073.62, "cx": 632.926, "cy": 498.568}, "camera_to_world_matrix": [-0.626803, 0.51893, -0.581231, 2.86378, -0.779178, -0.417252, 0.467742, 2.09494, 0.000205784, 0.746064, 0.665874, 4.67224, 0.0, 0.0, 0.0, 1.0]}, "227ed4cadd89473b93bfdde29decd566_d2_4.png": {"intrinsics": {"fx": 1073.18, "fy": 1073.62, "cx": 632.926, "cy": 498.568}, "camera_to_world_matrix": [-0.988178, -0.107931, 0.108885, 2.85018, 0.153194, -0.667126, 0.729023, 2.08977, -0.00604425, 0.737085, 0.675773, 4.67205, 0.0, 0.0, 0.0, 1.0]}, "227ed4cadd89473b93bfdde29decd566_d2_5.png": {"intrinsics": {"fx": 1073.18, "fy": 1073.62, "cx": 632.926, "cy": 498.568}, "camera_to_world_matrix": [-0.361479, -0.637722, 0.680179, 2.8389, 0.932377, -0.249122, 0.261937, 2.09896, 0.00240477, 0.728868, 0.68465, 4.67187, 0.0, 0.0, 0.0, 1.0]}, "236a4dea3b6e415baa0606e642d48784_d0_0.png": {"intrinsics": {"fx": 1071.14, "fy": 1071.84, "cx": 638.719, "cy": 508.324}, "camera_to_world_matrix": [0.953927, 0.191342, 0.231111, 9.1196, 0.299417, -0.656708, -0.692159, -4.96876, 0.0193333, 0.729468, -0.683742, 1.35565, 0.0, 0.0, 0.0, 1.0]}, "236a4dea3b6e415baa0606e642d48784_d0_1.png": {"intrinsics": {"fx": 1071.14, "fy": 1071.84, "cx": 638.719, "cy": 508.324}, "camera_to_world_matrix": [0.736613, -0.458793, -0.496901, 9.1338, -0.676225, -0.511589, -0.530092, -4.97191, -0.0110068, 0.726489, -0.68709, 1.35571, 0.0, 0.0, 0.0, 1.0]}, "236a4dea3b6e415baa0606e642d48784_d0_2.png": {"intrinsics": {"fx": 1071.14, "fy": 1071.84, "cx": 638.719, "cy": 508.324}, "camera_to_world_matrix": [-0.217333, -0.658308, -0.720692, 9.13818, -0.975635, 0.12377, 0.181158, -4.98578, -0.0300573, 0.742504, -0.669167, 1.35536, 0.0, 0.0, 0.0, 1.0]}, "236a4dea3b6e415baa0606e642d48784_d0_3.png": {"intrinsics": {"fx": 1071.14, "fy": 1071.84, "cx": 638.719, "cy": 508.324}, "camera_to_world_matrix": [-0.953945, -0.207684, -0.216466, 9.12835, -0.299396, 0.613996, 0.730323, -4.9965, -0.0187672, 0.761496, -0.647897, 1.35495, 0.0, 0.0, 0.0, 1.0]}, "236a4dea3b6e415baa0606e642d48784_d0_4.png": {"intrinsics": {"fx": 1071.14, "fy": 1071.84, "cx": 638.719, "cy": 508.324}, "camera_to_world_matrix": [-0.736593, 0.442446, 0.51154, 9.11414, 0.676238, 0.468851, 0.568227, -4.99335, 0.0115732, 0.764474, -0.644551, 1.35488, 0.0, 0.0, 0.0, 1.0]}, "236a4dea3b6e415baa0606e642d48784_d0_5.png": {"intrinsics": {"fx": 1071.14, "fy": 1071.84, "cx": 638.719, "cy": 508.324}, "camera_to_world_matrix": [0.217365, 0.641936, 0.735303, 9.10977, 0.97561, -0.166516, -0.143031, -4.97948, 0.0306227, 0.748459, -0.662474, 1.35523, 0.0, 0.0, 0.0, 1.0]}, "236a4dea3b6e415baa0606e642d48784_d1_0.png": {"intrinsics": {"fx": 1075.47, "fy": 1076.31, "cx": 626.937, "cy": 504.925}, "camera_to_world_matrix": [0.953455, -0.0211421, 0.300794, 9.12255, 0.300189, -0.0276306, -0.95348, -4.98025, 0.0284696, 0.999395, -0.019998, 1.38862, 0.0, 0.0, 0.0, 1.0]}, "236a4dea3b6e415baa0606e642d48784_d1_1.png": {"intrinsics": {"fx": 1075.47, "fy": 1076.31, "cx": 626.937, "cy": 504.925}, "camera_to_world_matrix": [0.737222, -0.015187, -0.67548, 9.12597, -0.675648, -0.0193294, -0.736971, -4.981, -0.00186425, 0.999698, -0.0245111, 1.38863, 0.0, 0.0, 0.0, 1.0]}, "236a4dea3b6e415baa0606e642d48784_d1_2.png": {"intrinsics": {"fx": 1075.47, "fy": 1076.31, "cx": 626.937, "cy": 504.925}, "camera_to_world_matrix": [-0.216352, -0.00501625, -0.976303, 9.12702, -0.976091, -0.0203366, 0.21641, -4.98434, -0.0209403, 0.999781, -0.000496479, 1.38855, 0.0, 0.0, 0.0, 1.0]}, "236a4dea3b6e415baa0606e642d48784_d1_3.png": {"intrinsics": {"fx": 1075.47, "fy": 1076.31, "cx": 626.937, "cy": 504.925}, "camera_to_world_matrix": [-0.953673, -0.000800814, -0.300845, 9.12466, -0.30069, -0.029645, 0.953261, -4.98692, -0.00968195, 0.99956, 0.0280308, 1.38845, 0.0, 0.0, 0.0, 1.0]}, "236a4dea3b6e415baa0606e642d48784_d1_4.png": {"intrinsics": {"fx": 1075.47, "fy": 1076.31, "cx": 626.937, "cy": 504.925}, "camera_to_world_matrix": [-0.737402, -0.00675622, 0.67542, 9.12124, 0.675139, -0.037946, 0.736715, -4.98616, 0.0206521, 0.999257, 0.0325428, 1.38843, 0.0, 0.0, 0.0, 1.0]}, "236a4dea3b6e415baa0606e642d48784_d1_5.png": {"intrinsics": {"fx": 1075.47, "fy": 1076.31, "cx": 626.937, "cy": 504.925}, "camera_to_world_matrix": [0.216184, -0.0169269, 0.976206, 9.12019, 0.975544, -0.0369384, -0.216678, -4.98282, 0.0397272, 0.999174, 0.00852741, 1.38852, 0.0, 0.0, 0.0, 1.0]}, "236a4dea3b6e415baa0606e642d48784_d2_0.png": {"intrinsics": {"fx": 1073.18, "fy": 1073.62, "cx": 632.926, "cy": 498.568}, "camera_to_world_matrix": [0.95146, -0.22147, 0.213717, 9.11887, 0.306506, 0.618927, -0.723176, -4.97066, 0.0278861, 0.753578, 0.656766, 1.42212, 0.0, 0.0, 0.0, 1.0]}, "236a4dea3b6e415baa0606e642d48784_d2_1.png": {"intrinsics": {"fx": 1073.18, "fy": 1073.62, "cx": 632.926, "cy": 498.568}, "camera_to_world_matrix": [0.741683, 0.439669, -0.506555, 9.13307, -0.670747, 0.483439, -0.562483, -4.97381, -0.00241749, 0.756954, 0.653464, 1.42218, 0.0, 0.0, 0.0, 1.0]}, "236a4dea3b6e415baa0606e642d48784_d2_2.png": {"intrinsics": {"fx": 1073.18, "fy": 1073.62, "cx": 632.926, "cy": 498.568}, "camera_to_world_matrix": [-0.209889, 0.653032, -0.727665, 9.13745, -0.977486, -0.156634, 0.141379, -4.98769, -0.0216519, 0.740956, 0.671205, 1.42183, 0.0, 0.0, 0.0, 1.0]}, "236a4dea3b6e415baa0606e642d48784_d2_3.png": {"intrinsics": {"fx": 1073.18, "fy": 1073.62, "cx": 632.926, "cy": 498.568}, "camera_to_world_matrix": [-0.951662, 0.205252, -0.228498, 9.12762, -0.306965, -0.661203, 0.684532, -4.99841, -0.0105824, 0.721583, 0.692247, 1.42142, 0.0, 0.0, 0.0, 1.0]}, "236a4dea3b6e415baa0606e642d48784_d2_4.png": {"intrinsics": {"fx": 1073.18, "fy": 1073.62, "cx": 632.926, "cy": 498.568}, "camera_to_world_matrix": [-0.741847, -0.455881, 0.491768, 9.11341, 0.67028, -0.525688, 0.52381, -4.99526, 0.0197215, 0.718209, 0.695548, 1.42135, 0.0, 0.0, 0.0, 1.0]}, "236a4dea3b6e415baa0606e642d48784_d2_5.png": {"intrinsics": {"fx": 1073.18, "fy": 1073.62, "cx": 632.926, "cy": 498.568}, "camera_to_world_matrix": [0.209737, -0.669219, 0.712851, 9.10904, 0.976982, 0.114392, -0.18006, -4.98138, 0.0389549, 0.734207, 0.677807, 1.4217, 0.0, 0.0, 0.0, 1.0]}, "33296641c793430a893601e4ecbddcba_d0_0.png": {"intrinsics": {"fx": 1071.14, "fy": 1071.84, "cx": 638.719, "cy": 508.324}, "camera_to_world_matrix": [-0.836921, 0.365745, 0.407179, 3.73179, 0.54723, 0.545322, 0.634952, -12.7145, 0.0101869, 0.754225, -0.656537, 1.44707, 0.0, 0.0, 0.0, 1.0]}, "33296641c793430a893601e4ecbddcba_d0_1.png": {"intrinsics": {"fx": 1071.14, "fy": 1071.84, "cx": 638.719, "cy": 508.324}, "camera_to_world_matrix": [0.0555481, 0.666071, 0.743817, 3.72522, 0.998324, -0.0491941, -0.0305022, -12.7016, 0.0162747, 0.744264, -0.667687, 1.44729, 0.0, 0.0, 0.0, 1.0]}, "33296641c793430a893601e4ecbddcba_d0_2.png": {"intrinsics": {"fx": 1071.14, "fy": 1071.84, "cx": 638.719, "cy": 508.324}, "camera_to_world_matrix": [0.892468, 0.30129, 0.335747, 3.73317, 0.451067, -0.606515, -0.654736, -12.6894, 0.00637017, 0.735775, -0.677197, 1.44747, 0.0, 0.0, 0.0, 1.0]}, "33296641c793430a893601e4ecbddcba_d0_3.png": {"intrinsics": {"fx": 1071.14, "fy": 1071.84, "cx": 638.719, "cy": 508.324}, "camera_to_world_matrix": [0.8369, -0.363809, -0.408952, 3.7477, -0.547271, -0.569308, -0.613501, -12.6902, -0.00962191, 0.737246, -0.675556, 1.44744, 0.0, 0.0, 0.0, 1.0]}, "33296641c793430a893601e4ecbddcba_d0_4.png": {"intrinsics": {"fx": 1071.14, "fy": 1071.84, "cx": 638.719, "cy": 508.324}, "camera_to_world_matrix": [-0.0555862, -0.664113, -0.745563, 3.75427, -0.99833, 0.0252197, 0.0519671, -12.7031, -0.0157091, 0.747207, -0.664406, 1.44722, 0.0, 0.0, 0.0, 1.0]}, "33296641c793430a893601e4ecbddcba_d0_5.png": {"intrinsics": {"fx": 1071.14, "fy": 1071.84, "cx": 638.719, "cy": 508.324}, "camera_to_world_matrix": [-0.892485, -0.29931, -0.337469, 3.74632, -0.451041, 0.582526, 0.676185, -12.7153, -0.00580413, 0.755696, -0.654896, 1.44704, 0.0, 0.0, 0.0, 1.0]}, "33296641c793430a893601e4ecbddcba_d1_0.png": {"intrinsics": {"fx": 1075.47, "fy": 1076.31, "cx": 626.937, "cy": 504.925}, "camera_to_world_matrix": [-0.837472, 0.00698719, 0.546436, 3.73788, 0.54614, -0.0245878, 0.837333, -12.7058, 0.0192863, 0.999673, 0.0167756, 1.48046, 0.0, 0.0, 0.0, 1.0]}, "33296641c793430a893601e4ecbddcba_d1_1.png": {"intrinsics": {"fx": 1075.47, "fy": 1076.31, "cx": 626.937, "cy": 504.925}, "camera_to_world_matrix": [0.0544618, -0.00321198, 0.998511, 3.73629, 0.998193, -0.0252527, -0.0545257, -12.7027, 0.0253902, 0.999676, 0.00183084, 1.48051, 0.0, 0.0, 0.0, 1.0]}, "33296641c793430a893601e4ecbddcba_d1_2.png": {"intrinsics": {"fx": 1075.47, "fy": 1076.31, "cx": 626.937, "cy": 504.925}, "camera_to_world_matrix": [0.891945, -0.00888714, 0.452058, 3.73821, 0.451879, -0.0167535, -0.891922, -12.6998, 0.0155002, 0.99982, -0.0109273, 1.48055, 0.0, 0.0, 0.0, 1.0]}, "33296641c793430a893601e4ecbddcba_d1_3.png": {"intrinsics": {"fx": 1075.47, "fy": 1076.31, "cx": 626.937, "cy": 504.925}, "camera_to_world_matrix": [0.837475, -0.00436299, -0.546458, 3.7417, -0.546475, -0.00758956, -0.837441, -12.7, -0.000493645, 0.999962, -0.00874037, 1.48054, 0.0, 0.0, 0.0, 1.0]}, "33296641c793430a893601e4ecbddcba_d1_4.png": {"intrinsics": {"fx": 1075.47, "fy": 1076.31, "cx": 626.937, "cy": 504.925}, "camera_to_world_matrix": [-0.0544761, 0.00583622, -0.998498, 3.74328, -0.998493, -0.0069251, 0.0544355, -12.7031, -0.00659701, 0.999959, 0.00620464, 1.48049, 0.0, 0.0, 0.0, 1.0]}, "33296641c793430a893601e4ecbddcba_d1_5.png": {"intrinsics": {"fx": 1075.47, "fy": 1076.31, "cx": 626.937, "cy": 504.925}, "camera_to_world_matrix": [-0.891938, 0.011511, -0.452012, 3.74137, -0.452147, -0.0154246, 0.89181, -12.706, 0.00329356, 0.999815, 0.0189624, 1.48045, 0.0, 0.0, 0.0, 1.0]}, "33296641c793430a893601e4ecbddcba_d2_0.png": {"intrinsics": {"fx": 1073.18, "fy": 1073.62, "cx": 632.926, "cy": 498.568}, "camera_to_world_matrix": [-0.841071, -0.358656, 0.404926, 3.73188, 0.540609, -0.582887, 0.606617, -12.7156, 0.0184596, 0.729115, 0.684142, 1.51356, 0.0, 0.0, 0.0, 1.0]}, "33296641c793430a893601e4ecbddcba_d2_1.png": {"intrinsics": {"fx": 1073.18, "fy": 1073.62, "cx": 632.926, "cy": 498.568}, "camera_to_world_matrix": [0.0478608, -0.673413, 0.737716, 3.7253, 0.99855, 0.0140218, -0.0519834, -12.7026, 0.0246622, 0.739134, 0.673107, 1.51378, 0.0, 0.0, 0.0, 1.0]}, "33296641c793430a893601e4ecbddcba_d2_2.png": {"intrinsics": {"fx": 1073.18, "fy": 1073.62, "cx": 632.926, "cy": 498.568}, "camera_to_world_matrix": [0.888942, -0.313774, 0.333658, 3.73325, 0.457778, 0.585035, -0.669457, -12.6904, 0.0148566, 0.74785, 0.663701, 1.51396, 0.0, 0.0, 0.0, 1.0]}, "33296641c793430a893601e4ecbddcba_d2_3.png": {"intrinsics": {"fx": 1073.18, "fy": 1073.62, "cx": 632.926, "cy": 498.568}, "camera_to_world_matrix": [0.841073, 0.360614, -0.40318, 3.74778, -0.540921, 0.559127, -0.628317, -12.6912, -0.00115141, 0.746549, 0.66533, 1.51393, 0.0, 0.0, 0.0, 1.0]}, "33296641c793430a893601e4ecbddcba_d2_4.png": {"intrinsics": {"fx": 1073.18, "fy": 1073.62, "cx": 632.926, "cy": 498.568}, "camera_to_world_matrix": [-0.0478771, 0.675348, -0.735943, 3.75436, -0.998826, -0.0377942, 0.0302968, -12.7042, -0.00735339, 0.73653, 0.676365, 1.51371, 0.0, 0.0, 0.0, 1.0]}, "33296641c793430a893601e4ecbddcba_d2_5.png": {"intrinsics": {"fx": 1073.18, "fy": 1073.62, "cx": 632.926, "cy": 498.568}, "camera_to_world_matrix": [-0.888938, 0.315687, -0.331861, 3.74641, -0.458022, -0.608793, 0.647755, -12.7164, 0.00245266, 0.727814, 0.685771, 1.51353, 0.0, 0.0, 0.0, 1.0]}, "35b41dcbfcf84f96878f6ca28c70e5af_d0_0.png": {"intrinsics": {"fx": 1071.14, "fy": 1071.84, "cx": 638.719, "cy": 508.324}, "camera_to_world_matrix": [-0.997921, 0.0184558, 0.0617492, 1.48911, 0.0578949, 0.677661, 0.733092, 0.263377, -0.0283153, 0.735143, -0.677321, 1.43089, 0.0, 0.0, 0.0, 1.0]}, "35b41dcbfcf84f96878f6ca28c70e5af_d0_1.png": {"intrinsics": {"fx": 1071.14, "fy": 1071.84, "cx": 638.719, "cy": 508.324}, "camera_to_world_matrix": [-0.448421, 0.574595, 0.68466, 1.47695, 0.893402, 0.311622, 0.323612, 0.271355, -0.0274091, 0.756791, -0.653082, 1.43042, 0.0, 0.0, 0.0, 1.0]}, "35b41dcbfcf84f96878f6ca28c70e5af_d0_2.png": {"intrinsics": {"fx": 1071.14, "fy": 1071.84, "cx": 638.719, "cy": 508.324}, "camera_to_world_matrix": [0.549502, 0.535503, 0.641315, 1.47778, 0.835492, -0.353292, -0.420879, 0.28588, 0.00118945, 0.767087, -0.641542, 1.43019, 0.0, 0.0, 0.0, 1.0]}, "35b41dcbfcf84f96878f6ca28c70e5af_d0_3.png": {"intrinsics": {"fx": 1071.14, "fy": 1071.84, "cx": 638.719, "cy": 508.324}, "camera_to_world_matrix": [0.997903, -0.0597269, -0.0249404, 1.49078, -0.0579241, -0.652151, -0.755874, 0.292426, 0.0288811, 0.755733, -0.654243, 1.43044, 0.0, 0.0, 0.0, 1.0]}, "35b41dcbfcf84f96878f6ca28c70e5af_d0_4.png": {"intrinsics": {"fx": 1071.14, "fy": 1071.84, "cx": 638.719, "cy": 508.324}, "camera_to_world_matrix": [0.448371, -0.615852, -0.647835, 1.50293, -0.89341, -0.286089, -0.34637, 0.284447, 0.0279736, 0.734085, -0.678482, 1.43091, 0.0, 0.0, 0.0, 1.0]}, "35b41dcbfcf84f96878f6ca28c70e5af_d0_5.png": {"intrinsics": {"fx": 1071.14, "fy": 1071.84, "cx": 638.719, "cy": 508.324}, "camera_to_world_matrix": [-0.54955, -0.576734, -0.604461, 1.5021, -0.83546, 0.378823, 0.39812, 0.269922, -0.00062549, 0.72379, -0.69002, 1.43114, 0.0, 0.0, 0.0, 1.0]}, "35b41dcbfcf84f96878f6ca28c70e5af_d1_0.png": {"intrinsics": {"fx": 1075.47, "fy": 1076.31, "cx": 626.937, "cy": 504.925}, "camera_to_world_matrix": [-0.998193, -0.0185003, 0.0571794, 1.48882, 0.0569528, 0.0125555, 0.998298, 0.274976, -0.0191868, 0.99975, -0.0114792, 1.46395, 0.0, 0.0, 0.0, 1.0]}, "35b41dcbfcf84f96878f6ca28c70e5af_d1_1.png": {"intrinsics": {"fx": 1075.47, "fy": 1076.31, "cx": 626.937, "cy": 504.925}, "camera_to_world_matrix": [-0.449634, -0.0270136, 0.892804, 1.4859, 0.893025, 0.00690118, 0.449954, 0.276895, -0.0183163, 0.999611, 0.0210207, 1.46384, 0.0, 0.0, 0.0, 1.0]}, "35b41dcbfcf84f96878f6ca28c70e5af_d1_2.png": {"intrinsics": {"fx": 1075.47, "fy": 1076.31, "cx": 626.937, "cy": 504.925}, "camera_to_world_matrix": [0.548309, -0.0361622, 0.835494, 1.4861, 0.836213, 0.0114462, -0.548285, 0.280389, 0.010264, 0.99928, 0.0365154, 1.46378, 0.0, 0.0, 0.0, 1.0]}, "35b41dcbfcf84f96878f6ca28c70e5af_d1_3.png": {"intrinsics": {"fx": 1075.47, "fy": 1076.31, "cx": 626.937, "cy": 504.925}, "camera_to_world_matrix": [0.997671, -0.0367975, -0.0574405, 1.48922, -0.0566702, 0.0216455, -0.998158, 0.281964, 0.037973, 0.999088, 0.0195097, 1.46384, 0.0, 0.0, 0.0, 1.0]}, "35b41dcbfcf84f96878f6ca28c70e5af_d1_4.png": {"intrinsics": {"fx": 1075.47, "fy": 1076.31, "cx": 626.937, "cy": 504.925}, "camera_to_world_matrix": [0.449079, -0.028284, -0.893044, 1.49215, -0.892721, 0.0272995, -0.449781, 0.280044, 0.0371013, 0.999227, -0.0129902, 1.46396, 0.0, 0.0, 0.0, 1.0]}, "35b41dcbfcf84f96878f6ca28c70e5af_d1_5.png": {"intrinsics": {"fx": 1075.47, "fy": 1076.31, "cx": 626.937, "cy": 504.925}, "camera_to_world_matrix": [-0.548861, -0.0191356, -0.835694, 1.49195, -0.83587, 0.022754, 0.548456, 0.276551, 0.00852041, 0.999558, -0.0284837, 1.46401, 0.0, 0.0, 0.0, 1.0]}, "35b41dcbfcf84f96878f6ca28c70e5af_d2_0.png": {"intrinsics": {"fx": 1073.18, "fy": 1073.62, "cx": 632.926, "cy": 498.568}, "camera_to_world_matrix": [-0.998535, -0.0482127, 0.0245543, 1.48727, 0.0503419, -0.661601, 0.748165, 0.264514, -0.0198259, 0.748305, 0.663059, 1.49736, 0.0, 0.0, 0.0, 1.0]}, "35b41dcbfcf84f96878f6ca28c70e5af_d2_1.png": {"intrinsics": {"fx": 1073.18, "fy": 1073.62, "cx": 632.926, "cy": 498.568}, "camera_to_world_matrix": [-0.455508, -0.618055, 0.640719, 1.47511, 0.890025, -0.30067, 0.342713, 0.272493, -0.0191701, 0.726365, 0.687042, 1.49688, 0.0, 0.0, 0.0, 1.0]}, "35b41dcbfcf84f96878f6ca28c70e5af_d2_2.png": {"intrinsics": {"fx": 1073.18, "fy": 1073.62, "cx": 632.926, "cy": 498.568}, "camera_to_world_matrix": [0.542799, -0.590233, 0.597491, 1.47594, 0.839811, 0.373557, -0.393919, 0.287017, 0.00930723, 0.715598, 0.69845, 1.49666, 0.0, 0.0, 0.0, 1.0]}, "35b41dcbfcf84f96878f6ca28c70e5af_d2_3.png": {"intrinsics": {"fx": 1073.18, "fy": 1073.62, "cx": 632.926, "cy": 498.568}, "camera_to_world_matrix": [0.998055, 0.00743088, -0.0619014, 1.48894, -0.0500848, 0.686839, -0.725082, 0.293563, 0.0371283, 0.726772, 0.685875, 1.4969, 0.0, 0.0, 0.0, 1.0]}, "35b41dcbfcf84f96878f6ca28c70e5af_d2_4.png": {"intrinsics": {"fx": 1073.18, "fy": 1073.62, "cx": 632.926, "cy": 498.568}, "camera_to_world_matrix": [0.454994, 0.577259, -0.67805, 1.5011, -0.889747, 0.325886, -0.319607, 0.285584, 0.0364713, 0.748712, 0.661891, 1.49738, 0.0, 0.0, 0.0, 1.0]}, "35b41dcbfcf84f96878f6ca28c70e5af_d2_5.png": {"intrinsics": {"fx": 1073.18, "fy": 1073.62, "cx": 632.926, "cy": 498.568}, "camera_to_world_matrix": [-0.54331, 0.549411, -0.634793, 1.50026, -0.839494, -0.34834, 0.417024, 0.271059, 0.00799328, 0.759478, 0.650484, 1.4976, 0.0, 0.0, 0.0, 1.0]}, "3d5547ed57e2466bb12264e530574179_d0_0.png": {"intrinsics": {"fx": 1071.14, "fy": 1071.84, "cx": 638.719, "cy": 508.324}, "camera_to_world_matrix": [-0.607362, -0.511727, -0.607657, 9.21705, -0.794392, 0.398242, 0.458634, 1.03053, 0.00729935, 0.761274, -0.648389, 3.58502, 0.0, 0.0, 0.0, 1.0]}, "3d5547ed57e2466bb12264e530574179_d0_1.png": {"intrinsics": {"fx": 1071.14, "fy": 1071.84, "cx": 638.719, "cy": 508.324}, "camera_to_world_matrix": [-0.991377, 0.103231, 0.0807142, 9.20363, 0.128793, 0.654034, 0.745421, 1.02492, 0.0241607, 0.749389, -0.661689, 3.58528, 0.0, 0.0, 0.0, 1.0]}, "3d5547ed57e2466bb12264e530574179_d0_2.png": {"intrinsics": {"fx": 1071.14, "fy": 1071.84, "cx": 638.719, "cy": 508.324}, "camera_to_world_matrix": [-0.383986, 0.63207, 0.673084, 9.19206, 0.92318, 0.249277, 0.292575, 1.03375, 0.0171435, 0.733722, -0.679233, 3.58562, 0.0, 0.0, 0.0, 1.0]}, "3d5547ed57e2466bb12264e530574179_d0_3.png": {"intrinsics": {"fx": 1071.14, "fy": 1071.84, "cx": 638.719, "cy": 508.324}, "camera_to_world_matrix": [0.607406, 0.54594, 0.577069, 9.19393, 0.794363, -0.411261, -0.447048, 1.04818, -0.00673492, 0.729941, -0.683477, 3.58571, 0.0, 0.0, 0.0, 1.0]}, "3d5547ed57e2466bb12264e530574179_d0_4.png": {"intrinsics": {"fx": 1071.14, "fy": 1071.84, "cx": 638.719, "cy": 508.324}, "camera_to_world_matrix": [0.991385, -0.0690287, -0.111314, 9.20735, -0.128837, -0.667029, -0.733808, 1.05378, -0.0235956, 0.741828, -0.670176, 3.58545, 0.0, 0.0, 0.0, 1.0]}, "3d5547ed57e2466bb12264e530574179_d0_5.png": {"intrinsics": {"fx": 1071.14, "fy": 1071.84, "cx": 638.719, "cy": 508.324}, "camera_to_world_matrix": [0.383963, -0.597852, -0.703666, 9.21891, -0.9232, -0.262252, -0.280939, 1.04496, -0.0165775, 0.757494, -0.652632, 3.5851, 0.0, 0.0, 0.0, 1.0]}, "3d5547ed57e2466bb12264e530574179_d1_0.png": {"intrinsics": {"fx": 1075.47, "fy": 1076.31, "cx": 626.937, "cy": 504.925}, "camera_to_world_matrix": [-0.606254, 0.0318382, -0.794633, 9.20903, -0.795102, -0.00367871, 0.606464, 1.03694, 0.0163855, 0.999486, 0.0275448, 3.61852, 0.0, 0.0, 0.0, 1.0]}, "3d5547ed57e2466bb12264e530574179_d1_1.png": {"intrinsics": {"fx": 1075.47, "fy": 1076.31, "cx": 626.937, "cy": 504.925}, "camera_to_world_matrix": [-0.991265, 0.0317493, 0.128006, 9.2058, 0.12762, -0.0138988, 0.991726, 1.03559, 0.0332657, 0.999399, 0.00972549, 3.61858, 0.0, 0.0, 0.0, 1.0]}, "3d5547ed57e2466bb12264e530574179_d1_2.png": {"intrinsics": {"fx": 1075.47, "fy": 1076.31, "cx": 626.937, "cy": 504.925}, "camera_to_world_matrix": [-0.384773, 0.022856, 0.922728, 9.20302, 0.922637, -0.0189335, 0.385204, 1.03771, 0.0262746, 0.999559, -0.0138027, 3.61867, 0.0, 0.0, 0.0, 1.0]}, "3d5547ed57e2466bb12264e530574179_d1_3.png": {"intrinsics": {"fx": 1075.47, "fy": 1076.31, "cx": 626.937, "cy": 504.925}, "camera_to_world_matrix": [0.606716, 0.0140517, 0.794794, 9.20347, 