{"0163f2c462ed46a08eb3dbce625c9a9d_d0_0.png": {"intrinsics": {"fx": 1072.66, "fy": 1073.57, "cx": 635.822, "cy": 513.965}, "camera_to_world_matrix": [-0.828891, -0.368919, -0.42052, 5.94428, -0.559408, 0.544882, 0.624632, 0.390331, -0.0013045, 0.752995, -0.658025, 1.54286, 0.0, 0.0, 0.0, 1.0]}, "0163f2c462ed46a08eb3dbce625c9a9d_d0_1.png": {"intrinsics": {"fx": 1072.66, "fy": 1073.57, "cx": 635.822, "cy": 513.965}, "camera_to_world_matrix": [-0.898921, 0.288014, 0.330133, 5.92977, 0.43809, 0.583968, 0.683416, 0.389264, 0.00404629, 0.758965, -0.651118, 1.54273, 0.0, 0.0, 0.0, 1.0]}, "0163f2c462ed46a08eb3dbce625c9a9d_d0_2.png": {"intrinsics": {"fx": 1072.66, "fy": 1073.57, "cx": 635.822, "cy": 513.965}, "camera_to_world_matrix": [-0.070091, 0.650352, 0.756392, 5.92159, 0.997433, 0.0345724, 0.0627014, 0.401297, 0.0146277, 0.758846, -0.651106, 1.54273, 0.0, 0.0, 0.0, 1.0]}, "0163f2c462ed46a08eb3dbce625c9a9d_d0_3.png": {"intrinsics": {"fx": 1072.66, "fy": 1073.57, "cx": 635.822, "cy": 513.965}, "camera_to_world_matrix": [0.828751, 0.355748, 0.431989, 5.92792, 0.559265, -0.553897, -0.616782, 0.414397, 0.0198582, 0.752755, -0.658001, 1.54286, 0.0, 0.0, 0.0, 1.0]}, "0163f2c462ed46a08eb3dbce625c9a9d_d0_4.png": {"intrinsics": {"fx": 1072.66, "fy": 1073.57, "cx": 635.822, "cy": 513.965}, "camera_to_world_matrix": [0.898742, -0.301186, -0.318667, 5.94243, -0.438236, -0.592957, -0.675537, 0.415464, 0.014507, 0.746785, -0.664907, 1.54299, 0.0, 0.0, 0.0, 1.0]}, "0163f2c462ed46a08eb3dbce625c9a9d_d0_5.png": {"intrinsics": {"fx": 1072.66, "fy": 1073.57, "cx": 635.822, "cy": 513.965}, "camera_to_world_matrix": [0.0698899, -0.663503, -0.744902, 5.95061, -0.997546, -0.043547, -0.0548057, 0.403431, 0.00392555, 0.746905, -0.664919, 1.54299, 0.0, 0.0, 0.0, 1.0]}, "0163f2c462ed46a08eb3dbce625c9a9d_d1_0.png": {"intrinsics": {"fx": 1076.37, "fy": 1076.9, "cx": 637.015, "cy": 512.284}, "camera_to_world_matrix": [-0.826956, 0.00845461, -0.5622, 5.93778, -0.562157, 0.00703334, 0.827, 0.399271, 0.0109465, 0.999939, -0.00106483, 1.57611, 0.0, 0.0, 0.0, 1.0]}, "0163f2c462ed46a08eb3dbce625c9a9d_d1_1.png": {"intrinsics": {"fx": 1076.37, "fy": 1076.9, "cx": 637.015, "cy": 512.284}, "camera_to_world_matrix": [-0.900325, 0.0111286, 0.435074, 5.93429, 0.434911, -0.0143549, 0.900358, 0.399014, 0.0162656, 0.999834, 0.00808272, 1.57608, 0.0, 0.0, 0.0, 1.0]}, "0163f2c462ed46a08eb3dbce625c9a9d_d1_2.png": {"intrinsics": {"fx": 1076.37, "fy": 1076.9, "cx": 637.015, "cy": 512.284}, "camera_to_world_matrix": [-0.0735363, -0.00605677, 0.997273, 5.93232, 0.99693, -0.0273636, 0.0733445, 0.401909, 0.0268452, 0.999607, 0.00804902, 1.57608, 0.0, 0.0, 0.0, 1.0]}, "0163f2c462ed46a08eb3dbce625c9a9d_d1_3.png": {"intrinsics": {"fx": 1076.37, "fy": 1076.9, "cx": 637.015, "cy": 512.284}, "camera_to_world_matrix": [0.826602, -0.0259158, 0.562187, 5.93384, 0.561868, -0.0189839, -0.827008, 0.40506, 0.0321055, 0.999483, -0.00113225, 1.57611, 0.0, 0.0, 0.0, 1.0]}, "0163f2c462ed46a08eb3dbce625c9a9d_d1_4.png": {"intrinsics": {"fx": 1076.37, "fy": 1076.9, "cx": 637.015, "cy": 512.284}, "camera_to_world_matrix": [0.899932, -0.028589, -0.43509, 5.93733, -0.435204, 0.00240446, -0.900328, 0.405317, 0.0267861, 0.999588, -0.0102796, 1.57614, 0.0, 0.0, 0.0, 1.0]}, "0163f2c462ed46a08eb3dbce625c9a9d_d1_5.png": {"intrinsics": {"fx": 1076.37, "fy": 1076.9, "cx": 637.015, "cy": 512.284}, "camera_to_world_matrix": [0.0731212, -0.0114031, -0.997257, 5.9393, -0.99719, 0.0154125, -0.0732923, 0.402422, 0.0162064, 0.999816, -0.0102455, 1.57614, 0.0, 0.0, 0.0, 1.0]}, "0163f2c462ed46a08eb3dbce625c9a9d_d2_0.png": {"intrinsics": {"fx": 1074.77, "fy": 1074.78, "cx": 637.752, "cy": 506.46}, "camera_to_world_matrix": [-0.820401, 0.385348, -0.422429, 5.9437, -0.571781, -0.549742, 0.608974, 0.389934, 0.00244029, 0.741141, 0.671344, 1.60936, 0.0, 0.0, 0.0, 1.0]}, "0163f2c462ed46a08eb3dbce625c9a9d_d2_1.png": {"intrinsics": {"fx": 1074.77, "fy": 1074.78, "cx": 637.752, "cy": 506.46}, "camera_to_world_matrix": [-0.905388, -0.282797, 0.316695, 5.92919, 0.424512, -0.61639, 0.663213, 0.388867, 0.00765331, 0.734907, 0.678122, 1.60922, 0.0, 0.0, 0.0, 1.0]}, "0163f2c462ed46a08eb3dbce625c9a9d_d2_2.png": {"intrinsics": {"fx": 1074.77, "fy": 1074.78, "cx": 637.752, "cy": 506.46}, "camera_to_world_matrix": [-0.0850811, -0.67461, 0.733255, 5.92101, 0.996206, -0.071063, 0.0502118, 0.4009, 0.0182341, 0.734746, 0.678096, 1.60922, 0.0, 0.0, 0.0, 1.0]}, "0163f2c462ed46a08eb3dbce625c9a9d_d2_3.png": {"intrinsics": {"fx": 1074.77, "fy": 1074.78, "cx": 637.752, "cy": 506.46}, "camera_to_world_matrix": [0.820196, -0.398269, 0.41068, 5.92734, 0.571594, 0.540899, -0.617015, 0.414, 0.0236018, 0.740817, 0.671291, 1.60936, 0.0, 0.0, 0.0, 1.0]}, "0163f2c462ed46a08eb3dbce625c9a9d_d2_4.png": {"intrinsics": {"fx": 1074.77, "fy": 1074.78, "cx": 637.752, "cy": 506.46}, "camera_to_world_matrix": [0.905145, 0.269879, -0.328446, 5.94185, -0.424703, 0.607521, -0.671226, 0.415067, 0.0183884, 0.74705, 0.664512, 1.60949, 0.0, 0.0, 0.0, 1.0]}, "0163f2c462ed46a08eb3dbce625c9a9d_d2_5.png": {"intrinsics": {"fx": 1074.77, "fy": 1074.78, "cx": 637.752, "cy": 506.46}, "camera_to_world_matrix": [0.0848145, 0.661671, -0.744982, 5.95003, -0.996365, 0.0621786, -0.0582082, 0.403033, 0.00780755, 0.747212, 0.664539, 1.60949, 0.0, 0.0, 0.0, 1.0]}, "02efc688bffb4e759b8cfa3cbd102e4a_d0_0.png": {"intrinsics": {"fx": 1072.66, "fy": 1073.57, "cx": 635.822, "cy": 513.965}, "camera_to_world_matrix": [-0.415838, 0.598943, 0.684358, 8.62427, 0.909392, 0.266312, 0.319503, 1.42216, 0.00911163, 0.755212, -0.655417, 1.55483, 0.0, 0.0, 0.0, 1.0]}, "02efc688bffb4e759b8cfa3cbd102e4a_d0_1.png": {"intrinsics": {"fx": 1072.66, "fy": 1073.57, "cx": 635.822, "cy": 513.965}, "camera_to_world_matrix": [0.579639, 0.529727, 0.619199, 8.6256, 0.814781, -0.388159, -0.430654, 1.43665, 0.0122185, 0.754136, -0.656605, 1.55486, 0.0, 0.0, 0.0, 1.0]}, "02efc688bffb4e759b8cfa3cbd102e4a_d0_2.png": {"intrinsics": {"fx": 1072.66, "fy": 1073.57, "cx": 635.822, "cy": 513.965}, "camera_to_world_matrix": [0.995434, -0.0716701, -0.0630381, 8.63881, -0.0946417, -0.655442, -0.749291, 1.44274, 0.0123841, 0.751836, -0.659233, 1.55491, 0.0, 0.0, 0.0, 1.0]}, "02efc688bffb4e759b8cfa3cbd102e4a_d0_3.png": {"intrinsics": {"fx": 1072.66, "fy": 1073.57, "cx": 635.822, "cy": 513.965}, "camera_to_world_matrix": [0.415743, -0.603839, -0.6801, 8.65069, -0.909433, -0.268248, -0.317764, 1.43435, 0.00944283, 0.750614, -0.660674, 1.55493, 0.0, 0.0, 0.0, 1.0]}, "02efc688bffb4e759b8cfa3cbd102e4a_d0_4.png": {"intrinsics": {"fx": 1072.66, "fy": 1073.57, "cx": 635.822, "cy": 513.965}, "camera_to_world_matrix": [-0.579731, -0.534598, -0.614911, 8.64936, -0.814783, 0.38622, 0.432391, 1.41986, 0.00633601, 0.75169, -0.659486, 1.55491, 0.0, 0.0, 0.0, 1.0]}, "02efc688bffb4e759b8cfa3cbd102e4a_d0_5.png": {"intrinsics": {"fx": 1072.66, "fy": 1073.57, "cx": 635.822, "cy": 513.965}, "camera_to_world_matrix": [-0.99549, 0.0668099, 0.0673378, 8.63615, 0.0946566, 0.65348, 0.751002, 1.41376, 0.00617058, 0.753989, -0.656858, 1.55486, 0.0, 0.0, 0.0, 1.0]}, "02efc688bffb4e759b8cfa3cbd102e4a_d1_0.png": {"intrinsics": {"fx": 1076.37, "fy": 1076.9, "cx": 637.015, "cy": 512.284}, "camera_to_world_matrix": [-0.418853, 0.00676963, 0.908028, 8.63419, 0.907802, -0.0203887, 0.418901, 1.42674, 0.0213497, 0.999768, 0.00239299, 1.58812, 0.0, 0.0, 0.0, 1.0]}, "02efc688bffb4e759b8cfa3cbd102e4a_d1_1.png": {"intrinsics": {"fx": 1076.37, "fy": 1076.9, "cx": 637.015, "cy": 512.284}, "camera_to_world_matrix": [0.576748, -0.0147676, 0.816787, 8.63451, 0.816554, -0.0195167, -0.576937, 1.43023, 0.0244613, 0.9997, 0.000800971, 1.58813, 0.0, 0.0, 0.0, 1.0]}, "02efc688bffb4e759b8cfa3cbd102e4a_d1_2.png": {"intrinsics": {"fx": 1076.37, "fy": 1076.9, "cx": 637.015, "cy": 512.284}, "camera_to_world_matrix": [0.995518, -0.0247809, -0.0912557, 8.63769, -0.0912939, -0.000428639, -0.995823, 1.43169, 0.0246386, 0.999692, -0.00269045, 1.58814, 0.0, 0.0, 0.0, 1.0]}, "02efc688bffb4e759b8cfa3cbd102e4a_d1_3.png": {"intrinsics": {"fx": 1076.37, "fy": 1076.9, "cx": 637.015, "cy": 512.284}, "camera_to_world_matrix": [0.418678, -0.0132566, -0.908037, 8.64055, -0.907874, 0.0177869, -0.418862, 1.42967, 0.0217043, 0.999753, -0.00458977, 1.58815, 0.0, 0.0, 0.0, 1.0]}, "02efc688bffb4e759b8cfa3cbd102e4a_d1_4.png": {"intrinsics": {"fx": 1076.37, "fy": 1076.9, "cx": 637.015, "cy": 512.284}, "camera_to_world_matrix": [-0.57692, 0.00828056, -0.816758, 8.64023, -0.816588, 0.0169141, 0.576972, 1.42619, 0.0185927, 0.999822, -0.00299763, 1.58814, 0.0, 0.0, 0.0, 1.0]}, "02efc688bffb4e759b8cfa3cbd102e4a_d1_5.png": {"intrinsics": {"fx": 1076.37, "fy": 1076.9, "cx": 637.015, "cy": 512.284}, "camera_to_world_matrix": [-0.995654, 0.0182931, 0.0913019, 8.63705, 0.091277, -0.00217437, 0.995822, 1.42472, 0.0184156, 0.99983, 0.000493798, 1.58813, 0.0, 0.0, 0.0, 1.0]}, "02efc688bffb4e759b8cfa3cbd102e4a_d2_0.png": {"intrinsics": {"fx": 1074.77, "fy": 1074.78, "cx": 637.752, "cy": 506.46}, "camera_to_world_matrix": [-0.429433, -0.604611, 0.670845, 8.62405, 0.903007, -0.298001, 0.30947, 1.42207, 0.0128036, 0.738675, 0.673938, 1.62133, 0.0, 0.0, 0.0, 1.0]}, "02efc688bffb4e759b8cfa3cbd102e4a_d2_1.png": {"intrinsics": {"fx": 1074.77, "fy": 1074.78, "cx": 637.752, "cy": 506.46}, "camera_to_world_matrix": [0.56731, -0.560745, 0.603095, 8.62538, 0.823349, 0.372054, -0.428569, 1.43656, 0.0159341, 0.739689, 0.672758, 1.62136, 0.0, 0.0, 0.0, 1.0]}, "02efc688bffb4e759b8cfa3cbd102e4a_d2_2.png": {"intrinsics": {"fx": 1074.77, "fy": 1074.78, "cx": 637.752, "cy": 506.46}, "camera_to_world_matrix": [0.996687, 0.0414743, -0.0699424, 8.63859, -0.0796936, 0.669082, -0.738903, 1.44265, 0.016152, 0.74203, 0.67017, 1.62141, 0.0, 0.0, 0.0, 1.0]}, "02efc688bffb4e759b8cfa3cbd102e4a_d2_3.png": {"intrinsics": {"fx": 1074.77, "fy": 1074.78, "cx": 637.752, "cy": 506.46}, "camera_to_world_matrix": [0.429313, 0.599814, -0.675214, 8.65048, -0.903057, 0.296048, -0.311191, 1.43426, 0.0132396, 0.743356, 0.668763, 1.62143, 0.0, 0.0, 0.0, 1.0]}, "02efc688bffb4e759b8cfa3cbd102e4a_d2_4.png": {"intrinsics": {"fx": 1074.77, "fy": 1074.78, "cx": 637.752, "cy": 506.46}, "camera_to_world_matrix": [-0.567427, 0.555921, -0.607434, 8.64915, -0.82336, -0.374005, 0.426845, 1.41977, 0.0101092, 0.742342, 0.669944, 1.62141, 0.0, 0.0, 0.0, 1.0]}, "02efc688bffb4e759b8cfa3cbd102e4a_d2_5.png": {"intrinsics": {"fx": 1074.77, "fy": 1074.78, "cx": 637.752, "cy": 506.46}, "camera_to_world_matrix": [-0.996769, -0.0463093, 0.0656148, 8.63593, 0.0796989, -0.671009, 0.737153, 1.41368, 0.00989137, 0.740001, 0.672531, 1.62136, 0.0, 0.0, 0.0, 1.0]}, "0413b1213d00429ba2bca2ecbbcf5deb_d0_0.png": {"intrinsics": {"fx": 1072.66, "fy": 1073.57, "cx": 635.822, "cy": 513.965}, "camera_to_world_matrix": [-0.629523, -0.506543, -0.589164, 7.35578, -0.776831, 0.425248, 0.464432, -6.9065, 0.0152858, 0.750052, -0.661203, 1.50448, 0.0, 0.0, 0.0, 1.0]}, "0413b1213d00429ba2bca2ecbbcf5deb_d0_1.png": {"intrinsics": {"fx": 1072.66, "fy": 1073.57, "cx": 635.822, "cy": 513.965}, "camera_to_world_matrix": [-0.987591, 0.110406, 0.111681, 7.34222, 0.156806, 0.654364, 0.739742, -6.91176, 0.00859233, 0.748075, -0.663558, 1.50452, 0.0, 0.0, 0.0, 1.0]}, "0413b1213d00429ba2bca2ecbbcf5deb_d0_2.png": {"intrinsics": {"fx": 1072.66, "fy": 1073.57, "cx": 635.822, "cy": 513.965}, "camera_to_world_matrix": [-0.358042, 0.617303, 0.70053, 7.33088, 0.933701, 0.234636, 0.270456, -6.90264, 0.00258366, 0.750921, -0.660387, 1.50446, 0.0, 0.0, 0.0, 1.0]}, "0413b1213d00429ba2bca2ecbbcf5deb_d0_3.png": {"intrinsics": {"fx": 1072.66, "fy": 1073.57, "cx": 635.822, "cy": 513.965}, "camera_to_world_matrix": [0.629562, 0.507239, 0.588522, 7.33311, 0.776942, -0.414199, -0.474129, -6.88826, 0.00326859, 0.755742, -0.654861, 1.50435, 0.0, 0.0, 0.0, 1.0]}, "0413b1213d00429ba2bca2ecbbcf5deb_d0_4.png": {"intrinsics": {"fx": 1072.66, "fy": 1073.57, "cx": 635.822, "cy": 513.965}, "camera_to_world_matrix": [0.987594, -0.109719, -0.112332, 7.34668, -0.156708, -0.643291, -0.749412, -6.883, 0.00996212, 0.757718, -0.652506, 1.50431, 0.0, 0.0, 0.0, 1.0]}, "0413b1213d00429ba2bca2ecbbcf5deb_d0_5.png": {"intrinsics": {"fx": 1072.66, "fy": 1073.57, "cx": 635.822, "cy": 513.965}, "camera_to_world_matrix": [0.358014, -0.616599, -0.701164, 7.35802, -0.933579, -0.223543, -0.280102, -6.89213, 0.0159707, 0.754873, -0.655677, 1.50437, 0.0, 0.0, 0.0, 1.0]}, "0413b1213d00429ba2bca2ecbbcf5deb_d1_0.png": {"intrinsics": {"fx": 1076.37, "fy": 1076.9, "cx": 637.015, "cy": 512.284}, "camera_to_world_matrix": [-0.626784, 0.0131143, -0.779081, 7.34719, -0.778704, 0.024807, 0.626899, -6.89933, 0.0275485, 0.999606, -0.00533788, 1.53768, 0.0, 0.0, 0.0, 1.0]}, "0413b1213d00429ba2bca2ecbbcf5deb_d1_1.png": {"intrinsics": {"fx": 1076.37, "fy": 1076.9, "cx": 637.015, "cy": 512.284}, "camera_to_world_matrix": [-0.98792, 0.0219134, 0.153402, 7.34393, 0.153547, 0.00513031, 0.988127, -6.90059, 0.0208666, 0.999746, -0.00843447, 1.53769, 0.0, 0.0, 0.0, 1.0]}, "0413b1213d00429ba2bca2ecbbcf5deb_d1_2.png": {"intrinsics": {"fx": 1076.37, "fy": 1076.9, "cx": 637.015, "cy": 512.284}, "camera_to_world_matrix": [-0.361103, 0.00927175, 0.932479, 7.3412, 0.932406, -0.0123279, 0.361198, -6.8984, 0.0148448, 0.99988, -0.00419479, 1.53767, 0.0, 0.0, 0.0, 1.0]}, "0413b1213d00429ba2bca2ecbbcf5deb_d1_3.png": {"intrinsics": {"fx": 1076.37, "fy": 1076.9, "cx": 637.015, "cy": 512.284}, "camera_to_world_matrix": [0.626835, -0.0121687, 0.779056, 7.34174, 0.778996, -0.0101089, -0.626945, -6.89494, 0.0155049, 0.999874, 0.00314138, 1.53765, 0.0, 0.0, 0.0, 1.0]}, "0413b1213d00429ba2bca2ecbbcf5deb_d1_4.png": {"intrinsics": {"fx": 1076.37, "fy": 1076.9, "cx": 637.015, "cy": 512.284}, "camera_to_world_matrix": [0.987934, -0.0209671, -0.153441, 7.345, -0.153269, 0.00956814, -0.988137, -6.89368, 0.0221869, 0.999734, 0.00623771, 1.53764, 0.0, 0.0, 0.0, 1.0]}, "0413b1213d00429ba2bca2ecbbcf5deb_d1_5.png": {"intrinsics": {"fx": 1076.37, "fy": 1076.9, "cx": 637.015, "cy": 512.284}, "camera_to_world_matrix": [0.361087, -0.00832472, -0.932494, 7.34773, -0.932104, 0.0270258, -0.361178, -6.89587, 0.0282085, 0.999599, 0.0019978, 1.53765, 0.0, 0.0, 0.0, 1.0]}, "0413b1213d00429ba2bca2ecbbcf5deb_d2_0.png": {"intrinsics": {"fx": 1074.77, "fy": 1074.78, "cx": 637.752, "cy": 506.46}, "camera_to_world_matrix": [-0.617765, 0.534255, -0.577006, 7.35581, -0.786129, -0.401772, 0.469658, -6.90601, 0.0190931, 0.743741, 0.668194, 1.57097, 0.0, 0.0, 0.0, 1.0]}, "0413b1213d00429ba2bca2ecbbcf5deb_d2_1.png": {"intrinsics": {"fx": 1074.77, "fy": 1074.78, "cx": 637.752, "cy": 506.46}, "camera_to_world_matrix": [-0.989788, -0.0853754, 0.114137, 7.34225, 0.14199, -0.660522, 0.737257, -6.91127, 0.0124468, 0.745936, 0.6659, 1.57102, 0.0, 0.0, 0.0, 1.0]}, "0413b1213d00429ba2bca2ecbbcf5deb_d2_2.png": {"intrinsics": {"fx": 1074.77, "fy": 1074.78, "cx": 637.752, "cy": 506.46}, "camera_to_world_matrix": [-0.371995, -0.619278, 0.691458, 7.33091, 0.928212, -0.253289, 0.272517, -6.90215, 0.00637513, 0.743195, 0.669043, 1.57096, 0.0, 0.0, 0.0, 1.0]}, "0413b1213d00429ba2bca2ecbbcf5deb_d2_3.png": {"intrinsics": {"fx": 1074.77, "fy": 1074.78, "cx": 637.752, "cy": 506.46}, "camera_to_world_matrix": [0.617808, -0.533538, 0.577623, 7.33314, 0.786297, 0.412686, -0.459811, -6.88777, 0.00694989, 0.738259, 0.67448, 1.57085, 0.0, 0.0, 0.0, 1.0]}, "0413b1213d00429ba2bca2ecbbcf5deb_d2_4.png": {"intrinsics": {"fx": 1074.77, "fy": 1074.78, "cx": 637.752, "cy": 506.46}, "camera_to_world_matrix": [0.989795, 0.0861028, -0.11353, 7.34671, -0.141837, 0.671413, -0.727383, -6.88251, 0.0135963, 0.736064, 0.676774, 1.5708, 0.0, 0.0, 0.0, 1.0]}, "0413b1213d00429ba2bca2ecbbcf5deb_d2_5.png": {"intrinsics": {"fx": 1074.77, "fy": 1074.78, "cx": 637.752, "cy": 506.46}, "camera_to_world_matrix": [0.371971, 0.619989, -0.690833, 7.35805, -0.928034, 0.264158, -0.26262, -6.89164, 0.0196678, 0.738805, 0.67363, 1.57087, 0.0, 0.0, 0.0, 1.0]}, "046f3c8f4bd946e181fed8ae5a72dc52_d0_0.png": {"intrinsics": {"fx": 1072.66, "fy": 1073.57, "cx": 635.822, "cy": 513.965}, "camera_to_world_matrix": [0.330314, 0.61198, 0.71859, -10.0372, 0.943805, -0.223143, -0.2438, -13.6247, 0.0111479, 0.75874, -0.651298, 1.4349, 0.0, 0.0, 0.0, 1.0]}, "046f3c8f4bd946e181fed8ae5a72dc52_d0_1.png": {"intrinsics": {"fx": 1072.66, "fy": 1073.57, "cx": 635.822, "cy": 513.965}, "camera_to_world_matrix": [0.982431, 0.108566, 0.151795, -10.0262, 0.18576, -0.647033, -0.739487, -13.6152, 0.017933, 0.754693, -0.655833, 1.43499, 0.0, 0.0, 0.0, 1.0]}, "046f3c8f4bd946e181fed8ae5a72dc52_d0_2.png": {"intrinsics": {"fx": 1072.66, "fy": 1073.57, "cx": 635.822, "cy": 513.965}, "camera_to_world_matrix": [0.652011, -0.510218, -0.560855, -10.0125, -0.758038, -0.422986, -0.496447, -13.62, 0.016062, 0.748839, -0.662557, 1.43512, 0.0, 0.0, 0.0, 1.0]}, "046f3c8f4bd946e181fed8ae5a72dc52_d0_3.png": {"intrinsics": {"fx": 1072.66, "fy": 1073.57, "cx": 635.822, "cy": 513.965}, "camera_to_world_matrix": [-0.330518, -0.625574, -0.706693, -10.0097, -0.94377, 0.224944, 0.242275, -13.6342, 0.00740574, 0.747032, -0.664746, 1.43516, 0.0, 0.0, 0.0, 1.0]}, "046f3c8f4bd946e181fed8ae5a72dc52_d0_4.png": {"intrinsics": {"fx": 1072.66, "fy": 1073.57, "cx": 635.822, "cy": 513.965}, "camera_to_world_matrix": [-0.982606, -0.122143, -0.139878, -10.0207, -0.185699, 0.648814, 0.73794, -13.6438, 0.000620752, 0.75108, -0.660211, 1.43507, 0.0, 0.0, 0.0, 1.0]}, "046f3c8f4bd946e181fed8ae5a72dc52_d0_5.png": {"intrinsics": {"fx": 1072.66, "fy": 1073.57, "cx": 635.822, "cy": 513.965}, "camera_to_world_matrix": [-0.652149, 0.496632, 0.572762, -10.0345, 0.758086, 0.424744, 0.494872, -13.639, 0.00249221, 0.756934, -0.653487, 1.43494, 0.0, 0.0, 0.0, 1.0]}, "046f3c8f4bd946e181fed8ae5a72dc52_d1_0.png": {"intrinsics": {"fx": 1076.37, "fy": 1076.9, "cx": 637.015, "cy": 512.284}, "camera_to_world_matrix": [0.326967, -0.0150383, 0.944915, -10.0271, 0.944745, -0.019521, -0.32722, -13.6283, 0.0233669, 0.999696, 0.00782329, 1.46825, 0.0, 0.0, 0.0, 1.0]}, "046f3c8f4bd946e181fed8ae5a72dc52_d1_1.png": {"intrinsics": {"fx": 1076.37, "fy": 1076.9, "cx": 637.015, "cy": 512.284}, "camera_to_world_matrix": [0.981504, -0.0299611, 0.189073, -10.0244, 0.18904, -0.00396764, -0.981961, -13.626, 0.0301712, 0.999543, 0.00176819, 1.46827, 0.0, 0.0, 0.0, 1.0]}, "046f3c8f4bd946e181fed8ae5a72dc52_d1_2.png": {"intrinsics": {"fx": 1076.37, "fy": 1076.9, "cx": 637.015, "cy": 512.284}, "camera_to_world_matrix": [0.654321, -0.023953, -0.755837, -10.0211, -0.755684, 0.0167331, -0.65472, -13.6272, 0.0283304, 0.999572, -0.00715352, 1.4683, 0.0, 0.0, 0.0, 1.0]}, "046f3c8f4bd946e181fed8ae5a72dc52_d1_3.png": {"intrinsics": {"fx": 1076.37, "fy": 1076.9, "cx": 637.015, "cy": 512.284}, "camera_to_world_matrix": [-0.327393, -0.00302235, -0.944883, -10.0205, -0.944682, 0.02188, 0.327254, -13.6306, 0.0196854, 0.999755, -0.0100199, 1.46831, 0.0, 0.0, 0.0, 1.0]}, "046f3c8f4bd946e181fed8ae5a72dc52_d1_4.png": {"intrinsics": {"fx": 1076.37, "fy": 1076.9, "cx": 637.015, "cy": 512.284}, "camera_to_world_matrix": [-0.981901, 0.0118998, -0.189015, -10.0231, -0.188951, 0.00632614, 0.981966, -13.6329, 0.0128813, 0.999909, -0.00396455, 1.46829, 0.0, 0.0, 0.0, 1.0]}, "046f3c8f4bd946e181fed8ae5a72dc52_d1_5.png": {"intrinsics": {"fx": 1076.37, "fy": 1076.9, "cx": 637.015, "cy": 512.284}, "camera_to_world_matrix": [-0.65468, 0.00589094, 0.755882, -10.0264, 0.755761, -0.0143744, 0.654688, -13.6317, 0.0147224, 0.999879, 0.00495709, 1.46826, 0.0, 0.0, 0.0, 1.0]}, "046f3c8f4bd946e181fed8ae5a72dc52_d2_0.png": {"intrinsics": {"fx": 1074.77, "fy": 1074.78, "cx": 637.752, "cy": 506.46}, "camera_to_world_matrix": [0.316066, -0.646678, 0.694196, -10.0378, 0.948621, 0.20403, -0.241843, -13.6246, 0.014758, 0.734969, 0.677939, 1.5014, 0.0, 0.0, 0.0, 1.0]}, "046f3c8f4bd946e181fed8ae5a72dc52_d2_1.png": {"intrinsics": {"fx": 1074.77, "fy": 1074.78, "cx": 637.752, "cy": 506.46}, "camera_to_world_matrix": [0.979458, -0.15074, 0.13393, -10.0268, 0.20048, 0.656721, -0.726997, -13.6151, 0.0216334, 0.738914, 0.67345, 1.50148, 0.0, 0.0, 0.0, 1.0]}, "046f3c8f4bd946e181fed8ae5a72dc52_d2_2.png": {"intrinsics": {"fx": 1074.77, "fy": 1074.78, "cx": 637.752, "cy": 506.46}, "camera_to_world_matrix": [0.663252, 0.489247, -0.566333, -10.0131, -0.74813, 0.453551, -0.484346, -13.6199, 0.0198964, 0.744935, 0.666838, 1.50161, 0.0, 0.0, 0.0, 1.0]}, "046f3c8f4bd946e181fed8ae5a72dc52_d2_3.png": {"intrinsics": {"fx": 1074.77, "fy": 1074.78, "cx": 637.752, "cy": 506.46}, "camera_to_world_matrix": [-0.316339, 0.633283, -0.706315, -10.0103, -0.948578, -0.202306, 0.243455, -13.6342, 0.0112841, 0.74701, 0.664715, 1.50166, 0.0, 0.0, 0.0, 1.0]}, "046f3c8f4bd946e181fed8ae5a72dc52_d2_4.png": {"intrinsics": {"fx": 1074.77, "fy": 1074.78, "cx": 637.752, "cy": 506.46}, "camera_to_world_matrix": [-0.979701, 0.137328, -0.14603, -10.0213, -0.200411, -0.654978, 0.728587, -13.6437, 0.00440895, 0.743064, 0.669204, 1.50157, 0.0, 0.0, 0.0, 1.0]}, "046f3c8f4bd946e181fed8ae5a72dc52_d2_5.png": {"intrinsics": {"fx": 1074.77, "fy": 1074.78, "cx": 637.752, "cy": 506.46}, "camera_to_world_matrix": [-0.663457, -0.502652, 0.554224, -10.0351, 0.748187, -0.451782, 0.485908, -13.6389, 0.00614629, 0.737043, 0.675816, 1.50144, 0.0, 0.0, 0.0, 1.0]}, "04f36c0c4b9f47719507e59a43ff2ba5_d0_0.png": {"intrinsics": {"fx": 1072.66, "fy": 1073.57, "cx": 635.822, "cy": 513.965}, "camera_to_world_matrix": [-0.507138, 0.577805, 0.639493, -5.58619, 0.861644, 0.323151, 0.391333, 0.430094, 0.019462, 0.749476, -0.661746, 1.5248, 0.0, 0.0, 0.0, 1.0]}, "04f36c0c4b9f47719507e59a43ff2ba5_d0_1.png": {"intrinsics": {"fx": 1072.66, "fy": 1073.57, "cx": 635.822, "cy": 513.965}, "camera_to_world_matrix": [0.492749, 0.576355, 0.65193, -5.58636, 0.870114, -0.334957, -0.361532, 0.444643, 0.00999789, 0.745398, -0.666545, 1.52489, 0.0, 0.0, 0.0, 1.0]}, "04f36c0c4b9f47719507e59a43ff2ba5_d0_2.png": {"intrinsics": {"fx": 1072.66, "fy": 1073.57, "cx": 635.822, "cy": 513.965}, "camera_to_world_matrix": [0.999964, 0.00570274, 0.00615968, -5.57384, 0.00839214, -0.662781, -0.748766, 0.452067, -0.000187412, 0.748791, -0.662806, 1.52482, 0.0, 0.0, 0.0, 1.0]}, "04f36c0c4b9f47719507e59a43ff2ba5_d0_3.png": {"intrinsics": {"fx": 1072.66, "fy": 1073.57, "cx": 635.822, "cy": 513.965}, "camera_to_world_matrix": [0.507281, -0.563487, -0.652033, -5.56116, -0.861779, -0.33249, -0.383126, 0.444941, -0.000908337, 0.756262, -0.654268, 1.52465, 0.0, 0.0, 0.0, 1.0]}, "04f36c0c4b9f47719507e59a43ff2ba5_d0_4.png": {"intrinsics": {"fx": 1072.66, "fy": 1073.57, "cx": 635.822, "cy": 513.965}, "camera_to_world_matrix": [-0.492606, -0.562011, -0.664441, -5.56099, -0.87021, 0.325617, 0.36974, 0.430392, 0.00855602, 0.76034, -0.649469, 1.52456, 0.0, 0.0, 0.0, 1.0]}, "04f36c0c4b9f47719507e59a43ff2ba5_d0_5.png": {"intrinsics": {"fx": 1072.66, "fy": 1073.57, "cx": 635.822, "cy": 513.965}, "camera_to_world_matrix": [-0.999788, 0.00865448, -0.0186558, -5.5735, -0.0084683, 0.653419, 0.756948, 0.422969, 0.0187412, 0.756946, -0.653208, 1.52463, 0.0, 0.0, 0.0, 1.0]}, "04f36c0c4b9f47719507e59a43ff2ba5_d1_0.png": {"intrinsics": {"fx": 1076.37, "fy": 1076.9, "cx": 637.015, "cy": 512.284}, "camera_to_world_matrix": [-0.509819, 0.0214405, 0.860014, -5.57637, 0.859695, -0.0241694, 0.510233, 0.435525, 0.0317261, 0.999477, -0.00611162, 1.55799, 0.0, 0.0, 0.0, 1.0]}, "04f36c0c4b9f47719507e59a43ff2ba5_d1_1.png": {"intrinsics": {"fx": 1076.37, "fy": 1076.9, "cx": 637.015, "cy": 512.284}, "camera_to_world_matrix": [0.489845, -7.12071e-05, 0.871808, -5.57641, 0.871523, -0.0255213, -0.489688, 0.439025, 0.022285, 0.999674, -0.0124408, 1.55801, 0.0, 0.0, 0.0, 1.0]}, "04f36c0c4b9f47719507e59a43ff2ba5_d1_2.png": {"intrinsics": {"fx": 1076.37, "fy": 1076.9, "cx": 637.015, "cy": 512.284}, "camera_to_world_matrix": [0.999858, -0.0119964, 0.0117644, -5.5734, 0.0116745, -0.00756701, -0.999903, 0.440811, 0.0120847, 0.999899, -0.00742727, 1.55799, 0.0, 0.0, 0.0, 1.0]}, "04f36c0c4b9f47719507e59a43ff2ba5_d1_3.png": {"intrinsics": {"fx": 1076.37, "fy": 1076.9, "cx": 637.015, "cy": 512.284}, "camera_to_world_matrix": [0.510195, -0.00240969, -0.860055, -5.57035, -0.859983, 0.0117387, -0.510186, 0.439097, 0.0113257, 0.999928, 0.00391538, 1.55795, 0.0, 0.0, 0.0, 1.0]}, "04f36c0c4b9f47719507e59a43ff2ba5_d1_4.png": {"intrinsics": {"fx": 1076.37, "fy": 1076.9, "cx": 637.015, "cy": 512.284}, "camera_to_world_matrix": [-0.489469, 0.019102, -0.87181, -5.57031, -0.871772, 0.0130898, 0.489735, 0.435597, 0.0207671, 0.999731, 0.0102442, 1.55793, 0.0, 0.0, 0.0, 1.0]}, "04f36c0c4b9f47719507e59a43ff2ba5_d1_5.png": {"intrinsics": {"fx": 1076.37, "fy": 1076.9, "cx": 637.015, "cy": 512.284}, "camera_to_world_matrix": [-0.999448, 0.0310265, -0.0117461, -5.57332, -0.0119029, -0.00486501, 0.999917, 0.433811, 0.0309672, 0.999506, 0.00523025, 1.55795, 0.0, 0.0, 0.0, 1.0]}, "04f36c0c4b9f47719507e59a43ff2ba5_d2_0.png": {"intrinsics": {"fx": 1074.77, "fy": 1074.78, "cx": 637.752, "cy": 506.46}, "camera_to_world_matrix": [-0.519955, -0.561341, 0.64385, -5.58555, 0.853875, -0.362109, 0.373862, 0.429681, 0.0232804, 0.744159, 0.667595, 1.59129, 0.0, 0.0, 0.0, 1.0]}, "04f36c0c4b9f47719507e59a43ff2ba5_d2_1.png": {"intrinsics": {"fx": 1074.77, "fy": 1074.78, "cx": 637.752, "cy": 506.46}, "camera_to_world_matrix": [0.479651, -0.586709, 0.652462, -5.58573, 0.877348, 0.308887, -0.367216, 0.44423, 0.0139122, 0.748573, 0.662905, 1.59138, 0.0, 0.0, 0.0, 1.0]}, "04f36c0c4b9f47719507e59a43ff2ba5_d2_2.png": {"intrinsics": {"fx": 1074.77, "fy": 1074.78, "cx": 637.752, "cy": 506.46}, "camera_to_world_matrix": [0.999719, -0.0183021, 0.014987, -5.57321, 0.0233723, 0.666382, -0.745244, 0.451653, 0.00365271, 0.745385, 0.666622, 1.59131, 0.0, 0.0, 0.0, 1.0]}, "04f36c0c4b9f47719507e59a43ff2ba5_d2_3.png": {"intrinsics": {"fx": 1074.77, "fy": 1074.78, "cx": 637.752, "cy": 506.46}, "camera_to_world_matrix": [0.52017, 0.57546, -0.631086, -5.56053, -0.854057, 0.352873, -0.382184, 0.444528, 0.00276165, 0.737785, 0.675029, 1.59115, 0.0, 0.0, 0.0, 1.0]}, "04f36c0c4b9f47719507e59a43ff2ba5_d2_4.png": {"intrinsics": {"fx": 1074.77, "fy": 1074.78, "cx": 637.752, "cy": 506.46}, "camera_to_world_matrix": [-0.479437, 0.600801, -0.639669, -5.56036, -0.877491, -0.318124, 0.358894, 0.429979, 0.0121301, 0.733372, 0.679718, 1.59105, 0.0, 0.0, 0.0, 1.0]}, "04f36c0c4b9f47719507e59a43ff2ba5_d2_5.png": {"intrinsics": {"fx": 1074.77, "fy": 1074.78, "cx": 637.752, "cy": 506.46}, "camera_to_world_matrix": [-0.999472, 0.0323807, -0.00217905, -5.57287, -0.023495, -0.675597, 0.736896, 0.422556, 0.0223893, 0.736559, 0.676, 1.59113, 0.0, 0.0, 0.0, 1.0]}, "05160d4d0f094a5f8c907b1e44c62877_d0_0.png": {"intrinsics": {"fx": 1072.66, "fy": 1073.57, "cx": 635.822, "cy": 513.965}, "camera_to_world_matrix": [-0.838365, 0.342508, 0.424065, -2.39067, 0.544465, 0.56392, 0.620927, -16.6034, -0.0264658, 0.751453, -0.659255, 1.48113, 0.0, 0.0, 0.0, 1.0]}, "05160d4d0f094a5f8c907b1e44c62877_d0_1.png": {"intrinsics": {"fx": 1072.66, "fy": 1073.57, "cx": 635.822, "cy": 513.965}, "camera_to_world_matrix": [0.0523972, 0.634721, 0.770963, -2.39731, 0.998573, -0.0254025, -0.046953, -16.5904, -0.0102175, 0.772323, -0.635147, 1.48067, 0.0, 0.0, 0.0, 1.0]}, "05160d4d0f094a5f8c907b1e44c62877_d0_2.png": {"intrinsics": {"fx": 1072.66, "fy": 1073.57, "cx": 635.822, "cy": 513.965}, "camera_to_world_matrix": [0.890492, 0.270398, 0.365933, -2.38943, 0.454281, -0.573483, -0.681722, -16.5782, 0.0255201, 0.773305, -0.63352, 1.48064, 0.0, 0.0, 0.0, 1.0]}, "05160d4d0f094a5f8c907b1e44c62877_d0_3.png": {"intrinsics": {"fx": 1072.66, "fy": 1073.57, "cx": 635.822, "cy": 513.965}, "camera_to_world_matrix": [0.837807, -0.386128, -0.385985, -2.3749, -0.544108, -0.53223, -0.648596, -16.5789, 0.0450087, 0.753416, -0.656002, 1.48107, 0.0, 0.0, 0.0, 1.0]}, "05160d4d0f094a5f8c907b1e44c62877_d0_4.png": {"intrinsics": {"fx": 1072.66, "fy": 1073.57, "cx": 635.822, "cy": 513.965}, "camera_to_world_matrix": [-0.0529735, -0.678317, -0.732856, -2.36826, -0.998181, 0.057104, 0.0192977, -16.5919, 0.0287591, 0.732546, -0.68011, 1.48154, 0.0, 0.0, 0.0, 1.0]}, "05160d4d0f094a5f8c907b1e44c62877_d0_5.png": {"intrinsics": {"fx": 1072.66, "fy": 1073.57, "cx": 635.822, "cy": 513.965}, "camera_to_world_matrix": [-0.891047, -0.313974, -0.327802, -2.37614, -0.453855, 0.605171, 0.654051, -16.6041, -0.00697856, 0.731565, -0.681735, 1.48157, 0.0, 0.0, 0.0, 1.0]}, "05160d4d0f094a5f8c907b1e44c62877_d1_0.png": {"intrinsics": {"fx": 1076.37, "fy": 1076.9, "cx": 637.015, "cy": 512.284}, "camera_to_world_matrix": [-0.840386, -0.01027, 0.541889, -2.38564, 0.541799, 0.0102965, 0.840444, -16.5934, -0.0142105, 0.999894, -0.00309015, 1.51434, 0.0, 0.0, 0.0, 1.0]}, "05160d4d0f094a5f8c907b1e44c62877_d1_1.png": {"intrinsics": {"fx": 1076.37, "fy": 1076.9, "cx": 637.015, "cy": 512.284}, "camera_to_world_matrix": [0.0486781, -0.0289123, 0.998395, -2.38724, 0.998811, -0.000519449, -0.0487139, -16.5903, 0.00192744, 0.999581, 0.0288513, 1.51423, 0.0, 0.0, 0.0, 1.0]}, "05160d4d0f094a5f8c907b1e44c62877_d1_2.png": {"intrinsics": {"fx": 1076.37, "fy": 1076.9, "cx": 637.015, "cy": 512.284}, "camera_to_world_matrix": [0.88844, -0.0475885, 0.456516, -2.38534, 0.457443, 0.010215, -0.88918, -16.5873, 0.0376518, 0.998814, 0.0308431, 1.51422, 0.0, 0.0, 0.0, 1.0]}, "05160d4d0f094a5f8c907b1e44c62877_d1_3.png": {"intrinsics": {"fx": 1076.37, "fy": 1076.9, "cx": 637.015, "cy": 512.284}, "camera_to_world_matrix": [0.839119, -0.047622, -0.541858, -2.38185, -0.540926, 0.0317652, -0.840469, -16.5875, 0.0572374, 0.99836, 0.000893374, 1.51432, 0.0, 0.0, 0.0, 1.0]}, "05160d4d0f094a5f8c907b1e44c62877_d1_4.png": {"intrinsics": {"fx": 1076.37, "fy": 1076.9, "cx": 637.015, "cy": 512.284}, "camera_to_world_matrix": [-0.0499636, -0.0289793, -0.99833, -2.38025, -0.997904, 0.0425804, 0.0487066, -16.5906, 0.0410982, 0.998672, -0.0310475, 1.51444, 0.0, 0.0, 0.0, 1.0]}, "05160d4d0f094a5f8c907b1e44c62877_d1_5.png": {"intrinsics": {"fx": 1076.37, "fy": 1076.9, "cx": 637.015, "cy": 512.284}, "camera_to_world_matrix": [-0.889704, -0.0103035, -0.456418, -2.38215, -0.456502, 0.0318452, 0.889151, -16.5936, 0.00537375, 0.999439, -0.0330378, 1.51444, 0.0, 0.0, 0.0, 1.0]}, "05160d4d0f094a5f8c907b1e44c62877_d2_0.png": {"intrinsics": {"fx": 1074.77, "fy": 1074.78, "cx": 637.752, "cy": 506.46}, "camera_to_world_matrix": [-0.846517, -0.37052, 0.38226, -2.39259, 0.531876, -0.558031, 0.636952, -16.602, -0.0226902, 0.742507, 0.669453, 1.54759, 0.0, 0.0, 0.0, 1.0]}, "05160d4d0f094a5f8c907b1e44c62877_d2_1.png": {"intrinsics": {"fx": 1074.77, "fy": 1074.78, "cx": 637.752, "cy": 506.46}, "camera_to_world_matrix": [0.0373022, -0.692473, 0.720478, -2.39924, 0.999279, 0.0308436, -0.0220932, -16.589, -0.00692286, 0.720784, 0.693124, 1.54712, 0.0, 0.0, 0.0, 1.0]}, "05160d4d0f094a5f8c907b1e44c62877_d2_2.png": {"intrinsics": {"fx": 1074.77, "fy": 1074.78, "cx": 637.752, "cy": 506.46}, "camera_to_world_matrix": [0.883441, -0.343393, 0.318764, -2.39135, 0.467654, 0.604462, -0.644922, -16.5768, 0.0287811, 0.718823, 0.694595, 1.5471, 0.0, 0.0, 0.0, 1.0]}, "05160d4d0f094a5f8c907b1e44c62877_d2_3.png": {"intrinsics": {"fx": 1074.77, "fy": 1074.78, "cx": 637.752, "cy": 506.46}, "camera_to_world_matrix": [0.845742, 0.327633, -0.42116, -2.37683, -0.531361, 0.589193, -0.608692, -16.5775, 0.0487171, 0.738585, 0.672396, 1.54753, 0.0, 0.0, 0.0, 1.0]}, "05160d4d0f094a5f8c907b1e44c62877_d2_4.png": {"intrinsics": {"fx": 1074.77, "fy": 1074.78, "cx": 637.752, "cy": 506.46}, "camera_to_world_matrix": [-0.0380952, 0.649563, -0.759352, -2.37018, -0.998729, 0.000305519, 0.0503665, -16.5905, 0.0329486, 0.760308, 0.648725, 1.548, 0.0, 0.0, 0.0, 1.0]}, "05160d4d0f094a5f8c907b1e44c62877_d2_5.png": {"intrinsics": {"fx": 1074.77, "fy": 1074.78, "cx": 637.752, "cy": 506.46}, "camera_to_world_matrix": [-0.884213, 0.30046, -0.357614, -2.37807, -0.467072, -0.573299, 0.67318, -16.6027, -0.00275559, 0.762267, 0.647255, 1.54802, 0.0, 0.0, 0.0, 1.0]}, "07c14c5cdfc2456ebd8e1b5743df0cfd_d0_0.png": {"intrinsics": {"fx": 1072.66, "fy": 1073.57, "cx": 635.822, "cy": 513.965}, "camera_to_world_matrix": [-0.935751, -0.236056, -0.262004, -10.779, -0.352608, 0.613617, 0.706499, 1.60049, -0.00600317, 0.753493, -0.657429, 1.52889, 0.0, 0.0, 0.0, 1.0]}, "07c14c5cdfc2456ebd8e1b5743df0cfd_d0_1.png": {"intrinsics": {"fx": 1072.66, "fy": 1073.57, "cx": 635.822, "cy": 513.965}, "camera_to_world_matrix": [-0.773296, 0.412086, 0.481868, -10.7934, 0.634039, 0.499747, 0.590123, 1.60281, 0.00236948, 0.761864, -0.647732, 1.52871, 0.0, 0.0, 0.0, 1.0]}, "07c14c5cdfc2456ebd8e1b5743df0cfd_d0_2.png": {"intrinsics": {"fx": 1072.66, "fy": 1073.57, "cx": 635.822, "cy": 513.965}, "camera_to_world_matrix": [0.162342, 0.637591, 0.753074, -10.7985, 0.986576, -0.118534, -0.112322, 1.61641, 0.0176491, 0.7612, -0.648276, 1.52872, 0.0, 0.0, 0.0, 1.0]}, "07c14c5cdfc2456ebd8e1b5743df0cfd_d0_3.png": {"intrinsics": {"fx": 1072.66, "fy": 1073.57, "cx": 635.822, "cy": 513.965}, "camera_to_world_matrix": [0.935505, 0.21495, 0.280403, -10.7894, 0.352457, -0.622931, -0.698377, 1.62769, 0.0245557, 0.752165, -0.658517, 1.52892, 0.0, 0.0, 0.0, 1.0]}, "07c14c5cdfc2456ebd8e1b5743df0cfd_d0_4.png": {"intrinsics": {"fx": 1072.66, "fy": 1073.57, "cx": 635.822, "cy": 513.965}, "camera_to_world_matrix": [0.773012, -0.433188, -0.463465, -10.775, -0.634184, -0.509036, -0.581972, 1.62537, 0.0161825, 0.743794, -0.668213, 1.5291, 0.0, 0.0, 0.0, 1.0]}, "07c14c5cdfc2456ebd8e1b5743df0cfd_d0_5.png": {"intrinsics": {"fx": 1072.66, "fy": 1073.57, "cx": 635.822, "cy": 513.965}, "camera_to_world_matrix": [-0.162641, -0.658669, -0.734644, -10.7698, -0.986684, 0.109253, 0.120485, 1.61178, 0.000902949, 0.744458, -0.667668, 1.52909, 0.0, 0.0, 0.0, 1.0]}, "07c14c5cdfc2456ebd8e1b5743df0cfd_d1_0.png": {"intrinsics": {"fx": 1076.37, "fy": 1076.9, "cx": 637.015, "cy": 512.284}, "camera_to_world_matrix": [-0.934555, 0.00572882, -0.355768, -10.7834, -0.35576, 0.00250442, 0.934573, 1.61062, 0.00624539, 0.99998, -0.000303818, 1.56215, 0.0, 0.0, 0.0, 1.0]}, "07c14c5cdfc2456ebd8e1b5743df0cfd_d1_1.png": {"intrinsics": {"fx": 1076.37, "fy": 1076.9, "cx": 637.015, "cy": 512.284}, "camera_to_world_matrix": [-0.775447, 0.00338612, 0.631402, -10.7869, 0.631242, -0.0189223, 0.775354, 1.61117, 0.0145734, 0.999815, 0.0125344, 1.5621, 0.0, 0.0, 0.0, 1.0]}, "07c14c5cdfc2456ebd8e1b5743df0cfd_d1_2.png": {"intrinsics": {"fx": 1076.37, "fy": 1076.9, "cx": 637.015, "cy": 512.284}, "camera_to_world_matrix": [0.158824, -0.0163401, 0.987171, -10.7881, 0.986854, -0.0276047, -0.15923, 1.61444, 0.0298528, 0.999485, 0.0117396, 1.56211, 0.0, 0.0, 0.0, 1.0]}, "07c14c5cdfc2456ebd8e1b5743df0cfd_d1_3.png": {"intrinsics": {"fx": 1076.37, "fy": 1076.9, "cx": 637.015, "cy": 512.284}, "camera_to_world_matrix": [0.933966, -0.0337232, 0.355762, -10.7859, 0.355457, -0.0148603, -0.934574, 1.61716, 0.0368039, 0.99932, -0.00189331, 1.56215, 0.0, 0.0, 0.0, 1.0]}, "07c14c5cdfc2456ebd8e1b5743df0cfd_d1_4.png": {"intrinsics": {"fx": 1076.37, "fy": 1076.9, "cx": 637.015, "cy": 512.284}, "camera_to_world_matrix": [0.77482, -0.0313796, -0.631401, -10.7824, -0.631538, 0.00656624, -0.775315, 1.6166, 0.0284755, 0.999485, -0.0147312, 1.5622, 0.0, 0.0, 0.0, 1.0]}, "07c14c5cdfc2456ebd8e1b5743df0cfd_d1_5.png": {"intrinsics": {"fx": 1076.37, "fy": 1076.9, "cx": 637.015, "cy": 512.284}, "camera_to_world_matrix": [-0.159465, -0.0116531, -0.987134, -10.7812, -0.987114, 0.0152479, 0.159283, 1.61333, 0.013196, 0.999815, -0.0139358, 1.5622, 0.0, 0.0, 0.0, 1.0]}, "07c14c5cdfc2456ebd8e1b5743df0cfd_d2_0.png": {"intrinsics": {"fx": 1074.77, "fy": 1074.78, "cx": 637.752, "cy": 506.46}, "camera_to_world_matrix": [-0.930367, 0.244756, -0.272962, -10.7799, -0.366618, -0.625705, 0.688538, 1.60008, -0.00226954, 0.740667, 0.671867, 1.59539, 0.0, 0.0, 0.0, 1.0]}, "07c14c5cdfc2456ebd8e1b5743df0cfd_d2_1.png": {"intrinsics": {"fx": 1074.77, "fy": 1074.78, "cx": 637.752, "cy": 506.46}, "camera_to_world_matrix": [-0.782742, -0.420665, 0.458644, -10.7943, 0.622316, -0.536057, 0.570407, 1.6024, 0.00590964, 0.731904, 0.681381, 1.5952, 0.0, 0.0, 0.0, 1.0]}, "07c14c5cdfc2456ebd8e1b5743df0cfd_d2_2.png": {"intrinsics": {"fx": 1074.77, "fy": 1074.78, "cx": 637.752, "cy": 506.46}, "camera_to_world_matrix": [0.14746, -0.675786, 0.722196, -10.7995, 0.988839, 0.0850801, -0.122293, 1.616, 0.0211995, 0.73217, 0.68079, 1.59521, 0.0, 0.0, 0.0, 1.0]}, "07c14c5cdfc2456ebd8e1b5743df0cfd_d2_3.png": {"intrinsics": {"fx": 1074.77, "fy": 1074.78, "cx": 637.752, "cy": 506.46}, "camera_to_world_matrix": [0.930017, -0.265481, 0.254137, -10.7903, 0.366421, 0.616556, -0.696846, 1.62728, 0.02831, 0.7412, 0.670685, 1.59541, 0.0, 0.0, 0.0, 1.0]}, "07c14c5cdfc2456ebd8e1b5743df0cfd_d2_4.png": {"intrinsics": {"fx": 1074.77, "fy": 1074.78, "cx": 637.752, "cy": 506.46}, "camera_to_world_matrix": [0.782353, 0.399937, -0.477465, -10.7759, -0.622507, 0.526883, -0.578686, 1.62496, 0.0201303, 0.749963, 0.661171, 1.5956, 0.0, 0.0, 0.0, 1.0]}, "07c14c5cdfc2456ebd8e1b5743df0cfd_d2_5.png": {"intrinsics": {"fx": 1074.77, "fy": 1074.78, "cx": 637.752, "cy": 506.46}, "camera_to_world_matrix": [-0.147864, 0.655034, -0.74099, -10.7707, -0.988994, -0.0942649, 0.114024, 1.61136, 0.00484041, 0.749696, 0.661763, 1.59558, 0.0, 0.0, 0.0, 1.0]}, "0b2156c0034b43bc8b06023a4c4fe2db_d0_0.png": {"intrinsics": {"fx": 1072.66, "fy": 1073.57, "cx": 635.822, "cy": 513.965}, "camera_to_world_matrix": [-0.800372, -0.386963, -0.45789, -8.13141, -0.599386, 0.531564, 0.598478, -9.28441, 0.0118088, 0.753458, -0.65739, 1.50976, 0.0, 0.0, 0.0, 1.0]}, "0b2156c0034b43bc8b06023a4c4fe2db_d0_1.png": {"intrinsics": {"fx": 1072.66, "fy": 1073.57, "cx": 635.822, "cy": 513.965}, "camera_to_world_matrix": [-0.919259, 0.267282, 0.289, -8.14585, 0.393489, 0.602867, 0.694058, -9.28619, 0.0112813, 0.751738, -0.659365, 1.5098, 0.0, 0.0, 0.0, 1.0]}, "0b2156c0034b43bc8b06023a4c4fe2db_d0_2.png": {"intrinsics": {"fx": 1072.66, "fy": 1073.57, "cx": 635.822, "cy": 513.965}, "camera_to_world_matrix": [-0.118843, 0.65615, 0.745213, -8.15461, 0.992874, 0.0719186, 0.0950155, -9.27457, 0.00874982, 0.751195, -0.660022, 1.50981, 0.0, 0.0, 0.0, 1.0]}, "0b2156c0034b43bc8b06023a4c4fe2db_d0_3.png": {"intrinsics": {"fx": 1072.66, "fy": 1073.57, "cx": 635.822, "cy": 513.965}, "camera_to_world_matrix": [0.800443, 0.390763, 0.454527, -8.14893, 0.59937, -0.530321, -0.599594, -9.26118, 0.00674584, 0.752371, -0.658705, 1.50979, 0.0, 0.0, 0.0, 1.0]}, "0b2156c0034b43bc8b06023a4c4fe2db_d0_4.png": {"intrinsics": {"fx": 1072.66, "fy": 1073.57, "cx": 635.822, "cy": 513.965}, "camera_to_world_matrix": [0.919291, -0.263485, -0.292366, -8.13449, -0.393509, -0.601599, -0.695146, -9.2594, 0.00727335, 0.754091, -0.65673, 1.50975, 0.0, 0.0, 0.0, 1.0]}, "0b2156c0034b43bc8b06023a4c4fe2db_d0_5.png": {"intrinsics": {"fx": 1072.66, "fy": 1073.57, "cx": 635.822, "cy": 513.965}, "camera_to_world_matrix": [0.118851, -0.652332, -0.748556, -8.12573, -0.992863, -0.0706355, -0.0960852, -9.27102, 0.00980491, 0.754634, -0.656072, 1.50974, 0.0, 0.0, 0.0, 1.0]}, "0b2156c0034b43bc8b06023a4c4fe2db_d1_0.png": {"intrinsics": {"fx": 1076.37, "fy": 1076.9, "cx": 637.015, "cy": 512.284}, "camera_to_world_matrix": [-0.798171, 0.0190634, -0.602127, -8.13798, -0.601949, 0.0146724, 0.798399, -9.27556, 0.0240552, 0.99971, -0.000237264, 1.54302, 0.0, 0.0, 0.0, 1.0]}, "0b2156c0034b43bc8b06023a4c4fe2db_d1_1.png": {"intrinsics": {"fx": 1076.37, "fy": 1076.9, "cx": 637.015, "cy": 512.284}, "camera_to_world_matrix": [-0.920371, 0.0227836, 0.390378, -8.14145, 0.390333, -0.00655915, 0.920649, -9.27599, 0.0235367, 0.999718, -0.00285774, 1.54303, 0.0, 0.0, 0.0, 1.0]}, "0b2156c0034b43bc8b06023a4c4fe2db_d1_2.png": {"intrinsics": {"fx": 1076.37, "fy": 1076.9, "cx": 637.015, "cy": 512.284}, "camera_to_world_matrix": [-0.122125, 0.00625659, 0.992494, -8.14356, 0.992291, -0.0203965, 0.122229, -9.2732, 0.0210085, 0.999772, -0.00371883, 1.54303, 0.0, 0.0, 0.0, 1.0]}, "0b2156c0034b43bc8b06023a4c4fe2db_d1_3.png": {"intrinsics": {"fx": 1076.37, "fy": 1076.9, "cx": 637.015, "cy": 512.284}, "camera_to_world_matrix": [0.798303, -0.0139903, 0.602091, -8.14219, 0.601954, -0.013002, -0.798424, -9.26997, 0.018999, 0.999817, -0.001