{"001499e78f734a4eaf14e727140baf21_d0_0.png": {"intrinsics": {"fx": 1067.87, "fy": 1068.72, "cx": 629.687, "cy": 515.131}, "camera_to_world_matrix": [-0.50356, 0.571153, 0.648236, 16.1378, 0.86391, 0.324845, 0.384881, -24.6558, 0.00925013, 0.753829, -0.657006, 1.72334, 0.0, 0.0, 0.0, 1.0]}, "001499e78f734a4eaf14e727140baf21_d0_1.png": {"intrinsics": {"fx": 1067.87, "fy": 1068.72, "cx": 629.687, "cy": 515.131}, "camera_to_world_matrix": [0.496436, 0.572033, 0.652938, 16.1378, 0.867991, -0.337384, -0.364365, -24.6413, 0.0118622, 0.747629, -0.66401, 1.72348, 0.0, 0.0, 0.0, 1.0]}, "001499e78f734a4eaf14e727140baf21_d0_2.png": {"intrinsics": {"fx": 1067.87, "fy": 1068.72, "cx": 629.687, "cy": 515.131}, "camera_to_world_matrix": [0.999978, -0.00106183, 0.00639215, 16.1503, 0.00403915, -0.669238, -0.743036, -24.634, 0.00506704, 0.743046, -0.669221, 1.72358, 0.0, 0.0, 0.0, 1.0]}, "001499e78f734a4eaf14e727140baf21_d0_3.png": {"intrinsics": {"fx": 1067.87, "fy": 1068.72, "cx": 629.687, "cy": 515.131}, "camera_to_world_matrix": [0.503514, -0.575023, -0.644842, 16.163, -0.863975, -0.338857, -0.372452, -24.6412, -0.00433999, 0.744663, -0.667427, 1.72355, 0.0, 0.0, 0.0, 1.0]}, "001499e78f734a4eaf14e727140baf21_d0_4.png": {"intrinsics": {"fx": 1067.87, "fy": 1068.72, "cx": 629.687, "cy": 515.131}, "camera_to_world_matrix": [-0.496482, -0.575877, -0.649515, 16.163, -0.868018, 0.323372, 0.376794, -24.6558, -0.0069517, 0.750863, -0.660422, 1.72341, 0.0, 0.0, 0.0, 1.0]}, "001499e78f734a4eaf14e727140baf21_d0_5.png": {"intrinsics": {"fx": 1067.87, "fy": 1068.72, "cx": 629.687, "cy": 515.131}, "camera_to_world_matrix": [-0.999991, -0.00276907, -0.00295385, 16.1504, -0.00404589, 0.655205, 0.75544, -24.6631, -0.000156271, 0.755445, -0.655211, 1.72331, 0.0, 0.0, 0.0, 1.0]}, "001499e78f734a4eaf14e727140baf21_d1_0.png": {"intrinsics": {"fx": 1066.88, "fy": 1066.89, "cx": 639.351, "cy": 515.665}, "camera_to_world_matrix": [-0.502732, 0.00114372, 0.864442, 16.1473, 0.864357, -0.0133818, 0.5027, -24.6506, 0.0121429, 0.999909, 0.00573824, 1.75667, 0.0, 0.0, 0.0, 1.0]}, "001499e78f734a4eaf14e727140baf21_d1_1.png": {"intrinsics": {"fx": 1066.88, "fy": 1066.89, "cx": 639.351, "cy": 515.665}, "camera_to_world_matrix": [0.497257, -0.00419399, 0.867593, 16.1473, 0.867477, -0.0145924, -0.497262, -24.6471, 0.0147459, 0.999884, -0.0036186, 1.7567, 0.0, 0.0, 0.0, 1.0]}, "001499e78f734a4eaf14e727140baf21_d1_2.png": {"intrinsics": {"fx": 1066.88, "fy": 1066.89, "cx": 639.351, "cy": 515.665}, "camera_to_world_matrix": [0.999963, -0.00791137, 0.00313479, 16.1503, 0.00305119, -0.0105752, -0.999939, -24.6453, 0.00794422, 0.999912, -0.0105513, 1.75673, 0.0, 0.0, 0.0, 1.0]}, "001499e78f734a4eaf14e727140baf21_d1_3.png": {"intrinsics": {"fx": 1066.88, "fy": 1066.89, "cx": 639.351, "cy": 515.665}, "camera_to_world_matrix": [0.50267, -0.00629095, -0.864455, 16.1533, -0.864476, -0.00534752, -0.502644, -24.6471, -0.00146041, 0.999966, -0.00812705, 1.75672, 0.0, 0.0, 0.0, 1.0]}, "001499e78f734a4eaf14e727140baf21_d1_4.png": {"intrinsics": {"fx": 1066.88, "fy": 1066.89, "cx": 639.351, "cy": 515.665}, "camera_to_world_matrix": [-0.497318, -0.000953184, -0.867567, 16.1533, -0.867558, -0.00413712, 0.497318, -24.6506, -0.00406309, 0.999991, 0.00122989, 1.75668, 0.0, 0.0, 0.0, 1.0]}, "001499e78f734a4eaf14e727140baf21_d1_5.png": {"intrinsics": {"fx": 1066.88, "fy": 1066.89, "cx": 639.351, "cy": 515.665}, "camera_to_world_matrix": [-0.999991, 0.00276404, -0.00308942, 16.1503, -0.00311202, -0.00815445, 0.999962, -24.6523, 0.00273891, 0.999963, 0.00816235, 1.75666, 0.0, 0.0, 0.0, 1.0]}, "001499e78f734a4eaf14e727140baf21_d2_0.png": {"intrinsics": {"fx": 1069.92, "fy": 1069.15, "cx": 635.554, "cy": 503.714}, "camera_to_world_matrix": [-0.506777, -0.573226, 0.643886, 16.1376, 0.861995, -0.347369, 0.369192, -24.6565, 0.0120356, 0.742123, 0.670157, 1.78984, 0.0, 0.0, 0.0, 1.0]}, "001499e78f734a4eaf14e727140baf21_d2_1.png": {"intrinsics": {"fx": 1069.92, "fy": 1069.15, "cx": 635.554, "cy": 503.714}, "camera_to_world_matrix": [0.493188, -0.582368, 0.646232, 16.1376, 0.869801, 0.317577, -0.377616, -24.6419, 0.0146825, 0.748327, 0.663169, 1.78998, 0.0, 0.0, 0.0, 1.0]}, "001499e78f734a4eaf14e727140baf21_d2_2.png": {"intrinsics": {"fx": 1069.92, "fy": 1069.15, "cx": 635.554, "cy": 503.714}, "camera_to_world_matrix": [0.99994, -0.0110503, 0.000619547, 16.1502, 0.00773686, 0.657945, -0.753027, -24.6346, 0.00791326, 0.752985, 0.657991, 1.79008, 0.0, 0.0, 0.0, 1.0]}, "001499e78f734a4eaf14e727140baf21_d2_3.png": {"intrinsics": {"fx": 1069.92, "fy": 1069.15, "cx": 635.554, "cy": 503.714}, "camera_to_world_matrix": [0.506716, 0.569395, -0.647324, 16.1628, -0.862113, 0.333359, -0.381622, -24.6418, -0.00150262, 0.751439, 0.659802, 1.79004, 0.0, 0.0, 0.0, 1.0]}, "001499e78f734a4eaf14e727140baf21_d2_4.png": {"intrinsics": {"fx": 1069.92, "fy": 1069.15, "cx": 635.554, "cy": 503.714}, "camera_to_world_matrix": [-0.493249, 0.578511, -0.649641, 16.1628, -0.86988, -0.331587, 0.365186, -24.6564, -0.00414917, 0.745235, 0.66679, 1.78991, 0.0, 0.0, 0.0, 1.0]}, "001499e78f734a4eaf14e727140baf21_d2_5.png": {"intrinsics": {"fx": 1069.92, "fy": 1069.15, "cx": 635.554, "cy": 503.714}, "camera_to_world_matrix": [-0.999967, 0.00718003, -0.00401337, 16.1503, -0.00779631, -0.671933, 0.740571, -24.6637, 0.00262034, 0.740577, 0.671968, 1.78981, 0.0, 0.0, 0.0, 1.0]}, "011ea5a962624e9abd2269d8fed44f11_d0_0.png": {"intrinsics": {"fx": 1067.87, "fy": 1068.72, "cx": 629.687, "cy": 515.131}, "camera_to_world_matrix": [0.948452, 0.202312, 0.243942, 2.39928, 0.316637, -0.637395, -0.702473, -17.261, 0.0133686, 0.743503, -0.668599, 1.46985, 0.0, 0.0, 0.0, 1.0]}, "011ea5a962624e9abd2269d8fed44f11_d0_1.png": {"intrinsics": {"fx": 1067.87, "fy": 1068.72, "cx": 629.687, "cy": 515.131}, "camera_to_world_matrix": [0.748531, -0.446187, -0.490527, 2.41353, -0.663098, -0.503142, -0.554209, -17.2639, 0.000476168, 0.74011, -0.672485, 1.46992, 0.0, 0.0, 0.0, 1.0]}, "011ea5a962624e9abd2269d8fed44f11_d0_2.png": {"intrinsics": {"fx": 1067.87, "fy": 1068.72, "cx": 629.687, "cy": 515.131}, "camera_to_world_matrix": [-0.199956, -0.654208, -0.729403, 2.41813, -0.979748, 0.125571, 0.155959, -17.2777, -0.0104374, 0.745816, -0.666069, 1.4698, 0.0, 0.0, 0.0, 1.0]}, "011ea5a962624e9abd2269d8fed44f11_d0_3.png": {"intrinsics": {"fx": 1067.87, "fy": 1068.72, "cx": 629.687, "cy": 515.131}, "camera_to_world_matrix": [-0.948502, -0.213725, -0.233805, 2.40847, -0.316657, 0.620019, 0.717847, -17.2886, -0.00845813, 0.754915, -0.655768, 1.4696, 0.0, 0.0, 0.0, 1.0]}, "011ea5a962624e9abd2269d8fed44f11_d0_4.png": {"intrinsics": {"fx": 1067.87, "fy": 1068.72, "cx": 629.687, "cy": 515.131}, "camera_to_world_matrix": [-0.748543, 0.434769, 0.500658, 2.39421, 0.66307, 0.485741, 0.569554, -17.2857, 0.00443453, 0.758307, -0.651882, 1.46952, 0.0, 0.0, 0.0, 1.0]}, "011ea5a962624e9abd2269d8fed44f11_d0_5.png": {"intrinsics": {"fx": 1067.87, "fy": 1068.72, "cx": 629.687, "cy": 515.131}, "camera_to_world_matrix": [0.199957, 0.642765, 0.739506, 2.38962, 0.979684, -0.142981, -0.140623, -17.2719, 0.0153477, 0.752601, -0.658298, 1.46965, 0.0, 0.0, 0.0, 1.0]}, "011ea5a962624e9abd2269d8fed44f11_d1_0.png": {"intrinsics": {"fx": 1066.88, "fy": 1066.89, "cx": 639.351, "cy": 515.665}, "camera_to_world_matrix": [0.948723, -0.0123229, 0.315866, 2.40251, 0.315688, -0.0144197, -0.948753, -17.2719, 0.0162463, 0.99982, -0.00979071, 1.503, 0.0, 0.0, 0.0, 1.0]}, "011ea5a962624e9abd2269d8fed44f11_d1_1.png": {"intrinsics": {"fx": 1066.88, "fy": 1066.89, "cx": 639.351, "cy": 515.665}, "camera_to_world_matrix": [0.747864, -0.0124197, -0.663736, 2.40594, -0.663843, -0.00894755, -0.747818, -17.2726, 0.00334902, 0.999882, -0.0149369, 1.50302, 0.0, 0.0, 0.0, 1.0]}, "011ea5a962624e9abd2269d8fed44f11_d1_2.png": {"intrinsics": {"fx": 1066.88, "fy": 1066.89, "cx": 639.351, "cy": 515.665}, "camera_to_world_matrix": [-0.200917, -0.00772883, -0.979578, 2.40705, -0.979579, -0.00612821, 0.200966, -17.2759, -0.00755611, 0.999951, -0.00634037, 1.50299, 0.0, 0.0, 0.0, 1.0]}, "011ea5a962624e9abd2269d8fed44f11_d1_3.png": {"intrinsics": {"fx": 1066.88, "fy": 1066.89, "cx": 639.351, "cy": 515.665}, "camera_to_world_matrix": [-0.948817, -0.00294137, -0.315811, 2.40472, -0.315775, -0.00878105, 0.948793, -17.2785, -0.00556372, 0.999957, 0.00740217, 1.50294, 0.0, 0.0, 0.0, 1.0]}, "011ea5a962624e9abd2269d8fed44f11_d1_4.png": {"intrinsics": {"fx": 1066.88, "fy": 1066.89, "cx": 639.351, "cy": 515.665}, "camera_to_world_matrix": [-0.747919, -0.00284485, 0.663783, 2.4013, 0.663749, -0.0142532, 0.74782, -17.2778, 0.00733375, 0.999894, 0.0125479, 1.50292, 0.0, 0.0, 0.0, 1.0]}, "011ea5a962624e9abd2269d8fed44f11_d1_5.png": {"intrinsics": {"fx": 1066.88, "fy": 1066.89, "cx": 639.351, "cy": 515.665}, "camera_to_world_matrix": [0.200874, -0.00753581, 0.979588, 2.40019, 0.979447, -0.0170723, -0.200977, -17.2745, 0.0182385, 0.999825, 0.0039509, 1.50295, 0.0, 0.0, 0.0, 1.0]}, "011ea5a962624e9abd2269d8fed44f11_d2_0.png": {"intrinsics": {"fx": 1069.92, "fy": 1069.15, "cx": 635.554, "cy": 503.714}, "camera_to_world_matrix": [0.947236, -0.222428, 0.23081, 2.39877, 0.320132, 0.620036, -0.71629, -17.2618, 0.0162117, 0.752384, 0.658527, 1.53634, 0.0, 0.0, 0.0, 1.0]}, "011ea5a962624e9abd2269d8fed44f11_d2_1.png": {"intrinsics": {"fx": 1069.92, "fy": 1069.15, "cx": 635.554, "cy": 503.714}, "camera_to_world_matrix": [0.750968, 0.430417, -0.50079, 2.41302, -0.660333, 0.493317, -0.566217, -17.2647, 0.0033387, 0.755897, 0.654683, 1.53641, 0.0, 0.0, 0.0, 1.0]}, "011ea5a962624e9abd2269d8fed44f11_d2_2.png": {"intrinsics": {"fx": 1069.92, "fy": 1069.15, "cx": 635.554, "cy": 503.714}, "camera_to_world_matrix": [-0.196325, 0.647134, -0.736665, 2.41762, -0.980511, -0.135394, 0.142372, -17.2785, -0.00760666, 0.750257, 0.661104, 1.53629, 0.0, 0.0, 0.0, 1.0]}, "011ea5a962624e9abd2269d8fed44f11_d2_3.png": {"intrinsics": {"fx": 1069.92, "fy": 1069.15, "cx": 635.554, "cy": 503.714}, "camera_to_world_matrix": [-0.947329, 0.211003, -0.240934, 2.40796, -0.320217, -0.637371, 0.700871, -17.2894, -0.00567866, 0.741105, 0.671367, 1.53609, 0.0, 0.0, 0.0, 1.0]}, "011ea5a962624e9abd2269d8fed44f11_d2_4.png": {"intrinsics": {"fx": 1069.92, "fy": 1069.15, "cx": 635.554, "cy": 503.714}, "camera_to_world_matrix": [-0.751022, -0.441836, 0.490661, 2.39371, 0.66024, -0.510627, 0.550769, -17.2865, 0.00719455, 0.737592, 0.67521, 1.53601, 0.0, 0.0, 0.0, 1.0]}, "011ea5a962624e9abd2269d8fed44f11_d2_5.png": {"intrinsics": {"fx": 1069.92, "fy": 1069.15, "cx": 635.554, "cy": 503.714}, "camera_to_world_matrix": [0.196283, -0.658529, 0.726507, 2.38911, 0.980381, 0.118093, -0.157829, -17.2727, 0.0181396, 0.743232, 0.668789, 1.53614, 0.0, 0.0, 0.0, 1.0]}, "01eccced6298441a94543957fff684cc_d0_0.png": {"intrinsics": {"fx": 1067.87, "fy": 1068.72, "cx": 629.687, "cy": 515.131}, "camera_to_world_matrix": [-0.12884, 0.643231, 0.754753, 0.197682, 0.991664, 0.0837643, 0.097895, -25.8575, -0.000252112, 0.761075, -0.648663, 1.14347, 0.0, 0.0, 0.0, 1.0]}, "01eccced6298441a94543957fff684cc_d0_1.png": {"intrinsics": {"fx": 1067.87, "fy": 1068.72, "cx": 629.687, "cy": 515.131}, "camera_to_world_matrix": [0.79423, 0.387082, 0.468363, 0.203285, 0.607387, -0.526936, -0.59449, -25.8441, 0.0166809, 0.75664, -0.653619, 1.14357, 0.0, 0.0, 0.0, 1.0]}, "01eccced6298441a94543957fff684cc_d0_2.png": {"intrinsics": {"fx": 1067.87, "fy": 1068.72, "cx": 629.687, "cy": 515.131}, "camera_to_world_matrix": [0.923008, -0.269786, -0.274355, 0.217713, -0.38429, -0.610413, -0.692615, -25.8422, 0.0193876, 0.744721, -0.667094, 1.14383, 0.0, 0.0, 0.0, 1.0]}, "01eccced6298441a94543957fff684cc_d0_3.png": {"intrinsics": {"fx": 1067.87, "fy": 1068.72, "cx": 629.687, "cy": 515.131}, "camera_to_world_matrix": [0.128712, -0.67049, -0.730667, 0.226538, -0.991668, -0.0831887, -0.0983522, -25.8538, 0.00516124, 0.737238, -0.675613, 1.14399, 0.0, 0.0, 0.0, 1.0]}, "01eccced6298441a94543957fff684cc_d0_4.png": {"intrinsics": {"fx": 1067.87, "fy": 1068.72, "cx": 629.687, "cy": 515.131}, "camera_to_world_matrix": [-0.794343, -0.414318, -0.44425, 0.220934, -0.607354, 0.527501, 0.594022, -25.8672, -0.0117715, 0.741674, -0.670657, 1.1439, 0.0, 0.0, 0.0, 1.0]}, "01eccced6298441a94543957fff684cc_d0_5.png": {"intrinsics": {"fx": 1067.87, "fy": 1068.72, "cx": 629.687, "cy": 515.131}, "camera_to_world_matrix": [-0.923082, 0.242553, 0.298473, 0.206506, 0.384328, 0.610953, 0.692117, -25.8691, -0.0144775, 0.753593, -0.657182, 1.14364, 0.0, 0.0, 0.0, 1.0]}, "01eccced6298441a94543957fff684cc_d1_0.png": {"intrinsics": {"fx": 1066.88, "fy": 1066.89, "cx": 639.351, "cy": 515.665}, "camera_to_world_matrix": [-0.127939, -0.0163213, 0.991648, 0.208034, 0.991778, -0.00477788, 0.127877, -25.8561, 0.00265104, 0.999855, 0.0167977, 1.17691, 0.0, 0.0, 0.0, 1.0]}, "01eccced6298441a94543957fff684cc_d1_1.png": {"intrinsics": {"fx": 1066.88, "fy": 1066.89, "cx": 639.351, "cy": 515.665}, "camera_to_world_matrix": [0.794752, -0.0217097, 0.606545, 0.209382, 0.606618, -0.00382241, -0.794984, -25.8529, 0.0195775, 0.999757, 0.010131, 1.17694, 0.0, 0.0, 0.0, 1.0]}, "01eccced6298441a94543957fff684cc_d1_2.png": {"intrinsics": {"fx": 1066.88, "fy": 1066.89, "cx": 639.351, "cy": 515.665}, "camera_to_world_matrix": [0.922575, -0.0235764, -0.385094, 0.212853, -0.385172, 0.00132261, -0.922843, -25.8524, 0.0222669, 0.999721, -0.00786141, 1.177, 0.0, 0.0, 0.0, 1.0]}, "01eccced6298441a94543957fff684cc_d1_3.png": {"intrinsics": {"fx": 1066.88, "fy": 1066.89, "cx": 639.351, "cy": 515.665}, "camera_to_world_matrix": [0.127706, -0.0200548, -0.991609, 0.214976, -0.991779, 0.00551205, -0.127839, -25.8552, 0.00802976, 0.999783, -0.0191866, 1.17704, 0.0, 0.0, 0.0, 1.0]}, "01eccced6298441a94543957fff684cc_d1_4.png": {"intrinsics": {"fx": 1066.88, "fy": 1066.89, "cx": 639.351, "cy": 515.665}, "camera_to_world_matrix": [-0.79497, -0.0146664, -0.606471, 0.213628, -0.606583, 0.00455637, 0.795007, -25.8584, -0.00889641, 0.999882, -0.0125192, 1.17702, 0.0, 0.0, 0.0, 1.0]}, "01eccced6298441a94543957fff684cc_d1_5.png": {"intrinsics": {"fx": 1066.88, "fy": 1066.89, "cx": 639.351, "cy": 515.665}, "camera_to_world_matrix": [-0.922755, -0.0127998, 0.385174, 0.210157, 0.385212, -0.000588729, 0.922827, -25.8589, -0.0115851, 0.999918, 0.00547328, 1.17695, 0.0, 0.0, 0.0, 1.0]}, "01eccced6298441a94543957fff684cc_d2_0.png": {"intrinsics": {"fx": 1069.92, "fy": 1069.15, "cx": 635.554, "cy": 503.714}, "camera_to_world_matrix": [-0.132582, -0.672108, 0.728487, 0.196472, 0.99117, -0.0917513, 0.0957397, -25.8575, 0.00249202, 0.734747, 0.678338, 1.20996, 0.0, 0.0, 0.0, 1.0]}, "01eccced6298441a94543957fff684cc_d2_1.png": {"intrinsics": {"fx": 1069.92, "fy": 1069.15, "cx": 635.554, "cy": 503.714}, "camera_to_world_matrix": [0.791905, -0.422518, 0.440872, 0.202075, 0.610337, 0.524659, -0.593483, -25.8441, 0.0194496, 0.739061, 0.673359, 1.21006, 0.0, 0.0, 0.0, 1.0]}, "01eccced6298441a94543957fff684cc_d2_2.png": {"intrinsics": {"fx": 1069.92, "fy": 1069.15, "cx": 635.554, "cy": 503.714}, "camera_to_world_matrix": [0.924373, 0.236015, -0.299721, 0.216504, -0.380845, 0.616673, -0.688965, -25.8422, 0.0222232, 0.751007, 0.659921, 1.21032, 0.0, 0.0, 0.0, 1.0]}, "01eccced6298441a94543957fff684cc_d2_3.png": {"intrinsics": {"fx": 1069.92, "fy": 1069.15, "cx": 635.554, "cy": 503.714}, "camera_to_world_matrix": [0.132352, 0.644944, -0.752682, 0.225329, -0.991172, 0.0922739, -0.0952227, -25.8538, 0.00803928, 0.758639, 0.651463, 1.21048, 0.0, 0.0, 0.0, 1.0]}, "01eccced6298441a94543957fff684cc_d2_4.png": {"intrinsics": {"fx": 1069.92, "fy": 1069.15, "cx": 635.554, "cy": 503.714}, "camera_to_world_matrix": [-0.79212, 0.395331, -0.46504, 0.219725, -0.610302, -0.524127, 0.593989, -25.8672, -0.00891803, 0.754324, 0.656443, 1.21039, 0.0, 0.0, 0.0, 1.0]}, "01eccced6298441a94543957fff684cc_d2_5.png": {"intrinsics": {"fx": 1069.92, "fy": 1069.15, "cx": 635.554, "cy": 503.714}, "camera_to_world_matrix": [-0.92455, -0.263206, 0.275557, 0.205296, 0.380885, -0.616115, 0.689442, -25.8691, -0.0116909, 0.742378, 0.669881, 1.21012, 0.0, 0.0, 0.0, 1.0]}, "0454f54d1be8466ba4760bc4ca275f43_d0_0.png": {"intrinsics": {"fx": 1067.87, "fy": 1068.72, "cx": 629.687, "cy": 515.131}, "camera_to_world_matrix": [-0.885603, -0.300551, -0.354083, 7.40044, -0.464359, 0.587296, 0.662911, -27.7627, 0.00871347, 0.751499, -0.659676, 1.16897, 0.0, 0.0, 0.0, 1.0]}, "0454f54d1be8466ba4760bc4ca275f43_d0_1.png": {"intrinsics": {"fx": 1067.87, "fy": 1068.72, "cx": 629.687, "cy": 515.131}, "camera_to_world_matrix": [-0.844922, 0.361065, 0.394635, 7.3859, 0.53482, 0.558517, 0.634054, -27.7621, 0.0085246, 0.746786, -0.66501, 1.16907, 0.0, 0.0, 0.0, 1.0]}, "0454f54d1be8466ba4760bc4ca275f43_d0_2.png": {"intrinsics": {"fx": 1067.87, "fy": 1068.72, "cx": 629.687, "cy": 515.131}, "camera_to_world_matrix": [0.0407175, 0.666942, 0.743995, 7.37916, 0.999167, -0.0288675, -0.0288049, -27.7492, 0.00226623, 0.744549, -0.667564, 1.16912, 0.0, 0.0, 0.0, 1.0]}, "0454f54d1be8466ba4760bc4ca275f43_d0_3.png": {"intrinsics": {"fx": 1067.87, "fy": 1068.72, "cx": 629.687, "cy": 515.131}, "camera_to_world_matrix": [0.885656, 0.311196, 0.344628, 7.38695, 0.464325, -0.587459, -0.662791, -27.7369, -0.00380309, 0.747025, -0.664785, 1.16907, 0.0, 0.0, 0.0, 1.0]}, "0454f54d1be8466ba4760bc4ca275f43_d0_4.png": {"intrinsics": {"fx": 1067.87, "fy": 1068.72, "cx": 629.687, "cy": 515.131}, "camera_to_world_matrix": [0.844936, -0.350419, -0.404089, 7.40149, -0.534853, -0.558654, -0.633905, -27.7376, -0.00361394, 0.751738, -0.659451, 1.16896, 0.0, 0.0, 0.0, 1.0]}, "0454f54d1be8466ba4760bc4ca275f43_d0_5.png": {"intrinsics": {"fx": 1067.87, "fy": 1068.72, "cx": 629.687, "cy": 515.131}, "camera_to_world_matrix": [-0.0407217, -0.656273, -0.753423, 7.40823, -0.999166, 0.0287424, 0.0289679, -27.7504, 0.00264456, 0.753975, -0.656897, 1.16891, 0.0, 0.0, 0.0, 1.0]}, "0454f54d1be8466ba4760bc4ca275f43_d1_0.png": {"intrinsics": {"fx": 1066.88, "fy": 1066.89, "cx": 639.351, "cy": 515.665}, "camera_to_world_matrix": [-0.886018, 0.0112986, -0.463511, 7.39556, -0.463503, 0.00343297, 0.886088, -27.7529, 0.0116029, 0.99993, 0.00219461, 1.20225, 0.0, 0.0, 0.0, 1.0]}, "0454f54d1be8466ba4760bc4ca275f43_d1_1.png": {"intrinsics": {"fx": 1066.88, "fy": 1066.89, "cx": 639.351, "cy": 515.665}, "camera_to_world_matrix": [-0.844378, 0.0122691, 0.535607, 7.39206, 0.535625, -0.00195363, 0.844453, -27.7528, 0.0114072, 0.999922, -0.00492265, 1.20228, 0.0, 0.0, 0.0, 1.0]}, "0454f54d1be8466ba4760bc4ca275f43_d1_2.png": {"intrinsics": {"fx": 1066.88, "fy": 1066.89, "cx": 639.351, "cy": 515.665}, "camera_to_world_matrix": [0.0416977, 0.00808945, 0.999097, 7.39044, 0.999116, -0.00548738, -0.0416542, -27.7497, 0.00514565, 0.999952, -0.00831175, 1.20229, 0.0, 0.0, 0.0, 1.0]}, "0454f54d1be8466ba4760bc4ca275f43_d1_3.png": {"intrinsics": {"fx": 1066.88, "fy": 1066.89, "cx": 639.351, "cy": 515.665}, "camera_to_world_matrix": [0.886113, 0.00293943, 0.463459, 7.39231, 0.463468, -0.00363446, -0.886106, -27.7467, -0.000920042, 0.999989, -0.0045835, 1.20228, 0.0, 0.0, 0.0, 1.0]}, "0454f54d1be8466ba4760bc4ca275f43_d1_4.png": {"intrinsics": {"fx": 1066.88, "fy": 1066.89, "cx": 639.351, "cy": 515.665}, "camera_to_world_matrix": [0.844433, 0.00196913, -0.535657, 7.39581, -0.53566, 0.00175218, -0.844432, -27.7469, -0.000724052, 0.999996, 0.00253376, 1.20225, 0.0, 0.0, 0.0, 1.0]}, "0454f54d1be8466ba4760bc4ca275f43_d1_5.png": {"intrinsics": {"fx": 1066.88, "fy": 1066.89, "cx": 639.351, "cy": 515.665}, "camera_to_world_matrix": [-0.0416608, 0.00614888, -0.999113, 7.39743, -0.999116, 0.00528577, 0.0416937, -27.75, 0.00553763, 0.999967, 0.00592261, 1.20224, 0.0, 0.0, 0.0, 1.0]}, "0454f54d1be8466ba4760bc4ca275f43_d2_0.png": {"intrinsics": {"fx": 1069.92, "fy": 1069.15, "cx": 635.554, "cy": 503.714}, "camera_to_world_matrix": [-0.88384, 0.319786, -0.341419, 7.40091, -0.467651, -0.586052, 0.661699, -27.7627, 0.0115122, 0.7445, 0.667525, 1.23547, 0.0, 0.0, 0.0, 1.0]}, "0454f54d1be8466ba4760bc4ca275f43_d2_1.png": {"intrinsics": {"fx": 1069.92, "fy": 1069.15, "cx": 635.554, "cy": 503.714}, "camera_to_world_matrix": [-0.84688, -0.344914, 0.404758, 7.38638, 0.531664, -0.565405, 0.630596, -27.7621, 0.0113499, 0.749234, 0.66221, 1.23557, 0.0, 0.0, 0.0, 1.0]}, "0454f54d1be8466ba4760bc4ca275f43_d2_2.png": {"intrinsics": {"fx": 1069.92, "fy": 1069.15, "cx": 635.554, "cy": 503.714}, "camera_to_world_matrix": [0.0370157, -0.659376, 0.750902, 7.37963, 0.999303, 0.020585, -0.0311838, -27.7492, 0.00510421, 0.751532, 0.659679, 1.23562, 0.0, 0.0, 0.0, 1.0]}, "0454f54d1be8466ba4760bc4ca275f43_d2_3.png": {"intrinsics": {"fx": 1069.92, "fy": 1069.15, "cx": 635.554, "cy": 503.714}, "camera_to_world_matrix": [0.883933, -0.30913, 0.350862, 7.38743, 0.467615, 0.585914, -0.661846, -27.737, -0.000978869, 0.749096, 0.662463, 1.23556, 0.0, 0.0, 0.0, 1.0]}, "0454f54d1be8466ba4760bc4ca275f43_d2_4.png": {"intrinsics": {"fx": 1069.92, "fy": 1069.15, "cx": 635.554, "cy": 503.714}, "camera_to_world_matrix": [0.846935, 0.35557, -0.395314, 7.40196, -0.531699, 0.565241, -0.630715, -27.7376, -0.000816271, 0.744361, 0.667778, 1.23546, 0.0, 0.0, 0.0, 1.0]}, "0454f54d1be8466ba4760bc4ca275f43_d2_5.png": {"intrinsics": {"fx": 1069.92, "fy": 1069.15, "cx": 635.554, "cy": 503.714}, "camera_to_world_matrix": [-0.0369799, 0.670008, -0.741432, 7.40871, -0.999302, -0.0207617, 0.031079, -27.7505, 0.00542953, 0.742063, 0.670309, 1.23541, 0.0, 0.0, 0.0, 1.0]}, "059728445f604624a12b40fc093044cf_d0_0.png": {"intrinsics": {"fx": 1067.87, "fy": 1068.72, "cx": 629.687, "cy": 515.131}, "camera_to_world_matrix": [0.433777, -0.612063, -0.661222, 18.9506, -0.900998, -0.299654, -0.313699, -21.0957, -0.00613417, 0.731836, -0.681452, 5.00993, 0.0, 0.0, 0.0, 1.0]}, "059728445f604624a12b40fc093044cf_d0_1.png": {"intrinsics": {"fx": 1067.87, "fy": 1068.72, "cx": 629.687, "cy": 515.131}, "camera_to_world_matrix": [-0.563243, -0.560763, -0.606877, 18.9495, -0.825932, 0.360475, 0.433465, -21.1102, -0.0243068, 0.745386, -0.666189, 5.00963, 0.0, 0.0, 0.0, 1.0]}, "059728445f604624a12b40fc093044cf_d0_2.png": {"intrinsics": {"fx": 1067.87, "fy": 1068.72, "cx": 629.687, "cy": 515.131}, "camera_to_world_matrix": [-0.997056, 0.0365886, 0.0673726, 18.9363, 0.0750381, 0.645891, 0.759731, -21.1165, -0.0157176, 0.762551, -0.646737, 5.00925, 0.0, 0.0, 0.0, 1.0]}, "059728445f604624a12b40fc093044cf_d0_3.png": {"intrinsics": {"fx": 1067.87, "fy": 1068.72, "cx": 629.687, "cy": 515.131}, "camera_to_world_matrix": [-0.433838, 0.582627, 0.687261, 18.9243, 0.900922, 0.271172, 0.338827, -21.1083, 0.011044, 0.766165, -0.642548, 5.00917, 0.0, 0.0, 0.0, 1.0]}, "059728445f604624a12b40fc093044cf_d0_4.png": {"intrinsics": {"fx": 1067.87, "fy": 1068.72, "cx": 629.687, "cy": 515.131}, "camera_to_world_matrix": [0.563179, 0.531302, 0.632887, 18.9254, 0.825817, -0.388956, -0.408336, -21.0938, 0.0292158, 0.752615, -0.657812, 5.00947, 0.0, 0.0, 0.0, 1.0]}, "059728445f604624a12b40fc093044cf_d0_5.png": {"intrinsics": {"fx": 1067.87, "fy": 1068.72, "cx": 629.687, "cy": 515.131}, "camera_to_world_matrix": [0.996956, -0.0660613, -0.0413756, 18.9385, -0.0751705, -0.674349, -0.734576, -21.0875, 0.0206256, 0.735451, -0.677264, 5.00985, 0.0, 0.0, 0.0, 1.0]}, "059728445f604624a12b40fc093044cf_d1_0.png": {"intrinsics": {"fx": 1066.88, "fy": 1066.89, "cx": 639.351, "cy": 515.665}, "camera_to_world_matrix": [0.43285, -0.0230383, -0.901171, 18.9399, -0.90146, -0.0146927, -0.432613, -21.1012, -0.00327377, 0.999626, -0.0271285, 5.04288, 0.0, 0.0, 0.0, 1.0]}, "059728445f604624a12b40fc093044cf_d1_1.png": {"intrinsics": {"fx": 1066.88, "fy": 1066.89, "cx": 639.351, "cy": 515.665}, "camera_to_world_matrix": [-0.564088, -0.0176228, -0.825526, 18.9397, -0.825436, -0.0139084, 0.564323, -21.1046, -0.0214266, 0.999748, -0.00670158, 5.04281, 0.0, 0.0, 0.0, 1.0]}, "059728445f604624a12b40fc093044cf_d1_2.png": {"intrinsics": {"fx": 1066.88, "fy": 1066.89, "cx": 639.351, "cy": 515.665}, "camera_to_world_matrix": [-0.997029, -0.0142342, 0.0756872, 18.9365, 0.0759405, -0.0182066, 0.996946, -21.1062, -0.0128126, 0.999732, 0.0192329, 5.04272, 0.0, 0.0, 0.0, 1.0]}, "059728445f604624a12b40fc093044cf_d1_3.png": {"intrinsics": {"fx": 1066.88, "fy": 1066.89, "cx": 639.351, "cy": 515.665}, "camera_to_world_matrix": [-0.433024, -0.0162612, 0.901235, 18.9336, 0.901273, -0.023289, 0.432623, -21.1042, 0.0139541, 0.999596, 0.0247398, 5.0427, 0.0, 0.0, 0.0, 1.0]}, "059728445f604624a12b40fc093044cf_d1_4.png": {"intrinsics": {"fx": 1066.88, "fy": 1066.89, "cx": 639.351, "cy": 515.665}, "camera_to_world_matrix": [0.56391, -0.0216767, 0.825551, 18.9339, 0.825211, -0.024073, -0.56431, -21.1007, 0.0321061, 0.999475, 0.00431223, 5.04277, 0.0, 0.0, 0.0, 1.0]}, "059728445f604624a12b40fc093044cf_d1_5.png": {"intrinsics": {"fx": 1066.88, "fy": 1066.89, "cx": 639.351, "cy": 515.665}, "camera_to_world_matrix": [0.996817, -0.0250652, -0.0756793, 18.9371, -0.0761825, -0.0197747, -0.996897, -21.0992, 0.023491, 0.99949, -0.0216219, 5.04286, 0.0, 0.0, 0.0, 1.0]}, "059728445f604624a12b40fc093044cf_d2_0.png": {"intrinsics": {"fx": 1069.92, "fy": 1069.15, "cx": 635.554, "cy": 503.714}, "camera_to_world_matrix": [0.43707, 0.581564, -0.686116, 18.9493, -0.899423, 0.279868, -0.33573, -21.097, -0.00322692, 0.763844, 0.645394, 5.0764, 0.0, 0.0, 0.0, 1.0]}, "059728445f604624a12b40fc093044cf_d2_1.png": {"intrinsics": {"fx": 1069.92, "fy": 1069.15, "cx": 635.554, "cy": 503.714}, "camera_to_world_matrix": [-0.560213, 0.538284, -0.629613, 18.9482, -0.828071, -0.383624, 0.408817, -21.1115, -0.0214752, 0.750389, 0.660649, 5.07611, 0.0, 0.0, 0.0, 1.0]}, "059728445f604624a12b40fc093044cf_d2_2.png": {"intrinsics": {"fx": 1069.92, "fy": 1069.15, "cx": 635.554, "cy": 503.714}, "camera_to_world_matrix": [-0.997374, -0.0579667, 0.0434487, 18.935, 0.0712705, -0.677666, 0.731908, -21.1178, -0.0129829, 0.733082, 0.680018, 5.07573, 0.0, 0.0, 0.0, 1.0]}, "059728445f604624a12b40fc093044cf_d2_3.png": {"intrinsics": {"fx": 1069.92, "fy": 1069.15, "cx": 635.554, "cy": 503.714}, "camera_to_world_matrix": [-0.437242, -0.610925, 0.659993, 18.923, 0.89924, -0.30821, 0.310445, -21.1096, 0.0137577, 0.729231, 0.684131, 5.07565, 0.0, 0.0, 0.0, 1.0]}, "059728445f604624a12b40fc093044cf_d2_4.png": {"intrinsics": {"fx": 1069.92, "fy": 1069.15, "cx": 635.554, "cy": 503.714}, "camera_to_world_matrix": [0.560039, -0.56762, 0.603462, 18.9241, 0.82785, 0.35528, -0.4341, -21.0951, 0.0320053, 0.742687, 0.668875, 5.07595, 0.0, 0.0, 0.0, 1.0]}, "059728445f604624a12b40fc093044cf_d2_5.png": {"intrinsics": {"fx": 1069.92, "fy": 1069.15, "cx": 635.554, "cy": 503.714}, "camera_to_world_matrix": [0.997164, 0.0286428, -0.0696128, 18.9372, -0.0715096, 0.649299, -0.757164, -21.0888, 0.0235119, 0.759994, 0.649506, 5.07632, 0.0, 0.0, 0.0, 1.0]}, "05a7eee165964cffb1a6ae6ace6a8c8a_d0_0.png": {"intrinsics": {"fx": 1067.87, "fy": 1068.72, "cx": 629.687, "cy": 515.131}, "camera_to_world_matrix": [-0.912744, -0.254978, -0.319191, 13.4063, -0.40777, 0.616231, 0.673782, -13.5985, 0.0248962, 0.745147, -0.666435, 4.96203, 0.0, 0.0, 0.0, 1.0]}, "05a7eee165964cffb1a6ae6ace6a8c8a_d0_1.png": {"intrinsics": {"fx": 1067.87, "fy": 1068.72, "cx": 629.687, "cy": 515.131}, "camera_to_world_matrix": [-0.8097, 0.403454, 0.426156, 13.3919, 0.58678, 0.545983, 0.597988, -13.5969, 0.00858729, 0.734252, -0.678823, 4.96227, 0.0, 0.0, 0.0, 1.0]}, "05a7eee165964cffb1a6ae6ace6a8c8a_d0_2.png": {"intrinsics": {"fx": 1067.87, "fy": 1068.72, "cx": 629.687, "cy": 515.131}, "camera_to_world_matrix": [0.103107, 0.671979, 0.733356, 13.3859, 0.994573, -0.059381, -0.0854222, -13.5836, -0.0138544, 0.738184, -0.674457, 4.96218, 0.0, 0.0, 0.0, 1.0]}, "05a7eee165964cffb1a6ae6ace6a8c8a_d0_3.png": {"intrinsics": {"fx": 1067.87, "fy": 1068.72, "cx": 629.687, "cy": 515.131}, "camera_to_world_matrix": [0.912849, 0.282066, 0.295201, 13.3945, 0.407806, -0.594483, -0.693024, -13.5719, -0.0199866, 0.753012, -0.657703, 4.96186, 0.0, 0.0, 0.0, 1.0]}, "05a7eee165964cffb1a6ae6ace6a8c8a_d0_4.png": {"intrinsics": {"fx": 1067.87, "fy": 1068.72, "cx": 629.687, "cy": 515.131}, "camera_to_world_matrix": [0.809765, -0.376363, -0.450143, 13.409, -0.58674, -0.524209, -0.617202, -13.5734, -0.0036771, 0.763907, -0.645316, 4.96162, 0.0, 0.0, 0.0, 1.0]}, "05a7eee165964cffb1a6ae6ace6a8c8a_d0_5.png": {"intrinsics": {"fx": 1067.87, "fy": 1068.72, "cx": 629.687, "cy": 515.131}, "camera_to_world_matrix": [-0.103057, -0.644864, -0.757316, 13.4149, -0.994497, 0.0811649, 0.0662207, -13.5867, 0.0187643, 0.759974, -0.649682, 4.9617, 0.0, 0.0, 0.0, 1.0]}, "05a7eee165964cffb1a6ae6ace6a8c8a_d1_0.png": {"intrinsics": {"fx": 1066.88, "fy": 1066.89, "cx": 639.351, "cy": 515.665}, "camera_to_world_matrix": [-0.913073, 0.0224836, -0.407173, 13.4024, -0.406846, 0.0177832, 0.913323, -13.5879, 0.0277758, 0.999589, -0.00709063, 4.99521, 0.0, 0.0, 0.0, 1.0]}, "05a7eee165964cffb1a6ae6ace6a8c8a_d1_1.png": {"intrinsics": {"fx": 1066.88, "fy": 1066.89, "cx": 639.351, "cy": 515.665}, "camera_to_world_matrix": [-0.809074, 0.0231154, 0.58725, 13.399, 0.587593, 0.0123469, 0.809061, -13.5875, 0.0114513, 0.999656, -0.0235726, 4.99526, 0.0, 0.0, 0.0, 1.0]}, "05a7eee165964cffb1a6ae6ace6a8c8a_d1_2.png": {"intrinsics": {"fx": 1066.88, "fy": 1066.89, "cx": 639.351, "cy": 515.665}, "camera_to_world_matrix": [0.104114, 0.0187237, 0.994389, 13.3975, 0.994504, 0.0090828, -0.104297, -13.5843, -0.0109845, 0.999783, -0.0176758, 4.99524, 0.0, 0.0, 0.0, 1.0]}, "05a7eee165964cffb1a6ae6ace6a8c8a_d1_3.png": {"intrinsics": {"fx": 1066.88, "fy": 1066.89, "cx": 639.351, "cy": 515.665}, "camera_to_world_matrix": [0.913283, 0.0137003, 0.407094, 13.3996, 0.406966, 0.0112551, -0.913374, -13.5815, -0.0170952, 0.999842, 0.00470296, 4.99516, 0.0, 0.0, 0.0, 1.0]}, "05a7eee165964cffb1a6ae6ace6a8c8a_d1_4.png": {"intrinsics": {"fx": 1066.88, "fy": 1066.89, "cx": 639.351, "cy": 515.665}, "camera_to_world_matrix": [0.809245, 0.0130687, -0.587325, 13.4031, -0.58747, 0.0166915, -0.809073, -13.5818, -0.000769996, 0.999775, 0.0211843, 4.99511, 0.0, 0.0, 0.0, 1.0]}, "05a7eee165964cffb1a6ae6ace6a8c8a_d1_5.png": {"intrinsics": {"fx": 1066.88, "fy": 1066.89, "cx": 639.351, "cy": 515.665}, "camera_to_world_matrix": [-0.10396, 0.0174605, -0.994428, 13.4045, -0.994345, 0.0199554, 0.104301, -13.585, 0.0216655, 0.999648, 0.0152866, 4.99513, 0.0, 0.0, 0.0, 1.0]}, "05a7eee165964cffb1a6ae6ace6a8c8a_d2_0.png": {"intrinsics": {"fx": 1069.92, "fy": 1069.15, "cx": 635.554, "cy": 503.714}, "camera_to_world_matrix": [-0.911159, 0.290699, -0.292037, 13.4075, -0.411123, -0.593655, 0.691774, -13.5975, 0.0277285, 0.750379, 0.660428, 5.02851, 0.0, 0.0, 0.0, 1.0]}, "05a7eee165964cffb1a6ae6ace6a8c8a_d2_1.png": {"intrinsics": {"fx": 1069.92, "fy": 1069.15, "cx": 635.554, "cy": 503.714}, "camera_to_world_matrix": [-0.81182, -0.371319, 0.450634, 13.3931, 0.583796, -0.531329, 0.6139, -13.596, 0.0114813, 0.761454, 0.648119, 5.02875, 0.0, 0.0, 0.0, 1.0]}, "05a7eee165964cffb1a6ae6ace6a8c8a_d2_2.png": {"intrinsics": {"fx": 1069.92, "fy": 1069.15, "cx": 635.554, "cy": 503.714}, "camera_to_world_matrix": [0.0994525, -0.648498, 0.754692, 13.3871, 0.994983, 0.0731822, -0.0682322, -13.5827, -0.0109819, 0.757691, 0.652523, 5.02867, 0.0, 0.0, 0.0, 1.0]}, "05a7eee165964cffb1a6ae6ace6a8c8a_d2_3.png": {"intrinsics": {"fx": 1069.92, "fy": 1069.15, "cx": 635.554, "cy": 503.714}, "camera_to_world_matrix": [0.911366, -0.263652, 0.316073, 13.3957, 0.411241, 0.615353, -0.672475, -13.5709, -0.0171974, 0.742852, 0.669236, 5.02834, 0.0, 0.0, 0.0, 1.0]}, "05a7eee165964cffb1a6ae6ace6a8c8a_d2_4.png": {"intrinsics": {"fx": 1069.92, "fy": 1069.15, "cx": 635.554, "cy": 503.714}, "camera_to_world_matrix": [0.811988, 0.398364, -0.426594, 13.4102, -0.583675, 0.553, -0.594572, -13.5724, -0.000949576, 0.731777, 0.681545, 5.0281, 0.0, 0.0, 0.0, 1.0]}, "05a7eee165964cffb1a6ae6ace6a8c8a_d2_5.png": {"intrinsics": {"fx": 1069.92, "fy": 1069.15, "cx": 635.554, "cy": 503.714}, "camera_to_world_matrix": [-0.099301, 0.675519, -0.730626, 13.4161, -0.994826, -0.0515216, 0.0875723, -13.5857, 0.0215134, 0.735541, 0.67714, 5.02819, 0.0, 0.0, 0.0, 1.0]}, "07e0b13e8a3c47f68ed9ac46076f129e_d0_0.png": {"intrinsics": {"fx": 1067.87, "fy": 1068.72, "cx": 629.687, "cy": 515.131}, "camera_to_world_matrix": [-0.47156, 0.576124, 0.667615, 3.83721, 0.881754, 0.318201, 0.348219, -12.4777, -0.0118181, 0.752879, -0.658052, 5.03804, 0.0, 0.0, 0.0, 1.0]}, "07e0b13e8a3c47f68ed9ac46076f129e_d0_1.png": {"intrinsics": {"fx": 1067.87, "fy": 1068.72, "cx": 629.687, "cy": 515.131}, "camera_to_world_matrix": [0.52785, 0.552741, 0.644864, 3.8377, 0.849336, -0.343614, -0.400694, -12.4632, 0.000104695, 0.759214, -0.650841, 5.0379, 0.0, 0.0, 0.0, 1.0]}, "07e0b13e8a3c47f68ed9ac46076f129e_d0_2.png": {"intrinsics": {"fx": 1067.87, "fy": 1068.72, "cx": 629.687, "cy": 515.131}, "camera_to_world_matrix": [0.99937, -0.032091, -0.0150804, 3.85053, -0.0324119, -0.65433, -0.755513, -12.4563, 0.0143778, 0.755527, -0.654959, 5.03798, 0.0, 0.0, 0.0, 1.0]}, "07e0b13e8a3c47f68ed9ac46076f129e_d0_3.png": {"intrinsics": {"fx": 1067.87, "fy": 1068.72, "cx": 629.687, "cy": 515.131}, "camera_to_world_matrix": [0.471469, -0.593527, -0.652259, 3.86288, -0.881723, -0.303223, -0.361412, -12.464, 0.0167279, 0.745507, -0.666288, 5.0382, 0.0, 0.0, 0.0, 1.0]}, "07e0b13e8a3c47f68ed9ac46076f129e_d0_4.png": {"intrinsics": {"fx": 1067.87, "fy": 1068.72, "cx": 629.687, "cy": 515.131}, "camera_to_world_matrix": [-0.52794, -0.570118, -0.629478, 3.86239, -0.849267, 0.358591, 0.387501, -12.4785, 0.00480478, 0.739173, -0.673498, 5.03834, 0.0, 0.0, 0.0, 1.0]}, "07e0b13e8a3c47f68ed9ac46076f129e_d0_5.png": {"intrinsics": {"fx": 1067.87, "fy": 1068.72, "cx": 629.687, "cy": 515.131}, "camera_to_world_matrix": [-0.999426, 0.0147267, 0.0304802, 3.84956, 0.0325001, 0.669284, 0.742294, -12.4854, -0.00946814, 0.74286, -0.66938, 5.03826, 0.0, 0.0, 0.0, 1.0]}, "07e0b13e8a3c47f68ed9ac46076f129e_d1_0.png": {"intrinsics": {"fx": 1066.88, "fy": 1066.89, "cx": 639.351, "cy": 515.665}, "camera_to_world_matrix": [-0.470741, -0.008037, 0.882235, 3.84657, 0.882225, 0.00582958, 0.47079, -12.4722, -0.00892661, 0.99995, 0.0043456, 5.07135, 0.0, 0.0, 0.0, 1.0]}, "07e0b13e8a3c47f68ed9ac46076f129e_d1_1.png": {"intrinsics": {"fx": 1066.88, "fy": 1066.89, "cx": 639.351, "cy": 515.665}, "camera_to_world_matrix": [0.528627, -0.0134151, 0.848748, 3.84669, 0.848848, 0.00481459, -0.528614, -12.4687, 0.00300523, 0.999898, 0.0139319, 5.07132, 0.0, 0.0, 0.0, 1.0]}, "07e0b13e8a3c47f68ed9ac46076f129e_d1_2.png": {"intrinsics": {"fx": 1066.88, "fy": 1066.89, "cx": 639.351, "cy": 515.665}, "camera_to_world_matrix": [0.999294, -0.0169826, -0.033492, 3.84978, -0.0333431, 0.00896474, -0.999403, -12.467, 0.0172729, 0.999815, 0.00839153, 5.07134, 0.0, 0.0, 0.0, 1.0]}, "07e0b13e8a3c47f68ed9ac46076f129e_d1_3.png": {"intrinsics": {"fx": 1066.88, "fy": 1066.89, "cx": 639.351, "cy": 515.665}, "camera_to_world_matrix": [0.470583, -0.0151719, -0.882225, 3.85275, -0.882137, 0.0141298, -0.470779, -12.4689, 0.0196084, 0.999785, -0.00673507, 5.07139, 0.0, 0.0, 0.0, 1.0]}, "07e0b13e8a3c47f68ed9ac46076f129e_d1_4.png": {"intrinsics": {"fx": 1066.88, "fy": 1066.89, "cx": 639.351, "cy": 515.665}, "camera_to_world_matrix": [-0.528784, -0.00979367, -0.848699, 3.85263, -0.848721, 0.0151446, 0.528623, -12.4724, 0.00767619, 0.999837, -0.0163209, 5.07142, 0.0, 0.0, 0.0, 1.0]}, "07e0b13e8a3c47f68ed9ac46076f129e_d1_5.png": {"intrinsics": {"fx": 1066.88, "fy": 1066.89, "cx": 639.351, "cy": 515.665}, "camera_to_world_matrix": [-0.999417, -0.00622636, 0.0335589, 3.84954, 0.0334889, 0.0109943, 0.999378, -12.474, -0.00659127, 0.99992, -0.01078, 5.0714, 0.0, 0.0, 0.0, 1.0]}, "07e0b13e8a3c47f68ed9ac46076f129e_d2_0.png": {"intrinsics": {"fx": 1069.92, "fy": 1069.15, "cx": 635.554, "cy": 503.714}, "camera_to_world_matrix": [-0.47487, -0.592021, 0.65116, 3.83644, 0.880011, -0.311843, 0.358241, -12.477, -0.0090272, 0.743146, 0.66907, 5.10454, 0.0, 0.0, 0.0, 1.0]}, "07e0b13e8a3c47f68ed9ac46076f129e_d2_1.png": {"intrinsics": {"fx": 1069.92, "fy": 1069.15, "cx": 635.554, "cy": 503.714}, "camera_to_world_matrix": [0.524647, -0.576794, 0.626144, 3.83692, 0.851317, 0.35299, -0.388149, -12.4625, 0.00285966, 0.736687, 0.67623, 5.1044, 0.0, 0.0, 0.0, 1.0]}, "07e0b13e8a3c47f68ed9ac46076f129e_d2_2.png": {"intrinsics": {"fx": 1069.92, "fy": 1069.15, "cx": 635.554, "cy": 503.714}, "camera_to_world_matrix": [0.999443, 0.00657333, -0.0327484, 3.84976, -0.0286612, 0.672277, -0.739745, -12.4556, 0.0171531, 0.74027, 0.672092, 5.10448, 0.0, 0.0, 0.0, 1.0]}, "07e0b13e8a3c47f68ed9ac46076f129e_d2_3.png": {"intrinsics": {"fx": 1069.92, "fy": 1069.15, "cx": 635.554, "cy": 503.714}, "camera_to_world_matrix": [0.474713, 0.574701, -0.666609, 3.86211, -0.879925, 0.326726, -0.344942, -12.4633, 0.0195595, 0.750313, 0.660795, 5.1047, 0.0, 0.0, 0.0, 1.0]}, "07e0b13e8a3c47f68ed9ac46076f129e_d2_4.png": {"intrinsics": {"fx": 1069.92, "fy": 1069.15, "cx": 635.554, "cy": 503.714}, "camera_to_world_matrix": [-0.524802, 0.559448, -0.641563, 3.86162, -0.851191, -0.338106, 0.401447, -12.4779, 0.00767225, 0.756772, 0.653636, 5.10484, 0.0, 0.0, 0.0, 1.0]}, "07e0b13e8a3c47f68ed9ac46076f129e_d2_5.png": {"intrinsics": {"fx": 1069.92, "fy": 1069.15, "cx": 635.554, "cy": 503.714}, "camera_to_world_matrix": [-0.999564, -0.0239325, 0.0173432, 3.84879, 0.0288055, -0.657371, 0.753017, -12.4847, -0.006621, 0.753188, 0.657774, 5.10476, 0.0, 0.0, 0.0, 1.0]}, "084c9684a25a4c4f8cdea7afa21d6851_d0_0.png": {"intrinsics": {"fx": 1067.87, "fy": 1068.72, "cx": 629.687, "cy": 515.131}, "camera_to_world_matrix": [-0.901518, -0.284005, -0.326503, -0.181483, -0.43262, 0.609198, 0.664617, 0.838248, 0.0101505, 0.740417, -0.672071, 1.75606, 0.0, 0.0, 0.0, 1.0]}, "084c9684a25a4c4f8cdea7afa21d6851_d0_1.png": {"intrinsics": {"fx": 1067.87, "fy": 1068.72, "cx": 629.687, "cy": 515.131}, "camera_to_world_matrix": [-0.8255, 0.376194, 0.420743, -0.19599, 0.564376, 0.557014, 0.609272, 0.839368, -0.00515512, 0.740413, -0.672132, 1.75606, 0.0, 0.0, 0.0, 1.0]}, "084c9684a25a4c4f8cdea7afa21d6851_d0_2.png": {"intrinsics": {"fx": 1067.87, "fy": 1068.72, "cx": 629.687, "cy": 515.131}, "camera_to_world_matrix": [0.0760392, 0.661099, 0.746434, -0.202274, 0.997021, -0.0407634, -0.0654634, 0.85249, -0.0128504, 0.749189, -0.662231, 1.75587, 0.0, 0.0, 0.0, 1.0]}, "084c9684a25a4c4f8cdea7afa21d6851_d0_3.png": {"intrinsics": {"fx": 1067.87, "fy": 1068.72, "cx": 629.687, "cy": 515.131}, "camera_to_world_matrix": [0.901541, 0.285799, 0.324871, -0.19405, 0.43266, -0.586344, -0.684839, 0.864492, -0.00523992, 0.757969, -0.652269, 1.75568, 0.0, 0.0, 0.0, 1.0]}, "084c9684a25a4c4f8cdea7afa21d6851_d0_4.png": {"intrinsics": {"fx": 1067.87, "fy": 1068.72, "cx": 629.687, "cy": 515.131}, "camera_to_world_matrix": [0.825484, -0.374398, -0.422374, -0.179543, -0.564333, -0.534135, -0.629464, 0.863371, 0.0100657, 0.757973, -0.652208, 1.75568, 0.0, 0.0, 0.0, 1.0]}, "084c9684a25a4c4f8cdea7afa21d6851_d0_5.png": {"intrinsics": {"fx": 1067.87, "fy": 1068.72, "cx": 629.687, "cy": 515.131}, "camera_to_world_matrix": [-0.0760724, -0.65928, -0.748038, -0.17326, -0.996943, 0.0636536, 0.0452843, 0.850249, 0.0177605, 0.749197, -0.662109, 1.75587, 0.0, 0.0, 0.0, 1.0]}, "084c9684a25a4c4f8cdea7afa21d6851_d1_0.png": {"intrinsics": {"fx": 1066.88, "fy": 1066.89, "cx": 639.351, "cy": 515.665}, "camera_to_world_matrix": [-0.90192, 0.00551475, -0.431866, -0.186215, -0.431705, 0.0186404, 0.901822, 0.848721, 0.0130237, 0.999811, -0.0144321, 1.78916, 0.0, 0.0, 0.0, 1.0]}, "084c9684a25a4c4f8cdea7afa21d6851_d1_1.png": {"intrinsics": {"fx": 1066.88, "fy": 1066.89, "cx": 639.351, "cy": 515.665}, "camera_to_world_matrix": [-0.824945, 0.00629404, 0.565177, -0.189705, 0.565207, 0.0132235, 0.824842, 0.84899, -0.00228182, 0.999892, -0.0144667, 1.78916, 0.0, 0.0, 0.0, 1.0]}, "084c9684a25a4c4f8cdea7afa21d6851_d1_2.png": {"intrinsics": {"fx": 1066.88, "fy": 1066.89, "cx": 639.351, "cy": 515.665}, "camera_to_world_matrix": [0.077, 0.00199189, 0.997029, -0.191216, 0.996981, 0.00984032, -0.0770161, 0.852147, -0.00996431, 0.999949, -0.0012288, 1.78912, 0.0, 0.0, 0.0, 1.0]}, "084c9684a25a4c4f8cdea7afa21d6851_d1_3.png": {"intrin