{"003ac44fc17f43f8b2bfb5054ea65d6d_d0_0.png": {"intrinsics": {"fx": 1070.61, "fy": 1071.07, "cx": 635.501, "cy": 504.956}, "camera_to_world_matrix": [0.440313, -0.609066, -0.659669, -31.0063, -0.897838, -0.295928, -0.326058, 5.02272, 0.003376, 0.735843, -0.677144, 1.55886, 0.0, 0.0, 0.0, 1.0]}, "003ac44fc17f43f8b2bfb5054ea65d6d_d0_1.png": {"intrinsics": {"fx": 1070.61, "fy": 1071.07, "cx": 635.501, "cy": 504.956}, "camera_to_world_matrix": [-0.557336, -0.561758, -0.611395, -31.0072, -0.830244, 0.369561, 0.417276, 5.0082, -0.00846047, 0.74017, -0.672367, 1.55877, 0.0, 0.0, 0.0, 1.0]}, "003ac44fc17f43f8b2bfb5054ea65d6d_d0_2.png": {"intrinsics": {"fx": 1070.61, "fy": 1071.07, "cx": 635.501, "cy": 504.956}, "camera_to_world_matrix": [-0.997674, 0.038199, 0.0564568, -31.0202, 0.0675955, 0.661287, 0.747082, 5.00172, -0.00879634, 0.74916, -0.662331, 1.55858, 0.0, 0.0, 0.0, 1.0]}, "003ac44fc17f43f8b2bfb5054ea65d6d_d0_3.png": {"intrinsics": {"fx": 1070.61, "fy": 1071.07, "cx": 635.501, "cy": 504.956}, "camera_to_world_matrix": [-0.440353, 0.590835, 0.67602, -31.0323, 0.897821, 0.287516, 0.333546, 5.00977, 0.00270427, 0.753823, -0.657073, 1.55847, 0.0, 0.0, 0.0, 1.0]}, "003ac44fc17f43f8b2bfb5054ea65d6d_d0_4.png": {"intrinsics": {"fx": 1070.61, "fy": 1071.07, "cx": 635.501, "cy": 504.956}, "camera_to_world_matrix": [0.557294, 0.543502, 0.627718, -31.0314, 0.830188, -0.377972, -0.409786, 5.02429, 0.0145405, 0.749495, -0.66185, 1.55857, 0.0, 0.0, 0.0, 1.0]}, "003ac44fc17f43f8b2bfb5054ea65d6d_d0_5.png": {"intrinsics": {"fx": 1070.61, "fy": 1071.07, "cx": 635.501, "cy": 504.956}, "camera_to_world_matrix": [0.997597, -0.0564674, -0.0401472, -31.0184, -0.0676689, -0.669674, -0.739565, 5.03077, 0.0148758, 0.740505, -0.671886, 1.55876, 0.0, 0.0, 0.0, 1.0]}, "003ac44fc17f43f8b2bfb5054ea65d6d_d1_0.png": {"intrinsics": {"fx": 1070.81, "fy": 1071.14, "cx": 637.019, "cy": 509.707}, "camera_to_world_matrix": [0.444926, -0.0112518, -0.895497, -31.0166, -0.895536, 0.00284181, -0.444981, 5.01761, 0.00755157, 0.999933, -0.0088117, 1.59196, 0.0, 0.0, 0.0, 1.0]}, "003ac44fc17f43f8b2bfb5054ea65d6d_d1_1.png": {"intrinsics": {"fx": 1070.81, "fy": 1071.14, "cx": 637.019, "cy": 509.707}, "camera_to_world_matrix": [-0.553041, -0.00441068, -0.833142, -31.0168, -0.833143, -0.00225487, 0.553053, 5.01412, -0.00431809, 0.999988, -0.00242736, 1.59194, 0.0, 0.0, 0.0, 1.0]}, "003ac44fc17f43f8b2bfb5054ea65d6d_d1_2.png": {"intrinsics": {"fx": 1070.81, "fy": 1071.14, "cx": 637.019, "cy": 509.707}, "camera_to_world_matrix": [-0.998042, -0.0054034, 0.0623162, -31.0199, 0.0623715, -0.0107279, 0.997995, 5.01256, -0.00472417, 0.999928, 0.0110442, 1.59189, 0.0, 0.0, 0.0, 1.0]}, "003ac44fc17f43f8b2bfb5054ea65d6d_d1_3.png": {"intrinsics": {"fx": 1070.81, "fy": 1071.14, "cx": 637.019, "cy": 509.707}, "camera_to_world_matrix": [-0.445066, -0.0132372, 0.8954, -31.0228, 0.895473, -0.014104, 0.444893, 5.0145, 0.00673942, 0.999813, 0.0181311, 1.59187, 0.0, 0.0, 0.0, 1.0]}, "003ac44fc17f43f8b2bfb5054ea65d6d_d1_4.png": {"intrinsics": {"fx": 1070.81, "fy": 1071.14, "cx": 637.019, "cy": 509.707}, "camera_to_world_matrix": [0.552899, -0.0200782, 0.833007, -31.0226, 0.833041, -0.00900704, -0.553138, 5.01799, 0.0186088, 0.999758, 0.0117463, 1.59189, 0.0, 0.0, 0.0, 1.0]}, "003ac44fc17f43f8b2bfb5054ea65d6d_d1_5.png": {"intrinsics": {"fx": 1070.81, "fy": 1071.14, "cx": 637.019, "cy": 509.707}, "camera_to_world_matrix": [0.997865, -0.0190852, -0.0624695, -31.0195, -0.0624911, -0.000534084, -0.998046, 5.01955, 0.0190144, 0.999818, -0.00172526, 1.59194, 0.0, 0.0, 0.0, 1.0]}, "003ac44fc17f43f8b2bfb5054ea65d6d_d2_0.png": {"intrinsics": {"fx": 1071.17, "fy": 1071.26, "cx": 630.532, "cy": 525.227}, "camera_to_world_matrix": [0.449921, 0.585491, -0.674367, -31.0071, -0.893057, 0.298725, -0.33647, 5.02234, 0.00445075, 0.753633, 0.65728, 1.62536, 0.0, 0.0, 0.0, 1.0]}, "003ac44fc17f43f8b2bfb5054ea65d6d_d2_1.png": {"intrinsics": {"fx": 1071.17, "fy": 1071.26, "cx": 630.532, "cy": 525.227}, "camera_to_world_matrix": [-0.548393, 0.550537, -0.629424, -31.008, -0.836187, -0.367737, 0.40689, 5.00782, -0.00745426, 0.749452, 0.662017, 1.62527, 0.0, 0.0, 0.0, 1.0]}, "003ac44fc17f43f8b2bfb5054ea65d6d_d2_2.png": {"intrinsics": {"fx": 1071.17, "fy": 1071.26, "cx": 630.532, "cy": 525.227}, "camera_to_world_matrix": [-0.99835, -0.0440856, 0.0367859, -31.021, 0.0568662, -0.670648, 0.739593, 5.00135, -0.00793488, 0.740464, 0.672049, 1.62507, 0.0, 0.0, 0.0, 1.0]}, "003ac44fc17f43f8b2bfb5054ea65d6d_d2_3.png": {"intrinsics": {"fx": 1071.17, "fy": 1071.26, "cx": 630.532, "cy": 525.227}, "camera_to_world_matrix": [-0.449983, -0.603741, 0.658036, -31.0331, 0.89303, -0.30709, 0.328927, 5.0094, 0.00348948, 0.735658, 0.677344, 1.62497, 0.0, 0.0, 0.0, 1.0]}, "003ac44fc17f43f8b2bfb5054ea65d6d_d2_4.png": {"intrinsics": {"fx": 1071.17, "fy": 1071.26, "cx": 630.532, "cy": 525.227}, "camera_to_world_matrix": [0.548328, -0.568761, 0.613064, -31.0322, 0.836121, 0.359372, -0.414431, 5.02392, 0.0153943, 0.73984, 0.672606, 1.62506, 0.0, 0.0, 0.0, 1.0]}, "003ac44fc17f43f8b2bfb5054ea65d6d_d2_5.png": {"intrinsics": {"fx": 1071.17, "fy": 1071.26, "cx": 630.532, "cy": 525.227}, "camera_to_world_matrix": [0.998251, 0.0258739, -0.0531588, -31.0192, -0.0569501, 0.662259, -0.747107, 5.03039, 0.0158744, 0.748828, 0.662574, 1.62526, 0.0, 0.0, 0.0, 1.0]}, "01790b2fed1640a1bbb42f04b99f298a_d0_0.png": {"intrinsics": {"fx": 1070.61, "fy": 1071.07, "cx": 635.501, "cy": 504.956}, "camera_to_world_matrix": [-0.232833, -0.640417, -0.731885, -27.4744, -0.972235, 0.171407, 0.15931, -1.57658, 0.0234253, 0.748656, -0.662544, 1.57546, 0.0, 0.0, 0.0, 1.0]}, "01790b2fed1640a1bbb42f04b99f298a_d0_1.png": {"intrinsics": {"fx": 1070.61, "fy": 1071.07, "cx": 635.501, "cy": 504.956}, "camera_to_world_matrix": [-0.958568, -0.179821, -0.220933, -27.4843, -0.284269, 0.653896, 0.701149, -1.58719, 0.0183856, 0.734904, -0.677922, 1.57576, 0.0, 0.0, 0.0, 1.0]}, "01790b2fed1640a1bbb42f04b99f298a_d0_2.png": {"intrinsics": {"fx": 1070.61, "fy": 1071.07, "cx": 635.501, "cy": 504.956}, "camera_to_world_matrix": [-0.725682, 0.468448, 0.503927, -27.4985, 0.688028, 0.49621, 0.529522, -1.58387, -0.00200054, 0.73098, -0.682396, 1.57584, 0.0, 0.0, 0.0, 1.0]}, "01790b2fed1640a1bbb42f04b99f298a_d0_3.png": {"intrinsics": {"fx": 1070.61, "fy": 1071.07, "cx": 635.501, "cy": 504.956}, "camera_to_world_matrix": [0.232935, 0.656107, 0.717819, -27.5027, 0.972337, -0.143962, -0.183941, -1.56995, -0.0173466, 0.740809, -0.671492, 1.57563, 0.0, 0.0, 0.0, 1.0]}, "01790b2fed1640a1bbb42f04b99f298a_d0_4.png": {"intrinsics": {"fx": 1070.61, "fy": 1071.07, "cx": 635.501, "cy": 504.956}, "camera_to_world_matrix": [0.958643, 0.195494, 0.206846, -27.4928, 0.284344, -0.626434, -0.725761, -1.55934, -0.0123062, 0.754561, -0.656114, 1.57533, 0.0, 0.0, 0.0, 1.0]}, "01790b2fed1640a1bbb42f04b99f298a_d0_5.png": {"intrinsics": {"fx": 1070.61, "fy": 1071.07, "cx": 635.501, "cy": 504.956}, "camera_to_world_matrix": [0.725719, -0.45277, -0.518008, -27.4786, -0.687944, -0.468722, -0.554105, -1.56266, 0.00808027, 0.758485, -0.651641, 1.57524, 0.0, 0.0, 0.0, 1.0]}, "01790b2fed1640a1bbb42f04b99f298a_d1_0.png": {"intrinsics": {"fx": 1070.81, "fy": 1071.14, "cx": 637.019, "cy": 509.707}, "camera_to_world_matrix": [-0.227715, 0.0167009, -0.973585, -27.4848, -0.97334, 0.0243322, 0.228074, -1.57345, 0.0274984, 0.999565, 0.0107152, 1.60876, 0.0, 0.0, 0.0, 1.0]}, "01790b2fed1640a1bbb42f04b99f298a_d1_1.png": {"intrinsics": {"fx": 1070.81, "fy": 1071.14, "cx": 637.019, "cy": 509.707}, "camera_to_world_matrix": [-0.957009, 0.0187246, -0.289453, -27.4872, -0.289179, 0.0160456, 0.957141, -1.576, 0.0225664, 0.999696, -0.0099407, 1.60884, 0.0, 0.0, 0.0, 1.0]}, "01790b2fed1640a1bbb42f04b99f298a_d1_2.png": {"intrinsics": {"fx": 1070.81, "fy": 1071.14, "cx": 637.019, "cy": 509.707}, "camera_to_world_matrix": [-0.729198, 0.0125595, 0.684188, -27.4906, 0.6843, 0.0101514, 0.729131, -1.5752, 0.00221192, 0.99987, -0.0159965, 1.60886, 0.0, 0.0, 0.0, 1.0]}, "01790b2fed1640a1bbb42f04b99f298a_d1_3.png": {"intrinsics": {"fx": 1070.81, "fy": 1071.14, "cx": 637.019, "cy": 509.707}, "camera_to_world_matrix": [0.227903, 0.00437081, 0.973674, -27.4916, 0.973595, 0.0125439, -0.227941, -1.57185, -0.0132101, 0.999912, -0.00139626, 1.60881, 0.0, 0.0, 0.0, 1.0]}, "01790b2fed1640a1bbb42f04b99f298a_d1_4.png": {"intrinsics": {"fx": 1070.81, "fy": 1071.14, "cx": 637.019, "cy": 509.707}, "camera_to_world_matrix": [0.957171, 0.00234743, 0.289514, -27.4892, 0.289405, 0.0208306, -0.95698, -1.5693, -0.00827732, 0.99978, 0.0192595, 1.60873, 0.0, 0.0, 0.0, 1.0]}, "01790b2fed1640a1bbb42f04b99f298a_d1_5.png": {"intrinsics": {"fx": 1070.81, "fy": 1071.14, "cx": 637.019, "cy": 509.707}, "camera_to_world_matrix": [0.729322, 0.00851279, -0.684118, -27.4858, -0.684065, 0.0267246, -0.728932, -1.5701, 0.0120774, 0.999607, 0.0253145, 1.60871, 0.0, 0.0, 0.0, 1.0]}, "01790b2fed1640a1bbb42f04b99f298a_d2_0.png": {"intrinsics": {"fx": 1071.17, "fy": 1071.26, "cx": 630.532, "cy": 525.227}, "camera_to_world_matrix": [-0.22236, 0.659129, -0.718404, -27.4737, -0.974662, -0.131923, 0.180639, -1.57536, 0.02429, 0.740368, 0.671762, 1.64194, 0.0, 0.0, 0.0, 1.0]}, "01790b2fed1640a1bbb42f04b99f298a_d2_1.png": {"intrinsics": {"fx": 1071.17, "fy": 1071.26, "cx": 630.532, "cy": 525.227}, "camera_to_world_matrix": [-0.955442, 0.207434, -0.210002, -27.4836, -0.294534, -0.623037, 0.724621, -1.58596, 0.0194723, 0.754186, 0.656372, 1.64224, 0.0, 0.0, 0.0, 1.0]}, "01790b2fed1640a1bbb42f04b99f298a_d2_2.png": {"intrinsics": {"fx": 1071.17, "fy": 1071.26, "cx": 630.532, "cy": 525.227}, "camera_to_world_matrix": [-0.733019, -0.443853, 0.515439, -27.4978, 0.680207, -0.477367, 0.556271, -1.58265, -0.000848701, 0.758363, 0.651832, 1.64233, 0.0, 0.0, 0.0, 1.0]}, "01790b2fed1640a1bbb42f04b99f298a_d2_3.png": {"intrinsics": {"fx": 1071.17, "fy": 1071.26, "cx": 630.532, "cy": 525.227}, "camera_to_world_matrix": [0.222482, -0.64343, 0.732461, -27.502, 0.9748, 0.159412, -0.156056, -1.56872, -0.0163516, 0.748722, 0.662682, 1.64212, 0.0, 0.0, 0.0, 1.0]}, "01790b2fed1640a1bbb42f04b99f298a_d2_4.png": {"intrinsics": {"fx": 1071.17, "fy": 1071.26, "cx": 630.532, "cy": 525.227}, "camera_to_world_matrix": [0.955538, -0.191716, 0.224037, -27.4921, 0.294643, 0.650507, -0.700018, -1.55811, -0.0115331, 0.734905, 0.678072, 1.64182, 0.0, 0.0, 0.0, 1.0]}, "01790b2fed1640a1bbb42f04b99f298a_d2_5.png": {"intrinsics": {"fx": 1071.17, "fy": 1071.26, "cx": 630.532, "cy": 525.227}, "camera_to_world_matrix": [0.733076, 0.459565, -0.501397, -27.4779, -0.68009, 0.504813, -0.53164, -1.56143, 0.00878817, 0.730728, 0.682612, 1.64173, 0.0, 0.0, 0.0, 1.0]}, "02fc112c72f54dad9c127dc99ad242be_d0_0.png": {"intrinsics": {"fx": 1070.61, "fy": 1071.07, "cx": 635.501, "cy": 504.956}, "camera_to_world_matrix": [0.578327, -0.555702, -0.597271, -14.7907, -0.815695, -0.381818, -0.434578, 0.0498927, 0.0134471, 0.738519, -0.674099, 1.51614, 0.0, 0.0, 0.0, 1.0]}, "02fc112c72f54dad9c127dc99ad242be_d0_1.png": {"intrinsics": {"fx": 1070.61, "fy": 1071.07, "cx": 635.501, "cy": 504.956}, "camera_to_world_matrix": [-0.417247, -0.615528, -0.668603, -14.7893, -0.908793, 0.282672, 0.306907, 0.035413, 8.56014e-05, 0.735678, -0.677331, 1.5162, 0.0, 0.0, 0.0, 1.0]}, "02fc112c72f54dad9c127dc99ad242be_d0_2.png": {"intrinsics": {"fx": 1070.61, "fy": 1071.07, "cx": 635.501, "cy": 504.956}, "camera_to_world_matrix": [-0.995606, -0.0700197, -0.062174, -14.8011, -0.0930689, 0.666748, 0.739449, 0.0269353, -0.0103216, 0.741987, -0.670335, 1.51607, 0.0, 0.0, 0.0, 1.0]}, "02fc112c72f54dad9c127dc99ad242be_d0_3.png": {"intrinsics": {"fx": 1070.61, "fy": 1071.07, "cx": 635.501, "cy": 504.956}, "camera_to_world_matrix": [-0.578378, 0.535301, 0.615574, -14.8144, 0.815735, 0.386327, 0.430497, 0.0329374, -0.00736705, 0.751135, -0.660107, 1.51587, 0.0, 0.0, 0.0, 1.0]}, "02fc112c72f54dad9c127dc99ad242be_d0_4.png": {"intrinsics": {"fx": 1070.61, "fy": 1071.07, "cx": 635.501, "cy": 504.956}, "camera_to_world_matrix": [0.417199, 0.595101, 0.686877, -14.8158, 0.908795, -0.278165, -0.310991, 0.0474172, 0.00599462, 0.753976, -0.656875, 1.5158, 0.0, 0.0, 0.0, 1.0]}, "02fc112c72f54dad9c127dc99ad242be_d0_5.png": {"intrinsics": {"fx": 1070.61, "fy": 1071.07, "cx": 635.501, "cy": 504.956}, "camera_to_world_matrix": [0.995526, 0.0495775, 0.0804306, -14.804, 0.0930483, -0.662221, -0.743509, 0.0558945, 0.0164015, 0.747667, -0.663871, 1.51594, 0.0, 0.0, 0.0, 1.0]}, "02fc112c72f54dad9c127dc99ad242be_d1_0.png": {"intrinsics": {"fx": 1070.81, "fy": 1071.14, "cx": 637.019, "cy": 509.707}, "camera_to_world_matrix": [0.582501, -0.01408, -0.812708, -14.8001, -0.81264, 0.0115633, -0.582652, 0.0435553, 0.0176012, 0.999834, -0.00470596, 1.54928, 0.0, 0.0, 0.0, 1.0]}, "02fc112c72f54dad9c127dc99ad242be_d1_1.png": {"intrinsics": {"fx": 1070.81, "fy": 1071.14, "cx": 637.019, "cy": 509.707}, "camera_to_world_matrix": [-0.412554, -0.00651142, -0.91091, -14.7998, -0.910923, 0.00762827, 0.412506, 0.0400722, 0.00426255, 0.99995, -0.00907814, 1.5493, 0.0, 0.0, 0.0, 1.0]}, "02fc112c72f54dad9c127dc99ad242be_d1_2.png": {"intrinsics": {"fx": 1070.81, "fy": 1071.14, "cx": 637.019, "cy": 509.707}, "camera_to_world_matrix": [-0.995144, -0.00613507, -0.098245, -14.8027, -0.0982412, -0.000894525, 0.995163, 0.0380329, -0.0061934, 0.999981, 0.000287799, 1.54927, 0.0, 0.0, 0.0, 1.0]}, "02fc112c72f54dad9c127dc99ad242be_d1_3.png": {"intrinsics": {"fx": 1070.81, "fy": 1071.14, "cx": 637.019, "cy": 509.707}, "camera_to_world_matrix": [-0.582665, -0.0133273, 0.812604, -14.8058, 0.812706, -0.00548209, 0.582649, 0.0394767, -0.00331047, 0.999896, 0.0140257, 1.54922, 0.0, 0.0, 0.0, 1.0]}, "02fc112c72f54dad9c127dc99ad242be_d1_4.png": {"intrinsics": {"fx": 1070.81, "fy": 1071.14, "cx": 637.019, "cy": 509.707}, "camera_to_world_matrix": [0.412394, -0.0208957, 0.910766, -14.8062, 0.910951, -0.00154676, -0.412513, 0.0429598, 0.0100283, 0.999781, 0.0183974, 1.5492, 0.0, 0.0, 0.0, 1.0]}, "02fc112c72f54dad9c127dc99ad242be_d1_5.png": {"intrinsics": {"fx": 1070.81, "fy": 1071.14, "cx": 637.019, "cy": 509.707}, "camera_to_world_matrix": [0.994952, -0.0212717, 0.0980783, -14.8033, 0.0982456, 0.00697605, -0.995138, 0.044999, 0.0204839, 0.99975, 0.00903102, 1.54923, 0.0, 0.0, 0.0, 1.0]}, "02fc112c72f54dad9c127dc99ad242be_d2_0.png": {"intrinsics": {"fx": 1071.17, "fy": 1071.26, "cx": 630.532, "cy": 525.227}, "camera_to_world_matrix": [0.587043, 0.528232, -0.613475, -14.7916, -0.809426, 0.396534, -0.433116, 0.0500949, 0.0144777, 0.750821, 0.660347, 1.58263, 0.0, 0.0, 0.0, 1.0]}, "02fc112c72f54dad9c127dc99ad242be_d2_1.png": {"intrinsics": {"fx": 1071.17, "fy": 1071.26, "cx": 630.532, "cy": 525.227}, "camera_to_world_matrix": [-0.407471, 0.600407, -0.688098, -14.7902, -0.913217, -0.266937, 0.307861, 0.0356153, 0.00116322, 0.753827, 0.657071, 1.5827, 0.0, 0.0, 0.0, 1.0]}, "02fc112c72f54dad9c127dc99ad242be_d2_2.png": {"intrinsics": {"fx": 1071.17, "fy": 1071.26, "cx": 630.532, "cy": 525.227}, "camera_to_world_matrix": [-0.994559, 0.0619557, -0.0837533, -14.802, -0.103758, -0.6612, 0.743, 0.0271375, -0.00934456, 0.747647, 0.664031, 1.58256, 0.0, 0.0, 0.0, 1.0]}, "02fc112c72f54dad9c127dc99ad242be_d2_3.png": {"intrinsics": {"fx": 1071.17, "fy": 1071.26, "cx": 630.532, "cy": 525.227}, "camera_to_world_matrix": [-0.58712, -0.548659, 0.595201, -14.8153, 0.809474, -0.391984, 0.437151, 0.0331396, -0.00653768, 0.738459, 0.674266, 1.58236, 0.0, 0.0, 0.0, 1.0]}, "02fc112c72f54dad9c127dc99ad242be_d2_4.png": {"intrinsics": {"fx": 1071.17, "fy": 1071.26, "cx": 630.532, "cy": 525.227}, "camera_to_world_matrix": [0.407398, -0.620808, 0.669795, -14.8167, 0.913226, 0.27149, -0.303829, 0.0476194, 0.00677697, 0.735453, 0.677542, 1.5823, 0.0, 0.0, 0.0, 1.0]}, "02fc112c72f54dad9c127dc99ad242be_d2_5.png": {"intrinsics": {"fx": 1071.17, "fy": 1071.26, "cx": 630.532, "cy": 525.227}, "camera_to_world_matrix": [0.994454, -0.0823407, 0.065433, -14.8049, 0.103743, 0.665732, -0.738944, 0.0560967, 0.0172844, 0.741634, 0.670582, 1.58243, 0.0, 0.0, 0.0, 1.0]}, "0331b320ae1f41d0b42fdf0100e56bd2_d0_0.png": {"intrinsics": {"fx": 1070.61, "fy": 1071.07, "cx": 635.501, "cy": 504.956}, "camera_to_world_matrix": [0.982767, 0.121428, 0.139369, -19.5334, 0.184843, -0.650866, -0.736347, 2.73156, 0.00129764, 0.749419, -0.662095, 1.52509, 0.0, 0.0, 0.0, 1.0]}, "0331b320ae1f41d0b42fdf0100e56bd2_d0_1.png": {"intrinsics": {"fx": 1070.61, "fy": 1071.07, "cx": 635.501, "cy": 504.956}, "camera_to_world_matrix": [0.651441, -0.507317, -0.56414, -19.5196, -0.758656, -0.42768, -0.491457, 2.72681, 0.00805326, 0.748144, -0.663488, 1.52512, 0.0, 0.0, 0.0, 1.0]}, "0331b320ae1f41d0b42fdf0100e56bd2_d0_2.png": {"intrinsics": {"fx": 1070.61, "fy": 1071.07, "cx": 635.501, "cy": 504.956}, "camera_to_world_matrix": [-0.331339, -0.628393, -0.703801, -19.5169, -0.943461, 0.22841, 0.240231, 2.71252, 0.00979559, 0.743607, -0.668546, 1.52521, 0.0, 0.0, 0.0, 1.0]}, "0331b320ae1f41d0b42fdf0100e56bd2_d0_3.png": {"intrinsics": {"fx": 1070.61, "fy": 1071.07, "cx": 635.501, "cy": 504.956}, "camera_to_world_matrix": [-0.982772, -0.120722, -0.13995, -19.5278, -0.184762, 0.661299, 0.727013, 2.70299, 0.00478224, 0.740345, -0.67221, 1.52529, 0.0, 0.0, 0.0, 1.0]}, "0331b320ae1f41d0b42fdf0100e56bd2_d0_4.png": {"intrinsics": {"fx": 1070.61, "fy": 1071.07, "cx": 635.501, "cy": 504.956}, "camera_to_world_matrix": [-0.651409, 0.508014, 0.56355, -19.5416, 0.758725, 0.438088, 0.482096, 2.70774, -0.00197332, 0.74162, -0.670817, 1.52526, 0.0, 0.0, 0.0, 1.0]}, "0331b320ae1f41d0b42fdf0100e56bd2_d0_5.png": {"intrinsics": {"fx": 1070.61, "fy": 1071.07, "cx": 635.501, "cy": 504.956}, "camera_to_world_matrix": [0.331379, 0.629065, 0.703183, -19.5444, 0.94349, -0.218006, -0.249598, 2.72202, -0.00371537, 0.746157, -0.665759, 1.52516, 0.0, 0.0, 0.0, 1.0]}, "0331b320ae1f41d0b42fdf0100e56bd2_d1_0.png": {"intrinsics": {"fx": 1070.81, "fy": 1071.14, "cx": 637.019, "cy": 509.707}, "camera_to_world_matrix": [0.981773, -0.00744443, 0.189916, -19.5313, 0.189986, 0.0102171, -0.981734, 2.72094, 0.00536794, 0.99992, 0.0114455, 1.55841, 0.0, 0.0, 0.0, 1.0]}, "0331b320ae1f41d0b42fdf0100e56bd2_d1_1.png": {"intrinsics": {"fx": 1070.81, "fy": 1071.14, "cx": 637.019, "cy": 509.707}, "camera_to_world_matrix": [0.655374, -0.000707214, -0.755304, -19.528, -0.755207, 0.0154505, -0.655304, 2.7198, 0.0121332, 0.99988, 0.00959212, 1.55842, 0.0, 0.0, 0.0, 1.0]}, "0331b320ae1f41d0b42fdf0100e56bd2_d1_2.png": {"intrinsics": {"fx": 1070.81, "fy": 1071.14, "cx": 637.019, "cy": 509.707}, "camera_to_world_matrix": [-0.32641, 0.00719378, -0.945201, -19.5273, -0.945127, 0.0122327, 0.326477, 2.71636, 0.0139108, 0.999899, 0.0028065, 1.55844, 0.0, 0.0, 0.0, 1.0]}, "0331b320ae1f41d0b42fdf0100e56bd2_d1_3.png": {"intrinsics": {"fx": 1070.81, "fy": 1071.14, "cx": 637.019, "cy": 509.707}, "camera_to_world_matrix": [-0.981774, 0.00835738, -0.189874, -19.5299, -0.189848, 0.00378145, 0.981807, 2.71407, 0.00892321, 0.999958, -0.00212556, 1.55846, 0.0, 0.0, 0.0, 1.0]}, "0331b320ae1f41d0b42fdf0100e56bd2_d1_4.png": {"intrinsics": {"fx": 1070.81, "fy": 1071.14, "cx": 637.019, "cy": 509.707}, "camera_to_world_matrix": [-0.655338, 0.00161996, 0.755334, -19.5332, 0.755333, -0.00145174, 0.65534, 2.71521, 0.00215805, 0.999998, -0.000271895, 1.55845, 0.0, 0.0, 0.0, 1.0]}, "0331b320ae1f41d0b42fdf0100e56bd2_d1_5.png": {"intrinsics": {"fx": 1070.81, "fy": 1071.14, "cx": 637.019, "cy": 509.707}, "camera_to_world_matrix": [0.326454, -0.00628091, 0.945193, -19.5339, 0.945214, 0.00176643, -0.326449, 2.71865, 0.000380659, 0.999979, 0.00651379, 1.55843, 0.0, 0.0, 0.0, 1.0]}, "0331b320ae1f41d0b42fdf0100e56bd2_d2_0.png": {"intrinsics": {"fx": 1071.17, "fy": 1071.26, "cx": 630.532, "cy": 525.227}, "camera_to_world_matrix": [0.980722, -0.132951, 0.143209, -19.5333, 0.195397, 0.659135, -0.726196, 2.73202, 0.0021548, 0.740179, 0.672406, 1.59159, 0.0, 0.0, 0.0, 1.0]}, "0331b320ae1f41d0b42fdf0100e56bd2_d2_1.png": {"intrinsics": {"fx": 1071.17, "fy": 1071.26, "cx": 630.532, "cy": 525.227}, "camera_to_world_matrix": [0.659554, 0.500027, -0.561214, -19.5196, -0.751604, 0.447596, -0.484508, 2.72727, 0.0089303, 0.74137, 0.671036, 1.59161, 0.0, 0.0, 0.0, 1.0]}, "0331b320ae1f41d0b42fdf0100e56bd2_d2_2.png": {"intrinsics": {"fx": 1071.17, "fy": 1071.26, "cx": 630.532, "cy": 525.227}, "camera_to_world_matrix": [-0.321181, 0.633307, -0.704106, -19.5168, -0.946957, -0.206336, 0.24637, 2.71299, 0.0107455, 0.745887, 0.665986, 1.59171, 0.0, 0.0, 0.0, 1.0]}, "0331b320ae1f41d0b42fdf0100e56bd2_d2_3.png": {"intrinsics": {"fx": 1071.17, "fy": 1071.26, "cx": 630.532, "cy": 525.227}, "camera_to_world_matrix": [-0.980726, 0.133606, -0.142571, -19.5278, -0.195304, -0.648715, 0.735544, 2.70345, 0.00578516, 0.749212, 0.662305, 1.59178, 0.0, 0.0, 0.0, 1.0]}, "0331b320ae1f41d0b42fdf0100e56bd2_d2_4.png": {"intrinsics": {"fx": 1071.17, "fy": 1071.26, "cx": 630.532, "cy": 525.227}, "camera_to_world_matrix": [-0.659521, -0.499364, 0.561843, -19.5416, 0.751686, -0.437152, 0.493829, 2.7082, -0.000990252, 0.74802, 0.663675, 1.59176, 0.0, 0.0, 0.0, 1.0]}, "0331b320ae1f41d0b42fdf0100e56bd2_d2_5.png": {"intrinsics": {"fx": 1071.17, "fy": 1071.26, "cx": 630.532, "cy": 525.227}, "camera_to_world_matrix": [0.321222, -0.632619, 0.704706, -19.5443, 0.947, 0.216786, -0.237055, 2.72249, -0.0028052, 0.743503, 0.668726, 1.59166, 0.0, 0.0, 0.0, 1.0]}, "05750907d34f40598b0ecf465c089c04_d0_0.png": {"intrinsics": {"fx": 1070.61, "fy": 1071.07, "cx": 635.501, "cy": 504.956}, "camera_to_world_matrix": [-0.0214891, 0.664102, 0.747333, -15.8281, 0.99973, 0.0209185, 0.0101578, -5.00678, -0.00888722, 0.747349, -0.664372, 4.97663, 0.0, 0.0, 0.0, 1.0]}, "05750907d34f40598b0ecf465c089c04_d0_1.png": {"intrinsics": {"fx": 1070.61, "fy": 1071.07, "cx": 635.501, "cy": 504.956}, "camera_to_world_matrix": [0.855071, 0.341013, 0.390594, -15.8212, 0.518511, -0.562789, -0.64375, -4.99399, 0.000295395, 0.75298, -0.658044, 4.97651, 0.0, 0.0, 0.0, 1.0]}, "05750907d34f40598b0ecf465c089c04_d0_2.png": {"intrinsics": {"fx": 1070.61, "fy": 1071.07, "cx": 635.501, "cy": 504.956}, "camera_to_world_matrix": [0.876529, -0.326057, -0.354097, -15.8067, -0.481194, -0.574872, -0.661796, -4.9936, 0.0122226, 0.750473, -0.660789, 4.97656, 0.0, 0.0, 0.0, 1.0]}, "05750907d34f40598b0ecf465c089c04_d0_3.png": {"intrinsics": {"fx": 1070.61, "fy": 1071.07, "cx": 635.501, "cy": 504.956}, "camera_to_world_matrix": [0.021426, -0.670021, -0.742033, -15.7991, -0.999658, -0.00324661, -0.0259334, -5.006, 0.0149669, 0.742335, -0.669862, 4.97674, 0.0, 0.0, 0.0, 1.0]}, "05750907d34f40598b0ecf465c089c04_d0_4.png": {"intrinsics": {"fx": 1070.61, "fy": 1071.07, "cx": 635.501, "cy": 504.956}, "camera_to_world_matrix": [-0.855115, -0.346909, -0.385269, -15.806, -0.518405, 0.580449, 0.627961, -5.01879, 0.00578394, 0.736705, -0.67619, 4.97686, 0.0, 0.0, 0.0, 1.0]}, "05750907d34f40598b0ecf465c089c04_d0_5.png": {"intrinsics": {"fx": 1070.61, "fy": 1071.07, "cx": 635.501, "cy": 504.956}, "camera_to_world_matrix": [-0.876534, 0.320161, 0.359423, -15.8205, 0.481301, 0.592505, 0.645978, -5.01918, -0.00614311, 0.739212, -0.673445, 4.97681, 0.0, 0.0, 0.0, 1.0]}, "05750907d34f40598b0ecf465c089c04_d1_0.png": {"intrinsics": {"fx": 1070.81, "fy": 1071.14, "cx": 637.019, "cy": 509.707}, "camera_to_world_matrix": [-0.026714, -0.00843984, 0.999608, -15.8172, 0.999632, 0.00457663, 0.0267535, -5.00609, -0.00480075, 0.999954, 0.0083148, 5.00992, 0.0, 0.0, 0.0, 1.0]}, "05750907d34f40598b0ecf465c089c04_d1_1.png": {"intrinsics": {"fx": 1070.81, "fy": 1071.14, "cx": 637.019, "cy": 509.707}, "camera_to_world_matrix": [0.852324, -0.0125001, 0.522865, -15.8156, 0.522997, 0.0120789, -0.852249, -5.00302, 0.00433741, 0.999849, 0.016833, 5.00989, 0.0, 0.0, 0.0, 1.0]}, "05750907d34f40598b0ecf465c089c04_d1_2.png": {"intrinsics": {"fx": 1070.81, "fy": 1071.14, "cx": 637.019, "cy": 509.707}, "camera_to_world_matrix": [0.87899, -0.00803236, -0.476772, -15.8121, -0.476562, 0.0193463, -0.878928, -5.00292, 0.0162835, 0.999781, 0.0131777, 5.0099, 0.0, 0.0, 0.0, 1.0]}, "05750907d34f40598b0ecf465c089c04_d1_3.png": {"intrinsics": {"fx": 1070.81, "fy": 1071.14, "cx": 637.019, "cy": 509.707}, "camera_to_world_matrix": [0.0266183, 0.000495479, -0.999646, -15.8102, -0.999464, 0.0191113, -0.0266041, -5.00591, 0.0190913, 0.999817, 0.00100426, 5.00995, 0.0, 0.0, 0.0, 1.0]}, "05750907d34f40598b0ecf465c089c04_d1_4.png": {"intrinsics": {"fx": 1070.81, "fy": 1071.14, "cx": 637.019, "cy": 509.707}, "camera_to_world_matrix": [-0.852401, 0.00455542, -0.522869, -15.8119, -0.522794, 0.0116089, 0.85238, -5.00898, 0.00995276, 0.999922, -0.00751355, 5.00998, 0.0, 0.0, 0.0, 1.0]}, "05750907d34f40598b0ecf465c089c04_d1_5.png": {"intrinsics": {"fx": 1070.81, "fy": 1071.14, "cx": 637.019, "cy": 509.707}, "camera_to_world_matrix": [-0.879028, 8.7427e-05, 0.47677, -15.8154, 0.476766, 0.00434164, 0.87902, -5.00908, -0.00199324, 0.999991, -0.00385777, 5.00996, 0.0, 0.0, 0.0, 1.0]}, "05750907d34f40598b0ecf465c089c04_d2_0.png": {"intrinsics": {"fx": 1071.17, "fy": 1071.26, "cx": 630.532, "cy": 525.227}, "camera_to_world_matrix": [-0.0322336, -0.669889, 0.741761, -15.8284, 0.999448, -0.0156658, 0.0292836, -5.00599, -0.00799641, 0.742296, 0.670024, 5.04313, 0.0, 0.0, 0.0, 1.0]}, "05750907d34f40598b0ecf465c089c04_d2_1.png": {"intrinsics": {"fx": 1071.17, "fy": 1071.26, "cx": 630.532, "cy": 525.227}, "camera_to_world_matrix": [0.849444, -0.357596, 0.388032, -15.8215, 0.527677, 0.574124, -0.62605, -4.9932, 0.00109462, 0.73655, 0.676382, 5.043, 0.0, 0.0, 0.0, 1.0]}, "05750907d34f40598b0ecf465c089c04_d2_2.png": {"intrinsics": {"fx": 1071.17, "fy": 1071.26, "cx": 630.532, "cy": 525.227}, "camera_to_world_matrix": [0.881643, 0.309342, -0.356389, -15.8069, -0.471736, 0.598598, -0.647415, -4.99282, 0.013061, 0.73891, 0.673677, 5.04306, 0.0, 0.0, 0.0, 1.0]}, "05750907d34f40598b0ecf465c089c04_d2_3.png": {"intrinsics": {"fx": 1071.17, "fy": 1071.26, "cx": 630.532, "cy": 525.227}, "camera_to_world_matrix": [0.0321631, 0.663973, -0.747064, -15.7993, -0.999355, 0.0332814, -0.0134452, -5.00522, 0.0159361, 0.747015, 0.664616, 5.04323, 0.0, 0.0, 0.0, 1.0]}, "05750907d34f40598b0ecf465c089c04_d2_4.png": {"intrinsics": {"fx": 1071.17, "fy": 1071.26, "cx": 630.532, "cy": 525.227}, "camera_to_world_matrix": [-0.849497, 0.351658, -0.39331, -15.8063, -0.52755, -0.556496, 0.641875, -5.01801, 0.00684472, 0.752761, 0.658258, 5.04336, 0.0, 0.0, 0.0, 1.0]}, "05750907d34f40598b0ecf465c089c04_d2_5.png": {"intrinsics": {"fx": 1071.17, "fy": 1071.26, "cx": 630.532, "cy": 525.227}, "camera_to_world_matrix": [-0.881656, -0.315282, 0.351112, -15.8208, 0.471865, -0.580944, 0.66321, -5.01839, -0.00512153, 0.750401, 0.660963, 5.0433, 0.0, 0.0, 0.0, 1.0]}, "05fa57d3b9a74a358b4de16920e5291c_d0_0.png": {"intrinsics": {"fx": 1070.61, "fy": 1071.07, "cx": 635.501, "cy": 504.956}, "camera_to_world_matrix": [0.319192, -0.630608, -0.707425, -17.9207, -0.947321, -0.233151, -0.219599, 11.5521, -0.0264558, 0.740253, -0.671808, 1.93966, 0.0, 0.0, 0.0, 1.0]}, "05fa57d3b9a74a358b4de16920e5291c_d0_1.png": {"intrinsics": {"fx": 1070.61, "fy": 1071.07, "cx": 635.501, "cy": 504.956}, "camera_to_world_matrix": [-0.661127, -0.496667, -0.562346, -17.9235, -0.750073, 0.420167, 0.510735, 11.5378, -0.017386, 0.759461, -0.65032, 1.93924, 0.0, 0.0, 0.0, 1.0]}, "05fa57d3b9a74a358b4de16920e5291c_d0_2.png": {"intrinsics": {"fx": 1070.61, "fy": 1071.07, "cx": 635.501, "cy": 504.956}, "camera_to_world_matrix": [-0.980294, 0.136337, 0.142955, -17.9373, 0.197173, 0.630928, 0.750368, 11.5331, 0.012109, 0.763768, -0.645377, 1.93914, 0.0, 0.0, 0.0, 1.0]}, "05fa57d3b9a74a358b4de16920e5291c_d0_3.png": {"intrinsics": {"fx": 1070.61, "fy": 1071.07, "cx": 635.501, "cy": 504.956}, "camera_to_world_matrix": [-0.319135, 0.635387, 0.703161, -17.9483, 0.94715, 0.188366, 0.259661, 11.5426, 0.0325335, 0.748867, -0.661922, 1.93946, 0.0, 0.0, 0.0, 1.0]}, "05fa57d3b9a74a358b4de16920e5291c_d0_4.png": {"intrinsics": {"fx": 1070.61, "fy": 1071.07, "cx": 635.501, "cy": 504.956}, "camera_to_world_matrix": [0.661175, 0.501421, 0.558054, -17.9455, 0.749864, -0.464947, -0.470668, 11.5569, 0.0234627, 0.729659, -0.683409, 1.93988, 0.0, 0.0, 0.0, 1.0]}, "05fa57d3b9a74a358b4de16920e5291c_d0_5.png": {"intrinsics": {"fx": 1070.61, "fy": 1071.07, "cx": 635.501, "cy": 504.956}, "camera_to_world_matrix": [0.980305, -0.131592, -0.147257, -17.9317, -0.197395, -0.675683, -0.710273, 11.5616, -0.00603259, 0.725352, -0.688351, 1.93998, 0.0, 0.0, 0.0, 1.0]}, "05fa57d3b9a74a358b4de16920e5291c_d1_0.png": {"intrinsics": {"fx": 1070.81, "fy": 1071.14, "cx": 637.019, "cy": 509.707}, "camera_to_world_matrix": [0.324132, 0.00529455, -0.945997, -17.9311, -0.945749, -0.0217763, -0.324169, 11.5475, -0.0223167, 0.999749, -0.00205073, 1.97282, 0.0, 0.0, 0.0, 1.0]}, "05fa57d3b9a74a358b4de16920e5291c_d1_1.png": {"intrinsics": {"fx": 1070.81, "fy": 1071.14, "cx": 637.019, "cy": 509.707}, "camera_to_world_matrix": [-0.657182, 0.0114109, -0.753646, -17.9318, -0.753613, -0.0277203, 0.656733, 11.544, -0.0133975, 0.999551, 0.026817, 1.97272, 0.0, 0.0, 0.0, 1.0]}, "05fa57d3b9a74a358b4de16920e5291c_d1_2.png": {"intrinsics": {"fx": 1070.81, "fy": 1071.14, "cx": 637.019, "cy": 509.707}, "camera_to_world_matrix": [-0.981276, 0.00931853, 0.192383, -17.9351, 0.191938, -0.0359873, 0.980747, 11.5429, 0.0160623, 0.999309, 0.0335252, 1.97269, 0.0, 0.0, 0.0, 1.0]}, "05fa57d3b9a74a358b4de16920e5291c_d1_3.png": {"intrinsics": {"fx": 1070.81, "fy": 1071.14, "cx": 637.019, "cy": 509.707}, "camera_to_world_matrix": [-0.324049, 0.00110981, 0.94604, -17.9377, 0.945332, -0.0383102, 0.323852, 11.5452, 0.0366022, 0.999265, 0.0113656, 1.97277, 0.0, 0.0, 0.0, 1.0]}, "05fa57d3b9a74a358b4de16920e5291c_d1_4.png": {"intrinsics": {"fx": 1070.81, "fy": 1071.14, "cx": 637.019, "cy": 509.707}, "camera_to_world_matrix": [0.657257, -0.00500633, 0.753651, -17.937, 0.753159, -0.0323659, -0.657043, 11.5486, 0.0276818, 0.999464, -0.0175018, 1.97287, 0.0, 0.0, 0.0, 1.0]}, "05fa57d3b9a74a358b4de16920e5291c_d1_5.png": {"intrinsics": {"fx": 1070.81, "fy": 1071.14, "cx": 637.019, "cy": 509.707}, "camera_to_world_matrix": [0.981314, -0.00291361, -0.192391, -17.9337, -0.192405, -0.0240989, -0.98102, 11.5498, -0.00177824, 0.999705, -0.0242089, 1.9729, 0.0, 0.0, 0.0, 1.0]}, "05fa57d3b9a74a358b4de16920e5291c_d2_0.png": {"intrinsics": {"fx": 1071.17, "fy": 1071.26, "cx": 630.532, "cy": 525.227}, "camera_to_world_matrix": [0.329358, 0.631551, -0.701902, -17.9205, -0.943862, 0.200178, -0.26278, 11.5501, -0.0254539, 0.749047, 0.662027, 2.00613, 0.0, 0.0, 0.0, 1.0]}, "05fa57d3b9a74a358b4de16920e5291c_d2_1.png": {"intrinsics": {"fx": 1071.17, "fy": 1071.26, "cx": 630.532, "cy": 525.227}, "camera_to_world_matrix": [-0.653022, 0.509732, -0.560121, -17.9233, -0.757155, -0.455717, 0.468015, 11.5358, -0.0166943, 0.729722, 0.683539, 2.00571, 0.0, 0.0, 0.0, 1.0]}, "05fa57d3b9a74a358b4de16920e5291c_d2_2.png": {"intrinsics": {"fx": 1071.17, "fy": 1071.26, "cx": 630.532, "cy": 525.227}, "camera_to_world_matrix": [-0.982353, -0.119446, 0.143931, -17.9371, 0.186605, -0.67826, 0.710734, 11.5311, 0.0127284, 0.725049, 0.688579, 2.00561, 0.0, 0.0, 0.0, 1.0]}, "05fa57d3b9a74a358b4de16920e5291c_d2_3.png": {"intrinsics": {"fx": 1071.17, "fy": 1071.26, "cx": 630.532, "cy": 525.227}, "camera_to_world_matrix": [-0.329296, -0.62679, 0.706186, -17.9481, 0.943636, -0.244902, 0.222651, 11.5406, 0.0333909, 0.7397, 0.672107, 2.00593, 0.0, 0.0, 0.0, 1.0]}, "05fa57d3b9a74a358b4de16920e5291c_d2_4.png": {"intrinsics": {"fx": 1071.17, "fy": 1071.26, "cx": 630.532, "cy": 525.227}, "camera_to_world_matrix": [0.653077, -0.504945, 0.564376, -17.9453, 0.756891, 0.410988, -0.508139, 11.5549, 0.0246303, 0.759025, 0.650595, 2.00635, 0.0, 0.0, 0.0, 1.0]}, "05fa57d3b9a74a358b4de16920e5291c_d2_5.png": {"intrinsics": {"fx": 1071.17, "fy": 1071.26, "cx": 630.532, "cy": 525.227}, "camera_to_world_matrix": [0.98237, 0.124241, -0.139685, -17.9315, -0.186882, 0.633506, -0.75083, 11.5596, -0.00479272, 0.763697, 0.645556, 2.00645, 0.0, 0.0, 0.0, 1.0]}, "06b79e44868e4d16bc75d2645b3bbba9_d0_0.png": {"intrinsics": {"fx": 1070.61, "fy": 1071.07, "cx": 635.501, "cy": 504.956}, "camera_to_world_matrix": [-0.998932, -0.024468, -0.0392012, -2.50162, -0.0455756, 0.661802, 0.748292, -7.00791, 0.00763421, 0.749279, -0.66221, 1.55035, 0.0, 0.0, 0.0, 1.0]}, "06b79e44868e4d16bc75d2645b3bbba9_d0_1.png": {"intrinsics": {"fx": 1070.61, "fy": 1071.07, "cx": 635.501, "cy": 504.956}, "camera_to_world_matrix": [-0.538873, 0.566863, 0.623122, -2.51457, 0.842314, 0.352873, 0.407416, -7.00128, 0.0110661, 0.74441, -0.667631, 1.55045, 0.0, 0.0, 0.0, 1.0]}, "06b79e44868e4d16bc75d2645b3bbba9_d0_2.png": {"intrinsics": {"fx": 1070.61, "fy": 1071.07, "cx": 635.501, "cy": 504.956}, "camera_to_world_matrix": [0.460085, 0.594962, 0.659046, -2.51531, 0.887851, -0.313704, -0.336616, -6.98675, 0.00647176, 0.740007, -0.672568, 1.55055, 0.0, 0.0, 0.0, 1.0]}, "06b79e44868e4d16bc75d2645b3bbba9_d0_3.png": {"intrinsics": {"fx": 1070.61, "fy": 1071.07, "cx": 635.501, "cy": 504.956}, "camera_to_world_matrix": [0.998963, 0.0317282, 0.0326463, -2.50309, 0.0454978, -0.671336, -0.739755, -6.97884, -0.00155437, 0.740473, -0.672084, 1.55054, 0.0, 0.0, 0.0, 1.0]}, "06b79e44868e4d16bc75d2645b3bbba9_d0_4.png": {"intrinsics": {"fx": 1070.61, "fy": 1071.07, "cx": 635.501, "cy": 504.956}, "camera_to_world_matrix": [0.53887, -0.559591, -0.629664, -2.49014, -0.842374, -0.362385, -0.398853, -6.98547, -0.00498598, 0.745342, -0.666663, 1.55044, 0.0, 0.0, 0.0, 1.0]}, "06b79e44868e4d16bc75d2645b3bbba9_d0_5.png": {"intrinsics": {"fx": 1070.61, "fy": 1071.07, "cx": 635.501, "cy": 504.956}, "camera_to_world_matrix": [-0.46009, -0.587663, -0.665559, -2.4894, -0.887872, 0.304193, 0.345181, -7.0, -0.000391375, 0.749745, -0.661726, 1.55034, 0.0, 0.0, 0.0, 1.0]}, "06b79e44868e4d16bc75d2645b3bbba9_d1_0.png": {"intrinsics": {"fx": 1070.81, "fy": 1071.14, "cx": 637.019, "cy": 509.707}, "camera_to_world_matrix": [-0.99864, 0.0122636, -0.0506736, -2.50201, -0.0508054, -0.01069, 0.998652, -6.99708, 0.0117052, 0.999868, 0.0112989, 1.58367, 0.0, 0.0, 0.0, 1.0]}, "06b79e44868e4d16bc75d2645b3bbba9_d1_1.png": {"intrinsics": {"fx": 1070.81, "fy": 1071.14, "cx": 637.019, "cy": 509.707}, "camera_to_world_matrix": [-0.543224, 0.00486052, 0.839574, -2.50513, 0.839451, -0.0149298, 0.543231, -6.99549, 0.0151749, 0.999877, 0.0040304, 1.5837, 0.0, 0.0, 0.0, 1.0]}, "06b79e44868e4d16bc75d2645b3bbba9_d1_2.png": {"intrinsics": {"fx": 1070.81, "fy": 1071.14, "cx": 637.019, "cy": 509.707}, "camera_to_world_matrix": [0.455463, -0.00251252, 0.890251, -2.50531, 0.890192, -0.0106385, -0.455463, -6.99199, 0.0106152, 0.99994, -0.0026085, 1.58372, 0.0, 0.0, 0.0, 1.0]}, "06b79e44868e4d16bc75d2645b3bbba9_d1_3.png": {"intrinsics": {"fx": 1070.81, "fy": 1071.14, "cx": 637.019, "cy": 509.707}, "camera_to_world_matrix": [0.998712, -0.00248235, 0.0506803, -2.50237, 0.0506751, -0.0021076, -0.998713, -6.99009, 0.00258584, 0.999995, -0.00197876, 1.58372, 0.0, 0.0, 0.0, 1.0]}, "06b79e44868e4d16bc75d2645b3bbba9_d1_4.png": {"intrinsics": {"fx": 1070.81, "fy": 1071.14, "cx": 637.019, "cy": 509.707}, "camera_to_world_matrix": [0.543261, 0.00492086, -0.839549, -2.49925, -0.839564, 0.00213187, -0.543258, -6.99169, -0.000883607, 0.999986, 0.00528987, 1.58369, 0.0, 0.0, 0.0, 1.0]}, "06b79e44868e4d16bc75d2645b3bbba9_d1_5.png": {"intrinsics": {"fx": 1070.81, "fy": 1071.14, "cx": 637.019, "cy": 509.707}, "camera_to_world_matrix": [-0.455428, 0.0122937, -0.890188, -2.49907, -0.890265, -0.00215968, 0.455438, -6.99518, 0.00367638, 0.999922, 0.0119286, 1.58367, 0.0, 0.0, 0.0, 1.0]}, "06b79e44868e4d16bc75d2645b3bbba9_d2_0.png": {"intrinsics": {"fx": 1071.17, "fy": 1071.26, "cx": 630.532, "cy": 525.227}, "camera_to_world_matrix": [-0.998377, 0.0441383, -0.0359858, -2.50129, -0.056312, -0.670905, 0.739402, -7.00833, 0.0084929, 0.740228, 0.672302, 1.61685, 0.0, 0.0, 0.0, 1.0]}, "06b79e44868e4d16bc75d2645b3bbba9_d2_1.png": {"intrinsics": {"fx": 1071.17, "fy": 1071.26, "cx": 630.532, "cy": 525.227}, "camera_to_world_matrix": [-0.547887, -0.553014, 0.62769, -2.51424, 0.836466, -0.372916, 0.401569, -7.0017, 0.0120029, 0.745056, 0.666894, 1.61695, 0.0, 0.0, 0.0, 1.0]}, "06b79e44868e4d16bc75d2645b3bbba9_d2_2.png": {"intrinsics": {"fx": 1071.17, "fy": 1071.26, "cx": 630.532, "cy": 525.227}, "camera_to_world_matrix": [0.450522, -0.593498, 0.666926, -2.51498, 0.892734, 0.293231, -0.342113, -6.98717, 0.00747989, 0.749517, 0.661943, 1.61705, 0.0, 0.0, 0.0, 1.0]}, "06b79e44868e4d16bc75d2645b3bbba9_d2_3.png": {"intrinsics": {"fx": 1071.17, "fy": 1071.26, "cx": 630.532, "cy": 525.227}, "camera_to_world_matrix": [0.998418, -0.036828, 0.0424847, -2.50276, 0.0562223, 0.661375, -0.747945, -6.97927, -0.000552999, 0.74915, 0.6624, 1.61704, 0.0, 0.0, 0.0, 1.0]}, "06b79e44868e4d16bc75d2645b3bbba9_d2_4.png": {"intrinsics": {"fx": 1071.17, "fy": 1071.26, "cx": 630.532, "cy": 525.227}, "camera_to_world_matrix": [0.547893, 0.560313, -0.621178, -2.48981, -0.836538, 0.363364, -0.410086, -6.9859, -0.00406266, 0.744323, 0.667808, 1.61693, 0.0, 0.0, 0.0, 1.0]}, "06b79e44868e4d16bc75d2645b3bbba9_d2_5.png": {"intrinsics": {"fx": 1071.17, "fy": 1071.26, "cx": 630.532, "cy": 525.227}, "camera_to_world_matrix": [-0.450518, 0.60077, -0.660385, -2.48907, -0.892767, -0.302786, 0.333598, -7.00043, 0.000460591, 0.739862, 0.672759, 1.61684, 0.0, 0.0, 0.0, 1.0]}, "0bb8a244a78d46d99c56fb0887000e35_d0_0.png": {"intrinsics": {"fx": 1070.61, "fy": 1071.07, "cx": 635.501, "cy": 504.956}, "camera_to_world_matrix": [0.0855308, 0.658113, 0.748046, -27.8147, 0.996285, -0.0640849, -0.0575338, 1.49993, 0.0100747, 0.750187, -0.661149, 1.56175, 0.0, 0.0, 0.0, 1.0]}, "0bb8a244a78d46d99c56fb0887000e35_d0_1.png": {"intrinsics": {"fx": 1070.61, "fy": 1071.07, "cx": 635.501, "cy": 504.956}, "camera_to_world_matrix": [0.905572, 0.274464, 0.323434, -27.8065, 0.423978, -0.609888, -0.669536, 1.5119, 0.0134953, 0.743442, -0.668664, 1.56189, 0.0, 0.0, 0.0, 1.0]}, "0bb8a244a78d46d99c56fb0887000e35_d0_2.png": {"intrinsics": {"fx": 1070.61, "fy": 1071.07, "cx": 635.501, "cy": 504.956}, "camera_to_world_matrix": [0.819995, -0.39005, -0.418892, -27.792, -0.572335, -0.5505, -0.607769, 1.51073, 0.00646032, 0.738113, -0.674646, 1.56201, 0.0, 0.0, 0.0, 1.0]}, "0bb8a244a78d46d99c56fb0887000e35_d0_3.png": {"intrinsics": {"fx": 1070.61, "fy": 1071.07, "cx": 635.501, "cy": 504.956}, "camera_to_world_matrix": [-0.0856217, -0.670899, -0.736589, -27.7857, -0.99632, 0.0546903, 0.0660001, 1.49759, -0.00399504, 0.739529, -0.673113, 1.56198, 0.0, 0.0, 0.0, 1.0]}, "0bb8a244a78d46d99c56fb0887000e35_d0_4.png": {"intrinsics": {"fx": 1070.61, "fy": 1071.07, "cx": 635.501, "cy": 504.956}, "camera_to_world_matrix": [-0.905641, -0.287228, -0.311954, -27.794, -0.423981, 0.600479, 0.677986, 1.48561, -0.00741525, 0.746274, -0.665598, 1.56183, 0.0, 0.0, 0.0, 1.0]}, "0bb8a244a78d46d99c56fb0887000e35_d0_5.png": {"intrinsics": {"fx": 1070.61, "fy": 1071.07, "cx": 635.501, "cy": 504.956}, "camera_to_world_matrix": [-0.820024, 0.377283, 0.43037, -27.8085, 0.572329, 0.541064, 0.616189, 1.48679, -0.000379983, 0.751603, -0.659616, 1.56172, 0.0, 0.0, 0.0, 1.0]}, "0bb8a244a78d46d99c56fb0887000e35_d1_0.png": {"intrinsics": {"fx": 1070.81, "fy": 1071.14, "cx": 637.019, "cy": 509.707}, "camera_to_world_matrix": [0.0803013, -0.0138026, 0.996675, -27.804, 0.996671, -0.0130709, -0.0804818, 1.49883, 0.0141382, 0.999819, 0.0127074, 1.59508, 0.0, 0.0, 0.0, 1.0]}, "0bb8a244a78d46d99c56fb0887000e35_d1_1.png": {"intrinsics": {"fx": 1070.81, "fy": 1071.14, "cx": 637.019, "cy": 509.707}, "camera_to_world_matrix": [0.903296, -0.0170371, 0.42868, -27.802, 0.428657, -0.00517675, -0.903453, 1.50171, 0.0176113, 0.999841, 0.00262729, 1.59512, 0.0, 0.0, 0.0, 1.0]}, "0bb8a244a78d46d99c56fb0887000e35_d1_2.png": {"intrinsics": {"fx": 1070.81, "fy": 1071.14, "cx": 637.019, "cy": 509.707}, "camera_to_world_matrix": [0.822913, -0.011818, -0.568045, -27.7985, -0.568069, 0.00157111, -0.82298, 1.50143, 0.0106183, 0.999929, -0.00542021, 1.59515, 0.0, 0.0, 0.0, 1.0]}, "0bb8a244a78d46d99c56fb0887000e35_d1_3.png": {"intrinsics"