{"0218d7b2320c487f939979a5290f0007_d0_0.png": {"intrinsics": {"fx": 1075.87, "fy": 1075.67, "cx": 643.712, "cy": 509.396}, "camera_to_world_matrix": [-0.84219, -0.380381, -0.382132, -3.50606, -0.538588, 0.560325, 0.629251, 13.8852, -0.0252374, 0.735762, -0.67677, 5.95014, 0.0, 0.0, 0.0, 1.0]}, "0218d7b2320c487f939979a5290f0007_d0_1.png": {"intrinsics": {"fx": 1075.87, "fy": 1075.67, "cx": 643.712, "cy": 509.396}, "camera_to_world_matrix": [-0.887229, 0.27786, 0.368262, -3.52058, 0.460371, 0.584647, 0.668016, 13.8843, -0.0296883, 0.762221, -0.646636, 5.94956, 0.0, 0.0, 0.0, 1.0]}, "0218d7b2320c487f939979a5290f0007_d0_2.png": {"intrinsics": {"fx": 1075.87, "fy": 1075.67, "cx": 643.712, "cy": 509.396}, "camera_to_world_matrix": [-0.045312, 0.627959, 0.776925, -3.52855, 0.998968, 0.026292, 0.0370112, 13.8965, 0.00281478, 0.777801, -0.628504, 5.9492, 0.0, 0.0, 0.0, 1.0]}, "0218d7b2320c487f939979a5290f0007_d0_3.png": {"intrinsics": {"fx": 1075.87, "fy": 1075.67, "cx": 643.712, "cy": 509.396}, "camera_to_world_matrix": [0.841625, 0.31981, 0.435186, -3.522, 0.538594, -0.556373, -0.632743, 13.9095, 0.0397681, 0.766922, -0.640507, 5.94943, 0.0, 0.0, 0.0, 1.0]}, "0218d7b2320c487f939979a5290f0007_d0_4.png": {"intrinsics": {"fx": 1075.87, "fy": 1075.67, "cx": 643.712, "cy": 509.396}, "camera_to_world_matrix": [0.886626, -0.338432, -0.315209, -3.50749, -0.460367, -0.58067, -0.671479, 13.9103, 0.0442175, 0.740463, -0.670641, 5.95002, 0.0, 0.0, 0.0, 1.0]}, "0218d7b2320c487f939979a5290f0007_d0_5.png": {"intrinsics": {"fx": 1075.87, "fy": 1075.67, "cx": 643.712, "cy": 509.396}, "camera_to_world_matrix": [0.0446874, -0.68851, -0.723848, -3.49952, -0.998932, -0.0223008, -0.0404578, 13.8982, 0.0117134, 0.724883, -0.688772, 5.95037, 0.0, 0.0, 0.0, 1.0]}, "0218d7b2320c487f939979a5290f0007_d1_0.png": {"intrinsics": {"fx": 1073.55, "fy": 1073.65, "cx": 630.091, "cy": 514.282}, "camera_to_world_matrix": [-0.836084, -0.0255587, -0.548004, -3.51346, -0.548221, 0.0018369, 0.83633, 13.8945, -0.0203685, 0.999671, -0.0155489, 5.98309, 0.0, 0.0, 0.0, 1.0]}, "0218d7b2320c487f939979a5290f0007_d1_1.png": {"intrinsics": {"fx": 1073.55, "fy": 1073.65, "cx": 630.091, "cy": 514.282}, "camera_to_world_matrix": [-0.892615, -0.0336012, 0.449563, -3.51695, 0.450107, -0.0105029, 0.892912, 13.8943, -0.0252808, 0.999379, 0.024498, 5.98295, 0.0, 0.0, 0.0, 1.0]}, "0218d7b2320c487f939979a5290f0007_d1_2.png": {"intrinsics": {"fx": 1073.55, "fy": 1073.65, "cx": 630.091, "cy": 514.282}, "camera_to_world_matrix": [-0.0569891, -0.0482997, 0.997205, -3.51886, 0.998349, -0.00970313, 0.0565843, 13.8972, 0.00694336, 0.998785, 0.0487717, 5.98287, 0.0, 0.0, 0.0, 1.0]}, "0218d7b2320c487f939979a5290f0007_d1_3.png": {"intrinsics": {"fx": 1073.55, "fy": 1073.65, "cx": 630.091, "cy": 514.282}, "camera_to_world_matrix": [0.83515, -0.0549553, 0.547268, -3.51729, 0.548251, 0.00343647, -0.836306, 13.9004, 0.0440792, 0.998482, 0.0329981, 5.98292, 0.0, 0.0, 0.0, 1.0]}, "0218d7b2320c487f939979a5290f0007_d1_4.png": {"intrinsics": {"fx": 1073.55, "fy": 1073.65, "cx": 630.091, "cy": 514.282}, "camera_to_world_matrix": [0.891642, -0.0469123, -0.450301, -3.5138, -0.450079, 0.015776, -0.892848, 13.9006, 0.0489899, 0.998774, -0.00704903, 5.98307, 0.0, 0.0, 0.0, 1.0]}, "0218d7b2320c487f939979a5290f0007_d1_5.png": {"intrinsics": {"fx": 1073.55, "fy": 1073.65, "cx": 630.091, "cy": 514.282}, "camera_to_world_matrix": [0.0559946, -0.0322139, -0.997911, -3.51188, -0.998289, 0.0149756, -0.056499, 13.8976, 0.0167647, 0.999368, -0.0313215, 5.98315, 0.0, 0.0, 0.0, 1.0]}, "0218d7b2320c487f939979a5290f0007_d2_0.png": {"intrinsics": {"fx": 1073.4, "fy": 1073.73, "cx": 632.125, "cy": 509.273}, "camera_to_world_matrix": [-0.831846, 0.34776, -0.432545, -3.50874, -0.554595, -0.55086, 0.623681, 13.8853, -0.0213804, 0.758694, 0.651097, 6.01659, 0.0, 0.0, 0.0, 1.0]}, "0218d7b2320c487f939979a5290f0007_d2_1.png": {"intrinsics": {"fx": 1073.4, "fy": 1073.73, "cx": 632.125, "cy": 509.273}, "camera_to_world_matrix": [-0.895985, -0.31948, 0.308453, -3.52326, 0.443287, -0.601825, 0.664307, 13.8845, -0.026598, 0.731942, 0.680848, 6.016, 0.0, 0.0, 0.0, 1.0]}, "0218d7b2320c487f939979a5290f0007_d2_2.png": {"intrinsics": {"fx": 1073.4, "fy": 1073.73, "cx": 632.125, "cy": 509.273}, "camera_to_world_matrix": [-0.0645485, -0.697133, 0.714031, -3.53123, 0.9979, -0.0489935, 0.0423767, 13.8967, 0.00544055, 0.715266, 0.698831, 6.01565, 0.0, 0.0, 0.0, 1.0]}, "0218d7b2320c487f939979a5290f0007_d2_3.png": {"intrinsics": {"fx": 1073.4, "fy": 1073.73, "cx": 632.125, "cy": 509.273}, "camera_to_world_matrix": [0.831009, -0.407537, 0.378601, -3.52468, 0.554619, 0.554791, -0.620166, 13.9097, 0.0426961, 0.725342, 0.687064, 6.01588, 0.0, 0.0, 0.0, 1.0]}, "0218d7b2320c487f939979a5290f0007_d2_4.png": {"intrinsics": {"fx": 1073.4, "fy": 1073.73, "cx": 632.125, "cy": 509.273}, "camera_to_world_matrix": [0.895109, 0.259705, -0.362399, -3.51016, -0.443266, 0.60573, -0.660763, 13.9105, 0.0479122, 0.752094, 0.657313, 6.01646, 0.0, 0.0, 0.0, 1.0]}, "0218d7b2320c487f939979a5290f0007_d2_5.png": {"intrinsics": {"fx": 1073.4, "fy": 1073.73, "cx": 632.125, "cy": 509.273}, "camera_to_world_matrix": [0.0636505, 0.637336, -0.767952, -3.5022, -0.997846, 0.0528833, -0.0388164, 13.8983, 0.0158727, 0.768769, 0.63933, 6.01682, 0.0, 0.0, 0.0, 1.0]}, "026ce91a981c4de3bb9fd2daeb99ec2b_d0_0.png": {"intrinsics": {"fx": 1075.87, "fy": 1075.67, "cx": 643.712, "cy": 509.396}, "camera_to_world_matrix": [0.725392, 0.455787, 0.515813, -4.59566, 0.688281, -0.470928, -0.55181, -0.42117, -0.00859689, 0.755304, -0.655318, 5.02913, 0.0, 0.0, 0.0, 1.0]}, "026ce91a981c4de3bb9fd2daeb99ec2b_d0_1.png": {"intrinsics": {"fx": 1075.87, "fy": 1075.67, "cx": 643.712, "cy": 509.396}, "camera_to_world_matrix": [0.958816, -0.186455, -0.214252, -4.58156, -0.283999, -0.619401, -0.731905, -0.417614, 0.00375976, 0.762611, -0.646846, 5.02896, 0.0, 0.0, 0.0, 1.0]}, "026ce91a981c4de3bb9fd2daeb99ec2b_d0_2.png": {"intrinsics": {"fx": 1075.87, "fy": 1075.67, "cx": 643.712, "cy": 509.396}, "camera_to_world_matrix": [0.233461, -0.636226, -0.73533, -4.57142, -0.972167, -0.13746, -0.18972, -0.428054, 0.0196265, 0.759157, -0.650611, 5.02904, 0.0, 0.0, 0.0, 1.0]}, "026ce91a981c4de3bb9fd2daeb99ec2b_d0_3.png": {"intrinsics": {"fx": 1075.87, "fy": 1075.67, "cx": 643.712, "cy": 509.396}, "camera_to_world_matrix": [-0.725303, -0.443745, -0.526332, -4.5754, -0.68804, 0.492943, 0.532548, -0.442049, 0.0231362, 0.748396, -0.662848, 5.02927, 0.0, 0.0, 0.0, 1.0]}, "026ce91a981c4de3bb9fd2daeb99ec2b_d0_4.png": {"intrinsics": {"fx": 1075.87, "fy": 1075.67, "cx": 643.712, "cy": 509.396}, "camera_to_world_matrix": [-0.958689, 0.198503, 0.203741, -4.5895, 0.284249, 0.641391, 0.712614, -0.445604, 0.0107792, 0.741089, -0.67132, 5.02944, 0.0, 0.0, 0.0, 1.0]}, "026ce91a981c4de3bb9fd2daeb99ec2b_d0_5.png": {"intrinsics": {"fx": 1075.87, "fy": 1075.67, "cx": 643.712, "cy": 509.396}, "camera_to_world_matrix": [-0.233306, 0.648255, 0.724798, -4.59964, 0.972389, 0.159432, 0.170409, -0.435164, -0.00508735, 0.744543, -0.667554, 5.02937, 0.0, 0.0, 0.0, 1.0]}, "026ce91a981c4de3bb9fd2daeb99ec2b_d1_0.png": {"intrinsics": {"fx": 1073.55, "fy": 1073.65, "cx": 630.091, "cy": 514.282}, "camera_to_world_matrix": [0.71742, -0.00660146, 0.696608, -4.5877, 0.696627, 0.0126278, -0.717321, -0.428612, -0.0040609, 0.999898, 0.013657, 5.06243, 0.0, 0.0, 0.0, 1.0]}, "026ce91a981c4de3bb9fd2daeb99ec2b_d1_1.png": {"intrinsics": {"fx": 1073.55, "fy": 1073.65, "cx": 630.091, "cy": 514.282}, "camera_to_world_matrix": [0.962018, -0.00103484, -0.272979, -4.58431, -0.272858, 0.0262657, -0.961695, -0.427756, 0.00816552, 0.999654, 0.0249845, 5.06239, 0.0, 0.0, 0.0, 1.0]}, "026ce91a981c4de3bb9fd2daeb99ec2b_d1_2.png": {"intrinsics": {"fx": 1073.55, "fy": 1073.65, "cx": 630.091, "cy": 514.282}, "camera_to_world_matrix": [0.244671, 0.0135607, -0.96951, -4.58187, -0.969305, 0.0282626, -0.244224, -0.430268, 0.0240894, 0.999508, 0.0200582, 5.06241, 0.0, 0.0, 0.0, 1.0]}, "026ce91a981c4de3bb9fd2daeb99ec2b_d1_3.png": {"intrinsics": {"fx": 1073.55, "fy": 1073.65, "cx": 630.091, "cy": 514.282}, "camera_to_world_matrix": [-0.717257, 0.0225893, -0.69644, -4.58283, -0.696252, 0.0166215, 0.717604, -0.433634, 0.0277864, 0.999606, 0.00380464, 5.06246, 0.0, 0.0, 0.0, 1.0]}, "026ce91a981c4de3bb9fd2daeb99ec2b_d1_4.png": {"intrinsics": {"fx": 1073.55, "fy": 1073.65, "cx": 630.091, "cy": 514.282}, "camera_to_world_matrix": [-0.961818, 0.0170221, 0.273156, -4.58622, 0.273243, 0.00298388, 0.96194, -0.434489, 0.0155595, 0.99985, -0.00752239, 5.0625, 0.0, 0.0, 0.0, 1.0]}, "026ce91a981c4de3bb9fd2daeb99ec2b_d1_5.png": {"intrinsics": {"fx": 1073.55, "fy": 1073.65, "cx": 630.091, "cy": 514.282}, "camera_to_world_matrix": [-0.244444, 0.0024265, 0.96966, -4.58866, 0.969662, 0.000987563, 0.244442, -0.431978, -0.000364101, 0.999996, -0.00259555, 5.06249, 0.0, 0.0, 0.0, 1.0]}, "026ce91a981c4de3bb9fd2daeb99ec2b_d2_0.png": {"intrinsics": {"fx": 1073.4, "fy": 1073.73, "cx": 632.125, "cy": 509.273}, "camera_to_world_matrix": [0.712087, -0.469868, 0.521686, -4.59513, 0.702071, 0.48215, -0.524049, -0.420197, -0.0052965, 0.739429, 0.673214, 5.09562, 0.0, 0.0, 0.0, 1.0]}, "026ce91a981c4de3bb9fd2daeb99ec2b_d2_1.png": {"intrinsics": {"fx": 1073.4, "fy": 1073.73, "cx": 632.125, "cy": 509.273}, "camera_to_world_matrix": [0.964077, 0.176172, -0.198794, -4.58102, -0.265536, 0.658485, -0.704194, -0.416641, 0.00684338, 0.731684, 0.68161, 5.09546, 0.0, 0.0, 0.0, 1.0]}, "026ce91a981c4de3bb9fd2daeb99ec2b_d2_2.png": {"intrinsics": {"fx": 1073.4, "fy": 1073.73, "cx": 632.125, "cy": 509.273}, "camera_to_world_matrix": [0.252053, 0.651974, -0.715122, -4.57089, -0.967445, 0.187182, -0.170334, -0.427081, 0.0228045, 0.734774, 0.677929, 5.09553, 0.0, 0.0, 0.0, 1.0]}, "026ce91a981c4de3bb9fd2daeb99ec2b_d2_3.png": {"intrinsics": {"fx": 1073.4, "fy": 1073.73, "cx": 632.125, "cy": 509.273}, "camera_to_world_matrix": [-0.711944, 0.481724, -0.510958, -4.57486, -0.701732, -0.460444, 0.543658, -0.441076, 0.0266255, 0.745609, 0.665852, 5.09576, 0.0, 0.0, 0.0, 1.0]}, "026ce91a981c4de3bb9fd2daeb99ec2b_d2_4.png": {"intrinsics": {"fx": 1073.4, "fy": 1073.73, "cx": 632.125, "cy": 509.273}, "camera_to_world_matrix": [-0.963896, -0.164323, 0.209529, -4.58897, 0.265885, -0.636754, 0.723775, -0.444631, 0.0144852, 0.753354, 0.657456, 5.09593, 0.0, 0.0, 0.0, 1.0]}, "026ce91a981c4de3bb9fd2daeb99ec2b_d2_5.png": {"intrinsics": {"fx": 1073.4, "fy": 1073.73, "cx": 632.125, "cy": 509.273}, "camera_to_world_matrix": [-0.251845, -0.640107, 0.725836, -4.59911, 0.967767, -0.165433, 0.189895, -0.434191, -0.00147579, 0.750264, 0.661138, 5.09586, 0.0, 0.0, 0.0, 1.0]}, "02bbd23673904a6980dc0e22b11c6a35_d0_0.png": {"intrinsics": {"fx": 1075.87, "fy": 1075.67, "cx": 643.712, "cy": 509.396}, "camera_to_world_matrix": [-0.841613, -0.332133, -0.425879, -9.38381, -0.538426, 0.577627, 0.613549, 0.801839, 0.0422196, 0.745676, -0.664969, 5.12061, 0.0, 0.0, 0.0, 1.0]}, "02bbd23673904a6980dc0e22b11c6a35_d0_1.png": {"intrinsics": {"fx": 1075.87, "fy": 1075.67, "cx": 643.712, "cy": 509.396}, "camera_to_world_matrix": [-0.88765, 0.326414, 0.324853, -9.39833, 0.460189, 0.602088, 0.652468, 0.801013, 0.0173849, 0.728658, -0.684657, 5.121, 0.0, 0.0, 0.0, 1.0]}, "02bbd23673904a6980dc0e22b11c6a35_d0_2.png": {"intrinsics": {"fx": 1075.87, "fy": 1075.67, "cx": 643.712, "cy": 509.396}, "camera_to_world_matrix": [-0.045836, 0.677234, 0.734337, -9.40631, 0.998794, 0.0439983, 0.0217659, 0.813176, -0.0175688, 0.73445, -0.678436, 5.12088, 0.0, 0.0, 0.0, 1.0]}, "02bbd23673904a6980dc0e22b11c6a35_d0_3.png": {"intrinsics": {"fx": 1075.87, "fy": 1075.67, "cx": 643.712, "cy": 509.396}, "camera_to_world_matrix": [0.841996, 0.369499, 0.39308, -9.39977, 0.538772, -0.53854, -0.647841, 0.826165, -0.0276871, 0.75726, -0.652526, 5.12038, 0.0, 0.0, 0.0, 1.0]}, "02bbd23673904a6980dc0e22b11c6a35_d0_4.png": {"intrinsics": {"fx": 1075.87, "fy": 1075.67, "cx": 643.712, "cy": 509.396}, "camera_to_world_matrix": [0.887994, -0.289049, -0.357654, -9.38525, -0.459845, -0.562976, -0.686731, 0.826991, -0.00285138, 0.774278, -0.632839, 5.12, 0.0, 0.0, 0.0, 1.0]}, "02bbd23673904a6980dc0e22b11c6a35_d0_5.png": {"intrinsics": {"fx": 1075.87, "fy": 1075.67, "cx": 643.712, "cy": 509.396}, "camera_to_world_matrix": [0.0461583, -0.639848, -0.767113, -9.37727, -0.998417, -0.00487222, -0.0560124, 0.814827, 0.032102, 0.768485, -0.639061, 5.12011, 0.0, 0.0, 0.0, 1.0]}, "02bbd23673904a6980dc0e22b11c6a35_d1_0.png": {"intrinsics": {"fx": 1073.55, "fy": 1073.65, "cx": 630.091, "cy": 514.282}, "camera_to_world_matrix": [-0.835195, 0.0395642, -0.548526, -9.38904, -0.547947, 0.0252003, 0.836132, 0.811941, 0.0469043, 0.998899, 0.000630651, 5.15375, 0.0, 0.0, 0.0, 1.0]}, "02bbd23673904a6980dc0e22b11c6a35_d1_1.png": {"intrinsics": {"fx": 1073.55, "fy": 1073.65, "cx": 630.091, "cy": 514.282}, "camera_to_world_matrix": [-0.892729, 0.0315297, 0.449486, -9.39254, 0.450034, 0.0128628, 0.892917, 0.811742, 0.0223721, 0.999419, -0.0256737, 5.15384, 0.0, 0.0, 0.0, 1.0]}, "02bbd23673904a6980dc0e22b11c6a35_d1_2.png": {"intrinsics": {"fx": 1073.55, "fy": 1073.65, "cx": 630.091, "cy": 514.282}, "camera_to_world_matrix": [-0.0572191, 0.016823, 0.998219, -9.39446, 0.99828, 0.013659, 0.0569921, 0.814668, -0.0126756, 0.999764, -0.0175769, 5.15382, 0.0, 0.0, 0.0, 1.0]}, "02bbd23673904a6980dc0e22b11c6a35_d1_3.png": {"intrinsics": {"fx": 1073.55, "fy": 1073.65, "cx": 630.091, "cy": 514.282}, "camera_to_world_matrix": [0.835807, 0.0101512, 0.548928, -9.39288, 0.548532, 0.0267927, -0.8357, 0.817792, -0.0231903, 0.999589, 0.0168241, 5.1537, 0.0, 0.0, 0.0, 1.0]}, "02bbd23673904a6980dc0e22b11c6a35_d1_4.png": {"intrinsics": {"fx": 1073.55, "fy": 1073.65, "cx": 630.091, "cy": 514.282}, "camera_to_world_matrix": [0.893302, 0.0181862, -0.449087, -9.38939, -0.449452, 0.0391299, -0.892446, 0.817991, 0.00134286, 0.999068, 0.0431275, 5.1536, 0.0, 0.0, 0.0, 1.0]}, "02bbd23673904a6980dc0e22b11c6a35_d1_5.png": {"intrinsics": {"fx": 1073.55, "fy": 1073.65, "cx": 630.091, "cy": 514.282}, "camera_to_world_matrix": [0.0577699, 0.0328928, -0.997787, -9.38747, -0.997665, 0.0383331, -0.0564989, 0.815065, 0.0363902, 0.998723, 0.0350293, 5.15363, 0.0, 0.0, 0.0, 1.0]}, "02bbd23673904a6980dc0e22b11c6a35_d2_0.png": {"intrinsics": {"fx": 1073.4, "fy": 1073.73, "cx": 632.125, "cy": 509.273}, "camera_to_world_matrix": [-0.831028, 0.39685, -0.389748, -9.38215, -0.554346, -0.533241, 0.639026, 0.803568, 0.0457679, 0.747104, 0.663131, 5.18707, 0.0, 0.0, 0.0, 1.0]}, "02bbd23673904a6980dc0e22b11c6a35_d2_1.png": {"intrinsics": {"fx": 1073.4, "fy": 1073.73, "cx": 632.125, "cy": 509.273}, "camera_to_world_matrix": [-0.896173, -0.270675, 0.351582, -9.39667, 0.443188, -0.584338, 0.679804, 0.802742, 0.0214367, 0.765039, 0.643628, 5.18745, 0.0, 0.0, 0.0, 1.0]}, "02bbd23673904a6980dc0e22b11c6a35_d2_2.png": {"intrinsics": {"fx": 1073.4, "fy": 1073.73, "cx": 632.125, "cy": 509.273}, "camera_to_world_matrix": [-0.06486, -0.649057, 0.75797, -9.40466, 0.997801, -0.031776, 0.0581727, 0.814905, -0.0136722, 0.760076, 0.649691, 5.18734, 0.0, 0.0, 0.0, 1.0]}, "02bbd23673904a6980dc0e22b11c6a35_d2_3.png": {"intrinsics": {"fx": 1073.4, "fy": 1073.73, "cx": 632.125, "cy": 509.273}, "camera_to_world_matrix": [0.83158, -0.359905, 0.423019, -9.39812, 0.554868, 0.571871, -0.604223, 0.827894, -0.0244492, 0.737179, 0.675256, 5.18683, 0.0, 0.0, 0.0, 1.0]}, "02bbd23673904a6980dc0e22b11c6a35_d2_4.png": {"intrinsics": {"fx": 1073.4, "fy": 1073.73, "cx": 632.125, "cy": 509.273}, "camera_to_world_matrix": [0.896686, 0.307622, -0.318313, -9.3836, -0.442668, 0.622942, -0.644972, 0.82872, -0.000117026, 0.719244, 0.694758, 5.18645, 0.0, 0.0, 0.0, 1.0]}, "02bbd23673904a6980dc0e22b11c6a35_d2_5.png": {"intrinsics": {"fx": 1073.4, "fy": 1073.73, "cx": 632.125, "cy": 509.273}, "camera_to_world_matrix": [0.0653512, 0.685983, -0.724677, -9.37562, -0.997249, 0.0703648, -0.0233243, 0.816556, 0.0349916, 0.724208, 0.688694, 5.18657, 0.0, 0.0, 0.0, 1.0]}, "03c1aca95e254bf4b0db303a28d79aee_d0_0.png": {"intrinsics": {"fx": 1075.87, "fy": 1075.67, "cx": 643.712, "cy": 509.396}, "camera_to_world_matrix": [0.682596, -0.486974, -0.544902, -7.64308, -0.730769, -0.461101, -0.503349, 17.2705, -0.00613653, 0.741782, -0.670613, 1.62465, 0.0, 0.0, 0.0, 1.0]}, "03c1aca95e254bf4b0db303a28d79aee_d0_1.png": {"intrinsics": {"fx": 1075.87, "fy": 1075.67, "cx": 643.712, "cy": 509.396}, "camera_to_world_matrix": [-0.291563, -0.630486, -0.719358, -7.63963, -0.956466, 0.182183, 0.22799, 17.2564, -0.0126891, 0.754516, -0.656158, 1.62437, 0.0, 0.0, 0.0, 1.0]}, "03c1aca95e254bf4b0db303a28d79aee_d0_2.png": {"intrinsics": {"fx": 1075.87, "fy": 1075.67, "cx": 643.712, "cy": 509.396}, "camera_to_world_matrix": [-0.974167, -0.145028, -0.1731, -7.65015, -0.225823, 0.628056, 0.74468, 17.2463, 0.000717136, 0.764533, -0.644584, 1.62415, 0.0, 0.0, 0.0, 1.0]}, "03c1aca95e254bf4b0db303a28d79aee_d0_3.png": {"intrinsics": {"fx": 1075.87, "fy": 1075.67, "cx": 643.712, "cy": 509.396}, "camera_to_world_matrix": [-0.682597, 0.483932, 0.547604, -7.66411, 0.730501, 0.430635, 0.530019, 17.2504, 0.0206757, 0.761815, -0.647464, 1.6242, 0.0, 0.0, 0.0, 1.0]}, "03c1aca95e254bf4b0db303a28d79aee_d0_4.png": {"intrinsics": {"fx": 1075.87, "fy": 1075.67, "cx": 643.712, "cy": 509.396}, "camera_to_world_matrix": [0.291571, 0.627419, 0.722032, -7.66756, 0.956161, -0.212655, -0.201327, 17.2645, 0.0272276, 0.749081, -0.661919, 1.62448, 0.0, 0.0, 0.0, 1.0]}, "03c1aca95e254bf4b0db303a28d79aee_d0_5.png": {"intrinsics": {"fx": 1075.87, "fy": 1075.67, "cx": 643.712, "cy": 509.396}, "camera_to_world_matrix": [0.974147, 0.141943, 0.175753, -7.65704, 0.225491, -0.658509, -0.717996, 17.2746, 0.0138207, 0.739065, -0.673493, 1.62471, 0.0, 0.0, 0.0, 1.0]}, "03c1aca95e254bf4b0db303a28d79aee_d1_0.png": {"intrinsics": {"fx": 1073.55, "fy": 1073.65, "cx": 630.091, "cy": 514.282}, "camera_to_world_matrix": [0.690928, -0.00391854, -0.722912, -7.65113, -0.72292, -0.00563513, -0.690907, 17.2622, -0.00136599, 0.999976, -0.00672753, 1.65773, 0.0, 0.0, 0.0, 1.0]}, "03c1aca95e254bf4b0db303a28d79aee_d1_1.png": {"intrinsics": {"fx": 1073.55, "fy": 1073.65, "cx": 630.091, "cy": 514.282}, "camera_to_world_matrix": [-0.280522, 0.00967724, -0.959798, -7.6503, -0.959811, -0.0113083, 0.280413, 17.2588, -0.00813973, 0.999889, 0.0124593, 1.65766, 0.0, 0.0, 0.0, 1.0]}, "03c1aca95e254bf4b0db303a28d79aee_d1_2.png": {"intrinsics": {"fx": 1073.55, "fy": 1073.65, "cx": 630.091, "cy": 514.282}, "camera_to_world_matrix": [-0.971468, 0.0115613, -0.236882, -7.65283, -0.23711, -0.0259167, 0.971136, 17.2564, 0.00508875, 0.999597, 0.0279173, 1.65761, 0.0, 0.0, 0.0, 1.0]}, "03c1aca95e254bf4b0db303a28d79aee_d1_3.png": {"intrinsics": {"fx": 1073.55, "fy": 1073.65, "cx": 630.091, "cy": 514.282}, "camera_to_world_matrix": [-0.690948, -0.000150485, 0.722903, -7.65619, 0.722467, -0.0348515, 0.690525, 17.2574, 0.0250907, 0.999392, 0.024188, 1.65762, 0.0, 0.0, 0.0, 1.0]}, "03c1aca95e254bf4b0db303a28d79aee_d1_4.png": {"intrinsics": {"fx": 1073.55, "fy": 1073.65, "cx": 630.091, "cy": 514.282}, "camera_to_world_matrix": [0.280512, -0.0137461, 0.959751, -7.65702, 0.95932, -0.0291777, -0.280804, 17.2608, 0.0318637, 0.999479, 0.00500091, 1.65769, 0.0, 0.0, 0.0, 1.0]}, "03c1aca95e254bf4b0db303a28d79aee_d1_5.png": {"intrinsics": {"fx": 1073.55, "fy": 1073.65, "cx": 630.091, "cy": 514.282}, "camera_to_world_matrix": [0.971429, -0.0156295, 0.236809, -7.65449, 0.236591, -0.0145693, -0.971499, 17.2632, 0.0186346, 0.999771, -0.0104565, 1.65774, 0.0, 0.0, 0.0, 1.0]}, "03c1aca95e254bf4b0db303a28d79aee_d2_0.png": {"intrinsics": {"fx": 1073.4, "fy": 1073.73, "cx": 632.125, "cy": 509.273}, "camera_to_world_matrix": [0.696434, 0.473495, -0.539242, -7.64321, -0.717617, 0.456952, -0.525568, 17.2692, -0.00244608, 0.752993, 0.658025, 1.69114, 0.0, 0.0, 0.0, 1.0]}, "03c1aca95e254bf4b0db303a28d79aee_d2_1.png": {"intrinsics": {"fx": 1073.4, "fy": 1073.73, "cx": 632.125, "cy": 509.273}, "camera_to_world_matrix": [-0.273195, 0.644842, -0.713823, -7.63976, -0.961913, -0.19035, 0.196189, 17.255, -0.00936604, 0.740234, 0.672285, 1.69086, 0.0, 0.0, 0.0, 1.0]}, "03c1aca95e254bf4b0db303a28d79aee_d2_2.png": {"intrinsics": {"fx": 1073.4, "fy": 1073.73, "cx": 632.125, "cy": 509.273}, "camera_to_world_matrix": [-0.969645, 0.169821, -0.175927, -7.65028, -0.24449, -0.662333, 0.708195, 17.245, 0.00374434, 0.72971, 0.683748, 1.69064, 0.0, 0.0, 0.0, 1.0]}, "03c1aca95e254bf4b0db303a28d79aee_d2_3.png": {"intrinsics": {"fx": 1073.4, "fy": 1073.73, "cx": 632.125, "cy": 509.273}, "camera_to_world_matrix": [-0.696449, -0.476535, 0.536538, -7.66425, 0.717212, -0.487002, 0.498433, 17.2491, 0.0237744, 0.731945, 0.68095, 1.69069, 0.0, 0.0, 0.0, 1.0]}, "03c1aca95e254bf4b0db303a28d79aee_d2_4.png": {"intrinsics": {"fx": 1073.4, "fy": 1073.73, "cx": 632.125, "cy": 509.273}, "camera_to_world_matrix": [0.27319, -0.647857, 0.71109, -7.66769, 0.961471, 0.160306, -0.22333, 17.2632, 0.0306936, 0.744704, 0.66669, 1.69097, 0.0, 0.0, 0.0, 1.0]}, "03c1aca95e254bf4b0db303a28d79aee_d2_5.png": {"intrinsics": {"fx": 1073.4, "fy": 1073.73, "cx": 632.125, "cy": 509.273}, "camera_to_world_matrix": [0.969611, -0.172818, 0.173174, -7.65718, 0.24402, 0.63227, -0.735315, 17.2732, 0.0175827, 0.755228, 0.655227, 1.69119, 0.0, 0.0, 0.0, 1.0]}, "05e7fcde7a00435ebba65933c1758dde_d0_0.png": {"intrinsics": {"fx": 1075.87, "fy": 1075.67, "cx": 643.712, "cy": 509.396}, "camera_to_world_matrix": [0.402009, 0.605501, 0.686845, -26.2761, 0.915633, -0.264539, -0.30271, 10.2994, -0.00159415, 0.750591, -0.660766, 1.53852, 0.0, 0.0, 0.0, 1.0]}, "05e7fcde7a00435ebba65933c1758dde_d0_1.png": {"intrinsics": {"fx": 1075.87, "fy": 1075.67, "cx": 643.712, "cy": 509.396}, "camera_to_world_matrix": [0.993965, 0.0709867, 0.0836248, -26.2645, 0.109687, -0.650329, -0.751691, 10.3081, 0.0010237, 0.756328, -0.654192, 1.53839, 0.0, 0.0, 0.0, 1.0]}, "05e7fcde7a00435ebba65933c1758dde_d0_2.png": {"intrinsics": {"fx": 1075.87, "fy": 1075.67, "cx": 643.712, "cy": 509.396}, "camera_to_world_matrix": [0.591973, -0.530393, -0.606835, -26.2511, -0.805896, -0.380305, -0.453759, 10.3024, 0.00988847, 0.75766, -0.652574, 1.53836, 0.0, 0.0, 0.0, 1.0]}, "05e7fcde7a00435ebba65933c1758dde_d0_3.png": {"intrinsics": {"fx": 1075.87, "fy": 1075.67, "cx": 643.712, "cy": 509.396}, "camera_to_world_matrix": [-0.401965, -0.597246, -0.694061, -26.2493, -0.915512, 0.275503, 0.293146, 10.288, 0.0161352, 0.753256, -0.65753, 1.53846, 0.0, 0.0, 0.0, 1.0]}, "05e7fcde7a00435ebba65933c1758dde_d0_4.png": {"intrinsics": {"fx": 1075.87, "fy": 1075.67, "cx": 643.712, "cy": 509.396}, "camera_to_world_matrix": [-0.99389, -0.0627163, -0.0908232, -26.2609, -0.109542, 0.661272, 0.742104, 10.2792, 0.013517, 0.747519, -0.664103, 1.53858, 0.0, 0.0, 0.0, 1.0]}, "05e7fcde7a00435ebba65933c1758dde_d0_5.png": {"intrinsics": {"fx": 1075.87, "fy": 1075.67, "cx": 643.712, "cy": 509.396}, "camera_to_world_matrix": [-0.591862, 0.538654, 0.599626, -26.2743, 0.806025, 0.391225, 0.444145, 10.2849, 0.0046522, 0.746186, -0.665721, 1.53861, 0.0, 0.0, 0.0, 1.0]}, "05e7fcde7a00435ebba65933c1758dde_d1_0.png": {"intrinsics": {"fx": 1073.55, "fy": 1073.65, "cx": 630.091, "cy": 514.282}, "camera_to_world_matrix": [0.391444, -0.00719905, 0.920173, -26.2657, 0.920196, -0.000223874, -0.391456, 10.2953, 0.00302447, 0.999973, 0.00653565, 1.57174, 0.0, 0.0, 0.0, 1.0]}, "05e7fcde7a00435ebba65933c1758dde_d1_1.png": {"intrinsics": {"fx": 1073.55, "fy": 1073.65, "cx": 630.091, "cy": 514.282}, "camera_to_world_matrix": [0.992616, -0.00735236, 0.12106, -26.2629, 0.121156, 0.0145072, -0.992527, 10.2974, 0.00554154, 0.999867, 0.0152896, 1.57171, 0.0, 0.0, 0.0, 1.0]}, "05e7fcde7a00435ebba65933c1758dde_d1_2.png": {"intrinsics": {"fx": 1073.55, "fy": 1073.65, "cx": 630.091, "cy": 514.282}, "camera_to_world_matrix": [0.601216, 0.00532868, -0.799068, -26.2597, -0.798956, 0.0220048, -0.600985, 10.296, 0.0143812, 0.999743, 0.0174858, 1.5717, 0.0, 0.0, 0.0, 1.0]}, "05e7fcde7a00435ebba65933c1758dde_d1_3.png": {"intrinsics": {"fx": 1073.55, "fy": 1073.65, "cx": 630.091, "cy": 514.282}, "camera_to_world_matrix": [-0.391349, 0.0181627, -0.920062, -26.2593, -0.920008, 0.0147712, 0.391619, 10.2925, 0.0207036, 0.999725, 0.0109279, 1.57173, 0.0, 0.0, 0.0, 1.0]}, "05e7fcde7a00435ebba65933c1758dde_d1_4.png": {"intrinsics": {"fx": 1073.55, "fy": 1073.65, "cx": 630.091, "cy": 514.282}, "camera_to_world_matrix": [-0.992491, 0.0183155, -0.120925, -26.2621, -0.120945, 4.01312e-05, 0.992658, 10.2904, 0.0181862, 0.999832, 0.00217407, 1.57176, 0.0, 0.0, 0.0, 1.0]}, "05e7fcde7a00435ebba65933c1758dde_d1_5.png": {"intrinsics": {"fx": 1073.55, "fy": 1073.65, "cx": 630.091, "cy": 514.282}, "camera_to_world_matrix": [-0.601054, 0.00563413, 0.799187, -26.2653, 0.799152, -0.00745698, 0.601081, 10.2918, 0.00934646, 0.999956, -2.17417e-05, 1.57177, 0.0, 0.0, 0.0, 1.0]}, "05e7fcde7a00435ebba65933c1758dde_d2_0.png": {"intrinsics": {"fx": 1073.4, "fy": 1073.73, "cx": 632.125, "cy": 509.273}, "camera_to_world_matrix": [0.384413, -0.61718, 0.686524, -26.2757, 0.92316, 0.255514, -0.287209, 10.2999, 0.00184297, 0.744178, 0.66798, 1.60502, 0.0, 0.0, 0.0, 1.0]}, "05e7fcde7a00435ebba65933c1758dde_d2_1.png": {"intrinsics": {"fx": 1073.4, "fy": 1073.73, "cx": 632.125, "cy": 509.273}, "camera_to_world_matrix": [0.991673, -0.0899615, 0.0921594, -26.2641, 0.128717, 0.668465, -0.732521, 10.3086, 0.00429326, 0.738283, 0.674478, 1.60489, 0.0, 0.0, 0.0, 1.0]}, "05e7fcde7a00435ebba65933c1758dde_d2_2.png": {"intrinsics": {"fx": 1073.4, "fy": 1073.73, "cx": 632.125, "cy": 509.273}, "camera_to_world_matrix": [0.607295, 0.531292, -0.590695, -26.2507, -0.794369, 0.418338, -0.440424, 10.3029, 0.013116, 0.736697, 0.676097, 1.60486, 0.0, 0.0, 0.0, 1.0]}, "05e7fcde7a00435ebba65933c1758dde_d2_3.png": {"intrinsics": {"fx": 1073.4, "fy": 1073.73, "cx": 632.125, "cy": 509.273}, "camera_to_world_matrix": [-0.384332, 0.625313, -0.67917, -26.249, -0.922989, -0.244734, 0.296978, 10.2885, 0.0194884, 0.741005, 0.671217, 1.60495, 0.0, 0.0, 0.0, 1.0]}, "05e7fcde7a00435ebba65933c1758dde_d2_4.png": {"intrinsics": {"fx": 1073.4, "fy": 1073.73, "cx": 632.125, "cy": 509.273}, "camera_to_world_matrix": [-0.991561, 0.0980781, -0.0847885, -26.2606, -0.128523, -0.657664, 0.742267, 10.2797, 0.0170378, 0.7469, 0.664719, 1.60508, 0.0, 0.0, 0.0, 1.0]}, "05e7fcde7a00435ebba65933c1758dde_d2_5.png": {"intrinsics": {"fx": 1073.4, "fy": 1073.73, "cx": 632.125, "cy": 509.273}, "camera_to_world_matrix": [-0.607147, -0.523166, 0.598055, -26.274, 0.794547, -0.407512, 0.450143, 10.2854, 0.00821489, 0.748486, 0.6631, 1.60511, 0.0, 0.0, 0.0, 1.0]}, "074ac1d681e3415081b89cf582e1e995_d0_0.png": {"intrinsics": {"fx": 1075.87, "fy": 1075.67, "cx": 643.712, "cy": 509.396}, "camera_to_world_matrix": [-0.794429, -0.416123, -0.442405, -0.853881, -0.607322, 0.536614, 0.585836, 11.335, -0.00637931, 0.734088, -0.679024, 7.84414, 0.0, 0.0, 0.0, 1.0]}, "074ac1d681e3415081b89cf582e1e995_d0_1.png": {"intrinsics": {"fx": 1075.87, "fy": 1075.67, "cx": 643.712, "cy": 509.396}, "camera_to_world_matrix": [-0.922956, 0.238067, 0.302447, -0.868283, 0.384234, 0.616172, 0.687528, 11.333, -0.0226814, 0.75077, -0.660174, 7.84378, 0.0, 0.0, 0.0, 1.0]}, "074ac1d681e3415081b89cf582e1e995_d0_2.png": {"intrinsics": {"fx": 1075.87, "fy": 1075.67, "cx": 643.712, "cy": 509.396}, "camera_to_world_matrix": [-0.128703, 0.633836, 0.762683, -0.877246, 0.991641, 0.0892636, 0.0931562, 11.3444, -0.00903391, 0.768298, -0.640028, 7.84339, 0.0, 0.0, 0.0, 1.0]}, "074ac1d681e3415081b89cf582e1e995_d0_3.png": {"intrinsics": {"fx": 1075.87, "fy": 1075.67, "cx": 643.712, "cy": 509.396}, "camera_to_world_matrix": [0.794059, 0.375407, 0.478057, -0.871807, 0.607479, -0.51719, -0.602895, 11.3579, 0.0209154, 0.769144, -0.638733, 7.84336, 0.0, 0.0, 0.0, 1.0]}, "074ac1d681e3415081b89cf582e1e995_d0_4.png": {"intrinsics": {"fx": 1075.87, "fy": 1075.67, "cx": 643.712, "cy": 509.396}, "camera_to_world_matrix": [0.922548, -0.278787, -0.2668, -0.857405, -0.384082, -0.596722, -0.704558, 11.36, 0.0372165, 0.752462, -0.657583, 7.84372, 0.0, 0.0, 0.0, 1.0]}, "074ac1d681e3415081b89cf582e1e995_d0_5.png": {"intrinsics": {"fx": 1075.87, "fy": 1075.67, "cx": 643.712, "cy": 509.396}, "camera_to_world_matrix": [0.128271, -0.674536, -0.727012, -0.848443, -0.991458, -0.0697985, -0.110168, 11.3485, 0.023568, 0.734934, -0.677729, 7.84411, 0.0, 0.0, 0.0, 1.0]}, "074ac1d681e3415081b89cf582e1e995_d1_0.png": {"intrinsics": {"fx": 1073.55, "fy": 1073.65, "cx": 630.091, "cy": 514.282}, "camera_to_world_matrix": [-0.787474, -0.012337, -0.616222, -0.861588, -0.616344, 0.0133633, 0.787363, 11.3441, -0.00147858, 0.999834, -0.0181284, 7.87708, 0.0, 0.0, 0.0, 1.0]}, "074ac1d681e3415081b89cf582e1e995_d1_1.png": {"intrinsics": {"fx": 1073.55, "fy": 1073.65, "cx": 630.091, "cy": 514.282}, "camera_to_world_matrix": [-0.927405, -0.0193219, 0.373555, -0.865052, 0.373617, 0.000392192, 0.927582, 11.3436, -0.0180688, 0.999813, 0.00685403, 7.87699, 0.0, 0.0, 0.0, 1.0]}, "074ac1d681e3415081b89cf582e1e995_d1_2.png": {"intrinsics": {"fx": 1073.55, "fy": 1073.65, "cx": 630.091, "cy": 514.282}, "camera_to_world_matrix": [-0.140231, -0.0340424, 0.989533, -0.867208, 0.990106, -4.62756e-05, 0.140311, 11.3464, -0.00473037, 0.99942, 0.0337108, 7.8769, 0.0, 0.0, 0.0, 1.0]}, "074ac1d681e3415081b89cf582e1e995_d1_3.png": {"intrinsics": {"fx": 1073.55, "fy": 1073.65, "cx": 630.091, "cy": 514.282}, "camera_to_world_matrix": [0.786856, -0.0417776, 0.615719, -0.8659, 0.61662, 0.0124863, -0.787161, 11.3496, 0.025198, 0.999048, 0.0355846, 7.87689, 0.0, 0.0, 0.0, 1.0]}, "074ac1d681e3415081b89cf582e1e995_d1_4.png": {"intrinsics": {"fx": 1073.55, "fy": 1073.65, "cx": 630.091, "cy": 514.282}, "camera_to_world_matrix": [0.926749, -0.0347922, -0.374064, -0.862436, -0.373347, 0.0254572, -0.927341, 11.3501, 0.0417872, 0.99907, 0.0106016, 7.87698, 0.0, 0.0, 0.0, 1.0]}, "074ac1d681e3415081b89cf582e1e995_d1_5.png": {"intrinsics": {"fx": 1073.55, "fy": 1073.65, "cx": 630.091, "cy": 514.282}, "camera_to_world_matrix": [0.13955, -0.0200717, -0.990011, -0.86028, -0.989805, 0.0258951, -0.140046, 11.3474, 0.0284477, 0.999462, -0.0162547, 7.87707, 0.0, 0.0, 0.0, 1.0]}, "074ac1d681e3415081b89cf582e1e995_d2_0.png": {"intrinsics": {"fx": 1073.4, "fy": 1073.73, "cx": 632.125, "cy": 509.273}, "camera_to_world_matrix": [-0.782732, 0.402686, -0.474526, -0.855681, -0.622355, -0.509475, 0.59423, 11.3359, -0.00247144, 0.760447, 0.649397, 7.91061, 0.0, 0.0, 0.0, 1.0]}, "074ac1d681e3415081b89cf582e1e995_d2_1.png": {"intrinsics": {"fx": 1073.4, "fy": 1073.73, "cx": 632.125, "cy": 509.273}, "camera_to_world_matrix": [-0.93021, -0.258246, 0.260803, -0.870083, 0.366523, -0.616336, 0.696988, 11.3338, -0.0192519, 0.743935, 0.667975, 7.91025, 0.0, 0.0, 0.0, 1.0]}, "074ac1d681e3415081b89cf582e1e995_d2_2.png": {"intrinsics": {"fx": 1073.4, "fy": 1073.73, "cx": 632.125, "cy": 509.273}, "camera_to_world_matrix": [-0.147746, -0.681022, 0.717203, -0.879046, 0.989007, -0.0972469, 0.111398, 11.3453, -0.00611855, 0.725777, 0.687903, 7.90986, 0.0, 0.0, 0.0, 1.0]}, "074ac1d681e3415081b89cf582e1e995_d2_3.png": {"intrinsics": {"fx": 1073.4, "fy": 1073.73, "cx": 632.125, "cy": 509.273}, "camera_to_world_matrix": [0.782179, -0.442857, 0.438263, -0.873606, 0.6226, 0.52869, -0.576937, 11.3588, 0.0237951, 0.72413, 0.689253, 7.90983, 0.0, 0.0, 0.0, 1.0]}, "074ac1d681e3415081b89cf582e1e995_d2_4.png": {"intrinsics": {"fx": 1073.4, "fy": 1073.73, "cx": 632.125, "cy": 509.273}, "camera_to_world_matrix": [0.929619, 0.218079, -0.297071, -0.859204, -0.366283, 0.635525, -0.679666, 11.3608, 0.0405746, 0.740642, 0.670675, 7.91019, 0.0, 0.0, 0.0, 1.0]}, "074ac1d681e3415081b89cf582e1e995_d2_5.png": {"intrinsics": {"fx": 1073.4, "fy": 1073.73, "cx": 632.125, "cy": 509.273}, "camera_to_world_matrix": [0.14713, 0.640835, -0.753448, -0.850242, -0.988737, 0.116419, -0.0940577, 11.3494, 0.0274401, 0.7588, 0.650746, 7.91058, 0.0, 0.0, 0.0, 1.0]}, "07fb6ea1434a451aa8dc27539ede0991_d0_0.png": {"intrinsics": {"fx": 1075.87, "fy": 1075.67, "cx": 643.712, "cy": 509.396}, "camera_to_world_matrix": [-0.767584, -0.412267, -0.490765, -24.1108, -0.640919, 0.500918, 0.581638, 9.48155, 0.00604324, 0.760997, -0.648727, 1.51307, 0.0, 0.0, 0.0, 1.0]}, "07fb6ea1434a451aa8dc27539ede0991_d0_1.png": {"intrinsics": {"fx": 1075.87, "fy": 1075.67, "cx": 643.712, "cy": 509.396}, "camera_to_world_matrix": [-0.938698, 0.238124, 0.249283, -24.1251, 0.344236, 0.608386, 0.715099, 9.4789, 0.0186221, 0.757074, -0.653063, 1.51315, 0.0, 0.0, 0.0, 1.0]}, "07fb6ea1434a451aa8dc27539ede0991_d0_2.png": {"intrinsics": {"fx": 1075.87, "fy": 1075.67, "cx": 643.712, "cy": 509.396}, "camera_to_world_matrix": [-0.171036, 0.656335, 0.734826, -24.1345, 0.985064, 0.0988878, 0.140955, 9.48996, 0.0198486, 0.74796, -0.663447, 1.51335, 0.0, 0.0, 0.0, 1.0]}, "07fb6ea1434a451aa8dc27539ede0991_d0_3.png": {"intrinsics": {"fx": 1075.87, "fy": 1075.67, "cx": 643.712, "cy": 509.396}, "camera_to_world_matrix": [0.767724, 0.424147, 0.480311, -24.1297, 0.640724, -0.518068, -0.566637, 9.50368, 0.00849639, 0.742768, -0.669495, 1.51347, 0.0, 0.0, 0.0, 1.0]}, "07fb6ea1434a451aa8dc27539ede0991_d0_4.png": {"intrinsics": {"fx": 1075.87, "fy": 1075.67, "cx": 643.712, "cy": 509.396}, "camera_to_world_matrix": [0.9388, -0.226248, -0.259742, -24.1154, -0.344438, -0.625511, -0.700069, 9.50633, -0.00408217, 0.74669, -0.665159, 1.51339, 0.0, 0.0, 0.0, 1.0]}, "07fb6ea1434a451aa8dc27539ede0991_d0_5.png": {"intrinsics": {"fx": 1075.87, "fy": 1075.67, "cx": 643.712, "cy": 509.396}, "camera_to_world_matrix": [0.171112, -0.64444, -0.745263, -24.1059, -0.985237, -0.115996, -0.125906, 9.49527, -0.0053082, 0.755805, -0.654775, 1.51319, 0.0, 0.0, 0.0, 1.0]}, "07fb6ea1434a451aa8dc27539ede0991_d1_0.png": {"intrinsics": {"fx": 1073.55, "fy": 1073.65, "cx": 630.091, "cy": 514.282}, "camera_to_world_matrix": [-0.760081, 0.0226048, -0.649433, -24.1177, -0.649742, -0.0103235, 0.760084, 9.48958, 0.0104775, 0.99969, 0.0225327, 1.54647, 0.0, 0.0, 0.0, 1.0]}, "07fb6ea1434a451aa8dc27539ede0991_d1_1.png": {"intrinsics": {"fx": 1073.55, "fy": 1073.65, "cx": 630.091, "cy": 514.282}, "camera_to_world_matrix": [-0.942524, 0.016182, 0.333741, -24.1211, 0.333332, -0.0235815, 0.942514, 9.48894, 0.0231222, 0.99959, 0.0168309, 1.54649, 0.0, 0.0, 0.0, 1.0]}, "07fb6ea1434a451aa8dc27539ede0991_d1_2.png": {"intrinsics": {"fx": 1073.55, "fy": 1073.65, "cx": 630.091, "cy": 514.282}, "camera_to_world_matrix": [-0.182328, 0.00148889, 0.983236, -24.1234, 0.982931, -0.0246493, 0.182309, 9.4916, 0.0245079, 0.999694, 0.00302952, 1.54654, 0.0, 0.0, 0.0, 1.0]}, "07fb6ea1434a451aa8dc27539ede0991_d1_3.png": {"intrinsics": {"fx": 1073.55, "fy": 1073.65, "cx": 630.091, "cy": 514.282}, "camera_to_world_matrix": [0.760294, -0.00678108, 0.649541, -24.1222, 0.649442, -0.012459, -0.760308, 9.4949, 0.0132487, 0.999899, -0.00506983, 1.54656, 0.0, 0.0, 0.0, 1.0]}, "07fb6ea1434a451aa8dc27539ede0991_d1_4.png": {"intrinsics": {"fx": 1073.55, "fy": 1073.65, "cx": 630.091, "cy": 514.282}, "camera_to_world_matrix": [0.942699, -0.000357763, -0.33364, -24.1188, -0.333639, 0.000798848, -0.9427, 9.49553, 0.000604152, 0.999999, 0.000632449, 1.54654, 0.0, 0.0, 0.0, 1.0]}, "07fb6ea1434a451aa8dc27539ede0991_d1_5.png": {"intrinsics": {"fx": 1073.55, "fy": 1073.65, "cx": 630.091, "cy": 514.282}, "camera_to_world_matrix": [0.182477, 0.0143354, -0.983105, -24.1165, -0.983208, 0.00186602, -0.182469, 9.49287, -0.00078092, 0.999895, 0.0144339, 1.5465, 0.0, 0.0, 0.0, 1.0]}, "07fb6ea1434a451aa8dc27539ede0991_d2_0.png": {"intrinsics": {"fx": 1073.4, "fy": 1073.73, "cx": 632.125, "cy": 509.273}, "camera_to_world_matrix": [-0.755126, 0.450747, -0.476039, -24.1102, -0.655517, -0.508977, 0.557889, 9.4808, 0.00917393, 0.733328, 0.679814, 1.57956, 0.0, 0.0, 0.0, 1.0]}, "07fb6ea1434a451aa8dc27539ede0991_d2_1.png": {"intrinsics": {"fx": 1073.4, "fy": 1073.73, "cx": 632.125, "cy": 509.273}, "camera_to_world_matrix": [-0.945065, -0.205206, 0.254446, -24.1246, 0.326151, -0.644012, 0.692007, 9.47814, 0.021862, 0.73698, 0.675562, 1.57965, 0.0, 0.0, 0.0, 1.0]}, "07fb6ea1434a451aa8dc27539ede0991_d2_2.png": {"intrinsics": {"fx": 1073.4, "fy": 1073.73, "cx": 632.125, "cy": 509.273}, "camera_to_world_matrix": [-0.189834, -0.650073, 0.735778, -24.134, 0.981539, -0.143481, 0.126474, 9.4892, 0.0233529, 0.746203, 0.665309, 1.57985, 0.0, 0.0, 0.0, 1.0]}, "07fb6ea1434a451aa8dc27539ede0991_d2_3.png": {"intrinsics": {"fx": 1073.4, "fy": 1073.73, "cx": 632.125, "cy": 509.273}, "camera_to_world_matrix": [0.75532, -0.438975, 0.486614, -24.1291, 0.655244, 0.492074, -0.573166, 9.50292, 0.0121556, 0.751774, 0.659309, 1.57996, 0.0, 0.0, 0.0, 1.0]}, "07fb6ea1434a451aa8dc27539ede0991_d2_4.png": {"intrinsics": {"fx": 1073.4, "fy": 1073.73, "cx": 632.125, "cy": 509.273}, "camera_to_world_matrix": [0.945221, 0.216983, -0.243876, -24.1148, -0.326431, 0.627083, -0.707256, 9.50557, -0.000532227, 0.748122, 0.663562, 1.57988, 0.0, 0.0, 0.0, 1.0]}, "07fb6ea1434a451aa8dc27539ede0991_d2_5.png": {"intrinsics": {"fx": 1073.4, "fy": 1073.73, "cx": 632.125, "cy": 509.273}, "camera_to_world_matrix": [0.189964, 0.66183, -0.725186, -24.1054, -0.981789, 0.126534, -0.141703, 9.49451, -0.00202253, 0.738898, 0.673815, 1.57968, 0.0, 0.0, 0.0, 1.0]}, "085469330e804d71aacde67145bbb195_d0_0.png": {"intrinsics": {"fx": 1075.87, "fy": 1075.67, "cx": 643.712, "cy": 509.396}, "camera_to_world_matrix": [-0.628662, 0.524367, 0.574302, -6.19945, 0.777608, 0.413904, 0.473296, 7.73911, 0.0104753, 0.744125, -0.667958, 4.98165, 0.0, 0.0, 0.0, 1.0]}, "085469330e804d71aacde67145bbb195_d0_1.png": {"intrinsics": {"fx": 1075.87, "fy": 1075.67, "cx": 643.712, "cy": 509.396}, "camera_to_world_matrix": [0.359055, 0.621641, 0.696162, -6.20188, 0.933314, -0.238098, -0.26876, 7.75346, -0.00131683, 0.746238, -0.665678, 4.98161, 0.0, 0.0, 0.0, 1.0]}, "085469330e804d71aacde67145bbb195_d0_2.png": {"intrinsics": {"fx": 1075.87, "fy": 1075.67, "cx": 643.712, "cy": 509.396}, "camera_to_world_matrix": [0.98779, 0.105655, 0.114485, -6.19067, 0.155722, -0.648307, -0.745283, 7.76274, -0.00452165, 0.754012, -0.656845, 4.98144, 0.0, 0.0, 0.0, 1.0]}, "085469330e804d71aacde67145bbb195_d0_3.png": {"intrinsics": {"fx": 1075.87, "fy": 1075.67, "cx": 643.712, "cy": 509.396}, "camera_to_world_matrix": [0.628794, -0.507593, -0.589039, -6.17703, -0.777561, -0.406505, -0.479741, 7.75767, 0.00406569, 0.759672, -0.650293, 4.98131, 0.0, 0.0, 0.0, 1.0]}, "085469330e804d71aacde67145bbb195_d0_4.png": {"intrinsics": {"fx": 1075.87, "fy": 1075.67, "cx": 643.712, "cy": 509.396}, "camera_to_world_matrix": [-0.358929, -0.604841, -0.71087, -6.1746, -0.933229, 0.2455, 0.262319, 7.74332, 0.0158577, 0.757559, -0.652574, 4.98135, 0.0, 0.0, 0.0, 1.0]}, "085469330e804d71aacde67145bbb195_d0_5.png": {"intrinsics": {"fx": 1075.87, "fy": 1075.67, "cx": 643.712, "cy": 509.396}, "camera_to_world_matrix": [-0.987634, -0.0888392, -0.129174, -6.18581, -0.155612, 0.655689, 0.73882, 7.73405, 0.0190621, 0.749785, -0.661406, 4.98152, 0.0, 0.0, 0.0, 1.0]}, "085469330e804d71aacde67145bbb195_d1_0.png": {"intrinsics": {"fx": 1073.55, "fy": 1073.65, "cx": 630.091, "cy": 514.282}, "camera_to_world_matrix": [-0.637496, 0.0120011, 0.770359, -6.19057, 0.770302, -0.00980257, 0.637602, 7.74632, 0.0152038, 0.999879, -0.00299663, 5.01477, 0.0, 0.0, 0.0, 1.0]}, "085469330e804d71aacde67145bbb195_d1_1.png": {"intrinsics": {"fx": 1073.55, "fy": 1073.65, "cx": 630.091, "cy": 514.282}, "camera_to_world_matrix": [0.348317, -0.00115484, 0.937375, -6.19115, 0.937369, -0.00317333, -0.34832, 7.74977, 0.00337721, 0.999994, -2.40738e-05, 5.01476, 0.0, 0.0, 0.0, 1.0]}, "085469330e804d71aacde67145bbb195_d1_2.png": {"intrinsics": {"fx": 1073.55, "fy": 1073.65, "cx": 630.091, "cy": 514.282}, "camera_to_world_matrix": [0.985938, -0.00199244, 0.167092, -6.18846, 0.167105, 0.0115349, -0.985871, 7.75201, 3.72436e-05, 0.999931, 0.0117044, 5.01472, 0.0, 0.0, 0.0, 1.0]}, "085469330e804d71aacde67145bbb195_d1_3.png": {"intrinsics": {"fx": 1073.55, "fy": 1073.65, "cx": 630.091, "cy": 514.282}, "camera_to_world_matrix": [0.637731, 0.0103259, -0.770189, -6.18517, -0.7702