{"06490abbcd904090990a02b03dacf388_d0_0.png": {"intrinsics": {"fx": 1073.79, "fy": 1074.49, "cx": 627.889, "cy": 499.755}, "camera_to_world_matrix": [0.80428, 0.396882, 0.44229, -3.60361, 0.59424, -0.541909, -0.594318, -2.2261, 0.00380655, 0.740824, -0.671689, 1.37474, 0.0, 0.0, 0.0, 1.0]}, "06490abbcd904090990a02b03dacf388_d0_1.png": {"intrinsics": {"fx": 1073.79, "fy": 1074.49, "cx": 627.889, "cy": 499.755}, "camera_to_world_matrix": [0.916782, -0.262794, -0.30075, -3.58916, -0.399366, -0.611399, -0.683154, -2.2244, -0.00434964, 0.746412, -0.66547, 1.37462, 0.0, 0.0, 0.0, 1.0]}, "06490abbcd904090990a02b03dacf388_d0_2.png": {"intrinsics": {"fx": 1073.79, "fy": 1074.49, "cx": 627.889, "cy": 499.755}, "camera_to_world_matrix": [0.112546, -0.652767, -0.749153, -3.58046, -0.993647, -0.0748368, -0.0840685, -2.23606, -0.0011871, 0.753854, -0.657041, 1.37446, 0.0, 0.0, 0.0, 1.0]}, "06490abbcd904090990a02b03dacf388_d0_3.png": {"intrinsics": {"fx": 1073.79, "fy": 1074.49, "cx": 627.889, "cy": 499.755}, "camera_to_world_matrix": [-0.804174, -0.383054, -0.454505, -3.58621, -0.594308, 0.531203, 0.603839, -2.24942, 0.0101316, 0.755707, -0.654832, 1.37441, 0.0, 0.0, 0.0, 1.0]}, "06490abbcd904090990a02b03dacf388_d0_4.png": {"intrinsics": {"fx": 1073.79, "fy": 1074.49, "cx": 627.889, "cy": 499.755}, "camera_to_world_matrix": [-0.916638, 0.276625, 0.288539, -3.60066, 0.399302, 0.600668, 0.692646, -2.25113, 0.0182874, 0.750118, -0.661051, 1.37453, 0.0, 0.0, 0.0, 1.0]}, "06490abbcd904090990a02b03dacf388_d0_5.png": {"intrinsics": {"fx": 1073.79, "fy": 1074.49, "cx": 627.889, "cy": 499.755}, "camera_to_world_matrix": [-0.112379, 0.666577, 0.736918, -3.60936, 0.993551, 0.0640897, 0.0935426, -2.23946, 0.0151244, 0.742677, -0.66948, 1.3747, 0.0, 0.0, 0.0, 1.0]}, "06490abbcd904090990a02b03dacf388_d1_0.png": {"intrinsics": {"fx": 1077.34, "fy": 1078.03, "cx": 631.354, "cy": 512.947}, "camera_to_world_matrix": [0.801582, 0.00572884, 0.597857, -3.59669, 0.597883, -0.00595407, -0.801561, -2.23519, -0.00103205, 0.999965, -0.00819872, 1.40786, 0.0, 0.0, 0.0, 1.0]}, "06490abbcd904090990a02b03dacf388_d1_1.png": {"intrinsics": {"fx": 1077.34, "fy": 1078.03, "cx": 631.354, "cy": 512.947}, "camera_to_world_matrix": [0.918535, 0.00852476, -0.395245, -3.59322, -0.395229, -0.00353051, -0.918575, -2.23479, -0.00922577, 0.999957, 0.000125472, 1.40783, 0.0, 0.0, 0.0, 1.0]}, "06490abbcd904090990a02b03dacf388_d1_2.png": {"intrinsics": {"fx": 1077.34, "fy": 1078.03, "cx": 631.354, "cy": 512.947}, "camera_to_world_matrix": [0.116952, 0.0120214, -0.993064, -3.59113, -0.993118, -0.00474002, -0.117016, -2.23759, -0.00611355, 0.999916, 0.0113834, 1.40779, 0.0, 0.0, 0.0, 1.0]}, "06490abbcd904090990a02b03dacf388_d1_3.png": {"intrinsics": {"fx": 1077.34, "fy": 1078.03, "cx": 631.354, "cy": 512.947}, "camera_to_world_matrix": [-0.801566, 0.012722, -0.597769, -3.59251, -0.597882, -0.00837306, 0.80154, -2.24081, 0.00519231, 0.999884, 0.014317, 1.40778, 0.0, 0.0, 0.0, 1.0]}, "06490abbcd904090990a02b03dacf388_d1_4.png": {"intrinsics": {"fx": 1077.34, "fy": 1078.03, "cx": 631.354, "cy": 512.947}, "camera_to_world_matrix": [-0.918482, 0.00992597, 0.395337, -3.59598, 0.395235, -0.0107965, 0.918516, -2.24121, 0.0133857, 0.999892, 0.00599244, 1.40781, 0.0, 0.0, 0.0, 1.0]}, "06490abbcd904090990a02b03dacf388_d1_5.png": {"intrinsics": {"fx": 1077.34, "fy": 1078.03, "cx": 631.354, "cy": 512.947}, "camera_to_world_matrix": [-0.116875, 0.0064294, 0.993126, -3.59808, 0.993093, -0.00958686, 0.116933, -2.23841, 0.0102731, 0.999933, -0.0052654, 1.40785, 0.0, 0.0, 0.0, 1.0]}, "06490abbcd904090990a02b03dacf388_d2_0.png": {"intrinsics": {"fx": 1073.63, "fy": 1073.36, "cx": 638.967, "cy": 509.517}, "camera_to_world_matrix": [0.795029, -0.405136, 0.451442, -3.60299, 0.606554, 0.524541, -0.597453, -2.22658, 0.00524888, 0.748814, 0.662763, 1.44124, 0.0, 0.0, 0.0, 1.0]}, "06490abbcd904090990a02b03dacf388_d2_1.png": {"intrinsics": {"fx": 1073.63, "fy": 1073.36, "cx": 638.967, "cy": 509.517}, "camera_to_world_matrix": [0.922835, 0.25974, -0.284454, -3.58854, -0.38519, 0.616429, -0.686765, -2.22487, -0.00303514, 0.743338, 0.668913, 1.44111, 0.0, 0.0, 0.0, 1.0]}, "06490abbcd904090990a02b03dacf388_d2_2.png": {"intrinsics": {"fx": 1073.63, "fy": 1073.36, "cx": 638.967, "cy": 509.517}, "camera_to_world_matrix": [0.127862, 0.671709, -0.729698, -3.57984, -0.991795, 0.0865635, -0.0941049, -2.23654, -4.63864e-05, 0.735741, 0.677266, 1.44095, 0.0, 0.0, 0.0, 1.0]}, "06490abbcd904090990a02b03dacf388_d2_3.png": {"intrinsics": {"fx": 1073.63, "fy": 1073.36, "cx": 638.967, "cy": 509.517}, "camera_to_world_matrix": [-0.7949, 0.418792, -0.439036, -3.5856, -0.606641, -0.535178, 0.587855, -2.2499, 0.0112264, 0.733621, 0.67947, 1.44091, 0.0, 0.0, 0.0, 1.0]}, "06490abbcd904090990a02b03dacf388_d2_4.png": {"intrinsics": {"fx": 1073.63, "fy": 1073.36, "cx": 638.967, "cy": 509.517}, "camera_to_world_matrix": [-0.922668, -0.246087, 0.296865, -3.60005, 0.385108, -0.627039, 0.677138, -2.2516, 0.0195101, 0.739097, 0.67332, 1.44103, 0.0, 0.0, 0.0, 1.0]}, "06490abbcd904090990a02b03dacf388_d2_5.png": {"intrinsics": {"fx": 1073.63, "fy": 1073.36, "cx": 638.967, "cy": 509.517}, "camera_to_world_matrix": [-0.127671, -0.658035, 0.742085, -3.60874, 0.991682, -0.0971576, 0.0844602, -2.23994, 0.0165209, 0.746693, 0.664967, 1.44119, 0.0, 0.0, 0.0, 1.0]}, "081c771fb2d5416e8f7a2c97188d5dfd_d0_0.png": {"intrinsics": {"fx": 1073.79, "fy": 1074.49, "cx": 627.889, "cy": 499.755}, "camera_to_world_matrix": [0.998569, -0.0454041, -0.0282805, 0.212793, -0.0512354, -0.659933, -0.749576, -2.00059, 0.0153706, 0.749952, -0.661314, 6.97139, 0.0, 0.0, 0.0, 1.0]}, "081c771fb2d5416e8f7a2c97188d5dfd_d0_1.png": {"intrinsics": {"fx": 1073.79, "fy": 1074.49, "cx": 627.889, "cy": 499.755}, "camera_to_world_matrix": [0.454835, -0.599243, -0.658813, 0.225039, -0.890476, -0.294879, -0.346555, -2.00844, 0.0134002, 0.744282, -0.667732, 6.97151, 0.0, 0.0, 0.0, 1.0]}, "081c771fb2d5416e8f7a2c97188d5dfd_d0_2.png": {"intrinsics": {"fx": 1073.79, "fy": 1074.49, "cx": 627.889, "cy": 499.755}, "camera_to_world_matrix": [-0.543802, -0.560005, -0.62504, 0.224357, -0.839199, 0.367307, 0.401037, -2.02298, 0.00499846, 0.742617, -0.669698, 6.97155, 0.0, 0.0, 0.0, 1.0]}, "081c771fb2d5416e8f7a2c97188d5dfd_d0_3.png": {"intrinsics": {"fx": 1073.79, "fy": 1074.49, "cx": 627.889, "cy": 499.755}, "camera_to_world_matrix": [-0.998682, 0.0330697, 0.0392657, 0.21143, 0.0513161, 0.664425, 0.745591, -2.02965, -0.00143261, 0.746623, -0.665246, 6.97146, 0.0, 0.0, 0.0, 1.0]}, "081c771fb2d5416e8f7a2c97188d5dfd_d0_4.png": {"intrinsics": {"fx": 1073.79, "fy": 1074.49, "cx": 627.889, "cy": 499.755}, "camera_to_world_matrix": [-0.454915, 0.586894, 0.669783, 0.199184, 0.890535, 0.29935, 0.342545, -2.0218, 0.00053819, 0.752293, -0.658828, 6.97134, 0.0, 0.0, 0.0, 1.0]}, "081c771fb2d5416e8f7a2c97188d5dfd_d0_5.png": {"intrinsics": {"fx": 1073.79, "fy": 1074.49, "cx": 627.889, "cy": 499.755}, "camera_to_world_matrix": [0.54372, 0.547631, 0.63598, 0.199866, 0.83922, -0.362835, -0.405046, -2.00726, 0.00893994, 0.753958, -0.656862, 6.9713, 0.0, 0.0, 0.0, 1.0]}, "081c771fb2d5416e8f7a2c97188d5dfd_d1_0.png": {"intrinsics": {"fx": 1077.34, "fy": 1078.03, "cx": 631.354, "cy": 512.947}, "camera_to_world_matrix": [0.99885, -0.0101928, -0.0468392, 0.212001, -0.0467777, 0.00615706, -0.998886, -2.01152, 0.0104701, 0.999929, 0.00567233, 7.00467, 0.0, 0.0, 0.0, 1.0]}, "081c771fb2d5416e8f7a2c97188d5dfd_d1_1.png": {"intrinsics": {"fx": 1077.34, "fy": 1078.03, "cx": 631.354, "cy": 512.947}, "camera_to_world_matrix": [0.458868, -0.00649407, -0.88848, 0.214947, -0.888462, 0.0062551, -0.458905, -2.01341, 0.00853798, 0.999959, -0.00290033, 7.0047, 0.0, 0.0, 0.0, 1.0]}, "081c771fb2d5416e8f7a2c97188d5dfd_d1_2.png": {"intrinsics": {"fx": 1077.34, "fy": 1078.03, "cx": 631.354, "cy": 512.947}, "camera_to_world_matrix": [-0.540009, -0.00455994, -0.841646, 0.214783, -0.841658, 0.00310084, 0.54, -2.01691, 0.000147722, 0.999984, -0.00551326, 7.0047, 0.0, 0.0, 0.0, 1.0]}, "081c771fb2d5416e8f7a2c97188d5dfd_d1_3.png": {"intrinsics": {"fx": 1077.34, "fy": 1078.03, "cx": 631.354, "cy": 512.947}, "camera_to_world_matrix": [-0.998882, -0.00632455, 0.0468276, 0.211673, 0.0468292, -0.000151394, 0.998902, -2.01852, -0.00631024, 0.999979, 0.000446538, 7.00468, 0.0, 0.0, 0.0, 1.0]}, "081c771fb2d5416e8f7a2c97188d5dfd_d1_4.png": {"intrinsics": {"fx": 1077.34, "fy": 1078.03, "cx": 631.354, "cy": 512.947}, "camera_to_world_matrix": [-0.458868, -0.0100233, 0.888448, 0.208727, 0.888493, -0.000249285, 0.458889, -2.01663, -0.0043778, 0.999949, 0.00901912, 7.00465, 0.0, 0.0, 0.0, 1.0]}, "081c771fb2d5416e8f7a2c97188d5dfd_d1_5.png": {"intrinsics": {"fx": 1077.34, "fy": 1078.03, "cx": 631.354, "cy": 512.947}, "camera_to_world_matrix": [0.540007, -0.0119573, 0.841574, 0.208891, 0.84165, 0.00290506, -0.540015, -2.01313, 0.00401256, 0.999924, 0.0116317, 7.00464, 0.0, 0.0, 0.0, 1.0]}, "081c771fb2d5416e8f7a2c97188d5dfd_d2_0.png": {"intrinsics": {"fx": 1073.63, "fy": 1073.36, "cx": 638.967, "cy": 509.517}, "camera_to_world_matrix": [0.999223, 0.011855, -0.037664, 0.212244, -0.0358285, 0.673193, -0.7386, -2.00039, 0.0165984, 0.739373, 0.673095, 7.03789, 0.0, 0.0, 0.0, 1.0]}, "081c771fb2d5416e8f7a2c97188d5dfd_d2_1.png": {"intrinsics": {"fx": 1073.63, "fy": 1073.36, "cx": 638.967, "cy": 509.517}, "camera_to_world_matrix": [0.468496, 0.583928, -0.662979, 0.224489, -0.883346, 0.322147, -0.340481, -2.00824, 0.0147603, 0.745152, 0.666735, 7.03801, 0.0, 0.0, 0.0, 1.0]}, "081c771fb2d5416e8f7a2c97188d5dfd_d2_2.png": {"intrinsics": {"fx": 1073.63, "fy": 1073.36, "cx": 638.967, "cy": 509.517}, "camera_to_world_matrix": [-0.530806, 0.565937, -0.630844, 0.223808, -0.847473, -0.348827, 0.400142, -2.02278, 0.00639935, 0.747018, 0.664776, 7.03805, 0.0, 0.0, 0.0, 1.0]}, "081c771fb2d5416e8f7a2c97188d5dfd_d2_3.png": {"intrinsics": {"fx": 1073.63, "fy": 1073.36, "cx": 638.967, "cy": 509.517}, "camera_to_world_matrix": [-0.999358, -0.0241249, 0.026607, 0.210881, 0.035917, -0.66874, 0.742629, -2.02945, -0.000123251, 0.743105, 0.669178, 7.03796, 0.0, 0.0, 0.0, 1.0]}, "081c771fb2d5416e8f7a2c97188d5dfd_d2_4.png": {"intrinsics": {"fx": 1073.63, "fy": 1073.36, "cx": 638.967, "cy": 509.517}, "camera_to_world_matrix": [-0.468597, -0.596184, 0.651907, 0.198635, 0.883414, -0.317672, 0.344486, -2.0216, 0.00171523, 0.737327, 0.675538, 7.03784, 0.0, 0.0, 0.0, 1.0]}, "081c771fb2d5416e8f7a2c97188d5dfd_d2_5.png": {"intrinsics": {"fx": 1073.63, "fy": 1073.36, "cx": 638.967, "cy": 509.517}, "camera_to_world_matrix": [0.530703, -0.578167, 0.619742, 0.199317, 0.847501, 0.353301, -0.396135, -2.00706, 0.0100763, 0.73546, 0.677496, 7.0378, 0.0, 0.0, 0.0, 1.0]}, "088537022c614debba6753c382169b98_d0_0.png": {"intrinsics": {"fx": 1073.79, "fy": 1074.49, "cx": 627.889, "cy": 499.755}, "camera_to_world_matrix": [-0.862634, 0.335417, 0.378628, 1.25886, 0.505827, 0.574621, 0.64339, -3.56738, -0.00176405, 0.74653, -0.66535, 4.18819, 0.0, 0.0, 0.0, 1.0]}, "088537022c614debba6753c382169b98_d0_1.png": {"intrinsics": {"fx": 1073.79, "fy": 1074.49, "cx": 627.889, "cy": 499.755}, "camera_to_world_matrix": [0.00672571, 0.658649, 0.752421, 1.25162, 0.999978, -0.00461906, -0.00489505, -3.55477, 0.00025134, 0.752437, -0.658665, 4.18806, 0.0, 0.0, 0.0, 1.0]}, "088537022c614debba6753c382169b98_d0_2.png": {"intrinsics": {"fx": 1073.79, "fy": 1074.49, "cx": 627.889, "cy": 499.755}, "camera_to_world_matrix": [0.869316, 0.318607, 0.377862, 1.25892, 0.494175, -0.574182, -0.652768, -3.54218, 0.00898456, 0.754192, -0.656593, 4.18802, 0.0, 0.0, 0.0, 1.0]}, "088537022c614debba6753c382169b98_d0_3.png": {"intrinsics": {"fx": 1073.79, "fy": 1074.49, "cx": 627.889, "cy": 499.755}, "camera_to_world_matrix": [0.862528, -0.344659, -0.370481, 1.27347, -0.505766, -0.564491, -0.652342, -3.54222, 0.0157022, 0.75004, -0.661206, 4.18811, 0.0, 0.0, 0.0, 1.0]}, "088537022c614debba6753c382169b98_d0_4.png": {"intrinsics": {"fx": 1073.79, "fy": 1074.49, "cx": 627.889, "cy": 499.755}, "camera_to_world_matrix": [-0.00685065, -0.667868, -0.744248, 1.28072, -0.999883, 0.0147616, -0.00404303, -3.55483, 0.0136865, 0.744133, -0.667891, 4.18824, 0.0, 0.0, 0.0, 1.0]}, "088537022c614debba6753c382169b98_d0_5.png": {"intrinsics": {"fx": 1073.79, "fy": 1074.49, "cx": 627.889, "cy": 499.755}, "camera_to_world_matrix": [-0.869422, -0.327804, -0.369664, 1.27341, -0.494047, 0.584311, 0.643816, -3.56742, 0.00495311, 0.742378, -0.669963, 4.18828, 0.0, 0.0, 0.0, 1.0]}, "088537022c614debba6753c382169b98_d1_0.png": {"intrinsics": {"fx": 1077.34, "fy": 1078.03, "cx": 631.354, "cy": 512.947}, "camera_to_world_matrix": [-0.864878, -0.00589771, 0.501945, 1.2642, 0.501936, 0.00306886, 0.864899, -3.5576, -0.00664103, 0.999977, 0.000305218, 4.2214, 0.0, 0.0, 0.0, 1.0]}, "088537022c614debba6753c382169b98_d1_1.png": {"intrinsics": {"fx": 1077.34, "fy": 1078.03, "cx": 631.354, "cy": 512.947}, "camera_to_world_matrix": [0.00227729, -0.00922525, 0.999954, 1.26246, 0.999985, 0.00468669, -0.00223437, -3.55457, -0.00466558, 0.999946, 0.00923494, 4.22137, 0.0, 0.0, 0.0, 1.0]}, "088537022c614debba6753c382169b98_d1_2.png": {"intrinsics": {"fx": 1077.34, "fy": 1078.03, "cx": 631.354, "cy": 512.947}, "camera_to_world_matrix": [0.867143, -0.00948777, 0.497967, 1.26422, 0.498041, 0.00837738, -0.867112, -3.55154, 0.00405557, 0.999919, 0.0119888, 4.22136, 0.0, 0.0, 0.0, 1.0]}, "088537022c614debba6753c382169b98_d1_3.png": {"intrinsics": {"fx": 1077.34, "fy": 1078.03, "cx": 631.354, "cy": 512.947}, "camera_to_world_matrix": [0.864833, -0.00642274, -0.502017, 1.26772, -0.501941, 0.0104502, -0.864838, -3.55155, 0.0108011, 0.999924, 0.00581296, 4.22138, 0.0, 0.0, 0.0, 1.0]}, "088537022c614debba6753c382169b98_d1_4.png": {"intrinsics": {"fx": 1077.34, "fy": 1078.03, "cx": 631.354, "cy": 512.947}, "camera_to_world_matrix": [-0.00234198, -0.00309526, -0.999992, 1.26946, -0.999957, 0.00883222, 0.0023148, -3.55458, 0.00882527, 0.999956, -0.00311668, 4.22142, 0.0, 0.0, 0.0, 1.0]}, "088537022c614debba6753c382169b98_d1_5.png": {"intrinsics": {"fx": 1077.34, "fy": 1078.03, "cx": 631.354, "cy": 512.947}, "camera_to_world_matrix": [-0.867188, -0.00283289, -0.497971, 1.2677, -0.497979, 0.00514151, 0.867173, -3.55761, 0.000104007, 0.999982, -0.00587024, 4.22143, 0.0, 0.0, 0.0, 1.0]}, "088537022c614debba6753c382169b98_d2_0.png": {"intrinsics": {"fx": 1073.63, "fy": 1073.36, "cx": 638.967, "cy": 509.517}, "camera_to_world_matrix": [-0.870331, -0.329788, 0.365742, 1.25845, 0.492473, -0.582144, 0.64698, -3.56693, -0.000452478, 0.743202, 0.66907, 4.25468, 0.0, 0.0, 0.0, 1.0]}, "088537022c614debba6753c382169b98_d2_1.png": {"intrinsics": {"fx": 1073.63, "fy": 1073.36, "cx": 638.967, "cy": 509.517}, "camera_to_world_matrix": [-0.00869926, -0.675658, 0.737164, 1.25121, 0.999964, -0.00692977, 0.00545062, -3.55432, 0.00142517, 0.737183, 0.675695, 4.25455, 0.0, 0.0, 0.0, 1.0]}, "088537022c614debba6753c382169b98_d2_2.png": {"intrinsics": {"fx": 1073.63, "fy": 1073.36, "cx": 638.967, "cy": 509.517}, "camera_to_world_matrix": [0.861581, -0.350421, 0.367271, 1.25851, 0.507524, 0.580225, -0.636992, -3.54173, 0.0101154, 0.735218, 0.677759, 4.25451, 0.0, 0.0, 0.0, 1.0]}, "088537022c614debba6753c382169b98_d2_3.png": {"intrinsics": {"fx": 1073.63, "fy": 1073.36, "cx": 638.967, "cy": 509.517}, "camera_to_world_matrix": [0.87021, 0.320678, -0.374036, 1.27306, -0.492395, 0.592152, -0.637892, -3.54177, 0.0169278, 0.739272, 0.673198, 4.2546, 0.0, 0.0, 0.0, 1.0]}, "088537022c614debba6753c382169b98_d2_4.png": {"intrinsics": {"fx": 1073.63, "fy": 1073.36, "cx": 638.967, "cy": 509.517}, "camera_to_world_matrix": [0.00855873, 0.666526, -0.745434, 1.28031, -0.999853, 0.0169248, 0.00365184, -3.55438, 0.0150499, 0.745291, 0.666573, 4.25473, 0.0, 0.0, 0.0, 1.0]}, "088537022c614debba6753c382169b98_d2_5.png": {"intrinsics": {"fx": 1073.63, "fy": 1073.36, "cx": 638.967, "cy": 509.517}, "camera_to_world_matrix": [-0.861703, 0.341266, -0.375515, 1.273, -0.507379, -0.570217, 0.64608, -3.56697, 0.00635951, 0.747256, 0.66451, 4.25477, 0.0, 0.0, 0.0, 1.0]}, "1299a49908634e598ff5ab4c9074915e_d0_0.png": {"intrinsics": {"fx": 1073.79, "fy": 1074.49, "cx": 627.889, "cy": 499.755}, "camera_to_world_matrix": [-0.998516, 0.0280891, 0.0466557, 0.615782, 0.0535174, 0.664724, 0.74517, -5.82709, -0.0100821, 0.746561, -0.66524, 4.9634, 0.0, 0.0, 0.0, 1.0]}, "1299a49908634e598ff5ab4c9074915e_d0_1.png": {"intrinsics": {"fx": 1073.79, "fy": 1074.49, "cx": 627.889, "cy": 499.755}, "camera_to_world_matrix": [-0.452934, 0.581036, 0.676202, 0.603556, 0.891536, 0.298431, 0.340738, -5.81921, -0.00381863, 0.75719, -0.653184, 4.96317, 0.0, 0.0, 0.0, 1.0]}, "1299a49908634e598ff5ab4c9074915e_d0_2.png": {"intrinsics": {"fx": 1073.79, "fy": 1074.49, "cx": 627.889, "cy": 499.755}, "camera_to_world_matrix": [0.545475, 0.540297, 0.640732, 0.60427, 0.838023, -0.363664, -0.406775, -5.80467, 0.013232, 0.758833, -0.651151, 4.96313, 0.0, 0.0, 0.0, 1.0]}, "1299a49908634e598ff5ab4c9074915e_d0_3.png": {"intrinsics": {"fx": 1073.79, "fy": 1074.49, "cx": 627.889, "cy": 499.755}, "camera_to_world_matrix": [0.998279, -0.0533877, -0.024283, 0.617211, -0.0535072, -0.659453, -0.74984, -5.79803, 0.0240187, 0.749848, -0.661174, 4.96333, 0.0, 0.0, 0.0, 1.0]}, "1299a49908634e598ff5ab4c9074915e_d0_4.png": {"intrinsics": {"fx": 1073.79, "fy": 1074.49, "cx": 627.889, "cy": 499.755}, "camera_to_world_matrix": [0.452664, -0.60632, -0.653813, 0.629438, -0.891505, -0.293139, -0.345383, -5.80591, 0.0177547, 0.73922, -0.67323, 4.96356, 0.0, 0.0, 0.0, 1.0]}, "1299a49908634e598ff5ab4c9074915e_d0_5.png": {"intrinsics": {"fx": 1073.79, "fy": 1074.49, "cx": 627.889, "cy": 499.755}, "camera_to_world_matrix": [-0.545743, -0.565556, -0.618314, 0.628723, -0.837953, 0.368955, 0.402129, -5.82044, 0.000703917, 0.737577, -0.675263, 4.9636, 0.0, 0.0, 0.0, 1.0]}, "1299a49908634e598ff5ab4c9074915e_d1_0.png": {"intrinsics": {"fx": 1077.34, "fy": 1078.03, "cx": 631.354, "cy": 512.947}, "camera_to_world_matrix": [-0.998684, -0.0149596, 0.0490286, 0.615763, 0.0490284, 0.000362221, 0.998797, -5.81594, -0.0149591, 0.999888, 0.000370844, 4.99662, 0.0, 0.0, 0.0, 1.0]}, "1299a49908634e598ff5ab4c9074915e_d1_1.png": {"intrinsics": {"fx": 1077.34, "fy": 1078.03, "cx": 631.354, "cy": 512.947}, "camera_to_world_matrix": [-0.456849, -0.0186581, 0.889348, 0.612822, 0.8895, 0.000272471, 0.456933, -5.81404, -0.00876756, 0.999825, 0.0164711, 4.99656, 0.0, 0.0, 0.0, 1.0]}, "1299a49908634e598ff5ab4c9074915e_d1_2.png": {"intrinsics": {"fx": 1077.34, "fy": 1078.03, "cx": 631.354, "cy": 512.947}, "camera_to_world_matrix": [0.54181, -0.0205849, 0.840248, 0.612994, 0.840459, 0.00343105, -0.541863, -5.81055, 0.00827153, 0.999782, 0.0191589, 4.99655, 0.0, 0.0, 0.0, 1.0]}, "1299a49908634e598ff5ab4c9074915e_d1_3.png": {"intrinsics": {"fx": 1077.34, "fy": 1078.03, "cx": 631.354, "cy": 512.947}, "camera_to_world_matrix": [0.998612, -0.0188131, -0.0491708, 0.616107, -0.0490527, 0.00667932, -0.998773, -5.80895, 0.0191187, 0.9998, 0.00574636, 4.9966, 0.0, 0.0, 0.0, 1.0]}, "1299a49908634e598ff5ab4c9074915e_d1_4.png": {"intrinsics": {"fx": 1077.34, "fy": 1078.03, "cx": 631.354, "cy": 512.947}, "camera_to_world_matrix": [0.456744, -0.0151145, -0.889469, 0.619048, -0.889503, 0.00676892, -0.456877, -5.81084, 0.0129265, 0.999862, -0.0103536, 4.99666, 0.0, 0.0, 0.0, 1.0]}, "1299a49908634e598ff5ab4c9074915e_d1_5.png": {"intrinsics": {"fx": 1077.34, "fy": 1078.03, "cx": 631.354, "cy": 512.947}, "camera_to_world_matrix": [-0.541914, -0.0131879, -0.84033, 0.618876, -0.840423, 0.00361026, 0.541918, -5.81434, -0.00411267, 0.999906, -0.0130408, 4.99667, 0.0, 0.0, 0.0, 1.0]}, "1299a49908634e598ff5ab4c9074915e_d2_0.png": {"intrinsics": {"fx": 1073.63, "fy": 1073.36, "cx": 638.967, "cy": 509.517}, "camera_to_world_matrix": [-0.999238, -0.0320181, 0.0224681, 0.614659, 0.0381203, -0.668314, 0.742903, -5.82686, -0.0087712, 0.743191, 0.669026, 5.02989, 0.0, 0.0, 0.0, 1.0]}, "1299a49908634e598ff5ab4c9074915e_d2_1.png": {"intrinsics": {"fx": 1073.63, "fy": 1073.36, "cx": 638.967, "cy": 509.517}, "camera_to_world_matrix": [-0.466642, -0.603229, 0.646809, 0.602433, 0.884445, -0.315988, 0.343385, -5.81897, -0.00275627, 0.732303, 0.680977, 5.02966, 0.0, 0.0, 0.0, 1.0]}, "1299a49908634e598ff5ab4c9074915e_d2_2.png": {"intrinsics": {"fx": 1073.63, "fy": 1073.36, "cx": 638.967, "cy": 509.517}, "camera_to_world_matrix": [0.532467, -0.583715, 0.612992, 0.603147, 0.846334, 0.354943, -0.397162, -5.80444, 0.0142519, 0.73027, 0.683014, 5.02962, 0.0, 0.0, 0.0, 1.0]}, "1299a49908634e598ff5ab4c9074915e_d2_3.png": {"intrinsics": {"fx": 1073.63, "fy": 1073.36, "cx": 638.967, "cy": 509.517}, "camera_to_world_matrix": [0.998958, 0.0070094, -0.0451641, 0.616088, -0.0381013, 0.673533, -0.738175, -5.79779, 0.0252448, 0.739125, 0.673099, 5.02982, 0.0, 0.0, 0.0, 1.0]}, "1299a49908634e598ff5ab4c9074915e_d2_4.png": {"intrinsics": {"fx": 1073.63, "fy": 1073.36, "cx": 638.967, "cy": 509.517}, "camera_to_world_matrix": [0.466329, 0.578206, -0.669489, 0.628315, -0.884405, 0.321185, -0.338634, -5.80568, 0.0192293, 0.750012, 0.661148, 5.03005, 0.0, 0.0, 0.0, 1.0]}, "1299a49908634e598ff5ab4c9074915e_d2_5.png": {"intrinsics": {"fx": 1073.63, "fy": 1073.36, "cx": 638.967, "cy": 509.517}, "camera_to_world_matrix": [-0.532779, 0.558666, -0.635644, 0.6276, -0.846255, -0.349745, 0.401913, -5.82021, 0.00222098, 0.752045, 0.659112, 5.03009, 0.0, 0.0, 0.0, 1.0]}, "1756db11b9744c86b6d8fbc4b692f0d7_d0_0.png": {"intrinsics": {"fx": 1073.79, "fy": 1074.49, "cx": 627.889, "cy": 499.755}, "camera_to_world_matrix": [-0.259198, -0.644506, -0.719325, -3.19942, -0.965803, 0.177983, 0.188542, -3.02991, 0.00651077, 0.743596, -0.668598, 4.18121, 0.0, 0.0, 0.0, 1.0]}, "1756db11b9744c86b6d8fbc4b692f0d7_d0_1.png": {"intrinsics": {"fx": 1073.79, "fy": 1074.49, "cx": 627.889, "cy": 499.755}, "camera_to_world_matrix": [-0.966023, -0.171617, -0.193256, -3.20966, -0.258457, 0.643173, 0.720784, -3.04024, 0.000598166, 0.746242, -0.665675, 4.18115, 0.0, 0.0, 0.0, 1.0]}, "1756db11b9744c86b6d8fbc4b692f0d7_d0_2.png": {"intrinsics": {"fx": 1073.79, "fy": 1074.49, "cx": 627.889, "cy": 499.755}, "camera_to_world_matrix": [-0.706852, 0.467678, 0.530696, -3.22373, 0.707361, 0.46622, 0.5313, -3.03653, 0.00105667, 0.750944, -0.660365, 4.18105, 0.0, 0.0, 0.0, 1.0]}, "1756db11b9744c86b6d8fbc4b692f0d7_d0_3.png": {"intrinsics": {"fx": 1073.79, "fy": 1074.49, "cx": 627.889, "cy": 499.755}, "camera_to_world_matrix": [0.259138, 0.63407, 0.728562, -3.22755, 0.965812, -0.175919, -0.190421, -3.0225, 0.00742777, 0.752999, -0.657979, 4.181, 0.0, 0.0, 0.0, 1.0]}, "1756db11b9744c86b6d8fbc4b692f0d7_d0_4.png": {"intrinsics": {"fx": 1073.79, "fy": 1074.49, "cx": 627.889, "cy": 499.755}, "camera_to_world_matrix": [0.965936, 0.161163, 0.202472, -3.21731, 0.258439, -0.641091, -0.722643, -3.01216, 0.0133403, 0.750353, -0.660903, 4.18106, 0.0, 0.0, 0.0, 1.0]}, "1756db11b9744c86b6d8fbc4b692f0d7_d0_5.png": {"intrinsics": {"fx": 1073.79, "fy": 1074.49, "cx": 627.889, "cy": 499.755}, "camera_to_world_matrix": [0.706727, -0.478126, -0.521472, -3.20324, -0.70737, -0.464113, -0.533131, -3.01587, 0.0128814, 0.745651, -0.666212, 4.18116, 0.0, 0.0, 0.0, 1.0]}, "1756db11b9744c86b6d8fbc4b692f0d7_d1_0.png": {"intrinsics": {"fx": 1077.34, "fy": 1078.03, "cx": 631.354, "cy": 512.947}, "camera_to_world_matrix": [-0.254841, -0.00347936, -0.966976, -3.21033, -0.966981, 0.0026265, 0.254833, -3.02705, 0.0016534, 0.99999, -0.00403468, 4.21438, 0.0, 0.0, 0.0, 1.0]}, "1756db11b9744c86b6d8fbc4b692f0d7_d1_1.png": {"intrinsics": {"fx": 1077.34, "fy": 1078.03, "cx": 631.354, "cy": 512.947}, "camera_to_world_matrix": [-0.964842, -0.00415769, -0.262795, -3.2128, -0.262793, -0.0010109, 0.964851, -3.02953, -0.00427693, 0.99999, -0.000118113, 4.21436, 0.0, 0.0, 0.0, 1.0]}, "1756db11b9744c86b6d8fbc4b692f0d7_d1_2.png": {"intrinsics": {"fx": 1077.34, "fy": 1078.03, "cx": 631.354, "cy": 512.947}, "camera_to_world_matrix": [-0.709994, -0.00764688, 0.704166, -3.21618, 0.704196, -0.00224212, 0.710001, -3.02864, -0.00385019, 0.999968, 0.00697595, 4.21434, 0.0, 0.0, 0.0, 1.0]}, "1756db11b9744c86b6d8fbc4b692f0d7_d1_3.png": {"intrinsics": {"fx": 1077.34, "fy": 1078.03, "cx": 631.354, "cy": 512.947}, "camera_to_world_matrix": [0.254849, -0.0104577, 0.966924, -3.2171, 0.966976, 0.000164093, -0.254862, -3.02526, 0.00250688, 0.999945, 0.0101533, 4.21433, 0.0, 0.0, 0.0, 1.0]}, "1756db11b9744c86b6d8fbc4b692f0d7_d1_4.png": {"intrinsics": {"fx": 1077.34, "fy": 1078.03, "cx": 631.354, "cy": 512.947}, "camera_to_world_matrix": [0.964823, -0.00977919, 0.262715, -3.21464, 0.262761, 0.00380147, -0.964853, -3.02278, 0.00843706, 0.999945, 0.00623648, 4.21434, 0.0, 0.0, 0.0, 1.0]}, "1756db11b9744c86b6d8fbc4b692f0d7_d1_5.png": {"intrinsics": {"fx": 1077.34, "fy": 1078.03, "cx": 631.354, "cy": 512.947}, "camera_to_world_matrix": [0.709937, -0.00628994, -0.704236, -3.21125, -0.704218, 0.00503256, -0.709964, -3.02367, 0.00801003, 0.999967, -0.000857559, 4.21437, 0.0, 0.0, 0.0, 1.0]}, "1756db11b9744c86b6d8fbc4b692f0d7_d2_0.png": {"intrinsics": {"fx": 1073.63, "fy": 1073.36, "cx": 638.967, "cy": 509.517}, "camera_to_world_matrix": [-0.244284, 0.647166, -0.722152, -3.19988, -0.969675, -0.156966, 0.187344, -3.02982, 0.0078888, 0.746015, 0.665885, 4.2477, 0.0, 0.0, 0.0, 1.0]}, "1756db11b9744c86b6d8fbc4b692f0d7_d2_1.png": {"intrinsics": {"fx": 1073.63, "fy": 1073.36, "cx": 638.967, "cy": 509.517}, "camera_to_world_matrix": [-0.961925, 0.184157, -0.201969, -3.21013, -0.273316, -0.642918, 0.71551, -3.04015, 0.0019162, 0.743467, 0.668774, 4.24765, 0.0, 0.0, 0.0, 1.0]}, "1756db11b9744c86b6d8fbc4b692f0d7_d2_2.png": {"intrinsics": {"fx": 1073.63, "fy": 1073.36, "cx": 638.967, "cy": 509.517}, "camera_to_world_matrix": [-0.717677, -0.468178, 0.51551, -3.22419, 0.696376, -0.484904, 0.529087, -3.03644, 0.00226526, 0.738701, 0.674033, 4.24754, 0.0, 0.0, 0.0, 1.0]}, "1756db11b9744c86b6d8fbc4b692f0d7_d2_3.png": {"intrinsics": {"fx": 1073.63, "fy": 1073.36, "cx": 638.967, "cy": 509.517}, "camera_to_world_matrix": [0.244207, -0.657491, 0.712791, -3.22802, 0.969688, 0.15906, -0.185499, -3.0224, 0.008587, 0.736483, 0.676405, 4.2475, 0.0, 0.0, 0.0, 1.0]}, "1756db11b9744c86b6d8fbc4b692f0d7_d2_4.png": {"intrinsics": {"fx": 1073.63, "fy": 1073.36, "cx": 638.967, "cy": 509.517}, "camera_to_world_matrix": [0.961821, -0.194463, 0.192587, -3.21777, 0.273301, 0.644994, -0.713645, -3.01207, 0.0145595, 0.739031, 0.673517, 4.24756, 0.0, 0.0, 0.0, 1.0]}, "1756db11b9744c86b6d8fbc4b692f0d7_d2_5.png": {"intrinsics": {"fx": 1073.63, "fy": 1073.36, "cx": 638.967, "cy": 509.517}, "camera_to_world_matrix": [0.717535, 0.457866, -0.524885, -3.2037, -0.696382, 0.486954, -0.527193, -3.01578, 0.0142101, 0.743798, 0.668257, 4.24766, 0.0, 0.0, 0.0, 1.0]}, "1a037d689b9646fbbd1cb3ee1056c402_d0_0.png": {"intrinsics": {"fx": 1073.79, "fy": 1074.49, "cx": 627.889, "cy": 499.755}, "camera_to_world_matrix": [-0.791874, 0.409606, 0.452945, 0.0421191, 0.610682, 0.52882, 0.589422, -1.37293, 0.00190451, 0.743353, -0.668897, 1.36823, 0.0, 0.0, 0.0, 1.0]}, "1a037d689b9646fbbd1cb3ee1056c402_d0_1.png": {"intrinsics": {"fx": 1073.79, "fy": 1074.49, "cx": 627.889, "cy": 499.755}, "camera_to_world_matrix": [0.132907, 0.65716, 0.741942, 0.0365231, 0.991127, -0.0865833, -0.100855, -1.3595, -0.00203837, 0.748762, -0.662835, 1.36812, 0.0, 0.0, 0.0, 1.0]}, "1a037d689b9646fbbd1cb3ee1056c402_d0_2.png": {"intrinsics": {"fx": 1073.79, "fy": 1074.49, "cx": 627.889, "cy": 499.755}, "camera_to_world_matrix": [0.924783, 0.247954, 0.288612, 0.0453569, 0.380485, -0.608656, -0.696254, -1.34794, 0.00302634, 0.753696, -0.657217, 1.36801, 0.0, 0.0, 0.0, 1.0]}, "1a037d689b9646fbbd1cb3ee1056c402_d0_3.png": {"intrinsics": {"fx": 1073.79, "fy": 1074.49, "cx": 627.889, "cy": 499.755}, "camera_to_world_matrix": [0.791858, -0.408795, -0.453704, 0.0597864, -0.610587, -0.515314, -0.601362, -1.34981, 0.0120338, 0.753219, -0.65766, 1.36802, 0.0, 0.0, 0.0, 1.0]}, "1a037d689b9646fbbd1cb3ee1056c402_d0_4.png": {"intrinsics": {"fx": 1073.79, "fy": 1074.49, "cx": 627.889, "cy": 499.755}, "camera_to_world_matrix": [-0.132938, -0.656325, -0.742675, 0.0653819, -0.990996, 0.100099, 0.0889267, -1.36324, 0.0159764, 0.747809, -0.663722, 1.36813, 0.0, 0.0, 0.0, 1.0]}, "1a037d689b9646fbbd1cb3ee1056c402_d0_5.png": {"intrinsics": {"fx": 1073.79, "fy": 1074.49, "cx": 627.889, "cy": 499.755}, "camera_to_world_matrix": [-0.92479, -0.247099, -0.289322, 0.0565477, -0.380324, 0.622156, 0.684308, -1.3748, 0.0109114, 0.742876, -0.66934, 1.36824, 0.0, 0.0, 0.0, 1.0]}, "1a037d689b9646fbbd1cb3ee1056c402_d1_0.png": {"intrinsics": {"fx": 1077.34, "fy": 1078.03, "cx": 631.354, "cy": 512.947}, "camera_to_world_matrix": [-0.79462, 0.000349976, 0.607105, 0.0488461, 0.607098, 0.00531949, 0.794608, -1.36385, -0.00295111, 0.999985, -0.00444031, 1.4014, 0.0, 0.0, 0.0, 1.0]}, "1a037d689b9646fbbd1cb3ee1056c402_d1_1.png": {"intrinsics": {"fx": 1077.34, "fy": 1078.03, "cx": 631.354, "cy": 512.947}, "camera_to_world_matrix": [0.128467, -0.00274684, 0.991709, 0.0475, 0.991689, 0.00734442, -0.128444, -1.36062, -0.00693043, 0.999969, 0.00366667, 1.40137, 0.0, 0.0, 0.0, 1.0]}, "1a037d689b9646fbbd1cb3ee1056c402_d1_2.png": {"intrinsics": {"fx": 1077.34, "fy": 1078.03, "cx": 631.354, "cy": 512.947}, "camera_to_world_matrix": [0.923086, -0.00254151, 0.384583, 0.049625, 0.384587, 0.0110387, -0.923022, -1.35784, -0.00189914, 0.999935, 0.0111662, 1.40135, 0.0, 0.0, 0.0, 1.0]}, "1a037d689b9646fbbd1cb3ee1056c402_d1_3.png": {"intrinsics": {"fx": 1077.34, "fy": 1078.03, "cx": 631.354, "cy": 512.947}, "camera_to_world_matrix": [0.794599, 0.000760638, -0.607133, 0.053096, -0.607091, 0.0127079, -0.794529, -1.35829, 0.00711134, 0.999918, 0.0105586, 1.40135, 0.0, 0.0, 0.0, 1.0]}, "1a037d689b9646fbbd1cb3ee1056c402_d1_4.png": {"intrinsics": {"fx": 1077.34, "fy": 1078.03, "cx": 631.354, "cy": 512.947}, "camera_to_world_matrix": [-0.128503, 0.00385738, -0.991701, 0.054442, -0.991646, 0.0106829, 0.128538, -1.36152, 0.0110903, 0.999935, 0.0024515, 1.40138, 0.0, 0.0, 0.0, 1.0]}, "1a037d689b9646fbbd1cb3ee1056c402_d1_5.png": {"intrinsics": {"fx": 1077.34, "fy": 1078.03, "cx": 631.354, "cy": 512.947}, "camera_to_world_matrix": [-0.923098, 0.0036519, -0.384544, 0.0523169, -0.384513, 0.00698864, 0.923092, -1.3643, 0.00605876, 0.999968, -0.00504786, 1.4014, 0.0, 0.0, 0.0, 1.0]}, "1a037d689b9646fbbd1cb3ee1056c402_d2_0.png": {"intrinsics": {"fx": 1073.63, "fy": 1073.36, "cx": 638.967, "cy": 509.517}, "camera_to_world_matrix": [-0.801188, -0.396312, 0.448372, 0.0421561, 0.598408, -0.534713, 0.596652, -1.37233, 0.00328904, 0.746338, 0.665562, 1.43473, 0.0, 0.0, 0.0, 1.0]}, "1a037d689b9646fbbd1cb3ee1056c402_d2_1.png": {"intrinsics": {"fx": 1073.63, "fy": 1073.36, "cx": 638.967, "cy": 509.517}, "camera_to_world_matrix": [0.117611, -0.666831, 0.735871, 0.03656, 0.993062, 0.0795544, -0.0866241, -1.3589, -0.000778566, 0.740951, 0.671562, 1.43461, 0.0, 0.0, 0.0, 1.0]}, "1a037d689b9646fbbd1cb3ee1056c402_d2_2.png": {"intrinsics": {"fx": 1073.63, "fy": 1073.36, "cx": 638.967, "cy": 509.517}, "camera_to_world_matrix": [0.918801, -0.270092, 0.287855, 0.0453938, 0.394706, 0.620947, -0.677225, -1.34734, 0.0041702, 0.735851, 0.677134, 1.4345, 0.0, 0.0, 0.0, 1.0]}, "1a037d689b9646fbbd1cb3ee1056c402_d2_3.png": {"intrinsics": {"fx": 1073.63, "fy": 1073.36, "cx": 638.967, "cy": 509.517}, "camera_to_world_matrix": [0.801174, 0.397156, -0.44765, 0.0598233, -0.598291, 0.54806, -0.584536, -1.34921, 0.0131865, 0.736137, 0.676707, 1.43451, 0.0, 0.0, 0.0, 1.0]}, "1a037d689b9646fbbd1cb3ee1056c402_d2_4.png": {"intrinsics": {"fx": 1073.63, "fy": 1073.36, "cx": 638.967, "cy": 509.517}, "camera_to_world_matrix": [-0.117641, 0.667651, -0.735122, 0.0654188, -0.992909, -0.0662172, 0.0987522, -1.36264, 0.0172538, 0.741524, 0.670708, 1.43463, 0.0, 0.0, 0.0, 1.0]}, "1a037d689b9646fbbd1cb3ee1056c402_d2_5.png": {"intrinsics": {"fx": 1073.63, "fy": 1073.36, "cx": 638.967, "cy": 509.517}, "camera_to_world_matrix": [-0.918807, 0.270891, -0.287083, 0.0565846, -0.394521, -0.607594, 0.689335, -1.3742, 0.0123048, 0.746625, 0.665135, 1.43474, 0.0, 0.0, 0.0, 1.0]}, "23c97969a7ea4eb79c0823d4aa69381d_d0_0.png": {"intrinsics": {"fx": 1073.79, "fy": 1074.49, "cx": 627.889, "cy": 499.755}, "camera_to_world_matrix": [-0.0889445, 0.675116, 0.73233, 2.46008, 0.995928, 0.0494054, 0.075414, -2.91564, 0.0147321, 0.736056, -0.676761, -1.28432, 0.0, 0.0, 0.0, 1.0]}, "23c97969a7ea4eb79c0823d4aa69381d_d0_1.png": {"intrinsics": {"fx": 1073.79, "fy": 1074.49, "cx": 627.889, "cy": 499.755}, "camera_to_world_matrix": [0.818009, 0.391266, 0.421631, 2.46614, 0.575185, -0.550144, -0.605396, -2.90241, -0.00491324, 0.737735, -0.675073, -1.28435, 0.0, 0.0, 0.0, 1.0]}, "23c97969a7ea4eb79c0823d4aa69381d_d0_2.png": {"intrinsics": {"fx": 1073.79, "fy": 1074.49, "cx": 627.889, "cy": 499.755}, "camera_to_world_matrix": [0.907066, -0.269774, -0.323193, 2.48062, -0.420798, -0.60411, -0.676743, -2.90105, -0.0126771, 0.749849, -0.661487, -1.28461, 0.0, 0.0, 0.0, 1.0]}, "23c97969a7ea4eb79c0823d4aa69381d_d0_3.png": {"intrinsics": {"fx": 1073.79, "fy": 1074.49, "cx": 627.889, "cy": 499.755}, "camera_to_world_matrix": [0.0891681, -0.646949, -0.757302, 2.48904, -0.996017, -0.0585251, -0.0672785, -2.91291, -0.000795475, 0.760284, -0.64959, -1.28484, 0.0, 0.0, 0.0, 1.0]}, "23c97969a7ea4eb79c0823d4aa69381d_d0_4.png": {"intrinsics": {"fx": 1073.79, "fy": 1074.49, "cx": 627.889, "cy": 499.755}, "camera_to_world_matrix": [-0.817769, -0.363076, -0.446576, 2.48298, -0.575238, 0.541013, 0.613519, -2.92614, 0.0188498, 0.758605, -0.651279, -1.28481, 0.0, 0.0, 0.0, 1.0]}, "23c97969a7ea4eb79c0823d4aa69381d_d0_5.png": {"intrinsics": {"fx": 1073.79, "fy": 1074.49, "cx": 627.889, "cy": 499.755}, "camera_to_world_matrix": [-0.906787, 0.297966, 0.298251, 2.4685, 0.420749, 0.594953, 0.684837, -2.9275, 0.0266129, 0.74649, -0.664865, -1.28455, 0.0, 0.0, 0.0, 1.0]}, "23c97969a7ea4eb79c0823d4aa69381d_d1_0.png": {"intrinsics": {"fx": 1077.34, "fy": 1078.03, "cx": 631.354, "cy": 512.947}, "camera_to_world_matrix": [-0.0934977, 0.0159698, 0.995491, 2.4717, 0.995569, -0.00846785, 0.0936407, -2.9148, 0.00992538, 0.999836, -0.0151082, -1.25127, 0.0, 0.0, 0.0, 1.0]}, "23c97969a7ea4eb79c0823d4aa69381d_d1_1.png": {"intrinsics": {"fx": 1077.34, "fy": 1078.03, "cx": 631.354, "cy": 512.947}, "camera_to_world_matrix": [0.81535, 0.0153549, 0.578763, 2.47316, 0.578885, -0.00481934, -0.815394, -2.91162, -0.00973078, 0.99987, -0.0128191, -1.25128, 0.0, 0.0, 0.0, 1.0]}, "23c97969a7ea4eb79c0823d4aa69381d_d1_2.png": {"intrinsics": {"fx": 1077.34, "fy": 1078.03, "cx": 631.354, "cy": 512.947}, "camera_to_world_matrix": [0.908868, 0.0182068, -0.416683, 2.47664, -0.41671, -0.00246215, -0.909035, -2.91129, -0.0175763, 0.999831, 0.00534832, -1.25135, 0.0, 0.0, 0.0, 1.0]}, "23c97969a7ea4eb79c0823d4aa69381d_d1_3.png": {"intrinsics": {"fx": 1077.34, "fy": 1078.03, "cx": 631.354, "cy": 512.947}, "camera_to_world_matrix": [0.0935372, 0.0216735, -0.995379, 2.47867, -0.995598, -0.00375352, -0.0936393, -2.91415, -0.00576538, 0.999758, 0.0212261, -1.2514, 0.0, 0.0, 0.0, 1.0]}, "23c97969a7ea4eb79c0823d4aa69381d_d1_4.png": {"intrinsics": {"fx": 1077.34, "fy": 1078.03, "cx": 631.354, "cy": 512.947}, "camera_to_world_matrix": [-0.815294, 0.0222882, -0.578616, 2.47721, -0.578878, -0.00740205, 0.81538, -2.91733, 0.0138907, 0.999724, 0.0189362, -1.25139, 0.0, 0.0, 0.0, 1.0]}, "23c97969a7ea4eb79c0823d4aa69381d_d1_5.png": {"intrinsics": {"fx": 1077.34, "fy": 1078.03, "cx": 631.354, "cy": 512.947}, "camera_to_world_matrix": [-0.908774, 0.0194363, 0.416834, 2.47373, 0.41672, -0.00975913, 0.908982, -2.91766, 0.0217355, 0.999763, 0.000768481, -1.25133, 0.0, 0.0, 0.0, 1.0]}, "23c97969a7ea4eb79c0823d4aa69381d_d2_0.png": {"intrinsics": {"fx": 1073.63, "fy": 1073.36, "cx": 638.967, "cy": 509.517}, "camera_to_world_matrix": [-0.104262, -0.652804, 0.750318, 2.46133, 0.994419, -0.0807772, 0.0679039, -2.91604, 0.0162801, 0.753209, 0.657584, -1.21783, 0.0, 0.0, 0.0, 1.0]}, "23c97969a7ea4eb79c0823d4aa69381d_d2_1.png": {"intrinsics": {"fx": 1073.63, "fy": 1073.36, "cx": 638.967, "cy": 509.517}, "camera_to_world_matrix": [0.809064, -0.385374, 0.443742, 2.46739, 0.587715, 0.534863, -0.607053, -2.90282, -0.0033993, 0.751937, 0.65923, -1.21786, 0.0, 0.0, 0.0, 1.0]}, "23c97969a7ea4eb79c0823d4aa69381d_d2_2.png": {"intrinsics": {"fx": 1073.63, "fy": 1073.36, "cx": 638.967, "cy": 509.517}, "camera_to_world_matrix": [0.913463, 0.28139, -0.293953, 2.48188, -0.406767, 0.611099, -0.679044, -2.90145, -0.0114429, 0.739851, 0.672677, -1.21813, 0.0, 0.0, 0.0, 1.0]}, "23c97969a7ea4eb79c0823d4aa69381d_d2_3.png": {"intrinsics": {"fx": 1073.63, "fy": 1073.36, "cx": 638.967, "cy": 509.517}, "camera_to_world_matrix": [0.104534, 0.680711, -0.725056, 2.4903, -0.994524, 0.071692, -0.0760777, -2.91332, 0.000193284, 0.729037, 0.684478, -1.21836, 0.0, 0.0, 0.0, 1.0]}, "23c97969a7ea4eb79c0823d4aa69381d_d2_4.png": {"intrinsics": {"fx": 1073.63, "fy": 1073.36, "cx": 638.967, "cy": 509.517}, "camera_to_world_matrix": [-0.808777, 0.413257, -0.418454, 2.48423, -0.587785, -0.543938, 0.598867, -2.92654, 0.0198727, 0.730309, 0.682831, -1.21832, 0.0, 0.0, 0.0, 1.0]}, "23c97969a7ea4eb79c0823d4aa69381d_d2_5.png": {"intrinsics": {"fx": 1073.63, "fy": 1073.36, "cx": 638.967, "cy": 509.517}, "camera_to_world_matrix": [-0.913137, -0.253511, 0.319244, 2.46975, 0.406703, -0.620147, 0.67083, -2.92791, 0.0279155, 0.742395, 0.669384, -1.21806, 0.0, 0.0, 0.0, 1.0]}, "283b127133c543039e562ffb158d3446_d0_0.png": {"intrinsics": {"fx": 1073.79, "fy": 1074.49, "cx": 627.889, "cy": 499.755}, "camera_to_world_matrix": [-0.321011, 0.628093, 0.708839, -2.70785, 0.947071, 0.210435, 0.242435, -3.25015, 0.0031075, 0.749144, -0.6624, -1.23331, 0.0, 0.0, 0.0, 1.0]}, "283b127133c543039e562ffb158d3446_d0_1.png": {"intrinsics": {"fx": 1073.79, "fy": 1074.49, "cx": 627.889, "cy": 499.755}, "camera_to_world_matrix": [0.659668, 0.493265, 0.567035, -2.70507, 0.751533, -0.439066, -0.492362, -3.23586, 0.00610099, 0.75094, -0.660342, -1.23335, 0.0, 0.0, 0.0, 1.0]}, "283b127133c543039e562ffb158d3446_d0_2.png": {"intrinsics": {"fx": 1073.79, "fy": 1074.49, "cx": 627.889, "cy": 499.755}, "camera_to_world_matrix": [0.980648, -0.136636, -0.140223, -2.69131, -0.195532, -0.647049, -0.736951, -3.23113, 0.00996277, 0.750106, -0.661243, -1.23333, 0.0, 0.0, 0.0, 1.0]}, "283b127133c543039e562ffb158d3446_d0_3.png": {"intrinsics": {"fx": 1073.79, "fy": 1074.49, "cx": 627.889, "cy": 499.755}, "camera_to_world_matrix": [0.32094, -0.631696, -0.705662, -2.68034, -0.947038, -0.205526, -0.246737, -3.24068, 0.010831, 0.747476, -0.664201, -1.23327, 0.0, 0.0, 0.0, 1.0]}, "283b127133c543039e562ffb158d3446_d0_4.png": {"intrinsics": {"fx": 1073.79, "fy": 1074.49, "cx": 627.889, "cy": 499.755}, "camera_to_world_matrix": [-0.659731, -0.496843, -0.56383, -2.68312, -0.751462, 0.44397, 0.488054, -3.25496, 0.00783739, 0.74568, -0.666258, -1.23323, 0.0, 0.0, 0.0, 1.0]}, "283b127133c543039e562ffb158d3446_d0_5.png": {"intrinsics": {"fx": 1073.79, "fy": 1074.49, "cx": 627.889, "cy": 499.755}, "camera_to_world_matrix": [-0.980673, 0.133067, 0.143438, -2.69688, 0.195616, 0.651928, 0.732616, -3.2597, 0.00397561, 0.746515, -0.665358, -1.23325, 0.0, 0.0, 0.0, 1.0]}, "283b127133c543039e562ffb158d3446_d1_0.png": {"intrinsics": {"fx": 1077.34, "fy": 1078.03, "cx": 631.354, "cy": 512.947}, "camera_to_world_matrix": [-0.325244, -0.00461915, 0.945619, -2.69748, 0.945628, 0.000301568, 0.325249, -3.24644, -0.00178726, 0.999989, 0.00426905, -1.20005, 0.0, 0.0, 0.0, 1.0]}, "283b127133c543039e562ffb158d3446_d1_1.png": {"intrinsics": {"fx": 1077.34, "fy": 1078.03, "cx": 631.354, "cy": 512.947}, "camera_to_world_matrix": [0.656321, -0.00607558, 0.754457, -2.69682, 0.75448, 0.00370296, -0.656312, -3.24301, 0.00119404, 0.999974, 0.00701338, -1.20005, 0.0, 0.0, 0.0, 1.0]}, "283b127133c543039e562ffb158d3446_d1_2.png": {"intrinsics": {"fx": 1077.34, "fy": 1078.03, "cx": 631.354, "cy": 512.947}, "camera_to_world_matrix": [0.981546, -0.00385806, -0.191186, -2.69351, -0.191158, 0.00666496, -0.981536, -3.24187, 0.00506135, 0.9