{"007e2d010d8d467988f6fc4d3e7ec410_d0_0.png": {"intrinsics": {"fx": 1069.67, "fy": 1070.36, "cx": 632.9, "cy": 515.549}, "camera_to_world_matrix": [-0.903955, -0.252539, -0.345091, -5.25528, -0.426379, 0.593864, 0.682294, -20.6546, 0.0326314, 0.763903, -0.644505, 0.839908, 0.0, 0.0, 0.0, 1.0]}, "007e2d010d8d467988f6fc4d3e7ec410_d0_1.png": {"intrinsics": {"fx": 1069.67, "fy": 1070.36, "cx": 632.9, "cy": 515.549}, "camera_to_world_matrix": [-0.820412, 0.412306, 0.396139, -5.26977, 0.570065, 0.53636, 0.622368, -20.6535, 0.044133, 0.736424, -0.675079, 0.840506, 0.0, 0.0, 0.0, 1.0]}, "007e2d010d8d467988f6fc4d3e7ec410_d0_2.png": {"intrinsics": {"fx": 1069.67, "fy": 1070.36, "cx": 632.9, "cy": 515.549}, "camera_to_world_matrix": [0.0836722, 0.694612, 0.714501, -5.27602, 0.99639, -0.0685953, -0.0499973, -20.6403, 0.0142828, 0.716106, -0.697845, 0.840952, 0.0, 0.0, 0.0, 1.0]}, "007e2d010d8d467988f6fc4d3e7ec410_d0_3.png": {"intrinsics": {"fx": 1069.67, "fy": 1070.36, "cx": 632.9, "cy": 515.549}, "camera_to_world_matrix": [0.904194, 0.312067, 0.291626, -5.26777, 0.426261, -0.616033, -0.662422, -20.6284, -0.0270682, 0.723267, -0.690037, 0.8408, 0.0, 0.0, 0.0, 1.0]}, "007e2d010d8d467988f6fc4d3e7ec410_d0_4.png": {"intrinsics": {"fx": 1069.67, "fy": 1070.36, "cx": 632.9, "cy": 515.549}, "camera_to_world_matrix": [0.820613, -0.352776, -0.449602, -5.25328, -0.57018, -0.558504, -0.602467, -20.6295, -0.0385683, 0.750747, -0.659463, 0.840202, 0.0, 0.0, 0.0, 1.0]}, "007e2d010d8d467988f6fc4d3e7ec410_d0_5.png": {"intrinsics": {"fx": 1069.67, "fy": 1070.36, "cx": 632.9, "cy": 515.549}, "camera_to_world_matrix": [-0.0834884, -0.635059, -0.767938, -5.24703, -0.996469, 0.0464627, 0.0699109, -20.6426, -0.00871686, 0.771064, -0.636697, 0.839757, 0.0, 0.0, 0.0, 1.0]}, "007e2d010d8d467988f6fc4d3e7ec410_d1_0.png": {"intrinsics": {"fx": 1068.71, "fy": 1069.33, "cx": 631.868, "cy": 517.548}, "camera_to_world_matrix": [-0.902233, 0.0383192, -0.429541, -5.25869, -0.430122, -0.00805738, 0.902735, -20.6451, 0.0311312, 0.999233, 0.0237509, 0.873467, 0.0, 0.0, 0.0, 1.0]}, "007e2d010d8d467988f6fc4d3e7ec410_d1_1.png": {"intrinsics": {"fx": 1068.71, "fy": 1069.33, "cx": 631.868, "cy": 517.548}, "camera_to_world_matrix": [-0.822836, 0.0450729, 0.566487, -5.26218, 0.566663, -0.0100067, 0.823888, -20.6449, 0.0428039, 0.998933, -0.0173079, 0.87361, 0.0, 0.0, 0.0, 1.0]}, "007e2d010d8d467988f6fc4d3e7ec410_d1_2.png": {"intrinsics": {"fx": 1068.71, "fy": 1069.33, "cx": 631.868, "cy": 517.548}, "camera_to_world_matrix": [0.0794719, 0.0467592, 0.99574, -5.26368, 0.99675, -0.0168353, -0.0787623, -20.6417, 0.0130809, 0.998764, -0.0479459, 0.873717, 0.0, 0.0, 0.0, 1.0]}, "007e2d010d8d467988f6fc4d3e7ec410_d1_3.png": {"intrinsics": {"fx": 1068.71, "fy": 1069.33, "cx": 631.868, "cy": 517.548}, "camera_to_world_matrix": [0.902363, 0.0416917, 0.428954, -5.2617, 0.430044, -0.0217145, -0.902546, -20.6388, -0.028314, 0.998894, -0.0375243, 0.873681, 0.0, 0.0, 0.0, 1.0]}, "007e2d010d8d467988f6fc4d3e7ec410_d1_4.png": {"intrinsics": {"fx": 1068.71, "fy": 1069.33, "cx": 631.868, "cy": 517.548}, "camera_to_world_matrix": [0.822927, 0.0349381, -0.567071, -5.25821, -0.566737, -0.0197649, -0.823661, -20.6391, -0.0399851, 0.999194, 0.00353497, 0.873537, 0.0, 0.0, 0.0, 1.0]}, "007e2d010d8d467988f6fc4d3e7ec410_d1_5.png": {"intrinsics": {"fx": 1068.71, "fy": 1069.33, "cx": 631.868, "cy": 517.548}, "camera_to_world_matrix": [-0.0793981, 0.033252, -0.996288, -5.25671, -0.996789, -0.0129362, 0.0790066, -20.6423, -0.0102609, 0.999363, 0.0341718, 0.87343, 0.0, 0.0, 0.0, 1.0]}, "007e2d010d8d467988f6fc4d3e7ec410_d2_0.png": {"intrinsics": {"fx": 1070.29, "fy": 1070.48, "cx": 636.783, "cy": 522.149}, "camera_to_world_matrix": [-0.899772, 0.322655, -0.293777, -5.25262, -0.435128, -0.612825, 0.659629, -20.6556, 0.0327983, 0.721345, 0.6918, 0.906348, 0.0, 0.0, 0.0, 1.0]}, "007e2d010d8d467988f6fc4d3e7ec410_d2_1.png": {"intrinsics": {"fx": 1070.29, "fy": 1070.48, "cx": 636.783, "cy": 522.149}, "camera_to_world_matrix": [-0.825879, -0.344761, 0.446166, -5.26711, 0.562075, -0.566117, 0.60298, -20.6545, 0.0446976, 0.748767, 0.661326, 0.906945, 0.0, 0.0, 0.0, 1.0]}, "007e2d010d8d467988f6fc4d3e7ec410_d2_2.png": {"intrinsics": {"fx": 1070.29, "fy": 1070.48, "cx": 636.783, "cy": 522.149}, "camera_to_world_matrix": [0.0740419, -0.637695, 0.766723, -5.27336, 0.997141, 0.0356646, -0.0666298, -20.6413, 0.0151444, 0.769463, 0.638513, 0.907391, 0.0, 0.0, 0.0, 1.0]}, "007e2d010d8d467988f6fc4d3e7ec410_d2_3.png": {"intrinsics": {"fx": 1070.29, "fy": 1070.48, "cx": 636.783, "cy": 522.149}, "camera_to_world_matrix": [0.900049, -0.263205, 0.347328, -5.26511, 0.434996, 0.590724, -0.679577, -20.6294, -0.0263074, 0.762738, 0.646174, 0.907239, 0.0, 0.0, 0.0, 1.0]}, "007e2d010d8d467988f6fc4d3e7ec410_d2_4.png": {"intrinsics": {"fx": 1070.29, "fy": 1070.48, "cx": 636.783, "cy": 522.149}, "camera_to_world_matrix": [0.826117, 0.40421, -0.392614, -5.25062, -0.562204, 0.543989, -0.6229, -20.6305, -0.038205, 0.735316, 0.676648, 0.906642, 0.0, 0.0, 0.0, 1.0]}, "007e2d010d8d467988f6fc4d3e7ec410_d2_5.png": {"intrinsics": {"fx": 1070.29, "fy": 1070.48, "cx": 636.783, "cy": 522.149}, "camera_to_world_matrix": [-0.073821, 0.69712, -0.713144, -5.24437, -0.997235, -0.0578034, 0.0467233, -20.6436, -0.00865065, 0.714621, 0.69946, 0.906196, 0.0, 0.0, 0.0, 1.0]}, "029cf65713c547dfab71506002ace32c_d0_0.png": {"intrinsics": {"fx": 1069.67, "fy": 1070.36, "cx": 632.9, "cy": 515.549}, "camera_to_world_matrix": [-0.66591, 0.506697, 0.547559, -1.04609, 0.745907, 0.465559, 0.476314, -4.82731, -0.0135745, 0.725611, -0.687971, 1.7694, 0.0, 0.0, 0.0, 1.0]}, "029cf65713c547dfab71506002ace32c_d0_1.png": {"intrinsics": {"fx": 1069.67, "fy": 1070.36, "cx": 632.9, "cy": 515.549}, "camera_to_world_matrix": [0.313074, 0.640745, 0.70102, -1.04912, 0.949281, -0.188477, -0.251676, -4.81308, -0.0291335, 0.744258, -0.667256, 1.769, 0.0, 0.0, 0.0, 1.0]}, "029cf65713c547dfab71506002ace32c_d0_2.png": {"intrinsics": {"fx": 1069.67, "fy": 1070.36, "cx": 632.9, "cy": 515.549}, "camera_to_world_matrix": [0.979004, 0.141148, 0.147061, -1.0383, 0.203437, -0.631365, -0.748325, -4.80335, -0.012775, 0.762531, -0.646825, 1.7686, 0.0, 0.0, 0.0, 1.0]}, "029cf65713c547dfab71506002ace32c_d0_3.png": {"intrinsics": {"fx": 1069.67, "fy": 1070.36, "cx": 632.9, "cy": 515.549}, "camera_to_world_matrix": [0.665934, -0.492487, -0.560346, -1.02447, -0.745764, -0.420206, -0.516974, -4.80785, 0.0191422, 0.762156, -0.64711, 1.7686, 0.0, 0.0, 0.0, 1.0]}, "029cf65713c547dfab71506002ace32c_d0_4.png": {"intrinsics": {"fx": 1069.67, "fy": 1070.36, "cx": 632.9, "cy": 515.549}, "camera_to_world_matrix": [-0.313058, -0.626509, -0.713778, -1.02144, -0.949099, 0.233836, 0.211022, -4.82208, 0.0347001, 0.743509, -0.667825, 1.76901, 0.0, 0.0, 0.0, 1.0]}, "029cf65713c547dfab71506002ace32c_d0_5.png": {"intrinsics": {"fx": 1069.67, "fy": 1070.36, "cx": 632.9, "cy": 515.549}, "camera_to_world_matrix": [-0.978958, -0.126895, -0.1598, -1.03226, -0.203229, 0.676704, 0.707649, -4.83181, 0.0183405, 0.725236, -0.688256, 1.76941, 0.0, 0.0, 0.0, 1.0]}, "029cf65713c547dfab71506002ace32c_d1_0.png": {"intrinsics": {"fx": 1068.71, "fy": 1069.33, "cx": 631.868, "cy": 517.548}, "camera_to_world_matrix": [-0.669025, 0.0156239, 0.743076, -1.03756, 0.743091, 0.0340152, 0.668324, -4.81891, -0.0148339, 0.999299, -0.0343677, 1.80233, 0.0, 0.0, 0.0, 1.0]}, "029cf65713c547dfab71506002ace32c_d1_1.png": {"intrinsics": {"fx": 1068.71, "fy": 1069.33, "cx": 631.868, "cy": 517.548}, "camera_to_world_matrix": [0.309106, 0.0156769, 0.950898, -1.03829, 0.950537, 0.0269829, -0.309434, -4.81548, -0.0305088, 0.999513, -0.00656162, 1.80223, 0.0, 0.0, 0.0, 1.0]}, "029cf65713c547dfab71506002ace32c_d1_2.png": {"intrinsics": {"fx": 1068.71, "fy": 1069.33, "cx": 631.868, "cy": 517.548}, "camera_to_world_matrix": [0.978137, 0.00961068, 0.207735, -1.03569, 0.207468, 0.0234227, -0.977961, -4.81314, -0.0142644, 0.999679, 0.020916, 1.80214, 0.0, 0.0, 0.0, 1.0]}, "029cf65713c547dfab71506002ace32c_d1_3.png": {"intrinsics": {"fx": 1068.71, "fy": 1069.33, "cx": 631.868, "cy": 517.548}, "camera_to_world_matrix": [0.669023, 0.00349154, -0.743233, -1.03236, -0.743032, 0.0268949, -0.668715, -4.81423, 0.0176545, 0.999632, 0.020587, 1.80214, 0.0, 0.0, 0.0, 1.0]}, "029cf65713c547dfab71506002ace32c_d1_4.png": {"intrinsics": {"fx": 1068.71, "fy": 1069.33, "cx": 631.868, "cy": 517.548}, "camera_to_world_matrix": [-0.309116, 0.0034388, -0.951018, -1.03163, -0.950439, 0.0339272, 0.309051, -4.81765, 0.0333283, 0.999418, -0.00721975, 1.80224, 0.0, 0.0, 0.0, 1.0]}, "029cf65713c547dfab71506002ace32c_d1_5.png": {"intrinsics": {"fx": 1068.71, "fy": 1069.33, "cx": 631.868, "cy": 517.548}, "camera_to_world_matrix": [-0.978118, 0.00950521, -0.207829, -1.03423, -0.207343, 0.0374872, 0.97755, -4.81999, 0.0170829, 0.999251, -0.0346968, 1.80233, 0.0, 0.0, 0.0, 1.0]}, "029cf65713c547dfab71506002ace32c_d2_0.png": {"intrinsics": {"fx": 1070.29, "fy": 1070.48, "cx": 636.783, "cy": 522.149}, "camera_to_world_matrix": [-0.6731, -0.486417, 0.557077, -1.04546, 0.739441, -0.429562, 0.518368, -4.82528, -0.0128442, 0.760839, 0.648816, 1.83587, 0.0, 0.0, 0.0, 1.0]}, "029cf65713c547dfab71506002ace32c_d2_1.png": {"intrinsics": {"fx": 1070.29, "fy": 1070.48, "cx": 636.783, "cy": 522.149}, "camera_to_world_matrix": [0.303865, -0.631546, 0.713314, -1.04848, 0.952285, 0.22387, -0.207455, -4.81105, -0.0286724, 0.742316, 0.669438, 1.83546, 0.0, 0.0, 0.0, 1.0]}, "029cf65713c547dfab71506002ace32c_d2_2.png": {"intrinsics": {"fx": 1070.29, "fy": 1070.48, "cx": 636.783, "cy": 522.149}, "camera_to_world_matrix": [0.97699, -0.138015, 0.162621, -1.03767, 0.212921, 0.676048, -0.705425, -4.80133, -0.0125801, 0.723818, 0.689878, 1.83506, 0.0, 0.0, 0.0, 1.0]}, "029cf65713c547dfab71506002ace32c_d2_3.png": {"intrinsics": {"fx": 1070.29, "fy": 1070.48, "cx": 636.783, "cy": 522.149}, "camera_to_world_matrix": [0.673134, 0.500633, -0.544297, -1.02383, -0.739269, 0.474783, -0.477561, -4.80583, 0.01934, 0.723843, 0.689695, 1.83507, 0.0, 0.0, 0.0, 1.0]}, "029cf65713c547dfab71506002ace32c_d2_4.png": {"intrinsics": {"fx": 1070.29, "fy": 1070.48, "cx": 636.783, "cy": 522.149}, "camera_to_world_matrix": [-0.30384, 0.645736, -0.700505, -1.02081, -0.952075, -0.178655, 0.248269, -4.82005, 0.0351672, 0.742366, 0.669072, 1.83547, 0.0, 0.0, 0.0, 1.0]}, "029cf65713c547dfab71506002ace32c_d2_5.png": {"intrinsics": {"fx": 1070.29, "fy": 1070.48, "cx": 636.783, "cy": 522.149}, "camera_to_world_matrix": [-0.976936, 0.152188, -0.149792, -1.03162, -0.212685, -0.630813, 0.746217, -4.82978, 0.0190738, 0.760864, 0.648632, 1.83587, 0.0, 0.0, 0.0, 1.0]}, "0595477618f44940b004970372df16dc_d0_0.png": {"intrinsics": {"fx": 1069.67, "fy": 1070.36, "cx": 632.9, "cy": 515.549}, "camera_to_world_matrix": [0.726017, 0.451031, 0.519104, -2.35701, 0.687283, -0.501402, -0.525582, -7.98342, 0.0232262, 0.738353, -0.674013, 4.68965, 0.0, 0.0, 0.0, 1.0]}, "0595477618f44940b004970372df16dc_d0_1.png": {"intrinsics": {"fx": 1069.67, "fy": 1070.36, "cx": 632.9, "cy": 515.549}, "camera_to_world_matrix": [0.958458, -0.19902, -0.204322, -2.34287, -0.285175, -0.654486, -0.700229, -7.97998, 0.00563353, 0.729408, -0.684055, 4.68985, 0.0, 0.0, 0.0, 1.0]}, "0595477618f44940b004970372df16dc_d0_2.png": {"intrinsics": {"fx": 1069.67, "fy": 1070.36, "cx": 632.9, "cy": 515.549}, "camera_to_world_matrix": [0.232394, -0.656738, -0.717416, -2.33282, -0.972508, -0.168131, -0.161116, -7.9905, -0.0148087, 0.735136, -0.677758, 4.68972, 0.0, 0.0, 0.0, 1.0]}, "0595477618f44940b004970372df16dc_d0_3.png": {"intrinsics": {"fx": 1069.67, "fy": 1070.36, "cx": 632.9, "cy": 515.549}, "camera_to_world_matrix": [-0.726094, -0.464396, -0.507072, -2.33691, -0.687367, 0.471298, 0.552632, -8.00446, -0.0176578, 0.749808, -0.661419, 4.6894, 0.0, 0.0, 0.0, 1.0]}, "0595477618f44940b004970372df16dc_d0_4.png": {"intrinsics": {"fx": 1069.67, "fy": 1070.36, "cx": 632.9, "cy": 515.549}, "camera_to_world_matrix": [-0.958497, 0.185661, 0.216361, -2.35105, 0.2851, 0.624358, 0.727251, -8.0079, -6.4654e-05, 0.758753, -0.651378, 4.68921, 0.0, 0.0, 0.0, 1.0]}, "0595477618f44940b004970372df16dc_d0_5.png": {"intrinsics": {"fx": 1069.67, "fy": 1070.36, "cx": 632.9, "cy": 515.549}, "camera_to_world_matrix": [-0.232406, 0.64336, 0.729434, -2.36109, 0.972404, 0.137984, 0.188118, -7.99738, 0.0203773, 0.753025, -0.657676, 4.68933, 0.0, 0.0, 0.0, 1.0]}, "0595477618f44940b004970372df16dc_d1_0.png": {"intrinsics": {"fx": 1068.71, "fy": 1069.33, "cx": 631.868, "cy": 517.548}, "camera_to_world_matrix": [0.723163, -0.00525109, 0.690657, -2.34967, 0.690329, -0.0261937, -0.72302, -7.99208, 0.0218876, 0.999643, -0.015318, 4.7228, 0.0, 0.0, 0.0, 1.0]}, "0595477618f44940b004970372df16dc_d1_1.png": {"intrinsics": {"fx": 1068.71, "fy": 1069.33, "cx": 631.868, "cy": 517.548}, "camera_to_world_matrix": [0.959651, -0.0122818, -0.280922, -2.34627, -0.281157, -0.0264522, -0.959297, -7.99125, 0.00435106, 0.999574, -0.0288387, 4.72284, 0.0, 0.0, 0.0, 1.0]}, "0595477618f44940b004970372df16dc_d1_2.png": {"intrinsics": {"fx": 1068.71, "fy": 1069.33, "cx": 631.868, "cy": 517.548}, "camera_to_world_matrix": [0.236454, -0.0160221, -0.97151, -2.34386, -0.971508, -0.0204936, -0.236115, -7.99378, -0.0161265, 0.999661, -0.0204121, 4.72282, 0.0, 0.0, 0.0, 1.0]}, "0595477618f44940b004970372df16dc_d1_3.png": {"intrinsics": {"fx": 1068.71, "fy": 1069.33, "cx": 631.868, "cy": 517.548}, "camera_to_world_matrix": [-0.723216, -0.0127316, -0.690504, -2.34484, -0.690358, -0.0142766, 0.723326, -7.99714, -0.019067, 0.999817, 0.00153502, 4.72274, 0.0, 0.0, 0.0, 1.0]}, "0595477618f44940b004970372df16dc_d1_4.png": {"intrinsics": {"fx": 1068.71, "fy": 1069.33, "cx": 631.868, "cy": 517.548}, "camera_to_world_matrix": [-0.959666, -0.0057009, 0.281084, -2.34824, 0.281137, -0.0140184, 0.959565, -7.99797, -0.00152989, 0.999885, 0.015055, 4.72269, 0.0, 0.0, 0.0, 1.0]}, "0595477618f44940b004970372df16dc_d1_5.png": {"intrinsics": {"fx": 1068.71, "fy": 1069.33, "cx": 631.868, "cy": 517.548}, "camera_to_world_matrix": [-0.236441, -0.00196082, 0.971644, -2.35066, 0.97146, -0.0199771, 0.236356, -7.99544, 0.0189473, 0.999798, 0.00662762, 4.72272, 0.0, 0.0, 0.0, 1.0]}, "0595477618f44940b004970372df16dc_d2_0.png": {"intrinsics": {"fx": 1070.29, "fy": 1070.48, "cx": 636.783, "cy": 522.149}, "camera_to_world_matrix": [0.719319, -0.47351, 0.508301, -2.3576, 0.694275, 0.464977, -0.549345, -7.98476, 0.0237719, 0.748054, 0.663213, 4.75613, 0.0, 0.0, 0.0, 1.0]}, "0595477618f44940b004970372df16dc_d2_1.png": {"intrinsics": {"fx": 1070.29, "fy": 1070.48, "cx": 636.783, "cy": 522.149}, "camera_to_world_matrix": [0.96117, 0.175607, -0.212876, -2.34347, -0.275889, 0.629118, -0.726703, -7.98132, 0.00631035, 0.757214, 0.653137, 4.75633, 0.0, 0.0, 0.0, 1.0]}, "0595477618f44940b004970372df16dc_d2_2.png": {"intrinsics": {"fx": 1070.29, "fy": 1070.48, "cx": 636.783, "cy": 522.149}, "camera_to_world_matrix": [0.2418, 0.642435, -0.727194, -2.33342, -0.970223, 0.149097, -0.190892, -7.99185, -0.0142134, 0.751697, 0.659357, 4.75621, 0.0, 0.0, 0.0, 1.0]}, "0595477618f44940b004970372df16dc_d2_3.png": {"intrinsics": {"fx": 1070.29, "fy": 1070.48, "cx": 636.783, "cy": 522.149}, "camera_to_world_matrix": [-0.719404, 0.460135, -0.520322, -2.33751, -0.694378, -0.495054, 0.522265, -8.00581, -0.0172751, 0.737019, 0.675652, 4.75589, 0.0, 0.0, 0.0, 1.0]}, "0595477618f44940b004970372df16dc_d2_4.png": {"intrinsics": {"fx": 1070.29, "fy": 1070.48, "cx": 636.783, "cy": 522.149}, "camera_to_world_matrix": [-0.961218, -0.188988, 0.200863, -2.35164, 0.275795, -0.65917, 0.699595, -8.00924, 0.00018701, 0.727859, 0.685728, 4.75569, 0.0, 0.0, 0.0, 1.0]}, "0595477618f44940b004970372df16dc_d2_5.png": {"intrinsics": {"fx": 1070.29, "fy": 1070.48, "cx": 636.783, "cy": 522.149}, "camera_to_world_matrix": [-0.241821, -0.655798, 0.715159, -2.36169, 0.970101, -0.17913, 0.163764, -7.99872, 0.0207104, 0.733377, 0.679508, 4.75581, 0.0, 0.0, 0.0, 1.0]}, "0990cc040127481d97727123df0c9e56_d0_0.png": {"intrinsics": {"fx": 1069.67, "fy": 1070.36, "cx": 632.9, "cy": 515.549}, "camera_to_world_matrix": [-0.406797, 0.606692, 0.682963, -3.652, 0.913068, 0.246583, 0.32481, -17.1727, 0.0286532, 0.755724, -0.654262, 0.822701, 0.0, 0.0, 0.0, 1.0]}, "0990cc040127481d97727123df0c9e56_d0_1.png": {"intrinsics": {"fx": 1069.67, "fy": 1070.36, "cx": 632.9, "cy": 515.549}, "camera_to_world_matrix": [0.58772, 0.534853, 0.607054, -3.65054, 0.808464, -0.417106, -0.415219, -17.1582, 0.0311249, 0.734815, -0.677553, 0.823156, 0.0, 0.0, 0.0, 1.0]}, "0990cc040127481d97727123df0c9e56_d0_2.png": {"intrinsics": {"fx": 1069.67, "fy": 1070.36, "cx": 632.9, "cy": 515.549}, "camera_to_world_matrix": [0.994488, -0.0761167, -0.0720948, -3.63727, -0.104708, -0.686655, -0.719403, -17.1523, 0.00525448, 0.722987, -0.690841, 0.823417, 0.0, 0.0, 0.0, 1.0]}, "0990cc040127481d97727123df0c9e56_d0_3.png": {"intrinsics": {"fx": 1069.67, "fy": 1070.36, "cx": 632.9, "cy": 515.549}, "camera_to_world_matrix": [0.40673, -0.615234, -0.67532, -3.62546, -0.913256, -0.292509, -0.28355, -17.1608, -0.0230871, 0.732069, -0.680839, 0.823222, 0.0, 0.0, 0.0, 1.0]}, "0990cc040127481d97727123df0c9e56_d0_4.png": {"intrinsics": {"fx": 1069.67, "fy": 1070.36, "cx": 632.9, "cy": 515.549}, "camera_to_world_matrix": [-0.587784, -0.543369, -0.599382, -3.62692, -0.808613, 0.371177, 0.456476, -17.1752, -0.0255578, 0.752978, -0.657549, 0.822767, 0.0, 0.0, 0.0, 1.0]}, "0990cc040127481d97727123df0c9e56_d0_5.png": {"intrinsics": {"fx": 1069.67, "fy": 1070.36, "cx": 632.9, "cy": 515.549}, "camera_to_world_matrix": [-0.994516, 0.067612, 0.0797791, -3.64019, 0.104575, 0.640702, 0.760633, -17.1812, 0.000313437, 0.764806, -0.644261, 0.822506, 0.0, 0.0, 0.0, 1.0]}, "0990cc040127481d97727123df0c9e56_d1_0.png": {"intrinsics": {"fx": 1068.71, "fy": 1069.33, "cx": 631.868, "cy": 517.548}, "camera_to_world_matrix": [-0.41059, 0.00113318, 0.911819, -3.64211, 0.911414, -0.0293262, 0.410444, -17.1692, 0.0272054, 0.999569, 0.0110076, 0.856133, 0.0, 0.0, 0.0, 1.0]}, "0990cc040127481d97727123df0c9e56_d1_1.png": {"intrinsics": {"fx": 1068.71, "fy": 1069.33, "cx": 631.868, "cy": 517.548}, "camera_to_world_matrix": [0.584357, -0.00096161, 0.811495, -3.64176, 0.810948, -0.0360393, -0.584006, -17.1657, 0.0298075, 0.999349, -0.0202807, 0.856242, 0.0, 0.0, 0.0, 1.0]}, "0990cc040127481d97727123df0c9e56_d1_2.png": {"intrinsics": {"fx": 1068.71, "fy": 1069.33, "cx": 631.868, "cy": 517.548}, "camera_to_world_matrix": [0.994926, -0.00782577, -0.100303, -3.63857, -0.100527, -0.0375814, -0.994224, -17.1643, 0.00401122, 0.999263, -0.0381781, 0.856305, 0.0, 0.0, 0.0, 1.0]}, "0990cc040127481d97727123df0c9e56_d1_3.png": {"intrinsics": {"fx": 1068.71, "fy": 1069.33, "cx": 631.868, "cy": 517.548}, "camera_to_world_matrix": [0.410538, -0.012595, -0.911756, -3.63573, -0.911517, -0.0324104, -0.409983, -17.1663, -0.0243865, 0.999395, -0.0247869, 0.856258, 0.0, 0.0, 0.0, 1.0]}, "0990cc040127481d97727123df0c9e56_d1_4.png": {"intrinsics": {"fx": 1068.71, "fy": 1069.33, "cx": 631.868, "cy": 517.548}, "camera_to_world_matrix": [-0.584405, -0.0104999, -0.811394, -3.63608, -0.811013, -0.0256974, 0.584464, -17.1698, -0.0269873, 0.999614, 0.00650143, 0.856148, 0.0, 0.0, 0.0, 1.0]}, "0990cc040127481d97727123df0c9e56_d1_5.png": {"intrinsics": {"fx": 1068.71, "fy": 1069.33, "cx": 631.868, "cy": 517.548}, "camera_to_world_matrix": [-0.994938, -0.00363571, 0.100421, -3.63927, 0.100479, -0.0241555, 0.994646, -17.1712, -0.00119039, 0.999701, 0.0243979, 0.856086, 0.0, 0.0, 0.0, 1.0]}, "0990cc040127481d97727123df0c9e56_d2_0.png": {"intrinsics": {"fx": 1070.29, "fy": 1070.48, "cx": 636.783, "cy": 522.149}, "camera_to_world_matrix": [-0.41563, -0.61227, 0.672591, -3.65238, 0.909074, -0.30318, 0.285776, -17.1748, 0.0289437, 0.730211, 0.682609, 0.889168, 0.0, 0.0, 0.0, 1.0]}, "0990cc040127481d97727123df0c9e56_d2_1.png": {"intrinsics": {"fx": 1070.29, "fy": 1070.48, "cx": 636.783, "cy": 522.149}, "camera_to_world_matrix": [0.579854, -0.551169, 0.599987, -3.65092, 0.814104, 0.363309, -0.453036, -17.1603, 0.0317186, 0.751146, 0.659375, 0.889624, 0.0, 0.0, 0.0, 1.0]}, "0990cc040127481d97727123df0c9e56_d2_2.png": {"intrinsics": {"fx": 1070.29, "fy": 1070.48, "cx": 636.783, "cy": 522.149}, "camera_to_world_matrix": [0.995452, 0.0568566, -0.0764551, -3.63765, -0.0950887, 0.643553, -0.759473, -17.1543, 0.00602166, 0.763287, 0.646033, 0.889884, 0.0, 0.0, 0.0, 1.0]}, "0990cc040127481d97727123df0c9e56_d2_3.png": {"intrinsics": {"fx": 1070.29, "fy": 1070.48, "cx": 636.783, "cy": 522.149}, "camera_to_world_matrix": [0.415557, 0.603767, -0.680278, -3.62585, -0.909291, 0.257302, -0.327089, -17.1628, -0.0224495, 0.754494, 0.655924, 0.889689, 0.0, 0.0, 0.0, 1.0]}, "0990cc040127481d97727123df0c9e56_d2_4.png": {"intrinsics": {"fx": 1070.29, "fy": 1070.48, "cx": 636.783, "cy": 522.149}, "camera_to_world_matrix": [-0.579923, 0.542641, -0.607645, -3.62731, -0.814282, -0.409185, 0.41172, -17.1773, -0.0252232, 0.733559, 0.679159, 0.889234, 0.0, 0.0, 0.0, 1.0]}, "0990cc040127481d97727123df0c9e56_d2_5.png": {"intrinsics": {"fx": 1070.29, "fy": 1070.48, "cx": 636.783, "cy": 522.149}, "camera_to_world_matrix": [-0.995485, -0.0653958, 0.0688091, -3.64057, 0.0949272, -0.689405, 0.71813, -17.1833, 0.000474434, 0.721419, 0.692501, 0.888974, 0.0, 0.0, 0.0, 1.0]}, "0b124e1ec3bf4e6fb2ec42f179cc9ff0_d0_0.png": {"intrinsics": {"fx": 1069.67, "fy": 1070.36, "cx": 632.9, "cy": 515.549}, "camera_to_world_matrix": [-0.817605, -0.368583, -0.442342, -2.75405, -0.575373, 0.551829, 0.60368, -17.448, 0.0215905, 0.748084, -0.663252, 0.82441, 0.0, 0.0, 0.0, 1.0]}, "0b124e1ec3bf4e6fb2ec42f179cc9ff0_d0_1.png": {"intrinsics": {"fx": 1069.67, "fy": 1070.36, "cx": 632.9, "cy": 515.549}, "camera_to_world_matrix": [-0.907072, 0.296694, 0.298649, -2.76854, 0.420615, 0.609453, 0.672048, -17.4494, 0.0173803, 0.735213, -0.677613, 0.824691, 0.0, 0.0, 0.0, 1.0]}, "0b124e1ec3bf4e6fb2ec42f179cc9ff0_d0_2.png": {"intrinsics": {"fx": 1069.67, "fy": 1070.36, "cx": 632.9, "cy": 515.549}, "camera_to_world_matrix": [-0.0893937, 0.679287, 0.728407, -2.77696, 0.995994, 0.0620154, 0.0643999, -17.4375, -0.00142633, 0.731247, -0.682111, 0.824779, 0.0, 0.0, 0.0, 1.0]}, "0b124e1ec3bf4e6fb2ec42f179cc9ff0_d0_3.png": {"intrinsics": {"fx": 1069.67, "fy": 1070.36, "cx": 632.9, "cy": 515.549}, "camera_to_world_matrix": [0.817732, 0.396593, 0.417164, -2.7709, 0.575374, -0.543034, -0.611602, -17.4243, -0.0160224, 0.740153, -0.672248, 0.824587, 0.0, 0.0, 0.0, 1.0]}, "0b124e1ec3bf4e6fb2ec42f179cc9ff0_d0_4.png": {"intrinsics": {"fx": 1069.67, "fy": 1070.36, "cx": 632.9, "cy": 515.549}, "camera_to_world_matrix": [0.90716, -0.268687, -0.32383, -2.75641, -0.420617, -0.600633, -0.679941, -17.4229, -0.0118115, 0.753024, -0.657887, 0.824306, 0.0, 0.0, 0.0, 1.0]}, "0b124e1ec3bf4e6fb2ec42f179cc9ff0_d0_5.png": {"intrinsics": {"fx": 1069.67, "fy": 1070.36, "cx": 632.9, "cy": 515.549}, "camera_to_world_matrix": [0.0894595, -0.651258, -0.753564, -2.74799, -0.995965, -0.0531804, -0.0722757, -17.4348, 0.00699544, 0.756989, -0.653389, 0.824217, 0.0, 0.0, 0.0, 1.0]}, "0b124e1ec3bf4e6fb2ec42f179cc9ff0_d1_0.png": {"intrinsics": {"fx": 1068.71, "fy": 1069.33, "cx": 631.868, "cy": 517.548}, "camera_to_world_matrix": [-0.815231, 0.0159911, -0.578913, -2.75982, -0.578782, 0.0123549, 0.815388, -17.4388, 0.0201915, 0.999795, -0.000817384, 0.857721, 0.0, 0.0, 0.0, 1.0]}, "0b124e1ec3bf4e6fb2ec42f179cc9ff0_d1_1.png": {"intrinsics": {"fx": 1068.71, "fy": 1069.33, "cx": 631.868, "cy": 517.548}, "camera_to_world_matrix": [-0.908843, 0.0229846, 0.416504, -2.76331, 0.416828, 0.0115953, 0.908911, -17.4391, 0.0160616, 0.999668, -0.0201196, 0.857788, 0.0, 0.0, 0.0, 1.0]}, "0b124e1ec3bf4e6fb2ec42f179cc9ff0_d1_2.png": {"intrinsics": {"fx": 1068.71, "fy": 1069.33, "cx": 631.868, "cy": 517.548}, "camera_to_world_matrix": [-0.0935644, 0.0258243, 0.995278, -2.76533, 0.995609, 0.00515808, 0.0934615, -17.4363, -0.00271998, 0.999653, -0.0261942, 0.857809, 0.0, 0.0, 0.0, 1.0]}, "0b124e1ec3bf4e6fb2ec42f179cc9ff0_d1_3.png": {"intrinsics": {"fx": 1068.71, "fy": 1069.33, "cx": 631.868, "cy": 517.548}, "camera_to_world_matrix": [0.815307, 0.0216704, 0.578622, -2.76387, 0.578767, -0.000519514, -0.815492, -17.4331, -0.0173713, 0.999765, -0.0129663, 0.857763, 0.0, 0.0, 0.0, 1.0]}, "0b124e1ec3bf4e6fb2ec42f179cc9ff0_d1_4.png": {"intrinsics": {"fx": 1068.71, "fy": 1069.33, "cx": 631.868, "cy": 517.548}, "camera_to_world_matrix": [0.90888, 0.0146769, -0.416799, -2.76039, -0.416847, 0.00024028, -0.908976, -17.4328, -0.0132407, 0.999892, 0.00633575, 0.857696, 0.0, 0.0, 0.0, 1.0]}, "0b124e1ec3bf4e6fb2ec42f179cc9ff0_d1_5.png": {"intrinsics": {"fx": 1068.71, "fy": 1069.33, "cx": 631.868, "cy": 517.548}, "camera_to_world_matrix": [0.0935785, 0.0118375, -0.995541, -2.75836, -0.995596, 0.00667765, -0.0935041, -17.4356, 0.00554118, 0.999907, 0.0124096, 0.857674, 0.0, 0.0, 0.0, 1.0]}, "0b124e1ec3bf4e6fb2ec42f179cc9ff0_d2_0.png": {"intrinsics": {"fx": 1070.29, "fy": 1070.48, "cx": 636.783, "cy": 522.149}, "camera_to_world_matrix": [-0.811985, 0.406513, -0.418843, -2.7528, -0.583265, -0.538075, 0.608504, -17.4476, 0.0219958, 0.738392, 0.674014, 0.890897, 0.0, 0.0, 0.0, 1.0]}, "0b124e1ec3bf4e6fb2ec42f179cc9ff0_d2_1.png": {"intrinsics": {"fx": 1070.29, "fy": 1070.48, "cx": 636.783, "cy": 522.149}, "camera_to_world_matrix": [-0.911094, -0.259438, 0.320315, -2.76728, 0.41181, -0.606776, 0.679879, -17.449, 0.0179726, 0.751342, 0.65967, 0.891178, 0.0, 0.0, 0.0, 1.0]}, "0b124e1ec3bf4e6fb2ec42f179cc9ff0_d2_2.png": {"intrinsics": {"fx": 1070.29, "fy": 1070.48, "cx": 636.783, "cy": 522.149}, "camera_to_world_matrix": [-0.0990269, -0.651959, 0.75176, -2.77571, 0.995085, -0.0642923, 0.0753226, -17.4371, -0.000775086, 0.755524, 0.655122, 0.891266, 0.0, 0.0, 0.0, 1.0]}, "0b124e1ec3bf4e6fb2ec42f179cc9ff0_d2_3.png": {"intrinsics": {"fx": 1070.29, "fy": 1070.48, "cx": 636.783, "cy": 522.149}, "camera_to_world_matrix": [0.81213, -0.378519, 0.444038, -2.76964, 0.583272, 0.546881, -0.600596, -17.4239, -0.0154992, 0.746756, 0.664918, 0.891074, 0.0, 0.0, 0.0, 1.0]}, "0b124e1ec3bf4e6fb2ec42f179cc9ff0_d2_4.png": {"intrinsics": {"fx": 1070.29, "fy": 1070.48, "cx": 636.783, "cy": 522.149}, "camera_to_world_matrix": [0.9112, 0.287435, -0.295123, -2.75516, -0.411807, 0.615556, -0.671942, -17.4225, -0.0114753, 0.733806, 0.679263, 0.890793, 0.0, 0.0, 0.0, 1.0]}, "0b124e1ec3bf4e6fb2ec42f179cc9ff0_d2_5.png": {"intrinsics": {"fx": 1070.29, "fy": 1070.48, "cx": 636.783, "cy": 522.149}, "camera_to_world_matrix": [0.0991103, 0.679934, -0.726544, -2.74674, -0.995051, 0.0730568, -0.0673685, -17.4344, 0.00727265, 0.729625, 0.68381, 0.890705, 0.0, 0.0, 0.0, 1.0]}, "0b25134b02314f938540fda1da19c2f4_d0_0.png": {"intrinsics": {"fx": 1069.67, "fy": 1070.36, "cx": 632.9, "cy": 515.549}, "camera_to_world_matrix": [0.847424, 0.350845, 0.39847, 0.106347, 0.530476, -0.590045, -0.608638, -5.13214, 0.0215775, 0.727154, -0.686135, 4.43817, 0.0, 0.0, 0.0, 1.0]}, "0b25134b02314f938540fda1da19c2f4_d0_1.png": {"intrinsics": {"fx": 1069.67, "fy": 1070.36, "cx": 632.9, "cy": 515.549}, "camera_to_world_matrix": [0.883466, -0.316683, -0.345251, 0.120886, -0.468398, -0.61198, -0.637246, -5.13155, -0.00948183, 0.724701, -0.688998, 4.43823, 0.0, 0.0, 0.0, 1.0]}, "0b25134b02314f938540fda1da19c2f4_d0_2.png": {"intrinsics": {"fx": 1069.67, "fy": 1070.36, "cx": 632.9, "cy": 515.549}, "camera_to_world_matrix": [0.0360146, -0.669492, -0.741944, 0.128661, -0.99895, -0.0451239, -0.00777233, -5.14385, -0.0282757, 0.741446, -0.670416, 4.43787, 0.0, 0.0, 0.0, 1.0]}, "0b25134b02314f938540fda1da19c2f4_d0_3.png": {"intrinsics": {"fx": 1069.67, "fy": 1070.36, "cx": 632.9, "cy": 515.549}, "camera_to_world_matrix": [-0.84746, -0.354766, -0.394907, 0.121899, -0.530617, 0.543654, 0.650296, -5.15672, -0.0160098, 0.760644, -0.648971, 4.43745, 0.0, 0.0, 0.0, 1.0]}, "0b25134b02314f938540fda1da19c2f4_d0_4.png": {"intrinsics": {"fx": 1069.67, "fy": 1070.36, "cx": 632.9, "cy": 515.549}, "camera_to_world_matrix": [-0.883463, 0.312763, 0.348815, 0.10736, 0.468259, 0.565563, 0.678875, -5.15731, 0.0150496, 0.763097, -0.646109, 4.43739, 0.0, 0.0, 0.0, 1.0]}, "0b25134b02314f938540fda1da19c2f4_d0_5.png": {"intrinsics": {"fx": 1069.67, "fy": 1070.36, "cx": 632.9, "cy": 515.549}, "camera_to_world_matrix": [-0.0359902, 0.66555, 0.745484, 0.099585, 0.998778, -0.00130669, 0.0493851, -5.14501, 0.0338426, 0.746351, -0.664691, 4.43775, 0.0, 0.0, 0.0, 1.0]}, "0b25134b02314f938540fda1da19c2f4_d1_0.png": {"intrinsics": {"fx": 1068.71, "fy": 1069.33, "cx": 631.868, "cy": 517.548}, "camera_to_world_matrix": [0.845213, -0.000157235, 0.534429, 0.112165, 0.534042, -0.0377507, -0.844614, -5.14251, 0.020308, 0.999287, -0.0318241, 4.47113, 0.0, 0.0, 0.0, 1.0]}, "0b25134b02314f938540fda1da19c2f4_d1_1.png": {"intrinsics": {"fx": 1068.71, "fy": 1069.33, "cx": 631.868, "cy": 517.548}, "camera_to_world_matrix": [0.885415, -0.00710134, -0.464747, 0.115662, -0.464676, -0.0366186, -0.884723, -5.14237, -0.0107355, 0.999304, -0.0357231, 4.47114, 0.0, 0.0, 0.0, 1.0]}, "0b25134b02314f938540fda1da19c2f4_d1_2.png": {"intrinsics": {"fx": 1068.71, "fy": 1069.33, "cx": 631.868, "cy": 517.548}, "camera_to_world_matrix": [0.040178, -0.0095929, -0.999146, 0.117532, -0.998752, -0.0300417, -0.0398736, -5.14533, -0.0296334, 0.999502, -0.0107886, 4.47106, 0.0, 0.0, 0.0, 1.0]}, "0b25134b02314f938540fda1da19c2f4_d1_3.png": {"intrinsics": {"fx": 1068.71, "fy": 1069.33, "cx": 631.868, "cy": 517.548}, "camera_to_world_matrix": [-0.845241, -0.00514031, -0.534359, 0.115906, -0.534098, -0.0245971, 0.845065, -5.14842, -0.0174874, 0.999684, 0.0180444, 4.47095, 0.0, 0.0, 0.0, 1.0]}, "0b25134b02314f938540fda1da19c2f4_d1_4.png": {"intrinsics": {"fx": 1068.71, "fy": 1069.33, "cx": 631.868, "cy": 517.548}, "camera_to_world_matrix": [-0.885404, 0.00180375, 0.464818, 0.112408, 0.464623, -0.0257295, 0.885134, -5.14856, 0.0135562, 0.999667, 0.0219423, 4.47094, 0.0, 0.0, 0.0, 1.0]}, "0b25134b02314f938540fda1da19c2f4_d1_5.png": {"intrinsics": {"fx": 1068.71, "fy": 1069.33, "cx": 631.868, "cy": 517.548}, "camera_to_world_matrix": [-0.0401463, 0.00429506, 0.999185, 0.110538, 0.998666, -0.0323064, 0.0402642, -5.14561, 0.0324532, 0.999468, -0.00299301, 4.47103, 0.0, 0.0, 0.0, 1.0]}, "0b25134b02314f938540fda1da19c2f4_d2_0.png": {"intrinsics": {"fx": 1070.29, "fy": 1070.48, "cx": 636.783, "cy": 522.149}, "camera_to_world_matrix": [0.842241, -0.364965, 0.396778, 0.106171, 0.538643, 0.539275, -0.647339, -5.13421, 0.0222831, 0.758936, 0.650786, 4.50464, 0.0, 0.0, 0.0, 1.0]}, "0b25134b02314f938540fda1da19c2f4_d2_1.png": {"intrinsics": {"fx": 1070.29, "fy": 1070.48, "cx": 636.783, "cy": 522.149}, "camera_to_world_matrix": [0.887962, 0.303829, -0.345274, 0.12071, -0.459837, 0.57223, -0.679047, -5.13363, -0.00873833, 0.761736, 0.64783, 4.5047, 0.0, 0.0, 0.0, 1.0]}, "0b25134b02314f938540fda1da19c2f4_d2_2.png": {"intrinsics": {"fx": 1070.29, "fy": 1070.48, "cx": 636.783, "cy": 522.149}, "camera_to_world_matrix": [0.0456921, 0.66682, -0.743818, 0.128485, -0.998571, 0.00978708, -0.0525678, -5.14592, -0.0277737, 0.745155, 0.666314, 4.50433, 0.0, 0.0, 0.0, 1.0]}, "0b25134b02314f938540fda1da19c2f4_d2_3.png": {"intrinsics": {"fx": 1070.29, "fy": 1070.48, "cx": 636.783, "cy": 522.149}, "camera_to_world_matrix": [-0.842279, 0.361008, -0.400301, 0.121722, -0.538812, -0.585598, 0.605605, -5.1588, -0.0157872, 0.725775, 0.687752, 4.50391, 0.0, 0.0, 0.0, 1.0]}, "0b25134b02314f938540fda1da19c2f4_d2_4.png": {"intrinsics": {"fx": 1070.29, "fy": 1070.48, "cx": 636.783, "cy": 522.149}, "camera_to_world_matrix": [-0.887961, -0.307787, 0.341752, 0.107184, 0.459669, -0.618526, 0.637284, -5.15938, 0.0152344, 0.722975, 0.690707, 4.50386, 0.0, 0.0, 0.0, 1.0]}, "0b25134b02314f938540fda1da19c2f4_d2_5.png": {"intrinsics": {"fx": 1070.29, "fy": 1070.48, "cx": 636.783, "cy": 522.149}, "camera_to_world_matrix": [-0.0456701, -0.670756, 0.740272, 0.0994088, 0.99837, -0.056069, 0.0107898, -5.14709, 0.0342687, 0.739556, 0.672223, 4.50422, 0.0, 0.0, 0.0, 1.0]}, "0e0c08b705704f80b5f31c2bd3a40583_d0_0.png": {"intrinsics": {"fx": 1069.67, "fy": 1070.36, "cx": 632.9, "cy": 515.549}, "camera_to_world_matrix": [-0.977873, -0.10685, -0.179845, 2.44674, -0.205489, 0.651687, 0.730121, -2.61576, 0.0391895, 0.750923, -0.659225, 4.67717, 0.0, 0.0, 0.0, 1.0]}, "0e0c08b705704f80b5f31c2bd3a40583_d0_1.png": {"intrinsics": {"fx": 1069.67, "fy": 1070.36, "cx": 632.9, "cy": 515.549}, "camera_to_world_matrix": [-0.666596, 0.526709, 0.52747, 2.4329, 0.744797, 0.441748, 0.500134, -2.61129, 0.0304165, 0.726247, -0.686761, 4.67771, 0.0, 0.0, 0.0, 1.0]}, "0e0c08b705704f80b5f31c2bd3a40583_d0_2.png": {"intrinsics": {"fx": 1069.67, "fy": 1070.36, "cx": 632.9, "cy": 515.549}, "camera_to_world_matrix": [0.311398, 0.661732, 0.682012, 2.42986, 0.95026, -0.212314, -0.227875, -2.59706, -0.00599088, 0.719049, -0.694933, 4.67787, 0.0, 0.0, 0.0, 1.0]}, "0e0c08b705704f80b5f31c2bd3a40583_d0_3.png": {"intrinsics": {"fx": 1069.67, "fy": 1070.36, "cx": 632.9, "cy": 515.549}, "camera_to_world_matrix": [0.978092, 0.163192, 0.129235, 2.44065, 0.205433, -0.656424, -0.725881, -2.58731, -0.0336245, 0.736529, -0.67557, 4.67749, 0.0, 0.0, 0.0, 1.0]}, "0e0c08b705704f80b5f31c2bd3a40583_d0_4.png": {"intrinsics": {"fx": 1069.67, "fy": 1070.36, "cx": 632.9, "cy": 515.549}, "camera_to_world_matrix": [0.666778, -0.47036, -0.578072, 2.45448, -0.744841, -0.44646, -0.495867, -2.59178, -0.0248502, 0.761205, -0.648035, 4.67695, 0.0, 0.0, 0.0, 1.0]}, "0e0c08b705704f80b5f31c2bd3a40583_d0_5.png": {"intrinsics": {"fx": 1069.67, "fy": 1070.36, "cx": 632.9, "cy": 515.549}, "camera_to_world_matrix": [-0.311224, -0.605356, -0.732585, 2.45752, -0.950265, 0.207608, 0.232149, -2.60601, 0.0115577, 0.768401, -0.639863, 4.67679, 0.0, 0.0, 0.0, 1.0]}, "0e0c08b705704f80b5f31c2bd3a40583_d1_0.png": {"intrinsics": {"fx": 1068.71, "fy": 1069.33, "cx": 631.868, "cy": 517.548}, "camera_to_world_matrix": [-0.977066, 0.0378021, -0.209551, 2.44568, -0.209557, 0.00385674, 0.977789, -2.60506, 0.0377708, 0.999277, 0.00415273, 4.71052, 0.0, 0.0, 0.0, 1.0]}, "0e0c08b705704f80b5f31c2bd3a40583_d1_1.png": {"intrinsics": {"fx": 1068.71, "fy": 1069.33, "cx": 631.868, "cy": 517.548}, "camera_to_world_matrix": [-0.669743, 0.0439229, 0.741292, 2.44235, 0.742019, 0.000395653, 0.670377, -2.60399, 0.0291518, 0.999034, -0.0328573, 4.71065, 0.0, 0.0, 0.0, 1.0]}, "0e0c08b705704f80b5f31c2bd3a40583_d1_2.png": {"intrinsics": {"fx": 1068.71, "fy": 1069.33, "cx": 631.868, "cy": 517.548}, "camera_to_world_matrix": [0.307391, 0.0439873, 0.950566, 2.44162, 0.951555, -0.00663981, -0.307404, -2.60056, -0.00721014, 0.99901, -0.043898, 4.71069, 0.0, 0.0, 0.0, 1.0]}, "0e0c08b705704f80b5f31c2bd3a40583_d1_3.png": {"intrinsics": {"fx": 1068.71, "fy": 1069.33, "cx": 631.868, "cy": 517.548}, "camera_to_world_matrix": [0.977181, 0.0379309, 0.208991, 2.44422, 0.20951, -0.010214, -0.977753, -2.59822, -0.0349522, 0.999228, -0.0179285, 4.7106, 0.0, 0.0, 0.0, 1.0]}, "0e0c08b705704f80b5f31c2bd3a40583_d1_4.png": {"intrinsics": {"fx": 1068.71, "fy": 1069.33, "cx": 631.868, "cy": 517.548}, "camera_to_world_matrix": [0.669821, 0.0318102, -0.74184, 2.44754, -0.742055, -0.00675268, -0.670304, -2.59929, -0.0263318, 0.999471, 0.0190812, 4.71047, 0.0, 0.0, 0.0, 1.0]}, "0e0c08b705704f80b5f31c2bd3a40583_d1_5.png": {"intrinsics": {"fx": 1068.71, "fy": 1069.33, "cx": 631.868, "cy": 517.548}, "camera_to_world_matrix": [-0.307322, 0.0317461, -0.951076, 2.44828, -0.951552, 0.000282777, 0.307486, -2.60272, 0.0100306, 0.999496, 0.0301205, 4.71043, 0.0, 0.0, 0.0, 1.0]}, "0e0c08b705704f80b5f31c2bd3a40583_d2_0.png": {"intrinsics": {"fx": 1070.29, "fy": 1070.48, "cx": 636.783, "cy": 522.149}, "camera_to_world_matrix": [-0.975823, 0.17423, -0.131969, 2.44925, -0.21496, -0.655786, 0.723697, -2.61597, 0.0395463, 0.734567, 0.677384, 4.74362, 0.0, 0.0, 0.0, 1.0]}, "0e0c08b705704f80b5f31c2bd3a40583_d2_1.png": {"intrinsics": {"fx": 1070.29, "fy": 1070.48, "cx": 636.783, "cy": 522.149}, "camera_to_world_matrix": [-0.673758, -0.464323, 0.574852, 2.43542, 0.738297, -0.455756, 0.497197, -2.6115, 0.031132, 0.759402, 0.649878, 4.74416, 0.0, 0.0, 0.0, 1.0]}, "0e0c08b705704f80b5f31c2bd3a40583_d2_2.png": {"intrinsics": {"fx": 1070.29, "fy": 1070.48, "cx": 636.783, "cy": 522.149}, "camera_to_world_matrix": [0.302203, -0.610417, 0.732165, 2.43237, 0.953231, 0.197679, -0.228639, -2.59727, -0.00516832, 0.767016, 0.641608, 4.74432, 0.0, 0.0, 0.0, 1.0]}, "0e0c08b705704f80b5f31c2bd3a40583_d2_3.png": {"intrinsics": {"fx": 1070.29, "fy": 1070.48, "cx": 636.783, "cy": 522.149}, "camera_to_world_matrix": [0.976077, -0.117955, 0.182653, 2.44316, 0.214902, 0.65107, -0.72796, -2.58752, -0.0330534, 0.749797, 0.660843, 4.74395, 0.0, 0.0, 0.0, 1.0]}, "0e0c08b705704f80b5f31c2bd3a40583_d2_4.png": {"intrinsics": {"fx": 1070.29, "fy": 1070.48, "cx": 636.783, "cy": 522.149}, "camera_to_world_matrix": [0.673975, 0.520591, -0.52416, 2.457, -0.738344, 0.451015, -0.501433, -2.59199, -0.0246376, 0.724963, 0.688349, 4.74341, 0.0, 0.0, 0.0, 1.0]}, "0e0c08b705704f80b5f31c2bd3a40583_d2_5.png": {"intrinsics": {"fx": 1070.29, "fy": 1070.48, "cx": 636.783, "cy": 522.149}, "camera_to_world_matrix": [-0.301994, 0.666659, -0.681444, 2.46004, -0.953239, -0.202426, 0.22441, -2.60622, 0.0116632, 0.717349, 0.696618, 4.74325, 0.0, 0.0, 0.0, 1.0]}, "0e8aea225d0942f494fd2255f49eb314_d0_0.png": {"intrinsics": {"fx": 1069.67, "fy": 1070.36, "cx": 632.9, "cy": 515.549}, "camera_to_world_matrix": [0.767798, 0.418962, 0.484721, -3.60565, 0.640088, -0.534396, -0.552003, -10.0875, 0.0277652, 0.734092, -0.678482, 4.70131, 0.0, 0.0, 0.0, 1.0]}, "0e8aea225d0942f494fd2255f49eb314_d0_1.png": {"intrinsics": {"fx": 1069.67, "fy": 1070.36, "cx": 632.9, "cy": 515.549}, "camera_to_world_matrix": [0.938637, -0.239431, -0.248258, -3.59133, -0.344895, -0.646242, -0.680747, -10.085, 0.00255733, 0.724598, -0.689167, 4.70152, 0.0, 0.0, 0.0, 1.0]}, "0e8aea225d0942f494fd2255f49eb314_d0_2.png": {"intrinsics": {"fx": 1069.67, "fy": 1070.36, "cx": 632.9, "cy": 515.549}, "camera_to_world_matrix": [0.17079, -0.665666, -0.726442, -3.58196, -0.985051, -0.132134, -0.110511, -10.0961, -0.0224243, 0.734457, -0.678284, 4.7013, 0.0, 0.0, 0.0, 1.0]}, "0e8aea225d0942f494fd2255f49eb314_d0_3.png": {"intrinsics": {"fx": 1069.67, "fy": 1070.36, "cx": 632.9, "cy": 515.549}, "camera_to_world_matrix": [-0.767878, -0.433499, -0.471636, -3.58692, -0.64021, 0.493809, 0.588458, -10.1098, -0.0221975, 0.75381, -0.656717, 4.70088, 0.0, 0.0, 0.0, 1.0]}, "0e8aea225d0942f494fd2255f49eb314_d0_4.png": {"intrinsics": {"fx": 1069.67, "fy": 1070.36, "cx": 632.9, "cy": 515.549}, "camera_to_world_matrix": [-0.938678, 0.224898, 0.261349, -3.60125, 0.34478, 0.60563, 0.717174, -10.1123, 0.00301084, 0.763303, -0.646033, 4.70067, 0.0, 0.0, 0.0, 1.0]}, "0e8aea225d0942f494fd2255f49eb314_d0_5.png": {"intrinsics": {"fx": 1069.67, "fy": 1070.36, "cx": 632.9, "cy": 515.549}, "camera_to_world_matrix": [-0.170806, 0.651113, 0.73951, -3.61061, 0.984906, 0.0915048, 0.146918, -10.1012, 0.0279919, 0.753443, -0.656916, 4.70089, 0.0, 0.0, 0.0, 1.0]}, "0e8aea225d0942f494fd2255f49eb314_d1_0.png": {"intrinsics": {"fx": 1068.71, "fy": 1069.33, "cx": 631.868, "cy": 517.548}, "camera_to_world_matrix": [0.765141, -0.00642096, 0.64383, -3.59887, 0.643318, -0.0334579, -0.764867, -10.0969, 0.0264525, 0.999419, -0.0214699, 4.73438, 0.0, 0.0, 0.0, 1.0]}, "0e8aea225d0942f494fd2255f49eb314_d1_1.png": {"intrinsics": {"fx": 1068.71, "fy": 1069.33, "cx": 631.868, "cy": 517.548}, "camera_to_world_matrix": [0.94008, -0.013454, -0.340687, -3.59542, -0.34095, -0.0332734, -0.939492, -10.0962, 0.00130433, 0.999355, -0.0358675, 4.73443, 0.0, 0.0, 0.0, 1.0]}, "0e8aea225d0942f494fd2255f49eb314_d1_2.png": {"intrinsics": {"fx": 1068.71, "fy": 1069.33, "cx": 631.868, "cy": 517.548}, "camera_to_world_matrix": [0.174904, -0.0168123, -0.984442, -3.59317, -0.984299, -0.0270923, -0.174416, -10.0989, -0.0237383, 0.999491, -0.0212876, 4.73438, 0.0, 0.0, 0.0, 1.0]}, "0e8aea225d0942f494fd2255f49eb314_d1_3.png": {"intrinsics": {"fx": 1068.71, "fy": 1069.33, "cx": 631.868