{"03de84eb12c24a93bdfd88e46a6db25a_d0_0.png": {"intrinsics": {"fx": 1073.69, "fy": 1074.73, "cx": 638.041, "cy": 521.835}, "camera_to_world_matrix": [0.0200132, 0.653947, 0.756275, -1.0409, 0.999779, -0.00830382, -0.0192768, -3.76548, -0.00632587, 0.756494, -0.65397, 1.51102, 0.0, 0.0, 0.0, 1.0]}, "03de84eb12c24a93bdfd88e46a6db25a_d0_1.png": {"intrinsics": {"fx": 1073.69, "fy": 1074.73, "cx": 638.041, "cy": 521.835}, "camera_to_world_matrix": [0.875832, 0.311132, 0.368935, -1.03342, 0.482597, -0.571025, -0.664101, -3.753, 0.0040481, 0.759688, -0.650275, 1.51095, 0.0, 0.0, 0.0, 1.0]}, "03de84eb12c24a93bdfd88e46a6db25a_d0_2.png": {"intrinsics": {"fx": 1073.69, "fy": 1074.73, "cx": 638.041, "cy": 521.835}, "camera_to_world_matrix": [0.85578, -0.3476, -0.383163, -1.01887, -0.517163, -0.555528, -0.651099, -3.75325, 0.0134645, 0.755355, -0.655177, 1.51104, 0.0, 0.0, 0.0, 1.0]}, "03de84eb12c24a93bdfd88e46a6db25a_d0_3.png": {"intrinsics": {"fx": 1073.69, "fy": 1074.73, "cx": 638.041, "cy": 521.835}, "camera_to_world_matrix": [-0.0200914, -0.663503, -0.747903, -1.01181, -0.999719, 0.0226898, 0.00672691, -3.76597, 0.0125066, 0.747829, -0.663774, 1.51121, 0.0, 0.0, 0.0, 1.0]}, "03de84eb12c24a93bdfd88e46a6db25a_d0_4.png": {"intrinsics": {"fx": 1073.69, "fy": 1074.73, "cx": 638.041, "cy": 521.835}, "camera_to_world_matrix": [-0.875891, -0.320666, -0.360538, -1.0193, -0.482504, 0.585398, 0.651536, -3.77845, 0.00213248, 0.744635, -0.667468, 1.51128, 0.0, 0.0, 0.0, 1.0]}, "03de84eb12c24a93bdfd88e46a6db25a_d0_5.png": {"intrinsics": {"fx": 1073.69, "fy": 1074.73, "cx": 638.041, "cy": 521.835}, "camera_to_world_matrix": [-0.855799, 0.338065, 0.39156, -1.03384, 0.517256, 0.569875, 0.638504, -3.7782, -0.00728363, 0.748968, -0.662566, 1.51119, 0.0, 0.0, 0.0, 1.0]}, "03de84eb12c24a93bdfd88e46a6db25a_d1_0.png": {"intrinsics": {"fx": 1076.66, "fy": 1077.13, "cx": 629.822, "cy": 529.542}, "camera_to_world_matrix": [0.0168535, -0.00983606, 0.99981, -1.03007, 0.999852, -0.00329174, -0.0168865, -3.76535, 0.00345709, 0.999946, 0.00977957, 1.54434, 0.0, 0.0, 0.0, 1.0]}, "03de84eb12c24a93bdfd88e46a6db25a_d1_1.png": {"intrinsics": {"fx": 1076.66, "fy": 1077.13, "cx": 629.822, "cy": 529.542}, "camera_to_world_matrix": [0.874204, -0.0192107, 0.485179, -1.02826, 0.485363, 0.00614317, -0.874292, -3.76235, 0.0138151, 0.999797, 0.014695, 1.54432, 0.0, 0.0, 0.0, 1.0]}, "03de84eb12c24a93bdfd88e46a6db25a_d1_2.png": {"intrinsics": {"fx": 1076.66, "fy": 1077.13, "cx": 629.822, "cy": 529.542}, "camera_to_world_matrix": [0.857249, -0.0157263, -0.514663, -1.02477, -0.514378, 0.0189796, -0.857354, -3.7624, 0.0232509, 0.999696, 0.0081814, 1.54435, 0.0, 0.0, 0.0, 1.0]}, "03de84eb12c24a93bdfd88e46a6db25a_d1_3.png": {"intrinsics": {"fx": 1076.66, "fy": 1077.13, "cx": 629.822, "cy": 529.542}, "camera_to_world_matrix": [-0.0170563, -0.0028673, -0.999851, -1.02307, -0.999606, 0.0223807, 0.0169878, -3.76547, 0.0223286, 0.999746, -0.00324746, 1.54439, 0.0, 0.0, 0.0, 1.0]}, "03de84eb12c24a93bdfd88e46a6db25a_d1_4.png": {"intrinsics": {"fx": 1076.66, "fy": 1077.13, "cx": 629.822, "cy": 529.542}, "camera_to_world_matrix": [-0.874387, 0.00650698, -0.485186, -1.02487, -0.485082, 0.0129455, 0.874373, -3.76847, 0.0119704, 0.999895, -0.00816247, 1.5444, 0.0, 0.0, 0.0, 1.0]}, "03de84eb12c24a93bdfd88e46a6db25a_d1_5.png": {"intrinsics": {"fx": 1076.66, "fy": 1077.13, "cx": 629.822, "cy": 529.542}, "camera_to_world_matrix": [-0.857393, 0.00302206, 0.514655, -1.02837, 0.514657, 0.000109207, 0.857396, -3.76841, 0.00253477, 0.999996, -0.00164851, 1.54438, 0.0, 0.0, 0.0, 1.0]}, "03de84eb12c24a93bdfd88e46a6db25a_d2_0.png": {"intrinsics": {"fx": 1076.75, "fy": 1076.8, "cx": 642.24, "cy": 503.207}, "camera_to_world_matrix": [0.0183703, -0.6735, 0.738958, -1.04133, 0.999827, 0.0143133, -0.0118108, -3.76484, -0.00262212, 0.739048, 0.673646, 1.57752, 0.0, 0.0, 0.0, 1.0]}, "03de84eb12c24a93bdfd88e46a6db25a_d2_1.png": {"intrinsics": {"fx": 1076.75, "fy": 1076.8, "cx": 642.24, "cy": 503.207}, "camera_to_world_matrix": [0.87501, -0.332818, 0.35155, -1.03384, 0.484041, 0.589873, -0.646339, -3.75237, 0.00774374, 0.735718, 0.677242, 1.57745, 0.0, 0.0, 0.0, 1.0]}, "03de84eb12c24a93bdfd88e46a6db25a_d2_2.png": {"intrinsics": {"fx": 1076.75, "fy": 1076.8, "cx": 642.24, "cy": 503.207}, "camera_to_world_matrix": [0.856577, 0.335967, -0.391665, -1.01929, -0.515732, 0.582643, -0.628129, -3.75261, 0.0171705, 0.740036, 0.672347, 1.57754, 0.0, 0.0, 0.0, 1.0]}, "03de84eb12c24a93bdfd88e46a6db25a_d2_3.png": {"intrinsics": {"fx": 1076.75, "fy": 1076.8, "cx": 642.24, "cy": 503.207}, "camera_to_world_matrix": [-0.0184958, 0.664055, -0.747455, -1.01223, -0.999696, -0.000146963, 0.0246076, -3.76534, 0.0162312, 0.747683, 0.663855, 1.57771, 0.0, 0.0, 0.0, 1.0]}, "03de84eb12c24a93bdfd88e46a6db25a_d2_4.png": {"intrinsics": {"fx": 1076.75, "fy": 1076.8, "cx": 642.24, "cy": 503.207}, "camera_to_world_matrix": [-0.875115, 0.323351, -0.360021, -1.01972, -0.483877, -0.575694, 0.65912, -3.77781, 0.00586513, 0.751013, 0.66026, 1.57778, 0.0, 0.0, 0.0, 1.0]}, "03de84eb12c24a93bdfd88e46a6db25a_d2_5.png": {"intrinsics": {"fx": 1076.75, "fy": 1076.8, "cx": 642.24, "cy": 503.207}, "camera_to_world_matrix": [-0.856643, -0.345435, 0.383193, -1.03427, 0.515895, -0.568437, 0.640882, -3.77756, -0.00356135, 0.746695, 0.665155, 1.57768, 0.0, 0.0, 0.0, 1.0]}, "12d4178aacf24639af24aa15ae5452aa_d0_0.png": {"intrinsics": {"fx": 1073.69, "fy": 1074.73, "cx": 638.041, "cy": 521.835}, "camera_to_world_matrix": [-0.290373, -0.63073, -0.719626, 1.64307, -0.95687, 0.198492, 0.21213, -7.32306, 0.00904334, 0.750186, -0.661164, 1.59262, 0.0, 0.0, 0.0, 1.0]}, "12d4178aacf24639af24aa15ae5452aa_d0_1.png": {"intrinsics": {"fx": 1073.69, "fy": 1074.73, "cx": 638.041, "cy": 521.835}, "camera_to_world_matrix": [-0.973898, -0.148172, -0.171948, 1.63248, -0.226957, 0.647178, 0.72777, -7.33304, 0.0034461, 0.7478, -0.663915, 1.59267, 0.0, 0.0, 0.0, 1.0]}, "12d4178aacf24639af24aa15ae5452aa_d0_2.png": {"intrinsics": {"fx": 1073.69, "fy": 1074.73, "cx": 638.041, "cy": 521.835}, "camera_to_world_matrix": [-0.683507, 0.481683, 0.548451, 1.61855, 0.729939, 0.453618, 0.511292, -7.32886, -0.00250661, 0.749808, -0.661651, 1.59263, 0.0, 0.0, 0.0, 1.0]}, "12d4178aacf24639af24aa15ae5452aa_d0_3.png": {"intrinsics": {"fx": 1073.69, "fy": 1074.73, "cx": 638.041, "cy": 521.835}, "camera_to_world_matrix": [0.290403, 0.628966, 0.721156, 1.6152, 0.956899, -0.188625, -0.220823, -7.3147, -0.00286195, 0.754202, -0.656636, 1.59253, 0.0, 0.0, 0.0, 1.0]}, "12d4178aacf24639af24aa15ae5452aa_d0_4.png": {"intrinsics": {"fx": 1073.69, "fy": 1074.73, "cx": 638.041, "cy": 521.835}, "camera_to_world_matrix": [0.9739, 0.146391, 0.173458, 1.62579, 0.226959, -0.637292, -0.736442, -7.30472, 0.00273546, 0.756589, -0.653885, 1.59248, 0.0, 0.0, 0.0, 1.0]}, "12d4178aacf24639af24aa15ae5452aa_d0_5.png": {"intrinsics": {"fx": 1073.69, "fy": 1074.73, "cx": 638.041, "cy": 521.835}, "camera_to_world_matrix": [0.683471, -0.483457, -0.546933, 1.63973, -0.729925, -0.443707, -0.519935, -7.3089, 0.00868804, 0.754581, -0.656149, 1.59252, 0.0, 0.0, 0.0, 1.0]}, "12d4178aacf24639af24aa15ae5452aa_d1_0.png": {"intrinsics": {"fx": 1076.66, "fy": 1077.13, "cx": 629.822, "cy": 529.542}, "camera_to_world_matrix": [-0.287397, 0.00566695, -0.957795, 1.63245, -0.957626, 0.0179853, 0.287453, -7.31967, 0.0188551, 0.999822, 0.000258337, 1.62584, 0.0, 0.0, 0.0, 1.0]}, "12d4178aacf24639af24aa15ae5452aa_d1_1.png": {"intrinsics": {"fx": 1076.66, "fy": 1077.13, "cx": 629.822, "cy": 529.542}, "camera_to_world_matrix": [-0.973127, 0.0121321, -0.229952, 1.6299, -0.229889, 0.00636126, 0.973196, -7.32207, 0.0132696, 0.999907, -0.00340082, 1.62585, 0.0, 0.0, 0.0, 1.0]}, "12d4178aacf24639af24aa15ae5452aa_d1_2.png": {"intrinsics": {"fx": 1076.66, "fy": 1077.13, "cx": 629.822, "cy": 529.542}, "camera_to_world_matrix": [-0.685723, 0.00529758, 0.727844, 1.62655, 0.727827, -0.00504963, 0.685743, -7.32106, 0.007308, 0.999974, -0.000392628, 1.62584, 0.0, 0.0, 0.0, 1.0]}, "12d4178aacf24639af24aa15ae5452aa_d1_3.png": {"intrinsics": {"fx": 1076.66, "fy": 1077.13, "cx": 629.822, "cy": 529.542}, "camera_to_world_matrix": [0.287405, -0.00800198, 0.957776, 1.62575, 0.957785, -0.00483622, -0.287447, -7.31765, 0.00693204, 0.999957, 0.00627466, 1.62581, 0.0, 0.0, 0.0, 1.0]}, "12d4178aacf24639af24aa15ae5452aa_d1_4.png": {"intrinsics": {"fx": 1076.66, "fy": 1077.13, "cx": 629.822, "cy": 529.542}, "camera_to_world_matrix": [0.973106, -0.0144667, 0.229906, 1.62829, 0.230021, 0.00678808, -0.973162, -7.31525, 0.0125177, 0.999873, 0.0099336, 1.6258, 0.0, 0.0, 0.0, 1.0]}, "12d4178aacf24639af24aa15ae5452aa_d1_5.png": {"intrinsics": {"fx": 1076.66, "fy": 1077.13, "cx": 629.822, "cy": 529.542}, "camera_to_world_matrix": [0.685664, -0.0076317, -0.727879, 1.63165, -0.727684, 0.0181987, -0.685671, -7.31626, 0.0184792, 0.999806, 0.00692517, 1.62581, 0.0, 0.0, 0.0, 1.0]}, "12d4178aacf24639af24aa15ae5452aa_d2_0.png": {"intrinsics": {"fx": 1076.75, "fy": 1076.8, "cx": 642.24, "cy": 503.207}, "camera_to_world_matrix": [-0.288822, 0.640902, -0.711215, 1.643, -0.957297, -0.183427, 0.223463, -7.32262, 0.0127624, 0.745385, 0.66651, 1.65912, 0.0, 0.0, 0.0, 1.0]}, "12d4178aacf24639af24aa15ae5452aa_d2_1.png": {"intrinsics": {"fx": 1076.75, "fy": 1076.8, "cx": 642.24, "cy": 503.207}, "camera_to_world_matrix": [-0.973515, 0.156915, -0.166263, 1.63241, -0.228505, -0.64505, 0.729175, -7.3326, 0.00717121, 0.747855, 0.663821, 1.65917, 0.0, 0.0, 0.0, 1.0]}, "12d4178aacf24639af24aa15ae5452aa_d2_2.png": {"intrinsics": {"fx": 1076.75, "fy": 1076.8, "cx": 642.24, "cy": 503.207}, "camera_to_world_matrix": [-0.684679, -0.484858, 0.544175, 1.61847, 0.728842, -0.45672, 0.510092, -7.32842, 0.00121374, 0.745868, 0.666091, 1.65913, 0.0, 0.0, 0.0, 1.0]}, "12d4178aacf24639af24aa15ae5452aa_d2_3.png": {"intrinsics": {"fx": 1076.75, "fy": 1076.8, "cx": 642.24, "cy": 503.207}, "camera_to_world_matrix": [0.288843, -0.64263, 0.709644, 1.61512, 0.957375, 0.193228, -0.214696, -7.31426, 0.000847601, 0.74141, 0.67105, 1.65903, 0.0, 0.0, 0.0, 1.0]}, "12d4178aacf24639af24aa15ae5452aa_d2_4.png": {"intrinsics": {"fx": 1076.75, "fy": 1076.8, "cx": 642.24, "cy": 503.207}, "camera_to_world_matrix": [0.973508, -0.158626, 0.164673, 1.62572, 0.228556, 0.654832, -0.720387, -7.30428, 0.00643896, 0.73894, 0.673739, 1.65898, 0.0, 0.0, 0.0, 1.0]}, "12d4178aacf24639af24aa15ae5452aa_d2_5.png": {"intrinsics": {"fx": 1076.75, "fy": 1076.8, "cx": 642.24, "cy": 503.207}, "camera_to_world_matrix": [0.684635, 0.48314, -0.545756, 1.63965, -0.728779, 0.466477, -0.501276, -7.30846, 0.0123964, 0.740928, 0.671469, 1.65902, 0.0, 0.0, 0.0, 1.0]}, "1a792bc0a3fd47baa8a032e72ec6136b_d0_0.png": {"intrinsics": {"fx": 1073.69, "fy": 1074.73, "cx": 638.041, "cy": 521.835}, "camera_to_world_matrix": [0.998833, -0.0326726, -0.035557, 0.806555, -0.0482773, -0.65967, -0.750002, 2.45686, 0.00104876, 0.750844, -0.660479, 1.51722, 0.0, 0.0, 0.0, 1.0]}, "1a792bc0a3fd47baa8a032e72ec6136b_d0_1.png": {"intrinsics": {"fx": 1073.69, "fy": 1074.73, "cx": 638.041, "cy": 521.835}, "camera_to_world_matrix": [0.4576, -0.585486, -0.669183, 0.818814, -0.889157, -0.301089, -0.344592, 2.44903, 0.000270616, 0.752695, -0.658369, 1.51718, 0.0, 0.0, 0.0, 1.0]}, "1a792bc0a3fd47baa8a032e72ec6136b_d0_2.png": {"intrinsics": {"fx": 1073.69, "fy": 1074.73, "cx": 638.041, "cy": 521.835}, "camera_to_world_matrix": [-0.541236, -0.551342, -0.634889, 0.818156, -0.840866, 0.356953, 0.40685, 2.43449, 0.00231261, 0.754059, -0.656802, 1.51715, 0.0, 0.0, 0.0, 1.0]}, "1a792bc0a3fd47baa8a032e72ec6136b_d0_3.png": {"intrinsics": {"fx": 1073.69, "fy": 1074.73, "cx": 638.041, "cy": 521.835}, "camera_to_world_matrix": [-0.998819, 0.0356157, 0.0330307, 0.805239, 0.0483028, 0.656399, 0.752865, 2.42779, 0.0051327, 0.753572, -0.657345, 1.51716, 0.0, 0.0, 0.0, 1.0]}, "1a792bc0a3fd47baa8a032e72ec6136b_d0_4.png": {"intrinsics": {"fx": 1073.69, "fy": 1074.73, "cx": 638.041, "cy": 521.835}, "camera_to_world_matrix": [-0.457554, 0.588416, 0.666641, 0.79298, 0.889161, 0.297796, 0.347431, 2.43563, 0.00591077, 0.75172, -0.659455, 1.5172, 0.0, 0.0, 0.0, 1.0]}, "1a792bc0a3fd47baa8a032e72ec6136b_d0_5.png": {"intrinsics": {"fx": 1073.69, "fy": 1074.73, "cx": 638.041, "cy": 521.835}, "camera_to_world_matrix": [0.541281, 0.554245, 0.632318, 0.793639, 0.840832, -0.360245, -0.40401, 2.45017, 0.00386868, 0.750356, -0.661022, 1.51723, 0.0, 0.0, 0.0, 1.0]}, "1a792bc0a3fd47baa8a032e72ec6136b_d1_0.png": {"intrinsics": {"fx": 1076.66, "fy": 1077.13, "cx": 629.822, "cy": 529.542}, "camera_to_world_matrix": [0.998919, -0.010794, -0.0452172, 0.80612, -0.0452018, 0.00167204, -0.998977, 2.44575, 0.0108584, 0.999941, 0.00118277, 1.55045, 0.0, 0.0, 0.0, 1.0]}, "1a792bc0a3fd47baa8a032e72ec6136b_d1_1.png": {"intrinsics": {"fx": 1076.66, "fy": 1077.13, "cx": 629.822, "cy": 529.542}, "camera_to_world_matrix": [0.460335, -0.00109696, -0.887745, 0.809069, -0.887688, 0.0107765, -0.460319, 2.44387, 0.0100716, 0.999942, 0.0039875, 1.55044, 0.0, 0.0, 0.0, 1.0]}, "1a792bc0a3fd47baa8a032e72ec6136b_d1_2.png": {"intrinsics": {"fx": 1076.66, "fy": 1077.13, "cx": 629.822, "cy": 529.542}, "camera_to_world_matrix": [-0.538569, 0.0116362, -0.842501, 0.80891, -0.842495, 0.00693079, 0.538661, 2.44037, 0.012107, 0.999909, 0.00607116, 1.55043, 0.0, 0.0, 0.0, 1.0]}, "1a792bc0a3fd47baa8a032e72ec6136b_d1_3.png": {"intrinsics": {"fx": 1076.66, "fy": 1077.13, "cx": 629.822, "cy": 529.542}, "camera_to_world_matrix": [-0.998867, 0.014672, 0.0452688, 0.805803, 0.0451847, -0.00601936, 0.998961, 2.43876, 0.0149292, 0.999874, 0.00535003, 1.55044, 0.0, 0.0, 0.0, 1.0]}, "1a792bc0a3fd47baa8a032e72ec6136b_d1_4.png": {"intrinsics": {"fx": 1076.66, "fy": 1077.13, "cx": 629.822, "cy": 529.542}, "camera_to_world_matrix": [-0.46025, 0.00497467, 0.887775, 0.802854, 0.88765, -0.0151235, 0.46027, 2.44064, 0.0157158, 0.999874, 0.00254527, 1.55045, 0.0, 0.0, 0.0, 1.0]}, "1a792bc0a3fd47baa8a032e72ec6136b_d1_5.png": {"intrinsics": {"fx": 1076.66, "fy": 1077.13, "cx": 629.822, "cy": 529.542}, "camera_to_world_matrix": [0.538653, -0.00775834, 0.842493, 0.803013, 0.842417, -0.0112772, -0.538708, 2.44414, 0.0136803, 0.999907, 0.00046169, 1.55045, 0.0, 0.0, 0.0, 1.0]}, "1a792bc0a3fd47baa8a032e72ec6136b_d2_0.png": {"intrinsics": {"fx": 1076.75, "fy": 1076.8, "cx": 642.24, "cy": 503.207}, "camera_to_world_matrix": [0.998898, 0.0275938, -0.0379364, 0.806684, -0.0466671, 0.666702, -0.743862, 2.45672, 0.00476655, 0.744813, 0.667255, 1.58372, 0.0, 0.0, 0.0, 1.0]}, "1a792bc0a3fd47baa8a032e72ec6136b_d2_1.png": {"intrinsics": {"fx": 1076.75, "fy": 1076.8, "cx": 642.24, "cy": 503.207}, "camera_to_world_matrix": [0.459038, 0.593302, -0.661268, 0.818943, -0.888406, 0.309889, -0.338675, 2.44888, 0.00398387, 0.742941, 0.669344, 1.58368, 0.0, 0.0, 0.0, 1.0]}, "1a792bc0a3fd47baa8a032e72ec6136b_d2_2.png": {"intrinsics": {"fx": 1076.75, "fy": 1076.8, "cx": 642.24, "cy": 503.207}, "camera_to_world_matrix": [-0.539857, 0.567137, -0.62202, 0.818285, -0.841734, -0.358435, 0.403741, 2.43435, 0.00602249, 0.741539, 0.670882, 1.58365, 0.0, 0.0, 0.0, 1.0]}, "1a792bc0a3fd47baa8a032e72ec6136b_d2_3.png": {"intrinsics": {"fx": 1076.75, "fy": 1076.8, "cx": 642.24, "cy": 503.207}, "camera_to_world_matrix": [-0.99887, -0.0247365, 0.0405593, 0.805368, 0.0466764, -0.669933, 0.740953, 2.42765, 0.0088437, 0.742009, 0.67033, 1.58366, 0.0, 0.0, 0.0, 1.0]}, "1a792bc0a3fd47baa8a032e72ec6136b_d2_4.png": {"intrinsics": {"fx": 1076.75, "fy": 1076.8, "cx": 642.24, "cy": 503.207}, "camera_to_world_matrix": [-0.458977, -0.590431, 0.663876, 0.793109, 0.888395, -0.313098, 0.335741, 2.43549, 0.00962625, 0.743882, 0.66824, 1.5837, 0.0, 0.0, 0.0, 1.0]}, "1a792bc0a3fd47baa8a032e72ec6136b_d2_5.png": {"intrinsics": {"fx": 1076.75, "fy": 1076.8, "cx": 642.24, "cy": 503.207}, "camera_to_world_matrix": [0.539916, -0.564239, 0.624598, 0.793768, 0.841683, 0.355226, -0.406673, 2.45002, 0.0075876, 0.745284, 0.666702, 1.58373, 0.0, 0.0, 0.0, 1.0]}, "1be9a97aada84e4795f64583ac0e3b76_d0_0.png": {"intrinsics": {"fx": 1073.69, "fy": 1074.73, "cx": 638.041, "cy": 521.835}, "camera_to_world_matrix": [-0.898581, -0.284424, -0.334145, -7.13971, -0.438759, 0.593408, 0.674801, 4.93207, 0.00635468, 0.752973, -0.65802, 2.48993, 0.0, 0.0, 0.0, 1.0]}, "1be9a97aada84e4795f64583ac0e3b76_d0_1.png": {"intrinsics": {"fx": 1073.69, "fy": 1074.73, "cx": 638.041, "cy": 521.835}, "camera_to_world_matrix": [-0.829254, 0.37275, 0.416405, -7.15423, 0.558841, 0.545406, 0.624682, 4.93303, 0.00574051, 0.750725, -0.66059, 2.48998, 0.0, 0.0, 0.0, 1.0]}, "1be9a97aada84e4795f64583ac0e3b76_d0_2.png": {"intrinsics": {"fx": 1073.69, "fy": 1074.73, "cx": 638.041, "cy": 521.835}, "camera_to_world_matrix": [0.0693565, 0.65976, 0.748268, -7.16065, 0.997588, -0.047731, -0.0503808, 4.94609, 0.00247646, 0.749958, -0.66148, 2.48999, 0.0, 0.0, 0.0, 1.0]}, "1be9a97aada84e4795f64583ac0e3b76_d0_3.png": {"intrinsics": {"fx": 1073.69, "fy": 1074.73, "cx": 638.041, "cy": 521.835}, "camera_to_world_matrix": [0.89862, 0.289589, 0.329574, -7.15256, 0.438726, -0.592853, -0.675309, 4.95818, -0.000173351, 0.75144, -0.659801, 2.48996, 0.0, 0.0, 0.0, 1.0]}, "1be9a97aada84e4795f64583ac0e3b76_d0_4.png": {"intrinsics": {"fx": 1073.69, "fy": 1074.73, "cx": 638.041, "cy": 521.835}, "camera_to_world_matrix": [0.829254, -0.367583, -0.420974, -7.13804, -0.558871, -0.544826, -0.625161, 4.95721, 0.000440975, 0.753688, -0.657232, 2.48991, 0.0, 0.0, 0.0, 1.0]}, "1be9a97aada84e4795f64583ac0e3b76_d0_5.png": {"intrinsics": {"fx": 1073.69, "fy": 1074.73, "cx": 638.041, "cy": 521.835}, "camera_to_world_matrix": [-0.0693743, -0.65457, -0.752811, -7.13162, -0.997583, 0.0483224, 0.0499148, 4.94416, 0.00370506, 0.754455, -0.656341, 2.48989, 0.0, 0.0, 0.0, 1.0]}, "1be9a97aada84e4795f64583ac0e3b76_d1_0.png": {"intrinsics": {"fx": 1076.66, "fy": 1077.13, "cx": 629.822, "cy": 529.542}, "camera_to_world_matrix": [-0.897115, 0.0164594, -0.44149, -7.14447, -0.441502, 0.00313849, 0.897255, 4.942, 0.0161538, 0.99986, 0.00445172, 2.52319, 0.0, 0.0, 0.0, 1.0]}, "1be9a97aada84e4795f64583ac0e3b76_d1_1.png": {"intrinsics": {"fx": 1076.66, "fy": 1077.13, "cx": 629.822, "cy": 529.542}, "camera_to_world_matrix": [-0.830883, 0.0123463, 0.556311, -7.14797, 0.556231, -0.00951083, 0.830974, 4.94223, 0.0155503, 0.999879, 0.00103547, 2.5232, 0.0, 0.0, 0.0, 1.0]}, "1be9a97aada84e4795f64583ac0e3b76_d1_2.png": {"intrinsics": {"fx": 1076.66, "fy": 1077.13, "cx": 629.822, "cy": 529.542}, "camera_to_world_matrix": [0.0662957, -0.000664953, 0.9978, -7.14951, 0.997725, -0.0122732, -0.0662988, 4.94537, 0.0122901, 0.999925, -0.000149775, 2.52321, 0.0, 0.0, 0.0, 1.0]}, "1be9a97aada84e4795f64583ac0e3b76_d1_3.png": {"intrinsics": {"fx": 1076.66, "fy": 1077.13, "cx": 629.822, "cy": 529.542}, "camera_to_world_matrix": [0.897222, -0.00956267, 0.441478, -7.14756, 0.441476, -0.00238611, -0.89727, 4.94828, 0.00963359, 0.999952, 0.00208127, 2.5232, 0.0, 0.0, 0.0, 1.0]}, "1be9a97aada84e4795f64583ac0e3b76_d1_4.png": {"intrinsics": {"fx": 1076.66, "fy": 1077.13, "cx": 629.822, "cy": 529.542}, "camera_to_world_matrix": [0.83095, -0.00544899, -0.556321, -7.14407, -0.556254, 0.0102631, -0.83095, 4.94804, 0.0102373, 0.999933, 0.00549751, 2.52319, 0.0, 0.0, 0.0, 1.0]}, "1be9a97aada84e4795f64583ac0e3b76_d1_5.png": {"intrinsics": {"fx": 1076.66, "fy": 1077.13, "cx": 629.822, "cy": 529.542}, "camera_to_world_matrix": [-0.0662459, 0.00756232, -0.997775, -7.14253, -0.997712, 0.0130249, 0.0663404, 4.9449, 0.0134975, 0.999887, 0.00668262, 2.52318, 0.0, 0.0, 0.0, 1.0]}, "1be9a97aada84e4795f64583ac0e3b76_d2_0.png": {"intrinsics": {"fx": 1076.75, "fy": 1076.8, "cx": 642.24, "cy": 503.207}, "camera_to_world_matrix": [-0.89784, 0.301527, -0.320877, -7.13948, -0.440204, -0.598014, 0.669776, 4.93209, 0.0100671, 0.742604, 0.669654, 2.55643, 0.0, 0.0, 0.0, 1.0]}, "1be9a97aada84e4795f64583ac0e3b76_d2_1.png": {"intrinsics": {"fx": 1076.75, "fy": 1076.8, "cx": 642.24, "cy": 503.207}, "camera_to_world_matrix": [-0.83013, -0.366096, 0.420544, -7.154, 0.557488, -0.557773, 0.614894, 4.93306, 0.00945846, 0.744891, 0.667117, 2.55648, 0.0, 0.0, 0.0, 1.0]}, "1be9a97aada84e4795f64583ac0e3b76_d2_2.png": {"intrinsics": {"fx": 1076.75, "fy": 1076.8, "cx": 642.24, "cy": 503.207}, "camera_to_world_matrix": [0.0677526, -0.665051, 0.743718, -7.16042, 0.997682, 0.0405328, -0.0546441, 4.94611, 0.0061964, 0.745697, 0.666255, 2.55649, 0.0, 0.0, 0.0, 1.0]}, "1be9a97aada84e4795f64583ac0e3b76_d2_3.png": {"intrinsics": {"fx": 1076.75, "fy": 1076.8, "cx": 642.24, "cy": 503.207}, "camera_to_world_matrix": [0.897904, -0.296376, 0.325464, -7.15233, 0.440174, 0.598584, -0.669286, 4.9582, 0.00354301, 0.744216, 0.667928, 2.55646, 0.0, 0.0, 0.0, 1.0]}, "1be9a97aada84e4795f64583ac0e3b76_d2_4.png": {"intrinsics": {"fx": 1076.75, "fy": 1076.8, "cx": 642.24, "cy": 503.207}, "camera_to_world_matrix": [0.830155, 0.371245, -0.415955, -7.13781, -0.557515, 0.558318, -0.614375, 4.95724, 0.00415175, 0.741929, 0.670464, 2.55641, 0.0, 0.0, 0.0, 1.0]}, "1be9a97aada84e4795f64583ac0e3b76_d2_5.png": {"intrinsics": {"fx": 1076.75, "fy": 1076.8, "cx": 642.24, "cy": 503.207}, "camera_to_world_matrix": [-0.0677448, 0.670177, -0.739103, -7.13139, -0.997674, -0.04, 0.0551761, 4.94418, 0.0074139, 0.741123, 0.671327, 2.55639, 0.0, 0.0, 0.0, 1.0]}, "1c0209d585494dcd8261e2da6351e4ea_d0_0.png": {"intrinsics": {"fx": 1073.69, "fy": 1074.73, "cx": 638.041, "cy": 521.835}, "camera_to_world_matrix": [-0.999942, 0.00867008, 0.00628855, -4.5347, 0.0104194, 0.651514, 0.758564, 0.281119, 0.00247989, 0.758586, -0.651568, 2.47713, 0.0, 0.0, 0.0, 1.0]}, "1c0209d585494dcd8261e2da6351e4ea_d0_1.png": {"intrinsics": {"fx": 1073.69, "fy": 1074.73, "cx": 638.041, "cy": 521.835}, "camera_to_world_matrix": [-0.490917, 0.574658, 0.654803, -4.54725, 0.871133, 0.314118, 0.377432, 0.288487, 0.0112093, 0.75571, -0.654811, 2.47719, 0.0, 0.0, 0.0, 1.0]}, "1c0209d585494dcd8261e2da6351e4ea_d0_2.png": {"intrinsics": {"fx": 1073.69, "fy": 1074.73, "cx": 638.041, "cy": 521.835}, "camera_to_world_matrix": [0.509034, 0.565439, 0.64897, -4.54714, 0.860665, -0.344715, -0.374736, 0.303036, 0.0118198, 0.749299, -0.662127, 2.47733, 0.0, 0.0, 0.0, 1.0]}, "1c0209d585494dcd8261e2da6351e4ea_d0_3.png": {"intrinsics": {"fx": 1073.69, "fy": 1074.73, "cx": 638.041, "cy": 521.835}, "camera_to_world_matrix": [0.999937, -0.00976724, -0.00537924, -4.53449, -0.0105185, -0.666137, -0.745754, 0.310217, 0.00370085, 0.745764, -0.666199, 2.47741, 0.0, 0.0, 0.0, 1.0]}, "1c0209d585494dcd8261e2da6351e4ea_d0_4.png": {"intrinsics": {"fx": 1073.69, "fy": 1074.73, "cx": 638.041, "cy": 521.835}, "camera_to_world_matrix": [0.490878, -0.575742, -0.653879, -4.52194, -0.871213, -0.328719, -0.364597, 0.302849, -0.00502835, 0.748641, -0.662956, 2.47735, 0.0, 0.0, 0.0, 1.0]}, "1c0209d585494dcd8261e2da6351e4ea_d0_5.png": {"intrinsics": {"fx": 1073.69, "fy": 1074.73, "cx": 638.041, "cy": 521.835}, "camera_to_world_matrix": [-0.509072, -0.566498, -0.648016, -4.52205, -0.860704, 0.330114, 0.387571, 0.2883, -0.00563847, 0.755052, -0.65564, 2.4772, 0.0, 0.0, 0.0, 1.0]}, "1c0209d585494dcd8261e2da6351e4ea_d1_0.png": {"intrinsics": {"fx": 1076.66, "fy": 1077.13, "cx": 629.822, "cy": 529.542}, "camera_to_world_matrix": [-0.999899, 0.0121573, 0.00738627, -4.53465, 0.00722717, -0.0130803, 0.999888, 0.291845, 0.0122524, 0.999841, 0.0129916, 2.51048, 0.0, 0.0, 0.0, 1.0]}, "1c0209d585494dcd8261e2da6351e4ea_d1_1.png": {"intrinsics": {"fx": 1076.66, "fy": 1077.13, "cx": 629.822, "cy": 529.542}, "camera_to_world_matrix": [-0.493581, 0.00281175, 0.869696, -4.53766, 0.869447, -0.0225447, 0.493513, 0.293618, 0.0209946, 0.999742, 0.00868342, 2.5105, 0.0, 0.0, 0.0, 1.0]}, "1c0209d585494dcd8261e2da6351e4ea_d1_2.png": {"intrinsics": {"fx": 1076.66, "fy": 1077.13, "cx": 629.822, "cy": 529.542}, "camera_to_world_matrix": [0.50632, -0.0100578, 0.862287, -4.53764, 0.862075, -0.0191836, -0.506419, 0.297118, 0.0216351, 0.999766, -0.00104199, 2.51053, 0.0, 0.0, 0.0, 1.0]}, "1c0209d585494dcd8261e2da6351e4ea_d1_3.png": {"intrinsics": {"fx": 1076.66, "fy": 1077.13, "cx": 629.822, "cy": 529.542}, "camera_to_world_matrix": [0.999881, -0.0135816, -0.00742987, -4.53459, -0.00751678, -0.00635813, -0.999952, 0.298845, 0.0135335, 0.999888, -0.00645901, 2.51055, 0.0, 0.0, 0.0, 1.0]}, "1c0209d585494dcd8261e2da6351e4ea_d1_4.png": {"intrinsics": {"fx": 1076.66, "fy": 1077.13, "cx": 629.822, "cy": 529.542}, "camera_to_world_matrix": [0.493529, -0.00423563, -0.86972, -4.53158, -0.869717, 0.0031059, -0.493542, 0.297072, 0.0047916, 0.999987, -0.00215051, 2.51053, 0.0, 0.0, 0.0, 1.0]}, "1c0209d585494dcd8261e2da6351e4ea_d1_5.png": {"intrinsics": {"fx": 1076.66, "fy": 1077.13, "cx": 629.822, "cy": 529.542}, "camera_to_world_matrix": [-0.506372, 0.00863382, -0.862272, -4.5316, -0.862306, -0.000255741, 0.506389, 0.293573, 0.00415143, 0.999963, 0.00757493, 2.5105, 0.0, 0.0, 0.0, 1.0]}, "1c0209d585494dcd8261e2da6351e4ea_d2_0.png": {"intrinsics": {"fx": 1076.75, "fy": 1076.8, "cx": 642.24, "cy": 503.207}, "camera_to_world_matrix": [-0.999941, -0.00137267, 0.0106351, -4.53475, 0.00876407, -0.676025, 0.736826, 0.280473, 0.00617837, 0.736877, 0.675997, 2.54362, 0.0, 0.0, 0.0, 1.0]}, "1c0209d585494dcd8261e2da6351e4ea_d2_1.png": {"intrinsics": {"fx": 1076.75, "fy": 1076.8, "cx": 642.24, "cy": 503.207}, "camera_to_world_matrix": [-0.49232, -0.580179, 0.648855, -4.5473, 0.870285, -0.340884, 0.355528, 0.287841, 0.0149146, 0.739723, 0.672745, 2.54368, 0.0, 0.0, 0.0, 1.0]}, "1c0209d585494dcd8261e2da6351e4ea_d2_2.png": {"intrinsics": {"fx": 1076.75, "fy": 1076.8, "cx": 642.24, "cy": 503.207}, "camera_to_world_matrix": [0.507627, -0.579323, 0.637729, -4.54719, 0.861435, 0.327922, -0.387808, 0.30239, 0.0155409, 0.746225, 0.665511, 2.54383, 0.0, 0.0, 0.0, 1.0]}, "1c0209d585494dcd8261e2da6351e4ea_d2_3.png": {"intrinsics": {"fx": 1076.75, "fy": 1076.8, "cx": 642.24, "cy": 503.207}, "camera_to_world_matrix": [0.999931, 0.000339714, -0.0116167, -4.53454, -0.00893529, 0.661572, -0.749828, 0.309571, 0.00743083, 0.749881, 0.661529, 2.54391, 0.0, 0.0, 0.0, 1.0]}, "1c0209d585494dcd8261e2da6351e4ea_d2_4.png": {"intrinsics": {"fx": 1076.75, "fy": 1076.8, "cx": 642.24, "cy": 503.207}, "camera_to_world_matrix": [0.492276, 0.579133, -0.649822, -4.52199, -0.870437, 0.326409, -0.368504, 0.302203, -0.00130527, 0.747035, 0.664782, 2.54384, 0.0, 0.0, 0.0, 1.0]}, "1c0209d585494dcd8261e2da6351e4ea_d2_5.png": {"intrinsics": {"fx": 1076.75, "fy": 1076.8, "cx": 642.24, "cy": 503.207}, "camera_to_world_matrix": [-0.507671, 0.578251, -0.638666, -4.5221, -0.861548, -0.342397, 0.374831, 0.287654, -0.00193109, 0.740533, 0.672015, 2.5437, 0.0, 0.0, 0.0, 1.0]}, "1e40d5ffa75a4f97824d683b755c09ba_d0_0.png": {"intrinsics": {"fx": 1073.69, "fy": 1074.73, "cx": 638.041, "cy": 521.835}, "camera_to_world_matrix": [0.520893, -0.558869, -0.64524, -4.60757, -0.853423, -0.357254, -0.379524, 1.41985, -0.0184107, 0.748354, -0.663043, 2.48548, 0.0, 0.0, 0.0, 1.0]}, "1e40d5ffa75a4f97824d683b755c09ba_d0_1.png": {"intrinsics": {"fx": 1073.69, "fy": 1074.73, "cx": 638.041, "cy": 521.835}, "camera_to_world_matrix": [-0.478798, -0.572544, -0.665541, -4.60717, -0.877835, 0.301382, 0.372255, 1.40531, -0.0125504, 0.76247, -0.646901, 2.48517, 0.0, 0.0, 0.0, 1.0]}, "1e40d5ffa75a4f97824d683b755c09ba_d0_2.png": {"intrinsics": {"fx": 1073.69, "fy": 1074.73, "cx": 638.041, "cy": 521.835}, "camera_to_world_matrix": [-0.99966, -0.00886283, -0.0244901, -4.61957, -0.0244583, 0.64261, 0.765802, 1.39769, 0.00895055, 0.766141, -0.64261, 2.48508, 0.0, 0.0, 0.0, 1.0]}, "1e40d5ffa75a4f97824d683b755c09ba_d0_3.png": {"intrinsics": {"fx": 1073.69, "fy": 1074.73, "cx": 638.041, "cy": 521.835}, "camera_to_world_matrix": [-0.52082, 0.568481, 0.636847, -4.63236, 0.853311, 0.325196, 0.407561, 1.40461, 0.0245908, 0.755695, -0.654461, 2.48531, 0.0, 0.0, 0.0, 1.0]}, "1e40d5ffa75a4f97824d683b755c09ba_d0_4.png": {"intrinsics": {"fx": 1073.69, "fy": 1074.73, "cx": 638.041, "cy": 521.835}, "camera_to_world_matrix": [0.478871, 0.582131, 0.657119, -4.63276, 0.877685, -0.33344, -0.344218, 1.41916, 0.0187297, 0.741579, -0.670603, 2.48563, 0.0, 0.0, 0.0, 1.0]}, "1e40d5ffa75a4f97824d683b755c09ba_d0_5.png": {"intrinsics": {"fx": 1073.69, "fy": 1074.73, "cx": 638.041, "cy": 521.835}, "camera_to_world_matrix": [0.999701, 0.0184361, 0.016052, -4.62036, 0.0242874, -0.674647, -0.73774, 1.42677, -0.00277149, 0.737909, -0.674894, 2.48571, 0.0, 0.0, 0.0, 1.0]}, "1e40d5ffa75a4f97824d683b755c09ba_d1_0.png": {"intrinsics": {"fx": 1076.66, "fy": 1077.13, "cx": 629.822, "cy": 529.542}, "camera_to_world_matrix": [0.523556, 0.00241276, -0.851988, -4.61677, -0.851949, -0.00860037, -0.523556, 1.41335, -0.00859075, 0.99996, -0.00244678, 2.51866, 0.0, 0.0, 0.0, 1.0]}, "1e40d5ffa75a4f97824d683b755c09ba_d1_1.png": {"intrinsics": {"fx": 1076.66, "fy": 1077.13, "cx": 629.822, "cy": 529.542}, "camera_to_world_matrix": [-0.475978, 0.0153911, -0.879323, -4.61668, -0.879454, -0.01151, 0.475846, 1.40986, -0.00279737, 0.999816, 0.0190147, 2.51858, 0.0, 0.0, 0.0, 1.0]}, "1e40d5ffa75a4f97824d683b755c09ba_d1_2.png": {"intrinsics": {"fx": 1076.66, "fy": 1077.13, "cx": 629.822, "cy": 529.542}, "camera_to_world_matrix": [-0.999441, 0.0193582, -0.0272943, -4.61966, -0.0277598, -0.0242025, 0.999322, 1.40802, 0.0186843, 0.99952, 0.0247268, 2.51856, 0.0, 0.0, 0.0, 1.0]}, "1e40d5ffa75a4f97824d683b755c09ba_d1_3.png": {"intrinsics": {"fx": 1076.66, "fy": 1077.13, "cx": 629.822, "cy": 529.542}, "camera_to_world_matrix": [-0.523358, 0.0103469, 0.85205, -4.62274, 0.85142, -0.033985, 0.523384, 1.40969, 0.0343722, 0.999369, 0.00897724, 2.51862, 0.0, 0.0, 0.0, 1.0]}, "1e40d5ffa75a4f97824d683b755c09ba_d1_4.png": {"intrinsics": {"fx": 1076.66, "fy": 1077.13, "cx": 629.822, "cy": 529.542}, "camera_to_world_matrix": [0.476177, -0.00263133, 0.879346, -4.62283, 0.878886, -0.0310748, -0.47602, 1.41319, 0.028578, 0.999514, -0.012484, 2.51869, 0.0, 0.0, 0.0, 1.0]}, "1e40d5ffa75a4f97824d683b755c09ba_d1_5.png": {"intrinsics": {"fx": 1076.66, "fy": 1077.13, "cx": 629.822, "cy": 529.542}, "camera_to_world_matrix": [0.999606, -0.00659794, 0.0272968, -4.61985, 0.0271714, -0.0183822, -0.999462, 1.41502, 0.00709603, 0.99981, -0.0181953, 2.51871, 0.0, 0.0, 0.0, 1.0]}, "1e40d5ffa75a4f97824d683b755c09ba_d2_0.png": {"intrinsics": {"fx": 1076.75, "fy": 1076.8, "cx": 642.24, "cy": 503.207}, "camera_to_world_matrix": [0.522288, 0.57244, -0.632082, -4.60715, -0.852641, 0.337779, -0.39863, 1.41843, -0.0146876, 0.747139, 0.664504, 2.55196, 0.0, 0.0, 0.0, 1.0]}, "1e40d5ffa75a4f97824d683b755c09ba_d2_1.png": {"intrinsics": {"fx": 1076.75, "fy": 1076.8, "cx": 642.24, "cy": 503.207}, "camera_to_world_matrix": [-0.477343, 0.594819, -0.646787, -4.60675, -0.878671, -0.33053, 0.344508, 1.40389, -0.00886219, 0.732762, 0.680426, 2.55165, 0.0, 0.0, 0.0, 1.0]}, "1e40d5ffa75a4f97824d683b755c09ba_d2_2.png": {"intrinsics": {"fx": 1076.75, "fy": 1076.8, "cx": 642.24, "cy": 503.207}, "camera_to_world_matrix": [-0.999577, 0.0271094, -0.0104231, -4.61915, -0.0261552, -0.684133, 0.728888, 1.39627, 0.0126292, 0.728853, 0.684552, 2.55157, 0.0, 0.0, 0.0, 1.0]}, "1e40d5ffa75a4f97824d683b755c09ba_d2_3.png": {"intrinsics": {"fx": 1076.75, "fy": 1076.8, "cx": 642.24, "cy": 503.207}, "camera_to_world_matrix": [-0.522168, -0.562967, 0.640631, -4.63194, 0.852372, -0.369419, 0.370122, 1.4032, 0.0282947, 0.739323, 0.672755, 2.5518, 0.0, 0.0, 0.0, 1.0]}, "1e40d5ffa75a4f97824d683b755c09ba_d2_4.png": {"intrinsics": {"fx": 1076.75, "fy": 1076.8, "cx": 642.24, "cy": 503.207}, "camera_to_world_matrix": [0.477464, -0.58532, 0.655307, -4.63234, 0.878363, 0.298892, -0.373016, 1.41774, 0.0224684, 0.7537, 0.656833, 2.55211, 0.0, 0.0, 0.0, 1.0]}, "1e40d5ffa75a4f97824d683b755c09ba_d2_5.png": {"intrinsics": {"fx": 1076.75, "fy": 1076.8, "cx": 642.24, "cy": 503.207}, "camera_to_world_matrix": [0.999665, -0.0175963, 0.0189286, -4.61994, 0.0258262, 0.652472, -0.757372, 1.42536, 0.000976829, 0.757608, 0.652707, 2.55219, 0.0, 0.0, 0.0, 1.0]}, "24b51bc6073b484fa53243690461c1e1_d0_0.png": {"intrinsics": {"fx": 1073.69, "fy": 1074.73, "cx": 638.041, "cy": 521.835}, "camera_to_world_matrix": [0.886264, -0.304716, -0.348831, -7.63663, -0.463179, -0.582193, -0.668218, 0.77517, 0.000530066, 0.753789, -0.657116, 2.47367, 0.0, 0.0, 0.0, 1.0]}, "24b51bc6073b484fa53243690461c1e1_d0_1.png": {"intrinsics": {"fx": 1073.69, "fy": 1074.73, "cx": 638.041, "cy": 521.835}, "camera_to_world_matrix": [0.0420016, -0.655889, -0.753687, -7.6288, -0.999109, -0.0246406, -0.0342351, 0.762909, 0.00388327, 0.754454, -0.656341, 2.47365, 0.0, 0.0, 0.0, 1.0]}, "24b51bc6073b484fa53243690461c1e1_d0_2.png": {"intrinsics": {"fx": 1073.69, "fy": 1074.73, "cx": 638.041, "cy": 521.835}, "camera_to_world_matrix": [-0.844253, -0.348617, -0.407065, -7.6355, -0.535905, 0.558256, 0.633368, 0.749994, 0.00644388, 0.752871, -0.658136, 2.47369, 0.0, 0.0, 0.0, 1.0]}, "24b51bc6073b484fa53243690461c1e1_d0_3.png": {"intrinsics": {"fx": 1073.69, "fy": 1074.73, "cx": 638.041, "cy": 521.835}, "camera_to_world_matrix": [-0.886225, 0.309821, 0.344406, -7.65003, 0.463219, 0.583588, 0.666972, 0.749339, 0.00565121, 0.750623, -0.660706, 2.47374, 0.0, 0.0, 0.0, 1.0]}, "24b51bc6073b484fa53243690461c1e1_d0_4.png": {"intrinsics": {"fx": 1073.69, "fy": 1074.73, "cx": 638.041, "cy": 521.835}, "camera_to_world_matrix": [-0.0419417, 0.660972, 0.749237, -7.65787, 0.999117, 0.0260219, 0.0329732, 0.761599, 0.00229799, 0.749959, -0.661481, 2.47375, 0.0, 0.0, 0.0, 1.0]}, "24b51bc6073b484fa53243690461c1e1_d0_5.png": {"intrinsics": {"fx": 1073.69, "fy": 1074.73, "cx": 638.041, "cy": 521.835}, "camera_to_world_matrix": [0.844295, 0.353677, 0.402588, -7.65117, 0.535878, -0.556863, -0.634616, 0.774515, -0.000262526, 0.751542, -0.659685, 2.47372, 0.0, 0.0, 0.0, 1.0]}, "24b51bc6073b484fa53243690461c1e1_d1_0.png": {"intrinsics": {"fx": 1076.66, "fy": 1077.13, "cx": 629.822, "cy": 529.542}, "camera_to_world_matrix": [0.887659, -0.00656408, -0.460456, -7.64161, -0.460388, 0.00977144, -0.887665, 0.765392, 0.0103259, 0.999931, 0.00565213, 2.50694, 0.0, 0.0, 0.0, 1.0]}, "24b51bc6073b484fa53243690461c1e1_d1_1.png": {"intrinsics": {"fx": 1076.66, "fy": 1077.13, "cx": 629.822, "cy": 529.542}, "camera_to_world_matrix": [0.0451249, 0.00605936, -0.998963, -7.63973, -0.998888, 0.0139632, -0.0450367, 0.762443, 0.0136757, 0.999885, 0.00668315, 2.50694, 0.0, 0.0, 0.0, 1.0]}, "24b51bc6073b484fa53243690461c1e1_d1_2.png": {"intrinsics": {"fx": 1076.66, "fy": 1077.13, "cx": 629.822, "cy": 529.542}, "camera_to_world_matrix": [-0.842491, 0.0160011, -0.538474, -7.64134, -0.538466, 0.00512661, 0.842632, 0.759336, 0.0162435, 0.999859, 0.00429738, 2.50695, 0.0, 0.0, 0.0, 1.0]}, "24b51bc6073b484fa53243690461c1e1_d1_3.png": {"intrinsics": {"fx": 1076.66, "fy": 1077.13, "cx": 629.822, "cy": 529.542}, "camera_to_world_matrix": [-0.887554, 0.0133192, 0.460513, -7.64483, 0.460446, -0.00790147, 0.887653, 0.759178, 0.0154614, 0.99988, 0.00088064, 2.50696, 0.0, 0.0, 0.0, 1.0]}, "24b51bc6073b484fa53243690461c1e1_d1_4.png": {"intrinsics": {"fx": 1076.66, "fy": 1077.13, "cx": 629.822, "cy": 529.542}, "camera_to_world_matrix": [-0.0449987, 0.000695613, 0.998987, -7.64672, 0.998914, -0.0120927, 0.0450038, 0.762128, 0.0121116, 0.999927, -0.000150257, 2.50696, 0.0, 0.0, 0.0, 1.0]}, "24b51bc6073b484fa53243690461c1e1_d1_5.png": {"intrinsics": {"fx": 1076.66, "fy": 1077.13, "cx": 629.822, "cy": 529.542}, "camera_to_world_matrix": [0.842599, -0.0092458, 0.538463, -7.64511, 0.538457, -0.00325575, -0.842647, 0.765234, 0.00954392, 0.999952, 0.00223561, 2.50696, 0.0, 0.0, 0.0, 1.0]}, "24b51bc6073b484fa53243690461c1e1_d2_0.png": {"intrinsics": {"fx": 1076.75, "fy": 1076.8, "cx": 642.24, "cy": 503.207}, "camera_to_world_matrix": [0.887009, 0.306844, -0.345053, -7.63641, -0.461731, 0.596274, -0.656704, 0.775232, 0.00424062, 0.741825, 0.670579, 2.54017, 0.0, 0.0, 0.0, 1.0]}, "24b51bc6073b484fa53243690461c1e1_d2_1.png": {"intrinsics": {"fx": 1076.75, "fy": 1076.8, "cx": 642.24, "cy": 503.207}, "camera_to_world_matrix": [0.0436311, 0.670462, -0.740659, -7.62857, -0.999018, 0.0349133, -0.0272454, 0.762972, 0.00759211, 0.741121, 0.671326, 2.54015, 0.0, 0.0, 0.0, 1.0]}, "24b51bc6073b484fa53243690461c1e1_d2_2.png": {"intrinsics": {"fx": 1076.75, "fy": 1076.8, "cx": 642.24, "cy": 503.207}, "camera_to_world_matrix": [-0.843355, 0.366115, -0.393331, -7.63527, -0.537258, -0.560666, 0.630085, 0.750056, 0.0101566, 0.742707, 0.669538, 2.54019, 0.0, 0.0, 0.0, 1.0]}, "24b51bc6073b484fa53243690461c1e1_d2_3.png": {"intrinsics": {"fx": 1076.75, "fy": 1076.8, "cx": 642.24, "cy": 503.207}, "camera_to_world_matrix": [-0.886945, -0.301844, 0.349597, -7.64981, 0.461778, -0.594872, 0.657942, 0.749401, 0.00936943, 0.744995, 0.667003, 2.54024, 0.0, 0.0, 0.0, 1.0]}, "24b51bc6073b484fa53243690461c1e1_d2_4.png": {"intrinsics": {"fx": 1076.75, "fy": 1076.8, "cx": 642.24, "cy": 503.207}, "camera_to_world_matrix": [-0.043546, -0.665441, 0.745179, -7.65764, 0.999032, -0.0334967, 0.0284674, 0.761661, 0.00601789, 0.745698, 0.666255, 2.54025, 0.0, 0.0, 0.0, 1.0]}, "24b51bc6073b484fa53243690461c1e1_d2_5.png": {"intrinsics": {"fx": 1076.75, "fy": 1076.8, "cx": 642.24, "cy": 503.207}, "camera_to_world_matrix": [0.843423, -0.36107, 0.397825, -7.65094, 0.537238, 0.562071, -0.62885, 0.774577, 0.00345357, 0.744113, 0.668043, 2.54022, 0.0, 0.0, 0.0, 1.0]}, "2669f5ba693c4e729d7d2c4f3fa0a077_d0_0.png": {"intrinsics": {"fx": 1073.69, "fy": 1074.73, "cx": 638.041, "cy": 521.835}, "camera_to_world_matrix": [0.467105, -0.583329, -0.664483, -7.6576, -0.884146, -0.299784, -0.358348, -0.221696, 0.00983347, 0.754887, -0.655781, 2.47715, 0.0, 0.0, 0.0, 1.0]}, "2669f5ba693c4e729d7d2c4f3fa0a077_d0_1.png": {"intrinsics": {"fx": 1073.69, "fy": 1074.73, "cx": 638.041, "cy": 521.835}, "camera_to_world_matrix": [-0.532194, -0.556243, -0.638249, -7.65811, -0.846562, 0.358567, 0.393397, -0.236237, 0.0100309, 0.749681, -0.661723, 2.47726, 0.0, 0.0, 0.0, 1.0]}, "2669f5ba693c4e729d7d2c4f3fa0a077_d0_2.png": {"intrinsics": {"fx": 1073.69, "fy": 1074.73, "cx": 638.041, "cy": 521.835}, "camera_to_world_matrix": [-0.999286, 0.0274705, 0.025923, -7.67095, 0.0376273, 0.664276, 0.746539, -0.243072, 0.00328793, 0.746982, -0.664836, 2.47732, 0.0, 0.0, 0.0, 1.0]}, "2669f5ba693c4e729d7d2c4f3fa0a077_d0_3.png": {"intrinsics": {"fx": 1073.69, "fy": 1074.73, "cx": 638.041, "cy": 521.835}, "camera_to_world_matrix": [-0.467068, 0.584085, 0.663846, -7.68329, 0.884213, 0.311627, 0.347929, -0.235366, -0.00365241, 0.749488, -0.662008, 2.47727, 0.0, 0.0, 0.0, 1.0]}, "2669f5ba693c4e729d7d2c4f3fa0a077_d0_4.png": {"intrinsics": {"fx": 1073.69, "fy": 1074.73, "cx": 638.041, "cy": 521.835}, "camera_to_world_matrix": [0.53223, 0.556973, 0.637582, -7.68279, 0.84659, -0.346723, -0.403815, -0.220825, -0.00384955, 0.754694, -0.656066, 2.47715, 0.0, 0.0, 0.0, 1.0]}, "2669f5ba693c4e729d7d2c4f3fa0a077_d0_5.png": {"intrinsics": {"fx": 1073.69, "fy": 1074.73, "cx": 638.041, "cy": 521.835}, "camera_to_world_matrix": [0.999287, -0.0267528, -0.0266038, -7.66994, -0.0376178, -0.652409, -0.756932, -0.21399, 0.00289361, 0.757393, -0.652952, 2.47709, 0.0, 0.0, 0.0, 1.0]}, "2669f5ba693c4e729d7d2c4f3fa0a077_d1_0.png": {"intrinsics": {"fx": 1076.66, "fy": 1077.13, "cx": 629.822, "cy": 529.542}, "camera_to_world_matrix": [0.46981, -0.00268056, -0.882764, -7.66734, -0.88255, 0.0208027, -0.469759, -0.226625, 0.0196229, 0.99978, 0.00740801, 2.51044, 0.0, 0.0, 0.0, 1.0]}, "2669f5ba693c4e729d7d2c4f3fa0a077_d1_1.png": {"intrinsics": {"fx": 1076.66, "fy": 1077.13, "cx": 629.822, "cy": 529.542}, "camera_to_world_matrix": [-0.529524, 0.0100931, -0.848235, -7.66746, -0.848063, 0.0170937, 0.52962, -0.230123, 0.0198449, 0.999803, -0.000491471, 2.51047, 0.0, 0.0, 0.0, 1.0]}, "2669f5ba693c4e729d7d2c4f3fa0a077_d1_2.png": {"intrinsics": {"fx": 1076.66, "fy": 1077.13, "cx": 629.822, "cy": 529.542}, "camera_to_world_matrix": [-0.999315, 0.0132677, 0.0345492, -7.67055, 0.0346075, 0.00417719, 0.999393, -0.231767, 0.0131152, 0.999904, -0.00463304, 2.51049, 0.0, 0.0, 0.0, 1.0]}, "2669f5ba693c4e729d7d2c4f3fa0a077_d1_3.png": {"intrinsics": {"fx": 1076.66, "fy": 1077.13, "cx": 629.822, "