{"00d3b5f7c25a4c34be140266ef2ad250_d0_0.png": {"intrinsics": {"fx": 1072.54, "fy": 1073.61, "cx": 633.884, "cy": 515.364}, "camera_to_world_matrix": [-0.999364, -0.0347262, -0.00818618, 0.709657, -0.0297303, 0.683706, 0.729153, 2.89115, -0.0197239, 0.728932, -0.684302, 0.982349, 0.0, 0.0, 0.0, 1.0]}, "00d3b5f7c25a4c34be140266ef2ad250_d0_1.png": {"intrinsics": {"fx": 1072.54, "fy": 1073.61, "cx": 633.884, "cy": 515.364}, "camera_to_world_matrix": [-0.525118, 0.552899, 0.646958, 0.696831, 0.850647, 0.363817, 0.379524, 2.89801, -0.0255365, 0.749627, -0.661368, 0.9819, 0.0, 0.0, 0.0, 1.0]}, "00d3b5f7c25a4c34be140266ef2ad250_d0_2.png": {"intrinsics": {"fx": 1072.54, "fy": 1073.61, "cx": 633.884, "cy": 515.364}, "camera_to_world_matrix": [0.474157, 0.569454, 0.67149, 0.696361, 0.88044, -0.305212, -0.362868, 2.91255, -0.0016895, 0.763262, -0.646087, 0.981601, 0.0, 0.0, 0.0, 1.0]}, "00d3b5f7c25a4c34be140266ef2ad250_d0_3.png": {"intrinsics": {"fx": 1072.54, "fy": 1073.61, "cx": 633.884, "cy": 515.364}, "camera_to_world_matrix": [0.999164, -0.0016172, 0.0408776, 0.708716, 0.0298544, -0.654338, -0.755614, 2.92023, 0.0279696, 0.756202, -0.653741, 0.981751, 0.0, 0.0, 0.0, 1.0]}, "00d3b5f7c25a4c34be140266ef2ad250_d0_4.png": {"intrinsics": {"fx": 1072.54, "fy": 1073.61, "cx": 633.884, "cy": 515.364}, "camera_to_world_matrix": [0.524883, -0.58923, -0.614253, 0.721542, -0.850504, -0.334426, -0.405959, 2.91337, 0.033781, 0.735506, -0.676676, 0.9822, 0.0, 0.0, 0.0, 1.0]}, "00d3b5f7c25a4c34be140266ef2ad250_d0_5.png": {"intrinsics": {"fx": 1072.54, "fy": 1073.61, "cx": 633.884, "cy": 515.364}, "camera_to_world_matrix": [-0.474393, -0.605758, -0.638756, 0.722011, -0.880258, 0.334604, 0.336433, 2.89883, 0.00993322, 0.721871, -0.691956, 0.982499, 0.0, 0.0, 0.0, 1.0]}, "00d3b5f7c25a4c34be140266ef2ad250_d1_0.png": {"intrinsics": {"fx": 1075.5, "fy": 1075.82, "cx": 636.136, "cy": 514.209}, "camera_to_world_matrix": [-0.999413, -0.0113725, -0.0323494, 0.708487, -0.0325731, 0.0200853, 0.999268, 2.90285, -0.0107147, 0.999734, -0.020443, 1.01536, 0.0, 0.0, 0.0, 1.0]}, "00d3b5f7c25a4c34be140266ef2ad250_d1_1.png": {"intrinsics": {"fx": 1075.5, "fy": 1075.82, "cx": 636.136, "cy": 514.209}, "camera_to_world_matrix": [-0.527867, -0.0176334, 0.849145, 0.705401, 0.849166, 0.00860693, 0.528058, 2.9045, -0.0166203, 0.999808, 0.0104313, 1.01525, 0.0, 0.0, 0.0, 1.0]}, "00d3b5f7c25a4c34be140266ef2ad250_d1_2.png": {"intrinsics": {"fx": 1075.5, "fy": 1075.82, "cx": 636.136, "cy": 514.209}, "camera_to_world_matrix": [0.471238, -0.0307008, 0.881472, 0.705288, 0.881978, 0.00828577, -0.471219, 2.908, 0.00716286, 0.999495, 0.030983, 1.01518, 0.0, 0.0, 0.0, 1.0]}, "00d3b5f7c25a4c34be140266ef2ad250_d1_3.png": {"intrinsics": {"fx": 1075.5, "fy": 1075.82, "cx": 636.136, "cy": 514.209}, "camera_to_world_matrix": [0.998775, -0.037507, 0.0323052, 0.70826, 0.033051, 0.019443, -0.999265, 2.90984, 0.036851, 0.999108, 0.0206598, 1.01521, 0.0, 0.0, 0.0, 1.0]}, "00d3b5f7c25a4c34be140266ef2ad250_d1_4.png": {"intrinsics": {"fx": 1075.5, "fy": 1075.82, "cx": 636.136, "cy": 514.209}, "camera_to_world_matrix": [0.527195, -0.0312456, -0.849171, 0.711345, -0.848669, 0.0309212, -0.528021, 2.9082, 0.0427554, 0.999034, -0.0102147, 1.01532, 0.0, 0.0, 0.0, 1.0]}, "00d3b5f7c25a4c34be140266ef2ad250_d1_5.png": {"intrinsics": {"fx": 1075.5, "fy": 1075.82, "cx": 636.136, "cy": 514.209}, "camera_to_world_matrix": [-0.471912, -0.0181782, -0.881459, 0.711459, -0.881443, 0.0312418, 0.471258, 2.9047, 0.0189715, 0.999347, -0.0307654, 1.01539, 0.0, 0.0, 0.0, 1.0]}, "00d3b5f7c25a4c34be140266ef2ad250_d2_0.png": {"intrinsics": {"fx": 1077.24, "fy": 1077.47, "cx": 644.212, "cy": 519.392}, "camera_to_world_matrix": [-0.999414, 0.0106329, -0.0324819, 0.708031, -0.0315833, -0.650589, 0.758772, 2.89247, -0.0130641, 0.759355, 0.650543, 1.04882, 0.0, 0.0, 0.0, 1.0]}, "00d3b5f7c25a4c34be140266ef2ad250_d2_1.png": {"intrinsics": {"fx": 1077.24, "fy": 1077.47, "cx": 644.212, "cy": 519.392}, "camera_to_world_matrix": [-0.526942, -0.57995, 0.62128, 0.695206, 0.849688, -0.343193, 0.400306, 2.89932, -0.0189378, 0.738834, 0.673619, 1.04837, 0.0, 0.0, 0.0, 1.0]}, "00d3b5f7c25a4c34be140266ef2ad250_d2_2.png": {"intrinsics": {"fx": 1077.24, "fy": 1077.47, "cx": 644.212, "cy": 519.392}, "camera_to_world_matrix": [0.472221, -0.6088, 0.637469, 0.694735, 0.881464, 0.322146, -0.345311, 2.91386, 0.00486726, 0.724971, 0.688759, 1.04807, 0.0, 0.0, 0.0, 1.0]}, "00d3b5f7c25a4c34be140266ef2ad250_d2_3.png": {"intrinsics": {"fx": 1077.24, "fy": 1077.47, "cx": 644.212, "cy": 519.392}, "camera_to_world_matrix": [0.99889, -0.0470673, -0.000104183, 0.707091, 0.0319692, 0.680075, -0.732445, 2.92154, 0.0345454, 0.731629, 0.680824, 1.04822, 0.0, 0.0, 0.0, 1.0]}, "00d3b5f7c25a4c34be140266ef2ad250_d2_4.png": {"intrinsics": {"fx": 1077.24, "fy": 1077.47, "cx": 644.212, "cy": 519.392}, "camera_to_world_matrix": [0.526384, 0.543503, -0.653853, 0.719916, -0.849284, 0.372656, -0.373953, 2.91469, 0.0404179, 0.75215, 0.657748, 1.04867, 0.0, 0.0, 0.0, 1.0]}, "00d3b5f7c25a4c34be140266ef2ad250_d2_5.png": {"intrinsics": {"fx": 1077.24, "fy": 1077.47, "cx": 644.212, "cy": 519.392}, "camera_to_world_matrix": [-0.472781, 0.572328, -0.670012, 0.720386, -0.881021, -0.292685, 0.371665, 2.90015, 0.0166121, 0.766013, 0.642608, 1.04897, 0.0, 0.0, 0.0, 1.0]}, "00e1ca9383af4c7ba86241fdeeb73819_d0_0.png": {"intrinsics": {"fx": 1072.54, "fy": 1073.61, "cx": 633.884, "cy": 515.364}, "camera_to_world_matrix": [-0.397497, 0.612703, 0.683075, 3.22107, 0.917583, 0.260313, 0.300468, 0.186219, 0.00628402, 0.746213, -0.665678, -1.17733, 0.0, 0.0, 0.0, 1.0]}, "00e1ca9383af4c7ba86241fdeeb73819_d0_1.png": {"intrinsics": {"fx": 1072.54, "fy": 1073.61, "cx": 633.884, "cy": 515.364}, "camera_to_world_matrix": [0.595914, 0.532967, 0.600695, 3.22269, 0.802993, -0.404288, -0.437898, 0.200678, 0.00946838, 0.743303, -0.668888, -1.17727, 0.0, 0.0, 0.0, 1.0]}, "00e1ca9383af4c7ba86241fdeeb73819_d0_2.png": {"intrinsics": {"fx": 1072.54, "fy": 1073.61, "cx": 633.884, "cy": 515.364}, "camera_to_world_matrix": [0.993383, -0.0824676, -0.0799442, 3.23603, -0.114624, -0.667518, -0.735719, 0.206502, 0.00730865, 0.740014, -0.672552, -1.1772, 0.0, 0.0, 0.0, 1.0]}, "00e1ca9383af4c7ba86241fdeeb73819_d0_3.png": {"intrinsics": {"fx": 1072.54, "fy": 1073.61, "cx": 633.884, "cy": 515.364}, "camera_to_world_matrix": [0.397432, -0.618152, -0.678188, 3.24774, -0.917631, -0.266142, -0.295168, 0.197866, 0.00196465, 0.739634, -0.673006, -1.17719, 0.0, 0.0, 0.0, 1.0]}, "00e1ca9383af4c7ba86241fdeeb73819_d0_4.png": {"intrinsics": {"fx": 1072.54, "fy": 1073.61, "cx": 633.884, "cy": 515.364}, "camera_to_world_matrix": [-0.595976, -0.538389, -0.595778, 3.24611, -0.803003, 0.398456, 0.443194, 0.183407, -0.00121953, 0.742544, -0.669796, -1.17725, 0.0, 0.0, 0.0, 1.0]}, "00e1ca9383af4c7ba86241fdeeb73819_d0_5.png": {"intrinsics": {"fx": 1072.54, "fy": 1073.61, "cx": 633.884, "cy": 515.364}, "camera_to_world_matrix": [-0.993409, 0.0770557, 0.0848725, 3.23278, 0.11463, 0.661662, 0.740989, 0.177584, 0.000940408, 0.745833, -0.666133, -1.17732, 0.0, 0.0, 0.0, 1.0]}, "00e1ca9383af4c7ba86241fdeeb73819_d1_0.png": {"intrinsics": {"fx": 1075.5, "fy": 1075.82, "cx": 636.136, "cy": 514.209}, "camera_to_world_matrix": [-0.400273, 0.00147484, 0.916395, 3.23107, 0.916271, -0.0159631, 0.400244, 0.190511, 0.0152186, 0.999872, 0.00503927, -1.14403, 0.0, 0.0, 0.0, 1.0]}, "00e1ca9383af4c7ba86241fdeeb73819_d1_1.png": {"intrinsics": {"fx": 1075.5, "fy": 1075.82, "cx": 636.136, "cy": 514.209}, "camera_to_world_matrix": [0.593404, -0.0115061, 0.804823, 3.23146, 0.804695, -0.0143969, -0.593515, 0.193989, 0.0184157, 0.999831, 0.000716677, -1.14401, 0.0, 0.0, 0.0, 1.0]}, "00e1ca9383af4c7ba86241fdeeb73819_d1_2.png": {"intrinsics": {"fx": 1075.5, "fy": 1075.82, "cx": 636.136, "cy": 514.209}, "camera_to_world_matrix": [0.993616, -0.0166401, -0.111591, 3.23467, -0.111645, -0.00237202, -0.993746, 0.19539, 0.0162711, 0.999859, -0.00421365, -1.144, 0.0, 0.0, 0.0, 1.0]}, "00e1ca9383af4c7ba86241fdeeb73819_d1_3.png": {"intrinsics": {"fx": 1075.5, "fy": 1075.82, "cx": 636.136, "cy": 514.209}, "camera_to_world_matrix": [0.400141, -0.00879322, -0.916412, 3.23749, -0.916389, 0.00808643, -0.400209, 0.193312, 0.0109293, 0.999929, -0.00482128, -1.14399, 0.0, 0.0, 0.0, 1.0]}, "00e1ca9383af4c7ba86241fdeeb73819_d1_4.png": {"intrinsics": {"fx": 1075.5, "fy": 1075.82, "cx": 636.136, "cy": 514.209}, "camera_to_world_matrix": [-0.593532, 0.00418762, -0.804801, 3.2371, -0.804775, 0.00651973, 0.593546, 0.189834, 0.00773234, 0.99997, -0.000498557, -1.14401, 0.0, 0.0, 0.0, 1.0]}, "00e1ca9383af4c7ba86241fdeeb73819_d1_5.png": {"intrinsics": {"fx": 1075.5, "fy": 1075.82, "cx": 636.136, "cy": 514.209}, "camera_to_world_matrix": [-0.993707, 0.00932124, 0.111629, 3.23389, 0.111581, -0.0055054, 0.993741, 0.188434, 0.00987717, 0.999942, 0.00443169, -1.14403, 0.0, 0.0, 0.0, 1.0]}, "00e1ca9383af4c7ba86241fdeeb73819_d2_0.png": {"intrinsics": {"fx": 1077.24, "fy": 1077.47, "cx": 644.212, "cy": 519.392}, "camera_to_world_matrix": [-0.399323, -0.610174, 0.684272, 3.22083, 0.916717, -0.276237, 0.288649, 0.185957, 0.0128951, 0.74255, 0.669664, -1.11083, 0.0, 0.0, 0.0, 1.0]}, "00e1ca9383af4c7ba86241fdeeb73819_d2_1.png": {"intrinsics": {"fx": 1077.24, "fy": 1077.47, "cx": 644.212, "cy": 519.392}, "camera_to_world_matrix": [0.594262, -0.543138, 0.59317, 3.22245, 0.804108, 0.386485, -0.451706, 0.200416, 0.0160879, 0.745406, 0.666414, -1.11077, 0.0, 0.0, 0.0, 1.0]}, "00e1ca9383af4c7ba86241fdeeb73819_d2_2.png": {"intrinsics": {"fx": 1077.24, "fy": 1077.47, "cx": 644.212, "cy": 519.392}, "camera_to_world_matrix": [0.993533, 0.064318, -0.093553, 3.23578, -0.11267, 0.659775, -0.742968, 0.20624, 0.0139381, 0.748705, 0.662754, -1.1107, 0.0, 0.0, 0.0, 1.0]}, "00e1ca9383af4c7ba86241fdeeb73819_d2_3.png": {"intrinsics": {"fx": 1077.24, "fy": 1077.47, "cx": 644.212, "cy": 519.392}, "camera_to_world_matrix": [0.399209, 0.604725, -0.689158, 3.24749, -0.916818, 0.270337, -0.293869, 0.197604, 0.00859556, 0.749149, 0.662343, -1.11069, 0.0, 0.0, 0.0, 1.0]}, "00e1ca9383af4c7ba86241fdeeb73819_d2_4.png": {"intrinsics": {"fx": 1077.24, "fy": 1077.47, "cx": 644.212, "cy": 519.392}, "camera_to_world_matrix": [-0.594372, 0.537664, -0.598027, 3.24587, -0.80417, -0.392381, 0.446482, 0.183145, 0.00540296, 0.746293, 0.665593, -1.11075, 0.0, 0.0, 0.0, 1.0]}, "00e1ca9383af4c7ba86241fdeeb73819_d2_5.png": {"intrinsics": {"fx": 1077.24, "fy": 1077.47, "cx": 644.212, "cy": 519.392}, "camera_to_world_matrix": [-0.993607, -0.0698033, 0.0887072, 3.23253, 0.112624, -0.665648, 0.737718, 0.177322, 0.00755297, 0.742994, 0.669253, -1.11083, 0.0, 0.0, 0.0, 1.0]}, "02253cded39e4f26a34c483d645ebcb7_d0_0.png": {"intrinsics": {"fx": 1072.54, "fy": 1073.61, "cx": 633.884, "cy": 515.364}, "camera_to_world_matrix": [0.970625, 0.156453, 0.182789, -1.16751, 0.24057, -0.643587, -0.726584, 3.11722, 0.00396428, 0.749213, -0.662318, 4.64304, 0.0, 0.0, 0.0, 1.0]}, "02253cded39e4f26a34c483d645ebcb7_d0_1.png": {"intrinsics": {"fx": 1072.54, "fy": 1073.61, "cx": 633.884, "cy": 515.364}, "camera_to_world_matrix": [0.693598, -0.485865, -0.531846, -1.15352, -0.720261, -0.455231, -0.523442, 3.11323, 0.0122099, 0.746125, -0.665695, 4.64311, 0.0, 0.0, 0.0, 1.0]}, "02253cded39e4f26a34c483d645ebcb7_d0_2.png": {"intrinsics": {"fx": 1072.54, "fy": 1073.61, "cx": 633.884, "cy": 515.364}, "camera_to_world_matrix": [-0.277052, -0.643877, -0.713209, -1.14997, -0.960777, 0.195195, 0.197002, 3.09912, 0.0123698, 0.739813, -0.672699, 4.64324, 0.0, 0.0, 0.0, 1.0]}, "02253cded39e4f26a34c483d645ebcb7_d0_3.png": {"intrinsics": {"fx": 1072.54, "fy": 1073.61, "cx": 633.884, "cy": 515.364}, "camera_to_world_matrix": [-0.970652, -0.159567, -0.179933, -1.16043, -0.240456, 0.657249, 0.714288, 3.089, 0.00428397, 0.736589, -0.676327, 4.64331, 0.0, 0.0, 0.0, 1.0]}, "02253cded39e4f26a34c483d645ebcb7_d0_4.png": {"intrinsics": {"fx": 1072.54, "fy": 1073.61, "cx": 633.884, "cy": 515.364}, "camera_to_world_matrix": [-0.693587, 0.482744, 0.534694, -1.17442, 0.720364, 0.468867, 0.511118, 3.09299, -0.00396151, 0.739678, -0.67295, 4.64325, 0.0, 0.0, 0.0, 1.0]}, "02253cded39e4f26a34c483d645ebcb7_d0_5.png": {"intrinsics": {"fx": 1072.54, "fy": 1073.61, "cx": 633.884, "cy": 515.364}, "camera_to_world_matrix": [0.277072, 0.640731, 0.716029, -1.17796, 0.960842, -0.181564, -0.209333, 3.1071, -0.00412094, 0.74599, -0.665945, 4.64311, 0.0, 0.0, 0.0, 1.0]}, "02253cded39e4f26a34c483d645ebcb7_d1_0.png": {"intrinsics": {"fx": 1075.5, "fy": 1075.82, "cx": 636.136, "cy": 514.209}, "camera_to_world_matrix": [0.9698, -0.0148198, 0.243458, -1.16489, 0.243568, 0.00611119, -0.969866, 3.10681, 0.0128851, 0.999872, 0.00953726, 4.67639, 0.0, 0.0, 0.0, 1.0]}, "02253cded39e4f26a34c483d645ebcb7_d1_1.png": {"intrinsics": {"fx": 1075.5, "fy": 1075.82, "cx": 636.136, "cy": 514.209}, "camera_to_world_matrix": [0.695701, -0.011132, -0.718247, -1.16152, -0.718022, 0.018655, -0.695772, 3.10585, 0.0211439, 0.999764, 0.00498628, 4.67641, 0.0, 0.0, 0.0, 1.0]}, "02253cded39e4f26a34c483d645ebcb7_d1_2.png": {"intrinsics": {"fx": 1075.5, "fy": 1075.82, "cx": 636.136, "cy": 514.209}, "camera_to_world_matrix": [-0.274142, 0.00157559, -0.961689, -1.16067, -0.961454, 0.0217333, 0.274111, 3.10246, 0.0213323, 0.999763, -0.00444214, 4.67644, 0.0, 0.0, 0.0, 1.0]}, "02253cded39e4f26a34c483d645ebcb7_d1_3.png": {"intrinsics": {"fx": 1075.5, "fy": 1075.82, "cx": 636.136, "cy": 514.209}, "camera_to_world_matrix": [-0.969864, 0.010595, -0.243421, -1.16319, -0.24329, 0.0122678, 0.969877, 3.10002, 0.0132618, 0.999869, -0.00931937, 4.67646, 0.0, 0.0, 0.0, 1.0]}, "02253cded39e4f26a34c483d645ebcb7_d1_4.png": {"intrinsics": {"fx": 1075.5, "fy": 1075.82, "cx": 636.136, "cy": 514.209}, "camera_to_world_matrix": [-0.695728, 0.00690673, 0.718274, -1.16655, 0.71829, -0.000275899, 0.695746, 3.10098, 0.0050032, 0.999977, -0.00476806, 4.67644, 0.0, 0.0, 0.0, 1.0]}, "02253cded39e4f26a34c483d645ebcb7_d1_5.png": {"intrinsics": {"fx": 1075.5, "fy": 1075.82, "cx": 636.136, "cy": 514.209}, "camera_to_world_matrix": [0.274125, -0.00580097, 0.961678, -1.1674, 0.961683, -0.00335372, -0.274146, 3.10437, 0.00481522, 0.999978, 0.00466037, 4.67641, 0.0, 0.0, 0.0, 1.0]}, "02253cded39e4f26a34c483d645ebcb7_d2_0.png": {"intrinsics": {"fx": 1077.24, "fy": 1077.47, "cx": 644.212, "cy": 519.392}, "camera_to_world_matrix": [0.970081, -0.170837, 0.172495, -1.16765, 0.242546, 0.651062, -0.719229, 3.11783, 0.0105664, 0.739549, 0.673017, 4.70954, 0.0, 0.0, 0.0, 1.0]}, "02253cded39e4f26a34c483d645ebcb7_d2_1.png": {"intrinsics": {"fx": 1077.24, "fy": 1077.47, "cx": 644.212, "cy": 519.392}, "camera_to_world_matrix": [0.694977, 0.471724, -0.542662, -1.15366, -0.718783, 0.475542, -0.507157, 3.11384, 0.0188206, 0.742519, 0.669557, 4.7096, 0.0, 0.0, 0.0, 1.0]}, "02253cded39e4f26a34c483d645ebcb7_d2_2.png": {"intrinsics": {"fx": 1077.24, "fy": 1077.47, "cx": 644.212, "cy": 519.392}, "camera_to_world_matrix": [-0.275142, 0.640975, -0.716552, -1.15012, -0.961214, -0.168676, 0.218204, 3.09973, 0.0189992, 0.748798, 0.662523, 4.70974, 0.0, 0.0, 0.0, 1.0]}, "02253cded39e4f26a34c483d645ebcb7_d2_3.png": {"intrinsics": {"fx": 1077.24, "fy": 1077.47, "cx": 644.212, "cy": 519.392}, "camera_to_world_matrix": [-0.970136, 0.167661, -0.175281, -1.16057, -0.242311, -0.637359, 0.731477, 3.08961, 0.0109235, 0.752106, 0.658949, 4.70981, 0.0, 0.0, 0.0, 1.0]}, "02253cded39e4f26a34c483d645ebcb7_d2_4.png": {"intrinsics": {"fx": 1077.24, "fy": 1077.47, "cx": 644.212, "cy": 519.392}, "camera_to_world_matrix": [-0.694995, -0.474894, 0.539868, -1.17456, 0.719008, -0.461814, 0.519378, 3.0936, 0.0026694, 0.749135, 0.66241, 4.70975, 0.0, 0.0, 0.0, 1.0]}, "02253cded39e4f26a34c483d645ebcb7_d2_5.png": {"intrinsics": {"fx": 1077.24, "fy": 1077.47, "cx": 644.212, "cy": 519.392}, "camera_to_world_matrix": [0.275134, -0.64412, 0.71373, -1.1781, 0.961401, 0.18241, -0.20599, 3.10771, 0.00249121, 0.742856, 0.669444, 4.70961, 0.0, 0.0, 0.0, 1.0]}, "032a2df684fc4ac88dd6cd76e9552349_d0_0.png": {"intrinsics": {"fx": 1072.54, "fy": 1073.61, "cx": 633.884, "cy": 515.364}, "camera_to_world_matrix": [0.570487, 0.551917, 0.608222, 2.00316, 0.821307, -0.383913, -0.421979, -5.97591, 0.000605988, 0.74027, -0.672309, -0.755655, 0.0, 0.0, 0.0, 1.0]}, "032a2df684fc4ac88dd6cd76e9552349_d0_1.png": {"intrinsics": {"fx": 1072.54, "fy": 1073.61, "cx": 633.884, "cy": 515.364}, "camera_to_world_matrix": [0.996516, -0.0549603, -0.0627442, 2.01631, -0.0834045, -0.666311, -0.740996, -5.96967, -0.00108183, 0.743647, -0.668572, -0.755728, 0.0, 0.0, 0.0, 1.0]}, "032a2df684fc4ac88dd6cd76e9552349_d0_2.png": {"intrinsics": {"fx": 1072.54, "fy": 1073.61, "cx": 633.884, "cy": 515.364}, "camera_to_world_matrix": [0.426028, -0.602956, -0.674496, 2.02828, -0.904708, -0.281923, -0.319414, -5.97793, 0.00243671, 0.746301, -0.665605, -0.755786, 0.0, 0.0, 0.0, 1.0]}, "032a2df684fc4ac88dd6cd76e9552349_d0_3.png": {"intrinsics": {"fx": 1072.54, "fy": 1073.61, "cx": 633.884, "cy": 515.364}, "camera_to_world_matrix": [-0.570475, -0.544062, -0.615269, 2.02711, -0.82128, 0.384854, 0.421175, -5.99244, 0.00764303, 0.745577, -0.666376, -0.755771, 0.0, 0.0, 0.0, 1.0]}, "032a2df684fc4ac88dd6cd76e9552349_d0_4.png": {"intrinsics": {"fx": 1072.54, "fy": 1073.61, "cx": 633.884, "cy": 515.364}, "camera_to_world_matrix": [-0.996469, 0.0628263, 0.0557096, 2.01397, 0.0834485, 0.667228, 0.740165, -5.99867, 0.00933066, 0.7422, -0.670114, -0.755698, 0.0, 0.0, 0.0, 1.0]}, "032a2df684fc4ac88dd6cd76e9552349_d0_5.png": {"intrinsics": {"fx": 1072.54, "fy": 1073.61, "cx": 633.884, "cy": 515.364}, "camera_to_world_matrix": [-0.425949, 0.610807, 0.667445, 2.00199, 0.904729, 0.282819, 0.318559, -5.99041, 0.00581198, 0.739547, -0.67308, -0.75564, 0.0, 0.0, 0.0, 1.0]}, "032a2df684fc4ac88dd6cd76e9552349_d1_0.png": {"intrinsics": {"fx": 1075.5, "fy": 1075.82, "cx": 636.136, "cy": 514.209}, "camera_to_world_matrix": [0.568004, -0.00223903, 0.823024, 2.01243, 0.822971, -0.0100804, -0.567995, -5.98216, 0.00956792, 0.999947, -0.00388205, -0.72245, 0.0, 0.0, 0.0, 1.0]}, "032a2df684fc4ac88dd6cd76e9552349_d1_1.png": {"intrinsics": {"fx": 1075.5, "fy": 1075.82, "cx": 636.136, "cy": 514.209}, "camera_to_world_matrix": [0.996734, -0.00774742, -0.0803897, 2.01559, -0.0803787, 0.0017777, -0.996763, -5.98066, 0.00786498, 0.999969, 0.00115018, -0.722467, 0.0, 0.0, 0.0, 1.0]}, "032a2df684fc4ac88dd6cd76e9552349_d1_2.png": {"intrinsics": {"fx": 1075.5, "fy": 1075.82, "cx": 636.136, "cy": 514.209}, "camera_to_world_matrix": [0.428777, -0.000232183, -0.903411, 2.01847, -0.90334, 0.0124771, -0.428746, -5.98265, 0.0113712, 0.999923, 0.00514116, -0.722481, 0.0, 0.0, 0.0, 1.0]}, "032a2df684fc4ac88dd6cd76e9552349_d1_3.png": {"intrinsics": {"fx": 1075.5, "fy": 1075.82, "cx": 636.136, "cy": 514.209}, "camera_to_world_matrix": [-0.567898, 0.0127913, -0.823, 2.01819, -0.822933, 0.0113181, 0.568027, -5.98614, 0.0165803, 0.999855, 0.00409983, -0.722478, 0.0, 0.0, 0.0, 1.0]}, "032a2df684fc4ac88dd6cd76e9552349_d1_4.png": {"intrinsics": {"fx": 1075.5, "fy": 1075.82, "cx": 636.136, "cy": 514.209}, "camera_to_world_matrix": [-0.996593, 0.0182992, 0.0804299, 2.01503, 0.0804338, -0.000540225, 0.99676, -5.98764, 0.0182831, 0.999833, -0.00093247, -0.72246, 0.0, 0.0, 0.0, 1.0]}, "032a2df684fc4ac88dd6cd76e9552349_d1_5.png": {"intrinsics": {"fx": 1075.5, "fy": 1075.82, "cx": 636.136, "cy": 514.209}, "camera_to_world_matrix": [-0.428603, 0.0107835, 0.903429, 2.01215, 0.903373, -0.0112393, 0.428711, -5.98565, 0.0147767, 0.999879, -0.00492332, -0.722446, 0.0, 0.0, 0.0, 1.0]}, "032a2df684fc4ac88dd6cd76e9552349_d2_0.png": {"intrinsics": {"fx": 1077.24, "fy": 1077.47, "cx": 644.212, "cy": 519.392}, "camera_to_world_matrix": [0.568859, -0.548408, 0.612899, 2.00351, 0.822401, 0.372753, -0.429779, -5.97587, 0.00723509, 0.748534, 0.663054, -0.689156, 0.0, 0.0, 0.0, 1.0]}, "032a2df684fc4ac88dd6cd76e9552349_d2_1.png": {"intrinsics": {"fx": 1077.24, "fy": 1077.47, "cx": 644.212, "cy": 519.392}, "camera_to_world_matrix": [0.996663, 0.05018, -0.0643534, 2.01666, -0.081416, 0.664956, -0.742431, -5.96963, 0.00553729, 0.745194, 0.666822, -0.689229, 0.0, 0.0, 0.0, 1.0]}, "032a2df684fc4ac88dd6cd76e9552349_d2_2.png": {"intrinsics": {"fx": 1077.24, "fy": 1077.47, "cx": 644.212, "cy": 519.392}, "camera_to_world_matrix": [0.427838, 0.602522, -0.673736, 2.02863, -0.903808, 0.29265, -0.312223, -5.97789, 0.0090478, 0.74251, 0.669771, -0.689287, 0.0, 0.0, 0.0, 1.0]}, "032a2df684fc4ac88dd6cd76e9552349_d2_3.png": {"intrinsics": {"fx": 1077.24, "fy": 1077.47, "cx": 644.212, "cy": 519.392}, "camera_to_world_matrix": [-0.568778, 0.556265, -0.605854, 2.02746, -0.822365, -0.371851, 0.430628, -5.99239, 0.0142559, 0.743166, 0.668953, -0.689272, 0.0, 0.0, 0.0, 1.0]}, "032a2df684fc4ac88dd6cd76e9552349_d2_4.png": {"intrinsics": {"fx": 1077.24, "fy": 1077.47, "cx": 644.212, "cy": 519.392}, "camera_to_world_matrix": [-0.996546, -0.042335, 0.0714106, 2.01432, 0.0814683, -0.664031, 0.743253, -5.99863, 0.0159535, 0.746505, 0.665185, -0.689199, 0.0, 0.0, 0.0, 1.0]}, "032a2df684fc4ac88dd6cd76e9552349_d2_5.png": {"intrinsics": {"fx": 1077.24, "fy": 1077.47, "cx": 644.212, "cy": 519.392}, "camera_to_world_matrix": [-0.427689, -0.594663, 0.680777, 2.00234, 0.903838, -0.291703, 0.313021, -5.99037, 0.0124429, 0.749189, 0.662237, -0.689141, 0.0, 0.0, 0.0, 1.0]}, "0e241cf1a93841d4b2bd94434da632b0_d0_0.png": {"intrinsics": {"fx": 1072.54, "fy": 1073.61, "cx": 633.884, "cy": 515.364}, "camera_to_world_matrix": [-0.881566, -0.317752, -0.349108, 0.734476, -0.472061, 0.594255, 0.651168, 3.90634, 0.000549067, 0.738848, -0.673872, 1.58375, 0.0, 0.0, 0.0, 1.0]}, "0e241cf1a93841d4b2bd94434da632b0_d0_1.png": {"intrinsics": {"fx": 1072.54, "fy": 1073.61, "cx": 633.884, "cy": 515.364}, "camera_to_world_matrix": [-0.849598, 0.351162, 0.393536, 0.719932, 0.527425, 0.569808, 0.630193, 3.90676, -0.00294045, 0.74297, -0.669318, 1.58366, 0.0, 0.0, 0.0, 1.0]}, "0e241cf1a93841d4b2bd94434da632b0_d0_2.png": {"intrinsics": {"fx": 1072.54, "fy": 1073.61, "cx": 633.884, "cy": 515.364}, "camera_to_world_matrix": [0.0319632, 0.664427, 0.74667, 0.713025, 0.99949, -0.0217227, -0.0234556, 3.91957, 0.000635014, 0.747038, -0.664781, 1.58357, 0.0, 0.0, 0.0, 1.0]}, "0e241cf1a93841d4b2bd94434da632b0_d0_3.png": {"intrinsics": {"fx": 1072.54, "fy": 1073.61, "cx": 633.884, "cy": 515.364}, "camera_to_world_matrix": [0.881535, 0.308771, 0.357153, 0.720662, 0.472057, -0.588793, -0.656114, 3.93195, 0.00769995, 0.746983, -0.664798, 1.58357, 0.0, 0.0, 0.0, 1.0]}, "0e241cf1a93841d4b2bd94434da632b0_d0_4.png": {"intrinsics": {"fx": 1072.54, "fy": 1073.61, "cx": 633.884, "cy": 515.364}, "camera_to_world_matrix": [0.849527, -0.360142, -0.38549, 0.735206, -0.527428, -0.56432, -0.635109, 3.93153, 0.0111892, 0.74286, -0.669353, 1.58366, 0.0, 0.0, 0.0, 1.0]}, "0e241cf1a93841d4b2bd94434da632b0_d0_5.png": {"intrinsics": {"fx": 1072.54, "fy": 1073.61, "cx": 633.884, "cy": 515.364}, "camera_to_world_matrix": [-0.0320521, -0.673384, -0.738599, 0.742113, -0.999458, 0.027223, 0.0185529, 3.91873, 0.00761355, 0.738793, -0.67389, 1.58375, 0.0, 0.0, 0.0, 1.0]}, "0e241cf1a93841d4b2bd94434da632b0_d1_0.png": {"intrinsics": {"fx": 1075.5, "fy": 1075.82, "cx": 636.136, "cy": 514.209}, "camera_to_world_matrix": [-0.880121, 0.00553031, -0.474719, 0.72903, -0.474656, 0.00979581, 0.880118, 3.91619, 0.0095173, 0.999937, -0.00599548, 1.61693, 0.0, 0.0, 0.0, 1.0]}, "0e241cf1a93841d4b2bd94434da632b0_d1_1.png": {"intrinsics": {"fx": 1075.5, "fy": 1075.82, "cx": 636.136, "cy": 514.209}, "camera_to_world_matrix": [-0.851177, 0.00504395, 0.524855, 0.725532, 0.524846, -0.00327017, 0.851192, 3.91629, 0.00600946, 0.999982, 0.000137213, 1.61691, 0.0, 0.0, 0.0, 1.0]}, "0e241cf1a93841d4b2bd94434da632b0_d1_2.png": {"intrinsics": {"fx": 1075.5, "fy": 1075.82, "cx": 636.136, "cy": 514.209}, "camera_to_world_matrix": [0.0288842, -0.00651464, 0.999562, 0.72387, 0.999538, -0.00938206, -0.0289443, 3.91937, 0.00956623, 0.999935, 0.00624165, 1.61688, 0.0, 0.0, 0.0, 1.0]}, "0e241cf1a93841d4b2bd94434da632b0_d1_3.png": {"intrinsics": {"fx": 1075.5, "fy": 1075.82, "cx": 636.136, "cy": 514.209}, "camera_to_world_matrix": [0.879982, -0.0175866, 0.474684, 0.725707, 0.474718, -0.00242782, -0.880135, 3.92235, 0.0166308, 0.999843, 0.00621325, 1.61688, 0.0, 0.0, 0.0, 1.0]}, "0e241cf1a93841d4b2bd94434da632b0_d1_4.png": {"intrinsics": {"fx": 1075.5, "fy": 1075.82, "cx": 636.136, "cy": 514.209}, "camera_to_world_matrix": [0.850999, -0.0170997, -0.52489, 0.729206, -0.524783, 0.0106381, -0.851171, 3.92225, 0.0201384, 0.999798, 8.04195e-05, 1.61691, 0.0, 0.0, 0.0, 1.0]}, "0e241cf1a93841d4b2bd94434da632b0_d1_5.png": {"intrinsics": {"fx": 1075.5, "fy": 1075.82, "cx": 636.136, "cy": 514.209}, "camera_to_world_matrix": [-0.029081, -0.0055409, -0.999562, 0.730867, -0.99944, 0.0167496, 0.0289843, 3.91917, 0.0165814, 0.999845, -0.00602387, 1.61693, 0.0, 0.0, 0.0, 1.0]}, "0e241cf1a93841d4b2bd94434da632b0_d2_0.png": {"intrinsics": {"fx": 1077.24, "fy": 1077.47, "cx": 644.212, "cy": 519.392}, "camera_to_world_matrix": [-0.880621, 0.318141, -0.351126, 0.734075, -0.473763, -0.579987, 0.662694, 3.90659, 0.0071823, 0.749934, 0.661471, 1.65024, 0.0, 0.0, 0.0, 1.0]}, "0e241cf1a93841d4b2bd94434da632b0_d2_1.png": {"intrinsics": {"fx": 1077.24, "fy": 1077.47, "cx": 644.212, "cy": 519.392}, "camera_to_world_matrix": [-0.850639, -0.347849, 0.394223, 0.719531, 0.525733, -0.568042, 0.633191, 3.90701, 0.00368071, 0.745875, 0.666074, 1.65015, 0.0, 0.0, 0.0, 1.0]}, "0e241cf1a93841d4b2bd94434da632b0_d2_2.png": {"intrinsics": {"fx": 1077.24, "fy": 1077.47, "cx": 644.212, "cy": 519.392}, "camera_to_world_matrix": [0.0299358, -0.670478, 0.741324, 0.712624, 0.999524, 0.0147057, -0.0270632, 3.91982, 0.00724393, 0.741782, 0.670599, 1.65007, 0.0, 0.0, 0.0, 1.0]}, "0e241cf1a93841d4b2bd94434da632b0_d2_3.png": {"intrinsics": {"fx": 1077.24, "fy": 1077.47, "cx": 644.212, "cy": 519.392}, "camera_to_world_matrix": [0.88051, -0.327111, 0.34307, 0.720261, 0.473808, 0.585495, -0.6578, 3.9322, 0.0143086, 0.74175, 0.670521, 1.65007, 0.0, 0.0, 0.0, 1.0]}, "0e241cf1a93841d4b2bd94434da632b0_d2_4.png": {"intrinsics": {"fx": 1077.24, "fy": 1077.47, "cx": 644.212, "cy": 519.392}, "camera_to_world_matrix": [0.850489, 0.338878, -0.402278, 0.734805, -0.525687, 0.573524, -0.628268, 3.93178, 0.0178099, 0.745809, 0.665919, 1.65016, 0.0, 0.0, 0.0, 1.0]}, "0e241cf1a93841d4b2bd94434da632b0_d2_5.png": {"intrinsics": {"fx": 1077.24, "fy": 1077.47, "cx": 644.212, "cy": 519.392}, "camera_to_world_matrix": [-0.0301046, 0.661485, -0.749353, 0.741712, -0.999443, -0.00923625, 0.0319997, 3.91897, 0.0142465, 0.749901, 0.661394, 1.65024, 0.0, 0.0, 0.0, 1.0]}, "1349a908694c4494999f72c36e52e1bf_d0_0.png": {"intrinsics": {"fx": 1072.54, "fy": 1073.61, "cx": 633.884, "cy": 515.364}, "camera_to_world_matrix": [-0.872747, 0.324904, 0.364352, 2.31297, 0.488162, 0.58643, 0.646374, -7.31261, -0.00365741, 0.741983, -0.670409, 3.5384, 0.0, 0.0, 0.0, 1.0]}, "1349a908694c4494999f72c36e52e1bf_d0_1.png": {"intrinsics": {"fx": 1072.54, "fy": 1073.61, "cx": 633.884, "cy": 515.364}, "camera_to_world_matrix": [-0.0136098, 0.664796, 0.746902, 2.30549, 0.999908, 0.00979398, 0.00950273, -7.30013, -0.00099785, 0.746962, -0.664867, 3.53829, 0.0, 0.0, 0.0, 1.0]}, "1349a908694c4494999f72c36e52e1bf_d0_2.png": {"intrinsics": {"fx": 1072.54, "fy": 1073.61, "cx": 633.884, "cy": 515.364}, "camera_to_world_matrix": [0.859112, 0.335347, 0.386615, 2.31255, 0.511745, -0.572892, -0.640245, -7.28741, 0.00678402, 0.74789, -0.663789, 3.53827, 0.0, 0.0, 0.0, 1.0]}, "1349a908694c4494999f72c36e52e1bf_d0_3.png": {"intrinsics": {"fx": 1072.54, "fy": 1073.61, "cx": 633.884, "cy": 515.364}, "camera_to_world_matrix": [0.872677, -0.333987, -0.356215, 2.3271, -0.488154, -0.578929, -0.653107, -7.28717, 0.0119062, 0.743839, -0.668253, 3.53836, 0.0, 0.0, 0.0, 1.0]}, "1349a908694c4494999f72c36e52e1bf_d0_4.png": {"intrinsics": {"fx": 1072.54, "fy": 1073.61, "cx": 633.884, "cy": 515.364}, "camera_to_world_matrix": [0.0135205, -0.673856, -0.73874, 2.33458, -0.999867, -0.00227933, -0.0162206, -7.29965, 0.00924634, 0.73886, -0.673796, 3.53847, 0.0, 0.0, 0.0, 1.0]}, "1349a908694c4494999f72c36e52e1bf_d0_5.png": {"intrinsics": {"fx": 1072.54, "fy": 1073.61, "cx": 633.884, "cy": 515.364}, "camera_to_world_matrix": [-0.859182, -0.344384, -0.378427, 2.32752, -0.511669, 0.580394, 0.633513, -7.31237, 0.00146444, 0.737932, -0.674873, 3.53849, 0.0, 0.0, 0.0, 1.0]}, "1349a908694c4494999f72c36e52e1bf_d1_0.png": {"intrinsics": {"fx": 1075.5, "fy": 1075.82, "cx": 636.136, "cy": 514.209}, "camera_to_world_matrix": [-0.874206, 0.00528038, 0.485527, 2.31813, 0.485528, -0.00140268, 0.874221, -7.30278, 0.00529698, 0.999986, -0.00133652, 3.57163, 0.0, 0.0, 0.0, 1.0]}, "1349a908694c4494999f72c36e52e1bf_d1_1.png": {"intrinsics": {"fx": 1075.5, "fy": 1075.82, "cx": 636.136, "cy": 514.209}, "camera_to_world_matrix": [-0.0166869, -0.00598773, 0.999843, 2.31633, 0.99983, -0.00803493, 0.0166389, -7.29978, 0.00793376, 0.99995, 0.0061218, 3.57161, 0.0, 0.0, 0.0, 1.0]}, "1349a908694c4494999f72c36e52e1bf_d1_2.png": {"intrinsics": {"fx": 1075.5, "fy": 1075.82, "cx": 636.136, "cy": 514.209}, "camera_to_world_matrix": [0.85744, -0.0173651, 0.514293, 2.31803, 0.514346, -0.00159255, -0.857582, -7.29672, 0.0157107, 0.999848, 0.00756714, 3.5716, 0.0, 0.0, 0.0, 1.0]}, "1349a908694c4494999f72c36e52e1bf_d1_3.png": {"intrinsics": {"fx": 1075.5, "fy": 1075.82, "cx": 636.136, "cy": 514.209}, "camera_to_world_matrix": [0.874028, -0.017474, -0.485563, 2.32153, -0.48543, 0.0114819, -0.874201, -7.29666, 0.0208507, 0.999782, 0.00155413, 3.57162, 0.0, 0.0, 0.0, 1.0]}, "1349a908694c4494999f72c36e52e1bf_d1_4.png": {"intrinsics": {"fx": 1075.5, "fy": 1075.82, "cx": 636.136, "cy": 514.209}, "camera_to_world_matrix": [0.0164884, -0.00620565, -0.999845, 2.32333, -0.999699, 0.0181137, -0.0165988, -7.29966, 0.0182137, 0.999817, -0.0059041, 3.57165, 0.0, 0.0, 0.0, 1.0]}, "1349a908694c4494999f72c36e52e1bf_d1_5.png": {"intrinsics": {"fx": 1075.5, "fy": 1075.82, "cx": 636.136, "cy": 514.209}, "camera_to_world_matrix": [-0.85762, 0.00517143, -0.51426, 2.32163, -0.514181, 0.0116709, 0.857603, -7.30272, 0.0104366, 0.999919, -0.00734913, 3.57165, 0.0, 0.0, 0.0, 1.0]}, "1349a908694c4494999f72c36e52e1bf_d2_0.png": {"intrinsics": {"fx": 1077.24, "fy": 1077.47, "cx": 644.212, "cy": 519.392}, "camera_to_world_matrix": [-0.87371, -0.321536, 0.365025, 2.31256, 0.486435, -0.582081, 0.651583, -7.31227, 0.00296673, 0.746857, 0.664976, 3.6049, 0.0, 0.0, 0.0, 1.0]}, "1349a908694c4494999f72c36e52e1bf_d2_1.png": {"intrinsics": {"fx": 1077.24, "fy": 1077.47, "cx": 644.212, "cy": 519.392}, "camera_to_world_matrix": [-0.015636, -0.670383, 0.74185, 2.30508, 0.99986, -0.0146462, 0.00783776, -7.2998, 0.00561128, 0.74187, 0.670518, 3.60479, 0.0, 0.0, 0.0, 1.0]}, "1349a908694c4494999f72c36e52e1bf_d2_2.png": {"intrinsics": {"fx": 1077.24, "fy": 1077.47, "cx": 644.212, "cy": 519.392}, "camera_to_world_matrix": [0.858009, -0.35338, 0.372747, 2.31214, 0.513457, 0.571194, -0.640389, -7.28708, 0.01339, 0.74085, 0.671534, 3.60477, 0.0, 0.0, 0.0, 1.0]}, "1349a908694c4494999f72c36e52e1bf_d2_3.png": {"intrinsics": {"fx": 1077.24, "fy": 1077.47, "cx": 644.212, "cy": 519.392}, "camera_to_world_matrix": [0.87356, 0.312464, -0.373172, 2.32669, -0.48636, 0.589587, -0.644856, -7.28683, 0.0185238, 0.744817, 0.667008, 3.60486, 0.0, 0.0, 0.0, 1.0]}, "1349a908694c4494999f72c36e52e1bf_d2_4.png": {"intrinsics": {"fx": 1077.24, "fy": 1077.47, "cx": 644.212, "cy": 519.392}, "camera_to_world_matrix": [0.0154659, 0.661288, -0.749972, 2.33418, -0.999752, 0.0221382, -0.00109549, -7.29931, 0.015879, 0.749804, 0.661466, 3.60496, 0.0, 0.0, 0.0, 1.0]}, "1349a908694c4494999f72c36e52e1bf_d2_5.png": {"intrinsics": {"fx": 1077.24, "fy": 1077.47, "cx": 644.212, "cy": 519.392}, "camera_to_world_matrix": [-0.85816, 0.344262, -0.380844, 2.32711, -0.513315, -0.56369, 0.647117, -7.31203, 0.00810027, 0.750824, 0.66045, 3.60498, 0.0, 0.0, 0.0, 1.0]}, "17215b70f091427a9a4db3aeec8a9894_d0_0.png": {"intrinsics": {"fx": 1072.54, "fy": 1073.61, "cx": 633.884, "cy": 515.364}, "camera_to_world_matrix": [0.786003, -0.414073, -0.459069, -1.65269, -0.618216, -0.53022, -0.580239, 7.34079, -0.00314618, 0.739872, -0.67274, 1.78189, 0.0, 0.0, 0.0, 1.0]}, "17215b70f091427a9a4db3aeec8a9894_d0_1.png": {"intrinsics": {"fx": 1072.54, "fy": 1073.61, "cx": 633.884, "cy": 515.364}, "camera_to_world_matrix": [-0.142398, -0.659949, -0.737694, -1.64725, -0.989804, 0.0923331, 0.108461, 7.32729, -0.00346552, 0.745616, -0.666367, 1.78176, 0.0, 0.0, 0.0, 1.0]}, "17215b70f091427a9a4db3aeec8a9894_d0_2.png": {"intrinsics": {"fx": 1072.54, "fy": 1073.61, "cx": 633.884, "cy": 515.364}, "camera_to_world_matrix": [-0.928386, -0.243712, -0.280544, -1.65621, -0.3716, 0.616545, 0.694109, 7.31583, 0.00380516, 0.748651, -0.662954, 1.78169, 0.0, 0.0, 0.0, 1.0]}, "17215b70f091427a9a4db3aeec8a9894_d0_3.png": {"intrinsics": {"fx": 1072.54, "fy": 1073.61, "cx": 633.884, "cy": 515.364}, "camera_to_world_matrix": [-0.785955, 0.41839, 0.45522, -1.67061, 0.61818, 0.518192, 0.591043, 7.31786, 0.011395, 0.745941, -0.665915, 1.78175, 0.0, 0.0, 0.0, 1.0]}, "17215b70f091427a9a4db3aeec8a9894_d0_4.png": {"intrinsics": {"fx": 1072.54, "fy": 1073.61, "cx": 633.884, "cy": 515.364}, "camera_to_world_matrix": [0.142461, 0.664242, 0.733819, -1.67606, 0.989732, -0.104371, -0.0976678, 7.33135, 0.011714, 0.740197, -0.672288, 1.78188, 0.0, 0.0, 0.0, 1.0]}, "17215b70f091427a9a4db3aeec8a9894_d0_5.png": {"intrinsics": {"fx": 1072.54, "fy": 1073.61, "cx": 633.884, "cy": 515.364}, "camera_to_world_matrix": [0.928425, 0.247984, 0.276646, -1.6671, 0.371496, -0.628567, -0.683298, 7.34281, 0.00444321, 0.737163, -0.675701, 1.78194, 0.0, 0.0, 0.0, 1.0]}, "17215b70f091427a9a4db3aeec8a9894_d1_0.png": {"intrinsics": {"fx": 1075.5, "fy": 1075.82, "cx": 636.136, "cy": 514.209}, "camera_to_world_matrix": [0.787835, -0.00734305, -0.615844, -1.6594, -0.615861, 5.30099e-05, -0.787856, 7.33181, 0.00581763, 0.999974, -0.00447952, 1.81508, 0.0, 0.0, 0.0, 1.0]}, "17215b70f091427a9a4db3aeec8a9894_d1_1.png": {"intrinsics": {"fx": 1075.5, "fy": 1075.82, "cx": 636.136, "cy": 514.209}, "camera_to_world_matrix": [-0.139368, 0.0048211, -0.99023, -1.65809, -0.990227, 0.00484798, 0.13939, 7.32857, 0.00547234, 0.999977, 0.00409934, 1.81505, 0.0, 0.0, 0.0, 1.0]}, "17215b70f091427a9a4db3aeec8a9894_d1_2.png": {"intrinsics": {"fx": 1075.5, "fy": 1075.82, "cx": 636.136, "cy": 514.209}, "camera_to_world_matrix": [-0.927161, 0.0150555, -0.374363, -1.66025, -0.374449, -0.00328875, 0.927242, 7.32581, 0.0127286, 0.999882, 0.00868773, 1.81504, 0.0, 0.0, 0.0, 1.0]}, "17215b70f091427a9a4db3aeec8a9894_d1_3.png": {"intrinsics": {"fx": 1075.5, "fy": 1075.82, "cx": 636.136, "cy": 514.209}, "camera_to_world_matrix": [-0.787735, 0.0131255, 0.615876, -1.66371, 0.61568, -0.0162202, 0.78783, 7.3263, 0.0203301, 0.999783, 0.00469714, 1.81505, 0.0, 0.0, 0.0, 1.0]}, "17215b70f091427a9a4db3aeec8a9894_d1_4.png": {"intrinsics": {"fx": 1075.5, "fy": 1075.82, "cx": 636.136, "cy": 514.209}, "camera_to_world_matrix": [0.139482, 0.000961183, 0.990225, -1.66502, 0.99001, -0.0210147, -0.139431, 7.32954, 0.020675, 0.999779, -0.00388174, 1.81508, 0.0, 0.0, 0.0, 1.0]}, "17215b70f091427a9a4db3aeec8a9894_d1_5.png": {"intrinsics": {"fx": 1075.5, "fy": 1075.82, "cx": 636.136, "cy": 514.209}, "camera_to_world_matrix": [0.927252, -0.0092729, 0.374327, -1.66287, 0.374201, -0.0128776, -0.927259, 7.3323, 0.0134185, 0.999875, -0.00846983, 1.8151, 0.0, 0.0, 0.0, 1.0]}, "17215b70f091427a9a4db3aeec8a9894_d2_0.png": {"intrinsics": {"fx": 1077.24, "fy": 1077.47, "cx": 644.212, "cy": 519.392}, "camera_to_world_matrix": [0.787208, 0.406576, -0.463678, -1.6525, -0.616674, 0.52324, -0.588158, 7.34025, 0.00348414, 0.748942, 0.662623, 1.84838, 0.0, 0.0, 0.0, 1.0]}, "17215b70f091427a9a4db3aeec8a9894_d2_1.png": {"intrinsics": {"fx": 1077.24, "fy": 1077.47, "cx": 644.212, "cy": 519.392}, "camera_to_world_matrix": [-0.140405, 0.662731, -0.735576, -1.64705, -0.990087, -0.0916203, 0.10644, 7.32676, 0.00314772, 0.743231, 0.669025, 1.84826, 0.0, 0.0, 0.0, 1.0]}, "17215b70f091427a9a4db3aeec8a9894_d2_2.png": {"intrinsics": {"fx": 1077.24, "fy": 1077.47, "cx": 644.212, "cy": 519.392}, "camera_to_world_matrix": [-0.927579, 0.258297, -0.269956, -1.65601, -0.373477, -0.620888, 0.689211, 7.31529, 0.010409, 0.740121, 0.67239, 1.84819, 0.0, 0.0, 0.0, 1.0]}, "17215b70f091427a9a4db3aeec8a9894_d2_3.png": {"intrinsics": {"fx": 1077.24, "fy": 1077.47, "cx": 644.212, "cy": 519.392}, "camera_to_world_matrix": [-0.787122, -0.402284, 0.467552, -1.67042, 0.616531, -0.535284, 0.577372, 7.31732, 0.0180064, 0.742724, 0.669353, 1.84825, 0.0, 0.0, 0.0, 1.0]}, "17215b70f091427a9a4db3aeec8a9894_d2_4.png": {"intrinsics": {"fx": 1077.24, "fy": 1077.47, "cx": 644.212, "cy": 519.392}, "camera_to_world_matrix": [0.140506, -0.658415, 0.739424, -1.67587, 0.989908, 0.0795868, -0.117237, 7.33081, 0.0183425, 0.748435, 0.662951, 1.84838, 0.0, 0.0, 0.0, 1.0]}, "17215b70f091427a9a4db3aeec8a9894_d2_5.png": {"intrinsics": {"fx": 1077.24, "fy": 1077.47, "cx": 644.212, "cy": 519.392}, "camera_to_world_matrix": [0.927656, -0.253959, 0.27378, -1.66691, 0.373267, 0.608839, -0.69999, 7.34228, 0.0110811, 0.751544, 0.659587, 1.84844, 0.0, 0.0, 0.0, 1.0]}, "18c0ac60e26743069f802efc18a334e1_d0_0.png": {"intrinsics": {"fx": 1072.54, "fy": 1073.61, "cx": 633.884, "cy": 515.364}, "camera_to_world_matrix": [-0.940744, 0.226748, 0.252167, -5.55796, 0.339116, 0.625057, 0.703069, 3.49546, 0.00180062, 0.746921, -0.664911, 1.48903, 0.0, 0.0, 0.0, 1.0]}, "18c0ac60e26743069f802efc18a334e1_d0_1.png": {"intrinsics": {"fx": 1072.54, "fy": 1073.61, "cx": 633.884, "cy": 515.364}, "camera_to_world_matrix": [-0.176684, 0.656237, 0.733578, -5.56739, 0.984235, 0.111638, 0.137186, 3.50655, 0.00813127, 0.746251, -0.665615, 1.48905, 0.0, 0.0, 0.0, 1.0]}, "18c0ac60e26743069f802efc18a334e1_d0_2.png": {"intrinsics": {"fx": 1072.54, "fy": 1073.61, "cx": 633.884, "cy": 515.364}, "camera_to_world_matrix": [0.764047, 0.426347, 0.484213, -5.56249, 0.645077, -0.517007, -0.562655, 3.52025, 0.0104549, 0.742249, -0.670043, 1.48913, 0.0, 0.0, 0.0, 1.0]}, "18c0ac60e26743069f802efc18a334e1_d0_3.png": {"intrinsics": {"fx": 1072.54, "fy": 1073.61, "cx": 633.884, "cy": 515.364}, "camera_to_world_matrix": [0.940696, -0.233028, -0.246558, -5.54818, -0.339192, -0.63222, -0.696598, 3.52287, 0.00644796, 0.738917, -0.673766, 1.48921, 0.0, 0.0, 0.0, 1.0]}, "18c0ac60e26743069f802efc18a334e1_d0_4.png": {"intrinsics": {"fx": 1072.54, "fy": 1073.61, "cx": 633.884, "cy": 515.364}, "camera_to_world_matrix": [0.17661, -0.662498, -0.727947, -5.53876, -0.984282, -0.118784, -0.130697, 3.51178, 0.00011735, 0.739587, -0.673061, 1.48919, 0.0, 0.0, 0.0, 1.0]}, "18c0ac60e26743069f802efc18a334e1_d0_5.png": {"intrinsics": {"fx": 1072.54, "fy": 1073.61, "cx": 633.884, "cy": 515.364}, "camera_to_world_matrix": [-0.764107, -0.432583, -0.478555, -5.54365, -0.645087, 0.509852, 0.569135, 3.49808, -0.00220607, 0.743589, -0.668634, 1.48911, 0.0, 0.0, 0.0, 1.0]}, "18c0ac60e26743069f802efc18a334e1_d1_0.png": {"intrinsics": {"fx": 1075.5, "fy": 1075.82, "cx": 636.136, "cy": 514.209}, "camera_to_world_matrix": [-0.94173, 0.0080669, 0.336274, -5.55439, 0.3362, -0.00932462, 0.941745, 3.50571, 0.0107323, 0.999924, 0.0060702, 1.52235, 0.0, 0.0, 0.0, 1.0]}, "18c0ac60e26743069f802efc18a334e1_d1_1.png": {"intrinsics": {"fx": 1075.5, "fy": 1075.82, "cx": 636.136, "cy": 514.209}, "camera_to_world_matrix": [-0.179683, -0.00196722, 0.983723, -5.55666, 0.983577, -0.0177072, 0.179621, 3.50838, 0.0170654, 0.999842, 0.00511762, 1.52235, 0.0, 0.0, 0.0, 1.0]}, "18c0ac60e26743069f802efc18a334e1_d1_2.png": {"intrinsics": {"fx": 1075.5, "fy": 1075.82, "cx": 636.136, "cy": 514.209}, "camera_to_world_matrix": [0.761996, -0.014244, 0.647426, -5.55548, 0.647292, -0.0132084, -0.762128, 3.51167, 0.0194069, 0.999812, -0.000843736, 1.52237, 0.0, 0.0, 0.0, 1.0]}, "18c0ac60e26743069f802efc18a334e1_d1_3.png": {"intrinsics": {"fx": 1075.5, "fy": 1075.82, "cx": 636.136, "cy": 514.209}, "camera_to_w