{"0036cab23b1d45f4958c42f0c109ac47_d0_0.png": {"intrinsics": {"fx": 1068.57, "fy": 1069.18, "cx": 634.733, "cy": 511.393}, "camera_to_world_matrix": [0.724733, 0.455004, 0.51743, 4.97485, 0.68903, -0.478558, -0.544262, -0.0571685, -2.10707e-05, 0.750969, -0.660337, 1.47927, 0.0, 0.0, 0.0, 1.0]}, "0036cab23b1d45f4958c42f0c109ac47_d0_1.png": {"intrinsics": {"fx": 1068.57, "fy": 1069.18, "cx": 634.733, "cy": 511.393}, "camera_to_world_matrix": [0.959078, -0.188905, -0.210914, 4.98901, -0.283124, -0.631098, -0.722189, -0.0538062, 0.00331747, 0.75235, -0.658755, 1.47924, 0.0, 0.0, 0.0, 1.0]}, "0036cab23b1d45f4958c42f0c109ac47_d0_2.png": {"intrinsics": {"fx": 1068.57, "fy": 1069.18, "cx": 634.733, "cy": 511.393}, "camera_to_world_matrix": [0.234327, -0.64296, -0.729173, 4.999, -0.972134, -0.149723, -0.180385, -0.0643848, 0.00680571, 0.751123, -0.660127, 1.47926, 0.0, 0.0, 0.0, 1.0]}, "0036cab23b1d45f4958c42f0c109ac47_d0_3.png": {"intrinsics": {"fx": 1068.57, "fy": 1069.18, "cx": 634.733, "cy": 511.393}, "camera_to_world_matrix": [-0.724751, -0.453096, -0.519076, 4.99483, -0.688976, 0.48418, 0.539335, -0.0783255, 0.00695531, 0.748514, -0.663082, 1.47932, 0.0, 0.0, 0.0, 1.0]}, "0036cab23b1d45f4958c42f0c109ac47_d0_4.png": {"intrinsics": {"fx": 1068.57, "fy": 1069.18, "cx": 634.733, "cy": 511.393}, "camera_to_world_matrix": [-0.959058, 0.190818, 0.209276, 4.98067, 0.283187, 0.636695, 0.717234, -0.0816873, 0.00361668, 0.747133, -0.664664, 1.47935, 0.0, 0.0, 0.0, 1.0]}, "0036cab23b1d45f4958c42f0c109ac47_d0_5.png": {"intrinsics": {"fx": 1068.57, "fy": 1069.18, "cx": 634.733, "cy": 511.393}, "camera_to_world_matrix": [-0.234281, 0.644855, 0.727513, 4.97068, 0.97217, 0.155303, 0.175409, -0.0711082, 0.000128502, 0.748361, -0.663292, 1.47932, 0.0, 0.0, 0.0, 1.0]}, "0036cab23b1d45f4958c42f0c109ac47_d1_0.png": {"intrinsics": {"fx": 1071.18, "fy": 1071.79, "cx": 628.726, "cy": 517.918}, "camera_to_world_matrix": [0.727032, 0.00189996, 0.686599, 4.98248, 0.686591, 0.00364522, -0.727034, -0.0650779, -0.00388377, 0.999991, 0.00134429, 1.51254, 0.0, 0.0, 0.0, 1.0]}, "0036cab23b1d45f4958c42f0c109ac47_d1_1.png": {"intrinsics": {"fx": 1071.18, "fy": 1071.79, "cx": 628.726, "cy": 517.918}, "camera_to_world_matrix": [0.958125, 0.00149957, -0.286342, 4.98588, -0.286345, 0.00313686, -0.95812, -0.0642691, -0.000538193, 0.999993, 0.0034335, 1.51253, 0.0, 0.0, 0.0, 1.0]}, "0036cab23b1d45f4958c42f0c109ac47_d1_2.png": {"intrinsics": {"fx": 1071.18, "fy": 1071.79, "cx": 628.726, "cy": 517.918}, "camera_to_world_matrix": [0.231071, 0.000859133, -0.972936, 4.98829, -0.972931, 0.00322944, -0.231067, -0.0668138, 0.00294388, 0.999994, 0.0015807, 1.51254, 0.0, 0.0, 0.0, 1.0]}, "0036cab23b1d45f4958c42f0c109ac47_d1_3.png": {"intrinsics": {"fx": 1071.18, "fy": 1071.79, "cx": 628.726, "cy": 517.918}, "camera_to_world_matrix": [-0.72706, 0.000619087, -0.686572, 4.98728, -0.686565, 0.00383036, 0.727057, -0.0701672, 0.0030803, 0.999992, -0.00236127, 1.51255, 0.0, 0.0, 0.0, 1.0]}, "0036cab23b1d45f4958c42f0c109ac47_d1_4.png": {"intrinsics": {"fx": 1071.18, "fy": 1071.79, "cx": 628.726, "cy": 517.918}, "camera_to_world_matrix": [-0.958115, 0.00101949, 0.286379, 4.98388, 0.28638, 0.0043387, 0.958106, -0.0709759, -0.000265366, 0.999989, -0.00445035, 1.51256, 0.0, 0.0, 0.0, 1.0]}, "0036cab23b1d45f4958c42f0c109ac47_d1_5.png": {"intrinsics": {"fx": 1071.18, "fy": 1071.79, "cx": 628.726, "cy": 517.918}, "camera_to_world_matrix": [-0.231034, 0.00165993, 0.972944, 4.98148, 0.972937, 0.0042461, 0.231025, -0.0684311, -0.00374737, 0.999989, -0.00259741, 1.51255, 0.0, 0.0, 0.0, 1.0]}, "0036cab23b1d45f4958c42f0c109ac47_d2_0.png": {"intrinsics": {"fx": 1070.63, "fy": 1071.01, "cx": 633.754, "cy": 508.853}, "camera_to_world_matrix": [0.723703, -0.465097, 0.509844, 4.97493, 0.690098, 0.482786, -0.539151, -0.0569199, 0.00461223, 0.742026, 0.670357, 1.54577, 0.0, 0.0, 0.0, 1.0]}, "0036cab23b1d45f4958c42f0c109ac47_d2_1.png": {"intrinsics": {"fx": 1070.63, "fy": 1071.01, "cx": 633.754, "cy": 508.853}, "camera_to_world_matrix": [0.959476, 0.183627, -0.213751, 4.98909, -0.281684, 0.646372, -0.709125, -0.0535576, 0.00794761, 0.740598, 0.671903, 1.54574, 0.0, 0.0, 0.0, 1.0]}, "0036cab23b1d45f4958c42f0c109ac47_d2_2.png": {"intrinsics": {"fx": 1070.63, "fy": 1071.01, "cx": 633.754, "cy": 508.853}, "camera_to_world_matrix": [0.235761, 0.649657, -0.722747, 4.99908, -0.971745, 0.16635, -0.167458, -0.0641363, 0.0114385, 0.741805, 0.67052, 1.54576, 0.0, 0.0, 0.0, 1.0]}, "0036cab23b1d45f4958c42f0c109ac47_d2_3.png": {"intrinsics": {"fx": 1070.63, "fy": 1071.01, "cx": 633.754, "cy": 508.853}, "camera_to_world_matrix": [-0.72371, 0.466951, -0.508137, 4.99491, -0.690009, -0.477248, 0.544172, -0.078077, 0.0115939, 0.744441, 0.66759, 1.54582, 0.0, 0.0, 0.0, 1.0]}, "0036cab23b1d45f4958c42f0c109ac47_d2_4.png": {"intrinsics": {"fx": 1070.63, "fy": 1071.01, "cx": 633.754, "cy": 508.853}, "camera_to_world_matrix": [-0.959444, -0.18178, 0.215464, 4.98076, 0.281782, -0.640809, 0.714118, -0.0814387, 0.00825842, 0.745869, 0.666043, 1.54585, 0.0, 0.0, 0.0, 1.0]}, "0036cab23b1d45f4958c42f0c109ac47_d2_5.png": {"intrinsics": {"fx": 1070.63, "fy": 1071.01, "cx": 633.754, "cy": 508.853}, "camera_to_world_matrix": [-0.235703, -0.647791, 0.724439, 4.97077, 0.971815, -0.160768, 0.17243, -0.0708597, 0.00476763, 0.744662, 0.667427, 1.54582, 0.0, 0.0, 0.0, 1.0]}, "01786822e023423984b997501fe97f02_d0_0.png": {"intrinsics": {"fx": 1068.57, "fy": 1069.18, "cx": 634.733, "cy": 511.393}, "camera_to_world_matrix": [0.997883, -0.0495491, -0.0421249, 5.07818, -0.0643954, -0.662124, -0.746623, 1.48313, 0.00910247, 0.747755, -0.663912, 1.4703, 0.0, 0.0, 0.0, 1.0]}, "01786822e023423984b997501fe97f02_d0_1.png": {"intrinsics": {"fx": 1068.57, "fy": 1069.18, "cx": 634.733, "cy": 511.393}, "camera_to_world_matrix": [0.443173, -0.59868, -0.667218, 5.09025, -0.896428, -0.292883, -0.33262, 1.47502, 0.00371583, 0.745521, -0.666472, 1.47034, 0.0, 0.0, 0.0, 1.0]}, "01786822e023423984b997501fe97f02_d0_2.png": {"intrinsics": {"fx": 1068.57, "fy": 1069.18, "cx": 634.733, "cy": 511.393}, "camera_to_world_matrix": [-0.55474, -0.553477, -0.62123, 5.08927, -0.832022, 0.367299, 0.415729, 1.4605, -0.00191953, 0.747499, -0.664261, 1.4703, 0.0, 0.0, 0.0, 1.0]}, "01786822e023423984b997501fe97f02_d0_3.png": {"intrinsics": {"fx": 1068.57, "fy": 1069.18, "cx": 634.733, "cy": 511.393}, "camera_to_world_matrix": [-0.997921, 0.0408558, 0.0498495, 5.0762, 0.0644163, 0.658227, 0.750058, 1.45409, -0.00216814, 0.75171, -0.65949, 1.47021, 0.0, 0.0, 0.0, 1.0]}, "01786822e023423984b997501fe97f02_d0_4.png": {"intrinsics": {"fx": 1068.57, "fy": 1069.18, "cx": 634.733, "cy": 511.393}, "camera_to_world_matrix": [-0.443179, 0.589973, 0.674926, 5.06413, 0.896428, 0.288965, 0.336031, 1.46221, 0.00321864, 0.753944, -0.656931, 1.47016, 0.0, 0.0, 0.0, 1.0]}, "01786822e023423984b997501fe97f02_d0_5.png": {"intrinsics": {"fx": 1068.57, "fy": 1069.18, "cx": 634.733, "cy": 511.393}, "camera_to_world_matrix": [0.554732, 0.544744, 0.628909, 5.06511, 0.831982, -0.371216, -0.412317, 1.47672, 0.00885387, 0.751966, -0.659142, 1.4702, 0.0, 0.0, 0.0, 1.0]}, "01786822e023423984b997501fe97f02_d1_0.png": {"intrinsics": {"fx": 1071.18, "fy": 1071.79, "cx": 628.726, "cy": 517.918}, "camera_to_world_matrix": [0.997689, -0.00544785, -0.0677056, 5.07723, -0.0677228, -0.00313041, -0.997698, 1.47202, 0.00522373, 0.99998, -0.00349354, 1.50351, 0.0, 0.0, 0.0, 1.0]}, "01786822e023423984b997501fe97f02_d1_1.png": {"intrinsics": {"fx": 1071.18, "fy": 1071.79, "cx": 628.726, "cy": 517.918}, "camera_to_world_matrix": [0.440197, -0.00609291, -0.897879, 5.08014, -0.897899, -0.00318153, -0.440186, 1.47007, -0.000174254, 0.999976, -0.00687275, 1.50352, 0.0, 0.0, 0.0, 1.0]}, "01786822e023423984b997501fe97f02_d1_2.png": {"intrinsics": {"fx": 1071.18, "fy": 1071.79, "cx": 628.726, "cy": 517.918}, "camera_to_world_matrix": [-0.557499, -0.00645972, -0.830151, 5.0799, -0.830155, -0.00264844, 0.557524, 1.46657, -0.00579969, 0.999975, -0.00388748, 1.50351, 0.0, 0.0, 0.0, 1.0]}, "01786822e023423984b997501fe97f02_d1_3.png": {"intrinsics": {"fx": 1071.18, "fy": 1071.79, "cx": 628.726, "cy": 517.918}, "camera_to_world_matrix": [-0.997681, -0.00618145, 0.0677504, 5.07676, 0.0677638, -0.00206424, 0.997698, 1.46503, -0.00602701, 0.999978, 0.00247692, 1.50349, 0.0, 0.0, 0.0, 1.0]}, "01786822e023423984b997501fe97f02_d1_4.png": {"intrinsics": {"fx": 1071.18, "fy": 1071.79, "cx": 628.726, "cy": 517.918}, "camera_to_world_matrix": [-0.440157, -0.00553638, 0.897903, 5.07385, 0.897919, -0.00201314, 0.440153, 1.46698, -0.000628892, 0.999982, 0.00585592, 1.50348, 0.0, 0.0, 0.0, 1.0]}, "01786822e023423984b997501fe97f02_d1_5.png": {"intrinsics": {"fx": 1071.18, "fy": 1071.79, "cx": 628.726, "cy": 517.918}, "camera_to_world_matrix": [0.557537, -0.0051696, 0.830135, 5.07409, 0.830135, -0.00254625, -0.557554, 1.47048, 0.00499642, 0.999983, 0.00287043, 1.50349, 0.0, 0.0, 0.0, 1.0]}, "01786822e023423984b997501fe97f02_d2_0.png": {"intrinsics": {"fx": 1070.63, "fy": 1071.01, "cx": 633.754, "cy": 508.853}, "camera_to_world_matrix": [0.997924, 0.0317461, -0.05605, 5.07779, -0.0629334, 0.66612, -0.743185, 1.48295, 0.0137426, 0.745169, 0.666736, 1.53679, 0.0, 0.0, 0.0, 1.0]}, "01786822e023423984b997501fe97f02_d2_1.png": {"intrinsics": {"fx": 1070.63, "fy": 1071.01, "cx": 633.754, "cy": 508.853}, "camera_to_world_matrix": [0.444457, 0.592257, -0.672078, 5.08987, -0.895762, 0.300842, -0.32727, 1.47484, 0.0083611, 0.747479, 0.664234, 1.53684, 0.0, 0.0, 0.0, 1.0]}, "01786822e023423984b997501fe97f02_d2_2.png": {"intrinsics": {"fx": 1070.63, "fy": 1071.01, "cx": 633.754, "cy": 508.853}, "camera_to_world_matrix": [-0.553524, 0.556176, -0.619903, 5.08888, -0.83283, -0.367215, 0.414184, 1.46033, 0.00272152, 0.745534, 0.666463, 1.5368, 0.0, 0.0, 0.0, 1.0]}, "01786822e023423984b997501fe97f02_d2_3.png": {"intrinsics": {"fx": 1070.63, "fy": 1071.01, "cx": 633.754, "cy": 508.853}, "camera_to_world_matrix": [-0.998016, -0.0404155, 0.048299, 5.07582, 0.0629302, -0.669979, 0.739708, 1.45392, 0.00246352, 0.741279, 0.671194, 1.53671, 0.0, 0.0, 0.0, 1.0]}, "01786822e023423984b997501fe97f02_d2_4.png": {"intrinsics": {"fx": 1070.63, "fy": 1071.01, "cx": 633.754, "cy": 508.853}, "camera_to_world_matrix": [-0.444516, -0.600913, 0.664311, 5.06374, 0.895737, -0.30468, 0.323769, 1.46203, 0.00784513, 0.738969, 0.673696, 1.53666, 0.0, 0.0, 0.0, 1.0]}, "01786822e023423984b997501fe97f02_d2_5.png": {"intrinsics": {"fx": 1070.63, "fy": 1071.01, "cx": 633.754, "cy": 508.853}, "camera_to_world_matrix": [0.553463, -0.564805, 0.612107, 5.06472, 0.832766, 0.363376, -0.417684, 1.47655, 0.0134846, 0.740914, 0.671466, 1.5367, 0.0, 0.0, 0.0, 1.0]}, "021e0fed78a948bf8627ff9beccae0af_d0_0.png": {"intrinsics": {"fx": 1068.57, "fy": 1069.18, "cx": 634.733, "cy": 511.393}, "camera_to_world_matrix": [-0.934292, -0.228578, -0.273591, -0.0164533, -0.35643, 0.615159, 0.703233, -0.0190326, 0.00755852, 0.754541, -0.65621, -1.57353, 0.0, 0.0, 0.0, 1.0]}, "021e0fed78a948bf8627ff9beccae0af_d0_1.png": {"intrinsics": {"fx": 1068.57, "fy": 1069.18, "cx": 634.733, "cy": 511.393}, "camera_to_world_matrix": [-0.775758, 0.424355, 0.467036, -0.0308113, 0.63092, 0.507709, 0.586662, -0.0166784, 0.0118342, 0.74977, -0.661593, -1.57342, 0.0, 0.0, 0.0, 1.0]}, "021e0fed78a948bf8627ff9beccae0af_d0_2.png": {"intrinsics": {"fx": 1068.57, "fy": 1069.18, "cx": 634.733, "cy": 511.393}, "camera_to_world_matrix": [0.158573, 0.657739, 0.736365, -0.0359509, 0.987317, -0.111481, -0.113036, -0.00306659, 0.00774253, 0.744951, -0.667075, -1.57332, 0.0, 0.0, 0.0, 1.0]}, "021e0fed78a948bf8627ff9beccae0af_d0_3.png": {"intrinsics": {"fx": 1068.57, "fy": 1069.18, "cx": 634.733, "cy": 511.393}, "camera_to_world_matrix": [0.93435, 0.238187, 0.265062, -0.0267323, 0.356357, -0.623208, -0.696148, 0.00819063, -0.000624679, 0.744902, -0.667174, -1.57332, 0.0, 0.0, 0.0, 1.0]}, "021e0fed78a948bf8627ff9beccae0af_d0_4.png": {"intrinsics": {"fx": 1068.57, "fy": 1069.18, "cx": 634.733, "cy": 511.393}, "camera_to_world_matrix": [0.775778, -0.414741, -0.475561, -0.0123744, -0.630987, -0.515733, -0.579548, 0.00583581, -0.00490005, 0.749673, -0.66179, -1.57342, 0.0, 0.0, 0.0, 1.0]}, "021e0fed78a948bf8627ff9beccae0af_d0_5.png": {"intrinsics": {"fx": 1068.57, "fy": 1069.18, "cx": 634.733, "cy": 511.393}, "camera_to_world_matrix": [-0.158567, -0.648102, -0.744863, -0.00723532, -0.987348, 0.103467, 0.120161, -0.00777618, -0.000808142, 0.754493, -0.656308, -1.57353, 0.0, 0.0, 0.0, 1.0]}, "021e0fed78a948bf8627ff9beccae0af_d1_0.png": {"intrinsics": {"fx": 1071.18, "fy": 1071.79, "cx": 628.726, "cy": 517.918}, "camera_to_world_matrix": [-0.935507, 0.00586905, -0.353255, -0.0201431, -0.353284, -0.00502954, 0.935502, -0.00887364, 0.00371416, 0.99997, 0.00677721, -1.5402, 0.0, 0.0, 0.0, 1.0]}, "021e0fed78a948bf8627ff9beccae0af_d1_1.png": {"intrinsics": {"fx": 1071.18, "fy": 1071.79, "cx": 628.726, "cy": 517.918}, "camera_to_world_matrix": [-0.773672, 0.00643445, 0.633552, -0.0235969, 0.633534, -0.0047148, 0.773699, -0.00830732, 0.00796577, 0.999968, -0.00043015, -1.54017, 0.0, 0.0, 0.0, 1.0]}, "021e0fed78a948bf8627ff9beccae0af_d1_2.png": {"intrinsics": {"fx": 1071.18, "fy": 1071.79, "cx": 628.726, "cy": 517.918}, "camera_to_world_matrix": [0.16185, 0.0069897, 0.98679, -0.0248332, 0.986806, -0.00504709, -0.161818, -0.00503301, 0.00384972, 0.999962, -0.00771577, -1.54015, 0.0, 0.0, 0.0, 1.0]}, "021e0fed78a948bf8627ff9beccae0af_d1_3.png": {"intrinsics": {"fx": 1071.18, "fy": 1071.79, "cx": 628.726, "cy": 517.918}, "camera_to_world_matrix": [0.935516, 0.00697953, 0.353212, -0.0226157, 0.353252, -0.00569409, -0.93551, -0.00232508, -0.00451783, 0.999959, -0.00779387, -1.54015, 0.0, 0.0, 0.0, 1.0]}, "021e0fed78a948bf8627ff9beccae0af_d1_4.png": {"intrinsics": {"fx": 1071.18, "fy": 1071.79, "cx": 628.726, "cy": 517.918}, "camera_to_world_matrix": [0.773642, 0.00641412, -0.633589, -0.0191619, -0.63356, -0.00600881, -0.773669, -0.00289154, -0.00876915, 0.999961, -0.000586343, -1.54017, 0.0, 0.0, 0.0, 1.0]}, "021e0fed78a948bf8627ff9beccae0af_d1_5.png": {"intrinsics": {"fx": 1071.18, "fy": 1071.79, "cx": 628.726, "cy": 517.918}, "camera_to_world_matrix": [-0.161894, 0.00585889, -0.98679, -0.0179257, -0.986796, -0.0056765, 0.161862, -0.0061659, -0.00465282, 0.999966, 0.00669912, -1.5402, 0.0, 0.0, 0.0, 1.0]}, "021e0fed78a948bf8627ff9beccae0af_d2_0.png": {"intrinsics": {"fx": 1070.63, "fy": 1071.01, "cx": 633.754, "cy": 508.853}, "camera_to_world_matrix": [-0.933711, 0.249739, -0.256549, -0.0160261, -0.357824, -0.626532, 0.692402, -0.0193892, 0.0121834, 0.738301, 0.674363, -1.50703, 0.0, 0.0, 0.0, 1.0]}, "021e0fed78a948bf8627ff9beccae0af_d2_1.png": {"intrinsics": {"fx": 1070.63, "fy": 1071.01, "cx": 633.754, "cy": 508.853}, "camera_to_world_matrix": [-0.776638, -0.411895, 0.47663, -0.0303841, 0.629733, -0.527418, 0.570323, -0.0170349, 0.0164696, 0.743083, 0.668998, -1.50693, 0.0, 0.0, 0.0, 1.0]}, "021e0fed78a948bf8627ff9beccae0af_d2_2.png": {"intrinsics": {"fx": 1070.63, "fy": 1071.01, "cx": 633.754, "cy": 508.853}, "camera_to_world_matrix": [0.157142, -0.65685, 0.737465, -0.0355237, 0.987499, 0.0951406, -0.125679, -0.00342315, 0.0123889, 0.747995, 0.66359, -1.50682, 0.0, 0.0, 0.0, 1.0]}, "021e0fed78a948bf8627ff9beccae0af_d2_3.png": {"intrinsics": {"fx": 1070.63, "fy": 1071.01, "cx": 633.754, "cy": 508.853}, "camera_to_world_matrix": [0.933829, -0.240165, 0.265117, -0.0263051, 0.357701, 0.618571, -0.699586, 0.00783407, 0.00402202, 0.748125, 0.663547, -1.50682, 0.0, 0.0, 0.0, 1.0]}, "021e0fed78a948bf8627ff9beccae0af_d2_4.png": {"intrinsics": {"fx": 1070.63, "fy": 1071.01, "cx": 633.754, "cy": 508.853}, "camera_to_world_matrix": [0.776718, 0.421466, -0.468057, -0.0119472, -0.62985, 0.519432, -0.577478, 0.00547925, -0.000263866, 0.743343, 0.668912, -1.50692, 0.0, 0.0, 0.0, 1.0]}, "021e0fed78a948bf8627ff9beccae0af_d2_5.png": {"intrinsics": {"fx": 1070.63, "fy": 1071.01, "cx": 633.754, "cy": 508.853}, "camera_to_world_matrix": [-0.157076, 0.666396, -0.728865, -0.00680811, -0.98758, -0.103137, 0.118533, -0.00813274, 0.00381717, 0.738431, 0.67432, -1.50703, 0.0, 0.0, 0.0, 1.0]}, "0559411e20ac425cac350d8373776e3a_d0_0.png": {"intrinsics": {"fx": 1068.57, "fy": 1069.18, "cx": 634.733, "cy": 511.393}, "camera_to_world_matrix": [-0.867267, 0.33258, 0.370458, 8.38408, 0.497726, 0.563062, 0.65972, 3.89521, 0.0108188, 0.75654, -0.653858, 1.48432, 0.0, 0.0, 0.0, 1.0]}, "0559411e20ac425cac350d8373776e3a_d0_1.png": {"intrinsics": {"fx": 1068.57, "fy": 1069.18, "cx": 634.733, "cy": 511.393}, "camera_to_world_matrix": [-0.00249108, 0.662627, 0.748945, 8.37681, 0.999867, -0.0104349, 0.012558, 3.90781, 0.0161364, 0.748877, -0.662513, 1.48448, 0.0, 0.0, 0.0, 1.0]}, "0559411e20ac425cac350d8373776e3a_d0_2.png": {"intrinsics": {"fx": 1068.57, "fy": 1069.18, "cx": 634.733, "cy": 511.393}, "camera_to_world_matrix": [0.86478, 0.330937, 0.377672, 8.3841, 0.502074, -0.582993, -0.63878, 3.92041, 0.00878415, 0.742024, -0.670316, 1.48463, 0.0, 0.0, 0.0, 1.0]}, "0559411e20ac425cac350d8373776e3a_d0_3.png": {"intrinsics": {"fx": 1068.57, "fy": 1069.18, "cx": 634.733, "cy": 511.393}, "camera_to_world_matrix": [0.867256, -0.330793, -0.37208, 8.39865, -0.497848, -0.582042, -0.642942, 3.92039, -0.00388543, 0.742835, -0.669464, 1.48462, 0.0, 0.0, 0.0, 1.0]}, "0559411e20ac425cac350d8373776e3a_d0_4.png": {"intrinsics": {"fx": 1068.57, "fy": 1069.18, "cx": 634.733, "cy": 511.393}, "camera_to_world_matrix": [0.00246043, -0.660819, -0.750542, 8.40591, -0.999955, -0.00853267, 0.00423453, 3.90779, -0.0092025, 0.750498, -0.660809, 1.48445, 0.0, 0.0, 0.0, 1.0]}, "0559411e20ac425cac350d8373776e3a_d0_5.png": {"intrinsics": {"fx": 1068.57, "fy": 1069.18, "cx": 634.733, "cy": 511.393}, "camera_to_world_matrix": [-0.864792, -0.329106, -0.379244, 8.39862, -0.502128, 0.564013, 0.655559, 3.89519, -0.00184991, 0.75735, -0.653006, 1.4843, 0.0, 0.0, 0.0, 1.0]}, "0559411e20ac425cac350d8373776e3a_d1_0.png": {"intrinsics": {"fx": 1071.18, "fy": 1071.79, "cx": 628.726, "cy": 517.918}, "camera_to_world_matrix": [-0.865606, 0.00111226, 0.500723, 8.38965, 0.500675, -0.0120264, 0.865551, 3.90435, 0.00698496, 0.999926, 0.00985183, 1.51768, 0.0, 0.0, 0.0, 1.0]}, "0559411e20ac425cac350d8373776e3a_d1_1.png": {"intrinsics": {"fx": 1071.18, "fy": 1071.79, "cx": 628.726, "cy": 517.918}, "camera_to_world_matrix": [0.000848703, 0.00171377, 0.999997, 8.3879, 0.999923, -0.0122649, -0.000827995, 3.90738, 0.0122638, 0.999923, -0.00172547, 1.51772, 0.0, 0.0, 0.0, 1.0]}, "0559411e20ac425cac350d8373776e3a_d1_2.png": {"intrinsics": {"fx": 1071.18, "fy": 1071.79, "cx": 628.726, "cy": 517.918}, "camera_to_world_matrix": [0.866454, 0.00180792, 0.499251, 8.38965, 0.499231, -0.0129051, -0.866372, 3.91041, 0.00487692, 0.999914, -0.0120857, 1.51775, 0.0, 0.0, 0.0, 1.0]}, "0559411e20ac425cac350d8373776e3a_d1_3.png": {"intrinsics": {"fx": 1071.18, "fy": 1071.79, "cx": 628.726, "cy": 517.918}, "camera_to_world_matrix": [0.865585, 0.00130055, -0.500758, 8.39315, -0.500698, -0.0133067, -0.865518, 3.91041, -0.00778871, 0.99991, -0.0108683, 1.51775, 0.0, 0.0, 0.0, 1.0]}, "0559411e20ac425cac350d8373776e3a_d1_4.png": {"intrinsics": {"fx": 1071.18, "fy": 1071.79, "cx": 628.726, "cy": 517.918}, "camera_to_world_matrix": [-0.000888773, 0.000699041, -0.999999, 8.3949, -0.999913, -0.0130681, 0.000879946, 3.90738, -0.0130671, 0.999914, 0.000709189, 1.51771, 0.0, 0.0, 0.0, 1.0]}, "0559411e20ac425cac350d8373776e3a_d1_5.png": {"intrinsics": {"fx": 1071.18, "fy": 1071.79, "cx": 628.726, "cy": 517.918}, "camera_to_world_matrix": [-0.866474, 0.000604918, -0.499218, 8.39315, -0.499186, -0.012428, 0.866405, 3.90435, -0.00567981, 0.999922, 0.0110691, 1.51767, 0.0, 0.0, 0.0, 1.0]}, "0559411e20ac425cac350d8373776e3a_d2_0.png": {"intrinsics": {"fx": 1070.63, "fy": 1071.01, "cx": 633.754, "cy": 508.853}, "camera_to_world_matrix": [-0.867972, -0.326064, 0.374577, 8.38416, 0.496375, -0.593062, 0.633949, 3.89436, 0.0154389, 0.73618, 0.676611, 1.55081, 0.0, 0.0, 0.0, 1.0]}, "0559411e20ac425cac350d8373776e3a_d2_1.png": {"intrinsics": {"fx": 1070.63, "fy": 1071.01, "cx": 633.754, "cy": 508.853}, "camera_to_world_matrix": [-0.00396073, -0.668073, 0.744086, 8.37689, 0.999777, -0.0181034, -0.0109315, 3.90697, 0.0207733, 0.743876, 0.667996, 1.55098, 0.0, 0.0, 0.0, 1.0]}, "0559411e20ac425cac350d8373776e3a_d2_2.png": {"intrinsics": {"fx": 1070.63, "fy": 1071.01, "cx": 633.754, "cy": 508.853}, "camera_to_world_matrix": [0.864022, -0.341097, 0.370299, 8.38418, 0.503278, 0.565544, -0.653354, 3.91956, 0.0134367, 0.750875, 0.660309, 1.55113, 0.0, 0.0, 0.0, 1.0]}, "0559411e20ac425cac350d8373776e3a_d2_3.png": {"intrinsics": {"fx": 1070.63, "fy": 1071.01, "cx": 633.754, "cy": 508.853}, "camera_to_world_matrix": [0.867973, 0.32788, -0.372987, 8.39873, -0.496614, 0.57422, -0.650882, 3.91955, 0.000765698, 0.750178, 0.661237, 1.55111, 0.0, 0.0, 0.0, 1.0]}, "0559411e20ac425cac350d8373776e3a_d2_4.png": {"intrinsics": {"fx": 1070.63, "fy": 1071.01, "cx": 633.754, "cy": 508.853}, "camera_to_world_matrix": [0.00394118, 0.669867, -0.742472, 8.40599, -0.999983, -0.000751247, -0.00598676, 3.90695, -0.0045683, 0.742482, 0.669853, 1.55094, 0.0, 0.0, 0.0, 1.0]}, "0559411e20ac425cac350d8373776e3a_d2_5.png": {"intrinsics": {"fx": 1070.63, "fy": 1071.01, "cx": 633.754, "cy": 508.853}, "camera_to_world_matrix": [-0.864022, 0.342868, -0.36866, 8.39871, -0.503449, -0.584386, 0.636422, 3.89435, 0.00276878, 0.735483, 0.677539, 1.55079, 0.0, 0.0, 0.0, 1.0]}, "0bdadf346eb441c48a58d9b8797ee882_d0_0.png": {"intrinsics": {"fx": 1068.57, "fy": 1069.18, "cx": 634.733, "cy": 511.393}, "camera_to_world_matrix": [0.7412, 0.436006, 0.510414, 7.94897, 0.67122, -0.491962, -0.554471, 5.69852, 0.00935177, 0.753574, -0.657297, -1.58159, 0.0, 0.0, 0.0, 1.0]}, "0bdadf346eb441c48a58d9b8797ee882_d0_1.png": {"intrinsics": {"fx": 1068.57, "fy": 1069.18, "cx": 634.733, "cy": 511.393}, "camera_to_world_matrix": [0.951852, -0.211397, -0.222013, 7.96321, -0.306344, -0.628821, -0.71466, 5.70154, 0.0114704, 0.748262, -0.663304, -1.58147, 0.0, 0.0, 0.0, 1.0]}, "0bdadf346eb441c48a58d9b8797ee882_d0_2.png": {"intrinsics": {"fx": 1068.57, "fy": 1069.18, "cx": 634.733, "cy": 511.393}, "camera_to_world_matrix": [0.210602, -0.653609, -0.72694, 7.97294, -0.977556, -0.136559, -0.160425, 5.69072, 0.0055855, 0.74441, -0.667699, -1.58139, 0.0, 0.0, 0.0, 1.0]}, "0bdadf346eb441c48a58d9b8797ee882_d0_3.png": {"intrinsics": {"fx": 1068.57, "fy": 1069.18, "cx": 634.733, "cy": 511.393}, "camera_to_world_matrix": [-0.741283, -0.448409, -0.499429, 7.96843, -0.671189, 0.492552, 0.553985, 5.67689, -0.00241788, 0.74587, -0.666087, -1.58142, 0.0, 0.0, 0.0, 1.0]}, "0bdadf346eb441c48a58d9b8797ee882_d0_4.png": {"intrinsics": {"fx": 1068.57, "fy": 1069.18, "cx": 634.733, "cy": 511.393}, "camera_to_world_matrix": [-0.951898, 0.198999, 0.233005, 7.9542, 0.306384, 0.629385, 0.714145, 5.67387, -0.00453617, 0.751182, -0.66008, -1.58154, 0.0, 0.0, 0.0, 1.0]}, "0bdadf346eb441c48a58d9b8797ee882_d0_5.png": {"intrinsics": {"fx": 1068.57, "fy": 1069.18, "cx": 634.733, "cy": 511.393}, "camera_to_world_matrix": [-0.210621, 0.641192, 0.737911, 7.94447, 0.977567, 0.137106, 0.159891, 5.68469, 0.00134893, 0.755033, -0.655685, -1.58162, 0.0, 0.0, 0.0, 1.0]}, "0bdadf346eb441c48a58d9b8797ee882_d1_0.png": {"intrinsics": {"fx": 1071.18, "fy": 1071.79, "cx": 628.726, "cy": 517.918}, "camera_to_world_matrix": [0.743475, -0.00764671, 0.668718, 7.95609, 0.668738, 0.000273837, -0.743497, 5.69032, 0.00550255, 0.99997, 0.00531584, -1.54828, 0.0, 0.0, 0.0, 1.0]}, "0bdadf346eb441c48a58d9b8797ee882_d1_1.png": {"intrinsics": {"fx": 1071.18, "fy": 1071.79, "cx": 628.726, "cy": 517.918}, "camera_to_world_matrix": [0.950858, -0.00805931, -0.309518, 7.95951, -0.309529, -0.000224647, -0.950889, 5.69105, 0.00759435, 0.999967, -0.00270962, -1.54825, 0.0, 0.0, 0.0, 1.0]}, "0bdadf346eb441c48a58d9b8797ee882_d1_2.png": {"intrinsics": {"fx": 1071.18, "fy": 1071.79, "cx": 628.726, "cy": 517.918}, "camera_to_world_matrix": [0.207365, -0.0086973, -0.978224, 7.96185, -0.978261, -0.000116549, -0.207371, 5.68845, 0.00168993, 0.999962, -0.00853382, -1.54823, 0.0, 0.0, 0.0, 1.0]}, "0bdadf346eb441c48a58d9b8797ee882_d1_3.png": {"intrinsics": {"fx": 1071.18, "fy": 1071.79, "cx": 628.726, "cy": 517.918}, "camera_to_world_matrix": [-0.743495, -0.00892267, -0.66868, 7.96077, -0.66871, 0.000490032, 0.743522, 5.68512, -0.00630616, 0.999959, -0.00633243, -1.54824, 0.0, 0.0, 0.0, 1.0]}, "0bdadf346eb441c48a58d9b8797ee882_d1_4.png": {"intrinsics": {"fx": 1071.18, "fy": 1071.79, "cx": 628.726, "cy": 517.918}, "camera_to_world_matrix": [-0.950839, -0.00851005, 0.309563, 7.95734, 0.309566, 0.000988501, 0.950877, 5.68439, -0.00839764, 0.999963, 0.00169311, -1.54827, 0.0, 0.0, 0.0, 1.0]}, "0bdadf346eb441c48a58d9b8797ee882_d1_5.png": {"intrinsics": {"fx": 1071.18, "fy": 1071.79, "cx": 628.726, "cy": 517.918}, "camera_to_world_matrix": [-0.20732, -0.00787207, 0.978241, 7.955, 0.978269, 0.000880377, 0.207332, 5.68699, -0.00249299, 0.999968, 0.00751708, -1.54829, 0.0, 0.0, 0.0, 1.0]}, "0bdadf346eb441c48a58d9b8797ee882_d2_0.png": {"intrinsics": {"fx": 1070.63, "fy": 1071.01, "cx": 633.754, "cy": 508.853}, "camera_to_world_matrix": [0.740151, -0.460378, 0.490134, 7.94842, 0.672297, 0.491471, -0.553601, 5.69855, 0.0139788, 0.739263, 0.673274, -1.51509, 0.0, 0.0, 0.0, 1.0]}, "0bdadf346eb441c48a58d9b8797ee882_d2_1.png": {"intrinsics": {"fx": 1070.63, "fy": 1071.01, "cx": 633.754, "cy": 508.853}, "camera_to_world_matrix": [0.95224, 0.192108, -0.237352, 7.96265, -0.30493, 0.639256, -0.705954, 5.70157, 0.0161092, 0.744612, 0.667305, -1.51498, 0.0, 0.0, 0.0, 1.0]}, "0bdadf346eb441c48a58d9b8797ee882_d2_2.png": {"intrinsics": {"fx": 1070.63, "fy": 1071.01, "cx": 633.754, "cy": 508.853}, "camera_to_world_matrix": [0.212, 0.646323, -0.733023, 7.97238, -0.977217, 0.148054, -0.152082, 5.69075, 0.0102331, 0.748563, 0.662986, -1.51489, 0.0, 0.0, 0.0, 1.0]}, "0bdadf346eb441c48a58d9b8797ee882_d2_3.png": {"intrinsics": {"fx": 1070.63, "fy": 1071.01, "cx": 633.754, "cy": 508.853}, "camera_to_world_matrix": [-0.740311, 0.448044, -0.501197, 7.96788, -0.672262, -0.490921, 0.554131, 5.67691, 0.00222672, 0.747164, 0.664637, -1.51492, 0.0, 0.0, 0.0, 1.0]}, "0bdadf346eb441c48a58d9b8797ee882_d2_4.png": {"intrinsics": {"fx": 1070.63, "fy": 1071.01, "cx": 633.754, "cy": 508.853}, "camera_to_world_matrix": [-0.952362, -0.204448, 0.226295, 7.95365, 0.304973, -0.63868, 0.706456, 5.6739, 9.66461e-05, 0.741815, 0.670606, -1.51504, 0.0, 0.0, 0.0, 1.0]}, "0bdadf346eb441c48a58d9b8797ee882_d2_5.png": {"intrinsics": {"fx": 1070.63, "fy": 1071.01, "cx": 633.754, "cy": 508.853}, "camera_to_world_matrix": [-0.212096, -0.658644, 0.721944, 7.94392, 0.977232, -0.147461, 0.152564, 5.68472, 0.00597297, 0.737864, 0.674924, -1.51513, 0.0, 0.0, 0.0, 1.0]}, "0d6f152e5fdc42bbb8fc744ecd1dbef2_d0_0.png": {"intrinsics": {"fx": 1068.57, "fy": 1069.18, "cx": 634.733, "cy": 511.393}, "camera_to_world_matrix": [-0.368498, -0.612224, -0.699566, 0.778597, -0.929629, 0.242511, 0.277451, 1.93623, -0.000209756, 0.752576, -0.658505, 1.46683, 0.0, 0.0, 0.0, 1.0]}, "0d6f152e5fdc42bbb8fc744ecd1dbef2_d0_1.png": {"intrinsics": {"fx": 1068.57, "fy": 1069.18, "cx": 634.733, "cy": 511.393}, "camera_to_world_matrix": [-0.989317, -0.0918474, -0.113213, 0.76716, -0.145687, 0.651286, 0.744716, 1.92723, 0.00533374, 0.753254, -0.657709, 1.46681, 0.0, 0.0, 0.0, 1.0]}, "0d6f152e5fdc42bbb8fc744ecd1dbef2_d0_2.png": {"intrinsics": {"fx": 1068.57, "fy": 1069.18, "cx": 634.733, "cy": 511.393}, "camera_to_world_matrix": [-0.620787, 0.522344, 0.58462, 0.753652, 0.783928, 0.405015, 0.470553, 1.93264, 0.00901059, 0.750413, -0.660908, 1.46688, 0.0, 0.0, 0.0, 1.0]}, "0d6f152e5fdc42bbb8fc744ecd1dbef2_d0_3.png": {"intrinsics": {"fx": 1068.57, "fy": 1069.18, "cx": 634.733, "cy": 511.393}, "camera_to_world_matrix": [0.368553, 0.616146, 0.696085, 0.751581, 0.92958, -0.250025, -0.270868, 1.94704, 0.00714384, 0.746895, -0.664903, 1.46695, 0.0, 0.0, 0.0, 1.0]}, "0d6f152e5fdc42bbb8fc744ecd1dbef2_d0_4.png": {"intrinsics": {"fx": 1068.57, "fy": 1069.18, "cx": 634.733, "cy": 511.393}, "camera_to_world_matrix": [0.989341, 0.0957537, 0.109714, 0.763019, 0.145614, -0.658779, -0.73811, 1.95604, 0.00160031, 0.746218, -0.6657, 1.46697, 0.0, 0.0, 0.0, 1.0]}, "0d6f152e5fdc42bbb8fc744ecd1dbef2_d0_5.png": {"intrinsics": {"fx": 1068.57, "fy": 1069.18, "cx": 634.733, "cy": 511.393}, "camera_to_world_matrix": [0.620775, -0.518428, -0.588108, 0.776526, -0.783987, -0.412484, -0.46392, 1.95063, -0.00207639, 0.749059, -0.6625, 1.46691, 0.0, 0.0, 0.0, 1.0]}, "0d6f152e5fdc42bbb8fc744ecd1dbef2_d1_0.png": {"intrinsics": {"fx": 1071.18, "fy": 1071.79, "cx": 628.726, "cy": 517.918}, "camera_to_world_matrix": [-0.371617, 0.00200203, -0.928383, 0.768426, -0.928376, -0.00517955, 0.371604, 1.94017, -0.00406428, 0.999984, 0.00378204, 1.50013, 0.0, 0.0, 0.0, 1.0]}, "0d6f152e5fdc42bbb8fc744ecd1dbef2_d1_1.png": {"intrinsics": {"fx": 1071.18, "fy": 1071.79, "cx": 628.726, "cy": 517.918}, "camera_to_world_matrix": [-0.989813, 0.002152, -0.14235, 0.765675, -0.142359, -0.00455007, 0.989804, 1.938, 0.00148272, 0.999987, 0.00480867, 1.50012, 0.0, 0.0, 0.0, 1.0]}, "0d6f152e5fdc42bbb8fc744ecd1dbef2_d1_2.png": {"intrinsics": {"fx": 1071.18, "fy": 1071.79, "cx": 628.726, "cy": 517.918}, "camera_to_world_matrix": [-0.618174, 0.00277214, 0.786035, 0.762425, 0.786022, -0.00436522, 0.618181, 1.9393, 0.00514526, 0.999986, 0.000518092, 1.50014, 0.0, 0.0, 0.0, 1.0]}, "0d6f152e5fdc42bbb8fc744ecd1dbef2_d1_3.png": {"intrinsics": {"fx": 1071.18, "fy": 1071.79, "cx": 628.726, "cy": 517.918}, "camera_to_world_matrix": [0.371651, 0.00324228, 0.928366, 0.761927, 0.928365, -0.00480984, -0.371635, 1.94277, 0.00326071, 0.999982, -0.00479902, 1.50016, 0.0, 0.0, 0.0, 1.0]}, "0d6f152e5fdc42bbb8fc744ecd1dbef2_d1_4.png": {"intrinsics": {"fx": 1071.18, "fy": 1071.79, "cx": 628.726, "cy": 517.918}, "camera_to_world_matrix": [0.989816, 0.00309228, 0.142309, 0.764678, 0.142324, -0.00543931, -0.989804, 1.94493, -0.00228633, 0.99998, -0.00582544, 1.50016, 0.0, 0.0, 0.0, 1.0]}, "0d6f152e5fdc42bbb8fc744ecd1dbef2_d1_5.png": {"intrinsics": {"fx": 1071.18, "fy": 1071.79, "cx": 628.726, "cy": 517.918}, "camera_to_world_matrix": [0.618141, 0.00247214, -0.786062, 0.767928, -0.786043, -0.00562414, -0.618145, 1.94363, -0.0059487, 0.999981, -0.00153471, 1.50015, 0.0, 0.0, 0.0, 1.0]}, "0d6f152e5fdc42bbb8fc744ecd1dbef2_d2_0.png": {"intrinsics": {"fx": 1070.63, "fy": 1071.01, "cx": 633.754, "cy": 508.853}, "camera_to_world_matrix": [-0.367105, 0.626439, -0.687612, 0.778772, -0.93017, -0.243714, 0.274569, 1.9359, 0.00441992, 0.740391, 0.672163, 1.53333, 0.0, 0.0, 0.0, 1.0]}, "0d6f152e5fdc42bbb8fc744ecd1dbef2_d2_1.png": {"intrinsics": {"fx": 1070.63, "fy": 1071.01, "cx": 633.754, "cy": 508.853}, "camera_to_world_matrix": [-0.989063, 0.106329, -0.102232, 0.767335, -0.147166, -0.664536, 0.732622, 1.9269, 0.00996174, 0.739653, 0.672916, 1.53331, 0.0, 0.0, 0.0, 1.0]}, "0d6f152e5fdc42bbb8fc744ecd1dbef2_d2_2.png": {"intrinsics": {"fx": 1070.63, "fy": 1071.01, "cx": 633.754, "cy": 508.853}, "camera_to_world_matrix": [-0.621915, -0.518163, 0.587137, 0.753827, 0.782968, -0.42452, 0.454694, 1.93231, 0.0136448, 0.742489, 0.66972, 1.53338, 0.0, 0.0, 0.0, 1.0]}, "0d6f152e5fdc42bbb8fc744ecd1dbef2_d2_3.png": {"intrinsics": {"fx": 1070.63, "fy": 1071.01, "cx": 633.754, "cy": 508.853}, "camera_to_world_matrix": [0.367183, -0.622531, 0.691109, 0.751756, 0.930075, 0.236314, -0.281279, 1.94671, 0.011786, 0.746064, 0.665772, 1.53345, 0.0, 0.0, 0.0, 1.0]}, "0d6f152e5fdc42bbb8fc744ecd1dbef2_d2_4.png": {"intrinsics": {"fx": 1070.63, "fy": 1071.01, "cx": 633.754, "cy": 508.853}, "camera_to_world_matrix": [0.989111, -0.102405, 0.105711, 0.763193, 0.147046, 0.657116, -0.739308, 1.9557, 0.0062441, 0.746802, 0.665019, 1.53347, 0.0, 0.0, 0.0, 1.0]}, "0d6f152e5fdc42bbb8fc744ecd1dbef2_d2_5.png": {"intrinsics": {"fx": 1070.63, "fy": 1071.01, "cx": 633.754, "cy": 508.853}, "camera_to_world_matrix": [0.621927, 0.522078, -0.583646, 0.776701, -0.783073, 0.417075, -0.461354, 1.9503, 0.0025612, 0.743965, 0.668215, 1.53341, 0.0, 0.0, 0.0, 1.0]}, "0ded637128814d7ea7b6e2ff48f35eac_d0_0.png": {"intrinsics": {"fx": 1068.57, "fy": 1069.18, "cx": 634.733, "cy": 511.393}, "camera_to_world_matrix": [-0.230784, -0.647971, -0.72586, 6.19512, -0.972982, 0.158844, 0.167556, 5.56682, 0.00672655, 0.744918, -0.667122, 1.48233, 0.0, 0.0, 0.0, 1.0]}, "0ded637128814d7ea7b6e2ff48f35eac_d0_1.png": {"intrinsics": {"fx": 1068.57, "fy": 1069.18, "cx": 634.733, "cy": 511.393}, "camera_to_world_matrix": [-0.958035, -0.191907, -0.212933, 6.1851, -0.286648, 0.638316, 0.714413, 5.55627, -0.00118205, 0.74547, -0.666539, 1.48232, 0.0, 0.0, 0.0, 1.0]}, "0ded637128814d7ea7b6e2ff48f35eac_d0_2.png": {"intrinsics": {"fx": 1068.57, "fy": 1069.18, "cx": 634.733, "cy": 511.393}, "camera_to_world_matrix": [-0.727252, 0.451343, 0.517102, 6.17095, 0.686357, 0.48309, 0.543635, 5.55968, -0.00444141, 0.750276, -0.66111, 1.48222, 0.0, 0.0, 0.0, 1.0]}, "0ded637128814d7ea7b6e2ff48f35eac_d0_3.png": {"intrinsics": {"fx": 1068.57, "fy": 1069.18, "cx": 634.733, "cy": 511.393}, "camera_to_world_matrix": [0.230778, 0.638515, 0.734194, 6.16683, 0.973007, -0.151604, -0.173996, 5.57363, 0.000207874, 0.75453, -0.656265, 1.48212, 0.0, 0.0, 0.0, 1.0]}, "0ded637128814d7ea7b6e2ff48f35eac_d0_4.png": {"intrinsics": {"fx": 1068.57, "fy": 1069.18, "cx": 634.733, "cy": 511.393}, "camera_to_world_matrix": [0.958003, 0.182432, 0.221246, 6.17685, 0.286645, -0.631059, -0.720833, 5.58418, 0.00811645, 0.753979, -0.656849, 1.48213, 0.0, 0.0, 0.0, 1.0]}, "0ded637128814d7ea7b6e2ff48f35eac_d0_5.png": {"intrinsics": {"fx": 1068.57, "fy": 1069.18, "cx": 634.733, "cy": 511.393}, "camera_to_world_matrix": [0.727181, -0.460812, -0.508783, 6.191, -0.686352, -0.475808, -0.550026, 5.58077, 0.0113755, 0.749172, -0.662278, 1.48224, 0.0, 0.0, 0.0, 1.0]}, "0ded637128814d7ea7b6e2ff48f35eac_d1_0.png": {"intrinsics": {"fx": 1071.18, "fy": 1071.79, "cx": 628.726, "cy": 517.918}, "camera_to_world_matrix": [-0.234013, -0.00688935, -0.972208, 6.18417, -0.972228, 0.00457225, 0.233986, 5.56957, 0.00283353, 0.999965, -0.0077694, 1.5155, 0.0, 0.0, 0.0, 1.0]}, "0ded637128814d7ea7b6e2ff48f35eac_d1_1.png": {"intrinsics": {"fx": 1071.18, "fy": 1071.79, "cx": 628.726, "cy": 517.918}, "camera_to_world_matrix": [-0.958968, -0.0068316, -0.283426, 6.18176, -0.283463, 0.00521676, 0.958968, 5.56703, -0.00507236, 0.999962, -0.00694063, 1.5155, 0.0, 0.0, 0.0, 1.0]}, "0ded637128814d7ea7b6e2ff48f35eac_d1_2.png": {"intrinsics": {"fx": 1071.18, "fy": 1071.79, "cx": 628.726, "cy": 517.918}, "camera_to_world_matrix": [-0.724931, -0.00624457, 0.688792, 6.17835, 0.68877, 0.00548902, 0.724958, 5.56785, -0.00830748, 0.999965, 0.000320509, 1.51547, 0.0, 0.0, 0.0, 1.0]}, "0ded637128814d7ea7b6e2ff48f35eac_d1_3.png": {"intrinsics": {"fx": 1071.18, "fy": 1071.79, "cx": 628.726, "cy": 517.918}, "camera_to_world_matrix": [0.234056, -0.0057153, 0.972205, 6.17736, 0.972215, 0.00511676, -0.234029, 5.57121, -0.00363663, 0.99997, 0.00675271, 1.51545, 0.0, 0.0, 0.0, 1.0]}, "0ded637128814d7ea7b6e2ff48f35eac_d1_4.png": {"intrinsics": {"fx": 1071.18, "fy": 1071.79, "cx": 628.726, "cy": 517.918}, "camera_to_world_matrix": [0.958984, -0.00577306, 0.283395, 6.17977, 0.283421, 0.00447225, -0.958984, 5.57374, 0.00426923, 0.999973, 0.00592362, 1.51545, 0.0, 0.0, 0.0, 1.0]}, "0ded637128814d7ea7b6e2ff48f35eac_d1_5.png": {"intrinsics": {"fx": 1071.18, "fy": 1071.79, "cx": 628.726, "cy": 517.918}, "camera_to_world_matrix": [0.724909, -0.00636011, -0.688814, 6.18317, -0.688802, 0.00420001, -0.724936, 5.57292, 0.00750406, 0.99997, -0.00133764, 1.51548, 0.0, 0.0, 0.0, 1.0]}, "0ded637128814d7ea7b6e2ff48f35eac_d2_0.png": {"intrinsics": {"fx": 1070.63, "fy": 1071.01, "cx": 633.754, "cy": 508.853}, "camera_to_world_matrix": [-0.229371, 0.647853, -0.726413, 6.1947, -0.973274, -0.143938, 0.178947, 5.56714, 0.011373, 0.748043, 0.663554, 1.54883, 0.0, 0.0, 0.0, 1.0]}, "0ded637128814d7ea7b6e2ff48f35eac_d2_1.png": {"intrinsics": {"fx": 1070.63, "fy": 1071.01, "cx": 633.754, "cy": 508.853}, "camera_to_world_matrix": [-0.957616, 0.193788, -0.213121, 6.18468, -0.288032, -0.635294, 0.716547, 5.55659, 0.00346342, 0.747562, 0.664185, 1.54882, 0.0, 0.0, 0.0, 1.0]}, "0ded637128814d7ea7b6e2ff48f35eac_d2_2.png": {"intrinsics": {"fx": 1070.63, "fy": 1071.01, "cx": 633.754, "cy": 508.853}, "camera_to_world_matrix": [-0.728274, -0.458754, 0.50908, 6.17053, 0.685288, -0.487741, 0.540825, 5.56, 0.000193456, 0.742734, 0.669588, 1.54871, 0.0, 0.0, 0.0, 1.0]}, "0ded637128814d7ea7b6e2ff48f35eac_d2_3.png": {"intrinsics": {"fx": 1070.63, "fy": 1071.01, "cx": 633.754, "cy": 508.853}, "camera_to_world_matrix": [0.229307, -0.657216, 0.717974, 6.16641, 0.973343, 0.151165, -0.172494, 5.57395, 0.0048331, 0.738388, 0.67436, 1.54862, 0.0, 0.0, 0.0, 1.0]}, "0ded637128814d7ea7b6e2ff48f35eac_d2_4.png": {"intrinsics": {"fx": 1070.63, "fy": 1071.01, "cx": 633.754, "cy": 508.853}, "camera_to_world_matrix": [0.957525, -0.203131, 0.204661, 6.17643, 0.288073, 0.642503, -0.710074, 5.5845, 0.0127426, 0.73887, 0.673729, 1.54863, 0.0, 0.0, 0.0, 1.0]}, "0ded637128814d7ea7b6e2ff48f35eac_d2_5.png": {"intrinsics": {"fx": 1070.63, "fy": 1071.01, "cx": 633.754, "cy": 508.853}, "camera_to_world_matrix": [0.728145, 0.449405, -0.517534, 6.19058, -0.685238, 0.494924, -0.534323, 5.5811, 0.0160123, 0.743697, 0.668326, 1.54874, 0.0, 0.0, 0.0, 1.0]}, "10c109f6296240f0b3bddcf5aecebc56_d0_0.png": {"intrinsics": {"fx": 1068.57, "fy": 1069.18, "cx": 634.733, "cy": 511.393}, "camera_to_world_matrix": [0.796555, -0.405012, -0.448851, -3.23619, -0.604549, -0.527853, -0.596567, 5.13927, 0.00468939, 0.74655, -0.665312, 1.5453, 0.0, 0.0, 0.0, 1.0]}, "10c109f6296240f0b3bddcf5aecebc56_d0_1.png": {"intrinsics": {"fx": 1068.57, "fy": 1069.18, "cx": 634.733, "cy": 511.393}, "camera_to_world_matrix": [-0.125278, -0.659088, -0.741559, -3.2306, -0.992122, 0.0831571, 0.093699, 5.12584, -9.00512e-05, 0.747455, -0.664313, 1.54528, 0.0, 0.0, 0.0, 1.0]}, "10c109f6296240f0b3bddcf5aecebc56_d0_2.png": {"intrinsics": {"fx": 1068.57, "fy": 1069.18, "cx": 634.733, "cy": 511.393}, "camera_to_world_matrix": [-0.921843, -0.256973, -0.290122, -3.23944, -0.387561, 0.608688, 0.692312, 5.11428, -0.00131221, 0.750643, -0.660707, 1.54521, 0.0, 0.0, 0.0, 1.0]}, "10c109f6296240f0b3bddcf5aecebc56_d0_3.png": {"intrinsics": {"fx": 1068.57, "fy": 1069.18, "cx": 634.733, "cy": 511.393}, "camera_to_world_matrix": [-0.796558, 0.399209, 0.454013, -3.25386, 0.604559, 0.523196, 0.600646, 5.11615, 0.00224508, 0.752927, -0.658101, 1.54516, 0.0, 0.0, 0.0, 1.0]}, "10c109f6296240f0b3bddcf5aecebc56_d0_4.png": {"intrinsics": {"fx": 1068.57, "fy": 1069.18, "cx": 634.733, "cy": 511.393}, "camera_to_world_matrix": [0.12529, 0.653261, 0.746695, -3.25946, 0.992096, -0.0878239, -0.0896319, 5.12958, 0.00702446, 0.752022, -0.659101, 1.54518, 0.0, 0.0, 0.0, 1.0]}, "10c109f6296240f0b3bddcf5aecebc56_d0_5.png": {"intrinsics": {"fx": 1068.57, "fy": 1069.18, "cx": 634.733, "cy": 511.393}, "camera_to_world_matrix": [0.921832, 0.251126, 0.295234, -3.25062, 0.387504, -0.613339, -0.688228, 5.14114, 0.00824642, 0.748834, -0.662707, 1.54525, 0.0, 0.0, 0.0, 1.0]}, "10c109f6296240f0b3bddcf5aecebc56_d1_0.png": {"intrinsics": {"fx": 1071.18, "fy": 1071.79, "cx": 628.726, "cy": 517.918}, "camera_to_world_matrix": [0.794547, -0.00387172, -0.607189, -3.24303, -0.6072, -0.00374209, -0.794539, 5.13039, 0.000804442, 0.999985, -0.0053256, 1.5785, 0.0, 0.0, 0.0, 1.0]}, "10c109f6296240f0b3bddcf5aecebc56_d1_1.png": {"intrinsics": {"fx": 1071.18, "fy": 1071.79, "cx": 628.726, "cy": 517.918}, "camera_to_world_matrix": [-0.128581, -0.00443783, -0.991688, -3.24169, -0.99169, -0.00342864, 0.128597, 5.12716, -0.00397047, 0.999984, -0.00396151, 1.57849, 0.0, 0.0, 0.0, 1.0]}, "10c109f6296240f0b3bddcf5aecebc56_d1_2.png": {"intrinsics": {"fx": 1071.18, "fy": 1071.79, "cx": 628.726, "cy": 517.918}, "camera_to_world_matrix": [-0.923123, -0.00444943, -0.384475, -3.24381, -0.384466, -0.00278165, 0.923134, 5.12438, -0.0