{"006933a75f764c5485cf284bea0ded0b_d0_0.png": {"intrinsics": {"fx": 1073.36, "fy": 1073.7, "cx": 630.333, "cy": 508.299}, "camera_to_world_matrix": [-0.954527, -0.175555, -0.240952, -7.63982, -0.297275, 0.621412, 0.724896, -2.1697, 0.022472, 0.763562, -0.645343, 1.53341, 0.0, 0.0, 0.0, 1.0]}, "006933a75f764c5485cf284bea0ded0b_d0_1.png": {"intrinsics": {"fx": 1073.36, "fy": 1073.7, "cx": 630.333, "cy": 508.299}, "camera_to_world_matrix": [-0.734322, 0.463948, 0.495503, -7.65404, 0.678065, 0.467382, 0.567257, -2.16663, 0.0315891, 0.752533, -0.657796, 1.53366, 0.0, 0.0, 0.0, 1.0]}, "006933a75f764c5485cf284bea0ded0b_d0_2.png": {"intrinsics": {"fx": 1073.36, "fy": 1073.7, "cx": 630.333, "cy": 508.299}, "camera_to_world_matrix": [0.220401, 0.650201, 0.727091, -7.6585, 0.975167, -0.163497, -0.149392, -2.15278, 0.0217426, 0.741961, -0.67009, 1.53389, 0.0, 0.0, 0.0, 1.0]}, "006933a75f764c5485cf284bea0ded0b_d0_3.png": {"intrinsics": {"fx": 1073.36, "fy": 1073.7, "cx": 630.333, "cy": 508.299}, "camera_to_world_matrix": [0.954898, 0.196947, 0.222219, -7.64873, 0.296921, -0.640332, -0.708387, -2.142, 0.0027794, 0.742419, -0.66993, 1.53389, 0.0, 0.0, 0.0, 1.0]}, "006933a75f764c5485cf284bea0ded0b_d0_4.png": {"intrinsics": {"fx": 1073.36, "fy": 1073.7, "cx": 630.333, "cy": 508.299}, "camera_to_world_matrix": [0.734655, -0.442549, -0.51423, -7.63451, -0.678411, -0.486277, -0.55072, -2.14506, -0.00633701, 0.753448, -0.657476, 1.53365, 0.0, 0.0, 0.0, 1.0]}, "006933a75f764c5485cf284bea0ded0b_d0_5.png": {"intrinsics": {"fx": 1073.36, "fy": 1073.7, "cx": 630.333, "cy": 508.299}, "camera_to_world_matrix": [-0.22008, -0.628778, -0.74579, -7.63005, -0.975475, 0.14461, 0.165939, -2.15891, 0.00351002, 0.76402, -0.645183, 1.53341, 0.0, 0.0, 0.0, 1.0]}, "006933a75f764c5485cf284bea0ded0b_d1_0.png": {"intrinsics": {"fx": 1076.05, "fy": 1076.63, "cx": 633.385, "cy": 513.036}, "camera_to_world_matrix": [-0.951623, 0.0264624, -0.306123, -7.64273, -0.306519, -0.0123772, 0.951783, -2.1596, 0.0213978, 0.999573, 0.0198885, 1.56684, 0.0, 0.0, 0.0, 1.0]}, "006933a75f764c5485cf284bea0ded0b_d1_1.png": {"intrinsics": {"fx": 1076.05, "fy": 1076.63, "cx": 633.385, "cy": 513.036}, "camera_to_world_matrix": [-0.740892, 0.0204922, 0.67131, -7.64615, 0.670921, -0.0230706, 0.741168, -2.15886, 0.030676, 0.999523, 0.00334307, 1.5669, 0.0, 0.0, 0.0, 1.0]}, "006933a75f764c5485cf284bea0ded0b_d1_2.png": {"intrinsics": {"fx": 1076.05, "fy": 1076.63, "cx": 633.385, "cy": 513.036}, "camera_to_world_matrix": [0.210914, 0.00824746, 0.977469, -7.64722, 0.977278, -0.0232484, -0.210677, -2.15553, 0.0209873, 0.999695, -0.0129646, 1.56695, 0.0, 0.0, 0.0, 1.0]}, "006933a75f764c5485cf284bea0ded0b_d1_3.png": {"intrinsics": {"fx": 1076.05, "fy": 1076.63, "cx": 633.385, "cy": 513.036}, "camera_to_world_matrix": [0.951968, 0.00197315, 0.306188, -7.64487, 0.306188, -0.0127327, -0.951885, -2.15293, 0.0020207, 0.999916, -0.0127264, 1.56695, 0.0, 0.0, 0.0, 1.0]}, "006933a75f764c5485cf284bea0ded0b_d1_4.png": {"intrinsics": {"fx": 1076.05, "fy": 1076.63, "cx": 633.385, "cy": 513.036}, "camera_to_world_matrix": [0.741199, 0.00794375, -0.671237, -7.64145, -0.671244, -0.0020395, -0.741232, -2.15367, -0.00725685, 0.999966, 0.00381943, 1.5669, 0.0, 0.0, 0.0, 1.0]}, "006933a75f764c5485cf284bea0ded0b_d1_5.png": {"intrinsics": {"fx": 1076.05, "fy": 1076.63, "cx": 633.385, "cy": 513.036}, "camera_to_world_matrix": [-0.210619, 0.0201885, -0.977359, -7.64038, -0.977564, -0.0018622, 0.210625, -2.157, 0.00243247, 0.999794, 0.0201267, 1.56684, 0.0, 0.0, 0.0, 1.0]}, "006933a75f764c5485cf284bea0ded0b_d2_0.png": {"intrinsics": {"fx": 1077.54, "fy": 1078.04, "cx": 634.349, "cy": 521.782}, "camera_to_world_matrix": [-0.949691, 0.225904, -0.216918, -7.63888, -0.312562, -0.63991, 0.702012, -2.17053, 0.0197796, 0.734495, 0.678326, 1.5999, 0.0, 0.0, 0.0, 1.0]}, "006933a75f764c5485cf284bea0ded0b_d2_1.png": {"intrinsics": {"fx": 1077.54, "fy": 1078.04, "cx": 634.349, "cy": 521.782}, "camera_to_world_matrix": [-0.745187, -0.427845, 0.511512, -7.6531, 0.666217, -0.511189, 0.542992, -2.16747, 0.0291632, 0.745409, 0.66597, 1.60014, 0.0, 0.0, 0.0, 1.0]}, "006933a75f764c5485cf284bea0ded0b_d2_2.png": {"intrinsics": {"fx": 1077.54, "fy": 1078.04, "cx": 634.349, "cy": 521.782}, "camera_to_world_matrix": [0.204666, -0.643138, 0.737893, -7.65755, 0.978636, 0.11937, -0.167399, -2.15362, 0.0195784, 0.756389, 0.653829, 1.60038, 0.0, 0.0, 0.0, 1.0]}, "006933a75f764c5485cf284bea0ded0b_d2_3.png": {"intrinsics": {"fx": 1077.54, "fy": 1078.04, "cx": 634.349, "cy": 521.782}, "camera_to_world_matrix": [0.949994, -0.204676, 0.235839, -7.64778, 0.312269, 0.621194, -0.718753, -2.14283, 0.000610283, 0.756456, 0.654045, 1.60038, 0.0, 0.0, 0.0, 1.0]}, "006933a75f764c5485cf284bea0ded0b_d2_4.png": {"intrinsics": {"fx": 1077.54, "fy": 1078.04, "cx": 634.349, "cy": 521.782}, "camera_to_world_matrix": [0.745451, 0.449068, -0.492585, -7.63356, -0.666502, 0.492448, -0.559705, -2.1459, -0.00877264, 0.745542, 0.666401, 1.60014, 0.0, 0.0, 0.0, 1.0]}, "006933a75f764c5485cf284bea0ded0b_d2_5.png": {"intrinsics": {"fx": 1077.54, "fy": 1078.04, "cx": 634.349, "cy": 521.782}, "camera_to_world_matrix": [-0.204414, 0.664336, -0.718938, -7.62911, -0.978884, -0.138119, 0.150695, -2.15975, 0.000812782, 0.734561, 0.678542, 1.5999, 0.0, 0.0, 0.0, 1.0]}, "01c80b5f8fbd4c969ee0bc03f1ec7a6c_d0_0.png": {"intrinsics": {"fx": 1073.36, "fy": 1073.7, "cx": 630.333, "cy": 508.299}, "camera_to_world_matrix": [-0.988854, -0.0728239, -0.129859, -3.76817, -0.146353, 0.635609, 0.758011, -2.19871, 0.0273381, 0.768568, -0.639183, 1.50565, 0.0, 0.0, 0.0, 1.0]}, "01c80b5f8fbd4c969ee0bc03f1ec7a6c_d0_1.png": {"intrinsics": {"fx": 1073.36, "fy": 1073.7, "cx": 630.333, "cy": 508.299}, "camera_to_world_matrix": [-0.620483, 0.535106, 0.57329, -3.78174, 0.783153, 0.384689, 0.488555, -2.19348, 0.0408901, 0.752114, -0.657763, 1.50601, 0.0, 0.0, 0.0, 1.0]}, "01c80b5f8fbd4c969ee0bc03f1ec7a6c_d0_2.png": {"intrinsics": {"fx": 1073.36, "fy": 1073.7, "cx": 630.333, "cy": 508.299}, "camera_to_world_matrix": [0.368614, 0.621536, 0.691242, -3.784, 0.929214, -0.267302, -0.255168, -2.17911, 0.0261746, 0.73637, -0.676072, 1.50636, 0.0, 0.0, 0.0, 1.0]}, "01c80b5f8fbd4c969ee0bc03f1ec7a6c_d0_3.png": {"intrinsics": {"fx": 1073.36, "fy": 1073.7, "cx": 630.333, "cy": 508.299}, "camera_to_world_matrix": [0.989317, 0.100035, 0.106042, -3.77268, 0.145766, -0.668358, -0.729417, -2.16997, -0.00209255, 0.737082, -0.6758, 1.50636, 0.0, 0.0, 0.0, 1.0]}, "01c80b5f8fbd4c969ee0bc03f1ec7a6c_d0_4.png": {"intrinsics": {"fx": 1073.36, "fy": 1073.7, "cx": 630.333, "cy": 508.299}, "camera_to_world_matrix": [0.620909, -0.507886, -0.597096, -3.75911, -0.783726, -0.417414, -0.459932, -2.17519, -0.0156436, 0.753536, -0.65722, 1.506, 0.0, 0.0, 0.0, 1.0]}, "01c80b5f8fbd4c969ee0bc03f1ec7a6c_d0_5.png": {"intrinsics": {"fx": 1073.36, "fy": 1073.7, "cx": 630.333, "cy": 508.299}, "camera_to_world_matrix": [-0.368193, -0.59429, -0.715019, -3.75685, -0.929748, 0.23458, 0.283795, -2.18956, -0.000927133, 0.769279, -0.638912, 1.50564, 0.0, 0.0, 0.0, 1.0]}, "01c80b5f8fbd4c969ee0bc03f1ec7a6c_d1_0.png": {"intrinsics": {"fx": 1076.05, "fy": 1076.63, "cx": 633.385, "cy": 513.036}, "camera_to_world_matrix": [-0.98742, 0.0302045, -0.155199, -3.76928, -0.155927, -0.0234535, 0.98749, -2.18852, 0.0261869, 0.999268, 0.0278671, 1.53915, 0.0, 0.0, 0.0, 1.0]}, "01c80b5f8fbd4c969ee0bc03f1ec7a6c_d1_1.png": {"intrinsics": {"fx": 1076.05, "fy": 1076.63, "cx": 633.385, "cy": 513.036}, "camera_to_world_matrix": [-0.628084, 0.0226529, 0.777815, -3.77255, 0.777116, -0.0330953, 0.628484, -2.18726, 0.0399793, 0.999195, 0.00318153, 1.53924, 0.0, 0.0, 0.0, 1.0]}, "01c80b5f8fbd4c969ee0bc03f1ec7a6c_d1_2.png": {"intrinsics": {"fx": 1076.05, "fy": 1076.63, "cx": 633.385, "cy": 513.036}, "camera_to_world_matrix": [0.359562, 0.0105291, 0.933061, -3.77309, 0.932771, -0.0313799, -0.359097, -2.1838, 0.0254987, 0.999452, -0.0211054, 1.53932, 0.0, 0.0, 0.0, 1.0]}, "01c80b5f8fbd4c969ee0bc03f1ec7a6c_d1_3.png": {"intrinsics": {"fx": 1076.05, "fy": 1076.63, "cx": 633.385, "cy": 513.036}, "camera_to_world_matrix": [0.98785, 0.0059571, 0.15529, -3.77037, 0.155379, -0.0200229, -0.987651, -2.1816, -0.00277388, 0.999781, -0.0207063, 1.53932, 0.0, 0.0, 0.0, 1.0]}, "01c80b5f8fbd4c969ee0bc03f1ec7a6c_d1_4.png": {"intrinsics": {"fx": 1076.05, "fy": 1076.63, "cx": 633.385, "cy": 513.036}, "camera_to_world_matrix": [0.628477, 0.013509, -0.77771, -3.7671, -0.77765, -0.0103814, -0.62861, -2.18286, -0.0165653, 0.999854, 0.00397976, 1.53924, 0.0, 0.0, 0.0, 1.0]}, "01c80b5f8fbd4c969ee0bc03f1ec7a6c_d1_5.png": {"intrinsics": {"fx": 1076.05, "fy": 1076.63, "cx": 633.385, "cy": 513.036}, "camera_to_world_matrix": [-0.359175, 0.0256328, -0.932917, -3.76656, -0.933267, -0.0120972, 0.358978, -2.18632, -0.00208375, 0.999598, 0.0282661, 1.53915, 0.0, 0.0, 0.0, 1.0]}, "01c80b5f8fbd4c969ee0bc03f1ec7a6c_d2_0.png": {"intrinsics": {"fx": 1077.54, "fy": 1078.04, "cx": 634.349, "cy": 521.782}, "camera_to_world_matrix": [-0.986456, 0.128661, -0.10174, -3.76696, -0.162184, -0.672359, 0.722239, -2.20015, 0.0245182, 0.728957, 0.68412, 1.57212, 0.0, 0.0, 0.0, 1.0]}, "01c80b5f8fbd4c969ee0bc03f1ec7a6c_d2_1.png": {"intrinsics": {"fx": 1077.54, "fy": 1078.04, "cx": 634.349, "cy": 521.782}, "camera_to_world_matrix": [-0.633063, -0.497257, 0.593267, -3.78054, 0.773144, -0.444242, 0.452656, -2.19493, 0.0384678, 0.745241, 0.665685, 1.57248, 0.0, 0.0, 0.0, 1.0]}, "01c80b5f8fbd4c969ee0bc03f1ec7a6c_d2_2.png": {"intrinsics": {"fx": 1077.54, "fy": 1078.04, "cx": 634.349, "cy": 521.782}, "camera_to_world_matrix": [0.353591, -0.612425, 0.707043, -3.7828, 0.935089, 0.211917, -0.284078, -2.18056, 0.0241419, 0.761595, 0.647604, 1.57283, 0.0, 0.0, 0.0, 1.0]}, "01c80b5f8fbd4c969ee0bc03f1ec7a6c_d2_3.png": {"intrinsics": {"fx": 1077.54, "fy": 1078.04, "cx": 634.349, "cy": 521.782}, "camera_to_world_matrix": [0.986831, -0.101671, 0.125808, -3.77148, 0.161702, 0.639945, -0.751214, -2.17142, -0.00413313, 0.761665, 0.647958, 1.57283, 0.0, 0.0, 0.0, 1.0]}, "01c80b5f8fbd4c969ee0bc03f1ec7a6c_d2_4.png": {"intrinsics": {"fx": 1077.54, "fy": 1078.04, "cx": 634.349, "cy": 521.782}, "camera_to_world_matrix": [0.633402, 0.524238, -0.569189, -3.75791, -0.773612, 0.411803, -0.481605, -2.17664, -0.0180817, 0.745381, 0.666394, 1.57247, 0.0, 0.0, 0.0, 1.0]}, "01c80b5f8fbd4c969ee0bc03f1ec7a6c_d2_5.png": {"intrinsics": {"fx": 1077.54, "fy": 1078.04, "cx": 634.349, "cy": 521.782}, "camera_to_world_matrix": [-0.353259, 0.63938, -0.682936, -3.75565, -0.935518, -0.244361, 0.255135, -2.19101, -0.00375494, 0.729027, 0.684475, 1.57212, 0.0, 0.0, 0.0, 1.0]}, "20fd759be0b64fc9aa96d290f0a704ec_d0_0.png": {"intrinsics": {"fx": 1073.36, "fy": 1073.7, "cx": 630.333, "cy": 508.299}, "camera_to_world_matrix": [-0.959922, -0.179398, -0.215328, -12.1083, -0.280244, 0.624335, 0.729156, -2.17153, 0.00362762, 0.760277, -0.649588, 1.56629, 0.0, 0.0, 0.0, 1.0]}, "20fd759be0b64fc9aa96d290f0a704ec_d0_1.png": {"intrinsics": {"fx": 1073.36, "fy": 1073.7, "cx": 630.333, "cy": 508.299}, "camera_to_world_matrix": [-0.722621, 0.457356, 0.518309, -12.1225, 0.691022, 0.45895, 0.558438, -2.16822, 0.0175277, 0.761702, -0.64769, 1.56625, 0.0, 0.0, 0.0, 1.0]}, "20fd759be0b64fc9aa96d290f0a704ec_d0_2.png": {"intrinsics": {"fx": 1073.36, "fy": 1073.7, "cx": 630.333, "cy": 508.299}, "camera_to_world_matrix": [0.237247, 0.632528, 0.737307, -12.1267, 0.971087, -0.175143, -0.162218, -2.15429, 0.026527, 0.754475, -0.655792, 1.56641, 0.0, 0.0, 0.0, 1.0]}, "20fd759be0b64fc9aa96d290f0a704ec_d0_3.png": {"intrinsics": {"fx": 1073.36, "fy": 1073.7, "cx": 630.333, "cy": 508.299}, "camera_to_world_matrix": [0.959791, 0.170941, 0.222665, -12.1167, 0.279879, -0.643836, -0.712139, -2.14368, 0.021626, 0.745824, -0.665791, 1.5666, 0.0, 0.0, 0.0, 1.0]}, "20fd759be0b64fc9aa96d290f0a704ec_d0_4.png": {"intrinsics": {"fx": 1073.36, "fy": 1073.7, "cx": 630.333, "cy": 508.299}, "camera_to_world_matrix": [0.722452, -0.465808, -0.510965, -12.1026, -0.691377, -0.478426, -0.541393, -2.147, 0.00772586, 0.7444, -0.667689, 1.56664, 0.0, 0.0, 0.0, 1.0]}, "20fd759be0b64fc9aa96d290f0a704ec_d0_5.png": {"intrinsics": {"fx": 1073.36, "fy": 1073.7, "cx": 630.333, "cy": 508.299}, "camera_to_world_matrix": [-0.237426, -0.640954, -0.729936, -12.0984, -0.971404, 0.155674, 0.179272, -2.16093, -0.00127301, 0.751627, -0.659587, 1.56648, 0.0, 0.0, 0.0, 1.0]}, "20fd759be0b64fc9aa96d290f0a704ec_d1_0.png": {"intrinsics": {"fx": 1076.05, "fy": 1076.63, "cx": 633.385, "cy": 513.036}, "camera_to_world_matrix": [-0.957162, 0.00664881, -0.289473, -12.1117, -0.289538, -0.012981, 0.957078, -2.16139, 0.00260609, 0.999893, 0.0143489, 1.59966, 0.0, 0.0, 0.0, 1.0]}, "20fd759be0b64fc9aa96d290f0a704ec_d1_1.png": {"intrinsics": {"fx": 1076.05, "fy": 1076.63, "cx": 633.385, "cy": 513.036}, "camera_to_world_matrix": [-0.729298, 0.000491455, 0.684195, -12.1151, 0.683996, -0.0235665, 0.729103, -2.16059, 0.0164827, 0.999722, 0.0168497, 1.59965, 0.0, 0.0, 0.0, 1.0]}, "20fd759be0b64fc9aa96d290f0a704ec_d1_2.png": {"intrinsics": {"fx": 1076.05, "fy": 1076.63, "cx": 633.385, "cy": 513.036}, "camera_to_world_matrix": [0.227815, -0.0117555, 0.973633, -12.1161, 0.973367, -0.0235263, -0.228037, -2.15724, 0.025587, 0.999654, 0.00608172, 1.59969, 0.0, 0.0, 0.0, 1.0]}, "20fd759be0b64fc9aa96d290f0a704ec_d1_3.png": {"intrinsics": {"fx": 1076.05, "fy": 1076.63, "cx": 633.385, "cy": 513.036}, "camera_to_world_matrix": [0.957042, -0.0178449, 0.289396, -12.1137, 0.289197, -0.0129007, -0.957182, -2.15469, 0.0208145, 0.999757, -0.0071869, 1.59973, 0.0, 0.0, 0.0, 1.0]}, "20fd759be0b64fc9aa96d290f0a704ec_d1_4.png": {"intrinsics": {"fx": 1076.05, "fy": 1076.63, "cx": 633.385, "cy": 513.036}, "camera_to_world_matrix": [0.72914, -0.0116871, -0.684264, -12.1103, -0.684328, -0.00231542, -0.729169, -2.15549, 0.00693785, 0.999928, -0.00968721, 1.59974, 0.0, 0.0, 0.0, 1.0]}, "20fd759be0b64fc9aa96d290f0a704ec_d1_5.png": {"intrinsics": {"fx": 1076.05, "fy": 1076.63, "cx": 633.385, "cy": 513.036}, "camera_to_world_matrix": [-0.227984, 0.000559865, -0.973664, -12.1093, -0.973661, -0.00235604, 0.227983, -2.15884, -0.00216605, 0.999996, 0.00108116, 1.5997, 0.0, 0.0, 0.0, 1.0]}, "20fd759be0b64fc9aa96d290f0a704ec_d2_0.png": {"intrinsics": {"fx": 1077.54, "fy": 1078.04, "cx": 634.349, "cy": 521.782}, "camera_to_world_matrix": [-0.955307, 0.20005, -0.217643, -12.1087, -0.295614, -0.643928, 0.705669, -2.17239, 0.0010231, 0.738469, 0.674287, 1.63278, 0.0, 0.0, 0.0, 1.0]}, "20fd759be0b64fc9aa96d290f0a704ec_d2_1.png": {"intrinsics": {"fx": 1077.54, "fy": 1078.04, "cx": 634.349, "cy": 521.782}, "camera_to_world_matrix": [-0.733645, -0.451394, 0.507945, -12.1229, 0.67937, -0.503595, 0.533713, -2.16908, 0.0148837, 0.736638, 0.676123, 1.63275, 0.0, 0.0, 0.0, 1.0]}, "20fd759be0b64fc9aa96d290f0a704ec_d2_2.png": {"intrinsics": {"fx": 1077.54, "fy": 1078.04, "cx": 634.349, "cy": 521.782}, "camera_to_world_matrix": [0.221621, -0.655609, 0.721846, -12.1271, 0.974836, 0.130694, -0.180592, -2.15515, 0.0240566, 0.743705, 0.668076, 1.6329, 0.0, 0.0, 0.0, 1.0]}, "20fd759be0b64fc9aa96d290f0a704ec_d2_3.png": {"intrinsics": {"fx": 1077.54, "fy": 1078.04, "cx": 634.349, "cy": 521.782}, "camera_to_world_matrix": [0.955204, -0.208374, 0.210155, -12.1171, 0.295313, 0.624636, -0.722925, -2.14454, 0.0193687, 0.752602, 0.658191, 1.6331, 0.0, 0.0, 0.0, 1.0]}, "20fd759be0b64fc9aa96d290f0a704ec_d2_4.png": {"intrinsics": {"fx": 1077.54, "fy": 1078.04, "cx": 634.349, "cy": 521.782}, "camera_to_world_matrix": [0.733505, 0.443065, -0.515427, -12.103, -0.679662, 0.484278, -0.550939, -2.14786, 0.00550793, 0.754433, 0.656355, 1.63313, 0.0, 0.0, 0.0, 1.0]}, "20fd759be0b64fc9aa96d290f0a704ec_d2_5.png": {"intrinsics": {"fx": 1077.54, "fy": 1078.04, "cx": 634.349, "cy": 521.782}, "camera_to_world_matrix": [-0.221773, 0.647255, -0.7293, -12.0987, -0.975091, -0.150019, 0.163374, -2.16179, -0.00366454, 0.747366, 0.664403, 1.63298, 0.0, 0.0, 0.0, 1.0]}, "82ea5baa30f945fe98f6cad3064af847_d0_0.png": {"intrinsics": {"fx": 1073.36, "fy": 1073.7, "cx": 630.333, "cy": 508.299}, "camera_to_world_matrix": [-0.888248, -0.281473, -0.363027, -2.00692, -0.45903, 0.573996, 0.6781, -2.18199, 0.0175089, 0.768961, -0.639056, 1.47442, 0.0, 0.0, 0.0, 1.0]}, "82ea5baa30f945fe98f6cad3064af847_d0_1.png": {"intrinsics": {"fx": 1073.36, "fy": 1073.7, "cx": 630.333, "cy": 508.299}, "camera_to_world_matrix": [-0.84113, 0.375083, 0.389631, -2.02146, 0.539614, 0.533702, 0.651137, -2.18145, 0.0362831, 0.757941, -0.651313, 1.47466, 0.0, 0.0, 0.0, 1.0]}, "82ea5baa30f945fe98f6cad3064af847_d0_2.png": {"intrinsics": {"fx": 1073.36, "fy": 1073.7, "cx": 630.333, "cy": 508.299}, "camera_to_world_matrix": [0.0473331, 0.668282, 0.7424, -2.02825, 0.998385, -0.055014, -0.0141324, -2.16859, 0.0313981, 0.741871, -0.669807, 1.47501, 0.0, 0.0, 0.0, 1.0]}, "82ea5baa30f945fe98f6cad3064af847_d0_3.png": {"intrinsics": {"fx": 1073.36, "fy": 1073.7, "cx": 630.333, "cy": 508.299}, "camera_to_world_matrix": [0.888659, 0.304919, 0.342504, -2.02051, 0.458503, -0.603423, -0.652423, -2.15627, 0.00773884, 0.736821, -0.676044, 1.47513, 0.0, 0.0, 0.0, 1.0]}, "82ea5baa30f945fe98f6cad3064af847_d0_4.png": {"intrinsics": {"fx": 1073.36, "fy": 1073.7, "cx": 630.333, "cy": 508.299}, "camera_to_world_matrix": [0.841503, -0.351636, -0.410153, -2.00597, -0.54014, -0.563103, -0.62543, -2.15681, -0.0110348, 0.747841, -0.663786, 1.4749, 0.0, 0.0, 0.0, 1.0]}, "82ea5baa30f945fe98f6cad3064af847_d0_5.png": {"intrinsics": {"fx": 1073.36, "fy": 1073.7, "cx": 630.333, "cy": 508.299}, "camera_to_world_matrix": [-0.0469788, -0.644812, -0.762896, -1.99918, -0.998877, 0.0256242, 0.0398525, -2.16967, -0.00614873, 0.763911, -0.645292, 1.47454, 0.0, 0.0, 0.0, 1.0]}, "82ea5baa30f945fe98f6cad3064af847_d1_0.png": {"intrinsics": {"fx": 1076.05, "fy": 1076.63, "cx": 633.385, "cy": 513.036}, "camera_to_world_matrix": [-0.883778, 0.0276065, -0.467088, -2.01156, -0.467617, -0.01722, 0.883763, -2.17287, 0.0163546, 0.99947, 0.0281269, 1.50793, 0.0, 0.0, 0.0, 1.0]}, "82ea5baa30f945fe98f6cad3064af847_d1_1.png": {"intrinsics": {"fx": 1076.05, "fy": 1076.63, "cx": 633.385, "cy": 513.036}, "camera_to_world_matrix": [-0.846357, 0.0235882, 0.532092, -2.01506, 0.531444, -0.0287882, 0.846603, -2.17274, 0.0352881, 0.999307, 0.0118281, 1.50799, 0.0, 0.0, 0.0, 1.0]}, "82ea5baa30f945fe98f6cad3064af847_d1_2.png": {"intrinsics": {"fx": 1076.05, "fy": 1076.63, "cx": 633.385, "cy": 513.036}, "camera_to_world_matrix": [0.0376233, 0.0115611, 0.999224, -2.01669, 0.998821, -0.0310955, -0.0372487, -2.16965, 0.030641, 0.999449, -0.0127185, 1.50807, 0.0, 0.0, 0.0, 1.0]}, "82ea5baa30f945fe98f6cad3064af847_d1_3.png": {"intrinsics": {"fx": 1076.05, "fy": 1076.63, "cx": 633.385, "cy": 513.036}, "camera_to_world_matrix": [0.884161, 0.00355252, 0.467165, -2.01483, 0.467126, -0.0218346, -0.883921, -2.16669, 0.00706051, 0.999755, -0.0209659, 1.5081, 0.0, 0.0, 0.0, 1.0]}, "82ea5baa30f945fe98f6cad3064af847_d1_4.png": {"intrinsics": {"fx": 1076.05, "fy": 1076.63, "cx": 633.385, "cy": 513.036}, "camera_to_world_matrix": [0.846701, 0.00757123, -0.532014, -2.01133, -0.531935, -0.0102666, -0.846722, -2.16682, -0.0118724, 0.999918, -0.00466641, 1.50805, 0.0, 0.0, 0.0, 1.0]}, "82ea5baa30f945fe98f6cad3064af847_d1_5.png": {"intrinsics": {"fx": 1076.05, "fy": 1076.63, "cx": 633.385, "cy": 513.036}, "camera_to_world_matrix": [-0.0372976, 0.0195984, -0.999111, -2.0097, -0.999277, -0.00795973, 0.037148, -2.16991, -0.00722432, 0.999776, 0.0198801, 1.50796, 0.0, 0.0, 0.0, 1.0]}, "82ea5baa30f945fe98f6cad3064af847_d2_0.png": {"intrinsics": {"fx": 1077.54, "fy": 1078.04, "cx": 634.349, "cy": 521.782}, "camera_to_world_matrix": [-0.880824, 0.333365, -0.336179, -2.00588, -0.473216, -0.597892, 0.646987, -2.18329, 0.0146841, 0.728967, 0.684392, 1.5409, 0.0, 0.0, 0.0, 1.0]}, "82ea5baa30f945fe98f6cad3064af847_d2_1.png": {"intrinsics": {"fx": 1077.54, "fy": 1078.04, "cx": 634.349, "cy": 521.782}, "camera_to_world_matrix": [-0.849767, -0.332815, 0.408816, -2.02042, 0.526079, -0.584999, 0.617266, -2.18275, 0.0337214, 0.739601, 0.6722, 1.54114, 0.0, 0.0, 0.0, 1.0]}, "82ea5baa30f945fe98f6cad3064af847_d2_2.png": {"intrinsics": {"fx": 1077.54, "fy": 1078.04, "cx": 634.349, "cy": 521.782}, "camera_to_world_matrix": [0.0312355, -0.654556, 0.755368, -2.02722, 0.999085, -0.00165488, -0.0427475, -2.16989, 0.0292307, 0.756012, 0.653905, 1.54149, 0.0, 0.0, 0.0, 1.0]}, "82ea5baa30f945fe98f6cad3064af847_d2_3.png": {"intrinsics": {"fx": 1077.54, "fy": 1078.04, "cx": 634.349, "cy": 521.782}, "camera_to_world_matrix": [0.88116, -0.310109, 0.356917, -2.01947, 0.472784, 0.568783, -0.673025, -2.15757, 0.00570277, 0.761787, 0.647803, 1.54161, 0.0, 0.0, 0.0, 1.0]}, "82ea5baa30f945fe98f6cad3064af847_d2_4.png": {"intrinsics": {"fx": 1077.54, "fy": 1078.04, "cx": 634.349, "cy": 521.782}, "camera_to_world_matrix": [0.850064, 0.356072, -0.388078, -2.00494, -0.526511, 0.555863, -0.643275, -2.15811, -0.0133339, 0.751152, 0.659995, 1.54138, 0.0, 0.0, 0.0, 1.0]}, "82ea5baa30f945fe98f6cad3064af847_d2_5.png": {"intrinsics": {"fx": 1077.54, "fy": 1078.04, "cx": 634.349, "cy": 521.782}, "camera_to_world_matrix": [-0.0309569, 0.67779, -0.734604, -1.99814, -0.999482, -0.0274933, 0.0167522, -2.17097, -0.00884221, 0.734742, 0.67829, 1.54102, 0.0, 0.0, 0.0, 1.0]}, "8e38fdd81c7949db9646968bafbbdcfc_d0_0.png": {"intrinsics": {"fx": 1073.36, "fy": 1073.7, "cx": 630.333, "cy": 508.299}, "camera_to_world_matrix": [-0.868829, -0.301319, -0.392865, -9.92892, -0.494413, 0.570154, 0.65611, -2.18691, 0.0262951, 0.764285, -0.644342, 1.57235, 0.0, 0.0, 0.0, 1.0]}, "8e38fdd81c7949db9646968bafbbdcfc_d0_1.png": {"intrinsics": {"fx": 1073.36, "fy": 1073.7, "cx": 630.333, "cy": 508.299}, "camera_to_world_matrix": [-0.862156, 0.356279, 0.36021, -9.94347, 0.505462, 0.556365, 0.659519, -2.18696, 0.0345647, 0.750681, -0.65976, 1.57265, 0.0, 0.0, 0.0, 1.0]}, "8e38fdd81c7949db9646968bafbbdcfc_d0_2.png": {"intrinsics": {"fx": 1073.36, "fy": 1073.7, "cx": 630.333, "cy": 508.299}, "camera_to_world_matrix": [0.00695135, 0.673034, 0.739578, -9.95078, 0.999757, -0.0201312, 0.00892306, -2.17438, 0.0208942, 0.739337, -0.673011, 1.5729, 0.0, 0.0, 0.0, 1.0]}, "8e38fdd81c7949db9646968bafbbdcfc_d0_3.png": {"intrinsics": {"fx": 1073.36, "fy": 1073.7, "cx": 630.333, "cy": 508.299}, "camera_to_world_matrix": [0.869366, 0.332183, 0.365864, -9.94354, 0.494167, -0.582827, -0.645067, -2.16176, -0.00104548, 0.741597, -0.670844, 1.57286, 0.0, 0.0, 0.0, 1.0]}, "8e38fdd81c7949db9646968bafbbdcfc_d0_4.png": {"intrinsics": {"fx": 1073.36, "fy": 1073.7, "cx": 630.333, "cy": 508.299}, "camera_to_world_matrix": [0.862654, -0.325414, -0.387211, -9.92899, -0.505708, -0.569013, -0.648447, -2.16171, -0.00931417, 0.755202, -0.655426, 1.57256, 0.0, 0.0, 0.0, 1.0]}, "8e38fdd81c7949db9646968bafbbdcfc_d0_5.png": {"intrinsics": {"fx": 1073.36, "fy": 1073.7, "cx": 630.333, "cy": 508.299}, "camera_to_world_matrix": [-0.00647265, -0.642146, -0.766554, -9.92168, -0.999969, 0.00749644, 0.00216382, -2.17429, 0.00435698, 0.766545, -0.642176, 1.57231, 0.0, 0.0, 0.0, 1.0]}, "8e38fdd81c7949db9646968bafbbdcfc_d1_0.png": {"intrinsics": {"fx": 1076.05, "fy": 1076.63, "cx": 633.385, "cy": 513.036}, "camera_to_world_matrix": [-0.86402, 0.0324272, -0.50241, -9.93379, -0.502824, -0.00561372, 0.86437, -2.17764, 0.025209, 0.999458, 0.0211544, 1.60578, 0.0, 0.0, 0.0, 1.0]}, "8e38fdd81c7949db9646968bafbbdcfc_d1_1.png": {"intrinsics": {"fx": 1076.05, "fy": 1076.63, "cx": 633.385, "cy": 513.036}, "camera_to_world_matrix": [-0.867051, 0.0288805, 0.49738, -9.93729, 0.497078, -0.0173362, 0.867532, -2.17765, 0.0336777, 0.999432, 0.000674376, 1.60586, 0.0, 0.0, 0.0, 1.0]}, "8e38fdd81c7949db9646968bafbbdcfc_d1_2.png": {"intrinsics": {"fx": 1076.05, "fy": 1076.63, "cx": 633.385, "cy": 513.036}, "camera_to_world_matrix": [-0.00277118, 0.0169575, 0.999852, -9.93905, 0.999791, -0.020127, 0.00311204, -2.17463, 0.0201771, 0.999653, -0.0168993, 1.60592, 0.0, 0.0, 0.0, 1.0]}, "8e38fdd81c7949db9646968bafbbdcfc_d1_3.png": {"intrinsics": {"fx": 1076.05, "fy": 1076.63, "cx": 633.385, "cy": 513.036}, "camera_to_world_matrix": [0.86452, 0.00858145, 0.502523, -9.93731, 0.502593, -0.0111953, -0.86445, -2.17159, -0.00179205, 0.9999, -0.0139926, 1.60591, 0.0, 0.0, 0.0, 1.0]}, "8e38fdd81c7949db9646968bafbbdcfc_d1_4.png": {"intrinsics": {"fx": 1076.05, "fy": 1076.63, "cx": 633.385, "cy": 513.036}, "camera_to_world_matrix": [0.867512, 0.0121286, -0.497267, -9.93381, -0.497308, 0.000527054, -0.867573, -2.17158, -0.01026, 0.999926, 0.00648777, 1.60584, 0.0, 0.0, 0.0, 1.0]}, "8e38fdd81c7949db9646968bafbbdcfc_d1_5.png": {"intrinsics": {"fx": 1076.05, "fy": 1076.63, "cx": 633.385, "cy": 513.036}, "camera_to_world_matrix": [0.00321228, 0.0240517, -0.999705, -9.93205, -0.999988, 0.00331739, -0.00313302, -2.1746, 0.00324135, 0.999705, 0.024061, 1.60577, 0.0, 0.0, 0.0, 1.0]}, "8e38fdd81c7949db9646968bafbbdcfc_d2_0.png": {"intrinsics": {"fx": 1077.54, "fy": 1078.04, "cx": 634.349, "cy": 521.782}, "camera_to_world_matrix": [-0.860848, 0.36035, -0.359289, -9.92756, -0.508315, -0.576231, 0.639979, -2.18747, 0.0235828, 0.733557, 0.679219, 1.63883, 0.0, 0.0, 0.0, 1.0]}, "8e38fdd81c7949db9646968bafbbdcfc_d2_1.png": {"intrinsics": {"fx": 1077.54, "fy": 1078.04, "cx": 634.349, "cy": 521.782}, "camera_to_world_matrix": [-0.870247, -0.305757, 0.386242, -9.9421, 0.491563, -0.590213, 0.640323, -2.18752, 0.032182, 0.747102, 0.66393, 1.63913, 0.0, 0.0, 0.0, 1.0]}, "8e38fdd81c7949db9646968bafbbdcfc_d2_2.png": {"intrinsics": {"fx": 1077.54, "fy": 1078.04, "cx": 634.349, "cy": 521.782}, "camera_to_world_matrix": [-0.00917029, -0.65081, 0.759186, -9.94941, 0.999781, -0.0202361, -0.00527089, -2.17494, 0.0187933, 0.758971, 0.650853, 1.63939, 0.0, 0.0, 0.0, 1.0]}, "8e38fdd81c7949db9646968bafbbdcfc_d2_3.png": {"intrinsics": {"fx": 1077.54, "fy": 1078.04, "cx": 634.349, "cy": 521.782}, "camera_to_world_matrix": [0.861286, -0.329749, 0.38659, -9.94218, 0.50811, 0.56371, -0.651195, -2.16232, -0.00319429, 0.757296, 0.653065, 1.63934, 0.0, 0.0, 0.0, 1.0]}, "8e38fdd81c7949db9646968bafbbdcfc_d2_4.png": {"intrinsics": {"fx": 1077.54, "fy": 1078.04, "cx": 634.349, "cy": 521.782}, "camera_to_world_matrix": [0.870646, 0.336358, -0.358941, -9.92763, -0.491769, 0.577666, -0.65151, -2.16227, -0.0117927, 0.74375, 0.668354, 1.63905, 0.0, 0.0, 0.0, 1.0]}, "8e38fdd81c7949db9646968bafbbdcfc_d2_5.png": {"intrinsics": {"fx": 1077.54, "fy": 1078.04, "cx": 634.349, "cy": 521.782}, "camera_to_world_matrix": [0.00954929, 0.681389, -0.731859, -9.92032, -0.999953, 0.00767573, -0.00590094, -2.17485, 0.0015967, 0.731881, 0.68143, 1.63879, 0.0, 0.0, 0.0, 1.0]}, "aecbb791f30b452a9236c5a8c7030663_d0_0.png": {"intrinsics": {"fx": 1073.36, "fy": 1073.7, "cx": 630.333, "cy": 508.299}, "camera_to_world_matrix": [-0.976339, -0.106588, -0.188147, -13.5899, -0.212241, 0.63894, 0.739398, -2.24043, 0.0414034, 0.761836, -0.646445, 1.55916, 0.0, 0.0, 0.0, 1.0]}, "aecbb791f30b452a9236c5a8c7030663_d0_1.png": {"intrinsics": {"fx": 1073.36, "fy": 1073.7, "cx": 630.333, "cy": 508.299}, "camera_to_world_matrix": [-0.671394, 0.516654, 0.531317, -13.6038, 0.740055, 0.429331, 0.517681, -2.23613, 0.0393506, 0.740772, -0.670603, 1.55963, 0.0, 0.0, 0.0, 1.0]}, "aecbb791f30b452a9236c5a8c7030663_d0_2.png": {"intrinsics": {"fx": 1073.36, "fy": 1073.7, "cx": 630.333, "cy": 508.299}, "camera_to_world_matrix": [0.305354, 0.646692, 0.698962, -13.607, 0.95218, -0.215508, -0.216585, -2.22194, 0.0105684, 0.731673, -0.681574, 1.55984, 0.0, 0.0, 0.0, 1.0]}, "aecbb791f30b452a9236c5a8c7030663_d0_3.png": {"intrinsics": {"fx": 1073.36, "fy": 1073.7, "cx": 630.333, "cy": 508.299}, "camera_to_world_matrix": [0.977135, 0.153484, 0.147139, -13.5964, 0.212005, -0.650725, -0.729116, -2.21206, -0.0161604, 0.743639, -0.668385, 1.55958, 0.0, 0.0, 0.0, 1.0]}, "aecbb791f30b452a9236c5a8c7030663_d0_4.png": {"intrinsics": {"fx": 1073.36, "fy": 1073.7, "cx": 630.333, "cy": 508.299}, "camera_to_world_matrix": [0.672152, -0.46975, -0.572316, -13.5825, -0.740278, -0.441092, -0.507371, -2.21636, -0.0141064, 0.764704, -0.644227, 1.55912, 0.0, 0.0, 0.0, 1.0]}, "aecbb791f30b452a9236c5a8c7030663_d0_5.png": {"intrinsics": {"fx": 1073.36, "fy": 1073.7, "cx": 630.333, "cy": 508.299}, "camera_to_world_matrix": [-0.304605, -0.599763, -0.739932, -13.5793, -0.952365, 0.203753, 0.226901, -2.23055, 0.0146764, 0.773802, -0.633258, 1.5589, 0.0, 0.0, 0.0, 1.0]}, "aecbb791f30b452a9236c5a8c7030663_d1_0.png": {"intrinsics": {"fx": 1076.05, "fy": 1076.63, "cx": 633.385, "cy": 513.036}, "camera_to_world_matrix": [-0.974276, 0.0433563, -0.221142, -13.5913, -0.22171, -0.00871803, 0.975073, -2.22992, 0.0403479, 0.999021, 0.0181052, 1.59255, 0.0, 0.0, 0.0, 1.0]}, "aecbb791f30b452a9236c5a8c7030663_d1_1.png": {"intrinsics": {"fx": 1076.05, "fy": 1076.63, "cx": 633.385, "cy": 513.036}, "camera_to_world_matrix": [-0.678581, 0.0364722, 0.733619, -13.5947, 0.733509, -0.0188465, 0.679417, -2.22888, 0.0386063, 0.999156, -0.0139649, 1.59266, 0.0, 0.0, 0.0, 1.0]}, "aecbb791f30b452a9236c5a8c7030663_d1_2.png": {"intrinsics": {"fx": 1076.05, "fy": 1076.63, "cx": 633.385, "cy": 513.036}, "camera_to_world_matrix": [0.296076, 0.0242641, 0.954855, -13.5955, 0.955111, -0.0179483, -0.2957, -2.22547, 0.00996343, 0.999544, -0.0284901, 1.59272, 0.0, 0.0, 0.0, 1.0]}, "aecbb791f30b452a9236c5a8c7030663_d1_3.png": {"intrinsics": {"fx": 1076.05, "fy": 1076.63, "cx": 633.385, "cy": 513.036}, "camera_to_world_matrix": [0.975014, 0.0189403, 0.221327, -13.5929, 0.221489, -0.0069215, -0.975138, -2.22309, -0.0169372, 0.999796, -0.0109447, 1.59265, 0.0, 0.0, 0.0, 1.0]}, "aecbb791f30b452a9236c5a8c7030663_d1_4.png": {"intrinsics": {"fx": 1076.05, "fy": 1076.63, "cx": 633.385, "cy": 513.036}, "camera_to_world_matrix": [0.679282, 0.0258248, -0.733422, -13.5896, -0.733719, 0.00320672, -0.679444, -2.22413, -0.0151943, 0.999661, 0.0211253, 1.59254, 0.0, 0.0, 0.0, 1.0]}, "aecbb791f30b452a9236c5a8c7030663_d1_5.png": {"intrinsics": {"fx": 1076.05, "fy": 1076.63, "cx": 633.385, "cy": 513.036}, "camera_to_world_matrix": [-0.295384, 0.0380329, -0.954621, -13.5888, -0.955283, 0.00230797, 0.295681, -2.22754, 0.0134491, 0.999273, 0.0356493, 1.59249, 0.0, 0.0, 0.0, 1.0]}, "aecbb791f30b452a9236c5a8c7030663_d2_0.png": {"intrinsics": {"fx": 1077.54, "fy": 1078.04, "cx": 634.349, "cy": 521.782}, "camera_to_world_matrix": [-0.972912, 0.182219, -0.142266, -13.5879, -0.227909, -0.652892, 0.72235, -2.24095, 0.0387415, 0.735207, 0.676735, 1.62562, 0.0, 0.0, 0.0, 1.0]}, "aecbb791f30b452a9236c5a8c7030663_d2_1.png": {"intrinsics": {"fx": 1077.54, "fy": 1078.04, "cx": 634.349, "cy": 521.782}, "camera_to_world_matrix": [-0.683298, -0.457433, 0.569086, -13.6018, 0.729191, -0.467246, 0.499961, -2.23665, 0.0372042, 0.756595, 0.652825, 1.62609, 0.0, 0.0, 0.0, 1.0]}, "aecbb791f30b452a9236c5a8c7030663_d2_2.png": {"intrinsics": {"fx": 1077.54, "fy": 1078.04, "cx": 634.349, "cy": 521.782}, "camera_to_world_matrix": [0.289947, -0.616415, 0.732095, -13.605, 0.957004, 0.179825, -0.227611, -2.22247, 0.00865389, 0.766613, 0.642051, 1.6263, 0.0, 0.0, 0.0, 1.0]}, "aecbb791f30b452a9236c5a8c7030663_d2_3.png": {"intrinsics": {"fx": 1077.54, "fy": 1078.04, "cx": 634.349, "cy": 521.782}, "camera_to_world_matrix": [0.973556, -0.135741, 0.183749, -13.5943, 0.227711, 0.641236, -0.732779, -2.21258, -0.0183584, 0.755243, 0.655189, 1.62605, 0.0, 0.0, 0.0, 1.0]}, "aecbb791f30b452a9236c5a8c7030663_d2_4.png": {"intrinsics": {"fx": 1077.54, "fy": 1078.04, "cx": 634.349, "cy": 521.782}, "camera_to_world_matrix": [0.683905, 0.503904, -0.527594, -13.5804, -0.729378, 0.455565, -0.510362, -2.21688, -0.0168198, 0.733854, 0.679099, 1.62558, 0.0, 0.0, 0.0, 1.0]}, "aecbb791f30b452a9236c5a8c7030663_d2_5.png": {"intrinsics": {"fx": 1077.54, "fy": 1078.04, "cx": 634.349, "cy": 521.782}, "camera_to_world_matrix": [-0.289349, 0.66286, -0.690575, -13.5772, -0.957152, -0.191512, 0.217217, -2.23107, 0.011731, 0.723837, 0.689872, 1.62537, 0.0, 0.0, 0.0, 1.0]}, "b34af02ce9b642ebbd0c7e9e0ba3b553_d0_0.png": {"intrinsics": {"fx": 1073.36, "fy": 1073.7, "cx": 630.333, "cy": 508.299}, "camera_to_world_matrix": [-0.714894, 0.469353, 0.518299, -0.0997854, 0.698709, 0.450839, 0.555472, -3.56595, 0.0270425, 0.759244, -0.650244, 1.45717, 0.0, 0.0, 0.0, 1.0]}, "b34af02ce9b642ebbd0c7e9e0ba3b553_d0_1.png": {"intrinsics": {"fx": 1073.36, "fy": 1073.7, "cx": 630.333, "cy": 508.299}, "camera_to_world_matrix": [0.247995, 0.637566, 0.729389, -0.103844, 0.96835, -0.185073, -0.167468, -3.55198, 0.0282185, 0.747835, -0.663284, 1.45742, 0.0, 0.0, 0.0, 1.0]}, "b34af02ce9b642ebbd0c7e9e0ba3b553_d0_2.png": {"intrinsics": {"fx": 1073.36, "fy": 1073.7, "cx": 630.333, "cy": 508.299}, "camera_to_world_matrix": [0.962928, 0.170865, 0.208745, -0.0937724, 0.269404, -0.648713, -0.711753, -3.54148, 0.013802, 0.741603, -0.670696, 1.45756, 0.0, 0.0, 0.0, 1.0]}, "b34af02ce9b642ebbd0c7e9e0ba3b553_d0_3.png": {"intrinsics": {"fx": 1073.36, "fy": 1073.7, "cx": 630.333, "cy": 508.299}, "camera_to_world_matrix": [0.714956, -0.464039, -0.522977, -0.0796427, -0.699166, -0.47643, -0.533085, -3.54495, -0.00179009, 0.746781, -0.665067, 1.45745, 0.0, 0.0, 0.0, 1.0]}, "b34af02ce9b642ebbd0c7e9e0ba3b553_d0_4.png": {"intrinsics": {"fx": 1073.36, "fy": 1073.7, "cx": 630.333, "cy": 508.299}, "camera_to_world_matrix": [-0.247943, -0.632227, -0.734039, -0.0755847, -0.96877, 0.159489, 0.189863, -3.55892, -0.0029654, 0.75819, -0.652027, 1.4572, 0.0, 0.0, 0.0, 1.0]}, "b34af02ce9b642ebbd0c7e9e0ba3b553_d0_5.png": {"intrinsics": {"fx": 1073.36, "fy": 1073.7, "cx": 630.333, "cy": 508.299}, "camera_to_world_matrix": [-0.962849, -0.165508, -0.213373, -0.0856566, -0.269796, 0.623111, 0.734127, -3.56942, 0.0114514, 0.764421, -0.644615, 1.45706, 0.0, 0.0, 0.0, 1.0]}, "b34af02ce9b642ebbd0c7e9e0ba3b553_d1_0.png": {"intrinsics": {"fx": 1076.05, "fy": 1076.63, "cx": 633.385, "cy": 513.036}, "camera_to_world_matrix": [-0.721657, 0.00951245, 0.692185, -0.0920192, 0.69176, -0.0276907, 0.721595, -3.55854, 0.0260315, 0.999571, 0.0134017, 1.49052, 0.0, 0.0, 0.0, 1.0]}, "b34af02ce9b642ebbd0c7e9e0ba3b553_d1_1.png": {"intrinsics": {"fx": 1076.05, "fy": 1076.63, "cx": 633.385, "cy": 513.036}, "camera_to_world_matrix": [0.23858, -0.00273351, 0.971118, -0.0929954, 0.970736, -0.027518, -0.238564, -3.55518, 0.0273756, 0.999617, -0.00391283, 1.49058, 0.0, 0.0, 0.0, 1.0]}, "b34af02ce9b642ebbd0c7e9e0ba3b553_d1_2.png": {"intrinsics": {"fx": 1076.05, "fy": 1076.63, "cx": 633.385, "cy": 513.036}, "camera_to_world_matrix": [0.960272, -0.00870611, 0.278924, -0.0905727, 0.278755, -0.0168277, -0.960214, -3.55265, 0.0130537, 0.99982, -0.0137334, 1.49061, 0.0, 0.0, 0.0, 1.0]}, "b34af02ce9b642ebbd0c7e9e0ba3b553_d1_3.png": {"intrinsics": {"fx": 1076.05, "fy": 1076.63, "cx": 633.385, "cy": 513.036}, "camera_to_world_matrix": [0.721712, -0.00243264, -0.692188, -0.0871738, -0.692186, -0.00631037, -0.72169, -3.55349, -0.00261204, 0.999977, -0.00623922, 1.49059, 0.0, 0.0, 0.0, 1.0]}, "b34af02ce9b642ebbd0c7e9e0ba3b553_d1_4.png": {"intrinsics": {"fx": 1076.05, "fy": 1076.63, "cx": 633.385, "cy": 513.036}, "camera_to_world_matrix": [-0.238535, 0.00981331, -0.971084, -0.0861977, -0.971125, -0.00648355, 0.23848, -3.55685, -0.0039555, 0.99993, 0.0110754, 1.49053, 0.0, 0.0, 0.0, 1.0]}, "b34af02ce9b642ebbd0c7e9e0ba3b553_d1_5.png": {"intrinsics": {"fx": 1076.05, "fy": 1076.63, "cx": 633.385, "cy": 513.036}, "camera_to_world_matrix": [-0.9602, 0.0157855, -0.278861, -0.0886205, -0.279115, -0.0171741, 0.960103, -3.55937, 0.0103668, 0.999727, 0.0208954, 1.49049, 0.0, 0.0, 0.0, 1.0]}, "b34af02ce9b642ebbd0c7e9e0ba3b553_d2_0.png": {"intrinsics": {"fx": 1077.54, "fy": 1078.04, "cx": 634.349, "cy": 521.782}, "camera_to_world_matrix": [-0.726069, -0.449971, 0.519952, -0.09955, 0.687187, -0.501722, 0.525404, -3.56708, 0.0244546, 0.738784, 0.673499, 1.52366, 0.0, 0.0, 0.0, 1.0]}, "b34af02ce9b642ebbd0c7e9e0ba3b553_d2_1.png": {"intrinsics": {"fx": 1077.54, "fy": 1078.04, "cx": 634.349, "cy": 521.782}, "camera_to_world_matrix": [0.232388, -0.647224, 0.726014, -0.103609, 0.972278, 0.134702, -0.191131, -3.55311, 0.025909, 0.750304, 0.660585, 1.52391, 0.0, 0.0, 0.0, 1.0]}, "b34af02ce9b642ebbd0c7e9e0ba3b553_d2_2.png": {"intrinsics": {"fx": 1077.54, "fy": 1078.04, "cx": 634.349, "cy": 521.782}, "camera_to_world_matrix": [0.958488, -0.194599, 0.208404, -0.093537, 0.284895, 0.623744, -0.727859, -3.54261, 0.0116496, 0.757018, 0.653291, 1.52405, 0.0, 0.0, 0.0, 1.0]}, "b34af02ce9b642ebbd0c7e9e0ba3b553_d2_3.png": {"intrinsics": {"fx": 1077.54, "fy": 1078.04, "cx": 634.349, "cy": 521.782}, "camera_to_world_matrix": [0.726114, 0.455269, -0.515256, -0.0794073, -0.687562, 0.47635, -0.548041, -3.54608, -0.00406381, 0.75221, 0.658911, 1.52394, 0.0, 0.0, 0.0, 1.0]}, "b34af02ce9b642ebbd0c7e9e0ba3b553_d2_4.png": {"intrinsics": {"fx": 1077.54, "fy": 1078.04, "cx": 634.349, "cy": 521.782}, "camera_to_world_matrix": [-0.232354, 0.652497, -0.72129, -0.0753493, -0.972616, -0.160081, 0.168502, -3.56005, -0.00551756, 0.74069, 0.671825, 1.52369, 0.0, 0.0, 0.0, 1.0]}, "b34af02ce9b642ebbd0c7e9e0ba3b553_d2_5.png": {"intrinsics": {"fx": 1077.54, "fy": 1078.04, "cx": 634.349, "cy": 521.782}, "camera_to_world_matrix": [-0.958427, 0.199853, -0.203659, -0.0854212, -0.285204, -0.649105, 0.70521, -3.57055, 0.00874218, 0.733977, 0.679119, 1.52355, 0.0, 0.0, 0.0, 1.0]}, "d471e89e00be49f49a7ecace814d60bf_d0_0.png": {"intrinsics": {"fx": 1073.36, "fy": 1073.7, "cx": 630.333, "cy": 508.299}, "camera_to_world_matrix": [-0.997042, -0.0294315, -0.0709938, -0.417919, -0.0731895, 0.645424, 0.760309, -2.13915, 0.0234441, 0.763257, -0.64567, 1.46123, 0.0, 0.0, 0.0, 1.0]}, "d471e89e00be49f49a7ecace814d60bf_d0_1.png": {"intrinsics": {"fx": 1073.36, "fy": 1073.7, "cx": 630.333, "cy": 508.299}, "camera_to_world_matrix": [-0.561504, 0.558509, 0.610557, -0.431076, 0.826867, 0.350457, 0.439853, -2.13294, 0.0316882, 0.751829, -0.658596, 1.46148, 0.0, 0.0, 0.0, 1.0]}, "d471e89e00be49f49a7ecace814d60bf_d0_2.png": {"intrinsics": {"fx": 1073.36, "fy": 1073.7, "cx": 630.333, "cy": 508.299}, "camera_to_world_matrix": [0.435701, 0.596921, 0.673683, -0.432275, 0.899849, -0.306224, -0.310642, -2.11844, 0.0208696, 0.741561, -0.670561, 1.46171, 0.0, 0.0, 0.0, 1.0]}, "d471e89e00be49f49a7ecace814d60bf_d0_3.png": {"intrinsics": {"fx": 1073.36, "fy": 1073.7, "cx": 630.333, "cy": 508.299}, "camera_to_world_matrix": [0.997347, 0.0473906, 0.0552573, -0.420318, 0.0727735, -0.667923, -0.740664, -2.11015, 0.00180718, 0.74272, -0.669599, 1.46169, 0.0, 0.0, 0.0, 1.0]}, "d471e89e00be49f49a7ecace814d60bf_d0_4.png": {"intrinsics": {"fx": 1073.36, "fy": 1073.7, "cx": 630.333, "cy": 508.299}, "camera_to_world_matrix": [0.561773, -0.540539, -0.626281, -0.407161, -0.827266, -0.372932, -0.420181, -2.11636, -0.0064362, 0.754148, -0.656673, 1.46145, 0.0, 0.0, 0.0, 1.0]}, "d471e89e00be49f49a7ecace814d60bf_d0_5.png": {"intrinsics": {"fx": 1073.36, "fy": 1073.7, "cx": 630.333, "cy": 508.299}, "camera_to_world_matrix": [-0.435435, -0.578924, -0.689378, -0.405962, -0.900209, 0.28375, 0.330316, -2.13086, 0.00438302, 0.764416, -0.644708, 1.46121, 0.0, 0.0, 0.0, 1.0]}, "d471e89e00be49f49a7ecace814d60bf_d1_0.png": {"intrinsics": {"fx": 1076.05, "fy": 1076.63, "cx": 633.385, "cy": 513.036}, "camera_to_world_matrix": [-0.99631, 0.0239053, -0.0824229, -0.418433, -0.082852, -0.0175364, 0.996407, -2.12864, 0.0223743, 0.99956, 0.0194512, 1.49465, 0.0, 0.0, 0.0, 1.0]}, "d471e89e00be49f49a7ecace814d60bf_d1_1.png": {"intrinsics": {"fx": 1076.05, "fy": 1076.63, "cx": 633.385, "cy": 513.036}, "camera_to_world_matrix": [-0.569523, 0.0156668, 0.821825, -0.421598, 0.821397, -0.0265985, 0.569734, -2.12714, 0.0307855, 0.999523, 0.00227866, 1.49471, 0.0, 0.0, 0.0, 1.0]}, "d471e89e00be49f49a7ecace814d60bf_d1_2.png": {"intrinsics": {"fx": 1076.05, "fy": 1076.63, "cx": 633.385, "cy": 513.036}, "camera_to_world_matrix": [0.426939, 0.00370058, 0.904272, -0.421886, 0.904055, -0.0239963, -0.426739, -2.12366, 0.0201203, 0.999705, -0.0135916, 1.49477, 0.0, 0.0, 0.0, 1.0]}, "d471e89e00be49f49a7ecace814d60bf_d1_3.png": {"intrinsics": {"fx": 1076.05, "fy": 1076.63, "cx"