{"05c99a0c0828453fb460132398d1f66a_d0_0.png": {"intrinsics": {"fx": 1072.27, "fy": 1073.08, "cx": 626.949, "cy": 506.267}, "camera_to_world_matrix": [-0.667087, -0.4597, -0.586234, 4.38762, -0.743327, 0.463115, 0.482691, 4.12725, 0.0496001, 0.75776, -0.650645, 4.39611, 0.0, 0.0, 0.0, 1.0]}, "05c99a0c0828453fb460132398d1f66a_d0_1.png": {"intrinsics": {"fx": 1072.27, "fy": 1073.08, "cx": 626.949, "cy": 506.267}, "camera_to_world_matrix": [-0.977265, 0.173529, 0.121821, 4.37382, 0.207293, 0.661351, 0.720864, 4.12268, 0.0445239, 0.729728, -0.682287, 4.39673, 0.0, 0.0, 0.0, 1.0]}, "05c99a0c0828453fb460132398d1f66a_d0_2.png": {"intrinsics": {"fx": 1072.27, "fy": 1073.08, "cx": 626.949, "cy": 506.267}, "camera_to_world_matrix": [-0.309752, 0.662095, 0.68241, 4.36296, 0.950802, 0.211631, 0.226247, 4.13235, 0.00537799, 0.718917, -0.695075, 4.39697, 0.0, 0.0, 0.0, 1.0]}, "05c99a0c0828453fb460132398d1f66a_d0_3.png": {"intrinsics": {"fx": 1072.27, "fy": 1073.08, "cx": 626.949, "cy": 506.267}, "camera_to_world_matrix": [0.667924, 0.517422, 0.534932, 4.3659, 0.743676, -0.436317, -0.506531, 4.1466, -0.0286907, 0.73614, -0.67622, 4.3966, 0.0, 0.0, 0.0, 1.0]}, "05c99a0c0828453fb460132398d1f66a_d0_4.png": {"intrinsics": {"fx": 1072.27, "fy": 1073.08, "cx": 626.949, "cy": 506.267}, "camera_to_world_matrix": [0.978065, -0.115815, -0.173133, 4.3797, -0.206956, -0.634529, -0.744676, 4.15117, -0.0236128, 0.764173, -0.644579, 4.39599, 0.0, 0.0, 0.0, 1.0]}, "05c99a0c0828453fb460132398d1f66a_d0_5.png": {"intrinsics": {"fx": 1072.27, "fy": 1073.08, "cx": 626.949, "cy": 506.267}, "camera_to_world_matrix": [0.310523, -0.604364, -0.733702, 4.39056, -0.950439, -0.184789, -0.250038, 4.14149, 0.0155337, 0.774982, -0.631792, 4.39574, 0.0, 0.0, 0.0, 1.0]}, "05c99a0c0828453fb460132398d1f66a_d1_0.png": {"intrinsics": {"fx": 1074.95, "fy": 1075.4, "cx": 636.202, "cy": 512.819}, "camera_to_world_matrix": [-0.664217, 0.0396063, -0.74649, 4.38066, -0.746637, 0.0139095, 0.665086, 4.13519, 0.036725, 0.999119, 0.0203324, 4.42952, 0.0, 0.0, 0.0, 1.0]}, "05c99a0c0828453fb460132398d1f66a_d1_1.png": {"intrinsics": {"fx": 1074.95, "fy": 1075.4, "cx": 636.202, "cy": 512.819}, "camera_to_world_matrix": [-0.978742, 0.0356271, 0.201978, 4.37734, 0.202609, 0.0150648, 0.979144, 4.13409, 0.0318414, 0.999252, -0.0219632, 4.42967, 0.0, 0.0, 0.0, 1.0]}, "05c99a0c0828453fb460132398d1f66a_d1_2.png": {"intrinsics": {"fx": 1074.95, "fy": 1075.4, "cx": 636.202, "cy": 512.819}, "camera_to_world_matrix": [-0.314593, 0.0346351, 0.948594, 4.37472, 0.949199, 0.0190899, 0.314097, 4.13642, -0.00722976, 0.999218, -0.0388814, 4.42972, 0.0, 0.0, 0.0, 1.0]}, "05c99a0c0828453fb460132398d1f66a_d1_3.png": {"intrinsics": {"fx": 1074.95, "fy": 1075.4, "cx": 636.202, "cy": 512.819}, "camera_to_world_matrix": [0.664065, 0.0376224, 0.746727, 4.37543, 0.746527, 0.0219596, -0.664993, 4.13985, -0.0414164, 0.999051, -0.0135037, 4.42964, 0.0, 0.0, 0.0, 1.0]}, "05c99a0c0828453fb460132398d1f66a_d1_4.png": {"intrinsics": {"fx": 1074.95, "fy": 1075.4, "cx": 636.202, "cy": 512.819}, "camera_to_world_matrix": [0.978553, 0.0416015, -0.201752, 4.37875, -0.202731, 0.0208041, -0.979013, 4.14095, -0.0365311, 0.998918, 0.0287916, 4.42949, 0.0, 0.0, 0.0, 1.0]}, "05c99a0c0828453fb460132398d1f66a_d1_5.png": {"intrinsics": {"fx": 1074.95, "fy": 1075.4, "cx": 636.202, "cy": 512.819}, "camera_to_world_matrix": [0.314375, 0.0425933, -0.948343, 4.38136, -0.949295, 0.016779, -0.313937, 4.13862, 0.00254064, 0.998952, 0.0457083, 4.42943, 0.0, 0.0, 0.0, 1.0]}, "05c99a0c0828453fb460132398d1f66a_d2_0.png": {"intrinsics": {"fx": 1067.86, "fy": 1068.47, "cx": 636.653, "cy": 509.034}, "camera_to_world_matrix": [-0.660641, 0.534647, -0.526978, 4.39019, -0.749479, -0.429688, 0.503636, 4.12844, 0.0428312, 0.727682, 0.684576, 4.46255, 0.0, 0.0, 0.0, 1.0]}, "05c99a0c0828453fb460132398d1f66a_d2_1.png": {"intrinsics": {"fx": 1067.86, "fy": 1068.47, "cx": 636.653, "cy": 509.034}, "camera_to_world_matrix": [-0.979388, -0.101484, 0.174641, 4.37639, 0.198353, -0.64647, 0.736704, 4.12387, 0.0381361, 0.756159, 0.653275, 4.46317, 0.0, 0.0, 0.0, 1.0]}, "05c99a0c0828453fb460132398d1f66a_d2_2.png": {"intrinsics": {"fx": 1067.86, "fy": 1068.47, "cx": 636.653, "cy": 509.034}, "camera_to_world_matrix": [-0.318577, -0.607555, 0.727589, 4.36553, 0.947897, -0.203496, 0.245115, 4.13355, -0.000859015, 0.767767, 0.640728, 4.46341, 0.0, 0.0, 0.0, 1.0]}, "05c99a0c0828453fb460132398d1f66a_d2_3.png": {"intrinsics": {"fx": 1067.86, "fy": 1068.47, "cx": 636.653, "cy": 509.034}, "camera_to_world_matrix": [0.660967, -0.477483, 0.578906, 4.36847, 0.749591, 0.45625, -0.479531, 4.14779, -0.0351582, 0.750897, 0.659483, 4.46304, 0.0, 0.0, 0.0, 1.0]}, "05c99a0c0828453fb460132398d1f66a_d2_4.png": {"intrinsics": {"fx": 1067.86, "fy": 1068.47, "cx": 636.653, "cy": 509.034}, "camera_to_world_matrix": [0.979677, 0.158657, -0.122722, 4.38227, -0.198254, 0.673007, -0.712571, 4.15236, -0.0304615, 0.722419, 0.690784, 4.46243, 0.0, 0.0, 0.0, 1.0]}, "05c99a0c0828453fb460132398d1f66a_d2_5.png": {"intrinsics": {"fx": 1067.86, "fy": 1068.47, "cx": 636.653, "cy": 509.034}, "camera_to_world_matrix": [0.318836, 0.66471, -0.675651, 4.39313, -0.947771, 0.230013, -0.22096, 4.14268, 0.00853428, 0.710813, 0.703329, 4.46218, 0.0, 0.0, 0.0, 1.0]}, "084c52de7b5a4133a3887214b4bae12b_d0_0.png": {"intrinsics": {"fx": 1072.27, "fy": 1073.08, "cx": 626.949, "cy": 506.267}, "camera_to_world_matrix": [-0.167029, 0.656564, 0.735544, -0.964923, 0.985946, 0.108614, 0.126939, 1.05653, 0.0034529, 0.746409, -0.665479, -0.894276, 0.0, 0.0, 0.0, 1.0]}, "084c52de7b5a4133a3887214b4bae12b_d0_1.png": {"intrinsics": {"fx": 1072.27, "fy": 1073.08, "cx": 626.949, "cy": 506.267}, "camera_to_world_matrix": [0.770308, 0.417921, 0.481631, -0.959917, 0.63765, -0.511136, -0.576318, 1.07019, 0.00532356, 0.751054, -0.66022, -0.894378, 0.0, 0.0, 0.0, 1.0]}, "084c52de7b5a4133a3887214b4bae12b_d0_2.png": {"intrinsics": {"fx": 1072.27, "fy": 1073.08, "cx": 626.949, "cy": 506.267}, "camera_to_world_matrix": [0.937327, -0.238136, -0.254382, -0.945582, -0.348234, -0.614335, -0.708044, 1.07269, 0.012335, 0.752253, -0.658759, -0.894406, 0.0, 0.0, 0.0, 1.0]}, "084c52de7b5a4133a3887214b4bae12b_d0_3.png": {"intrinsics": {"fx": 1072.27, "fy": 1073.08, "cx": 626.949, "cy": 506.267}, "camera_to_world_matrix": [0.167005, -0.655536, -0.736466, -0.936254, -0.985801, -0.0977803, -0.13651, 1.06152, 0.0174756, 0.748807, -0.662558, -0.894332, 0.0, 0.0, 0.0, 1.0]}, "084c52de7b5a4133a3887214b4bae12b_d0_4.png": {"intrinsics": {"fx": 1072.27, "fy": 1073.08, "cx": 626.949, "cy": 506.267}, "camera_to_world_matrix": [-0.770318, -0.416869, -0.482525, -0.94126, -0.637469, 0.521961, 0.566736, 1.04786, 0.0156047, 0.744162, -0.667817, -0.89423, 0.0, 0.0, 0.0, 1.0]}, "084c52de7b5a4133a3887214b4bae12b_d0_5.png": {"intrinsics": {"fx": 1072.27, "fy": 1073.08, "cx": 626.949, "cy": 506.267}, "camera_to_world_matrix": [-0.937298, 0.239193, 0.253493, -0.955595, 0.348422, 0.625134, 0.698434, 1.04537, 0.00859321, 0.742963, -0.669277, -0.894202, 0.0, 0.0, 0.0, 1.0]}, "084c52de7b5a4133a3887214b4bae12b_d1_0.png": {"intrinsics": {"fx": 1074.95, "fy": 1075.4, "cx": 636.202, "cy": 512.819}, "camera_to_world_matrix": [-0.171543, -0.00307859, 0.985172, -0.954013, 0.985132, 0.00895509, 0.171564, 1.05867, -0.00935044, 0.999955, 0.00149643, -0.861048, 0.0, 0.0, 0.0, 1.0]}, "084c52de7b5a4133a3887214b4bae12b_d1_1.png": {"intrinsics": {"fx": 1074.95, "fy": 1075.4, "cx": 636.202, "cy": 512.819}, "camera_to_world_matrix": [0.767421, 0.000301212, 0.641143, -0.952809, 0.641099, 0.0113557, -0.767375, 1.06195, -0.00751173, 0.999935, 0.0085213, -0.861073, 0.0, 0.0, 0.0, 1.0]}, "084c52de7b5a4133a3887214b4bae12b_d1_2.png": {"intrinsics": {"fx": 1074.95, "fy": 1075.4, "cx": 636.202, "cy": 512.819}, "camera_to_world_matrix": [0.938946, 0.00407015, -0.344041, -0.949361, -0.344065, 0.00962903, -0.938896, 1.06255, -0.000508624, 0.999945, 0.0104413, -0.861079, 0.0, 0.0, 0.0, 1.0]}, "084c52de7b5a4133a3887214b4bae12b_d1_3.png": {"intrinsics": {"fx": 1074.95, "fy": 1075.4, "cx": 636.202, "cy": 512.819}, "camera_to_world_matrix": [0.171501, 0.0044592, -0.985174, -0.947117, -0.985173, 0.00550179, -0.171476, 1.05987, 0.00465561, 0.999975, 0.00533644, -0.861062, 0.0, 0.0, 0.0, 1.0]}, "084c52de7b5a4133a3887214b4bae12b_d1_4.png": {"intrinsics": {"fx": 1074.95, "fy": 1075.4, "cx": 636.202, "cy": 512.819}, "camera_to_world_matrix": [-0.76745, 0.0010793, -0.641108, -0.948321, -0.641103, 0.00310131, 0.767449, 1.05658, 0.00281662, 0.999995, -0.00168836, -0.861037, 0.0, 0.0, 0.0, 1.0]}, "084c52de7b5a4133a3887214b4bae12b_d1_5.png": {"intrinsics": {"fx": 1074.95, "fy": 1075.4, "cx": 636.202, "cy": 512.819}, "camera_to_world_matrix": [-0.938935, -0.00268957, 0.344083, -0.95177, 0.344068, 0.00482813, 0.938932, 1.05598, -0.00418656, 0.999985, -0.00360812, -0.86103, 0.0, 0.0, 0.0, 1.0]}, "084c52de7b5a4133a3887214b4bae12b_d2_0.png": {"intrinsics": {"fx": 1067.86, "fy": 1068.47, "cx": 636.653, "cy": 509.034}, "camera_to_world_matrix": [-0.175927, -0.661142, 0.729343, -0.964877, 0.984398, -0.115781, 0.132495, 1.05701, -0.00315413, 0.741274, 0.671195, -0.827778, 0.0, 0.0, 0.0, 1.0]}, "084c52de7b5a4133a3887214b4bae12b_d2_1.png": {"intrinsics": {"fx": 1067.86, "fy": 1068.47, "cx": 636.653, "cy": 509.034}, "camera_to_world_matrix": [0.764557, -0.435215, 0.475436, -0.959871, 0.644554, 0.517783, -0.562539, 1.07067, -0.00134678, 0.736538, 0.676395, -0.82788, 0.0, 0.0, 0.0, 1.0]}, "084c52de7b5a4133a3887214b4bae12b_d2_2.png": {"intrinsics": {"fx": 1067.86, "fy": 1068.47, "cx": 636.653, "cy": 509.034}, "camera_to_world_matrix": [0.94047, 0.226447, -0.253454, -0.945537, -0.339831, 0.638901, -0.69016, 1.07317, 0.00564767, 0.735205, 0.677821, -0.827908, 0.0, 0.0, 0.0, 1.0]}, "084c52de7b5a4133a3887214b4bae12b_d2_3.png": {"intrinsics": {"fx": 1067.86, "fy": 1068.47, "cx": 636.653, "cy": 509.034}, "camera_to_world_matrix": [0.175894, 0.662168, -0.72842, -0.936208, -0.98435, 0.126453, -0.122742, 1.062, 0.0108346, 0.738609, 0.674047, -0.827834, 0.0, 0.0, 0.0, 1.0]}, "084c52de7b5a4133a3887214b4bae12b_d2_4.png": {"intrinsics": {"fx": 1067.86, "fy": 1068.47, "cx": 636.653, "cy": 509.034}, "camera_to_world_matrix": [-0.764577, 0.436217, -0.474485, -0.941214, -0.644469, -0.507103, 0.572283, 1.04834, 0.00902695, 0.743345, 0.668847, -0.827731, 0.0, 0.0, 0.0, 1.0]}, "084c52de7b5a4133a3887214b4bae12b_d2_5.png": {"intrinsics": {"fx": 1067.86, "fy": 1068.47, "cx": 636.653, "cy": 509.034}, "camera_to_world_matrix": [-0.940451, -0.22545, 0.25441, -0.955549, 0.339923, -0.628195, 0.699874, 1.04585, 0.00203242, 0.744677, 0.667422, -0.827704, 0.0, 0.0, 0.0, 1.0]}, "08e2145b15fc4d2497c084af41dc7089_d0_0.png": {"intrinsics": {"fx": 1072.27, "fy": 1073.08, "cx": 626.949, "cy": 506.267}, "camera_to_world_matrix": [0.572934, 0.53561, 0.620377, 5.83536, 0.819442, -0.389282, -0.420684, 1.46307, 0.0161791, 0.749387, -0.661934, 4.40584, 0.0, 0.0, 0.0, 1.0]}, "08e2145b15fc4d2497c084af41dc7089_d0_1.png": {"intrinsics": {"fx": 1072.27, "fy": 1073.08, "cx": 626.949, "cy": 506.267}, "camera_to_world_matrix": [0.996124, -0.0693677, -0.0540886, 5.84852, -0.0865514, -0.663229, -0.743395, 1.46929, 0.0156943, 0.745195, -0.666662, 4.40593, 0.0, 0.0, 0.0, 1.0]}, "08e2145b15fc4d2497c084af41dc7089_d0_2.png": {"intrinsics": {"fx": 1072.27, "fy": 1073.08, "cx": 626.949, "cy": 506.267}, "camera_to_world_matrix": [0.423109, -0.609103, -0.670799, 5.86048, -0.906024, -0.27626, -0.320626, 1.461, 0.00997937, 0.74342, -0.668751, 4.40597, 0.0, 0.0, 0.0, 1.0]}, "08e2145b15fc4d2497c084af41dc7089_d0_3.png": {"intrinsics": {"fx": 1072.27, "fy": 1073.08, "cx": 626.949, "cy": 506.267}, "camera_to_world_matrix": [-0.573082, -0.543849, -0.61303, 5.85928, -0.819484, 0.384647, 0.424843, 1.4465, 0.00474934, 0.745838, -0.66611, 4.40592, 0.0, 0.0, 0.0, 1.0]}, "08e2145b15fc4d2497c084af41dc7089_d0_4.png": {"intrinsics": {"fx": 1072.27, "fy": 1073.08, "cx": 626.949, "cy": 506.267}, "camera_to_world_matrix": [-0.996236, 0.061139, 0.0614493, 5.84613, 0.0865251, 0.658571, 0.747528, 1.44029, 0.00523439, 0.750031, -0.661382, 4.40583, 0.0, 0.0, 0.0, 1.0]}, "08e2145b15fc4d2497c084af41dc7089_d0_5.png": {"intrinsics": {"fx": 1072.27, "fy": 1073.08, "cx": 626.949, "cy": 506.267}, "camera_to_world_matrix": [-0.423189, 0.60086, 0.678143, 5.83417, 0.905975, 0.271581, 0.324735, 1.44857, 0.0109495, 0.751805, -0.659294, 4.40579, 0.0, 0.0, 0.0, 1.0]}, "08e2145b15fc4d2497c084af41dc7089_d1_0.png": {"intrinsics": {"fx": 1074.95, "fy": 1075.4, "cx": 636.202, "cy": 512.819}, "camera_to_world_matrix": [0.56929, -0.00699306, 0.822107, 5.84426, 0.82213, 0.000761539, -0.569299, 1.45668, 0.00335512, 0.999975, 0.00618253, 4.43912, 0.0, 0.0, 0.0, 1.0]}, "08e2145b15fc4d2497c084af41dc7089_d1_1.png": {"intrinsics": {"fx": 1074.95, "fy": 1075.4, "cx": 636.202, "cy": 512.819}, "camera_to_world_matrix": [0.99663, -0.00290071, -0.0819699, 5.84743, -0.0819697, 9.92573e-05, -0.996634, 1.45817, 0.00289912, 0.999996, -0.000139058, 4.43914, 0.0, 0.0, 0.0, 1.0]}, "08e2145b15fc4d2497c084af41dc7089_d1_2.png": {"intrinsics": {"fx": 1074.95, "fy": 1075.4, "cx": 636.202, "cy": 512.819}, "camera_to_world_matrix": [0.427331, -0.00142807, -0.904094, 5.8503, -0.90409, -0.00377601, -0.427324, 1.45618, -0.00280358, 0.999992, -0.00290492, 4.43915, 0.0, 0.0, 0.0, 1.0]}, "08e2145b15fc4d2497c084af41dc7089_d1_3.png": {"intrinsics": {"fx": 1074.95, "fy": 1075.4, "cx": 636.202, "cy": 512.819}, "camera_to_world_matrix": [-0.569296, -0.00404781, -0.822122, 5.85002, -0.822093, -0.00698891, 0.56931, 1.45269, -0.00805016, 0.999967, 0.000650868, 4.43914, 0.0, 0.0, 0.0, 1.0]}, "08e2145b15fc4d2497c084af41dc7089_d1_4.png": {"intrinsics": {"fx": 1074.95, "fy": 1075.4, "cx": 636.202, "cy": 512.819}, "camera_to_world_matrix": [-0.996601, -0.00814014, 0.0819711, 5.84685, 0.0820232, -0.00632647, 0.99661, 1.4512, -0.00759392, 0.999947, 0.00697244, 4.43912, 0.0, 0.0, 0.0, 1.0]}, "08e2145b15fc4d2497c084af41dc7089_d1_5.png": {"intrinsics": {"fx": 1074.95, "fy": 1075.4, "cx": 636.202, "cy": 512.819}, "camera_to_world_matrix": [-0.42727, -0.00961263, 0.904073, 5.84397, 0.904122, -0.00245114, 0.427267, 1.45319, -0.00189111, 0.999951, 0.00973808, 4.43911, 0.0, 0.0, 0.0, 1.0]}, "08e2145b15fc4d2497c084af41dc7089_d2_0.png": {"intrinsics": {"fx": 1067.86, "fy": 1068.47, "cx": 636.653, "cy": 509.034}, "camera_to_world_matrix": [0.565583, -0.560391, 0.605043, 5.83499, 0.824636, 0.375819, -0.422771, 1.46286, 0.0095304, 0.738052, 0.674676, 4.47234, 0.0, 0.0, 0.0, 1.0]}, "08e2145b15fc4d2497c084af41dc7089_d2_1.png": {"intrinsics": {"fx": 1067.86, "fy": 1068.47, "cx": 636.653, "cy": 509.034}, "camera_to_world_matrix": [0.996947, 0.0452234, -0.0636486, 5.84815, -0.0775464, 0.668532, -0.739629, 1.46908, 0.00910255, 0.742307, 0.669998, 4.47243, 0.0, 0.0, 0.0, 1.0]}, "08e2145b15fc4d2497c084af41dc7089_d2_2.png": {"intrinsics": {"fx": 1067.86, "fy": 1068.47, "cx": 636.653, "cy": 509.034}, "camera_to_world_matrix": [0.43132, 0.601529, -0.672403, 5.86011, -0.902192, 0.290393, -0.318936, 1.4608, 0.00341227, 0.744201, 0.667947, 4.47247, 0.0, 0.0, 0.0, 1.0]}, "08e2145b15fc4d2497c084af41dc7089_d2_3.png": {"intrinsics": {"fx": 1067.86, "fy": 1068.47, "cx": 636.653, "cy": 509.034}, "camera_to_world_matrix": [-0.565658, 0.552207, -0.612453, 5.85892, -0.824638, -0.380449, 0.418606, 1.4463, -0.00185008, 0.741839, 0.670575, 4.47242, 0.0, 0.0, 0.0, 1.0]}, "08e2145b15fc4d2497c084af41dc7089_d2_4.png": {"intrinsics": {"fx": 1067.86, "fy": 1068.47, "cx": 636.653, "cy": 509.034}, "camera_to_world_matrix": [-0.996986, -0.0534194, 0.0562509, 5.84576, 0.0775614, -0.673138, 0.735438, 1.44008, -0.001422, 0.737585, 0.675253, 4.47233, 0.0, 0.0, 0.0, 1.0]}, "08e2145b15fc4d2497c084af41dc7089_d2_5.png": {"intrinsics": {"fx": 1067.86, "fy": 1068.47, "cx": 636.653, "cy": 509.034}, "camera_to_world_matrix": [-0.431327, -0.60971, 0.664989, 5.8338, 0.902185, -0.294978, 0.314721, 1.44836, 0.00426839, 0.735691, 0.677303, 4.47229, 0.0, 0.0, 0.0, 1.0]}, "0bcfa259c73142ef9d47652dbca1f138_d0_0.png": {"intrinsics": {"fx": 1072.27, "fy": 1073.08, "cx": 626.949, "cy": 506.267}, "camera_to_world_matrix": [-0.479567, 0.597663, 0.642507, 4.76256, 0.876325, 0.288228, 0.385978, 8.01791, 0.0454966, 0.748147, -0.661971, 1.34102, 0.0, 0.0, 0.0, 1.0]}, "0bcfa259c73142ef9d47652dbca1f138_d0_1.png": {"intrinsics": {"fx": 1072.27, "fy": 1073.08, "cx": 626.949, "cy": 506.267}, "camera_to_world_matrix": [0.520006, 0.574458, 0.632133, 4.76283, 0.853649, -0.375171, -0.36129, 8.03245, 0.0296122, 0.727492, -0.685477, 1.34148, 0.0, 0.0, 0.0, 1.0]}, "0bcfa259c73142ef9d47652dbca1f138_d0_2.png": {"intrinsics": {"fx": 1072.27, "fy": 1073.08, "cx": 626.949, "cy": 506.267}, "camera_to_world_matrix": [0.99972, -0.0118811, -0.0204575, 4.77556, -0.0230267, -0.68705, -0.726245, 8.0395, -0.00542682, 0.726513, -0.687131, 1.34151, 0.0, 0.0, 0.0, 1.0]}, "0bcfa259c73142ef9d47652dbca1f138_d0_3.png": {"intrinsics": {"fx": 1072.27, "fy": 1073.08, "cx": 626.949, "cy": 506.267}, "camera_to_world_matrix": [0.47985, -0.575002, -0.662659, 4.78803, -0.877006, -0.335524, -0.343925, 8.032, -0.0245806, 0.746188, -0.665281, 1.34108, 0.0, 0.0, 0.0, 1.0]}, "0bcfa259c73142ef9d47652dbca1f138_d0_4.png": {"intrinsics": {"fx": 1072.27, "fy": 1073.08, "cx": 626.949, "cy": 506.267}, "camera_to_world_matrix": [-0.519722, -0.551771, -0.652256, 4.78775, -0.854291, 0.327874, 0.403343, 8.01746, -0.00869495, 0.766843, -0.641776, 1.34063, 0.0, 0.0, 0.0, 1.0]}, "0bcfa259c73142ef9d47652dbca1f138_d0_5.png": {"intrinsics": {"fx": 1072.27, "fy": 1073.08, "cx": 626.949, "cy": 506.267}, "camera_to_world_matrix": [-0.999402, 0.0345804, 0.000348628, 4.77502, 0.0224035, 0.63973, 0.768273, 8.01042, 0.0263442, 0.767821, -0.640122, 1.3406, 0.0, 0.0, 0.0, 1.0]}, "0bcfa259c73142ef9d47652dbca1f138_d1_0.png": {"intrinsics": {"fx": 1074.95, "fy": 1075.4, "cx": 636.202, "cy": 512.819}, "camera_to_world_matrix": [-0.483783, 0.0110377, 0.875118, 4.77273, 0.874577, -0.0312465, 0.483878, 8.02221, 0.0326854, 0.999451, 0.00546299, 1.37428, 0.0, 0.0, 0.0, 1.0]}, "0bcfa259c73142ef9d47652dbca1f138_d1_1.png": {"intrinsics": {"fx": 1074.95, "fy": 1075.4, "cx": 636.202, "cy": 512.819}, "camera_to_world_matrix": [0.515937, 0.0134482, 0.856521, 4.7728, 0.856459, -0.0278744, -0.515462, 8.02571, 0.016943, 0.999521, -0.0258995, 1.37439, 0.0, 0.0, 0.0, 1.0]}, "0bcfa259c73142ef9d47652dbca1f138_d1_2.png": {"intrinsics": {"fx": 1074.95, "fy": 1075.4, "cx": 636.202, "cy": 512.819}, "camera_to_world_matrix": [0.999673, 0.0175739, -0.0185647, 4.77586, -0.0180632, -0.0282737, -0.999437, 8.0274, -0.0180888, 0.999446, -0.0279473, 1.37439, 0.0, 0.0, 0.0, 1.0]}, "0bcfa259c73142ef9d47652dbca1f138_d1_3.png": {"intrinsics": {"fx": 1074.95, "fy": 1075.4, "cx": 636.202, "cy": 512.819}, "camera_to_world_matrix": [0.483678, 0.019289, -0.875033, 4.77886, -0.874447, -0.0320451, -0.484061, 8.0256, -0.0373776, 0.9993, 0.00136749, 1.37429, 0.0, 0.0, 0.0, 1.0]}, "0bcfa259c73142ef9d47652dbca1f138_d1_4.png": {"intrinsics": {"fx": 1074.95, "fy": 1075.4, "cx": 636.202, "cy": 512.819}, "camera_to_world_matrix": [-0.516042, 0.0168784, -0.856397, 4.77879, -0.85629, -0.0354172, 0.515279, 8.0221, -0.021634, 0.99923, 0.0327294, 1.37418, 0.0, 0.0, 0.0, 1.0]}, "0bcfa259c73142ef9d47652dbca1f138_d1_5.png": {"intrinsics": {"fx": 1074.95, "fy": 1075.4, "cx": 636.202, "cy": 512.819}, "camera_to_world_matrix": [-0.999744, 0.0127528, 0.0187075, 4.77573, 0.0182509, -0.0350177, 0.99922, 8.0204, 0.0133979, 0.999305, 0.0347757, 1.37417, 0.0, 0.0, 0.0, 1.0]}, "0bcfa259c73142ef9d47652dbca1f138_d2_0.png": {"intrinsics": {"fx": 1067.86, "fy": 1068.47, "cx": 636.653, "cy": 509.034}, "camera_to_world_matrix": [-0.487582, -0.574552, 0.657384, 4.76357, 0.872212, -0.354062, 0.337471, 8.01581, 0.0388597, 0.737923, 0.673765, 1.40748, 0.0, 0.0, 0.0, 1.0]}, "0bcfa259c73142ef9d47652dbca1f138_d2_1.png": {"intrinsics": {"fx": 1067.86, "fy": 1068.47, "cx": 636.653, "cy": 509.034}, "camera_to_world_matrix": [0.512206, -0.567875, 0.644331, 4.76384, 0.858547, 0.318229, -0.402028, 8.03035, 0.0232574, 0.75911, 0.650547, 1.40794, 0.0, 0.0, 0.0, 1.0]}, "0bcfa259c73142ef9d47652dbca1f138_d2_2.png": {"intrinsics": {"fx": 1067.86, "fy": 1068.47, "cx": 636.653, "cy": 509.034}, "camera_to_world_matrix": [0.999835, 0.0179101, -0.00286766, 4.77657, -0.0138052, 0.648866, -0.760777, 8.03739, -0.0117649, 0.760692, 0.649007, 1.40797, 0.0, 0.0, 0.0, 1.0]}, "0bcfa259c73142ef9d47652dbca1f138_d2_3.png": {"intrinsics": {"fx": 1067.86, "fy": 1068.47, "cx": 636.653, "cy": 509.034}, "camera_to_world_matrix": [0.487665, 0.597006, -0.636999, 4.78903, -0.872474, 0.307205, -0.380019, 8.02989, -0.031184, 0.741086, 0.670685, 1.40754, 0.0, 0.0, 0.0, 1.0]}, "0bcfa259c73142ef9d47652dbca1f138_d2_4.png": {"intrinsics": {"fx": 1067.86, "fy": 1068.47, "cx": 636.653, "cy": 509.034}, "camera_to_world_matrix": [-0.512124, 0.590303, -0.623917, 4.78876, -0.85877, -0.365085, 0.35948, 8.01535, -0.0155804, 0.7199, 0.693903, 1.40709, 0.0, 0.0, 0.0, 1.0]}, "0bcfa259c73142ef9d47652dbca1f138_d2_5.png": {"intrinsics": {"fx": 1067.86, "fy": 1068.47, "cx": 636.653, "cy": 509.034}, "camera_to_world_matrix": [-0.999718, 0.00450431, 0.0232958, 4.77603, 0.0136014, -0.6957, 0.718204, 8.00831, 0.0194419, 0.718319, 0.695442, 1.40706, 0.0, 0.0, 0.0, 1.0]}, "0d1904b9dd4e4f929c2f25eed2f0a16c_d0_0.png": {"intrinsics": {"fx": 1072.27, "fy": 1073.08, "cx": 626.949, "cy": 506.267}, "camera_to_world_matrix": [0.769418, 0.437171, 0.465701, 5.94352, 0.638505, -0.506382, -0.579559, 7.17739, -0.0175435, 0.743276, -0.668755, -0.906832, 0.0, 0.0, 0.0, 1.0]}, "0d1904b9dd4e4f929c2f25eed2f0a16c_d0_1.png": {"intrinsics": {"fx": 1072.27, "fy": 1073.08, "cx": 626.949, "cy": 506.267}, "camera_to_world_matrix": [0.937768, -0.218525, -0.269884, 5.95785, -0.347142, -0.610283, -0.712072, 7.1799, -0.0090998, 0.761447, -0.648163, -0.907232, 0.0, 0.0, 0.0, 1.0]}, "0d1904b9dd4e4f929c2f25eed2f0a16c_d0_2.png": {"intrinsics": {"fx": 1072.27, "fy": 1073.08, "cx": 626.949, "cy": 506.267}, "camera_to_world_matrix": [0.168598, -0.636514, -0.752612, 5.96719, -0.985504, -0.0942095, -0.141093, 7.16875, 0.0189043, 0.76549, -0.64317, -0.907327, 0.0, 0.0, 0.0, 1.0]}, "0d1904b9dd4e4f929c2f25eed2f0a16c_d0_3.png": {"intrinsics": {"fx": 1072.27, "fy": 1073.08, "cx": 626.949, "cy": 506.267}, "camera_to_world_matrix": [-0.768906, -0.398797, -0.499745, 5.96221, -0.638204, 0.525753, 0.562387, 7.15508, 0.0384641, 0.751362, -0.658769, -0.907023, 0.0, 0.0, 0.0, 1.0]}, "0d1904b9dd4e4f929c2f25eed2f0a16c_d0_4.png": {"intrinsics": {"fx": 1072.27, "fy": 1073.08, "cx": 626.949, "cy": 506.267}, "camera_to_world_matrix": [-0.937218, 0.256903, 0.235846, 5.94788, 0.34745, 0.629629, 0.694872, 7.15257, 0.0300194, 0.733191, -0.67936, -0.906622, 0.0, 0.0, 0.0, 1.0]}, "0d1904b9dd4e4f929c2f25eed2f0a16c_d0_5.png": {"intrinsics": {"fx": 1072.27, "fy": 1073.08, "cx": 626.949, "cy": 506.267}, "camera_to_world_matrix": [-0.168022, 0.674872, 0.718552, 5.93854, 0.985781, 0.113539, 0.123873, 7.16372, 0.00201498, 0.729148, -0.684353, -0.906527, 0.0, 0.0, 0.0, 1.0]}, "0d1904b9dd4e4f929c2f25eed2f0a16c_d1_0.png": {"intrinsics": {"fx": 1074.95, "fy": 1075.4, "cx": 636.202, "cy": 512.819}, "camera_to_world_matrix": [0.766208, 0.0252553, 0.642096, 5.95147, 0.641877, 0.0170707, -0.766618, 7.16935, -0.0303221, 0.999535, -0.0031313, -0.873668, 0.0, 0.0, 0.0, 1.0]}, "0d1904b9dd4e4f929c2f25eed2f0a16c_d1_1.png": {"intrinsics": {"fx": 1074.95, "fy": 1075.4, "cx": 636.202, "cy": 512.819}, "camera_to_world_matrix": [0.939061, 0.0290254, -0.342522, 5.95492, -0.343044, 0.0153482, -0.939194, 7.16995, -0.0220034, 0.999461, 0.0243697, -0.873764, 0.0, 0.0, 0.0, 1.0]}, "0d1904b9dd4e4f929c2f25eed2f0a16c_d1_2.png": {"intrinsics": {"fx": 1074.95, "fy": 1075.4, "cx": 636.202, "cy": 512.819}, "camera_to_world_matrix": [0.172772, 0.0294201, -0.984522, 5.95716, -0.984944, 0.0112216, -0.17251, 7.16727, 0.00597266, 0.999504, 0.0309157, -0.873787, 0.0, 0.0, 0.0, 1.0]}, "0d1904b9dd4e4f929c2f25eed2f0a16c_d1_3.png": {"intrinsics": {"fx": 1074.95, "fy": 1075.4, "cx": 636.202, "cy": 512.819}, "camera_to_world_matrix": [-0.766353, 0.0260447, -0.641891, 5.95596, -0.641907, 0.00881759, 0.766731, 7.16398, 0.0256293, 0.999622, 0.0099607, -0.873714, 0.0, 0.0, 0.0, 1.0]}, "0d1904b9dd4e4f929c2f25eed2f0a16c_d1_4.png": {"intrinsics": {"fx": 1074.95, "fy": 1075.4, "cx": 636.202, "cy": 512.819}, "camera_to_world_matrix": [-0.939168, 0.0222747, 0.342734, 5.95252, 0.34302, 0.0105402, 0.939269, 7.16338, 0.0173094, 0.999696, -0.0175399, -0.873618, 0.0, 0.0, 0.0, 1.0]}, "0d1904b9dd4e4f929c2f25eed2f0a16c_d1_5.png": {"intrinsics": {"fx": 1074.95, "fy": 1075.4, "cx": 636.202, "cy": 512.819}, "camera_to_world_matrix": [-0.172854, 0.0218801, 0.984704, 5.95027, 0.98489, 0.0146668, 0.17256, 7.16606, -0.0106668, 0.999653, -0.0240849, -0.873595, 0.0, 0.0, 0.0, 1.0]}, "0d1904b9dd4e4f929c2f25eed2f0a16c_d2_0.png": {"intrinsics": {"fx": 1067.86, "fy": 1068.47, "cx": 636.653, "cy": 509.034}, "camera_to_world_matrix": [0.763495, -0.417323, 0.492866, 5.94523, 0.645364, 0.521512, -0.558149, 7.17825, -0.0241073, 0.744222, 0.667497, -0.84036, 0.0, 0.0, 0.0, 1.0]}, "0d1904b9dd4e4f929c2f25eed2f0a16c_d2_1.png": {"intrinsics": {"fx": 1067.86, "fy": 1068.47, "cx": 636.653, "cy": 509.034}, "camera_to_world_matrix": [0.940733, 0.24395, -0.235603, 5.95956, -0.338774, 0.643338, -0.686549, 7.18076, -0.0159112, 0.725675, 0.687853, -0.84076, 0.0, 0.0, 0.0, 1.0]}, "0d1904b9dd4e4f929c2f25eed2f0a16c_d2_2.png": {"intrinsics": {"fx": 1067.86, "fy": 1068.47, "cx": 636.653, "cy": 509.034}, "camera_to_world_matrix": [0.177316, 0.680249, -0.711211, 5.9689, -0.98408, 0.131389, -0.119677, 7.16961, 0.0120352, 0.721109, 0.692717, -0.840855, 0.0, 0.0, 0.0, 1.0]}, "0d1904b9dd4e4f929c2f25eed2f0a16c_d2_3.png": {"intrinsics": {"fx": 1067.86, "fy": 1068.47, "cx": 636.653, "cy": 509.034}, "camera_to_world_matrix": [-0.763323, 0.455264, -0.458338, 5.96391, -0.645235, -0.502373, 0.575581, 7.15594, 0.0317849, 0.735089, 0.677224, -0.84055, 0.0, 0.0, 0.0, 1.0]}, "0d1904b9dd4e4f929c2f25eed2f0a16c_d2_4.png": {"intrinsics": {"fx": 1067.86, "fy": 1068.47, "cx": 636.653, "cy": 509.034}, "camera_to_world_matrix": [-0.940523, -0.206015, 0.270137, 5.94958, 0.33891, -0.624172, 0.703952, 7.15343, 0.0235878, 0.753636, 0.656869, -0.84015, 0.0, 0.0, 0.0, 1.0]}, "0d1904b9dd4e4f929c2f25eed2f0a16c_d2_5.png": {"intrinsics": {"fx": 1067.86, "fy": 1068.47, "cx": 636.653, "cy": 509.034}, "camera_to_world_matrix": [-0.177081, -0.642293, 0.745723, 5.94024, 0.984187, -0.112207, 0.137062, 7.16459, -0.0043589, 0.758201, 0.652006, -0.840055, 0.0, 0.0, 0.0, 1.0]}, "0da0d50a60f04d9eb2546255820d0904_d0_0.png": {"intrinsics": {"fx": 1072.27, "fy": 1073.08, "cx": 626.949, "cy": 506.267}, "camera_to_world_matrix": [0.544361, -0.580883, -0.605183, 6.37949, -0.838799, -0.368897, -0.400414, 8.61923, 0.00934302, 0.725596, -0.688057, 4.43878, 0.0, 0.0, 0.0, 1.0]}, "0da0d50a60f04d9eb2546255820d0904_d0_1.png": {"intrinsics": {"fx": 1072.27, "fy": 1073.08, "cx": 626.949, "cy": 506.267}, "camera_to_world_matrix": [-0.453855, -0.60799, -0.651433, 6.38032, -0.890887, 0.294572, 0.345756, 8.60471, -0.0183219, 0.737276, -0.675343, 4.43854, 0.0, 0.0, 0.0, 1.0]}, "0da0d50a60f04d9eb2546255820d0904_d0_2.png": {"intrinsics": {"fx": 1072.27, "fy": 1073.08, "cx": 626.949, "cy": 506.267}, "camera_to_world_matrix": [-0.998485, -0.0470736, -0.0284889, 6.36816, -0.0522639, 0.649492, 0.75857, 8.59673, -0.0172053, 0.75891, -0.650968, 4.43806, 0.0, 0.0, 0.0, 1.0]}, "0da0d50a60f04d9eb2546255820d0904_d0_3.png": {"intrinsics": {"fx": 1072.27, "fy": 1073.08, "cx": 626.949, "cy": 506.267}, "camera_to_world_matrix": [-0.544888, 0.540937, 0.640691, 6.35517, 0.838429, 0.340934, 0.425206, 8.60328, 0.0115761, 0.768864, -0.639308, 4.43784, 0.0, 0.0, 0.0, 1.0]}, "0da0d50a60f04d9eb2546255820d0904_d0_4.png": {"intrinsics": {"fx": 1072.27, "fy": 1073.08, "cx": 626.949, "cy": 506.267}, "camera_to_world_matrix": [0.45333, 0.568018, 0.686912, 6.35434, 0.890479, -0.322536, -0.320965, 8.61781, 0.0392403, 0.757183, -0.652023, 4.43809, 0.0, 0.0, 0.0, 1.0]}, "0da0d50a60f04d9eb2546255820d0904_d0_5.png": {"intrinsics": {"fx": 1072.27, "fy": 1073.08, "cx": 626.949, "cy": 506.267}, "camera_to_world_matrix": [0.997928, 0.00708754, 0.0639517, 6.3665, 0.0518336, -0.677434, -0.733755, 8.62578, 0.0381225, 0.735549, -0.676398, 4.43856, 0.0, 0.0, 0.0, 1.0]}, "0da0d50a60f04d9eb2546255820d0904_d1_0.png": {"intrinsics": {"fx": 1074.95, "fy": 1075.4, "cx": 636.202, "cy": 512.819}, "camera_to_world_matrix": [0.54855, -0.0225811, -0.835813, 6.36936, -0.836111, -0.0187762, -0.548239, 8.61256, -0.00331352, 0.999569, -0.0291802, 4.47166, 0.0, 0.0, 0.0, 1.0]}, "0da0d50a60f04d9eb2546255820d0904_d1_1.png": {"intrinsics": {"fx": 1074.95, "fy": 1075.4, "cx": 636.202, "cy": 512.819}, "camera_to_world_matrix": [-0.449467, -0.0247288, -0.892955, 6.36956, -0.892757, -0.02232, 0.449986, 8.60906, -0.0310583, 0.999445, -0.0120449, 4.4716, 0.0, 0.0, 0.0, 1.0]}, "0da0d50a60f04d9eb2546255820d0904_d1_2.png": {"intrinsics": {"fx": 1074.95, "fy": 1075.4, "cx": 636.202, "cy": 512.819}, "camera_to_world_matrix": [-0.997944, -0.028872, -0.0572132, 6.36664, -0.056582, -0.0222301, 0.99815, 8.60714, -0.0300904, 0.999336, 0.0205505, 4.47148, 0.0, 0.0, 0.0, 1.0]}, "0da0d50a60f04d9eb2546255820d0904_d1_3.png": {"intrinsics": {"fx": 1074.95, "fy": 1075.4, "cx": 636.202, "cy": 512.819}, "camera_to_world_matrix": [-0.548392, -0.0308675, 0.835651, 6.36351, 0.83622, -0.0185963, 0.548079, 8.60872, -0.00137774, 0.99935, 0.0360099, 4.47143, 0.0, 0.0, 0.0, 1.0]}, "0da0d50a60f04d9eb2546255820d0904_d1_4.png": {"intrinsics": {"fx": 1074.95, "fy": 1075.4, "cx": 636.202, "cy": 512.819}, "camera_to_world_matrix": [0.449627, -0.0287197, 0.892754, 6.36331, 0.892827, -0.0150526, -0.450148, 8.61221, 0.0263664, 0.999474, 0.0188734, 4.47149, 0.0, 0.0, 0.0, 1.0]}, "0da0d50a60f04d9eb2546255820d0904_d1_5.png": {"intrinsics": {"fx": 1074.95, "fy": 1075.4, "cx": 636.202, "cy": 512.819}, "camera_to_world_matrix": [0.998072, -0.0245764, 0.0569915, 6.36624, 0.0566306, -0.0151427, -0.99828, 8.61413, 0.0253972, 0.999583, -0.0137219, 4.4716, 0.0, 0.0, 0.0, 1.0]}, "0da0d50a60f04d9eb2546255820d0904_d2_0.png": {"intrinsics": {"fx": 1067.86, "fy": 1068.47, "cx": 636.653, "cy": 509.034}, "camera_to_world_matrix": [0.552102, 0.539155, -0.636, 6.37771, -0.833771, 0.359769, -0.418798, 8.61799, 0.00301627, 0.761497, 0.648161, 4.50525, 0.0, 0.0, 0.0, 1.0]}, "0da0d50a60f04d9eb2546255820d0904_d2_1.png": {"intrinsics": {"fx": 1067.86, "fy": 1068.47, "cx": 636.653, "cy": 509.034}, "camera_to_world_matrix": [-0.445647, 0.583413, -0.678991, 6.37854, -0.894865, -0.311335, 0.319823, 8.60347, -0.0248045, 0.750133, 0.660821, 4.505, 0.0, 0.0, 0.0, 1.0]}, "0da0d50a60f04d9eb2546255820d0904_d2_2.png": {"intrinsics": {"fx": 1067.86, "fy": 1068.47, "cx": 636.653, "cy": 509.034}, "camera_to_world_matrix": [-0.997841, 0.0244691, -0.060952, 6.36638, -0.0611454, -0.684924, 0.726044, 8.59549, -0.0239819, 0.728203, 0.684941, 4.50453, 0.0, 0.0, 0.0, 1.0]}, "0da0d50a60f04d9eb2546255820d0904_d2_3.png": {"intrinsics": {"fx": 1067.86, "fy": 1068.47, "cx": 636.653, "cy": 509.034}, "camera_to_world_matrix": [-0.552274, -0.57872, 0.600064, 6.35339, 0.833649, -0.387402, 0.393635, 8.60204, 0.00466149, 0.717637, 0.696401, 4.5043, 0.0, 0.0, 0.0, 1.0]}, "0da0d50a60f04d9eb2546255820d0904_d2_4.png": {"intrinsics": {"fx": 1067.86, "fy": 1068.47, "cx": 636.653, "cy": 509.034}, "camera_to_world_matrix": [0.445476, -0.622952, 0.643026, 6.35256, 0.894704, 0.283704, -0.344988, 8.61656, 0.0324816, 0.729002, 0.68374, 4.50455, 0.0, 0.0, 0.0, 1.0]}, "0da0d50a60f04d9eb2546255820d0904_d2_5.png": {"intrinsics": {"fx": 1067.86, "fy": 1068.47, "cx": 636.653, "cy": 509.034}, "camera_to_world_matrix": [0.997638, -0.063993, 0.0249712, 6.36472, 0.0609627, 0.657272, -0.751184, 8.62454, 0.0316577, 0.750932, 0.65962, 4.50502, 0.0, 0.0, 0.0, 1.0]}, "1014452162e4495688f3cdf1c63f384e_d0_0.png": {"intrinsics": {"fx": 1072.27, "fy": 1073.08, "cx": 626.949, "cy": 506.267}, "camera_to_world_matrix": [0.906707, -0.281695, -0.313895, -0.137882, -0.421494, -0.578721, -0.698158, 6.4114, 0.0150097, 0.765329, -0.643464, 1.35943, 0.0, 0.0, 0.0, 1.0]}, "1014452162e4495688f3cdf1c63f384e_d0_1.png": {"intrinsics": {"fx": 1072.27, "fy": 1073.08, "cx": 626.949, "cy": 506.267}, "camera_to_world_matrix": [0.0881473, -0.656688, -0.748993, -0.129471, -0.995448, -0.030721, -0.0902171, 6.39953, 0.0362346, 0.753537, -0.656407, 1.35968, 0.0, 0.0, 0.0, 1.0]}, "1014452162e4495688f3cdf1c63f384e_d0_2.png": {"intrinsics": {"fx": 1072.27, "fy": 1073.08, "cx": 626.949, "cy": 506.267}, "camera_to_world_matrix": [-0.818485, -0.369503, -0.439944, -0.135547, -0.573654, 0.567831, 0.59033, 6.38632, 0.0316849, 0.735552, -0.676727, 1.36008, 0.0, 0.0, 0.0, 1.0]}, "1014452162e4495688f3cdf1c63f384e_d0_3.png": {"intrinsics": {"fx": 1072.27, "fy": 1073.08, "cx": 626.949, "cy": 506.267}, "camera_to_world_matrix": [-0.906537, 0.292668, 0.304197, -0.150034, 0.422085, 0.618368, 0.662922, 6.38497, 0.00591034, 0.72936, -0.684105, 1.36022, 0.0, 0.0, 0.0, 1.0]}, "1014452162e4495688f3cdf1c63f384e_d0_4.png": {"intrinsics": {"fx": 1072.27, "fy": 1073.08, "cx": 626.949, "cy": 506.267}, "camera_to_world_matrix": [-0.0879552, 0.667639, 0.739271, -0.158445, 0.996007, 0.0703532, 0.0549641, 6.39684, -0.0153139, 0.741153, -0.671161, 1.35997, 0.0, 0.0, 0.0, 1.0]}, "1014452162e4495688f3cdf1c63f384e_d0_5.png": {"intrinsics": {"fx": 1072.27, "fy": 1073.08, "cx": 626.949, "cy": 506.267}, "camera_to_world_matrix": [0.818661, 0.380431, 0.430195, -0.152368, 0.574177, -0.528187, -0.625571, 6.41006, -0.0107631, 0.759138, -0.65084, 1.35957, 0.0, 0.0, 0.0, 1.0]}, "1014452162e4495688f3cdf1c63f384e_d1_0.png": {"intrinsics": {"fx": 1074.95, "fy": 1075.4, "cx": 636.202, "cy": 512.819}, "camera_to_world_matrix": [0.908575, 0.0108826, -0.41758, -0.142253, -0.417717, 0.0286452, -0.908125, 6.40225, 0.0020789, 0.99953, 0.0305719, 1.39297, 0.0, 0.0, 0.0, 1.0]}, "1014452162e4495688f3cdf1c63f384e_d1_1.png": {"intrinsics": {"fx": 1074.95, "fy": 1075.4, "cx": 636.202, "cy": 512.819}, "camera_to_world_matrix": [0.0926018, 0.0109423, -0.995643, -0.140229, -0.995428, 0.0245014, -0.0923123, 6.39939, 0.0233846, 0.99964, 0.0131609, 1.39303, 0.0, 0.0, 0.0, 1.0]}, "1014452162e4495688f3cdf1c63f384e_d1_2.png": {"intrinsics": {"fx": 1074.95, "fy": 1075.4, "cx": 636.202, "cy": 512.819}, "camera_to_world_matrix": [-0.815992, 0.00738228, -0.578015, -0.141691, -0.577752, 0.0223786, 0.815906, 6.39622, 0.0189585, 0.999722, -0.0139959, 1.39312, 0.0, 0.0, 0.0, 1.0]}, "1014452162e4495688f3cdf1c63f384e_d1_3.png": {"intrinsics": {"fx": 1074.95, "fy": 1075.4, "cx": 636.202, "cy": 512.819}, "camera_to_world_matrix": [-0.908593, 0.00376275, 0.417666, -0.145176, 0.417628, 0.0243997, 0.90829, 6.39589, -0.00677321, 0.999695, -0.023741, 1.39316, 0.0, 0.0, 0.0, 1.0]}, "1014452162e4495688f3cdf1c63f384e_d1_4.png": {"intrinsics": {"fx": 1074.95, "fy": 1075.4, "cx": 636.202, "cy": 512.819}, "camera_to_world_matrix": [-0.0925973, 0.00370329, 0.995697, -0.147199, 0.995307, 0.0285435, 0.0924547, 6.39875, -0.0280782, 0.999586, -0.00632917, 1.3931, 0.0, 0.0, 0.0, 1.0]}, "1014452162e4495688f3cdf1c63f384e_d1_5.png": {"intrinsics": {"fx": 1074.95, "fy": 1075.4, "cx": 636.202, "cy": 512.819}, "camera_to_world_matrix": [0.815981, 0.00726336, 0.578033, -0.145737, 0.577595, 0.0306661, -0.815747, 6.40193, -0.0236511, 0.999503, 0.0208275, 1.393, 0.0, 0.0, 0.0, 1.0]}, "1014452162e4495688f3cdf1c63f384e_d2_0.png": {"intrinsics": {"fx": 1067.86, "fy": 1068.47, "cx": 636.653, "cy": 509.034}, "camera_to_world_matrix": [0.910468, 0.281011, -0.303448, -0.137395, -0.413499, 0.632954, -0.654513, 6.41317, 0.00814328, 0.721389, 0.692483, 1.4259, 0.0, 0.0, 0.0, 1.0]}, "1014452162e4495688f3cdf1c63f384e_d2_1.png": {"intrinsics": {"fx": 1067.86, "fy": 1068.47, "cx": 636.653, "cy": 509.034}, "camera_to_world_matrix": [0.0970829, 0.674593, -0.731778, -0.128984, -0.994838, 0.0875855, -0.0512412, 6.4013, 0.0295262, 0.732975, 0.679614, 1.42616, 0.0, 0.0, 0.0, 1.0]}, "1014452162e4495688f3cdf1c63f384e_d2_2.png": {"intrinsics": {"fx": 1067.86, "fy": 1068.47, "cx": 636.653, "cy": 509.034}, "camera_to_world_matrix": [-0.813359, 0.398985, -0.423388, -0.13506, -0.581215, -0.525745, 0.621113, 6.38808, 0.0252212, 0.751268, 0.659515, 1.42655, 0.0, 0.0, 0.0, 1.0]}, "1014452162e4495688f3cdf1c63f384e_d2_3.png": {"intrinsics": {"fx": 1067.86, "fy": 1068.47, "cx": 636.653, "cy": 509.034}, "camera_to_world_matrix": [-0.910396, -0.270198, 0.313325, -0.149547, 0.413738, -0.593692, 0.690181, 6.38674, -0.000466667, 0.757973, 0.652286, 1.42669, 0.0, 0.0, 0.0, 1.0]}, "1014452162e4495688f3cdf1c63f384e_d2_4.png": {"intrinsics": {"fx": 1067.86, "fy": 1068.47, "cx": 636.653, "cy": 509.034}, "camera_to_world_matrix": [-0.0969878, -0.663759, 0.741632, -0.157958, 0.995046, -0.048308, 0.0868926, 6.39861, -0.021849, 0.746385, 0.665155, 1.42644, 0.0, 0.0, 0.0, 1.0]}, "1014452162e4495688f3cdf1c63f384e_d2_5.png": {"intrinsics": {"fx": 1067.86, "fy": 1068.47, "cx": 636.653, "cy": 509.034}, "camera_to_world_matrix": [0.813438, -0.388127, 0.433216, -0.151881, 0.581387, 0.565011, -0.58545, 6.41182, -0.0175429, 0.728093, 0.685254, 1.42605, 0.0, 0.0, 0.0, 1.0]}, "18aadb04625d4496879579b5c0ca4d7f_d0_0.png": {"intrinsics": {"fx": 1072.27, "fy": 1073.08, "cx": 626.949, "cy": 506.267}, "camera_to_world_matrix": [-0.326714, -0.628419, -0.705937, 2.39966, -0.945123, 0.217894, 0.243444, 9.2749, 0.000834278, 0.746734, -0.665122, -0.903897, 0.0, 0.0, 0.0, 1.0]}, "18aadb04625d4496879579b5c0ca4d7f_d0_1.png": {"intrinsics": {"fx": 1072.27, "fy": 1073.08, "cx": 626.949, "cy": 506.267}, "camera_to_world_matrix": [-0.981838, -0.121592, -0.145633, 2.38871, -0.189668, 0.647025, 0.738502, 9.26532, 0.00443175, 0.752711, -0.658336, -0.904029, 0.0, 0.0, 0.0, 1.0]}, "18aadb04625d4496879579b5c0ca4d7f_d0_2.png": {"intrinsics": {"fx": 1072.27, "fy": 1073.08, "cx": 626.949, "cy": 506.267}, "camera_to_world_matrix": [-0.655149, 0.503484, 0.563279, 2.37494, 0.755369, 0.422655, 0.50078, 9.27001, 0.0140616, 0.753569, -0.657218, -0.90405, 0.0, 0.0, 0.0, 1.0]}, "18aadb04625d4496879579b5c0ca4d7f_d0_3.png": {"intrinsics": {"fx": 1072.27, "fy": 1073.08, "cx": 626.949, "cy": 506.267}, "camera_to_world_matrix": [0.326657, 0.621719, 0.711871, 2.37211, 0.944929, -0.230841, -0.231994, 9.28429, 0.0200938, 0.74845, -0.662886, -0.90394, 0.0, 0.0, 0.0, 1.0]}, "18aadb04625d4496879579b5c0ca4d7f_d0_4.png": {"intrinsics": {"fx": 1072.27, "fy": 1073.08, "cx": 626.949, "cy": 506.267}, "camera_to_world_matrix": [0.981752, 0.114876, 0.151547, 2.38306, 0.189449, -0.659952, -0.72703, 9.29387, 0.016496, 0.742473, -0.669672, -0.903808, 0.0, 0.0, 0.0, 1.0]}, "18aadb04625d4496879579b5c0ca4d7f_d0_5.png": {"intrinsics": {"fx": 1072.27, "fy": 1073.08, "cx": 626.949, "cy": 506.267}, "camera_to_world_matrix": [0.655026, -0.510192, -0.557356, 2.39683, -0.755575, -0.435558, -0.48928, 9.28918, 0.00686609, 0.741615, -0.67079, -0.903787, 0.0, 0.0, 0.0, 1.0]}, "18aadb04625d4496879579b5c0ca4d7f_d1_0.png": {"intrinsics": {"fx": 1074.95, "fy": 1075.4, "cx": 636.202, "cy": 512.819}, "camera_to_world_matrix": [-0.322358, -0.00199735, -0.946616, 2.38905, -0.946542, -0.0119661, 0.322358, 9.27818, -0.0119711, 0.999926, 0.00196658, -0.870665, 0.0, 0.0, 0.0, 1.0]}, "18aadb04625d4496879579b5c0ca4d7f_d1_1.png": {"intrinsics": {"fx": 1074.95, "fy": 1075.4, "cx": 636.202, "cy": 512.819}, "camera_to_world_matrix": [-0.980956, -0.00611463, -0.194131, 2.38642, -0.194045, -0.0124498, 0.980914, 9.27587, -0.00841476, 0.999904, 0.0110259, -0.870697, 0.0, 0.0, 0.0, 1.0]}, "18aadb04625d4496879579b5c0ca4d7f_d1_2.png": {"intrinsics": {"fx": 1074.95, "fy": 1075.4, "cx": 636.202, "cy": 512.819}, "camera_to_world_matrix": [-0.658566, -0.00859224, 0.752474, 2.3831, 0.752522, -0.00912598, 0.658504, 9.277, 0.00120908, 0.999921, 0.0124757, -0.870702, 0.0, 0.0, 0.0, 1.0]}, "18aadb04625d4496879579b5c0ca4d7f_d1_3.png": {"intrinsics": {"fx": 1074.95, "fy": 1075.4, "cx": 636.202, "cy": 512.819}, "camera_to_world_matrix": [0.322416, -0.00695253, 0.946572, 2.38242, 0.94657, -0.00531