{"03559d70651f4463a4723bb1cd1f1130_d0_0.png": {"intrinsics": {"fx": 1074.7, "fy": 1076.26, "cx": 640.251, "cy": 525.831}, "camera_to_world_matrix": [0.510169, -0.581881, -0.633358, -8.09222, -0.859893, -0.329996, -0.389468, -31.2425, 0.0176185, 0.743315, -0.668709, 1.47668, 0.0, 0.0, 0.0, 1.0]}, "03559d70651f4463a4723bb1cd1f1130_d0_1.png": {"intrinsics": {"fx": 1074.7, "fy": 1076.26, "cx": 640.251, "cy": 525.831}, "camera_to_world_matrix": [-0.489749, -0.585809, -0.645735, -8.09199, -0.87176, 0.340464, 0.352305, -31.257, 0.0134663, 0.735467, -0.677427, 1.47686, 0.0, 0.0, 0.0, 1.0]}, "03559d70651f4463a4723bb1cd1f1130_d0_2.png": {"intrinsics": {"fx": 1074.7, "fy": 1076.26, "cx": 640.251, "cy": 525.831}, "camera_to_world_matrix": [-0.99993, -0.00709851, -0.00948581, -8.10447, -0.0117836, 0.679118, 0.733934, -31.2645, 0.00123214, 0.733995, -0.679154, 1.47689, 0.0, 0.0, 0.0, 1.0]}, "03559d70651f4463a4723bb1cd1f1130_d0_3.png": {"intrinsics": {"fx": 1074.7, "fy": 1076.26, "cx": 640.251, "cy": 525.831}, "camera_to_world_matrix": [-0.510182, 0.575527, 0.639127, -8.11718, 0.860039, 0.347304, 0.373782, -31.2574, -0.00684955, 0.74037, -0.672164, 1.47675, 0.0, 0.0, 0.0, 1.0]}, "03559d70651f4463a4723bb1cd1f1130_d0_4.png": {"intrinsics": {"fx": 1074.7, "fy": 1076.26, "cx": 640.251, "cy": 525.831}, "camera_to_world_matrix": [0.489736, 0.579429, 0.651475, -8.11741, 0.871866, -0.323157, -0.367993, -31.2429, -0.00269693, 0.748218, -0.663447, 1.47658, 0.0, 0.0, 0.0, 1.0]}, "03559d70651f4463a4723bb1cd1f1130_d0_5.png": {"intrinsics": {"fx": 1074.7, "fy": 1076.26, "cx": 640.251, "cy": 525.831}, "camera_to_world_matrix": [0.999884, 0.000705502, 0.0152106, -8.10493, 0.0118702, -0.661788, -0.749597, -31.2354, 0.00953735, 0.74969, -0.66172, 1.47655, 0.0, 0.0, 0.0, 1.0]}, "03559d70651f4463a4723bb1cd1f1130_d1_0.png": {"intrinsics": {"fx": 1075.91, "fy": 1076.32, "cx": 614.721, "cy": 517.294}, "camera_to_world_matrix": [0.513718, -0.00683683, -0.857932, -8.10184, -0.857881, 0.00943572, -0.513762, -31.2478, 0.0116078, 0.999932, -0.00101801, 1.50996, 0.0, 0.0, 0.0, 1.0]}, "03559d70651f4463a4723bb1cd1f1130_d1_1.png": {"intrinsics": {"fx": 1075.91, "fy": 1076.32, "cx": 614.721, "cy": 517.294}, "camera_to_world_matrix": [-0.486158, -0.00750694, -0.873839, -8.10178, -0.873839, 0.0127623, 0.486048, -31.2513, 0.00750354, 0.99989, -0.0127645, 1.51, 0.0, 0.0, 0.0, 1.0]}, "03559d70651f4463a4723bb1cd1f1130_d1_2.png": {"intrinsics": {"fx": 1075.91, "fy": 1076.32, "cx": 614.721, "cy": 517.294}, "camera_to_world_matrix": [-0.999862, -0.00496083, -0.0158727, -8.10479, -0.0159458, 0.0150061, 0.99976, -31.2531, -0.0047214, 0.999875, -0.0150832, 1.51001, 0.0, 0.0, 0.0, 1.0]}, "03559d70651f4463a4723bb1cd1f1130_d1_3.png": {"intrinsics": {"fx": 1075.91, "fy": 1076.32, "cx": 614.721, "cy": 517.294}, "camera_to_world_matrix": [-0.513679, -0.00174466, 0.857981, -8.10785, 0.857886, 0.0139231, 0.513651, -31.2514, -0.0128419, 0.999901, -0.00565541, 1.50997, 0.0, 0.0, 0.0, 1.0]}, "03559d70651f4463a4723bb1cd1f1130_d1_4.png": {"intrinsics": {"fx": 1075.91, "fy": 1076.32, "cx": 614.721, "cy": 517.294}, "camera_to_world_matrix": [0.486197, -0.00107467, 0.873849, -8.1079, 0.873805, 0.0105965, -0.48616, -31.2479, -0.0087372, 0.999943, 0.00609091, 1.50993, 0.0, 0.0, 0.0, 1.0]}, "03559d70651f4463a4723bb1cd1f1130_d1_5.png": {"intrinsics": {"fx": 1075.91, "fy": 1076.32, "cx": 614.721, "cy": 517.294}, "camera_to_world_matrix": [0.999868, -0.00362088, 0.0158622, -8.1049, 0.0158921, 0.00835284, -0.999839, -31.2461, 0.00348785, 0.999958, 0.00840916, 1.50992, 0.0, 0.0, 0.0, 1.0]}, "03559d70651f4463a4723bb1cd1f1130_d2_0.png": {"intrinsics": {"fx": 1075.73, "fy": 1075.78, "cx": 635.848, "cy": 530.836}, "camera_to_world_matrix": [0.514332, 0.566504, -0.643845, -8.0925, -0.857403, 0.355366, -0.372255, -31.2417, 0.0179173, 0.743497, 0.668498, 1.54318, 0.0, 0.0, 0.0, 1.0]}, "03559d70651f4463a4723bb1cd1f1130_d2_1.png": {"intrinsics": {"fx": 1075.73, "fy": 1075.78, "cx": 635.848, "cy": 530.836}, "camera_to_world_matrix": [-0.485514, 0.581861, -0.652467, -8.09227, -0.874119, -0.311304, 0.372834, -31.2563, 0.013822, 0.75135, 0.659758, 1.54335, 0.0, 0.0, 0.0, 1.0]}, "03559d70651f4463a4723bb1cd1f1130_d2_2.png": {"intrinsics": {"fx": 1075.73, "fy": 1075.78, "cx": 635.848, "cy": 530.836}, "camera_to_world_matrix": [-0.99986, 0.012147, -0.011469, -8.10475, -0.0166294, -0.65796, 0.752869, -31.2637, 0.00159903, 0.752955, 0.65807, 1.54338, 0.0, 0.0, 0.0, 1.0]}, "03559d70651f4463a4723bb1cd1f1130_d2_3.png": {"intrinsics": {"fx": 1075.73, "fy": 1075.78, "cx": 635.848, "cy": 530.836}, "camera_to_world_matrix": [-0.514348, -0.572912, 0.638137, -8.11747, 0.857557, -0.337938, 0.387807, -31.2567, -0.00652845, 0.746706, 0.665121, 1.54325, 0.0, 0.0, 0.0, 1.0]}, "03559d70651f4463a4723bb1cd1f1130_d2_4.png": {"intrinsics": {"fx": 1075.73, "fy": 1075.78, "cx": 635.848, "cy": 530.836}, "camera_to_world_matrix": [0.4855, -0.588243, 0.64673, -8.1177, 0.874233, 0.328733, -0.357282, -31.2421, -0.00243278, 0.738853, 0.673861, 1.54308, 0.0, 0.0, 0.0, 1.0]}, "03559d70651f4463a4723bb1cd1f1130_d2_5.png": {"intrinsics": {"fx": 1075.73, "fy": 1075.78, "cx": 635.848, "cy": 530.836}, "camera_to_world_matrix": [0.999812, -0.0185155, 0.00571697, -8.10522, 0.0167232, 0.675367, -0.737292, -31.2346, 0.00979036, 0.737249, 0.675549, 1.54304, 0.0, 0.0, 0.0, 1.0]}, "0515b61e017f4a32b6029acbc802c759_d0_0.png": {"intrinsics": {"fx": 1074.7, "fy": 1076.26, "cx": 640.251, "cy": 525.831}, "camera_to_world_matrix": [0.287995, -0.649911, -0.703331, -6.29349, -0.957598, -0.189316, -0.217173, -18.4431, 0.00799143, 0.736053, -0.676877, 1.45963, 0.0, 0.0, 0.0, 1.0]}, "0515b61e017f4a32b6029acbc802c759_d0_1.png": {"intrinsics": {"fx": 1074.7, "fy": 1076.26, "cx": 640.251, "cy": 525.831}, "camera_to_world_matrix": [-0.685307, -0.492251, -0.536696, -6.29677, -0.728253, 0.462401, 0.505798, -18.4573, -0.000811274, 0.737478, -0.675371, 1.4596, 0.0, 0.0, 0.0, 1.0]}, "0515b61e017f4a32b6029acbc802c759_d0_2.png": {"intrinsics": {"fx": 1074.7, "fy": 1076.26, "cx": 640.251, "cy": 525.831}, "camera_to_world_matrix": [-0.973335, 0.150962, 0.172711, -6.31068, 0.229362, 0.651708, 0.722959, -18.4615, -0.00341783, 0.743294, -0.668956, 1.45947, 0.0, 0.0, 0.0, 1.0]}, "0515b61e017f4a32b6029acbc802c759_d0_3.png": {"intrinsics": {"fx": 1074.7, "fy": 1076.26, "cx": 640.251, "cy": 525.831}, "camera_to_world_matrix": [-0.288055, 0.6365, 0.715466, -6.32132, 0.95761, 0.189294, 0.217143, -18.4516, 0.00277835, 0.747686, -0.664046, 1.45938, 0.0, 0.0, 0.0, 1.0]}, "0515b61e017f4a32b6029acbc802c759_d0_4.png": {"intrinsics": {"fx": 1074.7, "fy": 1076.26, "cx": 640.251, "cy": 525.831}, "camera_to_world_matrix": [0.685238, 0.478815, 0.548803, -6.31804, 0.728227, -0.462417, -0.505822, -18.4374, 0.0115809, 0.746261, -0.665552, 1.45941, 0.0, 0.0, 0.0, 1.0]}, "0515b61e017f4a32b6029acbc802c759_d0_5.png": {"intrinsics": {"fx": 1074.7, "fy": 1076.26, "cx": 640.251, "cy": 525.831}, "camera_to_world_matrix": [0.973229, -0.164406, -0.160612, -6.30412, -0.2294, -0.651699, -0.722955, -18.4332, 0.0141872, 0.740445, -0.671968, 1.45953, 0.0, 0.0, 0.0, 1.0]}, "0515b61e017f4a32b6029acbc802c759_d1_0.png": {"intrinsics": {"fx": 1075.91, "fy": 1076.32, "cx": 614.721, "cy": 517.294}, "camera_to_world_matrix": [0.29197, -0.0120547, -0.956352, -6.30436, -0.956425, -0.00156276, -0.291972, -18.4463, 0.00202513, 0.999926, -0.0119858, 1.49278, 0.0, 0.0, 0.0, 1.0]}, "0515b61e017f4a32b6029acbc802c759_d1_1.png": {"intrinsics": {"fx": 1075.91, "fy": 1076.32, "cx": 614.721, "cy": 517.294}, "camera_to_world_matrix": [-0.682277, -0.0119039, -0.730997, -6.30515, -0.731062, 0.00182759, 0.682308, -18.4497, -0.00678608, 0.999927, -0.0099495, 1.49277, 0.0, 0.0, 0.0, 1.0]}, "0515b61e017f4a32b6029acbc802c759_d1_2.png": {"intrinsics": {"fx": 1075.91, "fy": 1076.32, "cx": 614.721, "cy": 517.294}, "camera_to_world_matrix": [-0.974225, -0.00889241, 0.225401, -6.30849, 0.225379, 0.00339211, 0.974265, -18.4508, -0.00942811, 0.999955, -0.00130063, 1.49274, 0.0, 0.0, 0.0, 1.0]}, "0515b61e017f4a32b6029acbc802c759_d1_3.png": {"intrinsics": {"fx": 1075.91, "fy": 1076.32, "cx": 614.721, "cy": 517.294}, "camera_to_world_matrix": [-0.291921, -0.00603186, 0.956423, -6.31105, 0.956437, 0.00156624, 0.291935, -18.4484, -0.00325886, 0.99998, 0.00531176, 1.49272, 0.0, 0.0, 0.0, 1.0]}, "0515b61e017f4a32b6029acbc802c759_d1_4.png": {"intrinsics": {"fx": 1075.91, "fy": 1076.32, "cx": 614.721, "cy": 517.294}, "camera_to_world_matrix": [0.682316, -0.00618281, 0.731031, -6.31026, 0.731036, -0.0018241, -0.682337, -18.445, 0.00555228, 0.999979, 0.00327512, 1.49273, 0.0, 0.0, 0.0, 1.0]}, "0515b61e017f4a32b6029acbc802c759_d1_5.png": {"intrinsics": {"fx": 1075.91, "fy": 1076.32, "cx": 614.721, "cy": 517.294}, "camera_to_world_matrix": [0.974228, -0.00919431, -0.225379, -6.30692, -0.225418, -0.00338851, -0.974256, -18.4439, 0.00819396, 0.999952, -0.00537385, 1.49276, 0.0, 0.0, 0.0, 1.0]}, "0515b61e017f4a32b6029acbc802c759_d2_0.png": {"intrinsics": {"fx": 1075.73, "fy": 1075.78, "cx": 635.848, "cy": 530.836}, "camera_to_world_matrix": [0.292632, 0.629659, -0.719649, -6.29409, -0.956188, 0.199253, -0.21448, -18.4431, 0.00834333, 0.750884, 0.660381, 1.52613, 0.0, 0.0, 0.0, 1.0]}, "0515b61e017f4a32b6029acbc802c759_d2_1.png": {"intrinsics": {"fx": 1075.73, "fy": 1075.78, "cx": 635.848, "cy": 530.836}, "camera_to_world_matrix": [-0.681769, 0.484004, -0.548572, -6.29737, -0.731567, -0.451539, 0.510805, -18.4573, -0.00046925, 0.749568, 0.661927, 1.5261, 0.0, 0.0, 0.0, 1.0]}, "0515b61e017f4a32b6029acbc802c759_d2_2.png": {"intrinsics": {"fx": 1075.73, "fy": 1075.78, "cx": 635.848, "cy": 530.836}, "camera_to_world_matrix": [-0.974437, -0.152405, 0.165059, -6.31128, 0.224637, -0.65078, 0.725274, -18.4615, -0.00311781, 0.743813, 0.66838, 1.52597, 0.0, 0.0, 0.0, 1.0]}, "0515b61e017f4a32b6029acbc802c759_d2_3.png": {"intrinsics": {"fx": 1075.73, "fy": 1075.78, "cx": 635.848, "cy": 530.836}, "camera_to_world_matrix": [-0.292698, -0.643145, 0.707596, -6.32192, 0.9562, -0.199226, 0.214454, -18.4516, 0.00304632, 0.739374, 0.673288, 1.52587, 0.0, 0.0, 0.0, 1.0]}, "0515b61e017f4a32b6029acbc802c759_d2_4.png": {"intrinsics": {"fx": 1075.73, "fy": 1075.78, "cx": 635.848, "cy": 530.836}, "camera_to_world_matrix": [0.681694, -0.497464, 0.53649, -6.31864, 0.731541, 0.451561, -0.510824, -18.4374, 0.0118588, 0.74069, 0.671741, 1.5259, 0.0, 0.0, 0.0, 1.0]}, "0515b61e017f4a32b6029acbc802c759_d2_5.png": {"intrinsics": {"fx": 1075.73, "fy": 1075.78, "cx": 635.848, "cy": 530.836}, "camera_to_world_matrix": [0.974325, 0.138953, -0.177149, -6.30473, -0.224676, 0.650777, -0.725265, -18.4332, 0.0145071, 0.746446, 0.665288, 1.52603, 0.0, 0.0, 0.0, 1.0]}, "1c5df273f7a049d8b32b3c87e5fe97bb_d0_0.png": {"intrinsics": {"fx": 1074.7, "fy": 1076.26, "cx": 640.251, "cy": 525.831}, "camera_to_world_matrix": [-0.938507, -0.214341, -0.270668, -17.8629, -0.344458, 0.634646, 0.69179, -26.3336, 0.0234991, 0.742484, -0.669451, 1.46587, 0.0, 0.0, 0.0, 1.0]}, "1c5df273f7a049d8b32b3c87e5fe97bb_d0_1.png": {"intrinsics": {"fx": 1074.7, "fy": 1076.26, "cx": 640.251, "cy": 525.831}, "camera_to_world_matrix": [-0.767563, 0.445509, 0.460834, -17.8772, 0.640787, 0.516015, 0.568437, -26.3312, 0.0154469, 0.731608, -0.681551, 1.46611, 0.0, 0.0, 0.0, 1.0]}, "1c5df273f7a049d8b32b3c87e5fe97bb_d0_2.png": {"intrinsics": {"fx": 1074.7, "fy": 1076.26, "cx": 640.251, "cy": 525.831}, "camera_to_world_matrix": [0.171055, 0.672754, 0.71982, -17.8823, 0.985258, -0.11482, -0.12682, -26.3176, -0.00266834, 0.730902, -0.682477, 1.46613, 0.0, 0.0, 0.0, 1.0]}, "1c5df273f7a049d8b32b3c87e5fe97bb_d0_3.png": {"intrinsics": {"fx": 1074.7, "fy": 1076.26, "cx": 640.251, "cy": 525.831}, "camera_to_world_matrix": [0.938708, 0.240144, 0.2473, -17.873, 0.344477, -0.627011, -0.698708, -26.3063, -0.012731, 0.741072, -0.671305, 1.46591, 0.0, 0.0, 0.0, 1.0]}, "1c5df273f7a049d8b32b3c87e5fe97bb_d0_4.png": {"intrinsics": {"fx": 1074.7, "fy": 1076.26, "cx": 640.251, "cy": 525.831}, "camera_to_world_matrix": [0.767726, -0.419702, -0.484197, -17.8586, -0.640761, -0.508354, -0.575327, -26.3088, -0.00467824, 0.751948, -0.659206, 1.46567, 0.0, 0.0, 0.0, 1.0]}, "1c5df273f7a049d8b32b3c87e5fe97bb_d0_5.png": {"intrinsics": {"fx": 1074.7, "fy": 1076.26, "cx": 640.251, "cy": 525.831}, "camera_to_world_matrix": [-0.170906, -0.646922, -0.743157, -17.8536, -0.985195, 0.12249, 0.11994, -26.3224, 0.0134371, 0.752653, -0.65828, 1.46565, 0.0, 0.0, 0.0, 1.0]}, "1c5df273f7a049d8b32b3c87e5fe97bb_d1_0.png": {"intrinsics": {"fx": 1075.91, "fy": 1076.32, "cx": 614.721, "cy": 517.294}, "camera_to_world_matrix": [-0.937207, 0.0156652, -0.34842, -17.8661, -0.348333, 0.00806443, 0.937336, -26.3231, 0.0174934, 0.999845, -0.00210146, 1.49913, 0.0, 0.0, 0.0, 1.0]}, "1c5df273f7a049d8b32b3c87e5fe97bb_d1_1.png": {"intrinsics": {"fx": 1075.91, "fy": 1076.32, "cx": 614.721, "cy": 517.294}, "camera_to_world_matrix": [-0.770294, 0.019058, 0.637404, -17.8696, 0.637618, 0.00811548, 0.77031, -26.3225, 0.00950778, 0.999785, -0.0184031, 1.49919, 0.0, 0.0, 0.0, 1.0]}, "1c5df273f7a049d8b32b3c87e5fe97bb_d1_2.png": {"intrinsics": {"fx": 1075.91, "fy": 1076.32, "cx": 614.721, "cy": 517.294}, "camera_to_world_matrix": [0.16692, 0.0207988, 0.985751, -17.8708, 0.985933, 0.00520232, -0.167061, -26.3192, -0.00860281, 0.99977, -0.019638, 1.49919, 0.0, 0.0, 0.0, 1.0]}, "1c5df273f7a049d8b32b3c87e5fe97bb_d1_3.png": {"intrinsics": {"fx": 1075.91, "fy": 1076.32, "cx": 614.721, "cy": 517.294}, "camera_to_world_matrix": [0.9372, 0.0191468, 0.348267, -17.8686, 0.34829, 0.00223817, -0.937384, -26.3165, -0.0187274, 0.999814, -0.00457115, 1.49914, 0.0, 0.0, 0.0, 1.0]}, "1c5df273f7a049d8b32b3c87e5fe97bb_d1_4.png": {"intrinsics": {"fx": 1075.91, "fy": 1076.32, "cx": 614.721, "cy": 517.294}, "camera_to_world_matrix": [0.770248, 0.015754, -0.63755, -17.8651, -0.637654, 0.00218725, -0.77032, -26.3171, -0.0107411, 0.999873, 0.0117302, 1.49908, 0.0, 0.0, 0.0, 1.0]}, "1c5df273f7a049d8b32b3c87e5fe97bb_d1_5.png": {"intrinsics": {"fx": 1075.91, "fy": 1076.32, "cx": 614.721, "cy": 517.294}, "camera_to_world_matrix": [-0.16698, 0.0140133, -0.985861, -17.8639, -0.985933, 0.00510048, 0.167065, -26.3204, 0.00736954, 0.999889, 0.0129644, 1.49908, 0.0, 0.0, 0.0, 1.0]}, "1c5df273f7a049d8b32b3c87e5fe97bb_d2_0.png": {"intrinsics": {"fx": 1075.73, "fy": 1075.78, "cx": 635.848, "cy": 530.836}, "camera_to_world_matrix": [-0.936818, 0.249735, -0.244956, -17.8617, -0.349005, -0.619602, 0.703057, -26.3333, 0.0238031, 0.744127, 0.667613, 1.53236, 0.0, 0.0, 0.0, 1.0]}, "1c5df273f7a049d8b32b3c87e5fe97bb_d2_1.png": {"intrinsics": {"fx": 1075.73, "fy": 1075.78, "cx": 635.848, "cy": 530.836}, "camera_to_world_matrix": [-0.770655, -0.408477, 0.48912, -17.876, 0.637056, -0.512901, 0.575406, -26.3309, 0.01583, 0.755036, 0.655492, 1.5326, 0.0, 0.0, 0.0, 1.0]}, "1c5df273f7a049d8b32b3c87e5fe97bb_d2_2.png": {"intrinsics": {"fx": 1075.73, "fy": 1075.78, "cx": 635.848, "cy": 530.836}, "camera_to_world_matrix": [0.16628, -0.645232, 0.745672, -17.8811, 0.986076, 0.110552, -0.124228, -26.3172, -0.00227941, 0.755946, 0.65463, 1.53262, 0.0, 0.0, 0.0, 1.0]}, "1c5df273f7a049d8b32b3c87e5fe97bb_d2_3.png": {"intrinsics": {"fx": 1075.73, "fy": 1075.78, "cx": 635.848, "cy": 530.836}, "camera_to_world_matrix": [0.93703, -0.22377, 0.268143, -17.8718, 0.349027, 0.627289, -0.696196, -26.306, -0.0124152, 0.745946, 0.66589, 1.5324, 0.0, 0.0, 0.0, 1.0]}, "1c5df273f7a049d8b32b3c87e5fe97bb_d2_4.png": {"intrinsics": {"fx": 1075.73, "fy": 1075.78, "cx": 635.848, "cy": 530.836}, "camera_to_world_matrix": [0.770828, 0.434438, -0.465927, -17.8575, -0.637027, 0.520561, -0.568517, -26.3084, -0.00444148, 0.735037, 0.678012, 1.53216, 0.0, 0.0, 0.0, 1.0]}, "1c5df273f7a049d8b32b3c87e5fe97bb_d2_5.png": {"intrinsics": {"fx": 1075.73, "fy": 1075.78, "cx": 635.848, "cy": 530.836}, "camera_to_world_matrix": [-0.16612, 0.671168, -0.722452, -17.8524, -0.98601, -0.1029, 0.131127, -26.3221, 0.013668, 0.734128, 0.678873, 1.53214, 0.0, 0.0, 0.0, 1.0]}, "237cf579b9724e82b11ce6b26544ccf0_d0_0.png": {"intrinsics": {"fx": 1074.7, "fy": 1076.26, "cx": 640.251, "cy": 525.831}, "camera_to_world_matrix": [-0.835751, -0.352401, -0.421111, -12.4568, -0.548749, 0.563774, 0.617279, -27.1432, 0.0198815, 0.746976, -0.664554, 1.47675, 0.0, 0.0, 0.0, 1.0]}, "237cf579b9724e82b11ce6b26544ccf0_d0_1.png": {"intrinsics": {"fx": 1074.7, "fy": 1076.26, "cx": 640.251, "cy": 525.831}, "camera_to_world_matrix": [-0.893016, 0.317143, 0.319284, -12.4713, 0.449607, 0.598171, 0.663358, -27.1441, 0.019393, 0.735942, -0.676767, 1.47698, 0.0, 0.0, 0.0, 1.0]}, "237cf579b9724e82b11ce6b26544ccf0_d0_2.png": {"intrinsics": {"fx": 1074.7, "fy": 1076.26, "cx": 640.251, "cy": 525.831}, "camera_to_world_matrix": [-0.0571567, 0.681707, 0.729389, -12.4793, 0.998353, 0.0354451, 0.0451054, -27.132, 0.00489542, 0.730766, -0.68261, 1.4771, 0.0, 0.0, 0.0, 1.0]}, "237cf579b9724e82b11ce6b26544ccf0_d0_3.png": {"intrinsics": {"fx": 1074.7, "fy": 1076.26, "cx": 640.251, "cy": 525.831}, "camera_to_world_matrix": [0.835949, 0.376718, 0.39909, -12.4728, 0.548732, -0.561666, -0.619213, -27.119, -0.00911334, 0.736624, -0.676241, 1.47697, 0.0, 0.0, 0.0, 1.0]}, "237cf579b9724e82b11ce6b26544ccf0_d0_4.png": {"intrinsics": {"fx": 1074.7, "fy": 1076.26, "cx": 640.251, "cy": 525.831}, "camera_to_world_matrix": [0.893175, -0.292827, -0.341307, -12.4583, -0.449626, -0.596038, -0.665263, -27.1181, -0.00862427, 0.747657, -0.664029, 1.47673, 0.0, 0.0, 0.0, 1.0]}, "237cf579b9724e82b11ce6b26544ccf0_d0_5.png": {"intrinsics": {"fx": 1074.7, "fy": 1076.26, "cx": 640.251, "cy": 525.831}, "camera_to_world_matrix": [0.0572942, -0.657369, -0.751387, -12.4503, -0.99834, -0.0332968, -0.0469941, -27.1302, 0.00587363, 0.752833, -0.658186, 1.47662, 0.0, 0.0, 0.0, 1.0]}, "237cf579b9724e82b11ce6b26544ccf0_d1_0.png": {"intrinsics": {"fx": 1075.91, "fy": 1076.32, "cx": 614.721, "cy": 517.294}, "camera_to_world_matrix": [-0.833608, 0.0140463, -0.552177, -12.4623, -0.552182, 0.00387154, 0.833715, -27.134, 0.0138484, 0.999894, 0.00452864, 1.51008, 0.0, 0.0, 0.0, 1.0]}, "237cf579b9724e82b11ce6b26544ccf0_d1_1.png": {"intrinsics": {"fx": 1075.91, "fy": 1076.32, "cx": 614.721, "cy": 517.294}, "camera_to_world_matrix": [-0.894959, 0.0173388, 0.44581, -12.4658, 0.445945, 0.00469216, 0.895048, -27.1342, 0.0134273, 0.999839, -0.0119316, 1.51014, 0.0, 0.0, 0.0, 1.0]}, "237cf579b9724e82b11ce6b26544ccf0_d1_2.png": {"intrinsics": {"fx": 1075.91, "fy": 1076.32, "cx": 614.721, "cy": 517.294}, "camera_to_world_matrix": [-0.0613408, 0.0196957, 0.997922, -12.4678, 0.998116, 0.00225064, 0.0613082, -27.1313, -0.0010384, 0.999803, -0.0197968, 1.51016, 0.0, 0.0, 0.0, 1.0]}, "237cf579b9724e82b11ce6b26544ccf0_d1_3.png": {"intrinsics": {"fx": 1075.91, "fy": 1076.32, "cx": 614.721, "cy": 517.294}, "camera_to_world_matrix": [0.83361, 0.01876, 0.552035, -12.4662, 0.552148, -0.00101147, -0.833746, -27.1282, -0.0150827, 0.999823, -0.0112016, 1.51013, 0.0, 0.0, 0.0, 1.0]}, "237cf579b9724e82b11ce6b26544ccf0_d1_4.png": {"intrinsics": {"fx": 1075.91, "fy": 1076.32, "cx": 614.721, "cy": 517.294}, "camera_to_world_matrix": [0.894922, 0.0154674, -0.445955, -12.4627, -0.445982, -0.00183197, -0.89504, -27.1279, -0.0146609, 0.999879, 0.00525862, 1.51008, 0.0, 0.0, 0.0, 1.0]}, "237cf579b9724e82b11ce6b26544ccf0_d1_5.png": {"intrinsics": {"fx": 1075.91, "fy": 1076.32, "cx": 614.721, "cy": 517.294}, "camera_to_world_matrix": [0.0612814, 0.0131106, -0.998034, -12.4608, -0.99812, 0.000609653, -0.0612786, -27.1309, -0.0001949, 0.999914, 0.0131233, 1.51005, 0.0, 0.0, 0.0, 1.0]}, "237cf579b9724e82b11ce6b26544ccf0_d2_0.png": {"intrinsics": {"fx": 1075.73, "fy": 1075.78, "cx": 635.848, "cy": 530.836}, "camera_to_world_matrix": [-0.833073, 0.384378, -0.397797, -12.4557, -0.552795, -0.552296, 0.624008, -27.1432, 0.0201533, 0.739745, 0.672585, 1.54324, 0.0, 0.0, 0.0, 1.0]}, "237cf579b9724e82b11ce6b26544ccf0_d2_1.png": {"intrinsics": {"fx": 1075.73, "fy": 1075.78, "cx": 635.848, "cy": 530.836}, "camera_to_world_matrix": [-0.895179, -0.280861, 0.34608, -12.4702, 0.445269, -0.597939, 0.666487, -27.144, 0.0197447, 0.750724, 0.660321, 1.54348, 0.0, 0.0, 0.0, 1.0]}, "237cf579b9724e82b11ce6b26544ccf0_d2_2.png": {"intrinsics": {"fx": 1075.73, "fy": 1075.78, "cx": 635.848, "cy": 530.836}, "camera_to_world_matrix": [-0.0619925, -0.65301, 0.754808, -12.4782, 0.998062, -0.0445637, 0.0434173, -27.1319, 0.00528518, 0.756038, 0.654507, 1.54359, 0.0, 0.0, 0.0, 1.0]}, "237cf579b9724e82b11ce6b26544ccf0_d2_3.png": {"intrinsics": {"fx": 1075.73, "fy": 1075.78, "cx": 635.848, "cy": 530.836}, "camera_to_world_matrix": [0.833281, -0.35991, 0.41965, -12.4718, 0.552779, 0.554442, -0.622117, -27.1189, -0.00876537, 0.750372, 0.660957, 1.54347, 0.0, 0.0, 0.0, 1.0]}, "237cf579b9724e82b11ce6b26544ccf0_d2_4.png": {"intrinsics": {"fx": 1075.73, "fy": 1075.78, "cx": 635.848, "cy": 530.836}, "camera_to_world_matrix": [0.895348, 0.305331, -0.324229, -12.4572, -0.445287, 0.600059, -0.664566, -27.118, -0.00835613, 0.739393, 0.673221, 1.54323, 0.0, 0.0, 0.0, 1.0]}, "237cf579b9724e82b11ce6b26544ccf0_d2_5.png": {"intrinsics": {"fx": 1075.73, "fy": 1075.78, "cx": 635.848, "cy": 530.836}, "camera_to_world_matrix": [0.0621402, 0.677457, -0.732932, -12.4492, -0.998048, 0.0466688, -0.0414808, -27.1301, 0.00610374, 0.73408, 0.679035, 1.54311, 0.0, 0.0, 0.0, 1.0]}, "2b89c0792ebd409f9dbde95769017faa_d0_0.png": {"intrinsics": {"fx": 1074.7, "fy": 1076.26, "cx": 640.251, "cy": 525.831}, "camera_to_world_matrix": [-0.989764, -0.0953754, -0.106164, -6.84492, -0.142712, 0.665319, 0.732792, -24.9156, 0.000742967, 0.740442, -0.67212, 1.47661, 0.0, 0.0, 0.0, 1.0]}, "2b89c0792ebd409f9dbde95769017faa_d0_1.png": {"intrinsics": {"fx": 1074.7, "fy": 1076.26, "cx": 640.251, "cy": 525.831}, "camera_to_world_matrix": [-0.618477, 0.525709, 0.584051, -6.85845, 0.785802, 0.41266, 0.46068, -24.9102, 0.00116901, 0.743869, -0.668324, 1.47653, 0.0, 0.0, 0.0, 1.0]}, "2b89c0792ebd409f9dbde95769017faa_d0_2.png": {"intrinsics": {"fx": 1074.7, "fy": 1076.26, "cx": 640.251, "cy": 525.831}, "camera_to_world_matrix": [0.371275, 0.617432, 0.693493, -6.86058, 0.928505, -0.251553, -0.27313, -24.8958, 0.00581103, 0.745318, -0.666684, 1.4765, 0.0, 0.0, 0.0, 1.0]}, "2b89c0792ebd409f9dbde95769017faa_d0_3.png": {"intrinsics": {"fx": 1074.7, "fy": 1076.26, "cx": 640.251, "cy": 525.831}, "camera_to_world_matrix": [0.989716, 0.0880689, 0.112716, -6.84919, 0.14269, -0.663092, -0.734812, -24.8868, 0.0100269, 0.743339, -0.66884, 1.47654, 0.0, 0.0, 0.0, 1.0]}, "2b89c0792ebd409f9dbde95769017faa_d0_4.png": {"intrinsics": {"fx": 1074.7, "fy": 1076.26, "cx": 640.251, "cy": 525.831}, "camera_to_world_matrix": [0.618393, -0.533006, -0.57749, -6.83566, -0.78581, -0.410409, -0.462673, -24.8921, 0.00960056, 0.739911, -0.672636, 1.47662, 0.0, 0.0, 0.0, 1.0]}, "2b89c0792ebd409f9dbde95769017faa_d0_5.png": {"intrinsics": {"fx": 1074.7, "fy": 1076.26, "cx": 640.251, "cy": 525.831}, "camera_to_world_matrix": [-0.371364, -0.624703, -0.686902, -6.83352, -0.928474, 0.253808, 0.271141, -24.9065, 0.00495849, 0.738463, -0.674276, 1.47665, 0.0, 0.0, 0.0, 1.0]}, "2b89c0792ebd409f9dbde95769017faa_d1_0.png": {"intrinsics": {"fx": 1075.91, "fy": 1076.32, "cx": 614.721, "cy": 517.294}, "camera_to_world_matrix": [-0.989156, -0.00600689, -0.146744, -6.8467, -0.146773, 0.00471356, 0.989159, -24.9046, -0.00525003, 0.999971, -0.00554421, 1.50983, 0.0, 0.0, 0.0, 1.0]}, "2b89c0792ebd409f9dbde95769017faa_d1_1.png": {"intrinsics": {"fx": 1075.91, "fy": 1076.32, "cx": 614.721, "cy": 517.294}, "camera_to_world_matrix": [-0.621667, -0.00267653, 0.783277, -6.84996, 0.783266, 0.00406116, 0.621673, -24.9033, -0.00484489, 0.999988, -0.000428368, 1.50982, 0.0, 0.0, 0.0, 1.0]}, "2b89c0792ebd409f9dbde95769017faa_d1_2.png": {"intrinsics": {"fx": 1075.91, "fy": 1076.32, "cx": 614.721, "cy": 517.294}, "camera_to_world_matrix": [0.367506, -0.0015764, 0.93002, -6.85047, 0.930021, 0.000850727, -0.367505, -24.8998, -0.000211808, 0.999998, 0.00177862, 1.50981, 0.0, 0.0, 0.0, 1.0]}, "2b89c0792ebd409f9dbde95769017faa_d1_3.png": {"intrinsics": {"fx": 1075.91, "fy": 1076.32, "cx": 614.721, "cy": 517.294}, "camera_to_world_matrix": [0.989168, -0.00380667, 0.146738, -6.84773, 0.146733, -0.00170722, -0.989175, -24.8976, 0.00401602, 0.999991, -0.00113029, 1.50982, 0.0, 0.0, 0.0, 1.0]}, "2b89c0792ebd409f9dbde95769017faa_d1_4.png": {"intrinsics": {"fx": 1075.91, "fy": 1076.32, "cx": 614.721, "cy": 517.294}, "camera_to_world_matrix": [0.621642, -0.007137, -0.783269, -6.84447, -0.783293, -0.00105469, -0.621652, -24.8989, 0.00361067, 0.999974, -0.00624612, 1.50984, 0.0, 0.0, 0.0, 1.0]}, "2b89c0792ebd409f9dbde95769017faa_d1_5.png": {"intrinsics": {"fx": 1075.91, "fy": 1076.32, "cx": 614.721, "cy": 517.294}, "camera_to_world_matrix": [-0.367537, -0.008237, -0.929972, -6.84396, -0.930008, 0.00215578, 0.367532, -24.9024, -0.00102249, 0.999964, -0.00845293, 1.50984, 0.0, 0.0, 0.0, 1.0]}, "2b89c0792ebd409f9dbde95769017faa_d2_0.png": {"intrinsics": {"fx": 1075.73, "fy": 1075.78, "cx": 635.848, "cy": 530.836}, "camera_to_world_matrix": [-0.98906, 0.0989128, -0.109438, -6.84524, -0.14751, -0.657829, 0.738581, -24.9155, 0.00106358, 0.746644, 0.665223, 1.54311, 0.0, 0.0, 0.0, 1.0]}, "2b89c0792ebd409f9dbde95769017faa_d2_1.png": {"intrinsics": {"fx": 1075.73, "fy": 1075.78, "cx": 635.848, "cy": 530.836}, "camera_to_world_matrix": [-0.622281, -0.523039, 0.582406, -6.85877, 0.782792, -0.41718, 0.461732, -24.9101, 0.00146487, 0.74323, 0.669034, 1.54303, 0.0, 0.0, 0.0, 1.0]}, "2b89c0792ebd409f9dbde95769017faa_d2_2.png": {"intrinsics": {"fx": 1075.73, "fy": 1075.78, "cx": 635.848, "cy": 530.836}, "camera_to_world_matrix": [0.366764, -0.625596, 0.688559, -6.86091, 0.930294, 0.241778, -0.275856, -24.8957, 0.00609618, 0.741736, 0.670663, 1.543, 0.0, 0.0, 0.0, 1.0]}, "2b89c0792ebd409f9dbde95769017faa_d2_3.png": {"intrinsics": {"fx": 1075.73, "fy": 1075.78, "cx": 635.848, "cy": 530.836}, "camera_to_world_matrix": [0.989009, -0.1062, 0.102865, -6.84951, 0.147489, 0.660073, -0.73658, -24.8867, 0.0103261, 0.743656, 0.668482, 1.54304, 0.0, 0.0, 0.0, 1.0]}, "2b89c0792ebd409f9dbde95769017faa_d2_4.png": {"intrinsics": {"fx": 1075.73, "fy": 1075.78, "cx": 635.848, "cy": 530.836}, "camera_to_world_matrix": [0.622195, 0.515742, -0.588968, -6.83598, -0.782799, 0.4194, -0.459704, -24.892, 0.00992465, 0.74707, 0.664671, 1.54312, 0.0, 0.0, 0.0, 1.0]}, "2b89c0792ebd409f9dbde95769017faa_d2_5.png": {"intrinsics": {"fx": 1075.73, "fy": 1075.78, "cx": 635.848, "cy": 530.836}, "camera_to_world_matrix": [-0.366857, 0.618274, -0.695092, -6.83385, -0.930262, -0.239562, 0.277888, -24.9064, 0.00529328, 0.748563, 0.663042, 1.54315, 0.0, 0.0, 0.0, 1.0]}, "2d60c198cba5466bafbee296183f12cd_d0_0.png": {"intrinsics": {"fx": 1074.7, "fy": 1076.26, "cx": 640.251, "cy": 525.831}, "camera_to_world_matrix": [0.947025, 0.206424, 0.246035, -10.7535, 0.321081, -0.625559, -0.711044, -20.7727, 0.0071327, 0.752373, -0.658698, 1.48303, 0.0, 0.0, 0.0, 1.0]}, "2d60c198cba5466bafbee296183f12cd_d0_1.png": {"intrinsics": {"fx": 1074.7, "fy": 1076.26, "cx": 640.251, "cy": 525.831}, "camera_to_world_matrix": [0.751426, -0.450334, -0.482243, -10.7392, -0.659516, -0.490565, -0.569548, -20.7754, 0.0199153, 0.74602, -0.665626, 1.48317, 0.0, 0.0, 0.0, 1.0]}, "2d60c198cba5466bafbee296183f12cd_d0_2.png": {"intrinsics": {"fx": 1074.7, "fy": 1076.26, "cx": 640.251, "cy": 525.831}, "camera_to_world_matrix": [-0.195652, -0.661732, -0.723762, -10.7345, -0.980505, 0.145669, 0.131871, -20.7892, 0.0181665, 0.735453, -0.677332, 1.4834, 0.0, 0.0, 0.0, 1.0]}, "2d60c198cba5466bafbee296183f12cd_d0_3.png": {"intrinsics": {"fx": 1074.7, "fy": 1076.26, "cx": 640.251, "cy": 525.831}, "camera_to_world_matrix": [-0.94711, -0.216367, -0.236999, -10.744, -0.32089, 0.646895, 0.691778, -20.8002, 0.00363521, 0.73124, -0.68211, 1.48349, 0.0, 0.0, 0.0, 1.0]}, "2d60c198cba5466bafbee296183f12cd_d0_4.png": {"intrinsics": {"fx": 1074.7, "fy": 1076.26, "cx": 640.251, "cy": 525.831}, "camera_to_world_matrix": [-0.751473, 0.440385, 0.491273, -10.7583, 0.659701, 0.511875, 0.550254, -20.7974, -0.00914705, 0.737594, -0.675183, 1.48335, 0.0, 0.0, 0.0, 1.0]}, "2d60c198cba5466bafbee296183f12cd_d0_5.png": {"intrinsics": {"fx": 1074.7, "fy": 1076.26, "cx": 640.251, "cy": 525.831}, "camera_to_world_matrix": [0.195618, 0.651758, 0.732765, -10.763, 0.980652, -0.124367, -0.151175, -20.7836, -0.00739764, 0.74816, -0.663477, 1.48312, 0.0, 0.0, 0.0, 1.0]}, "2d60c198cba5466bafbee296183f12cd_d1_0.png": {"intrinsics": {"fx": 1075.91, "fy": 1076.32, "cx": 614.721, "cy": 517.294}, "camera_to_world_matrix": [0.945757, -0.00505032, 0.324835, -10.7501, 0.324872, 0.0114186, -0.945689, -20.7826, 0.00106693, 0.999922, 0.0124398, 1.51645, 0.0, 0.0, 0.0, 1.0]}, "2d60c198cba5466bafbee296183f12cd_d1_1.png": {"intrinsics": {"fx": 1075.91, "fy": 1076.32, "cx": 614.721, "cy": 517.294}, "camera_to_world_matrix": [0.754171, -0.00844378, -0.656624, -10.7467, -0.656531, 0.0114519, -0.754212, -20.7833, 0.0138881, 0.999899, 0.00309299, 1.51648, 0.0, 0.0, 0.0, 1.0]}, "2d60c198cba5466bafbee296183f12cd_d1_2.png": {"intrinsics": {"fx": 1075.91, "fy": 1076.32, "cx": 614.721, "cy": 517.294}, "camera_to_world_matrix": [-0.191599, -0.0101113, -0.981421, -10.7455, -0.981398, 0.0144072, 0.191446, -20.7866, 0.0122038, 0.999845, -0.0126837, 1.51654, 0.0, 0.0, 0.0, 1.0]}, "2d60c198cba5466bafbee296183f12cd_d1_3.png": {"intrinsics": {"fx": 1075.91, "fy": 1076.32, "cx": 614.721, "cy": 517.294}, "camera_to_world_matrix": [-0.945762, -0.00838534, -0.324753, -10.7478, -0.324853, 0.0173291, 0.945606, -20.7892, -0.0023015, 0.999815, -0.0191133, 1.51656, 0.0, 0.0, 0.0, 1.0]}, "2d60c198cba5466bafbee296183f12cd_d1_4.png": {"intrinsics": {"fx": 1075.91, "fy": 1076.32, "cx": 614.721, "cy": 517.294}, "camera_to_world_matrix": [-0.754137, -0.00499187, 0.656698, -10.7513, 0.656543, 0.0172956, 0.754091, -20.7886, -0.0151223, 0.999838, -0.009766, 1.51653, 0.0, 0.0, 0.0, 1.0]}, "2d60c198cba5466bafbee296183f12cd_d1_5.png": {"intrinsics": {"fx": 1075.91, "fy": 1076.32, "cx": 614.721, "cy": 517.294}, "camera_to_world_matrix": [0.191646, -0.00332446, 0.981459, -10.7524, 0.981372, 0.0143403, -0.191581, -20.7853, -0.0134374, 0.999892, 0.00601067, 1.51647, 0.0, 0.0, 0.0, 1.0]}, "2d60c198cba5466bafbee296183f12cd_d2_0.png": {"intrinsics": {"fx": 1075.73, "fy": 1075.78, "cx": 635.848, "cy": 530.836}, "camera_to_world_matrix": [0.945453, -0.226107, 0.234507, -10.7539, 0.325674, 0.63979, -0.696136, -20.7717, 0.0073661, 0.734537, 0.678528, 1.54952, 0.0, 0.0, 0.0, 1.0]}, "2d60c198cba5466bafbee296183f12cd_d2_1.png": {"intrinsics": {"fx": 1075.73, "fy": 1075.78, "cx": 635.848, "cy": 530.836}, "camera_to_world_matrix": [0.754614, 0.429311, -0.496236, -10.7397, -0.655858, 0.516761, -0.55028, -20.7745, 0.0201941, 0.740709, 0.671522, 1.54966, 0.0, 0.0, 0.0, 1.0]}, "2d60c198cba5466bafbee296183f12cd_d2_2.png": {"intrinsics": {"fx": 1075.73, "fy": 1075.78, "cx": 635.848, "cy": 530.836}, "camera_to_world_matrix": [-0.190895, 0.650403, -0.735212, -10.7349, -0.981436, -0.112329, 0.155454, -20.7882, 0.0185219, 0.751238, 0.659771, 1.54989, 0.0, 0.0, 0.0, 1.0]}, "2d60c198cba5466bafbee296183f12cd_d2_3.png": {"intrinsics": {"fx": 1075.73, "fy": 1075.78, "cx": 635.848, "cy": 530.836}, "camera_to_world_matrix": [-0.945543, 0.216071, -0.243439, -10.7445, -0.325474, -0.618377, 0.715316, -20.7992, 0.00402164, 0.755595, 0.655026, 1.54998, 0.0, 0.0, 0.0, 1.0]}, "2d60c198cba5466bafbee296183f12cd_d2_4.png": {"intrinsics": {"fx": 1075.73, "fy": 1075.78, "cx": 635.848, "cy": 530.836}, "camera_to_world_matrix": [-0.754665, -0.439343, 0.487298, -10.7588, 0.656051, -0.495322, 0.569432, -20.7964, -0.00880603, 0.749422, 0.662033, 1.54985, 0.0, 0.0, 0.0, 1.0]}, "2d60c198cba5466bafbee296183f12cd_d2_5.png": {"intrinsics": {"fx": 1075.73, "fy": 1075.78, "cx": 635.848, "cy": 530.836}, "camera_to_world_matrix": [0.190857, -0.66041, 0.726246, -10.7635, 0.981592, 0.133777, -0.136312, -20.7827, -0.00713311, 0.738893, 0.673784, 1.54962, 0.0, 0.0, 0.0, 1.0]}, "31c5ad1761654315a9ea6cab678de132_d0_0.png": {"intrinsics": {"fx": 1074.7, "fy": 1076.26, "cx": 640.251, "cy": 525.831}, "camera_to_world_matrix": [-0.891706, -0.290614, -0.346991, -17.6992, -0.452371, 0.597328, 0.662238, -23.0938, 0.0148122, 0.747491, -0.664107, 1.46794, 0.0, 0.0, 0.0, 1.0]}, "31c5ad1761654315a9ea6cab678de132_d0_1.png": {"intrinsics": {"fx": 1074.7, "fy": 1076.26, "cx": 640.251, "cy": 525.831}, "camera_to_world_matrix": [-0.837504, 0.37864, 0.393977, -17.7138, 0.546152, 0.55702, 0.625656, -23.093, 0.0174448, 0.739162, -0.673302, 1.46812, 0.0, 0.0, 0.0, 1.0]}, "31c5ad1761654315a9ea6cab678de132_d0_2.png": {"intrinsics": {"fx": 1074.7, "fy": 1076.26, "cx": 640.251, "cy": 525.831}, "camera_to_world_matrix": [0.0542871, 0.67833, 0.732749, -17.7204, 0.998493, -0.0427695, -0.0343822, -23.0801, 0.00801685, 0.733511, -0.67963, 1.46825, 0.0, 0.0, 0.0, 1.0]}, "31c5ad1761654315a9ea6cab678de132_d0_3.png": {"intrinsics": {"fx": 1074.7, "fy": 1076.26, "cx": 640.251, "cy": 525.831}, "camera_to_world_matrix": [0.891856, 0.30876, 0.330544, -17.7125, 0.452301, -0.602238, -0.657824, -23.0679, -0.00404353, 0.73619, -0.676762, 1.46819, 0.0, 0.0, 0.0, 1.0]}, "31c5ad1761654315a9ea6cab678de132_d0_4.png": {"intrinsics": {"fx": 1074.7, "fy": 1076.26, "cx": 640.251, "cy": 525.831}, "camera_to_world_matrix": [0.837615, -0.360492, -0.410423, -17.698, -0.54622, -0.561904, -0.621214, -23.0686, -0.00667571, 0.744519, -0.667567, 1.46801, 0.0, 0.0, 0.0, 1.0]}, "31c5ad1761654315a9ea6cab678de132_d0_5.png": {"intrinsics": {"fx": 1074.7, "fy": 1076.26, "cx": 640.251, "cy": 525.831}, "camera_to_world_matrix": [-0.0541944, -0.660158, -0.749168, -17.6913, -0.998526, 0.0378977, 0.0388378, -23.0816, 0.00275263, 0.750169, -0.66124, 1.46789, 0.0, 0.0, 0.0, 1.0]}, "31c5ad1761654315a9ea6cab678de132_d1_0.png": {"intrinsics": {"fx": 1075.91, "fy": 1076.32, "cx": 614.721, "cy": 517.294}, "camera_to_world_matrix": [-0.889934, 0.0101747, -0.455975, -17.7039, -0.456004, -0.000612494, 0.889978, -23.084, 0.00877604, 0.999948, 0.00518468, 1.50128, 0.0, 0.0, 0.0, 1.0]}, "31c5ad1761654315a9ea6cab678de132_d1_1.png": {"intrinsics": {"fx": 1075.91, "fy": 1076.32, "cx": 614.721, "cy": 517.294}, "camera_to_world_matrix": [-0.839818, 0.0135383, 0.542699, -17.7074, 0.542747, -0.000163283, 0.839896, -23.0839, 0.0114595, 0.999908, -0.00721087, 1.50133, 0.0, 0.0, 0.0, 1.0]}, "31c5ad1761654315a9ea6cab678de132_d1_2.png": {"intrinsics": {"fx": 1075.91, "fy": 1076.32, "cx": 614.721, "cy": 517.294}, "camera_to_world_matrix": [0.0501277, 0.015609, 0.998621, -17.709, 0.99874, -0.00285186, -0.0500893, -23.0808, 0.00206614, 0.999874, -0.0157324, 1.50136, 0.0, 0.0, 0.0, 1.0]}, "31c5ad1761654315a9ea6cab678de132_d1_3.png": {"intrinsics": {"fx": 1075.91, "fy": 1076.32, "cx": 614.721, "cy": 517.294}, "camera_to_world_matrix": [0.889937, 0.014316, 0.455858, -17.7071, 0.455973, -0.00598959, -0.889973, -23.0778, -0.0100104, 0.999879, -0.0118582, 1.50134, 0.0, 0.0, 0.0, 1.0]}, "31c5ad1761654315a9ea6cab678de132_d1_4.png": {"intrinsics": {"fx": 1075.91, "fy": 1076.32, "cx": 614.721, "cy": 517.294}, "camera_to_world_matrix": [0.839782, 0.0109524, -0.542814, -17.7036, -0.542776, -0.00643867, -0.839853, -23.078, -0.0126933, 0.999919, 0.000537475, 1.5013, 0.0, 0.0, 0.0, 1.0]}, "31c5ad1761654315a9ea6cab678de132_d1_5.png": {"intrinsics": {"fx": 1075.91, "fy": 1076.32, "cx": 614.721, "cy": 517.294}, "camera_to_world_matrix": [-0.050182, 0.0088818, -0.9987, -17.702, -0.998734, -0.00375001, 0.0501505, -23.0811, -0.00329967, 0.999953, 0.00905863, 1.50127, 0.0, 0.0, 0.0, 1.0]}, "31c5ad1761654315a9ea6cab678de132_d2_0.png": {"intrinsics": {"fx": 1075.73, "fy": 1075.78, "cx": 635.848, "cy": 530.836}, "camera_to_world_matrix": [-0.889497, 0.317402, -0.32871, -17.6984, -0.456692, -0.593788, 0.662456, -23.094, 0.0150809, 0.739372, 0.673127, 1.53444, 0.0, 0.0, 0.0, 1.0]}, "31c5ad1761654315a9ea6cab678de132_d2_1.png": {"intrinsics": {"fx": 1075.73, "fy": 1075.78, "cx": 635.848, "cy": 530.836}, "camera_to_world_matrix": [-0.840138, -0.348824, 0.415318, -17.713, 0.542081, -0.565135, 0.621909, -23.0933, 0.0177737, 0.747626, 0.663882, 1.53462, 0.0, 0.0, 0.0, 1.0]}, "31c5ad1761654315a9ea6cab678de132_d2_2.png": {"intrinsics": {"fx": 1075.73, "fy": 1075.78, "cx": 635.848, "cy": 530.836}, "camera_to_world_matrix": [0.0494474, -0.657094, 0.752185, -17.7196, 0.998741, 0.0262064, -0.0427625, -23.0803, 0.00838693, 0.753353, 0.657562, 1.53474, 0.0, 0.0, 0.0, 1.0]}, "31c5ad1761654315a9ea6cab678de132_d2_3.png": {"intrinsics": {"fx": 1075.73, "fy": 1075.78, "cx": 635.848, "cy": 530.836}, "camera_to_world_matrix": [0.889654, -0.299129, 0.345016, -17.7117, 0.456619, 0.588881, -0.666872, -23.0681, -0.00369233, 0.750827, 0.660488, 1.53468, 0.0, 0.0, 0.0, 1.0]}, "31c5ad1761654315a9ea6cab678de132_d2_4.png": {"intrinsics": {"fx": 1075.73, "fy": 1075.78, "cx": 635.848, "cy": 530.836}, "camera_to_world_matrix": [0.840256, 0.367096, -0.39901, -17.6972, -0.542151, 0.560201, -0.626296, -23.0688, -0.00638464, 0.742573, 0.669734, 1.5345, 0.0, 0.0, 0.0, 1.0]}, "31c5ad1761654315a9ea6cab678de132_d2_5.png": {"intrinsics": {"fx": 1075.73, "fy": 1075.78, "cx": 635.848, "cy": 530.836}, "camera_to_world_matrix": [-0.0493471, 0.675342, -0.735852, -17.6905, -0.998777, -0.0311521, 0.038389, -23.0818, 0.00300245, 0.736846, 0.676053, 1.53438, 0.0, 0.0, 0.0, 1.0]}, "32567588ba2745e094720d9963fa11f4_d0_0.png": {"intrinsics": {"fx": 1074.7, "fy": 1076.26, "cx": 640.251, "cy": 525.831}, "camera_to_world_matrix": [-0.126973, -0.662991, -0.737781, -9.7104, -0.991813, 0.0950192, 0.0853059, -16.388, 0.0135463, 0.742573, -0.669628, 1.47037, 0.0, 0.0, 0.0, 1.0]}, "32567588ba2745e094720d9963fa11f4_d0_1.png": {"intrinsics": {"fx": 1074.7, "fy": 1076.26, "cx": 640.251, "cy": 525.831}, "camera_to_world_matrix": [-0.922486, -0.253533, -0.291102, -9.71917, -0.38589, 0.625974, 0.677677, -16.3997, 0.0104087, 0.737481, -0.675288, 1.47048, 0.0, 0.0, 0.0, 1.0]}, "32567588ba2745e094720d9963fa11f4_d0_2.png": {"intrinsics": {"fx": 1074.7, "fy": 1076.26, "cx": 640.251, "cy": 525.831}, "camera_to_world_matrix": [-0.79548, 0.411034, 0.445266, -9.73361, 0.605975, 0.536844, 0.58702, -16.3979, 0.00224707, 0.736783, -0.676125, 1.4705, 0.0, 0.0, 0.0, 1.0]}, "32567588ba2745e094720d9963fa11f4_d0_3.png": {"intrinsics": {"fx": 1074.7, "fy": 1076.26, "cx": 640.251, "cy": 525.831}, "camera_to_world_matrix": [0.127035, 0.666129, 0.734939, -9.73928, 0.991894, -0.083238, -0.0960051, -16.3845, -0.00277686, 0.741177, -0.671303, 1.47041, 0.0, 0.0, 0.0, 1.0]}, "32567588ba2745e094720d9963fa11f4_d0_4.png": {"intrinsics": {"fx": 1074.7, "fy": 1076.26, "cx": 640.251, "cy": 525.831}, "camera_to_world_matrix": [0.922524, 0.25665, 0.288237, -9.73051, 0.38594, -0.614177, -0.688359, -16.3729, 0.000360976, 0.746269, -0.665644, 1.4703, 0.0, 0.0, 0.0, 1.0]}, "32567588ba2745e094720d9963fa11f4_d0_5.png": {"intrinsics": {"fx": 1074.7, "fy": 1076.26, "cx": 640.251, "cy": 525.831}, "camera_to_world_matrix": [0.795479, -0.407914, -0.448128, -9.71607, -0.60592, -0.525021, -0.597673, -16.3746, 0.00852273, 0.746967, -0.664807, 1.47028, 0.0, 0.0, 0.0, 1.0]}, "32567588ba2745e094720d9963fa11f4_d1_0.png": {"intrinsics": {"fx": 1075.91, "fy": 1076.32, "cx": 614.721, "cy": 517.294}, "camera_to_world_matrix": [-0.122927, -0.00127072, -0.992415, -9.72129, -0.992387, 0.00775509, 0.122914, -16.3864, 0.00754012, 0.999969, -0.00221448, 1.50364, 0.0, 0.0, 0.0, 1.0]}, "32567588ba2745e094720d9963fa11f4_d1_1.png": {"intrinsics": {"fx": 1075.91, "fy": 1076.32, "cx": 614.721, "cy": 517.294}, "camera_to_world_matrix": [-0.920924, 0.000248018, -0.389741, -9.7234, -0.389715, 0.0107899, 0.920872, -16.3892, 0.00443369, 0.999942, -0.00984012, 1.50366, 0.0, 0.0, 0.0, 1.0]}, "32567588ba2745e094720d9963fa11f4_d1_2.png": {"intrinsics": {"fx": 1075.91, "fy": 1076.32, "cx": 614.721, "cy": 517.294}, "camera_to_world_matrix": [-0.797978, 0.00363569, 0.602676, -9.72688, 0.602675, 0.010992, 0.797911, -16.3888, -0.00372358, 0.999933, -0.0109626, 1.50367, 0.0, 0.0, 0.0, 1.0]}, "32567588ba2745e094720d9963fa11f4_d1_3.png": {"intrinsi