{"02a73934caf1435194b39702080d38e8_d0_0.png": {"intrinsics": {"fx": 1074.61, "fy": 1075.44, "cx": 635.684, "cy": 519.372}, "camera_to_world_matrix": [0.933586, 0.24401, 0.262441, 29.0357, 0.358251, -0.618165, -0.699662, 13.0394, -0.00849248, 0.747215, -0.664528, 1.39983, 0.0, 0.0, 0.0, 1.0]}, "02a73934caf1435194b39702080d38e8_d0_1.png": {"intrinsics": {"fx": 1074.61, "fy": 1075.44, "cx": 635.684, "cy": 519.372}, "camera_to_world_matrix": [0.777104, -0.407626, -0.479531, 29.0501, -0.629366, -0.506682, -0.589213, 13.0373, -0.00279117, 0.75968, -0.650291, 1.39956, 0.0, 0.0, 0.0, 1.0]}, "02a73934caf1435194b39702080d38e8_d0_2.png": {"intrinsics": {"fx": 1074.61, "fy": 1075.44, "cx": 635.684, "cy": 519.372}, "camera_to_world_matrix": [-0.156289, -0.636936, -0.754908, 29.0554, -0.987574, 0.113497, 0.108698, 13.0237, 0.0164463, 0.762516, -0.64676, 1.39949, 0.0, 0.0, 0.0, 1.0]}, "02a73934caf1435194b39702080d38e8_d0_3.png": {"intrinsics": {"fx": 1074.61, "fy": 1075.44, "cx": 635.684, "cy": 519.372}, "camera_to_world_matrix": [-0.933179, -0.214605, -0.288306, 29.0464, -0.358158, 0.622179, 0.696144, 13.0123, 0.029982, 0.752886, -0.657467, 1.39969, 0.0, 0.0, 0.0, 1.0]}, "02a73934caf1435194b39702080d38e8_d0_4.png": {"intrinsics": {"fx": 1074.61, "fy": 1075.44, "cx": 635.684, "cy": 519.372}, "camera_to_world_matrix": [-0.776659, 0.437026, 0.453662, 29.032, 0.629453, 0.51067, 0.585666, 13.0145, 0.0242799, 0.740421, -0.671705, 1.39997, 0.0, 0.0, 0.0, 1.0]}, "02a73934caf1435194b39702080d38e8_d0_5.png": {"intrinsics": {"fx": 1074.61, "fy": 1075.44, "cx": 635.684, "cy": 519.372}, "camera_to_world_matrix": [0.156749, 0.666312, 0.729011, 29.0266, 0.987626, -0.109518, -0.112256, 13.028, 0.00504227, 0.737586, -0.675234, 1.40004, 0.0, 0.0, 0.0, 1.0]}, "02a73934caf1435194b39702080d38e8_d1_0.png": {"intrinsics": {"fx": 1075.98, "fy": 1076.47, "cx": 627.187, "cy": 512.785}, "camera_to_world_matrix": [0.930208, 0.010612, 0.366876, 29.0404, 0.366842, 0.00502943, -0.930269, 13.0292, -0.0117169, 0.999931, 0.000784496, 1.43302, 0.0, 0.0, 0.0, 1.0]}, "02a73934caf1435194b39702080d38e8_d1_1.png": {"intrinsics": {"fx": 1075.98, "fy": 1076.47, "cx": 627.187, "cy": 512.785}, "camera_to_world_matrix": [0.782829, 0.0171401, -0.622, 29.0439, -0.622205, 0.011618, -0.782768, 13.0287, -0.00619002, 0.999785, 0.0197586, 1.43296, 0.0, 0.0, 0.0, 1.0]}, "02a73934caf1435194b39702080d38e8_d1_2.png": {"intrinsics": {"fx": 1075.98, "fy": 1076.47, "cx": 627.187, "cy": 512.785}, "camera_to_world_matrix": [-0.14725, 0.0261092, -0.988754, 29.0451, -0.989013, 0.00925733, 0.147534, 13.0254, 0.0130055, 0.999616, 0.0244582, 1.43294, 0.0, 0.0, 0.0, 1.0]}, "02a73934caf1435194b39702080d38e8_d1_3.png": {"intrinsics": {"fx": 1075.98, "fy": 1076.47, "cx": 627.187, "cy": 512.785}, "camera_to_world_matrix": [-0.92993, 0.02855, -0.366625, 29.043, -0.366766, 0.000308084, 0.930313, 13.0227, 0.0266737, 0.999592, 0.0101837, 1.43299, 0.0, 0.0, 0.0, 1.0]}, "02a73934caf1435194b39702080d38e8_d1_4.png": {"intrinsics": {"fx": 1075.98, "fy": 1076.47, "cx": 627.187, "cy": 512.785}, "camera_to_world_matrix": [-0.782512, 0.0220217, 0.622245, 29.0395, 0.622275, -0.00628026, 0.782773, 13.0232, 0.0211461, 0.999737, -0.00879018, 1.43306, 0.0, 0.0, 0.0, 1.0]}, "02a73934caf1435194b39702080d38e8_d1_5.png": {"intrinsics": {"fx": 1075.98, "fy": 1076.47, "cx": 627.187, "cy": 512.785}, "camera_to_world_matrix": [0.147582, 0.0130526, 0.988963, 29.0382, 0.989047, -0.00391921, -0.147543, 13.0265, 0.0019504, 0.999907, -0.0134891, 1.43307, 0.0, 0.0, 0.0, 1.0]}, "02a73934caf1435194b39702080d38e8_d2_0.png": {"intrinsics": {"fx": 1074.72, "fy": 1075.57, "cx": 634.139, "cy": 513.071}, "camera_to_world_matrix": [0.931438, -0.230877, 0.28128, 29.037, 0.363371, 0.631714, -0.684762, 13.0396, -0.0195926, 0.740023, 0.672296, 1.46632, 0.0, 0.0, 0.0, 1.0]}, "02a73934caf1435194b39702080d38e8_d2_1.png": {"intrinsics": {"fx": 1074.72, "fy": 1075.57, "cx": 634.139, "cy": 513.071}, "camera_to_world_matrix": [0.78038, 0.437048, -0.44721, 29.0514, -0.625149, 0.529291, -0.57362, 13.0374, -0.0139951, 0.727214, 0.686267, 1.46604, 0.0, 0.0, 0.0, 1.0]}, "02a73934caf1435194b39702080d38e8_d2_2.png": {"intrinsics": {"fx": 1074.72, "fy": 1075.57, "cx": 634.139, "cy": 513.071}, "camera_to_world_matrix": [-0.151084, 0.682348, -0.715245, 29.0567, -0.988507, -0.100468, 0.112959, 13.0239, 0.0052183, 0.724091, 0.689684, 1.46597, 0.0, 0.0, 0.0, 1.0]}, "02a73934caf1435194b39702080d38e8_d2_3.png": {"intrinsics": {"fx": 1074.72, "fy": 1075.57, "cx": 634.139, "cy": 513.071}, "camera_to_world_matrix": [-0.931467, 0.259718, -0.254784, 29.0477, -0.363337, -0.627789, 0.68838, 13.0125, 0.0188337, 0.733776, 0.67913, 1.46618, 0.0, 0.0, 0.0, 1.0]}, "02a73934caf1435194b39702080d38e8_d2_4.png": {"intrinsics": {"fx": 1074.72, "fy": 1075.57, "cx": 634.139, "cy": 513.071}, "camera_to_world_matrix": [-0.78037, -0.408203, 0.473701, 29.0333, 0.625178, -0.52534, 0.577209, 13.0147, 0.0132355, 0.746584, 0.665159, 1.46646, 0.0, 0.0, 0.0, 1.0]}, "02a73934caf1435194b39702080d38e8_d2_5.png": {"intrinsics": {"fx": 1074.72, "fy": 1075.57, "cx": 634.139, "cy": 513.071}, "camera_to_world_matrix": [0.151108, -0.653478, 0.741709, 29.0279, 0.988499, 0.104429, -0.10938, 13.0282, -0.00597807, 0.749707, 0.661742, 1.46653, 0.0, 0.0, 0.0, 1.0]}, "087236543c9a4043a0a3d824b7eef95f_d0_0.png": {"intrinsics": {"fx": 1074.61, "fy": 1075.44, "cx": 635.684, "cy": 519.372}, "camera_to_world_matrix": [0.635582, -0.518626, -0.571893, 1.87859, -0.772033, -0.426366, -0.471356, 7.37561, 0.000621699, 0.741106, -0.671388, 1.39235, 0.0, 0.0, 0.0, 1.0]}, "087236543c9a4043a0a3d824b7eef95f_d0_1.png": {"intrinsics": {"fx": 1074.61, "fy": 1075.44, "cx": 635.684, "cy": 519.372}, "camera_to_world_matrix": [-0.350737, -0.619447, -0.702331, 1.88111, -0.936453, 0.227041, 0.267409, 7.36128, -0.00618831, 0.75149, -0.659715, 1.39212, 0.0, 0.0, 0.0, 1.0]}, "087236543c9a4043a0a3d824b7eef95f_d0_2.png": {"intrinsics": {"fx": 1074.61, "fy": 1075.44, "cx": 635.684, "cy": 519.372}, "camera_to_world_matrix": [-0.986356, -0.103919, -0.127679, 1.86996, -0.164577, 0.641001, 0.749688, 7.35193, 0.00393557, 0.760472, -0.649358, 1.39192, 0.0, 0.0, 0.0, 1.0]}, "087236543c9a4043a0a3d824b7eef95f_d0_3.png": {"intrinsics": {"fx": 1074.61, "fy": 1075.44, "cx": 635.684, "cy": 519.372}, "camera_to_world_matrix": [-0.635641, 0.512419, 0.577397, 1.85629, 0.771702, 0.401545, 0.49319, 7.35691, 0.0208692, 0.759071, -0.650674, 1.39194, 0.0, 0.0, 0.0, 1.0]}, "087236543c9a4043a0a3d824b7eef95f_d0_4.png": {"intrinsics": {"fx": 1074.61, "fy": 1075.44, "cx": 635.684, "cy": 519.372}, "camera_to_world_matrix": [0.350685, 0.613214, 0.707805, 1.85377, 0.936084, -0.251866, -0.24558, 7.37124, 0.0276786, 0.748686, -0.662346, 1.39217, 0.0, 0.0, 0.0, 1.0]}, "087236543c9a4043a0a3d824b7eef95f_d0_5.png": {"intrinsics": {"fx": 1074.61, "fy": 1075.44, "cx": 635.684, "cy": 519.372}, "camera_to_world_matrix": [0.986273, 0.0976699, 0.133135, 1.86492, 0.164183, -0.665806, -0.727837, 7.38058, 0.0175542, 0.739704, -0.672703, 1.39237, 0.0, 0.0, 0.0, 1.0]}, "087236543c9a4043a0a3d824b7eef95f_d1_0.png": {"intrinsics": {"fx": 1075.98, "fy": 1076.47, "cx": 627.187, "cy": 512.785}, "camera_to_world_matrix": [0.642702, -0.00475197, -0.766101, 1.86998, -0.766111, -0.00727388, -0.642665, 7.36796, -0.00251833, 0.999962, -0.00831649, 1.42544, 0.0, 0.0, 0.0, 1.0]}, "087236543c9a4043a0a3d824b7eef95f_d1_1.png": {"intrinsics": {"fx": 1075.98, "fy": 1076.47, "cx": 627.187, "cy": 512.785}, "camera_to_world_matrix": [-0.342088, 0.00356638, -0.93966, 1.87059, -0.939619, -0.0113789, 0.342031, 7.36451, -0.00947221, 0.999928, 0.00724263, 1.42538, 0.0, 0.0, 0.0, 1.0]}, "087236543c9a4043a0a3d824b7eef95f_d1_2.png": {"intrinsics": {"fx": 1075.98, "fy": 1076.47, "cx": 627.187, "cy": 512.785}, "camera_to_world_matrix": [-0.984813, 0.00417043, -0.173561, 1.86791, -0.17361, -0.0206341, 0.984598, 7.36226, 0.00052519, 0.999778, 0.0210438, 1.42534, 0.0, 0.0, 0.0, 1.0]}, "087236543c9a4043a0a3d824b7eef95f_d1_3.png": {"intrinsics": {"fx": 1075.98, "fy": 1076.47, "cx": 627.187, "cy": 512.785}, "camera_to_world_matrix": [-0.642734, -0.00354388, 0.766081, 1.86462, 0.765889, -0.0257842, 0.642454, 7.36346, 0.0174762, 0.999661, 0.0192856, 1.42534, 0.0, 0.0, 0.0, 1.0]}, "087236543c9a4043a0a3d824b7eef95f_d1_4.png": {"intrinsics": {"fx": 1075.98, "fy": 1076.47, "cx": 627.187, "cy": 512.785}, "camera_to_world_matrix": [0.342063, -0.0118621, 0.939601, 1.86401, 0.939358, -0.0216788, -0.342249, 7.3669, 0.0244295, 0.999694, 0.00372619, 1.4254, 0.0, 0.0, 0.0, 1.0]}, "087236543c9a4043a0a3d824b7eef95f_d1_5.png": {"intrinsics": {"fx": 1075.98, "fy": 1076.47, "cx": 627.187, "cy": 512.785}, "camera_to_world_matrix": [0.984758, -0.0124658, 0.173477, 1.86669, 0.173324, -0.0124236, -0.984786, 7.36915, 0.0144316, 0.999845, -0.0100746, 1.42544, 0.0, 0.0, 0.0, 1.0]}, "087236543c9a4043a0a3d824b7eef95f_d2_0.png": {"intrinsics": {"fx": 1074.72, "fy": 1075.57, "cx": 634.139, "cy": 513.071}, "camera_to_world_matrix": [0.6399, 0.516474, -0.569018, 1.87831, -0.768387, 0.419984, -0.482902, 7.37451, -0.0104281, 0.746236, 0.665599, 1.45884, 0.0, 0.0, 0.0, 1.0]}, "087236543c9a4043a0a3d824b7eef95f_d2_1.png": {"intrinsics": {"fx": 1074.72, "fy": 1075.57, "cx": 634.139, "cy": 513.071}, "camera_to_world_matrix": [-0.345557, 0.631052, -0.694524, 1.88084, -0.938238, -0.246003, 0.243294, 7.36018, -0.0173243, 0.735701, 0.677084, 1.45861, 0.0, 0.0, 0.0, 1.0]}, "087236543c9a4043a0a3d824b7eef95f_d2_2.png": {"intrinsics": {"fx": 1074.72, "fy": 1075.57, "cx": 634.139, "cy": 513.071}, "camera_to_world_matrix": [-0.985447, 0.111506, -0.128294, 1.86969, -0.169823, -0.678165, 0.715019, 7.35083, -0.00727535, 0.726401, 0.687232, 1.45841, 0.0, 0.0, 0.0, 1.0]}, "087236543c9a4043a0a3d824b7eef95f_d2_3.png": {"intrinsics": {"fx": 1074.72, "fy": 1075.57, "cx": 634.139, "cy": 513.071}, "camera_to_world_matrix": [-0.639867, -0.522606, 0.56343, 1.85602, 0.768424, -0.44433, 0.460537, 7.35581, 0.00966953, 0.727636, 0.685894, 1.45843, 0.0, 0.0, 0.0, 1.0]}, "087236543c9a4043a0a3d824b7eef95f_d2_4.png": {"intrinsics": {"fx": 1074.72, "fy": 1075.57, "cx": 634.139, "cy": 513.071}, "camera_to_world_matrix": [0.345596, -0.637157, 0.688908, 1.85349, 0.938237, 0.221662, -0.265664, 7.37014, 0.0165651, 0.738171, 0.674409, 1.45866, 0.0, 0.0, 0.0, 1.0]}, "087236543c9a4043a0a3d824b7eef95f_d2_5.png": {"intrinsics": {"fx": 1074.72, "fy": 1075.57, "cx": 634.139, "cy": 513.071}, "camera_to_world_matrix": [0.985457, -0.117594, 0.122659, 1.86464, 0.169797, 0.653803, -0.737367, 7.37949, 0.00651567, 0.747471, 0.664262, 1.45886, 0.0, 0.0, 0.0, 1.0]}, "099d792dbfb2402ca355fd7ed860128f_d0_0.png": {"intrinsics": {"fx": 1074.61, "fy": 1075.44, "cx": 635.684, "cy": 519.372}, "camera_to_world_matrix": [0.869605, 0.333269, 0.364306, 18.3283, 0.493726, -0.579983, -0.647961, 13.7885, -0.00465413, 0.743338, -0.6689, 1.42203, 0.0, 0.0, 0.0, 1.0]}, "099d792dbfb2402ca355fd7ed860128f_d0_1.png": {"intrinsics": {"fx": 1074.61, "fy": 1075.44, "cx": 635.684, "cy": 519.372}, "camera_to_world_matrix": [0.862396, -0.327714, -0.385846, 18.3428, -0.5062, -0.56717, -0.649676, 13.7885, -0.00593243, 0.755593, -0.655014, 1.42176, 0.0, 0.0, 0.0, 1.0]}, "099d792dbfb2402ca355fd7ed860128f_d0_2.png": {"intrinsics": {"fx": 1074.61, "fy": 1075.44, "cx": 635.684, "cy": 519.372}, "camera_to_world_matrix": [-0.00702971, -0.647089, -0.762382, 18.3501, -0.99993, 0.0117665, -0.000767031, 13.7759, 0.00946698, 0.762323, -0.647127, 1.42161, 0.0, 0.0, 0.0, 1.0]}, "099d792dbfb2402ca355fd7ed860128f_d0_3.png": {"intrinsics": {"fx": 1074.61, "fy": 1075.44, "cx": 635.684, "cy": 519.372}, "camera_to_world_matrix": [-0.869226, -0.305473, -0.388757, 18.3429, -0.493723, 0.577877, 0.649843, 13.7633, 0.0261443, 0.756798, -0.653126, 1.42173, 0.0, 0.0, 0.0, 1.0]}, "099d792dbfb2402ca355fd7ed860128f_d0_4.png": {"intrinsics": {"fx": 1074.61, "fy": 1075.44, "cx": 635.684, "cy": 519.372}, "camera_to_world_matrix": [-0.861978, 0.35551, 0.361396, 18.3283, 0.506204, 0.565039, 0.651528, 13.7633, 0.0274219, 0.744543, -0.667012, 1.422, 0.0, 0.0, 0.0, 1.0]}, "099d792dbfb2402ca355fd7ed860128f_d0_5.png": {"intrinsics": {"fx": 1074.61, "fy": 1075.44, "cx": 635.684, "cy": 519.372}, "camera_to_world_matrix": [0.00746682, 0.674862, 0.737906, 18.321, 0.9999, -0.0139104, 0.00260409, 13.7758, 0.0120221, 0.737813, -0.674899, 1.42215, 0.0, 0.0, 0.0, 1.0]}, "099d792dbfb2402ca355fd7ed860128f_d1_0.png": {"intrinsics": {"fx": 1075.98, "fy": 1076.47, "cx": 627.187, "cy": 512.785}, "camera_to_world_matrix": [0.864983, 0.00928882, 0.501714, 18.3344, 0.501739, -0.000418424, -0.865019, 13.7789, -0.0078248, 0.999956, -0.0050235, 1.45516, 0.0, 0.0, 0.0, 1.0]}, "099d792dbfb2402ca355fd7ed860128f_d1_1.png": {"intrinsics": {"fx": 1075.98, "fy": 1076.47, "cx": 627.187, "cy": 512.785}, "camera_to_world_matrix": [0.866988, 0.0147596, -0.498109, 18.3379, -0.498241, 0.00707218, -0.867009, 13.7789, -0.00927375, 0.999866, 0.0134843, 1.4551, 0.0, 0.0, 0.0, 1.0]}, "099d792dbfb2402ca355fd7ed860128f_d1_2.png": {"intrinsics": {"fx": 1075.98, "fy": 1076.47, "cx": 627.187, "cy": 512.785}, "camera_to_world_matrix": [0.0021242, 0.0239809, -0.99971, 18.3397, -0.999979, 0.00607886, -0.00197865, 13.7758, 0.00602991, 0.999694, 0.0239923, 1.45506, 0.0, 0.0, 0.0, 1.0]}, "099d792dbfb2402ca355fd7ed860128f_d1_3.png": {"intrinsics": {"fx": 1075.98, "fy": 1076.47, "cx": 627.187, "cy": 512.785}, "camera_to_world_matrix": [-0.864726, 0.027731, -0.501477, 18.338, -0.501726, -0.00240504, 0.865023, 13.7728, 0.0227822, 0.999612, 0.0159921, 1.45509, 0.0, 0.0, 0.0, 1.0]}, "099d792dbfb2402ca355fd7ed860128f_d1_4.png": {"intrinsics": {"fx": 1075.98, "fy": 1076.47, "cx": 627.187, "cy": 512.785}, "camera_to_world_matrix": [-0.866692, 0.0222599, 0.498346, 18.3345, 0.498253, -0.00989543, 0.866974, 13.7728, 0.0242304, 0.999703, -0.00251582, 1.45515, 0.0, 0.0, 0.0, 1.0]}, "099d792dbfb2402ca355fd7ed860128f_d1_5.png": {"intrinsics": {"fx": 1075.98, "fy": 1076.47, "cx": 627.187, "cy": 512.785}, "camera_to_world_matrix": [-0.00180807, 0.0130388, 0.999913, 18.3327, 0.999958, -0.00890175, 0.00192395, 13.7758, 0.00892633, 0.999875, -0.0130231, 1.45519, 0.0, 0.0, 0.0, 1.0]}, "099d792dbfb2402ca355fd7ed860128f_d2_0.png": {"intrinsics": {"fx": 1074.72, "fy": 1075.57, "cx": 634.139, "cy": 513.071}, "camera_to_world_matrix": [0.866721, -0.322981, 0.380102, 18.3295, 0.498545, 0.584965, -0.639742, 13.7884, -0.0157222, 0.743976, 0.668021, 1.48852, 0.0, 0.0, 0.0, 1.0]}, "099d792dbfb2402ca355fd7ed860128f_d2_1.png": {"intrinsics": {"fx": 1074.72, "fy": 1075.57, "cx": 634.139, "cy": 513.071}, "camera_to_world_matrix": [0.865009, 0.352756, -0.356822, 18.3441, -0.501464, 0.583546, -0.638756, 13.7884, -0.0171024, 0.731463, 0.681666, 1.48825, 0.0, 0.0, 0.0, 1.0]}, "099d792dbfb2402ca355fd7ed860128f_d2_2.png": {"intrinsics": {"fx": 1074.72, "fy": 1075.57, "cx": 634.139, "cy": 513.071}, "camera_to_world_matrix": [-0.00173824, 0.689372, -0.724406, 18.3514, -0.999997, -0.00247292, 4.63976e-05, 13.7758, -0.00175934, 0.724404, 0.689373, 1.4881, 0.0, 0.0, 0.0, 1.0]}, "099d792dbfb2402ca355fd7ed860128f_d2_3.png": {"intrinsics": {"fx": 1074.72, "fy": 1075.57, "cx": 634.139, "cy": 513.071}, "camera_to_world_matrix": [-0.866755, 0.350244, -0.355057, 18.3441, -0.49851, -0.587059, 0.637848, 13.7632, 0.0149635, 0.729857, 0.683436, 1.48821, 0.0, 0.0, 0.0, 1.0]}, "099d792dbfb2402ca355fd7ed860128f_d2_4.png": {"intrinsics": {"fx": 1074.72, "fy": 1075.57, "cx": 634.139, "cy": 513.071}, "camera_to_world_matrix": [-0.865004, -0.325492, 0.381868, 18.3296, 0.501499, -0.585613, 0.636833, 13.7632, 0.016343, 0.742369, 0.669791, 1.48848, 0.0, 0.0, 0.0, 1.0]}, "099d792dbfb2402ca355fd7ed860128f_d2_5.png": {"intrinsics": {"fx": 1074.72, "fy": 1075.57, "cx": 634.139, "cy": 513.071}, "camera_to_world_matrix": [0.00176342, -0.662085, 0.749427, 18.3223, 0.999998, 0.000418591, -0.00198337, 13.7758, 0.000999569, 0.749428, 0.662084, 1.48864, 0.0, 0.0, 0.0, 1.0]}, "0eeeec62f5884cf396e3822ad3a1d5d7_d0_0.png": {"intrinsics": {"fx": 1074.61, "fy": 1075.44, "cx": 635.684, "cy": 519.372}, "camera_to_world_matrix": [-0.90378, -0.285185, -0.31914, 26.5259, -0.427996, 0.601854, 0.674234, 0.318535, -0.000205252, 0.74595, -0.666002, 1.38527, 0.0, 0.0, 0.0, 1.0]}, "0eeeec62f5884cf396e3822ad3a1d5d7_d0_1.png": {"intrinsics": {"fx": 1074.61, "fy": 1075.44, "cx": 635.684, "cy": 519.372}, "camera_to_world_matrix": [-0.822576, 0.373096, 0.429148, 26.5114, 0.568655, 0.54013, 0.620395, 0.319583, -0.000329042, 0.754359, -0.656462, 1.38509, 0.0, 0.0, 0.0, 1.0]}, "0eeeec62f5884cf396e3822ad3a1d5d7_d0_2.png": {"intrinsics": {"fx": 1074.61, "fy": 1075.44, "cx": 635.684, "cy": 519.372}, "camera_to_world_matrix": [0.0810868, 0.64877, 0.756652, 26.5051, 0.99665, -0.060868, -0.0546166, 0.332676, 0.0106223, 0.758546, -0.651533, 1.38499, 0.0, 0.0, 0.0, 1.0]}, "0eeeec62f5884cf396e3822ad3a1d5d7_d0_3.png": {"intrinsics": {"fx": 1074.61, "fy": 1075.44, "cx": 635.684, "cy": 519.372}, "camera_to_world_matrix": [0.903525, 0.266158, 0.335861, 26.5132, 0.427986, -0.60013, -0.675775, 0.344719, 0.0216973, 0.754323, -0.656144, 1.38508, 0.0, 0.0, 0.0, 1.0]}, "0eeeec62f5884cf396e3822ad3a1d5d7_d0_4.png": {"intrinsics": {"fx": 1074.61, "fy": 1075.44, "cx": 635.684, "cy": 519.372}, "camera_to_world_matrix": [0.822282, -0.39212, -0.412425, 26.5278, -0.568662, -0.538381, -0.621908, 0.34367, 0.0218206, 0.745914, -0.665685, 1.38527, 0.0, 0.0, 0.0, 1.0]}, "0eeeec62f5884cf396e3822ad3a1d5d7_d0_5.png": {"intrinsics": {"fx": 1074.61, "fy": 1075.44, "cx": 635.684, "cy": 519.372}, "camera_to_world_matrix": [-0.0813981, -0.667771, -0.739903, 26.5341, -0.996622, 0.0626285, 0.0531173, 0.330578, 0.0108689, 0.741727, -0.670613, 1.38536, 0.0, 0.0, 0.0, 1.0]}, "0eeeec62f5884cf396e3822ad3a1d5d7_d1_0.png": {"intrinsics": {"fx": 1075.98, "fy": 1076.47, "cx": 627.187, "cy": 512.785}, "camera_to_world_matrix": [-0.899782, -0.00354179, -0.436322, 26.5207, -0.436323, -0.000517147, 0.899789, 0.328516, -0.00341223, 0.999993, -0.00108105, 1.41845, 0.0, 0.0, 0.0, 1.0]}, "0eeeec62f5884cf396e3822ad3a1d5d7_d1_1.png": {"intrinsics": {"fx": 1075.98, "fy": 1076.47, "cx": 627.187, "cy": 512.785}, "camera_to_world_matrix": [-0.827764, -0.00955253, 0.560993, 26.5172, 0.561062, -0.00758209, 0.827738, 0.328768, -0.00365322, 0.999925, 0.0116348, 1.4184, 0.0, 0.0, 0.0, 1.0]}, "0eeeec62f5884cf396e3822ad3a1d5d7_d1_2.png": {"intrinsics": {"fx": 1075.98, "fy": 1076.47, "cx": 627.187, "cy": 512.785}, "camera_to_world_matrix": [0.0719421, -0.0186757, 0.997234, 26.5157, 0.997382, -0.00590867, -0.0720639, 0.331918, 0.00723844, 0.999808, 0.0182008, 1.41838, 0.0, 0.0, 0.0, 1.0]}, "0eeeec62f5884cf396e3822ad3a1d5d7_d1_3.png": {"intrinsics": {"fx": 1075.98, "fy": 1076.47, "cx": 627.187, "cy": 512.785}, "camera_to_world_matrix": [0.89961, -0.021788, 0.436148, 26.5176, 0.436305, 0.00282966, -0.899794, 0.334815, 0.0183708, 0.999758, 0.0120508, 1.4184, 0.0, 0.0, 0.0, 1.0]}, "0eeeec62f5884cf396e3822ad3a1d5d7_d1_4.png": {"intrinsics": {"fx": 1075.98, "fy": 1076.47, "cx": 627.187, "cy": 512.785}, "camera_to_world_matrix": [0.827553, -0.015777, -0.561165, 26.5211, -0.561077, 0.00989438, -0.827703, 0.334563, 0.0186113, 0.999826, -0.000665008, 1.41845, 0.0, 0.0, 0.0, 1.0]}, "0eeeec62f5884cf396e3822ad3a1d5d7_d1_5.png": {"intrinsics": {"fx": 1075.98, "fy": 1076.47, "cx": 627.187, "cy": 512.785}, "camera_to_world_matrix": [-0.0721707, -0.00665384, -0.99737, 26.5227, -0.997361, 0.00822059, 0.0721157, 0.331413, 0.0077194, 0.999944, -0.00723059, 1.41847, 0.0, 0.0, 0.0, 1.0]}, "0eeeec62f5884cf396e3822ad3a1d5d7_d2_0.png": {"intrinsics": {"fx": 1074.72, "fy": 1075.57, "cx": 634.139, "cy": 513.071}, "camera_to_world_matrix": [-0.901324, 0.283019, -0.327893, 26.5251, -0.432997, -0.608473, 0.665037, 0.318612, -0.0112956, 0.741391, 0.670978, 1.45177, 0.0, 0.0, 0.0, 1.0]}, "0eeeec62f5884cf396e3822ad3a1d5d7_d2_1.png": {"intrinsics": {"fx": 1074.72, "fy": 1075.57, "cx": 634.139, "cy": 513.071}, "camera_to_world_matrix": [-0.825597, -0.390818, 0.407002, 26.5106, 0.564143, -0.55702, 0.609485, 0.31966, -0.0114893, 0.732796, 0.680351, 1.45158, 0.0, 0.0, 0.0, 1.0]}, "0eeeec62f5884cf396e3822ad3a1d5d7_d2_2.png": {"intrinsics": {"fx": 1074.72, "fy": 1075.57, "cx": 634.139, "cy": 513.071}, "camera_to_world_matrix": [0.0757509, -0.683163, 0.726326, 26.5042, 0.997126, 0.0523182, -0.0547847, 0.332753, -0.000573034, 0.728389, 0.685163, 1.45149, 0.0, 0.0, 0.0, 1.0]}, "0eeeec62f5884cf396e3822ad3a1d5d7_d2_3.png": {"intrinsics": {"fx": 1074.72, "fy": 1075.57, "cx": 634.139, "cy": 513.071}, "camera_to_world_matrix": [0.901351, -0.301665, 0.310747, 26.5124, 0.432961, 0.610189, -0.663487, 0.344796, 0.0105367, 0.732576, 0.680603, 1.45158, 0.0, 0.0, 0.0, 1.0]}, "0eeeec62f5884cf396e3822ad3a1d5d7_d2_4.png": {"intrinsics": {"fx": 1074.72, "fy": 1075.57, "cx": 634.139, "cy": 513.071}, "camera_to_world_matrix": [0.825584, 0.37217, -0.424146, 26.5269, -0.564176, 0.558709, -0.607906, 0.343747, 0.01073, 0.741171, 0.67123, 1.45176, 0.0, 0.0, 0.0, 1.0]}, "0eeeec62f5884cf396e3822ad3a1d5d7_d2_5.png": {"intrinsics": {"fx": 1074.72, "fy": 1075.57, "cx": 634.139, "cy": 513.071}, "camera_to_world_matrix": [-0.0757804, 0.664491, -0.743443, 26.5333, -0.997124, -0.0506404, 0.0563763, 0.330655, -0.000186577, 0.745578, 0.666418, 1.45186, 0.0, 0.0, 0.0, 1.0]}, "1da885cbeedf485883df716d3944cbf8_d0_0.png": {"intrinsics": {"fx": 1074.61, "fy": 1075.44, "cx": 635.684, "cy": 519.372}, "camera_to_world_matrix": [0.946944, 0.20082, 0.250935, 16.3653, 0.321004, -0.629647, -0.707461, 0.161499, 0.0159282, 0.750477, -0.660704, 1.39515, 0.0, 0.0, 0.0, 1.0]}, "1da885cbeedf485883df716d3944cbf8_d0_1.png": {"intrinsics": {"fx": 1074.61, "fy": 1075.44, "cx": 635.684, "cy": 519.372}, "camera_to_world_matrix": [0.751446, -0.446008, -0.486216, 16.3796, -0.659651, -0.49247, -0.567745, 0.158785, 0.0137719, 0.747362, -0.664275, 1.39522, 0.0, 0.0, 0.0, 1.0]}, "1da885cbeedf485883df716d3944cbf8_d0_2.png": {"intrinsics": {"fx": 1074.61, "fy": 1075.44, "cx": 635.684, "cy": 519.372}, "camera_to_world_matrix": [-0.195569, -0.650621, -0.733789, 16.3844, -0.980652, 0.136296, 0.140515, 0.145049, 0.00859023, 0.747072, -0.664688, 1.39522, 0.0, 0.0, 0.0, 1.0]}, "1da885cbeedf485883df716d3944cbf8_d0_3.png": {"intrinsics": {"fx": 1074.61, "fy": 1075.44, "cx": 635.684, "cy": 519.372}, "camera_to_world_matrix": [-0.947066, -0.2084, -0.244205, 16.3749, -0.320992, 0.627872, 0.709042, 0.134026, 0.00556497, 0.749897, -0.661531, 1.39516, 0.0, 0.0, 0.0, 1.0]}, "1da885cbeedf485883df716d3944cbf8_d0_4.png": {"intrinsics": {"fx": 1074.61, "fy": 1075.44, "cx": 635.684, "cy": 519.372}, "camera_to_world_matrix": [-0.751529, 0.438422, 0.49294, 16.3606, 0.659655, 0.49067, 0.569297, 0.13674, 0.00772146, 0.753013, -0.657961, 1.39509, 0.0, 0.0, 0.0, 1.0]}, "1da885cbeedf485883df716d3944cbf8_d0_5.png": {"intrinsics": {"fx": 1074.61, "fy": 1075.44, "cx": 635.684, "cy": 519.372}, "camera_to_world_matrix": [0.195499, 0.64301, 0.740485, 16.3558, 0.980619, -0.138104, -0.138973, 0.150477, 0.0129031, 0.753303, -0.657547, 1.39509, 0.0, 0.0, 0.0, 1.0]}, "1da885cbeedf485883df716d3944cbf8_d1_0.png": {"intrinsics": {"fx": 1075.98, "fy": 1076.47, "cx": 627.187, "cy": 512.785}, "camera_to_world_matrix": [0.943989, -0.0139387, 0.32968, 16.3688, 0.329731, 0.00152521, -0.944073, 0.151027, 0.0126566, 0.999901, 0.0060348, 1.4284, 0.0, 0.0, 0.0, 1.0]}, "1da885cbeedf485883df716d3944cbf8_d1_1.png": {"intrinsics": {"fx": 1075.98, "fy": 1076.47, "cx": 627.187, "cy": 512.785}, "camera_to_world_matrix": [0.757532, -0.0071536, -0.652758, 16.3722, -0.652712, 0.00785039, -0.757565, 0.150375, 0.010544, 0.999943, 0.00127668, 1.42842, 0.0, 0.0, 0.0, 1.0]}, "1da885cbeedf485883df716d3944cbf8_d1_2.png": {"intrinsics": {"fx": 1075.98, "fy": 1076.47, "cx": 627.187, "cy": 512.785}, "camera_to_world_matrix": [-0.186512, 0.00171665, -0.982451, 16.3734, -0.982437, 0.0051367, 0.186519, 0.14707, 0.00536701, 0.999985, 0.00072743, 1.42842, 0.0, 0.0, 0.0, 1.0]}, "1da885cbeedf485883df716d3944cbf8_d1_3.png": {"intrinsics": {"fx": 1075.98, "fy": 1076.47, "cx": 627.187, "cy": 512.785}, "camera_to_world_matrix": [-0.944078, 0.0038016, -0.329699, 16.3711, -0.329712, -0.00390211, 0.944073, 0.144419, 0.00230274, 0.999985, 0.00493632, 1.42841, 0.0, 0.0, 0.0, 1.0]}, "1da885cbeedf485883df716d3944cbf8_d1_4.png": {"intrinsics": {"fx": 1075.98, "fy": 1076.47, "cx": 627.187, "cy": 512.785}, "camera_to_world_matrix": [-0.757583, -0.00298374, 0.652732, 16.3677, 0.652723, -0.010227, 0.757527, 0.145072, 0.00441551, 0.999943, 0.00969437, 1.42839, 0.0, 0.0, 0.0, 1.0]}, "1da885cbeedf485883df716d3944cbf8_d1_5.png": {"intrinsics": {"fx": 1075.98, "fy": 1076.47, "cx": 627.187, "cy": 512.785}, "camera_to_world_matrix": [0.186475, -0.0118539, 0.982388, 16.3665, 0.982412, -0.00751299, -0.18657, 0.148376, 0.00959252, 0.999901, 0.0102434, 1.42839, 0.0, 0.0, 0.0, 1.0]}, "1da885cbeedf485883df716d3944cbf8_d2_0.png": {"intrinsics": {"fx": 1074.72, "fy": 1075.57, "cx": 634.139, "cy": 513.071}, "camera_to_world_matrix": [0.945275, -0.223959, 0.23727, 16.365, 0.326238, 0.638084, -0.697437, 0.16142, 0.00479948, 0.736676, 0.676228, 1.46165, 0.0, 0.0, 0.0, 1.0]}, "1da885cbeedf485883df716d3944cbf8_d2_1.png": {"intrinsics": {"fx": 1074.72, "fy": 1075.57, "cx": 634.139, "cy": 513.071}, "camera_to_world_matrix": [0.755162, 0.439507, -0.486379, 16.3793, -0.655533, 0.509316, -0.557561, 0.158706, 0.00266915, 0.739886, 0.672727, 1.46171, 0.0, 0.0, 0.0, 1.0]}, "1da885cbeedf485883df716d3944cbf8_d2_2.png": {"intrinsics": {"fx": 1074.72, "fy": 1075.57, "cx": 634.139, "cy": 513.071}, "camera_to_world_matrix": [-0.190129, 0.65972, -0.727064, 16.3841, -0.981756, -0.129655, 0.139086, 0.14497, -0.00250999, 0.740243, 0.672334, 1.46172, 0.0, 0.0, 0.0, 1.0]}, "1da885cbeedf485883df716d3944cbf8_d2_3.png": {"intrinsics": {"fx": 1074.72, "fy": 1075.57, "cx": 634.139, "cy": 513.071}, "camera_to_world_matrix": [-0.945284, 0.216462, -0.244094, 16.3746, -0.326201, -0.639844, 0.69584, 0.133947, -0.00555869, 0.73739, 0.675444, 1.46166, 0.0, 0.0, 0.0, 1.0]}, "1da885cbeedf485883df716d3944cbf8_d2_4.png": {"intrinsics": {"fx": 1074.72, "fy": 1075.57, "cx": 634.139, "cy": 513.071}, "camera_to_world_matrix": [-0.755133, -0.446998, 0.47955, 16.3603, 0.655563, -0.51105, 0.555936, 0.136661, -0.00342816, 0.73418, 0.678946, 1.46159, 0.0, 0.0, 0.0, 1.0]}, "1da885cbeedf485883df716d3944cbf8_d2_5.png": {"intrinsics": {"fx": 1074.72, "fy": 1075.57, "cx": 634.139, "cy": 513.071}, "camera_to_world_matrix": [0.190171, -0.667186, 0.720207, 16.3555, 0.981749, 0.12793, -0.14072, 0.150398, 0.00175101, 0.733823, 0.679338, 1.46158, 0.0, 0.0, 0.0, 1.0]}, "2008e72476f84104858e908beeac0193_d0_0.png": {"intrinsics": {"fx": 1074.61, "fy": 1075.44, "cx": 635.684, "cy": 519.372}, "camera_to_world_matrix": [0.947696, 0.216611, 0.234417, 9.56311, 0.319165, -0.638033, -0.700747, 3.27432, -0.00222373, 0.738913, -0.673797, 1.3987, 0.0, 0.0, 0.0, 1.0]}, "2008e72476f84104858e908beeac0193_d0_1.png": {"intrinsics": {"fx": 1074.61, "fy": 1075.44, "cx": 635.684, "cy": 519.372}, "camera_to_world_matrix": [0.750254, -0.429847, -0.502345, 9.5774, -0.661067, -0.499706, -0.559717, 3.27158, -0.0104324, 0.752014, -0.659065, 1.39841, 0.0, 0.0, 0.0, 1.0]}, "2008e72476f84104858e908beeac0193_d0_2.png": {"intrinsics": {"fx": 1074.61, "fy": 1075.44, "cx": 635.684, "cy": 519.372}, "camera_to_world_matrix": [-0.197269, -0.633164, -0.748457, 9.58217, -0.980346, 0.129382, 0.148936, 3.25783, 0.00253608, 0.763127, -0.646243, 1.39816, 0.0, 0.0, 0.0, 1.0]}, "2008e72476f84104858e908beeac0193_d0_3.png": {"intrinsics": {"fx": 1074.61, "fy": 1075.44, "cx": 635.684, "cy": 519.372}, "camera_to_world_matrix": [-0.947328, -0.19002, -0.257802, 9.57265, -0.319385, 0.620128, 0.716543, 3.24683, 0.023713, 0.761139, -0.648155, 1.3982, 0.0, 0.0, 0.0, 1.0]}, "2008e72476f84104858e908beeac0193_d0_4.png": {"intrinsics": {"fx": 1074.61, "fy": 1075.44, "cx": 635.684, "cy": 519.372}, "camera_to_world_matrix": [-0.749848, 0.456433, 0.478955, 9.55836, 0.66084, 0.481776, 0.575484, 3.24957, 0.0319209, 0.748038, -0.662888, 1.39849, 0.0, 0.0, 0.0, 1.0]}, "2008e72476f84104858e908beeac0193_d0_5.png": {"intrinsics": {"fx": 1074.61, "fy": 1075.44, "cx": 635.684, "cy": 519.372}, "camera_to_world_matrix": [0.197688, 0.659725, 0.725039, 9.5536, 0.980082, -0.14732, -0.133178, 3.26331, 0.0189517, 0.736925, -0.675709, 1.39873, 0.0, 0.0, 0.0, 1.0]}, "2008e72476f84104858e908beeac0193_d1_0.png": {"intrinsics": {"fx": 1075.98, "fy": 1076.47, "cx": 627.187, "cy": 512.785}, "camera_to_world_matrix": [0.944685, 0.00884235, 0.327857, 9.56732, 0.327933, -0.00920912, -0.944656, 3.26348, -0.00533343, 0.999918, -0.0116004, 1.43175, 0.0, 0.0, 0.0, 1.0]}, "2008e72476f84104858e908beeac0193_d1_1.png": {"intrinsics": {"fx": 1075.98, "fy": 1076.47, "cx": 627.187, "cy": 512.785}, "camera_to_world_matrix": [0.756279, 0.0156392, -0.654062, 9.57076, -0.654104, -0.00289657, -0.756398, 3.26282, -0.0137237, 0.999873, 0.00803804, 1.43168, 0.0, 0.0, 0.0, 1.0]}, "2008e72476f84104858e908beeac0193_d1_2.png": {"intrinsics": {"fx": 1075.98, "fy": 1076.47, "cx": 627.187, "cy": 512.785}, "camera_to_world_matrix": [-0.188291, 0.0245027, -0.981807, 9.57191, -0.982112, -0.00562599, 0.18821, 3.25952, -0.000911731, 0.999684, 0.0251227, 1.43162, 0.0, 0.0, 0.0, 1.0]}, "2008e72476f84104858e908beeac0193_d1_3.png": {"intrinsics": {"fx": 1075.98, "fy": 1076.47, "cx": 627.187, "cy": 512.785}, "camera_to_world_matrix": [-0.944433, 0.0265691, -0.327626, 9.56962, -0.328075, -0.0146679, 0.944538, 3.25687, 0.0202902, 0.999539, 0.0225685, 1.43163, 0.0, 0.0, 0.0, 1.0]}, "2008e72476f84104858e908beeac0193_d1_4.png": {"intrinsics": {"fx": 1075.98, "fy": 1076.47, "cx": 627.187, "cy": 512.785}, "camera_to_world_matrix": [-0.755988, 0.0197721, 0.654286, 9.56618, 0.653955, -0.0209802, 0.756241, 3.25753, 0.0286797, 0.999584, 0.0029297, 1.4317, 0.0, 0.0, 0.0, 1.0]}, "2008e72476f84104858e908beeac0193_d1_5.png": {"intrinsics": {"fx": 1075.98, "fy": 1076.47, "cx": 627.187, "cy": 512.785}, "camera_to_world_matrix": [0.188594, 0.0109087, 0.981994, 9.56503, 0.981926, -0.0182504, -0.188379, 3.26083, 0.0158671, 0.999773, -0.0141545, 1.43176, 0.0, 0.0, 0.0, 1.0]}, "2008e72476f84104858e908beeac0193_d2_0.png": {"intrinsics": {"fx": 1074.72, "fy": 1075.57, "cx": 634.139, "cy": 513.071}, "camera_to_world_matrix": [0.945785, -0.205855, 0.251225, 9.56429, 0.324522, 0.630509, -0.705084, 3.27352, -0.0132548, 0.748386, 0.66313, 1.46518, 0.0, 0.0, 0.0, 1.0]}, "2008e72476f84104858e908beeac0193_d2_1.png": {"intrinsics": {"fx": 1074.72, "fy": 1075.57, "cx": 634.139, "cy": 513.071}, "camera_to_world_matrix": [0.753724, 0.457255, -0.472036, 9.57858, -0.656837, 0.50056, -0.563919, 3.27078, -0.0215722, 0.73509, 0.677625, 1.4649, 0.0, 0.0, 0.0, 1.0]}, "2008e72476f84104858e908beeac0193_d2_2.png": {"intrinsics": {"fx": 1074.72, "fy": 1075.57, "cx": 634.139, "cy": 513.071}, "camera_to_world_matrix": [-0.192085, 0.67615, -0.711284, 9.58335, -0.98134, -0.13876, 0.133108, 3.25704, -0.00869648, 0.723579, 0.690186, 1.46465, 0.0, 0.0, 0.0, 1.0]}, "2008e72476f84104858e908beeac0193_d2_3.png": {"intrinsics": {"fx": 1074.72, "fy": 1075.57, "cx": 634.139, "cy": 513.071}, "camera_to_world_matrix": [-0.945811, 0.231931, -0.227264, 9.57383, -0.324476, -0.648117, 0.688956, 3.24603, 0.0124964, 0.725364, 0.688252, 1.46468, 0.0, 0.0, 0.0, 1.0]}, "2008e72476f84104858e908beeac0193_d2_4.png": {"intrinsics": {"fx": 1074.72, "fy": 1075.57, "cx": 634.139, "cy": 513.071}, "camera_to_world_matrix": [-0.753712, -0.431174, 0.495992, 9.55954, 0.656875, -0.518142, 0.547763, 3.24877, 0.0208131, 0.73866, 0.673756, 1.46497, 0.0, 0.0, 0.0, 1.0]}, "2008e72476f84104858e908beeac0193_d2_5.png": {"intrinsics": {"fx": 1074.72, "fy": 1075.57, "cx": 634.139, "cy": 513.071}, "camera_to_world_matrix": [0.19211, -0.650044, 0.735212, 9.55477, 0.981341, 0.121187, -0.149274, 3.26252, 0.00793671, 0.750171, 0.661196, 1.46522, 0.0, 0.0, 0.0, 1.0]}, "22fff6c74efb476592569c18718feb41_d0_0.png": {"intrinsics": {"fx": 1074.61, "fy": 1075.44, "cx": 635.684, "cy": 519.372}, "camera_to_world_matrix": [-0.515332, 0.577082, 0.633569, 1.84379, 0.8569, 0.336237, 0.390726, 8.40152, 0.0124517, 0.744259, -0.667775, 1.39284, 0.0, 0.0, 0.0, 1.0]}, "22fff6c74efb476592569c18718feb41_d0_1.png": {"intrinsics": {"fx": 1074.61, "fy": 1075.44, "cx": 635.684, "cy": 519.372}, "camera_to_world_matrix": [0.484424, 0.58089, 0.654141, 1.8434, 0.874824, -0.32497, -0.359272, 8.41606, 0.00387913, 0.746298, -0.6656, 1.39279, 0.0, 0.0, 0.0, 1.0]}, "22fff6c74efb476592569c18718feb41_d0_2.png": {"intrinsics": {"fx": 1074.61, "fy": 1075.44, "cx": 635.684, "cy": 519.372}, "camera_to_world_matrix": [0.999836, 0.0101852, 0.0149257, 1.8558, 0.0179385, -0.658849, -0.752061, 8.42368, 0.00217392, 0.752206, -0.658924, 1.39267, 0.0, 0.0, 0.0, 1.0]}, "22fff6c74efb476592569c18718feb41_d0_3.png": {"intrinsics": {"fx": 1074.61, "fy": 1075.44, "cx": 635.684, "cy": 519.372}, "camera_to_world_matrix": [0.515482, -0.564314, -0.644847, 1.86859, -0.856853, -0.331513, -0.394845, 8.41675, 0.00904129, 0.756074, -0.654423, 1.39258, 0.0, 0.0, 0.0, 1.0]}, "22fff6c74efb476592569c18718feb41_d0_4.png": {"intrinsics": {"fx": 1074.61, "fy": 1075.44, "cx": 635.684, "cy": 519.372}, "camera_to_world_matrix": [-0.484275, -0.568096, -0.66539, 1.86898, -0.874738, 0.329694, 0.355154, 8.4022, 0.0176137, 0.754034, -0.656599, 1.39262, 0.0, 0.0, 0.0, 1.0]}, "22fff6c74efb476592569c18718feb41_d0_5.png": {"intrinsics": {"fx": 1074.61, "fy": 1075.44, "cx": 635.684, "cy": 519.372}, "camera_to_world_matrix": [-0.999654, 0.00262121, -0.0261593, 1.85658, -0.0178319, 0.663551, 0.747919, 8.39459, 0.0193186, 0.748127, -0.663275, 1.39275, 0.0, 0.0, 0.0, 1.0]}, "22fff6c74efb476592569c18718feb41_d1_0.png": {"intrinsics": {"fx": 1075.98, "fy": 1076.47, "cx": 627.187, "cy": 512.785}, "camera_to_world_matrix": [-0.52325, 0.00775674, 0.852143, 1.85349, 0.852128, -0.00611119, 0.523296, 8.4074, 0.00926696, 0.999951, -0.00341307, 1.42599, 0.0, 0.0, 0.0, 1.0]}, "22fff6c74efb476592569c18718feb41_d1_1.png": {"intrinsics": {"fx": 1075.98, "fy": 1076.47, "cx": 627.187, "cy": 512.785}, "camera_to_world_matrix": [0.476327, 0.000131248, 0.879267, 1.8534, 0.879267, -0.000829464, -0.476327, 8.4109, 0.000667076, 0.999999, -0.000511508, 1.42598, 0.0, 0.0, 0.0, 1.0]}, "22fff6c74efb476592569c18718feb41_d1_2.png": {"intrinsics": {"fx": 1075.98, "fy": 1076.47, "cx": 627.187, "cy": 512.785}, "camera_to_world_matrix": [0.99963, 0.000892411, 0.0271508, 1.85638, 0.0271426, 0.00841535, -0.999596, 8.41273, -0.00112026, 0.999964, 0.00838701, 1.42595, 0.0, 0.0, 0.0, 1.0]}, "22fff6c74efb476592569c18718feb41_d1_3.png": {"intrinsics": {"fx": 1075.98, "fy": 1076.47, "cx": 627.187, "cy": 512.785}, "camera_to_world_matrix": [0.523344, 0.00927905, -0.85207, 1.85946, -0.852101, 0.0123782, -0.523229, 8.41107, 0.00569232, 0.99988, 0.0143838, 1.42593, 0.0, 0.0, 0.0, 1.0]}, "22fff6c74efb476592569c18718feb41_d1_4.png": {"intrinsics": {"fx": 1075.98, "fy": 1076.47, "cx": 627.187, "cy": 512.785}, "camera_to_world_matrix": [-0.476234, 0.0169043, -0.879155, 1.85955, -0.879201, 0.0070962, 0.476396, 8.40757, 0.0142921, 0.999831, 0.0114819, 1.42594, 0.0, 0.0, 0.0, 1.0]}, "22fff6c74efb476592569c18718feb41_d1_5.png": {"intrinsics": {"fx": 1075.98, "fy": 1076.47, "cx": 627.187, "cy": 512.785}, "camera_to_world_matrix": [-0.999504, 0.0161428, -0.0270181, 1.85657, -0.0270565, -0.00214858, 0.999631, 8.40574, 0.0160791, 0.999867, 0.00258327, 1.42597, 0.0, 0.0, 0.0, 1.0]}, "22fff6c74efb476592569c18718feb41_d2_0.png": {"intrinsics": {"fx": 1074.72, "fy": 1075.57, "cx": 634.139, "cy": 513.071}, "camera_to_world_matrix": [-0.52016, -0.571059, 0.635079, 1.84436, 0.854067, -0.348993, 0.385711, 8.40173, 0.00137487, 0.743032, 0.669255, 1.45933, 0.0, 0.0, 0.0, 1.0]}, "22fff6c74efb476592569c18718feb41_d2_1.png": {"intrinsics": {"fx": 1074.72, "fy": 1075.57, "cx": 634.139, "cy": 513.071}, "camera_to_world_matrix": [0.479539, -0.586627, 0.652618, 1.84396, 0.87749, 0.326678, -0.351129, 8.41627, -0.00721441, 0.741047, 0.671414, 1.45929, 0.0, 0.0, 0.0, 1.0]}, "22fff6c74efb476592569c18718feb41_d2_2.png": {"intrinsics": {"fx": 1074.72, "fy": 1075.57, "cx": 634.139, "cy": 513.071}, "camera_to_world_matrix": [0.999686, -0.00927665, 0.0232818, 1.85636, 0.0234023, 0.677974, -0.734714, 8.42388, -0.00896871, 0.735028, 0.677977, 1.45916, 0.0, 0.0, 0.0, 1.0]}, "22fff6c74efb476592569c18718feb41_d2_3.png": {"intrinsics": {"fx": 1074.72, "fy": 1075.57, "cx": 634.139, "cy": 513.071}, "camera_to_world_matrix": [0.520121, 0.583629, -0.62358, 1.86916, -0.85409, 0.35359, -0.38145, 8.41695, -0.00213369, 0.730994, 0.68238, 1.45908, 0.0, 0.0, 0.0, 1.0]}, "22fff6c74efb476592569c18718feb41_d2_4.png": {"intrinsics": {"fx": 1074.72, "fy": 1075.57, "cx": 634.139, "cy": 513.071}, "camera_to_world_matrix": [-0.47958, 0.599171, -0.641091, 1.86955, -0.877474, -0.322082, 0.35539, 8.40241, 0.00645549, 0.732979, 0.68022, 1.45912, 0.0, 0.0, 0.0, 1.0]}, "22fff6c74efb476592569c18718feb41_d2_5.png": {"intrinsics": {"fx": 1074.72, "fy": 1075.57, "cx": 634.139, "cy": 513.071}, "camera_to_world_matrix": [-0.999693, 0.0218065, -0.0117391, 1.85715, -0.0233655, -0.673355, 0.73895, 8.3948, 0.00820945, 0.738998, 0.673657, 1.45925, 0.0, 0.0, 0.0, 1.0]}, "27e6db9c80fc4c9dbc527da0cb955768_d0_0.png": {"intrinsics": {"fx": 1074.61, "fy": 1075.44, "cx": 635.684, "cy": 519.372}, "camera_to_world_matrix": [-0.880449, -0.321318, -0.34866, 14.1534, -0.474128, 0.591262, 0.652389, 6.3165, -0.00347465, 0.739705, -0.672922, 1.39135, 0.0, 0.0, 0.0, 1.0]}, "27e6db9c80fc4c9dbc527da0cb955768_d0_1.png": {"intrinsics": {"fx": 1074.61, "fy": 1075.44, "cx": 635.684, "cy": 519.372}, "camera_to_world_matrix": [-0.850818, 0.339192, 0.40132, 14.1388, 0.525365, 0.563702, 0.637363, 6.31679, -0.0100361, 0.753119, -0.657808, 1.39105, 0.0, 0.0, 0.0, 1.0]}, "27e6db9c80fc4c9dbc527da0cb955768_d0_2.png": {"intrinsics": {"fx": 1074.61, "fy": 1075.44, "cx": 635.684, "cy": 519.372}, "camera_to_world_matrix": [0.0294356, 0.645494, 0.763197, 14.1318, 0.999557, -0.022204, -0.019772, 6.32954, 0.00418338, 0.763442, -0.645863, 1.39082, 0.0, 0.0, 0.0, 1.0]}, "27e6db9c80fc4c9dbc527da0cb955768_d0_3.png": {"intrinsics": {"fx": 1074.61, "fy": 1075.44, "cx": 635.684, "cy": 519.372}, "camera_to_world_matrix": [0.880037, 0.291279, 0.375087, 14.1394, 0.474247, -0.580537, -0.661866, 6.34199, 0.0249639, 0.760351, -0.649033, 1.39088, 0.0, 0.0, 0.0, 1.0]}, "27e6db9c80fc4c9dbc527da0cb955768_d0_4.png": {"intrinsics": {"fx": 1074.61, "fy": 1075.44, "cx": 635.684, "cy": 519.372}, "camera_to_world_matrix": [0.850367, -0.36923, -0.374893, 14.1539, -0.525244, -0.552951, -0.64681, 6.34169, 0.0315245, 0.746937, -0.664148, 1.39118, 0.0, 0.0, 0.0, 1.0]}, "27e6db9c80fc4c9dbc527da0cb955768_d0_5.png": {"intrinsics": {"fx": 1074.61, "fy": 1075.44, "cx": 635.684, "cy": 519.372}, "camera_to_world_matrix": [-0.0299048, -0.675509, -0.736745, 14.1609, -0.999403, 0.0329673, 0.010339, 6.32894, 0.0173045, 0.736614, -0.676092, 1.39141, 0.0, 0.0, 0.0, 1.0]}, "27e6db9c80fc4c9dbc527da0cb955768_d1_0.png": {"intrinsics": {"fx": 1075.98, "fy": 1076.47, "cx": 627.187, "cy": 512.785}, "camera_to_world_matrix": [-0.876003, -0.0108082, -0.482182, 14.1474, -0.482258, 0.00595738, 0.876008, 6.32641, -0.00659521, 0.999923, -0.010432, 1.42441, 0.0, 0.0, 0.0, 1.0]}, "27e6db9c80fc4c9dbc527da0cb955768_d1_1.png": {"intrinsics": {"fx": 1075.98, "fy": 1076.47, "cx": 627.187, "cy": 512.785}, "camera_to_world_matrix": [-0.855582, -0.0164454, 0.517404, 14.1439, 0.517493, -0.00140908, 0.855686, 6.32648, -0.0133428, 0.999863, 0.00971497, 1.42434, 0.0, 0.0, 0.0, 1.0]}, "27e6db9c80fc4c9dbc527da0cb955768_d1_2.png": {"intrinsics": {"fx": 1075.98, "fy": 1076.47, "cx": 627.187, "cy": 512.785}, "camera_to_world_matrix": [0.0202903, -0.0256418, 0.999465, 14.1422, 0.999793, -0.000210247, -0.0203027, 6.32955, 0.000730997, 0.999671, 0.0256312, 1.42429, 0.0, 0.0, 0.0, 1.0]}, "27e6db9c80fc4c9dbc527da0cb955768_d1_3.png": {"intrinsics": {"fx": 1075.98, "fy": 1076.47, "cx": 627.187, "cy": 512.785}, "camera_to_world_matrix": [0.875723, -0.0292006, 0.481929, 14.144, 0.482331, 0.00835502, -0.875948, 6.33254, 0.021