{"114842471cc14a44b2f284c943281413_d0_0.png": {"intrinsics": {"fx": 1074.61, "fy": 1075.44, "cx": 635.684, "cy": 519.372}, "camera_to_world_matrix": [0.22815, -0.647087, -0.727479, 5.90544, -0.973602, -0.156817, -0.165851, 0.473419, -0.00676124, 0.746114, -0.665784, 1.43386, 0.0, 0.0, 0.0, 1.0]}, "114842471cc14a44b2f284c943281413_d0_1.png": {"intrinsics": {"fx": 1074.61, "fy": 1075.44, "cx": 635.684, "cy": 519.372}, "camera_to_world_matrix": [-0.729072, -0.448158, -0.517308, 5.90136, -0.684428, 0.473655, 0.554264, 0.459455, -0.00337176, 0.758159, -0.652061, 1.43359, 0.0, 0.0, 0.0, 1.0]}, "114842471cc14a44b2f284c943281413_d0_2.png": {"intrinsics": {"fx": 1074.61, "fy": 1075.44, "cx": 635.684, "cy": 519.372}, "camera_to_world_matrix": [-0.957227, 0.197412, 0.211528, 5.88723, 0.288991, 0.616614, 0.732305, 0.456006, 0.0141347, 0.762113, -0.64729, 1.4335, 0.0, 0.0, 0.0, 1.0]}, "114842471cc14a44b2f284c943281413_d0_3.png": {"intrinsics": {"fx": 1074.61, "fy": 1075.44, "cx": 635.684, "cy": 519.372}, "camera_to_world_matrix": [-0.228156, 0.644038, 0.730178, 5.87717, 0.973214, 0.129097, 0.190229, 0.466522, 0.0282513, 0.754022, -0.656242, 1.43367, 0.0, 0.0, 0.0, 1.0]}, "114842471cc14a44b2f284c943281413_d0_4.png": {"intrinsics": {"fx": 1074.61, "fy": 1075.44, "cx": 635.684, "cy": 519.372}, "camera_to_world_matrix": [0.729055, 0.445084, 0.519979, 5.88126, 0.684003, -0.501368, -0.529877, 0.480485, 0.0248611, 0.741977, -0.669964, 1.43394, 0.0, 0.0, 0.0, 1.0]}, "114842471cc14a44b2f284c943281413_d0_5.png": {"intrinsics": {"fx": 1074.61, "fy": 1075.44, "cx": 635.684, "cy": 519.372}, "camera_to_world_matrix": [0.957172, -0.200491, -0.208864, 5.89539, -0.289425, -0.644301, -0.70789, 0.483933, 0.00735437, 0.738024, -0.674735, 1.43403, 0.0, 0.0, 0.0, 1.0]}, "114842471cc14a44b2f284c943281413_d1_0.png": {"intrinsics": {"fx": 1075.98, "fy": 1076.47, "cx": 627.187, "cy": 512.785}, "camera_to_world_matrix": [0.237126, 0.00152061, -0.971477, 5.89464, -0.971427, -0.00989219, -0.237129, 0.470186, -0.00997034, 0.99995, -0.000869546, 1.46703, 0.0, 0.0, 0.0, 1.0]}, "114842471cc14a44b2f284c943281413_d1_1.png": {"intrinsics": {"fx": 1075.98, "fy": 1076.47, "cx": 627.187, "cy": 512.785}, "camera_to_world_matrix": [-0.722748, 0.00716179, -0.691073, 5.89366, -0.691077, -0.0172548, 0.722574, 0.466827, -0.00674917, 0.999825, 0.0174193, 1.46697, 0.0, 0.0, 0.0, 1.0]}, "114842471cc14a44b2f284c943281413_d1_2.png": {"intrinsics": {"fx": 1075.98, "fy": 1076.47, "cx": 627.187, "cy": 512.785}, "camera_to_world_matrix": [-0.959873, 0.00360514, 0.280408, 5.89026, 0.280227, -0.0258205, 0.959586, 0.465997, 0.0107, 0.99966, 0.0237731, 1.46695, 0.0, 0.0, 0.0, 1.0]}, "114842471cc14a44b2f284c943281413_d1_3.png": {"intrinsics": {"fx": 1075.98, "fy": 1076.47, "cx": 627.187, "cy": 512.785}, "camera_to_world_matrix": [-0.237119, -0.00559262, 0.971464, 5.88784, 0.97116, -0.0270233, 0.236889, 0.468527, 0.0249276, 0.999619, 0.011838, 1.46699, 0.0, 0.0, 0.0, 1.0]}, "114842471cc14a44b2f284c943281413_d1_4.png": {"intrinsics": {"fx": 1075.98, "fy": 1076.47, "cx": 627.187, "cy": 512.785}, "camera_to_world_matrix": [0.722744, -0.0112335, 0.691023, 5.88882, 0.690773, -0.0196604, -0.722804, 0.471886, 0.0217057, 0.999743, -0.00645064, 1.46705, 0.0, 0.0, 0.0, 1.0]}, "114842471cc14a44b2f284c943281413_d1_5.png": {"intrinsics": {"fx": 1075.98, "fy": 1076.47, "cx": 627.187, "cy": 512.785}, "camera_to_world_matrix": [0.959832, -0.00767653, -0.280468, 5.89222, -0.280541, -0.0110949, -0.959777, 0.472715, 0.00425627, 0.999909, -0.0128038, 1.46707, 0.0, 0.0, 0.0, 1.0]}, "114842471cc14a44b2f284c943281413_d2_0.png": {"intrinsics": {"fx": 1074.72, "fy": 1075.57, "cx": 634.139, "cy": 513.071}, "camera_to_world_matrix": [0.233536, 0.655721, -0.717977, 5.90531, -0.972184, 0.143906, -0.184794, 0.472191, -0.0178524, 0.741162, 0.671088, 1.50035, 0.0, 0.0, 0.0, 1.0]}, "114842471cc14a44b2f284c943281413_d2_1.png": {"intrinsics": {"fx": 1074.72, "fy": 1075.57, "cx": 634.139, "cy": 513.071}, "camera_to_world_matrix": [-0.725317, 0.463556, -0.508951, 5.90123, -0.688261, -0.503935, 0.521868, 0.458227, -0.0145631, 0.728811, 0.68456, 1.50008, 0.0, 0.0, 0.0, 1.0]}, "114842471cc14a44b2f284c943281413_d2_2.png": {"intrinsics": {"fx": 1074.72, "fy": 1075.57, "cx": 634.139, "cy": 513.071}, "camera_to_world_matrix": [-0.958836, -0.193676, 0.207662, 5.88709, 0.283946, -0.661435, 0.694175, 0.454779, 0.00291002, 0.724565, 0.6892, 1.49999, 0.0, 0.0, 0.0, 1.0]}, "114842471cc14a44b2f284c943281413_d2_3.png": {"intrinsics": {"fx": 1074.72, "fy": 1075.57, "cx": 634.139, "cy": 513.071}, "camera_to_world_matrix": [-0.233496, -0.658728, 0.715232, 5.87704, 0.972207, -0.17109, 0.159816, 0.465294, 0.0170935, 0.73267, 0.680369, 1.50016, 0.0, 0.0, 0.0, 1.0]}, "114842471cc14a44b2f284c943281413_d2_4.png": {"intrinsics": {"fx": 1074.72, "fy": 1075.57, "cx": 634.139, "cy": 513.071}, "camera_to_world_matrix": [0.725345, -0.466538, 0.506178, 5.88112, 0.688246, 0.476744, -0.546838, 0.479258, 0.0138036, 0.745022, 0.666897, 1.50043, 0.0, 0.0, 0.0, 1.0]}, "114842471cc14a44b2f284c943281413_d2_5.png": {"intrinsics": {"fx": 1074.72, "fy": 1075.57, "cx": 634.139, "cy": 513.071}, "camera_to_world_matrix": [0.958826, 0.1907, -0.210442, 5.89526, -0.283969, 0.634218, -0.719117, 0.482706, -0.00366978, 0.749267, 0.662257, 1.50052, 0.0, 0.0, 0.0, 1.0]}, "1223ee164fc040c0bd13c366f7a22059_d0_0.png": {"intrinsics": {"fx": 1074.61, "fy": 1075.44, "cx": 635.684, "cy": 519.372}, "camera_to_world_matrix": [0.706826, -0.468039, -0.530411, 14.0441, -0.707351, -0.460026, -0.536684, 4.54642, 0.00718645, 0.754529, -0.656227, 1.43841, 0.0, 0.0, 0.0, 1.0]}, "1223ee164fc040c0bd13c366f7a22059_d0_1.png": {"intrinsics": {"fx": 1074.61, "fy": 1075.44, "cx": 635.684, "cy": 519.372}, "camera_to_world_matrix": [-0.259141, -0.631096, -0.731138, 14.048, -0.965728, 0.180775, 0.186249, 4.5324, 0.0146299, 0.754346, -0.656314, 1.43842, 0.0, 0.0, 0.0, 1.0]}, "1223ee164fc040c0bd13c366f7a22059_d0_2.png": {"intrinsics": {"fx": 1074.61, "fy": 1075.44, "cx": 635.684, "cy": 519.372}, "camera_to_world_matrix": [-0.965884, -0.157684, -0.205433, 14.0378, -0.258333, 0.642375, 0.721539, 4.52202, 0.0181898, 0.749993, -0.661196, 1.43851, 0.0, 0.0, 0.0, 1.0]}, "1223ee164fc040c0bd13c366f7a22059_d0_3.png": {"intrinsics": {"fx": 1074.61, "fy": 1075.44, "cx": 635.684, "cy": 519.372}, "camera_to_world_matrix": [-0.706645, 0.478774, 0.520988, 14.0237, 0.707424, 0.463164, 0.533882, 4.52566, 0.0143062, 0.745824, -0.66599, 1.4386, 0.0, 0.0, 0.0, 1.0]}, "1223ee164fc040c0bd13c366f7a22059_d0_4.png": {"intrinsics": {"fx": 1074.61, "fy": 1075.44, "cx": 635.684, "cy": 519.372}, "camera_to_world_matrix": [0.259333, 0.641806, 0.721686, 14.0198, 0.965764, -0.177643, -0.18906, 4.53968, 0.0068628, 0.746008, -0.665902, 1.4386, 0.0, 0.0, 0.0, 1.0]}, "1223ee164fc040c0bd13c366f7a22059_d0_5.png": {"intrinsics": {"fx": 1074.61, "fy": 1075.44, "cx": 635.684, "cy": 519.372}, "camera_to_world_matrix": [0.966048, 0.168376, 0.19596, 14.03, 0.25834, -0.639225, -0.724328, 4.55006, 0.00330313, 0.75036, -0.661021, 1.43851, 0.0, 0.0, 0.0, 1.0]}, "1223ee164fc040c0bd13c366f7a22059_d1_0.png": {"intrinsics": {"fx": 1075.98, "fy": 1076.47, "cx": 627.187, "cy": 512.785}, "camera_to_world_matrix": [0.713312, 0.00565283, -0.700823, 14.0366, -0.700834, 0.0112594, -0.713234, 4.53861, 0.00385933, 0.99992, 0.0119922, 1.47174, 0.0, 0.0, 0.0, 1.0]}, "1223ee164fc040c0bd13c366f7a22059_d1_1.png": {"intrinsics": {"fx": 1075.98, "fy": 1076.47, "cx": 627.187, "cy": 512.785}, "camera_to_world_matrix": [-0.25026, 0.0143265, -0.968072, 14.0375, -0.968112, 0.00797141, 0.250389, 4.53523, 0.0113044, 0.999865, 0.0118738, 1.47174, 0.0, 0.0, 0.0, 1.0]}, "1223ee164fc040c0bd13c366f7a22059_d1_2.png": {"intrinsics": {"fx": 1075.98, "fy": 1076.47, "cx": 627.187, "cy": 512.785}, "camera_to_world_matrix": [-0.963514, 0.0158159, -0.267188, 14.0351, -0.26724, -0.00118439, 0.963629, 4.53274, 0.0149245, 0.999874, 0.00536682, 1.47176, 0.0, 0.0, 0.0, 1.0]}, "1223ee164fc040c0bd13c366f7a22059_d1_3.png": {"intrinsics": {"fx": 1075.98, "fy": 1076.47, "cx": 627.187, "cy": 512.785}, "camera_to_world_matrix": [-0.713178, 0.00863163, 0.700929, 14.0317, 0.700894, -0.00705198, 0.71323, 4.53361, 0.0110995, 0.999937, -0.00102155, 1.47178, 0.0, 0.0, 0.0, 1.0]}, "1223ee164fc040c0bd13c366f7a22059_d1_4.png": {"intrinsics": {"fx": 1075.98, "fy": 1076.47, "cx": 627.187, "cy": 512.785}, "camera_to_world_matrix": [0.250405, -4.19486e-05, 0.968141, 14.0308, 0.968133, -0.00376364, -0.250404, 4.53699, 0.00365451, 0.999992, -0.000902835, 1.47178, 0.0, 0.0, 0.0, 1.0]}, "1223ee164fc040c0bd13c366f7a22059_d1_5.png": {"intrinsics": {"fx": 1075.98, "fy": 1076.47, "cx": 627.187, "cy": 512.785}, "camera_to_world_matrix": [0.963631, -0.00153101, 0.267229, 14.0332, 0.267233, 0.00539222, -0.963616, 4.53948, 3.46163e-05, 0.999984, 0.00560424, 1.47176, 0.0, 0.0, 0.0, 1.0]}, "1223ee164fc040c0bd13c366f7a22059_d2_0.png": {"intrinsics": {"fx": 1074.72, "fy": 1075.57, "cx": 634.139, "cy": 513.071}, "camera_to_world_matrix": [0.710666, 0.480914, -0.513493, 14.0446, -0.703518, 0.48166, -0.522557, 4.54656, -0.0039757, 0.732615, 0.680631, 1.50491, 0.0, 0.0, 0.0, 1.0]}, "1223ee164fc040c0bd13c366f7a22059_d2_1.png": {"intrinsics": {"fx": 1074.72, "fy": 1075.57, "cx": 634.139, "cy": 513.071}, "camera_to_world_matrix": [-0.253921, 0.658871, -0.708105, 14.0485, -0.967218, -0.170344, 0.188338, 4.53254, 0.00346906, 0.732716, 0.680526, 1.50491, 0.0, 0.0, 0.0, 1.0]}, "1223ee164fc040c0bd13c366f7a22059_d2_2.png": {"intrinsics": {"fx": 1074.72, "fy": 1075.57, "cx": 634.139, "cy": 513.071}, "camera_to_world_matrix": [-0.964584, 0.183206, -0.189769, 14.0383, -0.26368, -0.65045, 0.712312, 4.52216, 0.00706508, 0.737123, 0.675721, 1.50501, 0.0, 0.0, 0.0, 1.0]}, "1223ee164fc040c0bd13c366f7a22059_d2_3.png": {"intrinsics": {"fx": 1074.72, "fy": 1075.57, "cx": 634.139, "cy": 513.071}, "camera_to_world_matrix": [-0.710644, -0.470404, 0.523168, 14.0242, 0.703544, -0.478541, 0.52538, 4.5258, 0.00321627, 0.74143, 0.671022, 1.5051, 0.0, 0.0, 0.0, 1.0]}, "1223ee164fc040c0bd13c366f7a22059_d2_4.png": {"intrinsics": {"fx": 1074.72, "fy": 1075.57, "cx": 634.139, "cy": 513.071}, "camera_to_world_matrix": [0.253954, -0.648335, 0.717753, 14.0203, 0.967207, 0.17347, -0.185522, 4.53982, -0.00422847, 0.741329, 0.671127, 1.5051, 0.0, 0.0, 0.0, 1.0]}, "1223ee164fc040c0bd13c366f7a22059_d2_5.png": {"intrinsics": {"fx": 1074.72, "fy": 1075.57, "cx": 634.139, "cy": 513.071}, "camera_to_world_matrix": [0.964589, -0.172652, 0.199396, 14.0305, 0.26364, 0.653558, -0.709476, 4.5502, -0.00782423, 0.736922, 0.675932, 1.50501, 0.0, 0.0, 0.0, 1.0]}, "12eaa3a3a39e4c9fa5106812cb7da084_d0_0.png": {"intrinsics": {"fx": 1074.61, "fy": 1075.44, "cx": 635.684, "cy": 519.372}, "camera_to_world_matrix": [-0.98651, 0.115117, 0.116382, 16.4245, 0.163353, 0.646262, 0.745427, -1.35298, 0.0105982, 0.754383, -0.656349, 1.42687, 0.0, 0.0, 0.0, 1.0]}, "12eaa3a3a39e4c9fa5106812cb7da084_d0_1.png": {"intrinsics": {"fx": 1074.61, "fy": 1075.44, "cx": 635.684, "cy": 519.372}, "camera_to_world_matrix": [-0.351727, 0.620863, 0.700584, 16.4132, 0.935963, 0.220316, 0.274653, -1.34385, 0.0161726, 0.752323, -0.658596, 1.42691, 0.0, 0.0, 0.0, 1.0]}, "12eaa3a3a39e4c9fa5106812cb7da084_d0_2.png": {"intrinsics": {"fx": 1074.61, "fy": 1075.44, "cx": 635.684, "cy": 519.372}, "camera_to_world_matrix": [0.634778, 0.504843, 0.584969, 16.4154, 0.772521, -0.430634, -0.466653, -1.32947, 0.0163209, 0.748122, -0.66336, 1.427, 0.0, 0.0, 0.0, 1.0]}, "12eaa3a3a39e4c9fa5106812cb7da084_d0_3.png": {"intrinsics": {"fx": 1074.61, "fy": 1075.44, "cx": 635.684, "cy": 519.372}, "camera_to_world_matrix": [0.986479, -0.116919, -0.114844, 16.429, -0.163526, -0.655622, -0.737169, -1.32423, 0.0108947, 0.745982, -0.665877, 1.42705, 0.0, 0.0, 0.0, 1.0]}, "12eaa3a3a39e4c9fa5106812cb7da084_d0_4.png": {"intrinsics": {"fx": 1074.61, "fy": 1075.44, "cx": 635.684, "cy": 519.372}, "camera_to_world_matrix": [0.351665, -0.622649, -0.699028, 16.4403, -0.93611, -0.229657, -0.266373, -1.33336, 0.00532034, 0.748042, -0.663631, 1.42701, 0.0, 0.0, 0.0, 1.0]}, "12eaa3a3a39e4c9fa5106812cb7da084_d0_5.png": {"intrinsics": {"fx": 1074.61, "fy": 1075.44, "cx": 635.684, "cy": 519.372}, "camera_to_world_matrix": [-0.634834, -0.506604, -0.583385, 16.4381, -0.772631, 0.421288, 0.474929, -1.34774, 0.00517232, 0.752242, -0.658866, 1.42692, 0.0, 0.0, 0.0, 1.0]}, "12eaa3a3a39e4c9fa5106812cb7da084_d1_0.png": {"intrinsics": {"fx": 1075.98, "fy": 1076.47, "cx": 627.187, "cy": 512.785}, "camera_to_world_matrix": [-0.987999, 0.00535868, 0.154358, 16.4262, 0.154279, -0.0128167, 0.987944, -1.34227, 0.0072727, 0.999903, 0.0118352, 1.46019, 0.0, 0.0, 0.0, 1.0]}, "12eaa3a3a39e4c9fa5106812cb7da084_d1_1.png": {"intrinsics": {"fx": 1075.98, "fy": 1076.47, "cx": 627.187, "cy": 512.785}, "camera_to_world_matrix": [-0.360346, -0.00360728, 0.932811, 16.4235, 0.932729, -0.0151954, 0.360255, -1.34007, 0.0128752, 0.999878, 0.0088392, 1.4602, 0.0, 0.0, 0.0, 1.0]}, "12eaa3a3a39e4c9fa5106812cb7da084_d1_2.png": {"intrinsics": {"fx": 1075.98, "fy": 1076.47, "cx": 627.187, "cy": 512.785}, "camera_to_world_matrix": [0.627653, -0.0101503, 0.778426, 16.424, 0.778382, -0.00862003, -0.627731, -1.33661, 0.013082, 0.999911, 0.00248938, 1.46022, 0.0, 0.0, 0.0, 1.0]}, "12eaa3a3a39e4c9fa5106812cb7da084_d1_3.png": {"intrinsics": {"fx": 1075.98, "fy": 1076.47, "cx": 627.187, "cy": 512.785}, "camera_to_world_matrix": [0.987976, -0.00772715, -0.154409, 16.4273, -0.154411, 0.000333856, -0.988006, -1.33535, 0.00768629, 0.99997, -0.000864328, 1.46023, 0.0, 0.0, 0.0, 1.0]}, "12eaa3a3a39e4c9fa5106812cb7da084_d1_4.png": {"intrinsics": {"fx": 1075.98, "fy": 1076.47, "cx": 627.187, "cy": 512.785}, "camera_to_world_matrix": [0.360292, 0.0012389, -0.932838, 16.43, -0.932836, 0.00271219, -0.360287, -1.33755, 0.00208395, 0.999995, 0.00213186, 1.46022, 0.0, 0.0, 0.0, 1.0]}, "12eaa3a3a39e4c9fa5106812cb7da084_d1_5.png": {"intrinsics": {"fx": 1075.98, "fy": 1076.47, "cx": 627.187, "cy": 512.785}, "camera_to_world_matrix": [-0.627701, 0.00778163, -0.778414, 16.4294, -0.778451, -0.00386342, 0.627693, -1.34101, 0.0018774, 0.999962, 0.00848169, 1.4602, 0.0, 0.0, 0.0, 1.0]}, "12eaa3a3a39e4c9fa5106812cb7da084_d2_0.png": {"intrinsics": {"fx": 1074.72, "fy": 1075.57, "cx": 634.139, "cy": 513.071}, "camera_to_world_matrix": [-0.987438, -0.107932, 0.115398, 16.4244, 0.158005, -0.671899, 0.723592, -1.35339, -0.000562902, 0.732736, 0.680512, 1.49337, 0.0, 0.0, 0.0, 1.0]}, "12eaa3a3a39e4c9fa5106812cb7da084_d2_1.png": {"intrinsics": {"fx": 1074.72, "fy": 1075.57, "cx": 634.139, "cy": 513.071}, "camera_to_world_matrix": [-0.356876, -0.632315, 0.687617, 16.4131, 0.934138, -0.245524, 0.259045, -1.34426, 0.00502854, 0.734776, 0.67829, 1.49341, 0.0, 0.0, 0.0, 1.0]}, "12eaa3a3a39e4c9fa5106812cb7da084_d2_2.png": {"intrinsics": {"fx": 1074.72, "fy": 1075.57, "cx": 634.139, "cy": 513.071}, "camera_to_world_matrix": [0.63057, -0.525242, 0.571404, 16.4153, 0.776114, 0.421781, -0.468772, -1.32989, 0.00521173, 0.739069, 0.67361, 1.4935, 0.0, 0.0, 0.0, 1.0]}, "12eaa3a3a39e4c9fa5106812cb7da084_d2_3.png": {"intrinsics": {"fx": 1074.72, "fy": 1075.57, "cx": 634.139, "cy": 513.071}, "camera_to_world_matrix": [0.987433, 0.106212, -0.117027, 16.4289, -0.158038, 0.662694, -0.732025, -1.32464, -0.000196529, 0.74132, 0.671151, 1.49355, 0.0, 0.0, 0.0, 1.0]}, "12eaa3a3a39e4c9fa5106812cb7da084_d2_4.png": {"intrinsics": {"fx": 1074.72, "fy": 1075.57, "cx": 634.139, "cy": 513.071}, "camera_to_world_matrix": [0.356841, 0.630578, -0.689228, 16.4402, -0.934147, 0.236298, -0.267455, -1.33378, -0.00578784, 0.73928, 0.673373, 1.49351, 0.0, 0.0, 0.0, 1.0]}, "12eaa3a3a39e4c9fa5106812cb7da084_d2_5.png": {"intrinsics": {"fx": 1074.72, "fy": 1075.57, "cx": 634.139, "cy": 513.071}, "camera_to_world_matrix": [-0.630599, 0.523479, -0.572986, 16.438, -0.776085, -0.431002, 0.460357, -1.34815, -0.00597077, 0.734988, 0.678054, 1.49342, 0.0, 0.0, 0.0, 1.0]}, "183ac7f2f1eb4905bee16fbb5e4155bd_d0_0.png": {"intrinsics": {"fx": 1074.61, "fy": 1075.44, "cx": 635.684, "cy": 519.372}, "camera_to_world_matrix": [0.486871, -0.583274, -0.65019, 10.8059, -0.873473, -0.324742, -0.362749, 7.57096, 0.000438098, 0.744536, -0.667582, 1.44742, 0.0, 0.0, 0.0, 1.0]}, "183ac7f2f1eb4905bee16fbb5e4155bd_d0_1.png": {"intrinsics": {"fx": 1074.61, "fy": 1075.44, "cx": 635.684, "cy": 519.372}, "camera_to_world_matrix": [-0.512966, -0.565271, -0.646014, 10.8058, -0.858407, 0.336176, 0.387458, 7.55641, -0.00184386, 0.753295, -0.65768, 1.44723, 0.0, 0.0, 0.0, 1.0]}, "183ac7f2f1eb4905bee16fbb5e4155bd_d0_2.png": {"intrinsics": {"fx": 1074.61, "fy": 1075.44, "cx": 635.684, "cy": 519.372}, "camera_to_world_matrix": [-0.999852, 0.0161548, 0.00583099, 10.7932, 0.0149445, 0.651019, 0.758914, 7.54921, 0.00846411, 0.758889, -0.651165, 1.4471, 0.0, 0.0, 0.0, 1.0]}, "183ac7f2f1eb4905bee16fbb5e4155bd_d0_3.png": {"intrinsics": {"fx": 1074.61, "fy": 1075.44, "cx": 635.684, "cy": 519.372}, "camera_to_world_matrix": [-0.48689, 0.579564, 0.653485, 10.7806, 0.873209, 0.304937, 0.380157, 7.55656, 0.0210538, 0.755724, -0.654552, 1.44717, 0.0, 0.0, 0.0, 1.0]}, "183ac7f2f1eb4905bee16fbb5e4155bd_d0_4.png": {"intrinsics": {"fx": 1074.61, "fy": 1075.44, "cx": 635.684, "cy": 519.372}, "camera_to_world_matrix": [0.512946, 0.561535, 0.649279, 10.7807, 0.858103, -0.355981, -0.370049, 7.57111, 0.0233352, 0.746964, -0.664455, 1.44736, 0.0, 0.0, 0.0, 1.0]}, "183ac7f2f1eb4905bee16fbb5e4155bd_d0_5.png": {"intrinsics": {"fx": 1074.61, "fy": 1075.44, "cx": 635.684, "cy": 519.372}, "camera_to_world_matrix": [0.999798, -0.019903, -0.00258021, 10.7933, -0.0152671, -0.670801, -0.741481, 7.57831, 0.0130269, 0.74137, -0.67097, 1.44749, 0.0, 0.0, 0.0, 1.0]}, "183ac7f2f1eb4905bee16fbb5e4155bd_d1_0.png": {"intrinsics": {"fx": 1075.98, "fy": 1076.47, "cx": 627.187, "cy": 512.785}, "camera_to_world_matrix": [0.494922, -0.00141517, -0.868936, 10.7962, -0.868932, -0.00397035, -0.494914, 7.56505, -0.00274932, 0.999991, -0.00319571, 1.48057, 0.0, 0.0, 0.0, 1.0]}, "183ac7f2f1eb4905bee16fbb5e4155bd_d1_1.png": {"intrinsics": {"fx": 1075.98, "fy": 1076.47, "cx": 627.187, "cy": 512.785}, "camera_to_world_matrix": [-0.50504, 0.00603222, -0.863074, 10.7962, -0.86308, -0.00950032, 0.504977, 7.56155, -0.00515307, 0.999936, 0.0100033, 1.48052, 0.0, 0.0, 0.0, 1.0]}, "183ac7f2f1eb4905bee16fbb5e4155bd_d1_2.png": {"intrinsics": {"fx": 1075.98, "fy": 1076.47, "cx": 627.187, "cy": 512.785}, "camera_to_world_matrix": [-0.99997, 0.00496651, 0.00586736, 10.7931, 0.00577313, -0.0187142, 0.999808, 7.55982, 0.00507563, 0.999812, 0.018684, 1.48049, 0.0, 0.0, 0.0, 1.0]}, "183ac7f2f1eb4905bee16fbb5e4155bd_d1_3.png": {"intrinsics": {"fx": 1075.98, "fy": 1076.47, "cx": 627.187, "cy": 512.785}, "camera_to_world_matrix": [-0.494926, -0.00354656, 0.868928, 10.7901, 0.868754, -0.0223979, 0.494736, 7.56159, 0.0177079, 0.999742, 0.0141654, 1.48051, 0.0, 0.0, 0.0, 1.0]}, "183ac7f2f1eb4905bee16fbb5e4155bd_d1_4.png": {"intrinsics": {"fx": 1075.98, "fy": 1076.47, "cx": 627.187, "cy": 512.785}, "camera_to_world_matrix": [0.505037, -0.0109937, 0.863027, 10.7901, 0.862863, -0.0168677, -0.505156, 7.56509, 0.0201111, 0.999797, 0.000966263, 1.48056, 0.0, 0.0, 0.0, 1.0]}, "183ac7f2f1eb4905bee16fbb5e4155bd_d1_5.png": {"intrinsics": {"fx": 1075.98, "fy": 1076.47, "cx": 627.187, "cy": 512.785}, "camera_to_world_matrix": [0.999932, -0.00992767, -0.0059338, 10.7932, -0.00600958, -0.00765383, -0.999952, 7.56682, 0.00988205, 0.999921, -0.00771399, 1.48059, 0.0, 0.0, 0.0, 1.0]}, "183ac7f2f1eb4905bee16fbb5e4155bd_d2_0.png": {"intrinsics": {"fx": 1074.72, "fy": 1075.57, "cx": 634.139, "cy": 513.071}, "camera_to_world_matrix": [0.491722, 0.586801, -0.64333, 10.8057, -0.870687, 0.322319, -0.371503, 7.57008, -0.0106405, 0.742815, 0.669411, 1.51391, 0.0, 0.0, 0.0, 1.0]}, "183ac7f2f1eb4905bee16fbb5e4155bd_d2_1.png": {"intrinsics": {"fx": 1074.72, "fy": 1075.57, "cx": 634.139, "cy": 513.071}, "camera_to_world_matrix": [-0.50824, 0.580075, -0.636557, 10.8056, -0.861117, -0.353442, 0.365453, 7.55553, -0.0129952, 0.733888, 0.679146, 1.51372, 0.0, 0.0, 0.0, 1.0]}, "183ac7f2f1eb4905bee16fbb5e4155bd_d2_2.png": {"intrinsics": {"fx": 1074.72, "fy": 1075.57, "cx": 634.139, "cy": 513.071}, "camera_to_world_matrix": [-0.99995, -0.00856761, 0.00511099, 10.793, 0.00959414, -0.685471, 0.728037, 7.54833, -0.00273402, 0.72805, 0.685519, 1.5136, 0.0, 0.0, 0.0, 1.0]}, "183ac7f2f1eb4905bee16fbb5e4155bd_d2_3.png": {"intrinsics": {"fx": 1074.72, "fy": 1075.57, "cx": 634.139, "cy": 513.071}, "camera_to_world_matrix": [-0.491686, -0.590471, 0.639991, 10.7804, 0.870716, -0.341732, 0.353656, 7.55568, 0.00988168, 0.731138, 0.682157, 1.51366, 0.0, 0.0, 0.0, 1.0]}, "183ac7f2f1eb4905bee16fbb5e4155bd_d2_4.png": {"intrinsics": {"fx": 1074.72, "fy": 1075.57, "cx": 634.139, "cy": 513.071}, "camera_to_world_matrix": [0.508276, -0.583719, 0.633189, 10.7805, 0.861107, 0.334029, -0.3833, 7.57023, 0.0122359, 0.740066, 0.672423, 1.51385, 0.0, 0.0, 0.0, 1.0]}, "183ac7f2f1eb4905bee16fbb5e4155bd_d2_5.png": {"intrinsics": {"fx": 1074.72, "fy": 1075.57, "cx": 634.139, "cy": 513.071}, "camera_to_world_matrix": [0.999951, 0.00493721, -0.00849316, 10.7932, -0.00962336, 0.666035, -0.745858, 7.57743, 0.0019744, 0.745904, 0.66605, 1.51398, 0.0, 0.0, 0.0, 1.0]}, "1d789dc0ab3a48c8aa051f006d8ae874_d0_0.png": {"intrinsics": {"fx": 1074.61, "fy": 1075.44, "cx": 635.684, "cy": 519.372}, "camera_to_world_matrix": [-0.84188, -0.367188, -0.395488, 4.90651, -0.539524, 0.555984, 0.632293, 4.60234, -0.012285, 0.74569, -0.666179, 1.45969, 0.0, 0.0, 0.0, 1.0]}, "1d789dc0ab3a48c8aa051f006d8ae874_d0_1.png": {"intrinsics": {"fx": 1074.61, "fy": 1075.44, "cx": 635.684, "cy": 519.372}, "camera_to_world_matrix": [-0.888237, 0.293471, 0.353426, 4.89199, 0.459338, 0.578487, 0.674064, 4.60154, -0.00663367, 0.76107, -0.648636, 1.45935, 0.0, 0.0, 0.0, 1.0]}, "1d789dc0ab3a48c8aa051f006d8ae874_d0_2.png": {"intrinsics": {"fx": 1074.61, "fy": 1075.44, "cx": 635.684, "cy": 519.372}, "camera_to_world_matrix": [-0.0465843, 0.643365, 0.764141, 4.88403, 0.998779, 0.0174437, 0.046202, 4.61371, 0.0163953, 0.76536, -0.643393, 1.45924, 0.0, 0.0, 0.0, 1.0]}, "1d789dc0ab3a48c8aa051f006d8ae874_d0_3.png": {"intrinsics": {"fx": 1074.61, "fy": 1075.44, "cx": 635.684, "cy": 519.372}, "camera_to_world_matrix": [0.841406, 0.332592, 0.425933, 4.89059, 0.539347, -0.566089, -0.623416, 4.6267, 0.0337725, 0.754272, -0.655693, 1.45948, 0.0, 0.0, 0.0, 1.0]}, "1d789dc0ab3a48c8aa051f006d8ae874_d0_4.png": {"intrinsics": {"fx": 1074.61, "fy": 1075.44, "cx": 635.684, "cy": 519.372}, "camera_to_world_matrix": [0.887723, -0.328068, -0.322983, 4.90511, -0.459517, -0.588565, -0.665157, 4.6275, 0.0281203, 0.738892, -0.673237, 1.45982, 0.0, 0.0, 0.0, 1.0]}, "1d789dc0ab3a48c8aa051f006d8ae874_d0_5.png": {"intrinsics": {"fx": 1074.61, "fy": 1075.44, "cx": 635.684, "cy": 519.372}, "camera_to_world_matrix": [0.0460498, -0.67794, -0.733673, 4.91307, -0.998926, -0.0275087, -0.0372797, 4.61532, 0.00509104, 0.734602, -0.678479, 1.45992, 0.0, 0.0, 0.0, 1.0]}, "1d789dc0ab3a48c8aa051f006d8ae874_d1_0.png": {"intrinsics": {"fx": 1075.98, "fy": 1076.47, "cx": 627.187, "cy": 512.785}, "camera_to_world_matrix": [-0.836821, -0.013782, -0.547301, 4.8997, -0.547255, -0.00722452, 0.836934, 4.61137, -0.0154883, 0.999879, -0.00149761, 1.49285, 0.0, 0.0, 0.0, 1.0]}, "1d789dc0ab3a48c8aa051f006d8ae874_d1_1.png": {"intrinsics": {"fx": 1075.98, "fy": 1076.47, "cx": 627.187, "cy": 512.785}, "camera_to_world_matrix": [-0.892381, -0.0188432, 0.450887, 4.89621, 0.451168, -0.0149964, 0.892312, 4.61117, -0.0100521, 0.99971, 0.021883, 1.49277, 0.0, 0.0, 0.0, 1.0]}, "1d789dc0ab3a48c8aa051f006d8ae874_d1_2.png": {"intrinsics": {"fx": 1075.98, "fy": 1076.47, "cx": 627.187, "cy": 512.785}, "camera_to_world_matrix": [-0.0557122, -0.0281035, 0.998051, 4.89429, 0.998362, -0.0144969, 0.0553211, 4.6141, 0.0129142, 0.9995, 0.0288642, 1.49274, 0.0, 0.0, 0.0, 1.0]}, "1d789dc0ab3a48c8aa051f006d8ae874_d1_3.png": {"intrinsics": {"fx": 1075.98, "fy": 1076.47, "cx": 627.187, "cy": 512.785}, "camera_to_world_matrix": [0.836498, -0.0323024, 0.547015, 4.89587, 0.547122, -0.0062256, -0.837029, 4.61723, 0.0304438, 0.999458, 0.0124646, 1.4928, 0.0, 0.0, 0.0, 1.0]}, "1d789dc0ab3a48c8aa051f006d8ae874_d1_4.png": {"intrinsics": {"fx": 1075.98, "fy": 1076.47, "cx": 627.187, "cy": 512.785}, "camera_to_world_matrix": [0.892019, -0.0272408, -0.451174, 4.89936, -0.451303, 0.00154609, -0.892368, 4.61742, 0.0250067, 0.999627, -0.0109158, 1.49288, 0.0, 0.0, 0.0, 1.0]}, "1d789dc0ab3a48c8aa051f006d8ae874_d1_5.png": {"intrinsics": {"fx": 1075.98, "fy": 1076.47, "cx": 627.187, "cy": 512.785}, "camera_to_world_matrix": [0.0553283, -0.0179805, -0.998306, 4.90128, -0.998465, 0.00104626, -0.0553557, 4.61449, 0.00204009, 0.999837, -0.0178961, 1.49291, 0.0, 0.0, 0.0, 1.0]}, "1d789dc0ab3a48c8aa051f006d8ae874_d2_0.png": {"intrinsics": {"fx": 1074.72, "fy": 1075.57, "cx": 634.139, "cy": 513.071}, "camera_to_world_matrix": [-0.838693, 0.350511, -0.416816, 4.90498, -0.544102, -0.572137, 0.613687, 4.60189, -0.0233719, 0.741486, 0.670561, 1.52617, 0.0, 0.0, 0.0, 1.0]}, "1d789dc0ab3a48c8aa051f006d8ae874_d2_1.png": {"intrinsics": {"fx": 1074.72, "fy": 1075.57, "cx": 634.139, "cy": 513.071}, "camera_to_world_matrix": [-0.890543, -0.324268, 0.319035, 4.89046, 0.454548, -0.606804, 0.652054, 4.60109, -0.0178486, 0.725699, 0.68778, 1.52583, 0.0, 0.0, 0.0, 1.0]}, "1d789dc0ab3a48c8aa051f006d8ae874_d2_2.png": {"intrinsics": {"fx": 1074.72, "fy": 1075.57, "cx": 634.139, "cy": 513.071}, "camera_to_world_matrix": [-0.0518213, -0.691756, 0.72027, 4.88249, 0.998643, -0.0396105, 0.0338069, 4.61327, 0.00514415, 0.721044, 0.69287, 1.52573, 0.0, 0.0, 0.0, 1.0]}, "1d789dc0ab3a48c8aa051f006d8ae874_d2_3.png": {"intrinsics": {"fx": 1074.72, "fy": 1075.57, "cx": 634.139, "cy": 513.071}, "camera_to_world_matrix": [0.838731, -0.384457, 0.385645, 4.88906, 0.544075, 0.562238, -0.622793, 4.62625, 0.0226131, 0.732176, 0.680739, 1.52596, 0.0, 0.0, 0.0, 1.0]}, "1d789dc0ab3a48c8aa051f006d8ae874_d2_4.png": {"intrinsics": {"fx": 1074.72, "fy": 1075.57, "cx": 634.139, "cy": 513.071}, "camera_to_world_matrix": [0.890543, 0.290324, -0.350207, 4.90358, -0.454578, 0.596878, -0.661132, 4.62706, 0.017089, 0.747963, 0.66352, 1.5263, 0.0, 0.0, 0.0, 1.0]}, "1d789dc0ab3a48c8aa051f006d8ae874_d2_5.png": {"intrinsics": {"fx": 1074.72, "fy": 1075.57, "cx": 634.139, "cy": 513.071}, "camera_to_world_matrix": [0.0517997, 0.65779, -0.751418, 4.91154, -0.99864, 0.02967, -0.0428689, 4.61488, -0.00590402, 0.752617, 0.658432, 1.52641, 0.0, 0.0, 0.0, 1.0]}, "1f701e524a6d48abbfdf40cd288cf1dd_d0_0.png": {"intrinsics": {"fx": 1074.61, "fy": 1075.44, "cx": 635.684, "cy": 519.372}, "camera_to_world_matrix": [0.978771, 0.135735, 0.15357, 19.4552, 0.204955, -0.652142, -0.729866, 4.5059, 0.00108154, 0.745846, -0.666118, 1.43855, 0.0, 0.0, 0.0, 1.0]}, "1f701e524a6d48abbfdf40cd288cf1dd_d0_1.png": {"intrinsics": {"fx": 1074.61, "fy": 1075.44, "cx": 635.684, "cy": 519.372}, "camera_to_world_matrix": [0.666922, -0.489907, -0.561432, 19.4691, -0.745127, -0.438307, -0.502665, 4.50149, 0.000179633, 0.753576, -0.657361, 1.43838, 0.0, 0.0, 0.0, 1.0]}, "1f701e524a6d48abbfdf40cd288cf1dd_d0_2.png": {"intrinsics": {"fx": 1074.61, "fy": 1075.44, "cx": 635.684, "cy": 519.372}, "camera_to_world_matrix": [-0.311748, -0.617516, -0.722141, 19.4722, -0.950114, 0.210469, 0.230187, 4.48728, 0.00984434, 0.757876, -0.652324, 1.43828, 0.0, 0.0, 0.0, 1.0]}, "1f701e524a6d48abbfdf40cd288cf1dd_d0_3.png": {"intrinsics": {"fx": 1074.61, "fy": 1075.44, "cx": 635.684, "cy": 519.372}, "camera_to_world_matrix": [-0.978546, -0.119479, -0.167844, 19.4614, -0.205013, 0.645396, 0.735822, 4.47748, 0.0204107, 0.754446, -0.656045, 1.43835, 0.0, 0.0, 0.0, 1.0]}, "1f701e524a6d48abbfdf40cd288cf1dd_d0_4.png": {"intrinsics": {"fx": 1074.61, "fy": 1075.44, "cx": 635.684, "cy": 519.372}, "camera_to_world_matrix": [-0.66666, 0.506155, 0.547149, 19.4476, 0.745057, 0.431536, 0.508593, 4.48189, 0.0213122, 0.746715, -0.664802, 1.43852, 0.0, 0.0, 0.0, 1.0]}, "1f701e524a6d48abbfdf40cd288cf1dd_d0_5.png": {"intrinsics": {"fx": 1074.61, "fy": 1075.44, "cx": 635.684, "cy": 519.372}, "camera_to_world_matrix": [0.312017, 0.633738, 0.707829, 19.4445, 0.950005, -0.217245, -0.224265, 4.4961, 0.0116472, 0.742416, -0.669838, 1.43862, 0.0, 0.0, 0.0, 1.0]}, "1f701e524a6d48abbfdf40cd288cf1dd_d1_0.png": {"intrinsics": {"fx": 1075.98, "fy": 1076.47, "cx": 627.187, "cy": 512.785}, "camera_to_world_matrix": [0.976833, 0.002337, 0.213985, 19.4579, 0.213987, -0.000740868, -0.976836, 4.49496, -0.00212406, 0.999997, -0.0012248, 1.47172, 0.0, 0.0, 0.0, 1.0]}, "1f701e524a6d48abbfdf40cd288cf1dd_d1_1.png": {"intrinsics": {"fx": 1075.98, "fy": 1076.47, "cx": 627.187, "cy": 512.785}, "camera_to_world_matrix": [0.673745, 0.00983232, -0.738898, 19.4613, -0.738956, 0.00472394, -0.673736, 4.4939, -0.0031336, 0.99994, 0.0104474, 1.47168, 0.0, 0.0, 0.0, 1.0]}, "1f701e524a6d48abbfdf40cd288cf1dd_d1_2.png": {"intrinsics": {"fx": 1075.98, "fy": 1076.47, "cx": 627.187, "cy": 512.785}, "camera_to_world_matrix": [-0.303023, 0.0183121, -0.952807, 19.462, -0.95296, 0.000965021, 0.303091, 4.49048, 0.00646996, 0.999831, 0.0171572, 1.47166, 0.0, 0.0, 0.0, 1.0]}, "1f701e524a6d48abbfdf40cd288cf1dd_d1_3.png": {"intrinsics": {"fx": 1075.98, "fy": 1076.47, "cx": 627.187, "cy": 512.785}, "camera_to_world_matrix": [-0.97668, 0.0192963, -0.213828, 19.4594, -0.214016, -0.00825863, 0.976795, 4.48812, 0.0170828, 0.999779, 0.0121947, 1.47167, 0.0, 0.0, 0.0, 1.0]}, "1f701e524a6d48abbfdf40cd288cf1dd_d1_4.png": {"intrinsics": {"fx": 1075.98, "fy": 1076.47, "cx": 627.187, "cy": 512.785}, "camera_to_world_matrix": [-0.673554, 0.0118007, 0.739043, 19.4561, 0.738915, -0.0137231, 0.673657, 4.48918, 0.0180919, 0.999836, 0.000522516, 1.47172, 0.0, 0.0, 0.0, 1.0]}, "1f701e524a6d48abbfdf40cd288cf1dd_d1_5.png": {"intrinsics": {"fx": 1075.98, "fy": 1076.47, "cx": 627.187, "cy": 512.785}, "camera_to_world_matrix": [0.303222, 0.00332116, 0.952914, 19.4554, 0.952881, -0.00996389, -0.303178, 4.4926, 0.0084881, 0.999944, -0.00618696, 1.47174, 0.0, 0.0, 0.0, 1.0]}, "1f701e524a6d48abbfdf40cd288cf1dd_d2_0.png": {"intrinsics": {"fx": 1074.72, "fy": 1075.57, "cx": 634.139, "cy": 513.071}, "camera_to_world_matrix": [0.977565, -0.133908, 0.162588, 19.4559, 0.210395, 0.657454, -0.723525, 4.50561, -0.010008, 0.741501, 0.670877, 1.50504, 0.0, 0.0, 0.0, 1.0]}, "1f701e524a6d48abbfdf40cd288cf1dd_d2_1.png": {"intrinsics": {"fx": 1074.72, "fy": 1075.57, "cx": 634.139, "cy": 513.071}, "camera_to_world_matrix": [0.670927, 0.50926, -0.538991, 19.4698, -0.741442, 0.449968, -0.497787, 4.5012, -0.0109742, 0.733609, 0.679482, 1.50487, 0.0, 0.0, 0.0, 1.0]}, "1f701e524a6d48abbfdf40cd288cf1dd_d2_2.png": {"intrinsics": {"fx": 1074.72, "fy": 1075.57, "cx": 634.139, "cy": 513.071}, "camera_to_world_matrix": [-0.306657, 0.65113, -0.694256, 19.4729, -0.951819, -0.210812, 0.222708, 4.48698, -0.0013455, 0.729101, 0.684404, 1.50478, 0.0, 0.0, 0.0, 1.0]}, "1f701e524a6d48abbfdf40cd288cf1dd_d2_3.png": {"intrinsics": {"fx": 1074.72, "fy": 1075.57, "cx": 634.139, "cy": 513.071}, "camera_to_world_matrix": [-0.977581, 0.149828, -0.147939, 19.4622, -0.210354, -0.664092, 0.717449, 4.47718, 0.00924915, 0.732484, 0.680721, 1.50485, 0.0, 0.0, 0.0, 1.0]}, "1f701e524a6d48abbfdf40cd288cf1dd_d2_4.png": {"intrinsics": {"fx": 1074.72, "fy": 1075.57, "cx": 634.139, "cy": 513.071}, "camera_to_world_matrix": [-0.670906, -0.493332, 0.553632, 19.4483, 0.741472, -0.456582, 0.491684, 4.48159, 0.0102149, 0.740376, 0.672115, 1.50502, 0.0, 0.0, 0.0, 1.0]}, "1f701e524a6d48abbfdf40cd288cf1dd_d2_5.png": {"intrinsics": {"fx": 1074.72, "fy": 1075.57, "cx": 634.139, "cy": 513.071}, "camera_to_world_matrix": [0.306686, -0.635176, 0.708869, 19.4452, 0.95181, 0.204204, -0.228818, 4.4958, 0.000585924, 0.744884, 0.667193, 1.50512, 0.0, 0.0, 0.0, 1.0]}, "227efb9ab28046fcb020e116f7364b4a_d0_0.png": {"intrinsics": {"fx": 1074.61, "fy": 1075.44, "cx": 635.684, "cy": 519.372}, "camera_to_world_matrix": [0.428996, -0.599272, -0.675896, 27.5976, -0.90327, -0.277894, -0.326922, -0.335814, 0.00808836, 0.750765, -0.66052, 0.556154, 0.0, 0.0, 0.0, 1.0]}, "227efb9ab28046fcb020e116f7364b4a_d0_1.png": {"intrinsics": {"fx": 1074.61, "fy": 1075.44, "cx": 635.684, "cy": 519.372}, "camera_to_world_matrix": [-0.56774, -0.538254, -0.622859, 27.5965, -0.823145, 0.380505, 0.421482, -0.350327, 0.0101362, 0.751996, -0.65909, 0.556126, 0.0, 0.0, 0.0, 1.0]}, "227efb9ab28046fcb020e116f7364b4a_d0_2.png": {"intrinsics": {"fx": 1074.61, "fy": 1075.44, "cx": 635.684, "cy": 519.372}, "camera_to_world_matrix": [-0.996703, 0.0624479, 0.0518009, 27.5835, 0.080121, 0.656855, 0.749747, -0.356689, 0.0127945, 0.751426, -0.659693, 0.556138, 0.0, 0.0, 0.0, 1.0]}, "227efb9ab28046fcb020e116f7364b4a_d0_3.png": {"intrinsics": {"fx": 1074.61, "fy": 1075.44, "cx": 635.684, "cy": 519.372}, "camera_to_world_matrix": [-0.42892, 0.602119, 0.673409, 27.5714, 0.903243, 0.274801, 0.329601, -0.348538, 0.013405, 0.749624, -0.661728, 0.556177, 0.0, 0.0, 0.0, 1.0]}, "227efb9ab28046fcb020e116f7364b4a_d0_4.png": {"intrinsics": {"fx": 1074.61, "fy": 1075.44, "cx": 635.684, "cy": 519.372}, "camera_to_world_matrix": [0.567813, 0.541075, 0.620343, 27.5724, 0.823079, -0.383595, -0.418802, -0.334024, 0.0113571, 0.748393, -0.663158, 0.556205, 0.0, 0.0, 0.0, 1.0]}, "227efb9ab28046fcb020e116f7364b4a_d0_5.png": {"intrinsics": {"fx": 1074.61, "fy": 1075.44, "cx": 635.684, "cy": 519.372}, "camera_to_world_matrix": [0.99674, -0.0596378, -0.0543294, 27.5855, -0.0802041, -0.659922, -0.747041, -0.327663, 0.00869879, 0.748963, -0.662555, 0.556194, 0.0, 0.0, 0.0, 1.0]}, "227efb9ab28046fcb020e116f7364b4a_d1_0.png": {"intrinsics": {"fx": 1075.98, "fy": 1076.47, "cx": 627.187, "cy": 512.785}, "camera_to_world_matrix": [0.437309, 0.00355347, -0.899304, 27.5877, -0.899297, 0.00708033, -0.437278, -0.340714, 0.00481378, 0.999968, 0.00629091, 0.589413, 0.0, 0.0, 0.0, 1.0]}, "227efb9ab28046fcb020e116f7364b4a_d1_1.png": {"intrinsics": {"fx": 1075.98, "fy": 1076.47, "cx": 627.187, "cy": 512.785}, "camera_to_world_matrix": [-0.560152, 0.0106248, -0.828321, 27.5875, -0.828361, 0.00107682, 0.560193, -0.344205, 0.00684418, 0.999943, 0.00819701, 0.589406, 0.0, 0.0, 0.0, 1.0]}, "227efb9ab28046fcb020e116f7364b4a_d1_2.png": {"intrinsics": {"fx": 1075.98, "fy": 1076.47, "cx": 627.187, "cy": 512.785}, "camera_to_world_matrix": [-0.997434, 0.0089612, 0.0710119, 27.5843, 0.0709402, -0.00804892, 0.997448, -0.345735, 0.00951016, 0.999927, 0.00739156, 0.589409, 0.0, 0.0, 0.0, 1.0]}, "227efb9ab28046fcb020e116f7364b4a_d1_3.png": {"intrinsics": {"fx": 1075.98, "fy": 1076.47, "cx": 627.187, "cy": 512.785}, "camera_to_world_matrix": [-0.437246, 0.000226212, 0.899341, 27.5814, 0.899284, -0.0111709, 0.437221, -0.343774, 0.0101457, 0.999937, 0.00468001, 0.589418, 0.0, 0.0, 0.0, 1.0]}, "227efb9ab28046fcb020e116f7364b4a_d1_4.png": {"intrinsics": {"fx": 1075.98, "fy": 1076.47, "cx": 627.187, "cy": 512.785}, "camera_to_world_matrix": [0.560212, -0.00684493, 0.82832, 27.5817, 0.828308, -0.00516717, -0.560248, -0.340283, 0.00811519, 0.999963, 0.00277399, 0.589425, 0.0, 0.0, 0.0, 1.0]}, "227efb9ab28046fcb020e116f7364b4a_d1_5.png": {"intrinsics": {"fx": 1075.98, "fy": 1076.47, "cx": 627.187, "cy": 512.785}, "camera_to_world_matrix": [0.99746, -0.00518093, -0.0710303, 27.5848, -0.0710099, 0.00395851, -0.997467, -0.338753, 0.00544925, 0.999978, 0.00357955, 0.589422, 0.0, 0.0, 0.0, 1.0]}, "227efb9ab28046fcb020e116f7364b4a_d2_0.png": {"intrinsics": {"fx": 1074.72, "fy": 1075.57, "cx": 634.139, "cy": 513.071}, "camera_to_world_matrix": [0.43396, 0.610404, -0.662635, 27.5977, -0.900927, 0.291533, -0.321464, -0.33595, -0.00304262, 0.736489, 0.676443, 0.622654, 0.0, 0.0, 0.0, 1.0]}, "227efb9ab28046fcb020e116f7364b4a_d2_1.png": {"intrinsics": {"fx": 1074.72, "fy": 1075.57, "cx": 634.139, "cy": 513.071}, "camera_to_world_matrix": [-0.563258, 0.559673, -0.60787, 27.5967, -0.82628, -0.382412, 0.413549, -0.350463, -0.00100508, 0.735206, 0.677843, 0.622626, 0.0, 0.0, 0.0, 1.0]}, "227efb9ab28046fcb020e116f7364b4a_d2_2.png": {"intrinsics": {"fx": 1074.72, "fy": 1075.57, "cx": 634.139, "cy": 513.071}, "camera_to_world_matrix": [-0.997207, -0.0493509, 0.056056, 27.5836, 0.074666, -0.675444, 0.733621, -0.356825, 0.00165795, 0.735758, 0.677243, 0.622638, 0.0, 0.0, 0.0, 1.0]}, "227efb9ab28046fcb020e116f7364b4a_d2_3.png": {"intrinsics": {"fx": 1074.72, "fy": 1075.57, "cx": 634.139, "cy": 513.071}, "camera_to_world_matrix": [-0.433927, -0.607629, 0.665202, 27.5715, 0.900945, -0.294525, 0.318673, -0.348674, 0.00228339, 0.737592, 0.675242, 0.622677, 0.0, 0.0, 0.0, 1.0]}, "227efb9ab28046fcb020e116f7364b4a_d2_4.png": {"intrinsics": {"fx": 1074.72, "fy": 1075.57, "cx": 634.139, "cy": 513.071}, "camera_to_world_matrix": [0.563289, -0.556871, 0.610409, 27.5726, 0.826259, 0.379419, -0.416337, -0.33416, 0.000245795, 0.738874, 0.673843, 0.622705, 0.0, 0.0, 0.0, 1.0]}, "227efb9ab28046fcb020e116f7364b4a_d2_5.png": {"intrinsics": {"fx": 1074.72, "fy": 1075.57, "cx": 634.139, "cy": 513.071}, "camera_to_world_matrix": [0.997202, 0.0521635, -0.05353, 27.5857, -0.0747036, 0.672427, -0.736384, -0.327799, -0.00241719, 0.738323, 0.674443, 0.622693, 0.0, 0.0, 0.0, 1.0]}, "2b8074f44cbb43e0949091be7cc1a7b1_d0_0.png": {"intrinsics": {"fx": 1074.61, "fy": 1075.44, "cx": 635.684, "cy": 519.372}, "camera_to_world_matrix": [0.165475, -0.654027, -0.73815, 6.56699, -0.986138, -0.118998, -0.115631, 3.56062, -0.0122126, 0.747052, -0.664653, 1.45284, 0.0, 0.0, 0.0, 1.0]}, "2b8074f44cbb43e0949091be7cc1a7b1_d0_1.png": {"intrinsics": {"fx": 1074.61, "fy": 1075.44, "cx": 635.684, "cy": 519.372}, "camera_to_world_matrix": [-0.771309, -0.415203, -0.482377, 6.56202, -0.636442, 0.497412, 0.589511, 3.54695, -0.00482621, 0.7617, -0.647912, 1.45252, 0.0, 0.0, 0.0, 1.0]}, "2b8074f44cbb43e0949091be7cc1a7b1_d0_2.png": {"intrinsics": {"fx": 1074.61, "fy": 1075.44, "cx": 635.684, "cy": 519.372}, "camera_to_world_matrix": [-0.936776, 0.238188, 0.256353, 6.5477, 0.349459, 0.598827, 0.720614, 3.54441, 0.0181305, 0.764639, -0.644204, 1.45244, 0.0, 0.0, 0.0, 1.0]}, "2b8074f44cbb43e0949091be7cc1a7b1_d0_3.png": {"intrinsics": {"fx": 1074.61, "fy": 1075.44, "cx": 635.684, "cy": 519.372}, "camera_to_world_matrix": [-0.165455, 0.652739, 0.739294, 6.53833, 0.985641, 0.0838288, 0.146574, 3.55555, 0.0337003, 0.75293, -0.657237, 1.4527, 0.0, 0.0, 0.0, 1.0]}, "2b8074f44cbb43e0949091be7cc1a7b1_d0_4.png": {"intrinsics": {"fx": 1074.61, "fy": 1075.44, "cx": 635.684, "cy": 519.372}, "camera_to_world_matrix": [0.771316, 0.413891, 0.483494, 6.5433, 0.635908, -0.532572, -0.558558, 3.56922, 0.0263131, 0.738282, -0.673979, 1.45302, 0.0, 0.0, 0.0, 1.0]}, "2b8074f44cbb43e0949091be7cc1a7b1_d0_5.png": {"intrinsics": {"fx": 1074.61, "fy": 1075.44, "cx": 635.684, "cy": 519.372}, "camera_to_world_matrix": [0.936744, -0.239504, -0.255242, 6.55762, -0.349999, -0.633961, -0.689633, 3.57176, 0.00335621, 0.735344, -0.677686, 1.45309, 0.0, 0.0, 0.0, 1.0]}, "2b8074f44cbb43e0949091be7cc1a7b1_d1_0.png": {"intrinsics": {"fx": 1075.98, "fy": 1076.47, "cx": 627.187, "cy": 512.785}, "camera_to_world_matrix": [0.174565, 0.00323568, -0.98464, 6.55608, -0.984524, -0.0151021, -0.174593, 3.55792, -0.0154348, 0.99988, 0.000548307, 1.48603, 0.0, 0.0, 0.0, 1.0]}, "2b8074f44cbb43e0949091be7cc1a7b1_d1_1.png": {"intrinsics": {"fx": 1075.98, "fy": 1076.47, "cx": 627.187, "cy": 512.785}, "camera_to_world_matrix": [-0.765431, 0.00839472, -0.643462, 6.55488, -0.643464, -0.0228093, 0.765136, 3.55463, -0.00825353, 0.999704, 0.0228596, 1.48595, 0.0, 0.0, 0.0, 1.0]}, "2b8074f44cbb43e0949091be7cc1a7b1_d1_2.png": {"intrinsics": {"fx": 1075.98, "fy": 1076.47, "cx": 627.187, "cy": 512.785}, "camera_to_world_matrix": [-0.939985, 0.00429779, 0.341188, 6.55144, 0.340899, -0.0311293, 0.939584, 3.55402, 0.0146593, 0.999506, 0.027795, 1.48593, 0.0, 0.0, 0.0, 1.0]}, "2b8074f44cbb43e0949091be7cc1a7b1_d1_3.png": {"intrinsics": {"fx": 1075.98, "fy": 1076.47, "cx": 627.187, "cy": 512.785}, "camera_to_world_matrix": [-0.174539, -0.00495809, 0.984637, 