{"0753202108e24c0094f09c60b8f36127_d0_0.png": {"intrinsics": {"fx": 1070.11, "fy": 1071.0, "cx": 630.761, "cy": 520.709}, "camera_to_world_matrix": [0.14731, 0.657146, 0.739229, 14.0352, 0.989034, -0.089861, -0.117207, 1.98851, -0.0105946, 0.748388, -0.663177, 1.52916, 0.0, 0.0, 0.0, 1.0]}, "0753202108e24c0094f09c60b8f36127_d0_1.png": {"intrinsics": {"fx": 1070.11, "fy": 1071.0, "cx": 630.761, "cy": 520.709}, "camera_to_world_matrix": [0.93022, 0.240277, 0.277412, 14.0442, 0.366999, -0.611807, -0.700716, 1.99992, 0.001357, 0.753631, -0.657297, 1.52905, 0.0, 0.0, 0.0, 1.0]}, "0753202108e24c0094f09c60b8f36127_d0_2.png": {"intrinsics": {"fx": 1070.11, "fy": 1071.0, "cx": 630.761, "cy": 520.709}, "camera_to_world_matrix": [0.782879, -0.420191, -0.458846, 14.0586, -0.622013, -0.51181, -0.59258, 1.99781, 0.0141549, 0.749327, -0.662049, 1.52914, 0.0, 0.0, 0.0, 1.0]}, "0753202108e24c0094f09c60b8f36127_d0_3.png": {"intrinsics": {"fx": 1070.11, "fy": 1071.0, "cx": 630.761, "cy": 520.709}, "camera_to_world_matrix": [-0.147368, -0.663775, -0.733271, 14.0639, -0.988968, 0.110132, 0.099063, 1.98429, 0.0150009, 0.73978, -0.672682, 1.52935, 0.0, 0.0, 0.0, 1.0]}, "0753202108e24c0094f09c60b8f36127_d0_4.png": {"intrinsics": {"fx": 1070.11, "fy": 1071.0, "cx": 630.761, "cy": 520.709}, "camera_to_world_matrix": [-0.930254, -0.246885, -0.271431, 14.0549, -0.366903, 0.632062, 0.682554, 1.97288, 0.00304907, 0.734538, -0.678561, 1.52946, 0.0, 0.0, 0.0, 1.0]}, "0753202108e24c0094f09c60b8f36127_d0_5.png": {"intrinsics": {"fx": 1070.11, "fy": 1071.0, "cx": 630.761, "cy": 520.709}, "camera_to_world_matrix": [-0.782875, 0.413579, 0.464823, 14.0405, 0.622103, 0.532039, 0.574389, 1.97499, -0.00974859, 0.738842, -0.673808, 1.52937, 0.0, 0.0, 0.0, 1.0]}, "0753202108e24c0094f09c60b8f36127_d1_0.png": {"intrinsics": {"fx": 1071.01, "fy": 1071.84, "cx": 631.359, "cy": 509.797}, "camera_to_world_matrix": [0.14524, -0.00605173, 0.989378, 14.0459, 0.989349, 0.0107031, -0.14517, 1.98736, -0.00971083, 0.999924, 0.00754163, 1.56248, 0.0, 0.0, 0.0, 1.0]}, "0753202108e24c0094f09c60b8f36127_d1_1.png": {"intrinsics": {"fx": 1071.01, "fy": 1071.84, "cx": 631.359, "cy": 509.797}, "camera_to_world_matrix": [0.929446, -0.00776525, 0.368878, 14.0481, 0.368953, 0.0135342, -0.92935, 1.9901, 0.00222421, 0.999878, 0.0154441, 1.56245, 0.0, 0.0, 0.0, 1.0]}, "0753202108e24c0094f09c60b8f36127_d1_2.png": {"intrinsics": {"fx": 1071.01, "fy": 1071.84, "cx": 631.359, "cy": 509.797}, "camera_to_world_matrix": [0.784171, -0.00616988, -0.620514, 14.0516, -0.620362, 0.0164337, -0.784143, 1.9896, 0.0150354, 0.999846, 0.00905912, 1.56248, 0.0, 0.0, 0.0, 1.0]}, "0753202108e24c0094f09c60b8f36127_d1_3.png": {"intrinsics": {"fx": 1071.01, "fy": 1071.84, "cx": 631.359, "cy": 509.797}, "camera_to_world_matrix": [-0.145306, -0.00286102, -0.989383, 14.0529, -0.989259, 0.016502, 0.14524, 1.98634, 0.0159113, 0.99986, -0.00522828, 1.56253, 0.0, 0.0, 0.0, 1.0]}, "0753202108e24c0094f09c60b8f36127_d1_4.png": {"intrinsics": {"fx": 1071.01, "fy": 1071.84, "cx": 631.359, "cy": 509.797}, "camera_to_world_matrix": [-0.929488, -0.00114761, -0.368852, 14.0507, -0.368832, 0.0136709, 0.929396, 1.9836, 0.00397598, 0.999906, -0.0131303, 1.56255, 0.0, 0.0, 0.0, 1.0]}, "0753202108e24c0094f09c60b8f36127_d1_5.png": {"intrinsics": {"fx": 1071.01, "fy": 1071.84, "cx": 631.359, "cy": 509.797}, "camera_to_world_matrix": [-0.784175, -0.0027431, 0.620534, 14.0472, 0.620477, 0.0107714, 0.78415, 1.98411, -0.008835, 0.999938, -0.00674479, 1.56253, 0.0, 0.0, 0.0, 1.0]}, "0753202108e24c0094f09c60b8f36127_d2_0.png": {"intrinsics": {"fx": 1066.0, "fy": 1066.15, "cx": 632.275, "cy": 518.117}, "camera_to_world_matrix": [0.140194, -0.661734, 0.736515, 14.0349, 0.990087, 0.10016, -0.0984707, 1.98942, -0.00860826, 0.743019, 0.669215, 1.59566, 0.0, 0.0, 0.0, 1.0]}, "0753202108e24c0094f09c60b8f36127_d2_1.png": {"intrinsics": {"fx": 1066.0, "fy": 1066.15, "cx": 632.275, "cy": 518.117}, "camera_to_world_matrix": [0.927546, -0.254544, 0.273615, 14.0439, 0.373694, 0.625317, -0.685078, 2.00083, 0.00328638, 0.737689, 0.675132, 1.59554, 0.0, 0.0, 0.0, 1.0]}, "0753202108e24c0094f09c60b8f36127_d2_2.png": {"intrinsics": {"fx": 1066.0, "fy": 1066.15, "cx": 632.275, "cy": 518.117}, "camera_to_world_matrix": [0.787312, 0.403865, -0.465868, 14.0583, -0.616344, 0.535308, -0.577552, 1.99871, 0.0161298, 0.741848, 0.670373, 1.59563, 0.0, 0.0, 0.0, 1.0]}, "0753202108e24c0094f09c60b8f36127_d2_3.png": {"intrinsics": {"fx": 1066.0, "fy": 1066.15, "cx": 632.275, "cy": 518.117}, "camera_to_world_matrix": [-0.140271, 0.65507, -0.742434, 14.0636, -0.989966, -0.0798567, 0.116578, 1.98519, 0.0170785, 0.751337, 0.659698, 1.59584, 0.0, 0.0, 0.0, 1.0]}, "0753202108e24c0094f09c60b8f36127_d2_4.png": {"intrinsics": {"fx": 1066.0, "fy": 1066.15, "cx": 632.275, "cy": 518.117}, "camera_to_world_matrix": [-0.927599, 0.24786, -0.279511, 14.0546, -0.373542, -0.604998, 0.703167, 1.97378, 0.00518357, 0.756666, 0.653781, 1.59596, 0.0, 0.0, 0.0, 1.0]}, "0753202108e24c0094f09c60b8f36127_d2_5.png": {"intrinsics": {"fx": 1066.0, "fy": 1066.15, "cx": 632.275, "cy": 518.117}, "camera_to_world_matrix": [-0.787326, -0.410546, 0.459968, 14.0402, 0.61649, -0.514963, 0.595612, 1.97589, -0.0076597, 0.752506, 0.65854, 1.59586, 0.0, 0.0, 0.0, 1.0]}, "0cf178fb23754cc0ac3b93398b112ddc_d0_0.png": {"intrinsics": {"fx": 1070.11, "fy": 1071.0, "cx": 630.761, "cy": 520.709}, "camera_to_world_matrix": [0.41254, -0.604393, -0.681557, 3.35589, -0.910916, -0.279039, -0.303922, 6.05197, -0.00649289, 0.746221, -0.665666, 1.52061, 0.0, 0.0, 0.0, 1.0]}, "0cf178fb23754cc0ac3b93398b112ddc_d0_1.png": {"intrinsics": {"fx": 1070.11, "fy": 1071.0, "cx": 630.761, "cy": 520.709}, "camera_to_world_matrix": [-0.582614, -0.537157, -0.609937, 3.35449, -0.812749, 0.385565, 0.436782, 6.03749, 0.000549993, 0.750201, -0.661209, 1.52052, 0.0, 0.0, 0.0, 1.0]}, "0cf178fb23754cc0ac3b93398b112ddc_d0_2.png": {"intrinsics": {"fx": 1070.11, "fy": 1071.0, "cx": 630.761, "cy": 520.709}, "camera_to_world_matrix": [-0.995127, 0.0720275, 0.0673433, 3.34125, 0.0981711, 0.659656, 0.745129, 6.03146, 0.00924632, 0.748109, -0.663512, 1.52056, 0.0, 0.0, 0.0, 1.0]}, "0cf178fb23754cc0ac3b93398b112ddc_d0_3.png": {"intrinsics": {"fx": 1070.11, "fy": 1071.0, "cx": 630.761, "cy": 520.709}, "camera_to_world_matrix": [-0.412476, 0.613962, 0.672989, 3.32941, 0.910903, 0.269136, 0.312764, 6.03991, 0.0108996, 0.742036, -0.670272, 1.5207, 0.0, 0.0, 0.0, 1.0]}, "0cf178fb23754cc0ac3b93398b112ddc_d0_4.png": {"intrinsics": {"fx": 1070.11, "fy": 1071.0, "cx": 630.761, "cy": 520.709}, "camera_to_world_matrix": [0.582674, 0.5467, 0.601341, 3.33081, 0.812697, -0.395466, -0.427938, 6.05439, 0.00385654, 0.738056, -0.674729, 1.52078, 0.0, 0.0, 0.0, 1.0]}, "0cf178fb23754cc0ac3b93398b112ddc_d0_5.png": {"intrinsics": {"fx": 1070.11, "fy": 1071.0, "cx": 630.761, "cy": 520.709}, "camera_to_world_matrix": [0.995151, -0.0624955, -0.0759522, 3.34405, -0.0982395, -0.669533, -0.736258, 6.06042, -0.00483972, 0.740149, -0.672426, 1.52074, 0.0, 0.0, 0.0, 1.0]}, "0cf178fb23754cc0ac3b93398b112ddc_d1_0.png": {"intrinsics": {"fx": 1071.01, "fy": 1071.84, "cx": 631.359, "cy": 509.797}, "camera_to_world_matrix": [0.414447, 0.00619013, -0.910052, 3.34605, -0.910056, -0.00333676, -0.414471, 6.04717, -0.00560222, 0.999975, 0.0042503, 1.55389, 0.0, 0.0, 0.0, 1.0]}, "0cf178fb23754cc0ac3b93398b112ddc_d1_1.png": {"intrinsics": {"fx": 1071.01, "fy": 1071.84, "cx": 631.359, "cy": 509.797}, "camera_to_world_matrix": [-0.580908, 0.00916514, -0.813918, 3.34571, -0.813968, -0.00478654, 0.58089, 6.04368, 0.00142813, 0.999946, 0.0102405, 1.55387, 0.0, 0.0, 0.0, 1.0]}, "0cf178fb23754cc0ac3b93398b112ddc_d1_2.png": {"intrinsics": {"fx": 1071.01, "fy": 1071.84, "cx": 631.359, "cy": 509.797}, "camera_to_world_matrix": [-0.995321, 0.00939696, 0.0961605, 3.34253, 0.096086, -0.00808792, 0.99534, 6.04223, 0.0101309, 0.999923, 0.00714701, 1.55388, 0.0, 0.0, 0.0, 1.0]}, "0cf178fb23754cc0ac3b93398b112ddc_d1_3.png": {"intrinsics": {"fx": 1071.01, "fy": 1071.84, "cx": 631.359, "cy": 509.797}, "camera_to_world_matrix": [-0.414371, 0.00665375, 0.910083, 3.33968, 0.910031, -0.00993945, 0.41442, 6.04427, 0.0118032, 0.999928, -0.00193665, 1.55391, 0.0, 0.0, 0.0, 1.0]}, "0cf178fb23754cc0ac3b93398b112ddc_d1_4.png": {"intrinsics": {"fx": 1071.01, "fy": 1071.84, "cx": 631.359, "cy": 509.797}, "camera_to_world_matrix": [0.580979, 0.00367879, 0.81391, 3.34001, 0.813904, -0.00848956, -0.580937, 6.04775, 0.00477263, 0.999957, -0.00792659, 1.55393, 0.0, 0.0, 0.0, 1.0]}, "0cf178fb23754cc0ac3b93398b112ddc_d1_5.png": {"intrinsics": {"fx": 1071.01, "fy": 1071.84, "cx": 631.359, "cy": 509.797}, "camera_to_world_matrix": [0.995357, 0.00344711, -0.0961847, 3.3432, -0.0961662, -0.00518817, -0.995352, 6.0492, -0.00393006, 0.99998, -0.00483274, 1.55392, 0.0, 0.0, 0.0, 1.0]}, "0cf178fb23754cc0ac3b93398b112ddc_d2_0.png": {"intrinsics": {"fx": 1066.0, "fy": 1066.15, "cx": 632.275, "cy": 518.117}, "camera_to_world_matrix": [0.419081, 0.606825, -0.675378, 3.35632, -0.907938, 0.276415, -0.315029, 6.05153, -0.00448289, 0.745224, 0.666799, 1.5871, 0.0, 0.0, 0.0, 1.0]}, "0cf178fb23754cc0ac3b93398b112ddc_d2_1.png": {"intrinsics": {"fx": 1066.0, "fy": 1066.15, "cx": 632.275, "cy": 518.117}, "camera_to_world_matrix": [-0.576746, 0.549463, -0.604528, 3.35492, -0.81692, -0.385638, 0.428866, 6.03704, 0.00251687, 0.741197, 0.671283, 1.58702, 0.0, 0.0, 0.0, 1.0]}, "0cf178fb23754cc0ac3b93398b112ddc_d2_2.png": {"intrinsics": {"fx": 1066.0, "fy": 1066.15, "cx": 632.275, "cy": 518.117}, "camera_to_world_matrix": [-0.995787, -0.0525749, 0.0751314, 3.34168, 0.0910089, -0.667005, 0.739474, 6.03101, 0.0112352, 0.743196, 0.668979, 1.58706, 0.0, 0.0, 0.0, 1.0]}, "0cf178fb23754cc0ac3b93398b112ddc_d2_3.png": {"intrinsics": {"fx": 1066.0, "fy": 1066.15, "cx": 632.275, "cy": 518.117}, "camera_to_world_matrix": [-0.418991, -0.597238, 0.683925, 3.32983, 0.907898, -0.286312, 0.30618, 6.03947, 0.0129537, 0.749221, 0.662193, 1.58719, 0.0, 0.0, 0.0, 1.0]}, "0cf178fb23754cc0ac3b93398b112ddc_d2_4.png": {"intrinsics": {"fx": 1066.0, "fy": 1066.15, "cx": 632.275, "cy": 518.117}, "camera_to_world_matrix": [0.576833, -0.539851, 0.613046, 3.33123, 0.816841, 0.375739, -0.437712, 6.05395, 0.00595378, 0.753247, 0.65771, 1.58728, 0.0, 0.0, 0.0, 1.0]}, "0cf178fb23754cc0ac3b93398b112ddc_d2_5.png": {"intrinsics": {"fx": 1066.0, "fy": 1066.15, "cx": 632.275, "cy": 518.117}, "camera_to_world_matrix": [0.995838, 0.0621987, -0.0666253, 3.34447, -0.0911042, 0.657082, -0.748294, 6.05998, -0.00276451, 0.751248, 0.660013, 1.58723, 0.0, 0.0, 0.0, 1.0]}, "11bdfcf0a0984901a1d6f60fdd8ee4a6_d0_0.png": {"intrinsics": {"fx": 1070.11, "fy": 1071.0, "cx": 630.761, "cy": 520.709}, "camera_to_world_matrix": [-0.956198, 0.182749, 0.228666, 1.39401, 0.292227, 0.641291, 0.709471, 4.85956, -0.0169865, 0.745217, -0.666605, 1.51533, 0.0, 0.0, 0.0, 1.0]}, "11bdfcf0a0984901a1d6f60fdd8ee4a6_d0_1.png": {"intrinsics": {"fx": 1070.11, "fy": 1071.0, "cx": 630.761, "cy": 520.709}, "camera_to_world_matrix": [-0.22502, 0.637085, 0.737216, 1.38407, 0.974336, 0.151696, 0.166304, 4.87018, -0.00588303, 0.755718, -0.65487, 1.5151, 0.0, 0.0, 0.0, 1.0]}, "11bdfcf0a0984901a1d6f60fdd8ee4a6_d0_2.png": {"intrinsics": {"fx": 1070.11, "fy": 1071.0, "cx": 630.761, "cy": 520.709}, "camera_to_world_matrix": [0.731142, 0.440286, 0.521133, 1.38829, 0.682096, -0.486665, -0.545805, 4.8841, 0.0133067, 0.754523, -0.656138, 1.51513, 0.0, 0.0, 0.0, 1.0]}, "11bdfcf0a0984901a1d6f60fdd8ee4a6_d0_3.png": {"intrinsics": {"fx": 1070.11, "fy": 1071.0, "cx": 630.761, "cy": 520.709}, "camera_to_world_matrix": [0.956104, -0.210845, -0.203496, 1.40246, -0.292247, -0.635416, -0.71473, 4.8874, 0.0213926, 0.742827, -0.669142, 1.51538, 0.0, 0.0, 0.0, 1.0]}, "11bdfcf0a0984901a1d6f60fdd8ee4a6_d0_4.png": {"intrinsics": {"fx": 1070.11, "fy": 1071.0, "cx": 630.761, "cy": 520.709}, "camera_to_world_matrix": [0.224899, -0.665162, -0.712025, 1.4124, -0.974328, -0.145803, -0.171543, 4.87678, 0.0102886, 0.732326, -0.680877, 1.51561, 0.0, 0.0, 0.0, 1.0]}, "11bdfcf0a0984901a1d6f60fdd8ee4a6_d0_5.png": {"intrinsics": {"fx": 1070.11, "fy": 1071.0, "cx": 630.761, "cy": 520.709}, "camera_to_world_matrix": [-0.731251, -0.468338, -0.495914, 1.40818, -0.68205, 0.49255, 0.540557, 4.86286, -0.0089011, 0.733521, -0.679608, 1.51559, 0.0, 0.0, 0.0, 1.0]}, "11bdfcf0a0984901a1d6f60fdd8ee4a6_d1_0.png": {"intrinsics": {"fx": 1071.01, "fy": 1071.84, "cx": 631.359, "cy": 509.797}, "camera_to_world_matrix": [-0.956821, -0.01623, 0.290224, 1.39659, 0.290232, 0.00193531, 0.956954, 4.87026, -0.016093, 0.999866, 0.00285856, 1.5486, 0.0, 0.0, 0.0, 1.0]}, "11bdfcf0a0984901a1d6f60fdd8ee4a6_d1_1.png": {"intrinsics": {"fx": 1071.01, "fy": 1071.84, "cx": 631.359, "cy": 509.797}, "camera_to_world_matrix": [-0.227071, -0.0192836, 0.973687, 1.3942, 0.973865, 0.000660152, 0.227125, 4.87282, -0.00502254, 0.999814, 0.0186296, 1.54854, 0.0, 0.0, 0.0, 1.0]}, "11bdfcf0a0984901a1d6f60fdd8ee4a6_d1_2.png": {"intrinsics": {"fx": 1071.01, "fy": 1071.84, "cx": 631.359, "cy": 509.797}, "camera_to_world_matrix": [0.729697, -0.0219143, 0.683419, 1.39522, 0.683624, 0.00266748, -0.729829, 4.87617, 0.0141708, 0.999756, 0.0169275, 1.54855, 0.0, 0.0, 0.0, 1.0]}, "11bdfcf0a0984901a1d6f60fdd8ee4a6_d1_3.png": {"intrinsics": {"fx": 1071.01, "fy": 1071.84, "cx": 631.359, "cy": 509.797}, "camera_to_world_matrix": [0.956693, -0.0214914, -0.290305, 1.39863, -0.290244, 0.00594993, -0.956934, 4.87696, 0.0222932, 0.999751, -0.000545647, 1.54861, 0.0, 0.0, 0.0, 1.0]}, "11bdfcf0a0984901a1d6f60fdd8ee4a6_d1_4.png": {"intrinsics": {"fx": 1071.01, "fy": 1071.84, "cx": 631.359, "cy": 509.797}, "camera_to_world_matrix": [0.226916, -0.0184377, -0.97374, 1.40102, -0.97385, 0.00722497, -0.227078, 4.87441, 0.0112221, 0.999804, -0.0163163, 1.54866, 0.0, 0.0, 0.0, 1.0]}, "11bdfcf0a0984901a1d6f60fdd8ee4a6_d1_5.png": {"intrinsics": {"fx": 1071.01, "fy": 1071.84, "cx": 631.359, "cy": 509.797}, "camera_to_world_matrix": [-0.729841, -0.0158071, -0.683434, 1.4, -0.683571, 0.00521754, 0.729865, 4.87106, -0.00797115, 0.999861, -0.0146134, 1.54866, 0.0, 0.0, 0.0, 1.0]}, "11bdfcf0a0984901a1d6f60fdd8ee4a6_d2_0.png": {"intrinsics": {"fx": 1066.0, "fy": 1066.15, "cx": 632.275, "cy": 518.117}, "camera_to_world_matrix": [-0.958304, -0.200696, 0.203407, 1.39276, 0.285359, -0.634855, 0.718004, 4.85982, -0.0149666, 0.74611, 0.665654, 1.58182, 0.0, 0.0, 0.0, 1.0]}, "11bdfcf0a0984901a1d6f60fdd8ee4a6_d2_1.png": {"intrinsics": {"fx": 1066.0, "fy": 1066.15, "cx": 632.275, "cy": 518.117}, "camera_to_world_matrix": [-0.232046, -0.659643, 0.714861, 1.38282, 0.972697, -0.154357, 0.173306, 4.87044, -0.00397657, 0.735558, 0.67745, 1.58159, 0.0, 0.0, 0.0, 1.0]}, "11bdfcf0a0984901a1d6f60fdd8ee4a6_d2_2.png": {"intrinsics": {"fx": 1066.0, "fy": 1066.15, "cx": 632.275, "cy": 518.117}, "camera_to_world_matrix": [0.726183, -0.473026, 0.498903, 1.38704, 0.687333, 0.483447, -0.542082, 4.88436, 0.015225, 0.736563, 0.676197, 1.58162, 0.0, 0.0, 0.0, 1.0]}, "11bdfcf0a0984901a1d6f60fdd8ee4a6_d2_3.png": {"intrinsics": {"fx": 1066.0, "fy": 1066.15, "cx": 632.275, "cy": 518.117}, "camera_to_world_matrix": [0.958133, 0.172533, -0.228502, 1.40121, -0.285363, 0.64074, -0.712756, 4.88767, 0.0234363, 0.748121, 0.663148, 1.58187, 0.0, 0.0, 0.0, 1.0]}, "11bdfcf0a0984901a1d6f60fdd8ee4a6_d2_4.png": {"intrinsics": {"fx": 1066.0, "fy": 1066.15, "cx": 632.275, "cy": 518.117}, "camera_to_world_matrix": [0.231848, 0.631461, -0.739934, 1.41115, -0.972672, 0.160224, -0.168038, 4.87705, 0.0124457, 0.758673, 0.651352, 1.5821, 0.0, 0.0, 0.0, 1.0]}, "11bdfcf0a0984901a1d6f60fdd8ee4a6_d2_5.png": {"intrinsics": {"fx": 1066.0, "fy": 1066.15, "cx": 632.275, "cy": 518.117}, "camera_to_world_matrix": [-0.72637, 0.444819, -0.523949, 1.40693, -0.687271, -0.477573, 0.547342, 4.86312, -0.00675589, 0.757667, 0.652606, 1.58208, 0.0, 0.0, 0.0, 1.0]}, "145a35f5ca544943b8bc2f997e5f9978_d0_0.png": {"intrinsics": {"fx": 1070.11, "fy": 1071.0, "cx": 630.761, "cy": 520.709}, "camera_to_world_matrix": [-0.721187, 0.458332, 0.519442, 10.1032, 0.692735, 0.479817, 0.538417, 0.178256, -0.00246349, 0.748136, -0.663541, 1.52189, 0.0, 0.0, 0.0, 1.0]}, "145a35f5ca544943b8bc2f997e5f9978_d0_1.png": {"intrinsics": {"fx": 1070.11, "fy": 1071.0, "cx": 630.761, "cy": 520.709}, "camera_to_world_matrix": [0.239318, 0.64259, 0.727877, 10.0991, 0.970928, -0.162276, -0.175968, 0.192223, 0.00504192, 0.748829, -0.662744, 1.52188, 0.0, 0.0, 0.0, 1.0]}, "145a35f5ca544943b8bc2f997e5f9978_d0_2.png": {"intrinsics": {"fx": 1070.11, "fy": 1071.0, "cx": 630.761, "cy": 520.709}, "camera_to_world_matrix": [0.960483, 0.17866, 0.21343, 10.1092, 0.278168, -0.642889, -0.713664, 0.202737, 0.00970878, 0.744832, -0.667182, 1.52196, 0.0, 0.0, 0.0, 1.0]}, "145a35f5ca544943b8bc2f997e5f9978_d0_3.png": {"intrinsics": {"fx": 1070.11, "fy": 1071.0, "cx": 630.761, "cy": 520.709}, "camera_to_world_matrix": [0.721127, -0.469517, -0.50944, 10.1233, -0.692768, -0.481397, -0.536962, 0.199284, 0.00687019, 0.740142, -0.672415, 1.52206, 0.0, 0.0, 0.0, 1.0]}, "145a35f5ca544943b8bc2f997e5f9978_d0_4.png": {"intrinsics": {"fx": 1070.11, "fy": 1071.0, "cx": 630.761, "cy": 520.709}, "camera_to_world_matrix": [-0.239389, -0.65375, -0.717847, 10.1274, -0.970924, 0.160703, 0.177431, 0.185317, -0.000635247, 0.739449, -0.673212, 1.52208, 0.0, 0.0, 0.0, 1.0]}, "145a35f5ca544943b8bc2f997e5f9978_d0_5.png": {"intrinsics": {"fx": 1070.11, "fy": 1071.0, "cx": 630.761, "cy": 520.709}, "camera_to_world_matrix": [-0.960527, -0.189801, -0.203379, 10.1173, -0.278136, 0.641298, 0.715107, 0.174803, -0.00530192, 0.743446, -0.668775, 1.52199, 0.0, 0.0, 0.0, 1.0]}, "145a35f5ca544943b8bc2f997e5f9978_d1_0.png": {"intrinsics": {"fx": 1071.01, "fy": 1071.84, "cx": 631.359, "cy": 509.797}, "camera_to_world_matrix": [-0.722638, -0.00606199, 0.6912, 10.1106, 0.691225, -0.00405341, 0.722628, 0.186205, -0.0015788, 0.999973, 0.00711919, 1.55521, 0.0, 0.0, 0.0, 1.0]}, "145a35f5ca544943b8bc2f997e5f9978_d1_1.png": {"intrinsics": {"fx": 1071.01, "fy": 1071.84, "cx": 631.359, "cy": 509.797}, "camera_to_world_matrix": [0.237282, -0.00936262, 0.971396, 10.1096, 0.971423, -0.00381135, -0.237325, 0.189565, 0.00592436, 0.999949, 0.00819055, 1.5552, 0.0, 0.0, 0.0, 1.0]}, "145a35f5ca544943b8bc2f997e5f9978_d1_2.png": {"intrinsics": {"fx": 1071.01, "fy": 1071.84, "cx": 631.359, "cy": 509.797}, "camera_to_world_matrix": [0.959891, -0.0108033, 0.280165, 10.112, 0.280173, -0.000831793, -0.959949, 0.192094, 0.0106037, 0.999941, 0.00222821, 1.55522, 0.0, 0.0, 0.0, 1.0]}, "145a35f5ca544943b8bc2f997e5f9978_d1_3.png": {"intrinsics": {"fx": 1071.01, "fy": 1071.84, "cx": 631.359, "cy": 509.797}, "camera_to_world_matrix": [0.722565, -0.00894331, -0.691246, 10.1154, -0.69126, 0.00190564, -0.722604, 0.191264, 0.00777978, 0.999958, -0.00480535, 1.55525, 0.0, 0.0, 0.0, 1.0]}, "145a35f5ca544943b8bc2f997e5f9978_d1_4.png": {"intrinsics": {"fx": 1071.01, "fy": 1071.84, "cx": 631.359, "cy": 509.797}, "camera_to_world_matrix": [-0.237366, -0.00564268, -0.971404, 10.1164, -0.97142, 0.00166345, 0.23736, 0.187904, 0.000276575, 0.999982, -0.00587641, 1.55525, 0.0, 0.0, 0.0, 1.0]}, "145a35f5ca544943b8bc2f997e5f9978_d1_5.png": {"intrinsics": {"fx": 1071.01, "fy": 1071.84, "cx": 631.359, "cy": 509.797}, "camera_to_world_matrix": [-0.959948, -0.00420212, -0.280145, 10.114, -0.280142, -0.00131617, 0.959958, 0.185375, -0.00440253, 0.99999, 8.61109e-05, 1.55523, 0.0, 0.0, 0.0, 1.0]}, "145a35f5ca544943b8bc2f997e5f9978_d2_0.png": {"intrinsics": {"fx": 1066.0, "fy": 1066.15, "cx": 632.275, "cy": 518.117}, "camera_to_world_matrix": [-0.726153, -0.460185, 0.510814, 10.1027, 0.687533, -0.485523, 0.539969, 0.178184, -0.000474134, 0.743301, 0.668956, 1.58839, 0.0, 0.0, 0.0, 1.0]}, "145a35f5ca544943b8bc2f997e5f9978_d2_1.png": {"intrinsics": {"fx": 1066.0, "fy": 1066.15, "cx": 632.275, "cy": 518.117}, "camera_to_world_matrix": [0.232323, -0.652666, 0.721147, 10.0986, 0.972613, 0.150537, -0.177093, 0.192152, 0.00702347, 0.74254, 0.669764, 1.58837, 0.0, 0.0, 0.0, 1.0]}, "145a35f5ca544943b8bc2f997e5f9978_d2_2.png": {"intrinsics": {"fx": 1066.0, "fy": 1066.15, "cx": 632.275, "cy": 518.117}, "camera_to_world_matrix": [0.95844, -0.198072, 0.205332, 10.1087, 0.285054, 0.635254, -0.717772, 0.202666, 0.011733, 0.746472, 0.665314, 1.58846, 0.0, 0.0, 0.0, 1.0]}, "145a35f5ca544943b8bc2f997e5f9978_d2_3.png": {"intrinsics": {"fx": 1066.0, "fy": 1066.15, "cx": 632.275, "cy": 518.117}, "camera_to_world_matrix": [0.726063, 0.448991, -0.520806, 10.1228, -0.68757, 0.4839, -0.541376, 0.199213, 0.008945, 0.751164, 0.660055, 1.58856, 0.0, 0.0, 0.0, 1.0]}, "145a35f5ca544943b8bc2f997e5f9978_d2_4.png": {"intrinsics": {"fx": 1066.0, "fy": 1066.15, "cx": 632.275, "cy": 518.117}, "camera_to_world_matrix": [-0.232425, 0.641447, -0.731112, 10.1269, -0.972613, -0.152167, 0.175694, 0.185245, 0.00144738, 0.751925, 0.659247, 1.58858, 0.0, 0.0, 0.0, 1.0]}, "145a35f5ca544943b8bc2f997e5f9978_d2_5.png": {"intrinsics": {"fx": 1066.0, "fy": 1066.15, "cx": 632.275, "cy": 518.117}, "camera_to_world_matrix": [-0.958514, 0.186834, -0.215275, 10.1168, -0.285026, -0.636867, 0.716353, 0.174731, -0.003262, 0.747993, 0.663698, 1.58849, 0.0, 0.0, 0.0, 1.0]}, "19b2aa3137ae44f19821ec0f3da4a836_d0_0.png": {"intrinsics": {"fx": 1070.11, "fy": 1071.0, "cx": 630.761, "cy": 520.709}, "camera_to_world_matrix": [-0.704168, 0.475253, 0.527524, 0.198794, 0.710028, 0.468408, 0.52579, 3.82165, 0.00278726, 0.744801, -0.667281, 1.51312, 0.0, 0.0, 0.0, 1.0]}, "19b2aa3137ae44f19821ec0f3da4a836_d0_1.png": {"intrinsics": {"fx": 1070.11, "fy": 1071.0, "cx": 630.761, "cy": 520.709}, "camera_to_world_matrix": [0.262832, 0.64388, 0.718566, 0.195057, 0.964836, -0.177967, -0.193442, 3.83571, 0.00332775, 0.744141, -0.668014, 1.51314, 0.0, 0.0, 0.0, 1.0]}, "19b2aa3137ae44f19821ec0f3da4a836_d0_2.png": {"intrinsics": {"fx": 1070.11, "fy": 1071.0, "cx": 630.761, "cy": 520.709}, "camera_to_world_matrix": [0.966994, 0.16841, 0.191208, 0.205367, 0.254784, -0.647183, -0.718498, 3.84598, 0.00274395, 0.7435, -0.66873, 1.51315, 0.0, 0.0, 0.0, 1.0]}, "19b2aa3137ae44f19821ec0f3da4a836_d0_3.png": {"intrinsics": {"fx": 1070.11, "fy": 1071.0, "cx": 630.761, "cy": 520.709}, "camera_to_world_matrix": [0.704139, -0.475676, -0.527182, 0.219414, -0.71006, -0.470013, -0.524311, 3.84218, 0.00161976, 0.743519, -0.668713, 1.51315, 0.0, 0.0, 0.0, 1.0]}, "19b2aa3137ae44f19821ec0f3da4a836_d0_4.png": {"intrinsics": {"fx": 1070.11, "fy": 1071.0, "cx": 630.761, "cy": 520.709}, "camera_to_world_matrix": [-0.262871, -0.644277, -0.718196, 0.22315, -0.96483, 0.176368, 0.194928, 3.82812, 0.00107933, 0.744179, -0.66798, 1.51314, 0.0, 0.0, 0.0, 1.0]}, "19b2aa3137ae44f19821ec0f3da4a836_d0_5.png": {"intrinsics": {"fx": 1070.11, "fy": 1071.0, "cx": 630.761, "cy": 520.709}, "camera_to_world_matrix": [-0.967005, -0.168789, -0.190817, 0.21284, -0.254751, 0.645565, 0.719964, 3.81785, 0.00166311, 0.74482, -0.667264, 1.51312, 0.0, 0.0, 0.0, 1.0]}, "19b2aa3137ae44f19821ec0f3da4a836_d1_0.png": {"intrinsics": {"fx": 1071.01, "fy": 1071.84, "cx": 631.359, "cy": 509.797}, "camera_to_world_matrix": [-0.705648, 0.00109667, 0.708561, 0.206615, 0.708552, -0.00410482, 0.705646, 3.82941, 0.00368242, 0.999991, 0.00211936, 1.54638, 0.0, 0.0, 0.0, 1.0]}, "19b2aa3137ae44f19821ec0f3da4a836_d1_1.png": {"intrinsics": {"fx": 1071.01, "fy": 1071.84, "cx": 631.359, "cy": 509.797}, "camera_to_world_matrix": [0.260815, -0.00219721, 0.965386, 0.205716, 0.965379, -0.00378276, -0.260822, 3.83279, 0.00422495, 0.99999, 0.00113439, 1.54639, 0.0, 0.0, 0.0, 1.0]}, "19b2aa3137ae44f19821ec0f3da4a836_d1_2.png": {"intrinsics": {"fx": 1071.01, "fy": 1071.84, "cx": 631.359, "cy": 509.797}, "camera_to_world_matrix": [0.966457, -0.0035652, 0.256803, 0.208196, 0.256802, -0.000769122, -0.966464, 3.83526, 0.00364319, 0.999993, 0.000172074, 1.54639, 0.0, 0.0, 0.0, 1.0]}, "19b2aa3137ae44f19821ec0f3da4a836_d1_3.png": {"intrinsics": {"fx": 1071.01, "fy": 1071.84, "cx": 631.359, "cy": 509.797}, "camera_to_world_matrix": [0.705619, -0.00163927, -0.708589, 0.211575, -0.708587, 0.00192238, -0.705621, 3.83435, 0.00251892, 0.999997, 0.000194748, 1.54639, 0.0, 0.0, 0.0, 1.0]}, "19b2aa3137ae44f19821ec0f3da4a836_d1_4.png": {"intrinsics": {"fx": 1071.01, "fy": 1071.84, "cx": 631.359, "cy": 509.797}, "camera_to_world_matrix": [-0.260855, 0.0016546, -0.965376, 0.212473, -0.965376, 0.00160018, 0.260857, 3.83097, 0.00197644, 0.999997, 0.00117974, 1.54639, 0.0, 0.0, 0.0, 1.0]}, "19b2aa3137ae44f19821ec0f3da4a836_d1_5.png": {"intrinsics": {"fx": 1071.01, "fy": 1071.84, "cx": 631.359, "cy": 509.797}, "camera_to_world_matrix": [-0.966469, 0.00302246, -0.256766, 0.209993, -0.256771, -0.0014135, 0.966471, 3.8285, 0.00255823, 0.999994, 0.00214204, 1.54638, 0.0, 0.0, 0.0, 1.0]}, "19b2aa3137ae44f19821ec0f3da4a836_d2_0.png": {"intrinsics": {"fx": 1066.0, "fy": 1066.15, "cx": 632.275, "cy": 518.117}, "camera_to_world_matrix": [-0.709244, -0.466424, 0.528603, 0.198776, 0.704946, -0.474365, 0.527285, 3.82157, 0.00481249, 0.74661, 0.665244, 1.57962, 0.0, 0.0, 0.0, 1.0]}, "19b2aa3137ae44f19821ec0f3da4a836_d2_1.png": {"intrinsics": {"fx": 1066.0, "fy": 1066.15, "cx": 632.275, "cy": 518.117}, "camera_to_world_matrix": [0.255895, -0.643417, 0.721479, 0.195039, 0.96669, 0.166178, -0.194669, 3.83564, 0.00536005, 0.747261, 0.664509, 1.57964, 0.0, 0.0, 0.0, 1.0]}, "19b2aa3137ae44f19821ec0f3da4a836_d2_2.png": {"intrinsics": {"fx": 1066.0, "fy": 1066.15, "cx": 632.275, "cy": 518.117}, "camera_to_world_matrix": [0.965133, -0.177182, 0.192679, 0.205349, 0.261717, 0.639723, -0.722675, 3.8459, 0.00478316, 0.747905, 0.663789, 1.57965, 0.0, 0.0, 0.0, 1.0]}, "19b2aa3137ae44f19821ec0f3da4a836_d2_3.png": {"intrinsics": {"fx": 1066.0, "fy": 1066.15, "cx": 632.275, "cy": 518.117}, "camera_to_world_matrix": [0.709215, 0.466037, -0.528984, 0.219396, -0.704983, 0.472716, -0.528714, 3.84211, 0.00365881, 0.747897, 0.663805, 1.57965, 0.0, 0.0, 0.0, 1.0]}, "19b2aa3137ae44f19821ec0f3da4a836_d2_4.png": {"intrinsics": {"fx": 1066.0, "fy": 1066.15, "cx": 632.275, "cy": 518.117}, "camera_to_world_matrix": [-0.255935, 0.643005, -0.721832, 0.223132, -0.966689, -0.167834, 0.193247, 3.82805, 0.00311132, 0.747246, 0.66454, 1.57964, 0.0, 0.0, 0.0, 1.0]}, "19b2aa3137ae44f19821ec0f3da4a836_d2_5.png": {"intrinsics": {"fx": 1066.0, "fy": 1066.15, "cx": 632.275, "cy": 518.117}, "camera_to_world_matrix": [-0.965145, 0.176751, -0.193012, 0.212821, -0.261688, -0.641361, 0.721232, 3.81778, 0.0036882, 0.746603, 0.66526, 1.57962, 0.0, 0.0, 0.0, 1.0]}, "1bfb89f3a44a419a9cf1fdc9d38a2800_d0_0.png": {"intrinsics": {"fx": 1070.11, "fy": 1071.0, "cx": 630.761, "cy": 520.709}, "camera_to_world_matrix": [0.450955, 0.59573, 0.664639, 17.1906, 0.892503, -0.293579, -0.342418, 2.06422, -0.0088646, 0.747607, -0.664082, 1.52021, 0.0, 0.0, 0.0, 1.0]}, "1bfb89f3a44a419a9cf1fdc9d38a2800_d0_1.png": {"intrinsics": {"fx": 1070.11, "fy": 1071.0, "cx": 630.761, "cy": 520.709}, "camera_to_world_matrix": [0.998445, 0.0358344, 0.0427116, 17.2027, 0.0557405, -0.657901, -0.751039, 2.07221, 0.00118693, 0.752251, -0.658875, 1.52011, 0.0, 0.0, 0.0, 1.0]}, "1bfb89f3a44a419a9cf1fdc9d38a2800_d0_2.png": {"intrinsics": {"fx": 1070.11, "fy": 1071.0, "cx": 630.761, "cy": 520.709}, "camera_to_world_matrix": [0.547468, -0.559647, -0.622153, 17.2157, -0.836737, -0.355205, -0.416775, 2.06568, 0.0122549, 0.748749, -0.662741, 1.52018, 0.0, 0.0, 0.0, 1.0]}, "1bfb89f3a44a419a9cf1fdc9d38a2800_d0_3.png": {"intrinsics": {"fx": 1070.11, "fy": 1071.0, "cx": 630.761, "cy": 520.709}, "camera_to_world_matrix": [-0.450988, -0.595219, -0.665074, 17.2166, -0.892431, 0.311806, 0.326103, 2.05115, 0.0132711, 0.740602, -0.671813, 1.52036, 0.0, 0.0, 0.0, 1.0]}, "1bfb89f3a44a419a9cf1fdc9d38a2800_d0_4.png": {"intrinsics": {"fx": 1070.11, "fy": 1071.0, "cx": 630.761, "cy": 520.709}, "camera_to_world_matrix": [-0.998445, -0.0353092, -0.0431308, 17.2044, -0.0556475, 0.676106, 0.7347, 2.04316, 0.00321935, 0.735958, -0.67702, 1.52046, 0.0, 0.0, 0.0, 1.0]}, "1bfb89f3a44a419a9cf1fdc9d38a2800_d0_5.png": {"intrinsics": {"fx": 1070.11, "fy": 1071.0, "cx": 630.761, "cy": 520.709}, "camera_to_world_matrix": [-0.547434, 0.560161, 0.62172, 17.1914, 0.836812, 0.373387, 0.40041, 2.0497, -0.00784846, 0.739461, -0.673154, 1.52038, 0.0, 0.0, 0.0, 1.0]}, "1bfb89f3a44a419a9cf1fdc9d38a2800_d1_0.png": {"intrinsics": {"fx": 1071.01, "fy": 1071.84, "cx": 631.359, "cy": 509.797}, "camera_to_world_matrix": [0.449088, -0.00209095, 0.893485, 17.2005, 0.893452, 0.00998039, -0.449048, 2.05967, -0.00797835, 0.999948, 0.00635009, 1.55351, 0.0, 0.0, 0.0, 1.0]}, "1bfb89f3a44a419a9cf1fdc9d38a2800_d1_1.png": {"intrinsics": {"fx": 1071.01, "fy": 1071.84, "cx": 631.359, "cy": 509.797}, "camera_to_world_matrix": [0.998324, -0.0028269, 0.0578041, 17.2034, 0.0578368, 0.0132069, -0.998239, 2.06159, 0.00205855, 0.999909, 0.0133481, 1.55349, 0.0, 0.0, 0.0, 1.0]}, "1bfb89f3a44a419a9cf1fdc9d38a2800_d1_2.png": {"intrinsics": {"fx": 1071.01, "fy": 1071.84, "cx": 631.359, "cy": 509.797}, "camera_to_world_matrix": [0.549214, -0.00040041, -0.835682, 17.2065, -0.835578, 0.0154574, -0.549154, 2.06002, 0.0131374, 0.99988, 0.00815468, 1.55351, 0.0, 0.0, 0.0, 1.0]}, "1bfb89f3a44a419a9cf1fdc9d38a2800_d1_3.png": {"intrinsics": {"fx": 1071.01, "fy": 1071.84, "cx": 631.359, "cy": 509.797}, "camera_to_world_matrix": [-0.449121, 0.00276196, -0.893467, 17.2067, -0.893358, 0.0144813, 0.449111, 2.05652, 0.0141791, 0.999891, -0.0040366, 1.55355, 0.0, 0.0, 0.0, 1.0]}, "1bfb89f3a44a419a9cf1fdc9d38a2800_d1_4.png": {"intrinsics": {"fx": 1071.01, "fy": 1071.84, "cx": 631.359, "cy": 509.797}, "camera_to_world_matrix": [-0.998324, 0.00349778, -0.0577644, 17.2038, -0.0577219, 0.0112548, 0.998269, 2.0546, 0.0041419, 0.99993, -0.0110342, 1.55357, 0.0, 0.0, 0.0, 1.0]}, "1bfb89f3a44a419a9cf1fdc9d38a2800_d1_5.png": {"intrinsics": {"fx": 1071.01, "fy": 1071.84, "cx": 631.359, "cy": 509.797}, "camera_to_world_matrix": [-0.549179, 0.00107121, 0.835704, 17.2007, 0.835676, 0.00900442, 0.549149, 2.05617, -0.00693673, 0.999959, -0.00584037, 1.55355, 0.0, 0.0, 0.0, 1.0]}, "1bfb89f3a44a419a9cf1fdc9d38a2800_d2_0.png": {"intrinsics": {"fx": 1066.0, "fy": 1066.15, "cx": 632.275, "cy": 518.117}, "camera_to_world_matrix": [0.444532, -0.596418, 0.668339, 17.1906, 0.895737, 0.301692, -0.326554, 2.06504, -0.00686971, 0.74382, 0.668345, 1.5867, 0.0, 0.0, 0.0, 1.0]}, "1bfb89f3a44a419a9cf1fdc9d38a2800_d2_1.png": {"intrinsics": {"fx": 1066.0, "fy": 1066.15, "cx": 632.275, "cy": 518.117}, "camera_to_world_matrix": [0.998013, -0.0447004, 0.0444088, 17.2028, 0.0629323, 0.672107, -0.737775, 2.07303, 0.00313141, 0.739104, 0.673584, 1.5866, 0.0, 0.0, 0.0, 1.0]}, "1bfb89f3a44a419a9cf1fdc9d38a2800_d2_2.png": {"intrinsics": {"fx": 1066.0, "fy": 1066.15, "cx": 632.275, "cy": 518.117}, "camera_to_world_matrix": [0.55346, 0.551969, -0.623709, 17.2158, -0.832754, 0.37954, -0.403076, 2.06649, 0.0142364, 0.742482, 0.669714, 1.58668, 0.0, 0.0, 0.0, 1.0]}, "1bfb89f3a44a419a9cf1fdc9d38a2800_d2_3.png": {"intrinsics": {"fx": 1066.0, "fy": 1066.15, "cx": 632.275, "cy": 518.117}, "camera_to_world_matrix": [-0.444564, 0.596908, -0.667881, 17.2166, -0.895616, -0.283436, 0.342836, 2.05197, 0.0153402, 0.750577, 0.660605, 1.58685, 0.0, 0.0, 0.0, 1.0]}, "1bfb89f3a44a419a9cf1fdc9d38a2800_d2_4.png": {"intrinsics": {"fx": 1066.0, "fy": 1066.15, "cx": 632.275, "cy": 518.117}, "camera_to_world_matrix": [-0.998013, 0.0451758, -0.0439338, 17.2045, -0.0627898, -0.653829, 0.754032, 2.04398, 0.00533885, 0.755292, 0.655366, 1.58695, 0.0, 0.0, 0.0, 1.0]}, "1bfb89f3a44a419a9cf1fdc9d38a2800_d2_5.png": {"intrinsics": {"fx": 1066.0, "fy": 1066.15, "cx": 632.275, "cy": 518.117}, "camera_to_world_matrix": [-0.553425, -0.551482, 0.624171, 17.1915, 0.832879, -0.361239, 0.419307, 2.05051, -0.00576603, 0.751914, 0.659236, 1.58688, 0.0, 0.0, 0.0, 1.0]}, "213f4f2f0d204758bc51252aed60cf82_d0_0.png": {"intrinsics": {"fx": 1070.11, "fy": 1071.0, "cx": 630.761, "cy": 520.709}, "camera_to_world_matrix": [0.972497, 0.16624, 0.163134, -1.73189, 0.232575, -0.655364, -0.718615, 5.77853, -0.0125502, 0.736792, -0.676003, 1.51472, 0.0, 0.0, 0.0, 1.0]}, "213f4f2f0d204758bc51252aed60cf82_d0_1.png": {"intrinsics": {"fx": 1070.11, "fy": 1071.0, "cx": 630.761, "cy": 520.709}, "camera_to_world_matrix": [0.687562, -0.473509, -0.550497, -1.71793, -0.725979, -0.46351, -0.508048, 5.77441, -0.0145954, 0.748964, -0.66245, 1.51445, 0.0, 0.0, 0.0, 1.0]}, "213f4f2f0d204758bc51252aed60cf82_d0_2.png": {"intrinsics": {"fx": 1070.11, "fy": 1071.0, "cx": 630.761, "cy": 520.709}, "camera_to_world_matrix": [-0.284914, -0.627178, -0.724895, -1.71452, -0.958553, 0.186543, 0.215355, 5.76027, 0.00015829, 0.756207, -0.654332, 1.51429, 0.0, 0.0, 0.0, 1.0]}, "213f4f2f0d204758bc51252aed60cf82_d0_3.png": {"intrinsics": {"fx": 1070.11, "fy": 1071.0, "cx": 630.761, "cy": 520.709}, "camera_to_world_matrix": [-0.972432, -0.141093, -0.185656, -1.72507, -0.232568, 0.644728, 0.728175, 5.75024, 0.016957, 0.751278, -0.659768, 1.5144, 0.0, 0.0, 0.0, 1.0]}, "213f4f2f0d204758bc51252aed60cf82_d0_4.png": {"intrinsics": {"fx": 1070.11, "fy": 1071.0, "cx": 630.761, "cy": 520.709}, "camera_to_world_matrix": [-0.687459, 0.498649, 0.527967, -1.73902, 0.725974, 0.452849, 0.51758, 5.75436, 0.0190015, 0.739106, -0.673321, 1.51467, 0.0, 0.0, 0.0, 1.0]}, "213f4f2f0d204758bc51252aed60cf82_d0_5.png": {"intrinsics": {"fx": 1070.11, "fy": 1071.0, "cx": 630.761, "cy": 520.709}, "camera_to_world_matrix": [0.285026, 0.652292, 0.702336, -1.74243, 0.95851, -0.197211, -0.205829, 5.7685, 0.00424728, 0.731863, -0.681438, 1.51482, 0.0, 0.0, 0.0, 1.0]}, "213f4f2f0d204758bc51252aed60cf82_d1_0.png": {"intrinsics": {"fx": 1071.01, "fy": 1071.84, "cx": 631.359, "cy": 509.797}, "camera_to_world_matrix": [0.972023, 0.0135937, 0.234493, -1.72874, 0.234599, -0.00675322, -0.972069, 5.76755, -0.0116304, 0.999885, -0.00975351, 1.54784, 0.0, 0.0, 0.0, 1.0]}, "213f4f2f0d204758bc51252aed60cf82_d1_1.png": {"intrinsics": {"fx": 1071.01, "fy": 1071.84, "cx": 631.359, "cy": 509.797}, "camera_to_world_matrix": [0.68909, 0.0155808, -0.724508, -1.72538, -0.724545, -0.00410655, -0.689215, 5.76656, -0.0137137, 0.99987, 0.00845903, 1.54778, 0.0, 0.0, 0.0, 1.0]}, "213f4f2f0d204758bc51252aed60cf82_d1_2.png": {"intrinsics": {"fx": 1071.01, "fy": 1071.84, "cx": 631.359, "cy": 509.797}, "camera_to_world_matrix": [-0.282895, 0.0188659, -0.958965, -1.72456, -0.95915, -0.00450401, 0.282861, 5.76316, 0.00101728, 0.999812, 0.0193692, 1.54774, 0.0, 0.0, 0.0, 1.0]}, "213f4f2f0d204758bc51252aed60cf82_d1_3.png": {"intrinsics": {"fx": 1071.01, "fy": 1071.84, "cx": 631.359, "cy": 509.797}, "camera_to_world_matrix": [-0.971927, 0.0201639, -0.234416, -1.72709, -0.234605, -0.00754813, 0.972061, 5.76075, 0.0178312, 0.999768, 0.0120666, 1.54777, 0.0, 0.0, 0.0, 1.0]}, "213f4f2f0d204758bc51252aed60cf82_d1_4.png": {"intrinsics": {"fx": 1071.01, "fy": 1071.84, "cx": 631.359, "cy": 509.797}, "camera_to_world_matrix": [-0.688958, 0.0181767, 0.724574, -1.73045, 0.724528, -0.0101947, 0.68917, 5.76173, 0.0199137, 0.999783, -0.00614599, 1.54783, 0.0, 0.0, 0.0, 1.0]}, "213f4f2f0d204758bc51252aed60cf82_d1_5.png": {"intrinsics": {"fx": 1071.01, "fy": 1071.84, "cx": 631.359, "cy": 509.797}, "camera_to_world_matrix": [0.283038, 0.0148916, 0.958993, -1.73127, 0.959095, -0.00979713, -0.282915, 5.76514, 0.00518235, 0.999841, -0.0170556, 1.54787, 0.0, 0.0, 0.0, 1.0]}, "213f4f2f0d204758bc51252aed60cf82_d2_0.png": {"intrinsics": {"fx": 1066.0, "fy": 1066.15, "cx": 632.275, "cy": 518.117}, "camera_to_world_matrix": [0.970831, -0.149564, 0.187396, -1.73077, 0.239536, 0.63906, -0.730907, 5.77805, -0.0104398, 0.754475, 0.656246, 1.58121, 0.0, 0.0, 0.0, 1.0]}, "213f4f2f0d204758bc51252aed60cf82_d2_1.png": {"intrinsics": {"fx": 1066.0, "fy": 1066.15, "cx": 632.275, "cy": 518.117}, "camera_to_world_matrix": [0.692787, 0.489552, -0.529514, -1.71681, -0.721032, 0.457385, -0.520492, 5.77394, -0.0126158, 0.742386, 0.669853, 1.58094, 0.0, 0.0, 0.0, 1.0]}, "213f4f2f0d204758bc51252aed60cf82_d2_2.png": {"intrinsics": {"fx": 1066.0, "fy": 1066.15, "cx": 632.275, "cy": 518.117}, "camera_to_world_matrix": [-0.277989, 0.651718, -0.705681, -1.7134, -0.960582, -0.187029, 0.205675, 5.75979, 0.00205935, 0.73504, 0.67802, 1.58078, 0.0, 0.0, 0.0, 1.0]}, "213f4f2f0d204758bc51252aed60cf82_d2_3.png": {"intrinsics": {"fx": 1066.0, "fy": 1066.15, "cx": 632.275, "cy": 518.117}, "camera_to_world_matrix": [-0.970698, 0.174765, -0.164935, -1.72394, -0.239559, -0.649753, 0.72141, 5.74977, 0.0189102, 0.739782, 0.67258, 1.58089, 0.0, 0.0, 0.0, 1.0]}, "213f4f2f0d204758bc51252aed60cf82_d2_4.png": {"intrinsics": {"fx": 1066.0, "fy": 1066.15, "cx": 632.275, "cy": 518.117}, "camera_to_world_matrix": [-0.692616, -0.464345, 0.551967, -1.7379, 0.720998, -0.468053, 0.510967, 5.75388, 0.0210854, 0.751871, 0.658973, 1.58115, 0.0, 0.0, 0.0, 1.0]}, "213f4f2f0d204758bc51252aed60cf82_d2_5.png": {"intrinsics": {"fx": 1066.0, "fy": 1066.15, "cx": 632.275, "cy": 518.117}, "camera_to_world_matrix": [0.278169, -0.626485, 0.728106, -1.74131, 0.960511, 0.176367, -0.215207, 5.76803, 0.00640984, 0.759217, 0.650806, 1.58131, 0.0, 0.0, 0.0, 1.0]}, "2c687aab96b7498b92023a4888c6e7ab_d0_0.png": {"intrinsics": {"fx": 1070.11, "fy": 1071.0, "cx": 630.761, "cy": 520.709}, "camera_to_world_matrix": [-0.163936, -0.652633, -0.739726, 13.3642, -0.986471, 0.108608, 0.122797, 6.71072, 0.000198787, 0.749849, -0.661608, 1.52667, 0.0, 0.0, 0.0, 1.0]}, "2c687aab96b7498b92023a4888c6e7ab_d0_1.png": {"intrinsics": {"fx": 1070.11, "fy": 1071.0, "cx": 630.761, "cy": 520.709}, "camera_to_world_matrix": [-0.936239, -0.227042, -0.268158, 13.355, -0.351259, 0.623491, 0.698481, 6.69946, 0.00860991, 0.748138, -0.663487, 1.5267, 0.0, 0.0, 0.0, 1.0]}, "2c687aab96b7498b92023a4888c6e7ab_d0_2.png": {"intrinsics": {"fx": 1070.11, "fy": 1071.0, "cx": 630.761, "cy": 520.709}, "camera_to_world_matrix": [-0.772264, 0.431632, 0.466156, 13.3407, 0.635213, 0.512354, 0.577926, 6.70182, 0.0106144, 0.74242, -0.669851, 1.52683, 0.0, 0.0, 0.0, 1.0]}, "2c687aab96b7498b92023a4888c6e7ab_d0_3.png": {"intrinsics": {"fx": 1070.11, "fy": 1071.0, "cx": 630.761, "cy": 520.709}, "camera_to_world_matrix": [0.16401, 0.6647, 0.728886, 13.3355, 0.98645, -0.113665, -0.11831, 6.71543, 0.00420777, 0.738414, -0.674335, 1.52691, 0.0, 0.0, 0.0, 1.0]}, "2c687aab96b7498b92023a4888c6e7ab_d0_4.png": {"intrinsics": {"fx": 1070.11, "fy": 1071.0, "cx": 630.761, "cy": 520.709}, "camera_to_world_matrix": [0.936288, 0.239088, 0.257296, 13.3447, 0.351207, -0.628531, -0.693976, 6.72669, -0.00420323, 0.740125, -0.672456, 1.52688, 0.0, 0.0, 0.0, 1.0]}, "2c687aab96b7498b92023a4888c6e7ab_d0_5.png": {"intrinsics": {"fx": 1070.11, "fy": 1071.0, "cx": 630.761, "cy": 520.709}, "camera_to_world_matrix": [0.772275, -0.419581, -0.477014, 13.3591, -0.635258, -0.517368, -0.573392, 6.72433, -0.00620743, 0.745843, -0.666092, 1.52675, 0.0, 0.0, 0.0, 1.0]}, "2c687aab96b7498b92023a4888c6e7ab_d1_0.png": {"intrinsics": {"fx": 1071.01, "fy": 1071.84, "cx": 631.359, "cy": 509.797}, "camera_to_world_matrix": [-0.161867, 0.00975427, -0.986764, 13.3536, -0.986812, -0.000507624, 0.16187, 6.7124, 0.00107806, 0.999952, 0.00970765, 1.56001, 0.0, 0.0, 0.0, 1.0]}, "2c687aab96b7498b92023a4888c6e7ab_d1_1.png": {"intrinsics": {"fx": 1071.01, "fy": 1071.84, "cx": 631.359, "cy": 509.797}, "camera_to_world_matrix": [-0.935493, 0.0114198, -0.353159, 13.3514, -0.353216, -0.00336748, 0.935535, 6.70969, 0.00949443, 0.999929, 0.00718377, 1.56002, 0.0, 0.0, 0.0, 1.0]}, "2c687aab96b7498b92023a4888c6e7ab_d1_2.png": {"intrinsics": {"fx": 1071.01, "fy": 1071.84, "cx": 631.359, "cy": 509.797}, "camera_to_world_matrix": [-0.77358, 0.00977587, 0.633623, 13.3479, 0.633593, -0.0062399, 0.773641, 6.71026, 0.0115168, 0.999933, -0.00136701, 1.56005, 0.0, 0.0, 0.0, 1.0]}, "2c687aab96b7498b92023a4888c6e7ab_d1_3.png": {"intrinsics": {"fx": 1071.01, "fy": 1071.84, "cx": 631.359, "cy": 509.797}, "camera_to_world_matrix": [0.161956, 0.00646642, 0.986777, 13.3467, 0.986785, -0.0062524, -0.161916, 6.71353, 0.00512275, 0.999959, -0.00739372, 1.56007, 0.0, 0.0, 0.0, 1.0]}, "2c68